567.273
23824.6
2333.36
77790.1
77357.4
25280.1
24839.2
20602.4
80771.3
10139.4
6770.5
6197.04
4131.22
21483.1
6107.61
20548
32876.8
12288.1
1409.92
56475.8
7002.97
30435.9
21561.6
5366.83
10163.6
2700.95
122965
41826.9
24956.3
16732.1
57391.7
235.13
35402
17724.4
24060.5
37530.7
25827.9
96991.2
8001.97
5382.33
1350.32
20355.3
10772.1
66450.8
24736.4
93105.9
8157.07
54722.2
9337.42
51398
25025.3
12667.6
18164.2
7916.62
8806.9
4748.32
12243.6
20559.4
44645.9
30112.2
47914.8
14453.6
3433.1
37832.2
21076
60703.4
23357.2
22814.9
62848.6
2856.02
24047.9
32044.8
38291.2
1398.27
767.039
14878.3
19730.8
23109
4791.84
2733.71
622.559
21259.4
35696.8
44284.9
63643.7
10719.1
2871.09
2839.47
37578.6
52857
1395.67
53913.4
41956
2907.99
29405.9
10561.4
29838.7
4380.04
7002.06
16911.6
16072.4
549.977
21764.1
20226.3
6347
78856.6
21241.3
67662
4863.17
94340
15936.9
46074.8
36518.9
33239.7
37395
19611.6
74348.4
1651.99
20331.5
12591.9
115800
81759.2
1029.45
17096.9
901.049
490.547
12474.7
105579
12046.9
34800.8
39918
22821
7608.84
23552.9
12540.7
1819.91
58003.9
55450.7
29028.3
55725.2
6075.11
12088.2
21806.8
34768.4
9672.06
25838.7
1967.61
9510.93
13435.5
2013
11624.6
15331.9
5116.99
23125.8
28944.9
14233.1
142903
8618.64
56469.4
26456.4
36357
24039.3
30060.1
37702.5
3529.63
41014.4
112106
77001.6
13358.7
15522.9
13224.3
50890
38863.1
11546.6
8180.42
48568.1
26846.2
22320.2
32318.7
10106.7
5486.02
7370.62
16206.9
44601.2
22752.4
13267.2
31224.3
14444.6
27867.7
46004.1
29090
27521.5
33800.2
26362
62218.6
42152.7
15404.7
12856.5
2931.54
36290.1
63665.2
35954.4
10327.4
5962.28
48794.5
16936.9
23512.7
18264.6
35429.3
45786.6
6854.59
2451.84
17147.6
35531.5
51358.8
66536.8
36439.4
313.376
12518.6
80061.6
102925
21456.7
67235.7
12083
2924.41
25846
724.071
6228.77
20211
78853.3
724.758
1735.55
8424.93
24303
2895.3
2909.3
37939.9
29856.2
24605.9
42759.4
17148.5
24969
35325.8
39483.1
46736.3
4817.39
60785.3
1644.95
15649.3
11699.3
51369.5
3879.36
55441.1
70481.8
484.921
37636.3
10649.5
13675.8
9485.27
11036
36563.2
28808.4
21539.3
4213.08
23194.9
12519.8
30252.8
52405.6
73709.2
37912.3
8704.61
3432.34
29130.9
1586.14
27240.1
8312.11
15086.2
50586.3
110520
721.41
289.379
10062.7
53127.7
41609.4
27.2031
28197
23932.5
76534.8
2693.86
9510.86
23071.3
5069.09
139560
62736.4
15454.2
9287.72
3548.96
7022.54
6982.9
67240.9
4115.84
21500.1
20180.9
16316.9
7765.32
24905.6
35300.8
22105.9
47166.7
22446.4
17095.2
14844.1
51518
2953.47
14150.5
534.373
5709.45
1389.82
79183.3
25808.8
6051.69
50244.3
7025.47
41799.9
28803.6
14677.3
11343.2
116.772
90318.6
1617.84
42109.2
6792.76
15499.8
20608.5
10564
54518.3
20635.9
27493.5
35702.4
87440.4
4546.22
5630.43
23514.4
19116.4
5380.71
9131.59
16232.3
44485.6
38351.2
7379.65
37738.1
18707.9
3911.2
76642.9
55812.8
8208.83
17087.3
48232.3
44492.8
67368.9
12994.2
11214.7
7444.32
1776.67
24360.6
18901.8
5637.08
10917.9
69411.9
27787.9
15614.1
23606.4
14644.3
46666.1
11004.7
16585.9
4961.81
8222.63
16594.7
38848.9
51607.6
56727.7
26780.3
24080.5
16094.5
67968.4
80825.4
30106.6
4007.57
47766.3
14715.6
29557.3
9625.08
57059.3
4870.91
30584.2
63517.9
5876.66
1543.34
14129.7
16007.8
13945.8
7115.78
38085.6
23753.5
57617.4
2809.45
17996.2
1454.76
81915.5
12688.9
12777
35755.4
16834.5
69977
5073.3
18998
8323.56
13416.1
1747.11
7169.52
3385.8
2863.3
98359.3
47015.3
3913.85
25416
21280.9
118.565
822.583
91540.8
6321.56
42360.7
10293.5
45065.1
15359
7731.56
10048.2
7358.37
12492.2
13194.2
33517.9
12426.3
8308.11
18558.4
65743.5
23083.6
23897.4
2764.02
15255.3
12884.2
2424.67
11597.7
40134.1
5296.37
25476.6
2175.77
5736.49
11737.7
11256.9
25762
11681.2
23977
29247.1
5575.75
28011.6
8895.84
12098.1
16959.9
2324.36
87932.1
17054.9
11501.9
40223.6
67457.7
23246.4
7349.88
31248.3
17657
15777.4
17346.7
6669.06
7831.76
26254.1
16223.1
1684.08
64191.8
53.0377
46269.4
34101.2
43800
16337.1
11650.6
37879.6
23577.8
19410.8
12708.9
30638
22281.5
39042.6
4019.24
22573.9
10635.7
67725.5
16765.6
12909.1
18202.1
37084.5
5365.68
30088
73800.4
26895.7
7607.45
9798.42
2997.98
18981.1
15861.7
5363.03
45264.3
129013
54321.2
33421.4
7722.39
8747.28
21082.5
9556.45
3408.49
9316.6
2966.89
73778.5
86557.9
28243.9
17678.4
7644.04
61311.5
30779.5
44715.9
19484.6
4455.75
6972.97
133.641
6918.83
17891.2
46477.5
33336.1
16036.8
49062.2
68139.2
657.963
37020.5
10734.3
33289.7
4492.12
15616.9
96720.1
21694.9
26449.7
14673.2
24176.4
5074.7
40486.1
30801.1
35448.8
26342.6
22577.5
39164.7
4183.29
1079.49
17905.2
10878.8
20338.7
52245.5
6676.48
6886.14
19500
19438.6
27949.2
30746.2
22053.1
28709.1
6414.02
8787.96
27143.1
679.901
46490.8
14293.4
33055.4
14563.1
54365.3
71755.2
5219.3
11859.7
4233.75
57913
1487.87
104265
17424.2
5424.81
12869.4
23947.6
21287.3
8347.18
15692.8
225181
14404.6
9024.59
28752.7
58958.1
2994.46
2034.55
14244
36771
29014.6
6133.79
3916.13
20437
4765.69
59137.6
10610
18775.1
16372
14117.6
28708.7
25909
31589.8
123.837
51358.4
2061.83
6135.68
12534.3
24389.1
7846.64
3902.68
1397.5
46007.4
33953.9
8218.61
7135.25
15439.8
7700.64
34346.8
8805.55
9269.79
2623.62
44378.5
59494.4
69411.9
16369.1
4616.84
50662.3
991.896
17695.2
26566.7
20631.4
751.502
4865.77
1361.49
15081.1
6958.31
49062.9
31594.7
23109.8
41691.4
41966.3
4986.4
52381.1
1064.61
8179.16
113875
647.169
31592.9
4123.73
19133.3
17469
30627.5
15675.1
13260.2
47812.3
9321.46
9677.39
1312.62
117294
51182
19984.6
25748.8
10460.1
20484.6
27927.7
19673.3
32961.5
15895.2
18668.6
4262.29
9426.15
26092.1
14923.8
129053
6382.88
55447.9
2359.22
97617.4
99975.5
80892.4
3920.95
13392.1
34659.7
25475.2
16922
6683.25
11847
1305.05
14635.3
33992.1
27523.3
19454.2
5570.61
9574.23
12968.9
49694.6
8857.45
23190.8
44523.9
20986.6
9173.11
16797.7
13144.2
86518.2
4555.64
102287
16198
17194.1
13930.2
11096
15915.8
36683.7
12254.9
22527.7
23631.6
57283.6
29541.9
35121.8
12203.4
2618.18
17464.5
83236.7
11237.3
22645.2
378.073
5330.53
13179.5
22332.5
8247.66
11134.7
12144.6
46487.3
84100.5
13625.7
13900.8
5334.15
6849.56
362.084
68105
31751.6
52705.2
607.274
9577.07
2694.71
4875.06
40374.5
42613.3
103690
39366.8
17250.5
61644.2
2182.85
29810.1
16637.5
18814
53386.1
5503.83
73602.6
5256.16
39648.6
93763.7
23312.7
16111.3
54129
9490.02
6161.71
7741.59
59557.4
3254.77
17108.5
29490.2
90250
9504.45
17138.5
20144.7
3509.43
62254.2
66.3712
71847.9
31645.9
156.305
21698.5
15168.1
11938.4
16454.8
8410.05
32640.7
2552.74
8342.27
24737.2
1826.1
16960.2
11709.2
8051.69
8441.65
76133.7
28260.7
6506.85
6239.9
35457.4
4013.02
16122.9
23184.2
16834.5
24092.9
12457
2399.94
40098.6
14669
15928.9
77719.3
9123.71
11523.4
152943
5502.33
70363
34030.1
3644.6
40030
27480.9
7025.11
11522.6
37415.6
7014.25
71985.8
22252.9
56257.2
1908.12
37738.7
45287.1
84989.4
104286
64094.9
39947.8
34149.7
64893.7
1484.53
1892.85
16489.3
14334.1
45612.7
47333.7
4989.6
16837.8
5210.82
85028.9
6206.25
11515.2
31190
45676.2
33825.6
5368.16
16107.1
99574.4
8015.39
46237.7
16751.7
42349.3
27983.6
18457.8
9363.12
14272.5
40480.6
7055.35
12244.7
6788.35
130876
34694.7
16629.5
48224.9
1399.66
22440.6
52865.4
11228
114163
2578.98
26651.5
61349.4
8688.26
5964.13
18800.8
1444.53
57398
51536.4
7381.97
42945.9
27911.9
84561.9
21862.6
3900.18
49802.3
23808.1
23813.3
394.126
9468.28
22869.1
38042.3
7809.44
23435.9
6548.5
9795.75
185.733
720.127
38089.6
27026.6
51447.9
1693.72
5687.97
41524.4
77735.2
42452.4
5130.32
24712
12739.4
10627.8
26991.7
28995.6
6581.9
1857.62
93096.3
20801.7
8715.68
1502.28
11657.9
59587.5
60281.9
26652.5
1429.25
22305
8206.11
25964.5
434.003
17419.2
10919.3
108250
31510.8
31022
22312.7
26341.8
26943.8
24580
4953.85
62933.8
11971.5
1318.88
35780.1
94570.4
47847.4
18870.1
27847.2
6787.53
27387.6
55648.4
46249.4
22914.7
6484.94
7475.54
63970.1
48141.3
23898.9
26682.6
23691.4
1355.51
25656.1
171.726
499.122
45045.4
17387
1109.09
17131
17143
18997.8
60838.6
3846.6
7229.42
146961
4317.44