24.6849
11.7672
7.67116
7.05811
10.046
13.1523
12.2131
18.2612
4.414
23.4705
8.63583
11.7542
7.16013
27.2395
10.2174
12.3582
16.538
40.2181
11.4929
23.354
14.8123
19.6667
27.31
10.5863
13.7026
12.8469
23.221
8.40135
11.1701
13.6063
17.7924
12.7139
18.9314
9.11928
15.2818
6.96116
9.88542
21.4032
6.73982
13.5272
13.154
6.47674
35.1606
13.5164
28.6699
8.51572
12.1669
12.1587
15.4709
20.9689
18.7605
14.4096
8.95729
32.1096
10.021
12.5112
17.3928
15.245
17.9604
7.57846
34.3418
5.9423
6.71619
12.7845
6.85714
41.2568
4.26217
12.7457
18.0128
8.61905
13.5701
8.04845
22.4227
13.3499
11.1995
13.792
15.3909
32.2938
10.7631
5.56382
11.7756
6.40012
36.5554
21.9041
9.87096
5.83516
15.1031
25.0453
8.5277
12.3837
15.4265
22.0239
9.94232
10.211
10.0449
24.7089
9.73162
3.06944
11.1462
14.8661
18.6786
10.9378
19.0468
6.88399
52.1584
7.39297
2.70011
9.47975
10.1889
15.0171
16.4888
6.44472
18.9715
9.06161
22.4686
10.4439
19.0796
3.50808
10.1032
7.3716
23.8826
9.79294
18.0556
8.9358
27.3251
21.8523
13.8143
6.0895
9.6066
10.5725
14.7134
16.5086
8.69683
20.3578
16.4498
26.6636
15.0505
22.8555
12.0309
7.05931
15.2428
13.2777
15.5022
12.7939
7.51431
12.1966
34.8871
5.13161
9.47404
26.0731
11.8302
24.6298
4.90944
7.77685
6.33882
3.55002
28.2475
10.6033
6.17223
5.93004
17.2039
14.0309
8.73728
9.39464
9.51377
35.8094
37.811
12.3363
14.4269
5.40053
9.16934
8.79175
20.5668
12.5095
16.9384
13.623
9.75005
7.90294
6.3326
8.95409
7.25536
33.854
6.91448
5.29828
6.67877
7.69795
8.99156
20.186
14.5098
14.2254
5.58502
6.78293
9.43728
23.4807
10.3511
6.89203
43.1612
9.98205
20.2166
5.10941
4.20697
16.3394
15.8862
4.86602
6.13027
38.3633
42.4018
12.8497
6.53827
8.93028
23.8037
9.02049
20.1998
11.9515
4.91727
7.18414
18.6305
18.413
33.7835
12.6816
2.75105
11.5814
8.81432
19.4097
14.2567
8.34755
16.2139
12.6885
8.16315
17.143
15.3743
12.0173
12.5771
41.3226
14.4313
12.2381
6.89563
4.50776
26.5542
23.8338
6.46348
21.6822
26.1448
33.4921
20.0019
16.9256
11.8017
13.2243
15.0946
10.6837
17.1868
6.00024
7.8271
4.63286
13.3635
12.2313
8.58165
13.5411
4.10301
20.1198
21.7344
13.0011
13.5954
15.8326
10.8835
28.5643
27.8925
12.3015
7.25522
19.3128
14.6857
15.9117
9.41053
39.3724
18.0052
10.9855
10.3321
40.9855
14.1237
15.7692
9.74343
26.658
10.1222
15.5586
10.0994
6.09686
20.187
7.51537
20.6961
8.91681
28.6165
4.55901
12.9165
5.09711
11.3258
10.0547
15.9729
11.0902
8.81134
3.32769
16.8633
16.5846
14.7549
27.2745
27.414
8.32836
13.836
9.64859
8.57287
24.5701
10.0771
16.7176
15.2077
14.2324
9.10737
15.3294
10.1918
10.0933
4.94532
27.9204
28.5915
20.9497
12.994
5.2972
8.65178
14.8051
10.9822
12.3494
17.6079
22.6233
28.7608
10.0459
15.0632
26.9701
10.3094
18.1747
17.4047
17.1594
3.82662
34.0975
15.0578
16.1147
5.51269
24.529
11.4122
9.93014
10.1569
10.5628
31.2261
20.543
16.0215
23.2462
14.9767
21.4007
2.59023
8.77486
17.0996
13.1647
12.828
31.7927
44.5321
23.9056
17.627
27.2021
30.8399
18.3984
30.6408
7.43196
9.53011
14.725
5.2021
4.95631
33.1733
8.8791
30.42
5.84011
15.7387
8.97328
27.7664
46.9732
17.7657
10.6349
12.6899
8.92166
5.81384
45.8308
7.86966
24.855
10.2545
23.8009
5.61728
16.6546
11.1549
14.5053
15.2575
25.0748
10.8795
10.2124
21.1825
7.14978
11.8988
23.0457
13.871
36.4908
30.2512
8.48758
9.86038
7.22038
3.24112
21.5864
10.0114
12.7766
9.03144
11.3548
4.61204
12.2159
14.1285
5.96822
8.77903
18.8834
3.92759
13.5749
8.10524
15.0322
14.3224
14.8233
4.00742
20.062
11.0117
20.5927
6.88244
9.58267
5.97308
20.3253
19.3805
38.8226
31.8296
12.4689
17.0651
35.4477
16.1715
9.69379
14.2835
3.04587
13.2853
25.5672
25.8383
5.52671
12.9536
8.80778
6.47946
7.82992
9.99571
28.5812
3.50283
27.1468
11.8741
27.558
16.7386
18.0992
14.9685
23.0895
11.2026
14.0196
18.0966
6.64654
26.3531
33.5567
16.1352
19.2181
9.81305
4.82748
11.3642
4.88698
8.68531
40.0573
16.2586
22.2632
5.82013
21.9728
22.397
2.67715
5.36925
19.6087
27.6958
7.03346
19.5249
17.9625
12.0289
8.73518
4.25881
4.488
7.21707
8.47779
16.8386
20.169
13.5809
22.1218
21.976
15.989
17.597
10.7262
8.51099
16.6201
10.4628
13.4409
8.39919
9.03766
9.56859
20.9159
6.18234
7.0025
15.3936
11.8615
16.4789
16.456
14.4633
16.6641
19.4691
16.1625
14.0752
6.26871
25.7647
10.0717
39.8484
11.4035
10.1347
16.6475
12.3538
12.9839
30.4339
4.30814
10.3384
10.9407
19.7971
8.88981
38.0541
9.85414
5.80282
13.4657
23.359
28.0985
9.13301
23.2961
21.1885
6.65857
5.33183
9.83319
13.5803
15.5384
12.6078
7.12413
13.2862
11.6342
8.27425
12.7826
10.0498
15.3776
32.4817
31.475
18.1397
7.2925
16.167
13.2668
8.69258
14.5649
4.50807
15.5267
21.0977
7.36714
14.4546
17.7702
15.1073
10.4917
11.259
7.68984
5.52024
10.9013
21.9572
18.1043
15.3005
16.0547
7.65958
12.2108
7.18729
23.0832
14.8627
15.0248
7.27812
18.0783
9.66497
14.5637
12.6596
8.05383
17.7838
31.7359
35.1047
26.078
25.2233
11.713
10.141
5.15227
17.6569
19.2667
8.26543
5.38419
4.74573
19.633
4.92065
9.03779
12.8255
5.15162
6.46796
7.08747
8.734
7.74145
6.0593
22.4434
6.17474
43.3801
20.8138
4.66033
7.56593
5.25635
8.28876
10.2282
17.1334
11.0118
16.9784
3.75558
8.88329
41.2361
8.72608
11.3521
7.34445
18.0245
16.9888
13.6994
11.1393
25.7777
17.2094
11.2066
11.0427
25.3723
16.2319
18.7245
4.09894
7.09098
16.6881
7.382
18.7847
29.8247
23.3909
11.0542
5.39104
7.34153
60.9604
5.61158
19.66
10.6804
7.85676
16.573
14.6788
19.6878
12.5102
20.1354
5.79846
16.135
13.3325
3.54759
32.1584
9.95023
24.4134
6.15026
14.6148
7.74155
23.6067
4.63433
8.84531
40.4674
6.16071
12.5575
16.1568
19.2008
17.7176
11.3609
8.01456
11.9574
8.47878
10.9553
10.1814
12.6343
9.22923
12.1112
6.94374
16.5587
15.1775
10.435
18.5391
24.8837
32.605
8.00709
13.9818
4.82972
8.44873
19.1801
17.1651
8.14006
16.9423
7.98693
19.7382
5.84449
42.2197
11.425
14.8684
9.04229
7.66581
9.24443
15.4284
25.0973
7.22563
14.3735
6.08388
10.7207
7.31533
29.7423
11.9784
6.87853
21.1145
5.97815
14.7825
20.3341
13.5545
16.8373
11.416
8.73929
35.9752
17.4276
16.2839
11.3918
8.93776
10.884
18.8375
22.4798
13.5265
16.4862
6.17207
13.1924
9.31631
6.74822
7.22587
4.80179
18.535
15.3823
11.8662
19.5727
19.3782
8.70308
16.2981
6.59197
27.0519
12.1561
15.4752
8.85347
6.72506
40.9127
6.20906
5.01738
14.1103
29.108
28.206
12.9822
5.97443
4.44111
28.8382
6.64279
20.6388
55.0145
6.52307
10.912
21.8746
21.0664
7.38473
59.2725
8.74237
9.62224
17.114
24.4997
3.00055
13.2012
16.9402
10.7573
36.1916
20.4065
28.9972
9.08105
8.37322
14.6502
6.53024
9.64134
23.8164
21.0718
5.99996
8.88332
11.838
11.6903
12.229
11.0409
7.13773
8.9746
16.7007
10.4811
16.6566
6.9512
9.57508
8.74717
44.0276
6.04073
14.4405
3.57745
4.55833
33.4528
14.4347
16.1385
4.93684
25.0877
8.35047
21.3649
9.90299
14.6949
6.72348
14.6476
7.74338
5.0287
17.2351
8.33283
8.76705
11.4103
14.9073
5.09092
19.4563
15.1455
11.1834
9.51006
14.3904
4.09937
16.361
34.1834
12.9031
13.459
17.33
14.086
9.52843
18.6509
7.33071
15.983
9.34108
16.1104
8.15363
7.60976
6.86971
14.5983
15.6489
16.6705
12.8862
5.23496
3.88954
4.06595
3.71185
23.5574
43.1158
17.0129
9.82557
12.7149
11.8029
8.86361
15.4404
6.58883
17.2516
18.4609
9.80555
18.3129
13.5523
10.2524
13.4981
12.8021
11.0792
25.4859
6.45303
10.3516
10.056
11.4683
19.6623
17.1392
12.3359
12.9404
7.95497
9.65689
2.5025
32.5204
11.7845
47.243
4.23936
25.7963
8.15714
5.13309
13.2632
18.2514
12.0612
13.3053
12.1361
25.693
17.3353
41.1232
13.8132
11.8955
6.77233
15.9916
6.15407
51.2873
16.8488
9.74986
12.1672
12.0455
3.51653
7.92874
12.2675
17.9457
19.2857
21.7985
34.1173
9.5546
11.7625
17.7317
10.861
15.1623
11.4818
26.7826
9.00548
7.86809
10.5183
12.7662
6.12827
12.3189
12.2652
9.78392
9.80359
18.8484
7.86888
21.9557
7.2543
5.26939
3.11863
12.538
8.54729
14.2541
21.7182
10.486
10.8
22.6933
21.6352
17.4849
15.8218
25.164
6.69651
13.2221
8.23077
17.4328
12.3034
8.45976
17.6183
34.2667
10.0107
9.60331
12.0771
19.7174
5.95157
16.0578
11.1703
6.52295
25.1738
20.6793
28.0454
9.13083
8.46562
24.6521
13.3183
6.15239
39.2963
10.7368
17.8665
29.3018
4.01495
17.0323
16.0708
7.60243
9.61111
6.89508
12.2596
5.31449
4.41484
6.23429
7.24901
5.42516
20.0777
25.0964
65.1429
9.8772
6.71337
16.4689
8.2131
6.35666
10.482
29.1986
16.8624
10.6932
19.7194
18.2262
16.4664
17.8964
15.5811
8.90425
4.25362
17.9907
7.15628
23.4306
8.89552
22.2414
14.2603
19.3734
13.0781
10.9158
17.2073
8.8605
2.98928
3.67943
13.1889
28.3562
9.60874
5.49726
3.40677
19.9406
22.4939
17.5369
10.0785
19.1619
28.8358
11.7783
21.4246
16.8264
6.47926
56.1984
16.6887
12.7258
16.364
10.2621
16.8935
13.0303
10.9261
11.4517
11.0218
19.0464
17.6336
8.73446
6.58692
22.1969
8.86211
19.6488
11.5833
10.9946
8.20932
17.4773
33.6328
7.55767
3.68765
15.8626
8.31871
5.86211
35.7136
35.5126
32.7305
14.006
27.9558
9.72922
11.7223
6.86821
6.68618
5.47833
9.07187
5.77013
9.7293
13.6772
23.5381
10.1997
5.25128
18.2414
12.4396
13.8326
11.9726
15.6963
17.115
10.0769
20.5308
10.1576
60.9688
14.6609
9.19093
37.7096
22.2795
6.45375
28.7701
13.6085
26.3948
6.85627
54.388
9.60442
12.852
12.2081
7.06811
16.0315
5.55089
8.81226
64.4616
6.44074
4.15323
14.349
13.3564
10.5904
15.3547
13.2692
11.4219
32.7875
39.807
32.025
23.4172
11.3978
7.63361
19.0655
13.2362
8.14505
33.348
14.3541
3.75072
8.98651
6.91814
27.7025
21.3856
7.20698
22.3865
27.553
21.0793
21.6647
23.3693
32.9965
39.1778
30.7805
14.6758
13.5602
32.0483
6.10151
22.1774
7.71827
34.0397
4.09462
6.11083
9.92776
8.3403
6.12791
4.65414
15.5015
27.1438
9.50275
22.7838
7.72227
8.52106
9.28382
27.6024
10.2416
9.31855
23.4959
17.7308
20.9175
9.49486
14.0451
10.4026
16.4507
13.0877
22.6113
13.8021
24.636
9.0104
12.9515
5.18777
11.4337
15.5655
14.8519
6.8923
7.33562
6.18147
6.77673
8.22631
10.7795
14.2298
13.4113
16.5443
22.2928
39.5064
5.8341
7.89613
26.6094
4.84254
10.726
12.333
8.66542
11.5788
23.7376
17.2777
8.55867
27.7126
7.55588
12.4768
6.58527
3.5755
8.74787
11.519
25.5923
13.6224
21.3388
12.1921
7.49701
47.9204
21.6529
7.04564
24.0206
26.3012
23.4675
16.3589
7.11474
4.03658
12.7679
19.3508
14.066
20.5986
9.87746
17.0337
9.28045
54.9943
9.53309
12.4472
8.96914
20.7644
10.827
5.87197
6.41836
6.86001
4.63344
16.9308
5.11738
20.1147
18.004
31.6805
14.6583
8.62438
8.4766
11.8204
8.15297
17.9764
15.7838
25.7227
7.72831
6.98477
12.3985
26.7821
13.4395
10.6625
12.6244
4.6
7.97411
10.0007
17.342
7.80066
22.8382
3.8518
9.52111
10.5474
17.8345
8.086
32.7567
10.9557
14.0653
4.6881
14.035
30.1712
46.623
25.032
5.50613
10.6242
8.84105
10.4498
30.52
5.46466
10.1483
10.1719
42.9774
11.4379
15.4705
15.5052
8.76621
9.30297
6.1746
11.2761
21.269
12.4464
24.0028
8.78988
10.553
23.4319
22.8385
13.0191
12.0316
21.4563
10.0486
28.4499
3.84044
16.2032
34.1778
28.0299
9.59368
1.80081
6.05538
18.3229
9.65522
5.66506
34.7802
8.73949
22.5782
5.03403
14.39
14.5525
15.5418
9.36312
46.1072
12.34
8.81799
9.39744
33.3977
4.78941
31.0899
19.6719
6.02382
4.45612
6.13586
7.38726
9.66189
14.0623
20.6977
11.0187
7.40118
14.8352
11.2035
7.10543
51.5444
5.44604
23.061
25.6922
23.3634
10.3114
28.7337
23.964
25.2448
5.19359
13.2108
12.29
4.68844
9.37292
7.94757
33.9591
12.3027
14.4933
3.4704
18.2964
13.4645
29.9069
34.2158
30.9079
14.3121
7.34161
10.9971
10.7994
7.5146
8.05156
17.7403
11.6808
19.9395
31.0896
9.16952
9.54111
34.7122
12.4476
9.48706
32.286
11.6707
8.21435
19.8035
23.7278
11.9299
4.14029
11.7823
41.5642
29.9094
13.2446
19.6091
24.1656
21.8713
7.43036
11.9718
41.5119
17.4035
22.8724
17.6765
24.8457
24.8674
3.67585
8.22742
16.1431
28.5884
11.753
6.01366
8.16566
18.4443
24.279
7.86205
12.7075
34.5187
11.5769
25.3134
11.0322
15.3979
4.61695
16.7513
18.2594
17.7909
26.9519
20.0649
9.01869
17.9337
26.2141
16.1562
4.635
11.6701
16.3901
8.9634
9.61689
19.4561
21.1097
16.2863
18.4849
24.1611
5.83887
8.97598
20.2338
11.2921
13.4281
21.0479
5.61099
20.6498
10.0065
14.0919
48.4206
6.46672
10.0541
8.23532
31.5295
24.0484
9.13101
9.48934
10.4627
9.89697
13.4838
9.75594
8.89562
12.3848
7.8849
24.8454
29.9446
23.6796
12.5326
14.2013
11.3378
23.5725
6.33767
12.0558
9.97247
21.5059
17.5354
9.34985
15.9077
7.20152
13.6792
8.72213
19.1343
7.02851
7.38135
5.80565
15.5474
11.6116
25.3742
19.4983
35.9795
14.2955
54.4655
9.38642
21.8387
13.597
11.045
13.9961
7.74387
27.6383
7.34059
19.6719
10.5664
6.56675
19.3234
14.3115
30.9927
11.3661
27.095
15.6991
26.7956
8.45456
18.2953
19.0084
7.31279
14.8852
49.4421
11.8737
7.85549
9.41044
4.68877
9.71511
9.03563
14.7712
7.16534
5.19781
4.45279
27.3735
13.1581
11.9614
9.69741
9.18341
21.5739
15.2695
16.014
13.065
19.1511
12.4133
11.7008
12.9628
19.8877
33.4726
32.7144
10.1201
10.7221
30.6603
11.4982
11.9782
6.31622
9.59131
11.2767
11.7046
11.4942
15.4358
24.5669
61.3918
12.7699
4.76169
8.11145
16.9314
11.3015
12.6965
14.3117
18.5902
16.0958
20.005
3.24541
4.67312
11.7843
11.6448
17.928
5.46882
7.56117
14.3465
6.76892
12.5778
21.5575
28.8147
8.93839
25.001
10.5377
8.96705
15.3841
15.5019
13.6035
34.4156
9.59294
6.10448
8.19048
6.9924
6.38729
6.81855
18.7952
30.0842
11.1103
13.8637
28.1933
12.5913
21.7038
13.6985
5.63439
8.03751
10.3606
17.3216
15.2978
24.9648
22.1829
22.8499
21.2585
9.62608
18.127
12.054
7.31637
7.52815
25.2932
18.7949
9.66449
22.5214
46.2976
25.1444
36.4854
11.6691
5.70889
12.4276
7.83368
11.3106
8.96473
13.5315
6.35072
18.8141
11.7375
4.11427
7.20492
21.4545
13.6399
6.55272
9.81638
11.6155
27.0506
9.68147
11.3254
23.6207
11.7379
4.55228
10.8259
9.8335
19.0812
11.7567
21.6896
8.8161
27.5154
20.6477
9.65378
23.6973
10.5371
13.5028
20.0824
47.4972
8.9685
7.48344
9.78992
11.1108
17.9483
9.20918
23.1208
22.2271
12.274
3.91885
12.2623
9.1069
43.4204
11.4938
20.1284
7.06278
14.2616
16.588
18.6751
13.9989
9.67295
22.0269
8.30694
12.6513
27.4601
11.8456
7.03646
12.9176
16.3263
8.6626
4.98527
4.57718
10.2049
23.3963
17.836
6.82009
5.38385
27.4952
14.6541
20.9
7.66078
10.0256
10.1204
5.37985
7.16427
9.43727
18.0737
9.28303
21.7779
10.0145
16.3078
20.5774
27.6607
9.79442
30.6523
11.2854
8.2115
4.81384
50.3339
6.10875
8.97896
15.0392
10.6078
19.1894
8.12546
15.2643
17.682
5.68762
10.0728
12.6371
17.3335
9.53172
4.84098
6.92165
7.47557
4.37476
21.2346
28.7241
33.6954
16.4059
22.3553
10.6042
17.5239
12.1192
23.6414
12.485
12.1522
9.27207
16.6513
13.8689
18.1031
28.7141
13.083
13.4146
11.9386
16.3986
16.8953
53.9263
25.1574
28.8591
7.24426
13.8271
20.8313
10.2355
10.4948
9.84819
24.1146
18.7874
11.6854
11.0602
57.4649
5.24729
4.47136
4.7023
11.148
13.2103
5.96154
9.65799
20.4848
18.5059
13.053
32.1124
5.88093
8.23472
14.9354
13.2039
4.72369
12.181
24.5053
9.66182
13.1136
13.0926
9.38114
19.5044
22.5014
14.3538
8.67178
28.7908
17.4601
10.1981
13.6746
5.03243
14.0314
12.7883
10.3263
10.1767
17.3149
5.99674
9.10012
6.63266
8.58521
18.9536
3.61245
13.5633
17.0992
10.4147
9.76349
7.57773
24.1417
15.4854
14.4897
19.7661
7.36574
7.08089
17.005
21.6601
28.9018
19.8396
7.01317
20.695
7.19459
21.2199
6.61371
16.6718
11.3229
9.5486
12.8006
19.9833
30.0003
9.23867
21.384
7.41554
11.1391
5.58011
20.5021
9.28587
14.8578
20.637
16.0948
28.4973
13.5493
18.2228
12.2833
4.89501
15.7755
5.71785
8.61932
62.3838
22.4768
29.0074
11.5301
51.2953
18.8397
18.9247
20.8461
8.31564
33.1158
8.08628
14.9564
32.8722
14.9012
15.4111
19.7578
6.77423
6.64382
17.085
7.78271
15.1971
9.51714
14.6396
13.659
5.84907
23.5481
13.2224
22.9937
9.23799
6.89718
16.3787
6.58103
10.5681
19.7255
25.1937
13.2898
24.1853
12.4343
3.70787
22.5533
5.33852
8.83642
14.536
20.6042
15.5969
7.86943
13.3904
26.4206
17.3483
21.6346
18.9107
29.6133
26.3627
24.4117
18.4647
23.7748
6.46086
20.1331
11.5505
16.3093
13.5051
7.3903
21.6046
17.1542
23.0753
6.10898
5.41724
8.67544
18.4256
7.68917
4.13169
12.4854
26.6452
14.5751
24.0285
5.52813
9.4023
6.67905
14.9822
21.311
13.3169
21.4559
5.11046
5.31064
12.9244
8.36033
5.73442
9.2522
7.42362
7.96788
14.8783
10.7389
19.0952
8.94921
19.2181
6.1414
6.83754
42.2709
14.1173
11.7635
11.606
16.2847
5.75624
15.4736
11.1995
16.6063
13.4917
27.9274
10.6977
26.7569
12.1451
9.15574
10.485
13.9578
20.1444
17.2204
18.5171
15.7962
29.0849
18.2631
14.2952
11.9233
18.256
5.46155
16.0143
8.6454
7.96373
12.3346
11.915
14.4339
15.0075
16.8358
15.4038
16.195
8.7128
11.5478
2.66091
17.2536
11.8179
12.2413
13.219
5.38747
5.07542
10.6768
9.63416
26.5896
9.07236
32.3912
17.3541
8.62024
5.98759
6.15025
12.0524
9.53377
35.5331
4.66275
15.2941
5.00285
17.1504
4.20055
17.343
6.66615
30.4017
17.301
9.42808
11.4929
24.5462
22.4364
15.9411
11.9345
20.805
19.2116
13.4906
15.226
19.9895
17.776
14.5607
21.1725
5.85708
9.62774
18.8404
4.77485
5.17742
24.3862
12.5109
36.5862
16.0642
25.3892
7.86021
9.63128
8.59218
9.12885
11.079
17.1901
5.09684
11.8798
11.3075
16.6282
9.92531
16.1393
19.6791
18.1142
18.6071
13.9116
17.3512
8.74456
17.1807
13.7409
28.6784
7.34286
13.1803
4.80918
29.5042
8.83147
7.78122
11.0431
3.66743
25.977
20.2172
11.3576
7.71127
20.4445
14.6622
13.2473
27.3116
10.5576
19.7996
37.0052
5.48738
8.42403
5.01994
7.80993
6.33555
7.98737
27.6661
6.34731
8.27583
5.59703
9.69232
12.0467
9.98067
19.621
29.3586
15.9278
7.76204
7.26907
4.11833
7.41118
6.80977
48.8702
16.5279
14.92
21.6751
13.0217
9.92357
27.0734
6.86526
10.6684
10.7101
7.68846
16.8586
8.84583
14.0551
10.7849
14.7754
8.75707
8.55963
14.3308
9.83509
27.8104
12.6242
6.45303
6.18828
7.24377
12.0282
28.1913
8.60404
8.57739
11.6139
11.2687
23.3429
4.90218
25.1842
15.4265
16.6898
19.934
12.5612
6.9858
13.7205
17.9217
8.02581
9.42048
14.7515
11.5213
8.58502
15.2099
18.4889
20.9433
10.0639
30.1282
8.51181
11.5356
12.3499
5.29858
19.6954
7.29274
3.92544
22.9282
7.86374
10.282
6.10075
10.7887
16.3146
9.74823
5.11286
20.4171
10.6581
11.9564
13.9182
21.2478
45.0681
6.24838
19.2789
10.8133
9.10846
3.68742
22.5086
7.38637
13.6993
26.5194
13.4393
11.2368
30.11
28.3083
18.1719
21.5409
7.65091
7.50491
23.3414
17.3329
6.75358
5.60624
3.86936
2.89243
5.32987
18.7478
9.0897
7.03918
8.96137
30.5164
5.27189
14.7048
18.0064
11.6736
19.8148
10.1623
23.3202
16.8089
5.48854
5.20103
4.30545
25.5519
11.7668
9.42274
11.5489
7.00555
6.10778
34.9334
19.3064
8.13009
21.7885
11.4033
15.7815
28.0246
5.5681
11.9521
27.1792
18.4497
25.8115
9.04053
13.3462
9.62159
24.7537
12.7417
31.7099
6.31337
19.8524
16.0462
31.3514
15.2442
20.5886
8.60997
14.7523
19.6553
9.58715
8.72211
12.4061
11.8533
13.0453
15.9343
44.0317
16.194
7.07629
32.8499
5.88405
9.32661
17.4042
8.01403
4.8989
12.3443
32.0626
13.5739
26.7584
12.3932
6.70564
28.2334
22.4602
14.7224
22.3164
11.0912
12.3193
11.7939
17.9815
11.3597
6.70921
11.7749
8.71787
13.3728
10.4774
7.74865
9.07898
35.4825
21.1242
27.5789
18.8392
20.9005
9.99813
20.6524
17.9311
11.7606
15.1365
17.8159
16.7505
29.7753
40.8005
26.5336
12.2043
8.00531
11.1113
7.08736
14.1928
16.7948
9.38116
7.53889
16.3938
11.2486
5.95601
8.639
10.7736
6.28986
5.95246
3.72432
24.7179
22.9561
10.0332
13.6033
14.4189
22.9369
7.23407
12.6326
17.9917
7.70842
8.19812
12.2354
12.7509
7.0793
11.9516
27.8056
8.33539
9.76124
12.8566
16.5965
6.7233
6.65096
15.3407
6.14324
8.64574
7.23624
10.9313
5.33402
13.7765
6.12955
4.75459
13.9076
19.7638
11.2694
21.0958
9.08246
7.4105
12.145
23.1554
6.57424
10.0079
4.79217
21.28
24.1212
14.4558
4.84199
13.2762
4.74112
11.2611
21.2129
13.2104
12.7737
11.21
41.4231
14.7313
21.0313
5.84839
10.1368
11.8124
11.4468
6.95889
9.88183
18.1248
6.03316
10.9605
30.9381
6.78421
17.4235
16.8309
8.629
19.46
4.57252
23.2857
14.0049
8.33949
17.1103
9.40842
13.8941
12.1724
12.6481
11.5809
8.96433
19.0499
10.8891
5.11367
16.9343
8.34288
23.3102
10.338
6.21932
20.2257
59.6693
9.51722
4.09926
6.7433
19.894
21.9028
12.1591
16.6588
8.0232
32.368
9.58549
8.11875
19.6008
30.7783
34.2118
16.7939
14.7488
36.5973
6.18073
12.49
12.147
8.33454
16.1294
4.6003
8.46777
31.7061
6.21587
15.4533
10.747
19.1563
6.42519
13.5748
8.85903
19.7053
42.6812
10.4149
5.47458
19.4923
13.1807
4.92895
10.5434
6.26815
12.9064
20.0525
9.6002
9.75572
23.5444
12.0004
10.3822
6.24619
5.45164
7.77832
13.6062
16.3103
37.2269
14.6812
13.1726
3.25014
8.81652
23.9829
7.20704
6.73444
35.9624
13.9012
18.897
6.37564
17.0091
18.9678
17.4883
8.03165
20.1151
8.07906
3.13279
27.5049
10.6725
16.4498
22.234
12.5566
11.5573
16.188
12.089
16.606
3.22585
9.13148
8.96433
14.9224
11.249
21.3724
10.1971
14.2793
10.8741
21.4409
11.9309
35.1578
15.5718
14.1367
10.4912
9.52377
10.4013
21.2557
5.89696
18.9886
29.3344
19.0297
8.23651
10.8411
16.5274
16.6011
4.61107
11.5876
13.7813
9.98515
10.0289
5.57334
12.3971
24.5187
12.0584
24.2031
15.1268
18.1763
10.4311
35.309
15.2613
18.529
21.5737
20.0158
13.4963
7.68658
8.2802
10.9388
13.0391
24.0891
4.00621
6.51348
37.853
26.1909
10.1461
8.66341
15.3822
8.86897
9.73278
16.3993
3.48143
9.52004
3.32969
28.29
55.4174
7.30223
29.1775
20.0009
10.1201
26.8806
17.9076
16.6659
5.8689
16.8477
18.2461
40.0952
18.8605
18.7681
23.1815
13.7578
12.6361
44.5689
57.2524
11.5731
26.9031
13.996
19.2981
31.7019
10.1526
6.33585
10.6105
41.8233
19.404
46.5652
31.9208
8.18111
14.1465
4.86247
24.6671
11.4456
8.5861
8.25328
16.1554
15.1656
11.7149
2.21298
20.6039
11.8236
36.8018
8.9871
29.5311
34.813
9.32171
17.1783
12.5819
22.3186
6.59107
7.16914
8.96078
22.5742
15.7959
7.85964
23.618
12.7383
13.9547
10.7084
6.12649
5.09793
12.8265
7.46962
13.1587
17.4195
11.4141
42.4446
6.14242
9.08753
26.2339
7.79801
10.6592
25.7619
11.6987
9.42106
11.3833
10.8115
12.0646
26.6822
9.61781
20.4359
10.3634
23.5049
22.4175
33.9484
9.24029
9.0891
15.1507
4.2091
5.87286
16.1127
11.3668
19.1141
10.6777
40.1245
11.0562
25.9483
15.2019
4.11136
25.1633
11.0225
15.8205
13.7096
10.2944
13.5758
5.55491
18.522
5.9211
13.7632
26.2792
4.29485
11.3663
10.2564
5.50053
11.4457
13.7516
12.6228
6.21764
25.8821
6.12402
14.6088
5.07825
3.33777
11.6308
8.63256
24.8717
21.9834
10.1038
5.93204
25.3985
28.126
7.56757
24.2656
27.2617
7.00607
15.9562
32.5512
12.8324
14.4866
7.56434
35.0987
38.8641
7.14341
20.2053
13.1767
16.6681
13.3705
7.5972
8.67813
11.0437
39.6675
8.10166
23.7304
28.9337
36.9724
7.18507
19.0493
6.46379
18.3707
14.0892
4.5117
13.9752
19.8235
10.598
15.5356
9.89995
14.8621
24.5691
7.10242
9.36314
18.5803
16.4212
24.8224
6.05866
11.3391
19.2145
23.0143
27.7865
5.75917
26.2128
24.5135
26.1551
6.47263
47.1737
16.2385
13.605
21.1683
10.382
6.24671
29.6998
20.2468
29.2742
11.5726
9.84846
22.2047
17.315
18.6554
11.977
12.4873
28.7082
26.1066
19.889
13.2664
12.9925
30.4101
18.5754
6.19434
9.01503
21.2351
9.87326
9.65852
20.2108
14.1921
16.15
10.3089
4.6639
10.3889
11.1469
17.624
15.9743
9.03758
24.7522
6.03908
11.5219
10.2152
7.32674
38.3393
14.0675
5.85078
15.6117
19.7266
9.21593
17.969
12.7224
14.8688
10.2171
13.5764
19.9564
19.5746
8.77088
9.59562
17.0509
4.45478
21.0339
14.3378
9.71766
25.4454
7.21725
9.51248
14.779
9.47823
7.76247
30.6161
9.59847
30.3151
11.865
16.6547
14.6606
8.86878
22.1137
4.84697
17.5992
8.17588
12.8089
8.91161
23.8015
13.8215
21.2869
8.01065
31.9934
10.7894
11.0658
9.1995
28.0686
24.8606
7.86897
24.209
9.98016
10.8484
4.3163
10.3912
10.9294
24.0962
10.9207
12.9632
2.49787
15.2541
8.09717
9.54908
9.71128
10.3471
22.2161
19.8762
27.1953
9.9316
9.02053
2.99625
15.8049
4.93489
25.9261
25.9992
55.3238
30.5522
7.52846
11.9332
29.0076
11.9216
2.95087
19.6423
8.52816
21.4942
7.95541
10.2267
5.28726
10.143
33.9205
13.6401
7.26264
3.52764
29.0786
6.77441
17.4231
19.4982
9.18793
21.2323
18.9304
7.6914
11.8875
15.176
42.5204
17.2373
6.33791
17.5946
18.8853
27.7823
8.83718
20.9802
14.0639
6.52641
16.0414
23.7792
18.1451
14.0143
11.1106
27.4067
18.0113
11.0464
8.71601
31.5988
19.1325
4.97562
13.3315
7.50902
18.8829
25.0634
8.27989
10.0602
9.04506
6.562
25.0436
25.9167
6.20985
12.1111
13.955
16.2513
6.10071
23.0836
34.3886
6.54419
16.5164
15.1001
8.41916
20.4901
29.2658
7.20235
20.2256
19.3283
7.14488
15.4332
5.28844
17.9891
12.6037
2.59236
12.5328
4.17773
22.5005
35.9017
7.06738
16.5118
20.2924
8.93638
17.1633
6.44731
6.24403
7.73946
35.4868
19.4611
6.18963
15.8177
10.9598
17.9809
21.5657
8.37192
5.74038
7.66951
75.7565
11.6594
17.3662
13.2633
10.9592
19.262
20.6471
5.60537
6.04777
4.60019
6.64605
5.18147
32.3358
13.0515
34.1616
7.22293
9.12362
5.9605
17.3683
14.4781
15.6503
3.97116
23.9911
20.1019
17.4972
3.58284
26.2734
12.3576
17.5251
12.483
17.8718
12.7477
4.64486
14.8826
19.2016
17.4109
16.3006
15.6672
8.38839
5.66566
13.0004
19.0807
12.1362
20.7574
19.5658
6.38969
4.89408
13.2529
14.0316
25.2251
9.99981
12.0875
14.4079
11.6397
5.82914
14.6942
24.8172
13.1783
9.18837
11.3683
17.3398
8.82531
9.46015
9.73056
11.4993
35.4667
46.4076
12.0706
15.8555
7.94975
15.0047
16.2691
15.4925
23.7694
17.3872
20.995
14.7981
15.7711
18.2889
11.1826
40.3298
10.2889
9.20708
30.25
12.5118
19.7495
11.0575
10.378
16.5746
19.6598
6.03419
18.3096
9.67796
14.2263
13.0433
8.56512
8.35985
3.99968
25.9501
11.7053
14.79
12.6082
10.0604
17.1459
15.8528
20.5477
11.1511
16.4859
5.92676
8.02765
12.2562
23.2647
22.5898
14.7398
10.6163
14.1208
16.8464
17.3291
16.0056
8.81688
9.72897
8.09116
15.6374
6.96418
15.3991
7.78361
10.3771
15.0521
9.07013
13.7394
52.9196
14.9291
9.95036
5.37354
4.91048
17.7758
7.65372
10.1655
7.84247
21.8006
35.5946
21.9613
7.28477
6.52043
13.792
13.8724
7.21896
11.7654
16.6655
3.73562
28.8746
36.0279
2.25145
11.2794
24.5232
20.7916
14.2715
15.7803
15.5859
5.85714
38.1093
17.1458
12.9228
10.9497
17.3231
27.2855
8.75684
37.622
22.1477
7.66007
13.1988
8.89124
9.78344
11.5306
20.4715
25.3076
9.9584
17.0792
6.86596
19.8275
7.23646
10.418
13.9751
10.3545
11.4237
17.2781
6.28753
19.7785
13.2389
25.1463
30.6179
15.1602
8.73242
5.7459
26.2137
12.1401
9.74007
39.3152
28.8497
27.9134
16.4912
10.118
26.171
18.8291
4.79715
13.9729
16.967
21.7242
16.9707
7.629
28.3318
21.8615
19.4639
15.8195
15.5622
14.9216
9.10008
13.0088
23.8522
9.99543
11.4811
29.4931
22.7459
5.66615
5.20592
5.09535
4.86437
14.7714
15.7856
5.0582
34.873
15.3567
14.7884
25.6135
5.85996
34.5054
14.264
16.9808
14.7428
22.9788
7.72977
20.3622
21.1461
5.15425
11.5632
8.81834
10.2218
13.8026
12.4834
7.73619
11.2423
7.11264
14.0389
21.6502
38.7961
7.23805
10.9412
6.57952
2.60708
6.67587
15.3274
6.76461
15.1617
18.6816
11.5407
19.2932
9.80655
67.9311
19.8856
15.7672
12.2686
5.73297
22.5815
12.342
8.52522
6.63783
14.0568
18.8743
13.2423
33.6651
26.9782
10.5305
30.2814
6.58705
13.9314
14.2374
6.87339
13.3818
7.3703
15.724
18.0078
8.71399
5.70021
12.2427
18.9529
19.4578
6.79065
16.2937
14.7574
8.09325
12.9412
14.9276
13.6586
12.9972
19.7513
15.3092
10.8375
4.76365
10.6838
18.148
2.96762
24.0973
16.1773
8.64093
8.87052
14.8774
14.0534
14.6159
7.88009
8.56138
15.5936
7.03865
22.8237
10.1258
21.3796
23.9883
6.22963
15.3917
21.0616
6.80598
9.12455
6.08681
5.72835
17.1949
32.0915
6.92723
6.52865
48.3862
10.0595
13.516
12.8655
8.51539
16.6157
18.7921
11.5017
18.7191
8.72766
5.67773
17.4062
27.8643
11.2525
29.0313
23.3348
10.1653
7.31206
16.248
7.36082
6.57893
13.4041
20.887
17.6458
3.38374
10.4874
28.0952
15.0415
12.5484
6.56311
16.3537
14.4359
11.2863
12.3298
13.6146
7.44884
35.6202
8.48306
9.58486
15.5629
20.5965
23.7655
9.86216
9.75215
25.7968
12.7446
12.094
3.75495
10.8778
10.4511
18.3854
10.2991
15.2602
5.14958
5.36455
9.78638
40.6759
13.0646
13.0351
15.7568
12.7511
9.45151
2.66994
13.7581
19.8643
12.1611
4.17449
6.9102
19.7668
9.09796
11.047
4.63721
5.2635
22.9848
16.5011
6.00301
14.2206
14.6688
8.67623
17.2017
9.71594
34.1631
18.7073
6.29586
7.7989
10.5974
10.0937
9.66907
17.7711
14.2414
5.8885
8.91373
36.5112
21.0829
9.55499
14.2726
24.7954
11.9577
13.4083
23.1638
12.2757
14.8983
7.74816
13.1123
8.34679
7.48874
14.6868
14.4964
13.1472
9.26299
16.188
16.3081
9.74802
11.1316
12.8939
3.26457
19.2927
29.3469
15.706
10.8818
17.6974
7.08388
6.28273
16.5067
19.7036
8.0053
21.0946
15.5855
15.0915
16.9867
9.02985
12.989
12.4097
18.2862
9.8178
26.3088
22.745
7.43616
14.0733
6.50131
27.181
11.2175
10.2966
20.652
7.08391
7.06576
17.8912
27.6186
11.433
10.417
7.7542
8.40096
29.5534
10.5659
19.7749
5.52239
10.578
14.5678
26.8167
5.25673
27.4186
45.9719
16.3933
21.757
15.5871
7.46953
20.4302
16.7909
7.54624
9.62654
6.92743
21.2218
9.29508
28.6955
17.4427
16.659
9.02221
8.07906
6.09326
7.47156
3.65174
16.9005
3.52884
13.2741
8.6189
14.0928
20.4571
19.1796
11.4908
8.81139
3.69208
28.499
8.61551
13.8853
10.8218
6.3467
24.6893
31.5016
25.4604
6.51735
18.9413
16.1093
5.73056
8.06733
6.43806
45.239
26.4677
11.7804
5.72848
7.20791
11.2219
16.9357
8.80128
4.79615
17.357
9.00015
8.54611
16.5232
7.85717
7.55447
15.0848
5.25637
8.20974
18.3423
9.21303
6.02036
11.4086
28.127
12.9656
11.9065
15.4187
18.6367
6.8584
15.4848
20.6287
23.786
10.685
5.5874
7.55968
20.7335
9.62946
10.0526
19.124
22.1766
8.8206
12.1991
25.3905
22.933
45.0062
14.2877
22.092
19.749
2.82859
38.7849
10.5537
16.1484
26.3076
13.6454
17.2209
8.85591
12.6809
14.817
19.1591
15.8633
5.32681
28.8537
25.1652
15.2724
6.55765
13.9303
12.9409
17.708
30.9182
6.81085
5.69639
6.4639
31.6318
17.9101
5.12418
23.5641
13.9315
26.7026
30.8779
3.56184
43.358
8.38976
22.9794
16.6712
11.2158
12.9564
13.6877
9.38769
29.1283
15.4645
11.9905
11.9773
33.5564
8.33489
8.2263
7.82228
15.0422
9.63556
22.1496
13.5108
6.95475
19.7391
22.3793
22.902
33.7843
12.5735
30.6185
16.4631
7.80122
7.48462
29.9182
27.2888
15.6161
14.1387
13.2636
11.5642
22.9767
6.91362
38.3221
11.8551
25.1267
7.33782
21.6815
7.491
14.2
26.0947
27.8352
6.52333
17.5012
8.85179
15.5924
14.1213
12.4807
5.62002
7.64802
11.1736
11.8143
9.96905
23.5639
6.16572
13.3501
35.9581
12.6894
15.7155
15.063
8.98299
13.2275
12.9468
18.8242
8.6548
9.94054
20.8869
9.41392
13.0489
5.56764
11.1139
17.517
6.10213
9.07492
10.7553
11.0104
17.2492
8.27947
6.42399
11.8115
15.2348
8.64139
16.1545
10.0698
4.50365
8.06887
31.3
14.3259
19.4726
9.53982
28.7048
8.76164
27.4563
13.8735
12.7331
8.27893
41.596
6.72531
3.92445
8.03915
8.84834
15.8031
22.5236
5.92163
12.0916
12.6674
7.76926
13.9004
16.3179
10.1873
22.5576
10.9502
14.969
4.76391
14.2721
11.0598
10.0876
7.60244
42.1209
5.995
14.9752
15.7703
9.53021
37.5748
39.0364
8.47073
7.78828
11.0667
4.37171
20.787
9.01456
4.83236
23.2289
19.0453
13.4689
11.7391
9.07271
9.17073
9.65883
9.26664
14.6918
22.0562
12.4619
13.2076
7.25203
15.0047
6.74975
14.8481
3.02996
12.3903
19.2788
8.60983
11.7354
7.80898
10.5621
30.0959
7.2413
15.598
9.29363
5.79565
16.667
5.29521
11.0049
17.4449
5.53152
9.21511
19.3704
15.1497
8.42636
10.8735
24.4201
20.2274
7.3542
4.80306
17.8871
28.0747
14.9003
13.3565
6.59257
20.6564
11.0443
20.6568
11.399
9.43621
14.785
14.0502
14.8143
12.6507
3.85656
34.2378
20.695
34.9211
11.0203
10.8754
28.9534
8.48024
22.8376
15.945
6.69768
12.843
40.535
10.7027
5.62482
18.8091
14.3895
24.7559
35.9923
8.49059
7.87482
10.5837
14.9629
12.6839
5.08144
6.97914
20.3381
7.14765
8.76665
6.61162
10.485
33.5294
7.42101
11.421
8.68514
15.7464
17.584
12.4466
4.92216
19.3024
14.4165
14.9017
15.4406
14.207
11.1475
8.63311
12.2523
17.3578
7.53828
21.6756
11.1212
11.3892
10.3614
10.7615
14.1307
8.54128
22.7619
9.15325
10.2774
16.0602
34.9628
15.5232
15.796
20.1562
11.4292
22.0361
5.18425
29.5008
15.1986
5.13675
32.7084
15.9564
20.3011
33.3586
11.402
12.978
12.8043
9.24607
15.9136
25.0355
14.4763
32.6485
8.85311
12.7773
14.6449
21.0256
9.12006
13.3008
8.5629
12.3277
11.6289
7.87645
6.80646
17.1746
46.3866
12.8462
5.33511
27.2048
7.29037
50.1025
12.962
9.17184
8.17039
16.2381
6.00973
18.9899
7.65067
20.3575
14.0991
12.7222
8.9384
24.1532
14.0794
18.8327
8.63108
11.3081
4.76425
34.4213
24.4171
6.77476
10.6729
17.6344
16.5071
28.7939
12.3344
17.1822
8.36693
13.4118
9.86041
15.3308
5.50418
57.6863
9.5545
21.2835
35.3729
11.9313
6.00447
13.3658
33.0918
11.4551
15.1585
8.92095
10.6253
12.9732
31.9655
11.8556
21.8568
8.30281
13.5023
5.7188
6.13959
8.86061
6.77669
14.3052
13.1829
21.7347
21.3789
9.14894
9.86075
14.8649
6.77179
11.396
24.4079
15.0218
5.1745
16.121
19.6242
25.4459
12.5706
16.2532
28.8504
2.58884
18.1659
19.8511
11.808
20.9801
14.1158
10.4381
13.5244
12.5152
20.7398
12.6515
8.05811
15.1862
29.6073
4.90228
25.4987
35.6469
30.8895
11.9628
8.73939
13.7328
5.21873
36.8551
7.14803
21.4852
10.2609
9.28045
26.4808
9.44578
18.0354
5.83479
6.20261
4.33798
19.5365
30.6909
18.3154
11.0204
17.481
2.69506
3.98598
11.1498
6.65764
14.0848
10.2554
34.1928
12.908
14.738
4.94382
11.6956
10.1264
17.3527
9.41718
32.775
13.3445
13.6472
15.1504
7.995
24.8695
5.72133
15.2531
6.05138
9.64379
6.62592
12.496
9.44561
8.33163
33.1725
16.8575
21.8679
14.6894
28.3488
8.22685
25.6273
8.98028
6.23577
17.5301
13.388
6.26033
9.52878
24.5814
17.8746
3.61085
8.23029
15.6494
29.0095
8.38456
7.21408
7.49388
18.4781
17.6307
6.68425
29.3203
15.9498
27.6876
19.1249
24.8886
40.3373
12.2063
9.21477
22.2925
7.25813
35.2401
9.23416
9.06796
11.5295
36.5592
6.66659
10.4726
16.1998
9.21435
7.59794
24.6497
18.5004
6.20075
13.4214
5.27095
12.8933
6.14194
15.3257
34.9219
12.4477
32.9838
5.75796
19.2072
4.96533
10.126
10.756
20.7042
18.0345
17.2856
21.3772
18.9916
8.65647
7.59307
17.0412
9.40304
24.7206
13.6556
45.0627
10.0873
10.4388
10.7354
7.81399
38.8455
20.5669
16.5298
14.4936
11.9016
22.723
14.5271
15.1737
16.2517
11.7401
9.19022
41.2811
13.9086
11.7364
2.99166
13.187
11.8107
8.61201
30.776
20.7005
11.3742
16.4677
13.8785
10.2876
44.4431
9.84569
12.3507
12.6955
15.1511
8.12712
13.4385
21.5522
13.4613
23.0796
38.9861
10.5945
10.2171
12.9779
28.3795
9.75868
12.5849
15.4096
4.72008
8.26721
10.1908
17.1702
13.0834
7.02529
15.0889
14.5273
10.6806
34.4918
14.9861
19.8221
10.2847
28.1813
8.29496
15.3959
12.3339
5.299
10.6795
5.15937
7.98548
8.47431
7.91664
14.3629
8.9093
10.3767
28.9124
18.6855
12.5718
32.1959
27.3788
18.7119
16.996
15.5879
26.435
30.117
47.9659
6.25377
18.4593
18.7111
5.17338
9.0818
4.84327
35.5742
15.9245
10.9322
18.2189
13.411
20.0428
10.6848
10.9988
16.8148
16.29
21.4062
3.83354
23.1907
7.72504
25.5975
28.9502
12.2673
3.47755
9.05758
12.0379
3.49426
9.69582
6.59786
14.3618
17.3152
21.7318
20.54
23.6215
26.1026
4.07219
24.3872
26.5805
20.9191
12.8935
5.98831
10.0653
23.9137
3.87155
7.45574
10.8512
8.65484
11.1701
12.9733
9.70745
29.0227
11.4549
42.8325
8.70328
11.9333
8.0335
23.6438
2.48191
7.3078
25.9435
11.5729
15.5231
8.35882
6.21709
19.5055
21.2776
20.4145
7.32149
26.0749
13.822
9.96843
9.8682
6.9638
12.2823
12.6534
7.3226
8.31206
23.9552
14.5914
19.5889
36.3028
18.5187
11.2414
8.97775
19.5942
21.5019
14.3197
6.47035
7.40792
17.7734
6.94718
20.0906
16.6664
11.5825
6.58665
15.5819
13.871
16.2867
10.6936
15.0121
9.23502
16.3117
12.7998
17.7252
5.7361
35.5346
2.82687
17.293
22.4394
13.8059
9.65772
32.6818
21.0083
2.98852
5.77521
9.44306
16.5009
13.2698
6.28315
4.84892
16.9199
10.7257
14.6235
18.6578
7.08156
8.6081
12.1706
19.0092
9.41636
8.97054
35.8837
15.2997
7.4949
42.8981
7.30511
3.92366
18.9944
18.0495
17.3661
10.8692
20.6474
26.2084
4.3334
8.5001
13.6862
15.8047
15.7683
12.53
8.49101
9.9983
12.4176
9.02057
10.2903
4.29607
26.2976
12.0011
7.17596
10.5609
75.0087
11.1844
15.4782
9.70619
28.5711
17.3309
23.7106
8.6501
6.2556
27.7251
13.8077
8.17226
3.9521
5.1248
22.9249
23.4679
22.5218
14.1451
4.03465
11.0072
53.0019
15.994
23.1782
10.1318
4.76607
34.5678
9.49446
14.1492
5.41863
10.2783
23.2237
10.6691
18.4237
23.8098
23.7065
5.90369
9.17379
6.57126
16.6921
15.8549
7.41053
11.5482
11.1805
16.1218
9.76823
10.3082
7.58226
10.6414
14.5549
17.5583
9.89745
7.86222
4.8076
13.5691
9.17247
23.6139
29.4692
5.71916
7.41023
30.3225
7.83906
15.694
12.4966
17.551
4.00403
27.3595
21.3218
12.3855
8.36983
22.0957
27.2934
10.2652
14.5125
25.2289
19.6586
36.5854
10.7203
15.2473
6.05392
15.6184
8.28677
19.5431
10.3879
13.2331
7.30937
32.7066
4.26002
10.9046
44.3692
18.2796
9.45891
8.32945
12.9143
13.2583
13.2173
11.1501
13.9067
18.199
18.1
23.4377
9.03959
12.0481
5.00594
13.0935
6.98547
16.5753
20.5714
10.3791
22.8711
14.1683
9.79287
12.9313
8.75448
23.6147
8.7517
6.59826
8.72325
16.7916
18.5889
22.809
11.1849
19.5539
12.5582
25.1036
3.80667
7.45071
28.4067
9.7015
33.2957
12.463
21.4025
6.08209
9.55496
16.1882
6.83139
9.74251
18.0174
11.6944
18.2564
7.69418
5.32339
9.19179
15.5112
7.8144
3.42806
7.49947
4.82356
10.0653
20.326
8.57933
9.66684
18.2639
10.8258
14.6134
44.5135
26.0185
6.82998
23.0187
4.12067
9.78731
7.89081
9.22287
6.63675
14.4663
8.85943
23.8697
5.90641
5.11421
5.51431
22.2977
10.5
32.17
6.93496
17.4692
7.46449
22.9852
9.68233
11.9384
10.9461
16.0337
9.30487
26.9828
8.47606
8.90537
15.9953
23.7416
20.5191
9.10427
15.3627
6.09922
7.30692
22.8419
5.18145
11.8602
25.6946
64.9453
2.55014
23.7301
5.92828
13.0829
19.6244
25.5118
19.8595
22.3127
7.83289
8.15369
18.856
19.3466
21.0202
8.00098
9.82159
38.502
23.3124
10.6224
10.5334
38.1907
25.3435
5.96953
9.40812
8.08285
22.8399
6.79985
19.9838
15.6946
18.7985
11.4083
15.5398
9.07735
10.7132
19.4479
14.3916
10.6651
16.8934
12.5833
8.62944
20.7799
15.941
15.6804
21.2263
10.3092
29.3566
5.39164
5.07614
10.4742
14.2069
7.55617
24.5901
15.2087
13.0019
16.3334
4.12933
14.0488
9.2783
13.6165
14.4564
10.4668
8.87174
5.22898
21.5628
45.8575
8.73948
11.0268
9.01207
53.9285
26.9476
27.5915
12.8533
18.4987
15.3888
5.01469
8.94542
6.89092
7.87597
16.3576
5.02339
11.3524
6.68244
18.0857
9.29241
12.2027
8.24606
20.9241
33.8097
5.80467
17.0321
5.08733
11.0896
8.5518
7.21563
12.1967
37.2469
3.35248
7.96675
20.6319
8.78329
15.0205
8.3237
19.0881
14.6784
9.55722
15.9615
19.602
5.53699
41.3358
5.48316
16.7959
32.7573
6.43644
9.31355
20.0217
4.91157
12.4788
1.97574
10.201
21.9095
24.4082
20.4759
13.0377
9.83598
49.2066
45.1135
5.39223
5.51492
16.9313
16.2998
9.49404
20.3672
14.8316
20.713
11.6793
5.74982
16.799
9.88038
22.8077
19.8942
22.5495
15.5826
18.2134
48.7648
20.0538
12.6788
30.219
15.8495
27.4927
9.36615
20.0239
8.30993
15.0738
21.7388
21.4314
11.4096
4.57532
7.16356
14.5523
23.4188
21.0082
21.6394
13.7739
19.8032
12.3524
5.21777
19.535
25.9249
13.7534
4.26658
15.8527
21.569
39.1865
18.0116
16.4589
3.78961
13.5636
9.5828
8.13234
17.5789
6.51638
11.6577
13.3956
7.1203
9.75699
29.7655
26.1549
31.6188
11.8463
12.9174
27.2233
10.8155
14.0638
12.3511
7.02095
9.84734
20.2851
16.2368
16.5532
7.59997
59.7127
8.08832
8.61329
16.5913
11.7053
14.8033
11.7893
19.6427
22.3033
27.6195
17.2058
18.3541
5.65282
11.9974
18.826
9.45733
18.0937
46.215
16.9178
30.4023
11.3483
6.16058
4.83288
7.89057
12.7769
31.2969
14.3574
12.086
6.06059
29.1901
7.48745
10.2585
22.8569
14.2719
11.2925
25.1555
4.87802
16.1933
27.1913
21.9869
6.93364
8.70068
20.7491
7.87053
10.8484
8.65681
26.1034
6.77547
20.2237
7.12854
23.9183
5.30443
8.2727
10.696
7.43471
12.1506
17.3507
18.3178
7.80772
6.60908
16.7099
17.9586
29.048
36.621
17.6654
12.0817
24.5951
14.4536
6.93994
18.9251
21.4417
19.5856
8.52778
7.87068
21.5346
41.7349
10.9165
28.7008
28.1949
18.0631
20.0379
6.99329
10.9102
8.47223
15.1074
10.612
16.6407
7.33776
15.5496
9.16093
4.60388
13.7309
10.9239
11.2711
13.7323
18.4265
12.0835
13.518
7.73318
21.0211
23.2035
9.40323
11.4039
5.79611
12.4704
11.3645
12.9927
12.0265
3.74599
23.3162
26.1597
13.7872
14.4613
6.41422
6.9934
23.1913
23.5136
14.0316
17.1384
10.5358
23.1146
11.8948
8.54153
14.8034
17.0133
8.10503
16.1673
10.3412
9.89197
14.0159
5.3081
35.279
28.0685
10.9781
6.35107
9.19889
11.121
11.3507
15.7604
20.4818
17.6851
12.8571
10.6002
17.7339
10.4643
10.4942
5.54098
17.1937
12.9957
23.5295
6.05148
25.2144
7.92332
12.7064
7.62131
18.7705
12.9455
10.4636
32.7927
16.6714
5.1924
11.9427
7.71548
20.079
19.0033
4.18126
7.52229
51.4661
4.38233
8.47828
16.5013
4.83476
9.46922
20.6094
14.9802
9.53904
30.2873
22.5353
15.2266
7.11975
27.8452
6.00715
7.60155
16.3521
43.6842
18.0957
23.2136
7.93639
9.02674
11.9925
11.1886
26.5911
10.2547
10.3502
13.3026
11.6444
12.4251
17.9681
28.5547
8.3884
10.2317
2.96472
9.7069
3.37893
10.9566
18.0671
13.3949
6.04337
18.1645
11.3513
23.1505
30.5634
15.6824
9.746
20.7062
27.8094
9.09776
23.3489
14.724
19.3162
33.3298
28.5582
13.4737
11.7797
26.6676
7.02404
16.186
16.9792
8.82952
15.0341
13.1595
8.05311
11.225
10.7214
13.6149
20.3431
3.65692
13.5064
6.93644
38.8313
14.0318
18.0024
11.3768
4.87575
24.9022
16.9281
14.3611
27.1978
32.964
15.0319
13.5906
7.14685
11.5892
25.4242
15.5677
32.0896
13.1657
12.2173
13.8017
7.8393
13.2533
12.7172
12.9105
4.45517
12.3207
13.4947
12.8185
9.72472
11.4166
8.30769
16.5698
15.0866
26.7147
8.9615
8.80248
25.6482
12.8651
14.3453
23.3486
22.4856
13.9779
10.0986
16.3986
7.31418
6.92639
16.711
25.3866
17.7442
13.8561
7.54193
7.9922
16.0876
16.8952
4.6131
12.5904
9.59343
20.0544
11.5912
9.75796
8.60782
12.458
16.0862
9.72994
17.3255
23.3709
17.3392
9.07468
8.01843
11.2782
16
8.34632
13.9417
11.0397
23.3063
19.1847
15.0732
10.0095
10.922
13.6263
12.5662
23.3898
11.1048
17.1013
26.2245
4.82004
10.1708
9.65489
12.8611
7.54361
12.3423
14.7124
21.6671
20.9181
4.88771
7.57209
13.9461
16.3301
15.7467
9.98192
15.5253
16.941
8.67448
14.5276
19.528
4.81731
18.7126
15.7934
6.57197
8.37627
8.39526
6.23322
9.64529
14.7755
8.46736
19.4026
15.0466
18.2118
15.6969
30.5215
21.793
7.72666
12.1622
5.67619
9.0768
9.12756
11.5172
10.8624
12.007
6.63416
14.6382
21.9302
10.06
10.8511
10.2315
15.5423
26.6347
26.131
14.0709
7.64367
2.88912
11.9468
31.9706
11.4102
9.66954
12.9628
12.8471
21.459
6.27356
11.448
23.4981
6.30531
12.9808
10.6603
14.8179
15.2722
28.5738
15.959
6.23864
18.6313
9.17656
3.52951
7.60359
13.6674
12.3787
21.4604
7.58618
9.49394
8.35609
4.04439
40.1394
12.1093
28.3589
8.94709
20.3338
9.24079
46.0028
24.3299
17.944
19.9255
6.52397
9.51152
12.8595
10.2725
5.99439
27.9719
14.0872
9.64373
7.57009
10.375
49.967
18.8101
12.6103
28.7278
6.73294
18.1755
19.9854
10.6826
16.769
10.0024
12.7456
11.507
7.35034
25.0885
10.3066
22.8155
4.93352
18.3031
11.5874
10.9831
7.35602
6.4747
17.2998
6.40632
11.9627
8.69699
3.8726
16.014
8.09035
22.421
18.847
13.1972
24.8497
11.0378
11.3566
8.70313
10.5615
33.2807
9.27987
21.096
16.3032
6.67657
8.60162
10.3309
9.92793
18.2409
7.27023
12.8151
13.1591
18.1587
13.0866
22.561
6.78245
6.19451
4.2897
16.9974
15.1203
14.3273
4.4509
35.6062
19.0709
9.87042
8.80526
19.2884
14.3833
31.3279
11.7913
12.3395
12.5468
20.9787
11.9617
13.3198
11.6991
21.9231
19.981
25.5951
36.7713
17.5718
46.2283
8.99614
16.4138
11.5712
12.5423
23.3786
11.1949
25.9715
10.0798
15.4722
19.4379
14.4145
12.7339
21.068
14.0387
11.197
7.83116
9.29234
25.5911
10.6394
4.50866
7.28612
23.1354
7.04956
7.87261
10.3896
4.79318
13.7943
7.74017
12.3404
8.06383
4.89668
19.6891
34.3269
17.0207
18.1041
12.7073
4.19641
34.0734
10.1474
14.3528
21.9557
22.8532
19.3299
14.6142
9.72948
22.5361
18.8404
16.882
12.1821
12.627
13.0972
7.64055
12.705
21.3752
6.75534
5.80742
32.9795
22.2476
12.1414
10.0036
3.54545
4.54282
12.9532
9.13524
17.2063
26.2721
7.15894
28.1223
15.8397
2.06558
8.53419
8.14978
14.7194
8.27856
15.2946
24.8016
9.2204
13.9763
9.51786
11.8871
4.50224
16.7611
10.0764
19.2977
20.7355
5.00766
12.1456
23.6343
12.0783
21.6302
30.7733
5.57441
14.3232
10.959
3.28912
17.5652
5.41367
10.0393
16.6796
6.1224
9.31687
18.9995
27.2547
5.32343
20.4533
8.32266
17.2601
10.56
15.9155
8.4885
20.2396
32.3003
5.60061
9.94971
15.6568
10.2373
15.5641
12.609
10.5888
7.23569
22.1691
9.36906
6.94802
14.7026
14.2621
18.797
12.236
7.78007
12.6122
23.6251
16.2994
8.4588
11.1907
16.4639
22.833
21.9712
8.223
7.24861
13.5303
12.0165
6.35827
18.3543
10.5134
11.033
7.92818
10.7907
7.42336
3.40422
6.8692
5.42139
9.97787
17.9472
6.18525
18.3458
9.29723
23.9611
11.0805
17.5117
11.981
38.6712
14.1292
7.97273
10.121
8.26237
24.7001
11.7668
22.2625
11.7949
26.3778
16.2519
8.59266
11.0294
23.6367
6.20322
18.0036
10.4242
14.2052
18.2796
14.5103
29.0328
8.36787
7.34769
18.6149
7.86298
29.0849
14.191
10.2503
24.3663
6.27832
16.4919
9.24838
12.348
15.9421
32.0767
13.2476
17.4257
3.79333
12.639
11.9675
7.50036
21.7824
9.20718
20.0182
4.6562
8.08805
19.5811
8.02444
7.9862
9.2969
4.4988
23.9274
7.3491
25.0972
17.1828
30.0092
12.0078
16.9785
5.84639
6.71694
18.709
23.7482
8.32659
14.7453
23.845
12.6795
7.69862
14.1196
5.15991
24.4421
15.3778
20.0082
5.3793
7.51429
4.71258
6.8843
7.31913
4.34228
18.4342
7.57481
18.0446
5.60259
26.1502
8.54798
15.0256
8.12051
5.85593
30.639
13.5686
6.43214
15.4706
20.9325
9.05136
20.07
15.4073
23.6523
7.51201
11.7888
15.1469
10.731
30.4482
4.42127
11.8675
9.3109
8.97793
15.2608
9.45236
10.2509
4.12318
12.8619
34.454
26.6917
11.2691
10.9177
26.2585
16.7009
16.6175
7.71723
10.9963
7.45334
10.836
10.5689
7.96738
5.62618
18.1454
15.1359
17.1714
11.5816
8.69546
12.9677
10.4315
10.5466
11.2129
8.72887
11.2482
20.9934
12.7738
14.978
11.2699
10.2861
7.88762
11.0412
9.59947
13.0243
25.018
16.2491
9.08692
15.0452
21.1754
19.2954
12.2039
16.1914
30.8352
5.41874
10.9417
27.9974
8.0618
3.1668
12.4782
17.269
29.9478
20.1619
14.0447
4.15271
24.4612
14.267
4.89075
6.8356
13.1874
11.4521
30.6457
7.2656
13.0168
14.2514
10.902
9.49126
24.1746
6.99361
11.0877
3.52426
27.9753
11.9255
5.42238
12.6651
23.1167
15.6979
10.5963
16.9619
14.2016
5.20708
22.6036
16.3791
6.33887
12.788
6.60096
17.3662
20.4102
9.58508
6.84742
29.2395
3.04944
14.8902
42.9154
27.0714
4.42457
13.27
13.4685
9.04542
9.7849
9.1095
2.61515
14.5462
21.6054
17.6846
8.79881
15.8292
19.0003
10.8956
16.0937
16.3887
22.9161
10.5192
21.7557
15.6425
21.683
7.92208
17.9133
11.7563
5.17342
9.99375
7.47897
14.1334
9.80736
13.7166
7.49362
8.1567
22.5012
30.2128
7.39923
9.26455
18.2132
12.4706
11.5179
10.5812
26.9648
19.9421
12.3963
6.42696
10.2946
4.25828
8.05465
39.2006
15.7267
14.1988
12.0497
32.1454
8.15052
22.4442
9.616
7.12475
10.2103
13.0541
19.8404
27.3543
25.7092
6.60922
10.9892
14.4999
12.261
22.2867
39.3894
13.1234
7.79082
28.3044
16.3906
17.6578
9.74308
13.8889
4.25756
9.21623
4.10904
16.8808
4.7443
13.8949
13.8564
21.3775
9.05793
9.00681
14.5999
4.85127
10.1819
21.2548
18.4121
10.3062
7.2916
12.5743
3.34189
18.0105
3.59585
7.04311
11.1534
14.4576
30.9338
5.9308
13.7155
13.205
9.01016
12.7691
18.3762
9.25681
38.4819
10.5974
5.19396
19.0115
12.0143
8.33787
11.5027
10.3901
20.1644
19.61
8.74247
4.31176
14.2194
29.7872
24.3984
15.2691
22.0474
17.5526
10.4618
11.7977
14.8672
13.3689
8.6253
4.77107
23.305
15.7031
14.7968
10.8684
13.1577
24.0198
9.94373
24.7185
12.6828
21.1103
5.25817
12.398
19.6715
12.8316
7.88415
12.6642
23.4941
19.7864
9.5049
19.8073
18.7289
5.45871
22.6416
3.77016
22.6779
8.51556
17.9453
10.7107
13.6042
56.1604
9.78313
15.3503
14.3048
13.9943
11.1524
10.6215
11.7357
8.20409
11.7121
16.533
10.2858
11.2607
20.5813
10.9122
6.99719
11.713
7.14612
12.6632
8.00991
9.04364
25.2816
11.018
8.27774
20.3985
40.7358
16.4693
10.2164
25.5261
23.198
20.4126
12.1049
21.8453
7.17766
35.3089
11.4091
6.56836
4.90861
10.9445
14.5976
15.3653
10.7666
18.9387
6.18882
4.55027
12.9104
11.8555
13.7457
5.22443
8.242
9.35959
3.82155
7.25269
18.789
33.4773
3.90306
28.4809
9.76027
19.15
11.2353
5.70585
5.71742
18.9548
13.2034
7.33716
22.7945
6.19176
6.76282
17.0699
13.4507
7.78143
17.6626
6.65873
34.7176
17.1977
7.1737
19.3635
18.3205
16.0402
4.23705
14.7535
4.75165
15.5271
26.5956
21.5376
14.6772
36.531
9.65929
24.0009
14.0775
7.89205
4.62814
5.59355
13.4883
13.1942
8.88692
26.9398
19.7029
20.5544
19.9714
7.68548
9.10188
12.8679
16.4679
10.4848
10.1443
11.5485
16.1217
17.047
7.1101
11.7062
10.2568
5.05375
7.92819
26.3269
18.3533
27.0786
11.4987
16.1272
6.11691
15.214
6.51507
20.893
11.7239
5.65537
26.3692
10.767
8.57076
5.96363
17.9854
10.2227
22.8015
6.13794
6.08101
8.118
46.9502
18.7698
7.63237
20.4997
23.56
5.57979
10.9666
11.4373
9.67967
6.56585
7.30811
9.08189
8.86658
9.52871
36.5083
11.1138
10.6961
12.8747
20.5598
5.04862
25.7534
16.4581
7.54786
4.63371
11.4128
52.7296
26.458
10.6419
45.2007
10.4762
14.9317
16.882
8.87814
13.6381
10.3359
45.9543
29.2991
30.9999
29.1823
29.1952
7.53542
15.119
16.7828
11.3121
9.04556
5.1745
30.493
3.39796
12.4637
19.7847
9.21384
18.4668
18.5844
9.85928
9.31508
23.9519
15.2333
22.1165
9.69634
15.4853
13.8044
17.4222
14.9799
5.55066
41.7374
7.67568
14.7603
19.2902
17.0818
9.14611
7.06844
7.04886
18.3015
3.63712
10.0879
18.2107
28.9062
10.9368
13.2785
3.92237
10.6754
15.8076
15.2737
7.17012
20.4723
30.047
5.1321
4.9202
45.5067
13.0952
7.0875
14.9469
13.8433
9.9192
9.46116
21.7109
4.94053
20.2139
27.2764
12.4084
16.2334
5.44152
8.41702
5.73518
9.89375
7.36592
14.0516
21.9581
5.29466
15.7004
13.04
11.9351
25.2075
8.52014
14.2723
11.433
7.19471
15.1231
13.4498
10.8113
12.7659
6.40813
12.2885
17.3279
12.0432
8.16857
21.4912
7.66203
39.2061
17.2005
3.22427
6.0827
17.5403
3.79087
10.8615
6.99576
18.4039
22.2566
16.329
5.14434
9.00382
9.95341
6.997
25.4668
19.0716
9.67784
5.21671
9.32601
13.3556
18.8117
17.5623
12.0463
14.971
15.5417
11.0651
12.8186
20.0833
10.01
6.15375
31.6421
35.9129
12.7492
13.3297
49.6642
15.695
15.2938
5.67101
13.5708
51.482
18.8857
18.1199
8.31006
25.2895
18.3156
25.6341
12.7756
13.1234
25.2735
61.3289
11.2343
16.9611
6.65182
9.85312
12.4842
20.2041
25.2014
9.81605
12.1837
16.8766
29.6307
14.0302
23.9908
27.4627
13.1998
21.4786
12.4497
18.0152
10.3268
6.19625
9.02837
4.55333
3.37636
11.7144
14.0982
12.5105
5.83156
12.5405
19.6065
13.0441
16.5227
13.2942
14.4119
18.8582
12.3987
17.1277
15.5621
3.94644
11.9173
37.0831
26.7513
12.3671
44.4421
21.4882
7.13724
9.88457
26.1267
27.156
30.317
26.2828
19.3518
7.81129
13.5179
12.0931
9.76604
24.6314
19.7903
7.28893
20.4143
5.54697
16.6567
12.1746
12.6638
9.34178
15.3848
18.0872
18.0408
23.8911
31.4423
7.23575
16.7242
9.23349
9.768
6.2465
34.8677
6.07094
12.29
8.67678
24.4599
10.5069
6.445
18.1202
20.1117
17.4984
11.8161
8.58847
13.1067
11.3435
10.3642
5.96222
32.209
14.624
31.3673
4.39983
22.2293
8.20466
15.2863
13.1359
6.30082
7.68186
17.8806
14.8746
6.39565
15.8997
5.28647
18.0226
1.84774
10.565
15.4947
27.6206
10.1566
11.4518
19.4137
13.3898
39.9418
22.248
9.776
8.41556
6.00525
17.9974
19.6208
6.68183
20.5648
9.96338
9.7488
4.8822
4.13784
21.455
27.6171
14.2934
20.6324
5.3783
5.61566
17.6857
18.902
10.4717
23.7728
8.05571
12.5798
29.1093
19.1744
17.7675
8.41439
14.4946
5.64472
18.4484
11.4922
12.3102
10.4013
10.8019
8.94425
29.1527
7.53512
13.4631
4.91084
4.14533
7.15718
13.2757
28.823
13.1167
29.3681
5.40416
28.6907
6.77559
8.78646
33.2255
13.7403
15.3036
5.01982
16.6712
12.7446
13.2339
7.9935
32.5394
8.05892
41.346
10.8341
20.7279
9.46268
25.5034
19.9718
13.1447
38.5897
9.58408
8.87548
8.41241
9.49983
11.7871
22.6302
32.0429
10.0398
17.8577
10.3852
8.03377
5.11791
7.39822
9.92332
26.4895
8.5516
14.2495
9.31158
22.9695
13.9609
37.7587
11.5122
13.3024
4.91296
19.5238
19.1609
28.8276
10.7104
7.0511
13.1079
16.0155
10.7994
26.6901
32.7553
18.1101
12.0293
19.4138
8.3514
11.4648
12.5746
9.38892
30.5291
10.0454
9.98484
5.18133
9.7937
30.4903
29.5681
7.76184
12.9369
21.0723
7.42898
5.86906
18.2068
20.4538
6.5421
4.91329
25.3899
17.7888
7.09095
7.51675
25.5345
12.1281
9.07928
9.4969
19.4558
6.35823
33.0327
10.5689
8.1002
7.55716
33.0488
19.087
27.5453
18.0532
6.37701
13.5
10.4231
26.2177
5.71546
9.0169
21.4966
44.9637
24.1834
5.52212
10.2204
17.2685
13.8956
4.34334
27.5008
21.7873
5.93914
3.81005
5.02792
7.47887
6.36764
5.90085
9.56697
9.76759
6.59116
15.2157
32.9908
14.7073
30.2923
15.4611
15.6792
24.7543
9.7104
8.98102
12.9497
25.7113
44.0481
10.6639
8.90031
9.91091
27.8585
6.23092
6.92186
13.941
16.1266
5.64975
15.4351
9.41022
15.94
10.9689
6.29455
14.2724
6.10457
7.45226
14.3951
5.98003
10.7698
15.9691
9.87129
10.4765
33.4093
21.5976
39.8978
11.7693
28.5396
8.18369
21.65
17.7877
11.6203
13.8604
18.9957
15.8221
11.1407
21.2223
4.61711
17.1746
25.4457
20.4919
10.2948
21.4673
7.77164
9.76685
6.98127
15.2595
6.0034
22.2549
12.1154
34.9671
15.0335
11.7665
15.5116
8.65158
19.6855
20.4909
19.4969
4.58712
11.3523
27.9803
21.5986
7.41527
15.9184
13.8653
14.98
6.44956
28.8921
8.79048
7.25965
17.9303
16.9972
13.2265
12.6123
17.8415
6.31981
35.218
28.4815
6.85838
8.17367
7.46802
14.7431
8.8572
5.1679
6.82109
17.6997
11.1321
4.80135
5.66111
5.38089
13.1182
16.5407
13.9033
18.838
6.50117
11.388
13.5326
10.8511
10.9269
14.2881
9.01649
7.58394
26.4565
36.2631
13.3906
6.12303
8.25251
19.8234
25.8505
3.34783
9.22992
18.1994
17.434
6.22423
19.6152
5.05636
18.103
8.54295
11.0079
15.3162
15.0338
6.60605
15.583
24.0677
14.9767
6.25887
13.4152
19.303
14.9031
11.3802
21.0385
23.6927
5.58512
24.5233
7.91092
23.1868
6.23814
9.05553
10.4189
14.8542
15.2775
5.2827
34.1229
23.5201
14.3712
17.1636
20.1011
7.8931
13.5284
5.31621
13.6587
12.1419
4.93624
9.71435
17.4154
23.2961
25.1587
14.1714
10.4317
20.8167
9.80538
19.7116
13.0329
32.5048
14.6026
4.62858
17.8776
13.4136
6.71183
64.5617
11.9823
8.69943
16.56
30.4825
16.0824
10.8684
12.2539
17.0723
9.96816
6.51897
14.5596
18.6983
9.30867
19.5717
9.91006
14.2866
9.66889
6.59255
12.5906
18.1909
24.526
6.29057
32.0853
13.1952
34.2122
8.86401
5.64106
8.47177
8.58742
16.2733
34.3934
19.7294
10.4544
4.97457
12.8183
8.04237
59.071
21.7668
6.35571
22.3596
11.2332
3.36329
9.37794
12.2506
22.0696
28.009
18.9659
18.3055
81.3664
16.7655
21.2905
13.4701
5.21078
11.8188
8.88205
18.2684
25.3386
9.21818
7.20276
10.8699
10.4239
16.3151
15.8133
9.92746
19.53
18.9269
25.9775
21.4404
18.9257
5.68416
19.1049
18.8229
20.8671
19.3154
5.73381
12.0025
22.3869
9.23169
5.45214
12.4599
7.66533
18.2795
25.2679
10.4959
12.1724
16.892
15.0836
19.2714
13.57
10.9431
24.2687
6.64817
19.3077
7.31944
14.105
29.5767
10.5587
35.4068
17.4033
8.93656
25.1641
10.7691
20.7834
16.2993
11.6109
18.9053
7.09802
6.25703
19.4106
8.31649
11.0012
28.8568
19.0059
11.4494
14.3257
15.0043
11.0444
15.1446
6.79362
10.3353
6.40234
12.0604
13.4381
12.8341
12.8606
13.5429
11.5258
5.73222
8.2856
9.60892
13.7598
42.9693
18.7497
17.5085
14.7103
13.7205
13.4186
24.3182
8.81622
11.3202
10.4253
12.5465
7.41578
18.4584
6.31005
29.2255
19.0529
6.50985
11.0143
21.916
19.1316
9.06314
15.7143
12.868
17.3848
22.8788
4.51758
23.1082
10.755
15.3276
7.55581
16.134
9.02155
3.34855
12.1689
8.31567
30.7706
8.2773
7.4414
6.94304
5.71796
11.4319
10.2755
8.09227
13.6252
18.982
23.6712
17.289
16.9666
19.0329
5.17791
8.78665
4.33082
5.40234
47.3552
24.8619
46.1443
17.5542
22.4182
6.49818
17.3899
2.5815
15.9799
37.309
13.9139
20.846
25.9833
28.7878
32.7707
3.55039
8.91365
17.5974
10.8084
4.11698
12.7912
16.7746
13.5604
16.4089
28.0002
17.7614
7.22696
8.14085
31.2349
23.5209
10.2124
6.37795
14.1975
12.176
51.9739
6.30263
3.39003
4.4043
13.2746
13.4208
10.1804
18.0617
14.4568
8.61515
4.2447
13.981
9.54725
24.8926
12.8913
19.8013
19.7113
24.1117
11.7145
17.8214
33.0197
15.5371
11.638
22.1236
7.67998
5.84851
28.2726
4.04271
16.1066
12.6013
16.4884
35.377
12.5682
10.9571
14.0391
10.0691
18.9579
11.4932
5.13885
7.92026
10.1726
15.02
15.7337
17.7374
12.6657
7.87897
23.7273
20.1382
7.31924
12.3702
7.5664
19.4927
4.02116
15.1602
11.8622
20.7576
29.5478
5.43384
23.0373
18.7216
6.44815
21.0103
2.59696
13.3693
9.69835
9.49949
23.8757
11.2103
11.8825
17.2887
11.4208
10.2716
19.9717
46.6486
9.94415
34.1469
21.2136
13.2499
14.8825
20.8083
16.1519
15.3271
12.8158
13.1458
16.6989
13.3881
14.9322
5.62148
12.1615
6.61867
10.9821
7.04535
16.8551
25.8874
8.42541
18.5645
12.8683
6.7522
15.0446
13.7756
12.819
12.6129
6.0914
13.3598
5.85909
27.3617
11.4397
13.5476
23.1597
11.5917
31.3121
18.0963
21.1603
17.0613
9.56167
7.40262
15.3524
13.9461
15.4564
13.1851
16.4983
10.7009
8.36787
11.987
5.09613
8.50192
12.6596
10.0402
23.2891
11.6487
20.2594
13.1861
20.0706
10.9651
11.7861
6.90796
4.22961
13.9087
12.475
19.9504
5.11737
12.7651
10.7654
14.8549
5.61468
9.34215
22.7207
14.5986
17.1121
7.41225
10.7802
17.2473
12.4211
6.92785
13.8052
8.38179
18.4321
5.4084
16.0608
13.2938
27.4212
11.4136
23.5614
12.2742
12.1936
6.01153
9.40991
5.12921
14.4434
22.7554
17.7382
16.4315
16.1371
31.2538
4.22628
5.19173
18.3126
27.6218
13.1488
32.8219
4.90543
6.76358
14.492
21.3648
6.98253
9.68915
5.62654
8.87527
10.1872
28.7313
14.3599
5.95948
27.3038
18.3037
17.8333
15.8544
12.4982
7.52594
11.1708
24.4505
33.2316
21.6149
14.5841
14.1399
15.7746
19.8038
11.6924
19.7941
6.9816
17.6225
12.0851
3.87082
27.4361
13.3532
13.0805
7.23656
10.2286
7.24723
7.60745
9.39549
12.6729
14.5327
9.23796
7.63616
11.6366
18.9325
8.12499
5.60668
11.4672
13.0277
13.748
9.58135
15.293
15.1571
10.9338
19.503
15.7926
9.34096
9.23496
11.4418
21.309
9.42676
25.5283
7.82616
12.266
20.846
18.2288
8.6116
15.9844
9.70003
15.1603
17.7005
16.7737
21.3281
5.84041
10.7903
11.7561
31.5407
6.13075
28.9966
8.8176
27.4509
17.4995
6.0919
7.11528
11.1342
14.0355
7.88362
5.83009
19.2677
5.73182
14.1024
20.7118
4.96716
9.3855
15.41
12.4645
6.63324
27.7931
3.41232
12.1712
29.9481
9.90685
32.1698
15.451
16.4556
12.8603
16.2497
29.8827
18.038
12.8801
9.66492
24.9909
7.91548
3.8442
21.6516
9.5406
3.65929
18.4542
5.82014
10.592
43.6159
20.8164
10.6045
8.72151
5.64227
11.4498
3.96999
5.04968
15.427
18.3479
12.3524
9.17128
18.2988
4.54798
9.626
6.96813
6.33815
12.6549
10.6985
22.044
12.0407
4.83982
16.1398
22.7915
6.51522
22.7139
23.0269
25.1864
6.23264
10.3457
13.8462
17.2046
9.72116
5.17525
29.2084
27.6096
6.90778
11.7201
34.1506
18.865
23.429
13.6189
20.5642
9.91664
19.7458
15.8628
11.0924
14.6137
31.3447
16.582
6.07649
25.1201
17.7256
5.58691
17.8959
10.7955
8.13216
16.6547
27.9226
17.0391
8.68399
10.2798
25.9377
15.3639
23.6117
14.6224
10.1474
13.2159
17.0824
24.3862
6.65256
15.8053
16.1524
16.4808
5.00944
20.0118
10.3436
17.2628
13.4118
18.4565
14.0293
20.375
15.3736
11.2724
10.6687
29.3407
9.05959
29.313
25.322
15.8251
12.4205
4.5355
10.0195
15.6694
39.5864
40.222
17.4832
17.5933
7.2988
31.0572
9.95567
13.7389
12.9932
14.9217
14.4817
28.547
26.7973
11.8842
5.95006
3.50556
6.58803
7.80747
7.93899
12.3489
8.05035
30.3336
35.5818
6.48522
13.8334
13.6235
8.65842
29.0952
13.7926
22.8653
22.5645
17.541
21.75
4.20969
6.31447
8.34055
7.9347
14.7145
36.8128
3.60385
18.108
17.2073
11.9509
35.777
7.52729
32.3781
7.17983
13.1508
18.6514
9.73396
8.19303
21.6732
7.38852
26.6027
10.0146
19.8778
42.765
7.40735
30.0731
18.852
6.70333
24.6538
23.6354
13.1331
8.46335
25.0565
7.26331
16.8655
20.8026
29.8329
14.3364
20.3019
26.9713
14.5174
23.7608
19.0963
23.786
29.2912
4.91039
18.2272
14.0007
8.7706
24.3042
22.453
3.46764
4.78717
5.22128
9.50375
13.956
17.8317
18.9961
3.70495
11.2695
15.5107
3.79401
10.01
14.7078
11.3718
30.0537
7.29903
7.7445
11.1095
13.1231
4.94825
16.1905
11.5945
11.0155
19.4263
12.4563
26.0077
19.9477
7.18588
15.6891
5.32296
13.9068
7.3516
8.09048
12.701
24.4492
9.36005
16.9951
49.4738
11.7659
8.13907
13.3888
8.4037
12.6272
3.54085
11.5371
39.5038
11.0276
7.53422
9.12335
23.9461
6.34258
25.8457
10.3712
13.7163
14.6477
10.1432
24.051
28.8462
10.6384
5.70233
11.6821
23.5147
16.0917
7.68092
3.82627
24.2892
48.2003
26.6352
13.0497
9.78224
14.3
8.33989
10.1857
11.9597
16.8057
15.2352
24.6666
10.0125
14.8577
11.8057
19.1135
17.2013
17.4115
13.026
8.81257
18.6981
8.17834
10.0075
8.97209
12.2322
10.4209
8.10399
9.9095
3.97856
10.2961
37.116
34.5615
12.5055
8.08896
14.5192
3.96885
10.5535
13.2639
17.1089
16.96
13.2941
13.1408
8.86023
4.39467
17.0185
17.7419
12.8693
4.34507
13.0005
24.0247
6.74453
11.5169
9.4295
19.596
13.94
18.2302
11.7445
9.44996
13.1053
25.6085
7.22998
12.37
15.1804
25.0038
27.017
20.3199
10.0355
7.39757
8.02227
19.5666
12.6396
12.983
21.2949
13.3705
5.35575
14.3898
12.0709
28.3977
14.1406
13.8081
9.11096
23.0537
4.34726
5.89593
5.48007
7.64067
12.4454
14.9339
9.38113
26.9976
7.10019
28.4824
16.9948
8.57657
5.65705
20.0882
24.4986
14.2657
13.4478
7.61355
12.825
18.2342
5.57237
13.8492
10.5119
21.7774
14.6792
13.1143
51.8713
13.4109
16.862
12.8918
22.0024
12.3943
6.53406
18.9808
6.40109
12.0201
14.7262
5.87915
7.81819
14.1488
10.5521
11.3069
13.5374
11.4441
10.2089
25.9287
13.9653
50.449
13.2267
7.21005
19.7898
12.1575
19.4761
18.1177
16.7084
16.1985
4.45532
16.2613
7.4848
13.5431
28.1477
11.6006
8.36749
35.4377
7.54747
24.4975
15.5365
8.29096
11.7189
22.1104
5.38953
17.7255
26.9218
9.62074
9.00613
8.11085
6.43465
11.2562
7.89762
11.5732
18.4551
18.2505
13.9371
7.88512
12.9365
23.3753
6.26219
19.4589
5.38125
9.57376
5.68159
14.5815
11.5668
26.9026
6.78927
11.8828
14.1001
15.855
4.75644
25.6625
11.1112
12.1059
10.7064
14.2001
13.4999
18.0458
61.056
19.3556
15.4317
8.94129
11.0892
4.77424
33.391
30.2168
18.9405
12.285
14.7484
16.2178
17.3844
23.3442
4.83216
10.0909
13.0903
19.5143
9.10079
10.4214
9.30511
3.83663
8.92876
17.2048
16.8871
39.4948
10.074
12.7309
8.80563
4.21504
11.3823
28.1443
4.26232
12.9658
11.4064
21.0704
11.3845
26.2983
33.8754
12.636
18.3602
6.99021
6.4529
11.2691
2.87366
15.1673
7.33707
7.80024
15.0282
10.7621
11.7764
7.6906
3.31291
11.5592
23.1832
10.1403
14.0623
15.0454
12.7617
5.83525
24.2208
7.4116
38.3024
6.58467
9.03754
15.6483
16.4138
8.1734
22.6469
3.38067
25.2445
13.2021
31.5407
15.0735
15.9597
21.8399
16.1395
19.3048
24.7641
13.6961
20.9881
14.3721
8.61244
7.37186
4.35985
9.38765
19.8513
9.67666
4.94509
14.0241
8.45371
20.3995
38.7744
23.7888
6.87966
15.4848
18.4197
16.537
5.27652
16.7423
20.9128
41.3411
9.65619
9.09114
3.23677
24.8972
12.5728
40.965
14.6055
11.684
18.1846
5.7534
3.47184
18.2601
40.7287
25.2362
33.7759
13.079
25.1248
21.9407
16.3201
9.08433
8.24606
12.9461
51.1877
15.9562
17.5958
34.4368
21.7491
25.5596
14.2761
10.6444
29.6937
10.5369
11.8983
24.0914
17.3654
15.9879
10.6961
13.9736
9.12942
3.36881
29.6301
13.2064
16.1619
10.9046
6.30759
19.8305
20.2294
12.9233
8.87297
20.0249
13.1534
11.5548
3.30368
15.0153
12.1655
14.9238
27.7432
8.83231
11.0086
5.65988
7.39693
14.8433
11.2205
5.25676
13.736
7.12614
8.48285
11.7898
38.4826
7.94371
6.89484
13.2444
9.30478
20.311
11.2647
11.9804
6.32486
14.9835
22.7265
24.7033
16.4809
7.68314
12.693
25.9203
26.1319
10.9717
6.91047
8.55137
8.58575
13.9081
8.68954
7.28236
11.5996
11.8207
12.9338
20.1153
7.67422
15.0877
10.4065
12.4498
9.77766
7.15291
25.4087
22.4932
24.1827
15.1339
17.2113
6.2786
5.57292
8.38701
22.212
36.0227
10.8058
14.6995
8.11024
16.6659
40.8222
8.61408
4.90727
17.913
4.70025
21.2745
15.081
13.952
12.8482
13.8248
12.8166
11.4783
18.7093
5.44373
24.0876
11.9859
24.9501
10.0854
13.4063
13.205
12.7544
6.4479
27.0024
7.70633
6.35125
17.8642
6.42148
10.9473
40.1564
7.55155
10.5923
18.1869
21.3172
15.3018
14.3335
9.90169
10.0992
13.5147
20.1463
6.12875
8.04726
10.7858
23.2241
19.1534
10.0987
10.4862
19.7218
12.3302
13.4427
24.2425
25.0646
17.7794
13.8649
9.53027
28.1556
5.80538
32.6784
12.2019
12.0774
26.0594
22.2502
6.3592
18.1562
3.40744
10.9075
24.9779
11.6907
39.3797
13.512
7.4529
9.97269
36.3176
6.43849
27.9047
13.1015
11.3205
19.0324
7.46701
16.0647
18.3397
9.15958
18.1955
14.5293
18.4766
15.8985
6.23272
22.8049
7.35137
27.6885
15.4296
12.6324
17.5441
20.7322
14.1005
11.219
8.35878
7.05869
9.30744
7.76333
21.4069
10.1726
19.077
40.9717
22.3742
13.4734
9.28862
8.22878
19.6135
9.60867
12.198
21.5734
14.8779
7.39949
8.10977
7.01102
25.9635
5.26081
19.4123
11.5589
18.8425
9.77533
3.5047
13.641
7.8506
11.6121
45.9041
27.9654
15.8212
9.16414
19.6641
15.36
17.6636
26.5678
13.847
20.3605
9.35367
45.0394
11.534
10.0378
5.95689
10.4589
13.419
8.5381
5.40011
12.9733
9.39864
15.1338
9.64198
16.7741
11.1125
8.33784
21.07
20.5202
12.2903
17.5835
11.0648
13.0297
4.33646
7.09476
24.6168
12.8114
41.6696
21.12
20.2173
20.5527
16.7815
16.5479
7.19415
10.9509
3.21185
14.4495
21.3903
24.376
22.2228
21.6907
8.88553
13.8879
23.3692
43.7005
18.1212
12.4222
33.7036
12.209
13.5851
13.7426
5.94134
7.07097
11.1062
5.12181
16.4112
13.7806
9.6689
3.81519
14.6154
17.2687
18.7575
5.14766
11.4315
14.6182
31.6133
8.27555
36.7724
4.16002
33.4281
4.16839
14.4661
10.6214
15.8693
16.2541
13.106
18.3257
17.3178
8.72711
11.1601
6.64928
13.6508
5.81506
18.8261
9.89499
14.8929
21.1731
8.5741
20.123
8.67851
20.8938
15.9162
17.6128
19.7053
5.75289
21.013
10.8221
14.8744
9.5275
20.759
9.82174
14.056
11.715
7.04401
17.9054
8.25284
16.7938
15.1525
11.3738
23.3865
10.2944
10.5371
5.71684
12.6122
25.4707
30.3998
22.847
7.74585
13.8813
13.8452
12.8972
22.1074
19.4989
9.92527
11.8891
5.80491
8.50223
10.4179
12.874
14.6172
17.3327
14.3512
7.56621
9.9314
11.5011
15.8258
5.81953
19.1989
50.942
7.21618
17.7102
12.4818
6.14434
12.1989
37.4466
10.5768
34.1094
10.6033
49.096
9.52458
8.71275
5.99746
17.9602
12.205
15.5294
7.54273
13.019
15.7557
23.3345
35.6995
10.8545
35.2934
8.90515
7.93011
8.50281
37.6796
4.05562
10.4369
17.4243
11.5538
8.92492
11.4682
9.44775
6.55157
17.6524
4.76384
8.34967
10.2412
42.5155
10.6317
8.51878
11.5662
9.97953
6.18312
11.5258
10.062
8.42106
9.98197
31.9823
13.8521
14.6994
10.3085
13.8108
15.6977
27.4771
23.7627
14.6562
29.4768
48.6413
5.18119
18.1886
15.7467
21.2617
5.88049
26.6822
4.77159
7.93486
9.47074
10.9477
8.16141
17.3281
17.9362
11.875
10.2978
12.8477
15.8337
21.8426
10.3879
4.97501
18.5954
23.7492
18.231
23.5776
16.2776
23.6477
9.72196
16.0698
11.4956
23.6244
15.1046
17.8059
6.55679
11.8062
11.2949
6.82519
15.1818
52.9889
19.4762
8.05139
7.8449
10.0824
16.354
18.9755
34.2834
16.2052
10.0001
10.4131
14.1582
11.568
10.3991
27.7095
14.3417
6.94722
10.7911
24.0656
7.62691
5.96312
12.4797
8.46372
31.4666
26.1385
9.86389
14.946
5.8706
10.2541
17.9022
11.7915
7.88025
10.2151
15.8431
12.2152
9.79704
8.86128
17.1167
7.86649
31.9965
17.9317
22.6982
16.3629
19.3188
13.4338
9.12162
12.6589
9.6184
17.9696
14.2005
19.2462
8.1614
8.64116
4.78771
9.6139
8.93184
6.32669
32.4259
3.4876
16.5038
9.17027
7.30823
6.33045
21.61
12.0943
5.70876
34.7072
17.5141
4.52453
28.3102
8.46662
6.34053
8.88791
19.2497
6.8013
32.0497
7.81783
14.081
12.131
13.6817
16.7247
13.824
11.2809
22.1847
11.5226
6.22311
19.892
8.56453
23.8861
6.73018
12.3082
7.83007
9.58269
22.6504
13.506
12.2267
30.8619
3.92844
10.9739
7.49694
17.0248
10.0441
16.5632
9.51728
20.2184
13.0674
5.26385
17.1255
20.3141
10.0317
10.4803
4.3917
18.0229
11.6702
8.68337
10.6139
6.51025
21.3683
23.323
14.0398
8.14276
13.3386
12.8495
13.7034
11.3113
5.79786
4.86576
8.80755
11.8372
19.9566
23.5976
11.6889
9.41047
17.7744
16.4223
8.00311
10.6988
12.6273
8.74177
15.0914
27.6017
25.8547
12.592
10.5423
11.8556
3.77497
4.24423
6.42322
9.36371
35.1706
15.2845
17.076
14.143
8.86762
6.89313
11.723
19.76
10.524
7.71891
12.3792
12.5789
9.90233
7.93812
6.09666
4.85333
10.7442
10.914
14.0368
12.6857
11.2378
11.4869
7.17737
6.57445
9.34669
18.3928
16.9787
42.8904
13.7977
19.0937
13.1164
19.2849
31.1489
11.5226
17.8623
5.57868
18.0483
9.73586
17.5609
17.2748
11.379
9.1164
20.0089
29.1612
10.4113
15.4479
9.22684
10.6018
2.14237
20.4502
6.07147
6.72432
8.4222
9.52034
15.0827
18.8098
13.0368
7.41282
7.61937
10.8092
34.2961
10.3048
25.839
13.0177
15.4587
8.0562
11.7637
12.6269
10.7531
5.94363
10.4042
5.50141
11.4482
23.7758
9.70366
10.2043
20.4094
15.4474
18.7039
25.2217
9.58165
13.5938
13.1093
4.60191
24.9109
9.95429
5.50432
14.873
25.7986
12.8132
18.0725
6.46336
11.4767
11.9226
10.7493
14.938
3.77798
17.4987
17.0555
11.5715
15.2188
3.1386
7.2145
7.99748
9.41458
8.71549
9.50322
7.15815
6.56355
12.6344
10.6376
6.77833
16.9377
14.954
3.59632
13.543
18.405
18.9704
13.1701
19.9493
30.8277
9.99308
14.2674
34.469
12.1412
17.267
3.77563
9.11861
5.26841
7.91006
23.6361
26.894
5.83022
7.54774
16.5894
13.0158
14.2836
9.6606
14.9634
17.6153
14.1918
6.38726
9.20499
21.2747
15.0691
33.7226
13.5793
10.6285
10.1356
10.2217
51.3191
9.9931
13.7656
12.5268
6.89943
11.9684
17.7075
15.4368
48.4449
9.09165
22.3812
7.13496
20.467
12.7136
14.3203
7.71454
10.0345
10.3403
12.5211
26.8946
10.7181
12.3962
14.2416
19.3543
10.7865
16.8802
16.7485
11.4488
5.92759
9.7128
15.1783
39.8086
10.744
7.2608
6.15807
7.02292
15.8851
8.78719
16.0428
26.9641
6.22751
7.23526
13.0353
5.82444
7.65873
16.254
16.172
15.4838
9.64366
16.6872
9.54182
15.1826
17.064
15.4772
22.0987
14.002
6.19966
11.8945
12.1612
15.7106
41.2859
15.5381
16.6482
13.3315
7.26196
31.1208
5.61573
15.5061
8.09923
19.4221
11.1177
16.2255
18.5085
13.5252
14.1974
17.2338
10.4716
6.89034
16.5066
7.78837
8.91534
9.7142
17.0851
21.3284
8.41427
39.0058
11.2805
9.09088
38.1588
9.07589
10.2969
8.31711
33.219
25.1109
8.01074
14.0502
14.7328
8.63557
28.4361
26.6699
22.6395
16.5568
11.6434
12.5804
6.50587
31.0966
9.04242
12.2743
17.4543
3.87932
11.3011
29.4153
7.13091
4.14936
40.1383
21.7057
30.2768
8.06974
11.0952
21.6123
23.6551
26.3542
14.0631
20.6767
20.9277
10.5535
6.98998
13.5768
4.66524
35.5988
17.5661
19.4643
15.3254
10.7309
9.80619
12.7543
8.11728
43.5093
38.5764
9.39366
27.0578
15.4268
7.68594
7.42123
17.9243
7.87598
8.94109
19.8409
8.99063
32.7008
12.1919
3.8669
3.04231
14.6
12.9282
11.5719
9.37456
13.3457
29.9217
19.5949
10.1958
27.9811
16.7897
17.0639
6.1806
7.23433
11.6706
6.85282
18.3703
6.40268
16.1037
10.6567
11.6381
6.39832
16.066
21.8899
10.6804
17.5638
4.89954
13.5107
13.6784
10.1345
25.4145
7.5241
7.94309
23.3995
20.9865
7.43301
16.4931
6.78242
17.3439
17.2664
15.5671
8.20363
18.597
10.7345
23.2831
15.6369
22.3818
7.7466
22.445
11.8006
2.84936
6.02545
9.95039
5.41926
8.09217
12.8424
42.5928
4.39709
13.9446
13.5536
25.5117
12.2742
18.6775
15.6449
15.5785
9.16083
12.8372
14.0183
10.5621
12.6544
15.1353
25.7085
18.3346
11.1659
10.9991
18.4934
8.02279
12.7337
16.3572
61.2986
13.6
12.9052
10.946
6.65755
8.38995
11.5712
12.2182
9.14796
13.1498
17.498
13.713
15.5926
5.76217
16.6304
8.77561
22.6323
6.01995
21.6672
15.0526
32.5229
32.2515
5.75062
7.82059
3.69643
14.2143
13.7661
32.1599
11.4825
12.1046
9.81936
28.9757
4.90906
7.07728
16.4189
19.9445
15.7338
19.5708
20.119
5.0266
18.96
19.421
10.9116
17.84
22.7495
6.9952
10.1958
15.0047
20.4178
5.14442
29.055
21.9597
16.6025
4.89101
37.7657
19.6701
17.6223
19.4475
10.9965
5.52411
4.73419
15.9083
16.8005
15.2685
4.88292
14.8025
10.8444
14.6269
19.7086
15.8134
29.6361
7.47835
12.1975
24.6876
23.5759
12.998
14.3582
15.7594
15.859
26.2525
19.7773
13.3274
5.04319
6.73884
5.36719
21.5601
29.5054
13.0151
9.51392
22.1315
15.2016
6.35423
2.35459
20.4283
11.1227
14.357
6.88097
11.6766
4.77068
30.1106
23.0802
22.1537
19.7999
8.37583
9.10679
21.173
5.82226
19.3897
16.7058
18.4638
6.97121
48.8544
23.0601
32.8616
14.9672
12.8437
13.2996
29.5897
18.6181
26.6209
9.68784
8.06718
13.9308
18.3038
10.8843
5.86777
35.5285
10.3406
43.2423
9.04368
13.409
9.99004
27.0686
25.901
1.89397
17.0768
14.6843
38.6598
5.19268
35.5045
24.6394
26.4495
10.5299
63.1885
11.8005
18.9165
21.4636
19.1418
26.2682
7.71063
10.9601
16.1358
26.3057
4.49281
6.96502
6.13205
7.34003
7.9761
11.2591
14.7705
12.5755
15.5062
11.8607
12.2424
13.2432
15.6804
19.8557
40.4067
5.86484
13.4428
17.7859
16.1825
34.5669
6.73096
15.2023
8.04682
14.0974
27.3014
17.8602
7.92386
14.9896
36.7824
7.40851
18.8297
27.5008
7.81441
15.0255
7.14564
10.997
17.3206
23.1843
10.3183
29.9083
26.254
11.6935
20.0111
16.4975
13.4926
11.6766
15.0903
25.0539
19.8431
39.107
14.6913
5.73915
10.7327
12.0891
7.01393
27.6992
36.1731
33.8982
7.29711
39.4376
10.5059
17.2983
8.66291
14.829
9.80543
39.4819
10.8165
5.06142
4.69846
6.87258
11.6597
20.3563
5.60147
16.2158
9.40367
7.42691
39.794
28.0488
23.5701
9.5603
5.82512
30.7817
9.49994
13.7666
4.55713
21.4481
4.36135
10.0495
3.31467
26.4771
6.46271
21.5923
11.6898
13.9653
10.5546
18.3954
6.33521
6.62835
17.0244
10.3159
9.17213
7.36229
16.7116
4.30157
20.4066
22.8593
11.0762
10.974
18.106
6.31908
6.30507
33.3218
15.8558
13.4374
16.2253
16.5563
9.03025
13.1042
30.017
28.6629
10.6747
48.8602
15.7102
25.7474
15.5304
17.8041
13.7827
5.25524
10.8117
10.7541
12.1541
11.2561
22.8138
13.7163
15.8396
23.0785
4.55445
15.7642
23.825
15.3648
7.59287
29.7545
14.0564
14.0889
3.40932
17.1543
8.07131
17.5375
14.5678
13.3943
11.1757
19.6438
15.3921
9.50356
11.7168
9.60641
21.1333
24.12
10.5144
5.30406
8.9562
14.1698
7.34054
24.5504
4.45403
21.5413
9.49348
16.0077
16.7005
8.99724
35.4156
6.60986
28.8186
20.3688
11.2472
45.9149
13.4868
11.8259
16.6446
14.8283
13.3851
12.8203
8.23887
26.6829
28.9411
14.1634
14.5361
8.71248
7.34533
22.6019
10.2849
4.42278
10.1576
11.5523
9.0624
9.51071
4.99542
5.17097
17.6731
8.32361
33.3659
10.543
10.212
30.7215
13.3984
23.1495
12.7648
22.1343
17.8522
26.7884
25.2528
11.3794
22.3283
5.15452
9.20697
63.4684
7.93936
18.3637
15.5484
39.7628
11.9038
19.2813
6.6418
5.2552
21.8029
17.6279
15.6952
10.5462
10.6655
4.2218
26.7345
11.2674
10.1901
13.6686
11.3661
12.917
4.91355
22.2612
11.237
15.2909
13.7594
5.38009
21.1833
19.2848
32.7198
8.33827
6.39858
7.83985
16.5907
8.70401
10.7252
24.8766
8.26579
8.4733
16.1389
32.6952
21.9251
30.623
8.05173
8.99359
14.7103
19.5536
13.2518
3.06649
14.8514
11.4936
11.5123
9.83684
30.1191
5.38051
19.5481
8.68401
14.8821
14.17
7.59661
12.2346
9.74857
4.40934
35.0828
16.6727
23.2637
8.45399
29.689
14.8649
16.6264
42.245
7.931
20.9961
11.8658
6.70214
5.73949
25.1303
6.00303
9.6296
26.1017
8.9286
17.1615
15.8988
20.831
22.4912
6.46917
22.622
18.8294
8.63762
17.7161
51.6411
14.5888
7.542
7.72168
7.23436
31.3892
11.4419
9.78781
11.6672
17.0218
21.5871
23.21
17.1202
18.2991
4.49646
24.5732
8.5185
8.98996
3.69169
13.9589
13.9442
10.5098
3.885
15.0759
5.34642
4.6749
56.3117
10.6665
15.0052
4.30551
28.4136
14.6601
13.3399
4.81009
11.9862
16.8926
26.5625
7.79881
12.4998
10.2949
17.833
9.56928
17.1111
7.48984
26.8676
12.9008
27.1013
7.24261
5.49931
15.5761
19.5056
12.3947
23.3106
10.3765
8.88753
16.543
11.7526
8.62109
20.3615
27.6434
11.5221
10.8257
21.1699
4.94708
7.97052
9.99662
14.8776
4.32661
18.649
7.69988
22.8
17.998
6.88972
19.3851
4.34762
19.3226
9.42167
5.11867
16.5536
16.3338
7.56479
12.1998
17.2918
11.3598
6.64177
8.81726
16.1251
13.5797
14.4804
21.8456
9.31415
15.0804
25.3931
12.1835
25.1869
12.3768
75.7927
14.3329
17.9711
10.802
11.6388
19.449
16.6314
19.4732
10.078
9.15596
6.75417
22.6348
9.33107
17.7392
16.2165
10.1134
6.83988
9.91219
6.49896
16.8573
26.5974
19.4648
16.2542
20.6715
8.90877
16.4028
8.33731
12.175
6.99608
21.8234
26.3206
9.4935
15.0456
21.3396
26.4884
17.7024
19.2441
18.294
11.36
10.4376
7.50398
8.10219
29.1768
34.819
12.3254
7.87195
23.2021
11.4001
7.9746
13.2164
4.49225
17.2877
3.85597
15.8366
14.0512
7.54716
12.5055
6.99268
7.43163
4.95163
10.7006
5.28131
7.37001
21.9889
7.82023
7.96347
11.3599
6.79307
12.0981
13.7784
13.6694
13.6509
38.5899
38.3665
11.8538
22.0802
21.004
17.7907
8.40658
26.5088
16.0242
13.467
6.87292
27.1797
14.1959
15.0378
11.4223
22.8104
49.7312
14.4274
12.1069
3.91514
13.6461
6.25666
5.7409
21.9611
7.40569
8.25004
39.4572
8.94777
20.6399
22.1911
15.8954
37.2704
9.48228
26.6827
7.0617
16.0911
3.78921
16.2591
45.5999
18.9668
9.11158
18.9498
9.61925
8.34834
5.31082
8.65
31.8891
6.29849
6.44367
2.29946
8.63959
5.17469
11.1497
4.07208
11.3594
9.59729
17.4331
19.3118
13.9741
8.1732
6.30489
8.33274
10.9627
10.5263
12.0909
6.76861
9.61571
9.92477
16.7445
17.8703
3.30396
14.1808
22.5474
9.15421
24.9959
18.8968
19.9508
21.3983
14.6655
12.0719
11.973
16.1003
16.9891
15.4325
13.3209
47.318
7.16772
10.2593
12.3863
8.55437
10.6591
26.1423
13.2039
13.1458
4.03751
21.2452
26.6031
15.5606
13.7728
9.77863
44.1134
15.3137
26.034
21.3465
20.5616
21.9987
23.2719
10.593
4.92448
19.3688
10.4216
14.802
10.9302
10.0187
8.49975
34.7311
9.73049
25.629
11.6874
3.17724
13.3641
12.1872
18.0582
7.97409
7.68991
48.3113
9.73138
18.8185
12.6769
4.13324
16.014
8.82551
15.6533
5.89893
8.74186
14.4345
16.5119
21.1764
8.62274
17.5139
12.3623
5.80376
11.1159
22.9508
20.5186
7.91552
10.4262
10.6502
9.63767
9.03456
13.8097
16.1429
11.3468
29.1368
4.8488
5.74349
3.94153
8.49549
8.81304
12.866
9.13314
16.0158
9.25594
15.8596
4.16608
11.9528
21.1445
12.2132
13.9229
20.7364
4.20811
19.184
6.9382
23.6342
4.83084
15.2458
25.0327
11.5177
8.27881
9.31642
16.8729
6.23767
4.08943
60.4582
25.8724
15.4285
4.54186
6.63271
7.61357
22.958
5.01458
8.87023
11.3818
3.31652
21.1024
18.8979
15.2904
6.96789
30.1298
28.098
12.1424
13.067
17.7669
12.3479
18.5885
7.02661
24.8482
15.5549
21.179
10.6865
5.93236
5.61594
9.87972
7.53046
23.1137
7.02306
18.4654
23.4166
14.6949
10.1496
11.24
7.23974
6.72189
9.54509
7.88066
9.45095
9.4665
6.56497
5.40117
16.632
45.0978
11.7424
10.7559
8.04977
16.7819
35.3602
16.9559
21.1992
11.9694
21.0705
7.58049
14.4416
3.58875
20.6332
17.2589
21.6639
10.7258
24.8265
20.0883
18.8905
22.9355
42.3016
35.1351
12.2203
6.26055
5.18974
8.77556
42.9152
7.57553
13.8867
8.9507
4.62583
23.1915
7.321
45.1191
28.1379
13.5978
11.8954
17.9014
15.7288
15.0086
36.2396
8.59025
17.8307
10.0696
21.2161
6.45038
9.07035
16.3844
10.2972
7.06284
5.09669
31.7535
5.50668
12.0594
15.1789
11.9533
22.8147
16.2762
21.2511
9.8925
6.52401
6.52779
21.5567
29.4196
14.1207
12.7515
13.0993
16.8348
14.6184
7.65448
6.23436
22.344
11.1317
12.4756
6.70827
7.89265
5.99997
7.23157
21.5681
17.8219
19.1981
26.4768
16.3375
21.0237
20.9114
11.0783
12.3144
8.30837
10.0046
12.5951
25.0805
10.7679
5.90451
8.78471
11.5875
6.6503
16.6308
16.1018
10.0518
8.10595
13.4002
8.90469
5.56871
7.47842
11.6213
4.60678
10.9053
6.11071
8.02423
12.37
6.88805
16.3918
9.64087
6.60044
12.3799
12.1012
15.76
7.89161
9.93484
9.04781
14.7053
19.2563
6.10818
22.9216
20.1561
37.0687
14.2599
8.59612
11.8621
6.01881
7.267
7.18135
9.22183
11.8332
19.7115
11.8184
12.5254
26.4554
20.7603
32.6379
11.4883
32.1607
16.0204
31.2226
8.09327
16.6265
12.6705
17.9146
7.68134
14.3302
6.95327
17.447
8.64982
7.24369
12.1843
18.6406
21.504
10.762
13.5681
5.98991
3.32923
9.98016
22.7882
10.1873
11.6579
15.8294
11.1302
11.6002
39.4749
22.5904
11.7544
4.92876
11.7374
10.0416
9.81873
13.9678
12.65
9.53546
22.9697
22.9081
5.33604
21.8789
10.7579
8.01663
8.68745
7.96039
27.9906
6.97732
8.98081
42.4423
10.23
21.4225
17.6222
5.13835
6.51918
10.6115
12.8417
13.0128
25.7756
29.6243
27.2955
12.8192
20.4722
9.91999
14.7865
13.2883
8.04208
15.8463
11.4827
9.37007
6.47251
8.94894
5.45848
17.9125
19.8225
17.9431
11.1643
10.3006
6.79137
3.34906
14.8826
9.35639
35.2613
8.98543
9.11618
25.3078
17.4386
8.74164
9.25392
7.69957
25.7058
7.97595
11.6396
54.1497
31.7315
5.77697
15.1405
15.5
11.2259
21.4302
12.1243
3.26274
11.6123
9.45774
7.46933
11.0306
19.2225
11.623
5.7468
7.7074
15.6681
15.6748
10.9063
18.2839
11.2342
7.25421
9.01379
7.70053
3.78712
14.4895
18.2338
6.82487
11.5569
25.1837
44.1851
10.631
13.0961
8.67693
9.73535
10.0877
9.69076
12.6784
13.8029
10.4113
10.4886
16.0163
20.1639
25.5629
19.977
18.1893
3.04284
26.599
9.37307
11.8413
5.62162
10.0252
7.78505
7.19618
24.7549
19.8624
35.9461
13.8592
13.0973
28.7955
6.92416
15.534
14.7788
11.584
10.7496
35.0014
14.722
10.6629
13.385
5.93499
38.3027
6.07858
13.6531
9.37619
33.9869
17.9697
7.5928
8.67042
11.9245
9.33588
9.48497
12.4254
21.0668
18.047
45.4555
17.4739
13.2537
18.9131
7.58129
5.68193
16.9185
5.09749
9.74596
5.25975
7.60583
9.19059
18.8173
20.7015
17.4386
9.57668
19.9081
13.9502
15.5058
13.7819
12.3318
19.5905
13.9128
4.04594
7.11644
18.3065
27.8872
21.8826
10.6858
7.09054
5.81818
13.6062
29.1967
9.58453
18.6748
11.596
11.7285
4.64512
11.5718
25.8459
12.8614
4.11221
9.7355
6.17121
25.2413
12.2244
17.174
27.6297
26.9296
17.5954
19.3369
3.51027
20.1553
7.58986
24.2602
8.03699
10.278
37.1145
12.8347
17.0209
7.09861
6.14938
15.925
11.9189
27.9096
9.46875
19.7386
5.21774
38.455
13.855
6.88252
15.6391
16.6192
20.6749
10.9775
38.6727
10.6332
32.8523
8.75435
8.75771
8.33746
8.48276
7.34858
21.7625
13.9749
6.82412
11.9074
18.5601
17.7469
5.91029
24.4399
5.80257
20.0463
17.765
17.9573
7.92411
5.17016
16.09
4.66659
21.8923
7.34432
26.8344
20.2976
9.41125
9.38294
17.5766
14.8591
6.87327
5.96807
12.7562
13.8148
26.8942
20.5779
11.544
15.3292
11.9398
9.43889
10.2369
20.6943
22.8676
17.619
19.7601
18.5784
9.19701
27.898
11.0382
13.1872
16.1099
19.6379
6.37012
35.6521
21.5176
9.38524
22.2536
19.5553
20.9962
12.2173
31.7695
23.4455
14.7439
33.76
12.0144
7.24697
11.7415
9.36699
8.66462
29.4327
7.01897
12.6029
9.74211
8.34448
21.9287
17.1335
11.4235
21.2709
14.5741
12.9221
13.7762
10.19
17.2282
17.1164
5.34519
18.8113
17.5314
9.71593
10.5157
6.8509
6.77435
5.19137
20.1869
28.5935
6.3944
17.0822
10.0021
9.33231
10.7277
14.6198
13.1267
11.683
12.0965
10.56
12.3545
21.0263
14.1614
15.1331
3.21946
18.7127
12.9513
5.86689
26.6906
10.0926
9.325
8.00548
25.5031
13.4518
15.4461
7.81143
6.12885
29.6273
20.5921
16.4116
11.5132
8.70484
13.1854
6.94662
20.8131
10.4876
14.4448