56.2475
46.6174
13.8897
29.8779
24.3899
23.4731
5.55572
10.4467
8.5531
45.8323
30.0462
14.171
11.0238
32.0079
59.6653
47.6206
21.0075
3.94264
14.0552
19.882
16.3646
25.2176
60.4527
58.5529
20.8284
3.14219
30.6218
22.8696
18.1449
12.4772
29.2512
99.9024
15.0296
50.8723
31.9182
8.61553
49.9741
13.209
21.189
24.2021
31.4906
19.3673
52.7355
25.4173
33.2409
12.8341
22.3633
8.29687
11.8932
19.2897
20.6953
13.3408
4.51513
13.1353
47.3428
15.7338
65.1744
15.7724
19.3467
60.2225
29.552
56.1615
22.3711
96.9807
41.8429
28.669
20.2075
51.1488
3.55514
9.42609
19.0266
18.8526
32.9782
17.656
24.2178
21.2574
96.2822
50.7512
20.2308
66.94
20.4109
9.63577
45.1718
19.1938
20.6947
12.5103
33.1233
25.8244
27.9802
15.7441
12.3501
27.7924
3.71624
40.6972
51.5986
59.8803
51.4208
12.6643
23.8935
25.6248
15.8452
67.2658
38.3357
64.0319
41.1356
53.4358
46.8866
30.8434
12.5102
11.4572
64.4648
6.40818
11.3608
6.86927
38.1733
34.4379
117.728
26.632
34.3673
77.2563
31.532
44.2567
31.2164
121.716
68.8329
29.3159
4.07475
9.25895
44.8685
100.172
14.6447
7.80163
10.7528
11.7745
13.5082
53.8006
11.6978
66.7069
35.9553
75.7311
30.6002
16.0792
6.76563
15.0772
13.2189
59.3439
72.8629
16.7405
20.7891
8.98932
21.1079
36.4738
19.9874
43.5402
47.0991
40.3923
24.3602
6.35217
21.4138
8.83486
10.0408
13.1016
55.6044
18.7571
17.2006
28.4662
26.5146
21.269
23.7932
24.9311
54.0888
28.2111
10.2063
11.0095
18.8209
52.2441
24.2429
5.78246
27.9171
38.4756
42.4503
50.4311
8.59223
43.9913
25.65
27.2901
22.0863
33.3526
56.5966
20.3671
9.91039
5.3128
7.87601
18.3242
73.4186
7.46602
12.4714
18.3099
14.4614
35.9605
2.41441
34.3548
3.70801
31.0921
20.0546
9.20076
81.3593
13.989
8.1519
19.3648
17.331
44.4437
49.6683
9.6437
26.7914
7.87095
20.4437
17.1724
34.5254
9.35249
47.5904
47.4104
16.2751
13.8287
90.3353
28.708
9.73431
18.7523
71.4054
40.1073
17.1395
8.12947
76.4296
9.81038
33.8904
14.2459
97.8334
9.57774
84.9863
11.4045
48.3091
16.932
50.3453
25.8227
17.1254
2.47183
15.1175
16.6601
19.4133
33.6514
41.2546
40.5283
29.5362
45.0664
10.3329
17.9256
25.4487
28.5742
14.9979
9.63002
32.0369
8.07235
20.2728
49.6953
19.145
7.68994
18.1337
18.0892
17.4823
17.6057
7.67777
24.3026
5.88395
111.266
35.7716
35.6932
9.53485
14.5931
36.3225
24.0144
14.1279
16.5943
22.2463
68.3566
9.15919
24.6901
12.0117
20.3978
59.9235
71.465
5.46017
10.0163
6.06825
28.9473
31.4903
27.3079
4.94126
23.5972
27.4455
18.1841
39.0416
35.5803
6.67364
31.2051
28.8649
17.5097
11.2407
8.72404
10.9807
75.5618
29.6385
19.4505
10.4505
17.709
47.6729
36.7976
35.7524
3.69075
61.4277
25.1159
10.8433
14.8135
7.69176
23.3783
14.1879
9.75405
53.5193
5.46962
22.0619
20.133
17.17
15.2599
15.1057
54.0715
13.0493
9.69732
4.69809
70.0226
80.7998
6.57471
38.669
13.0507
7.34516
6.20163
30.1571
11.5499
30.9134
15.9769
8.17871
47.845
25.9623
27.4476
10.4971
66.7285
18.045
4.91767
16.4676
8.80997
13.1148
30.8211
14.6172
67.9188
15.2895
12.981
4.60906
57.3304
18.9624
43.9768
48.3983
9.85872
25.9983
70.9794
36.1201
4.6521
29.4604
14.8396
26.611
23.2974
87.602
2.58999
22.4797
10.3039
35.5071
8.2506
22.4364
29.1234
30.3733
10.2576
26.9468
41.1011
6.94964
30.5498
41.6026
63.8949
25.3085
9.34715
13.5798
14.1557
76.0524
23.4848
30.3387
6.83233
10.0299
16.6748
14.9286
27.8541
25.4394
23.7759
8.88868
22.0565
99.8524
29.6891
13.0473
14.1451
26.7444
30.084
5.82656
38.9868
5.33082
25.1593
7.82333
22.9619
17.2933
58.2467
23.3696
20.672
18.0345
7.54279
2.91982
9.60186
40.5078
30.6239
24.0611
12.205
64.2886
54.4684
3.54913
8.82642
72.5463
73.4412
14.8386
20.6973
8.39051
2.99312
22.9605
17.6851
26.4445
13.7368
11.4034
8.43105
9.05158
28.3429
34.3884
26.0373
7.34021
34.8173
10.5683
12.0016
61.5425
10.4985
39.7058
14.1647
14.755
24.9483
6.99911
11.6562
19.3557
6.79266
9.41998
56.8917
12.7053
43.0408
13.6663
84.515
15.1663
31.3159
48.3061
9.47867
33.7752
17.4342
8.37421
20.1245
6.67968
29.9273
37.4507
29.7989
46.6271
65.1503
5.41983
18.0957
75.1966
51.1131
111.62
67.0146
7.06412
14.8995
49.2451
20.0679
14.749
13.2936
22.899
28.4634
15.0886
16.0828
81.4821
93.9849
15.161
15.4584
5.98474
27.6394
17.7934
5.20536
34.7117
14.8548
49.1685
9.30613
15.1145
12.0151
20.974
16.6747
22.9886
71.19
25.4474
11.5279
7.00792
14.9093
22.506
32.4461
22.0296
15.7575
75.7226
17.0544
4.24413
42.2416
14.5911
30.9848
70.5992
11.8953
46.1582
26.0762
29.7447
13.3032
13.5995
43.0412
52.6707
18.7386
26.7836
8.47248
23.866
17.8914
13.5319
8.12721
29.5385
23.9305
34.9838
12.386
11.316
17.6267
3.11013
15.315
11.1901
16.552
30.6115
12.7391
52.4604
37.4006
40.0893
16.2882
21.9334
22.9356
15.8219
27.0139
113.744
43.1413
6.45465
34.1449
18.6477
23.8699
5.26386
20.4517
26.2781
21.7532
38.201
56.6606
26.6956
73.4474
12.1614
26.4499
48.064
11.8539
61.5849
13.3044
26.7825
22.7774
12.3683
16.1972
15.867
28.3887
10.7882
19.1342
9.61546
53.2699
54.7906
11.6307
23.0212
20.6433
37.8888
54.4401
24.852
47.9154
36.2267
89.2272
14.1234
62.1306
48.6682
5.06155
35.5959
29.6381
44.3793
13.9256
21.9598
15.3005
6.85319
29.3862
44.531
7.52377
8.94447
53.1905
26.5578
6.65036
19.2742
52.2536
16.3803
18.0907
5.03189
30.0097
12.0018
67.3352
60.1271
8.72843
41.6266
52.1837
10.821
30.0052
57.2966
52.0382
4.71327
37.3314
51.2402
8.30236
8.1909
30.5065
7.79383
11.0635
34.0022
153.45
86.9879
4.26687
22.4091
28.7157
5.98702
30.3556
92.158
44.0807
42.4612
56.8002
29.6646
30.4142
40.4567
10.9823
3.53362
14.4207
9.88742
20.8828
29.1885
15.2848
32.9666
8.82727
57.2318
79.1659
11.8297
17.7985
27.7932
23.3719
26.3548
71.4254
49.1687
50.823
9.30588
25.7943
11.0849
47.7111
44.2103
4.56653
77.8318
19.438
58.7215
37.4033
77.3761
70.1071
13.5605
18.3564
27.0988
19.9009
7.83861
30.7948
10.1707
96.6392
33.0472
10.4892
11.3979
21.1784
8.05123
54.043
12.8452
38.3928
21.3192
27.9995
13.8617
34.9581
41.8971
37.5196
25.0463
32.9967
19.2985
43.7753
18.8999
29.8962
24.5384
9.58141
41.2901
64.3548
25.6672
16.2473
9.75539
18.3406
11.2381
16.6221
17.8852
6.7171
24.8623
10.3212
46.661
5.13483
37.9107
20.6513
41.8917
44.47
11.9043
48.1419
22.282
25.9184
17.4704
40.8302
13.9304
11.9857
20.8822
28.9238
24.8254
32.4074
30.2344
30.8919
43.5007
46.8671
36.9848
6.42425
7.27987
62.1654
55.0154
24.5577
16.4089
9.43102
22.8159
7.78154
8.72821
49.2771
21.3418
22.8044
32.4787
28.0528
59.5477
6.42907
14.9565
19.4837
5.31267
3.11622
5.10234
22.0954
14.6526
28.8768
13.4024
27.1419
10.767
27.2298
9.02285
12.0042
11.3892
13.81
17.2798
32.4132
7.77239
25.6766
6.60749
16.6035
28.0904
26.3591
23.3362
9.83332
36.0598
22.0533
16.1902
13.4595
8.99451
7.75569
7.9039
8.09597
64.2212
47.3691
7.72516
34.1202
64.743
17.3123
48.5889
14.4507
28.3825
10.3193
4.42861
16.0157
24.1126
30.2266
44.9671
12.2196
13.1159
7.60055
32.0707
16.0105
17.827
80.8284
18.9763
41.2318
35.9283
20.3737
10.274
91.4316
35.1893
7.49864
8.4935
35.7311
42.642
26.8984
16.3419
55.8372
15.7382
5.95984
43.591
7.70424
26.137
15.6614
16.6535
20.098
23.1084
46.5467
22.0378
34.7741
14.2767
45.8836
77.0202
33.2346
20.0689
28.5576
103.615
62.0362
16.0741
8.60821
17.4907
13.8633
61.5937
39.1295
3.17126
5.8601
95.6551
27.0245
14.5567
38.2348
39.9841
9.42712
12.8191
22.113
29.1913
12.8005
19.3313
54.807
8.24317
42.7233
60.7221
6.65619
47.0828
22.6122
33.7953
6.7881
26.72
21.3048
56.0854
24.9672
11.4078
24.9757
50.9337
26.7578
9.61591
50.1898
38.3158
114.236
19.4073
30.9303
14.5457
22.0458
17.3438
6.39582
14.4392
34.6968
8.52336
61.7932
9.05251
27.9868
23.3795
3.68302
10.6278
33.7287
42.9672
5.18977
21.3272
22.2558
31.558
7.49369
30.1674
7.09599
20.9122
2.23891
7.67696
45.1328
25.2154
43.9766
39.519
11.4887
20.944
22.8786
92.7533
76.7511
20.5579
41.1929
10.774
17.2577
2.21848
138.999
8.4033
7.26597
20.0501
38.8165
12.8429
58.0847
23.1338
22.0214
43.1306
11.9388
43.5891
14.4962
17.5607
27.1535
28.1172
6.64013
47.79
29.2168
31.9962
8.76991
11.9583
10.2748
83.1941
21.3664
19.2921
32.2404
4.67115
21.4147
41.8015
16.6619
23.1562
12.3806
8.25588
30.2934
17.7341
26.7647
26.9971
22.8809
20.3478
17.8288
10.8816
10.3343
10.885
16.7999
18.0216
73.8595
6.98519
23.8394
14.5676
31.9553
32.8696
9.94883
22.3986
11.5804
28.9055
39.9129
4.53507
16.1678
30.4577
9.85041
44.1766
12.9938
3.80702
38.845
60.45
42.7633
15.6658
8.46667
17.4649
29.8073
131.355
48.5399
56.3434
44.8978
16.7072
13.8249
7.56432
25.4521
26.7323
10.2391
11.8335
50.3256
115.849
24.5934
25.4251
44.2123
37.0542
32.9716
4.01674
19.6251
27.2401
11.3627
26.5781
14.4215
43.3672
19.5579
39.1972
68.9857
13.7468
15.4647
30.0715
124.938
31.933
13.4672
9.63118
25.7304
21.7345
48.4243
15.67
15.3193
39.4696
17.4336
54.6699
96.9953
9.45717
3.25155
23.3183
46.2547
31.8399
20.6581
128.741
23.1741
10.1467
25.1451
4.31296
29.7924
13.4488
58.0917
19.3212
13.5531
10.0437
10.2997
30.9138
17.2339
33.9564
34.2635
25.8928
37.5608
39.2123
43.6952
36.2649
41.289
18.2161
19.6117
36.5218
34.5575
21.3718
15.208
8.56529
16.2714
15.1441
137.779
20.9746
7.15395
54.4448
18.844
19.854
14.4255
15.8471
74.6084
19.7972
22.4755
61.1386
58.9453
18.1731
17.1452
6.46694
127.35
19.0824
9.56607
9.87105
17.6734
20.3499
35.2372
30.9435
14.7594
15.5073
14.6591
22.8191
29.8244
60.4541
23.7227
79.1276
5.65234
28.4449
33.4022
42.9948
25.9773
54.1136
11.9345
6.67755
80.2612
15.0151
9.10172
37.1076
50.1289
3.02353
25.8002
43.6075
34.4941
45.017
15.907
35.0686
9.58285
24.7413
29.3571
13.9404
20.2517
10.5326
22.1216
18.0469
19.0502
28.7078
9.09633
11.3456
39.3921
66.6133
60.4143
8.77777
23.0086
19.3269
32.0103
21.2617
54.1315
28.7202
24.9318
63.1194
10.9151
28.433
14.7346
28.4194
53.0369
40.5712
11.3096
46.1095
36.3659
7.4827
17.9972
24.0549
22.6922
18.2081
41.4163
2.84873
10.1489
15.7168
45.258
49.7515
10.3368
23.3645
28.2698
14.9322
24.6894
19.94
102.863
19.8461
15.0018
30.9635
45.5633
30.9881
16.1926
40.5776
5.14252
9.16023
33.9365
64.3606
18.9076
40.9367
107.306
8.87014
6.45117
7.55364
5.3887
14.3706
23.9526
26.5837
163.013
11.6242
5.42076
3.48224
2.81657
26.09
8.66883
121.821
21.7516
6.49012
25.8892
37.4078
21.9753
91.8132
41.5533
5.70171
19.9897
55.4236
4.46981
18.1449
27.9468
19.791
11.6693
9.61374
32.7182
17.8943
55.4961
36.6927
56.3049
31.0855
16.1855
42.646
43.391
9.87452
5.32253
26.8285
9.25538
67.643
27.3411
29.2018
14.9961
21.9551
39.3794
74.158
17.831
37.4726
33.6627
74.6326
5.65343
18.6757
13.3548
13.8112
20.1521
6.2754
15.304
28.4554
15.9172
12.0781
5.9721
85.8561
17.3837
72.9952
47.9638
23.8211
41.2771
28.5126
36.2468
17.7041
26.9142
5.20945
15.123
63.9393
42.268
10.6913
77.9486
37.5104
10.1048
16.2699
16.4242
12.3314
12.576
49.5563
45.8318
5.11726
28.8898
9.51452
99.8247
7.90573
9.39898
8.10076
37.5611
52.7985
34.5335
8.93225
30.7938
9.44532
56.4821
7.58348
8.41534
39.7783
43.1308
8.88298
58.6965
19.473
41.561
14.3671
41.3354
37.9165
23.4858
14.8073
9.55651
20.0812
21.4214
8.78879
11.4433
17.3861
13.8723
22.6475
32.7192
32.6078
10.2312
11.2844
27.0938
15.8469
35.4838
10.6286
3.39026
23.0575
16.1332
15.7393
12.933
16.9342
15.3729
20.5386
66.9833
25.9132
14.2206
18.6761
56.9264
38.4968
33.8125
22.4904
17.9317
96.5748
30.0109
15.5375
9.49214
17.1693
22.6219
25.2225
21.7822
9.1008
19.4999
11.4736
21.9135
18.4064
76.4428
30.9518
25.4324
27.8753
34.5545
15.2729
62.6735
7.05992
14.8224
16.6463
20.8569
7.60135
23.8233
25.3441
23.2619
46.6202
6.73925
81.4664
8.08992
21.6734
15.8683
42.3575
17.4542
11.8153
6.73036
14.7239
9.21288
34.1409
51.331
33.6287
14.5878
8.26448
12.7569
11.0803
9.46748
46.1768
11.7762
26.014
31.6903
9.00668
6.32794
83.92
38.1517
91.5306
13.1699
41.2772
27.3889
44.4529
13.5088
27.3418
48.6803
6.49337
25.9477
14.7533
36.0112
11.564
15.0843
21.6173
22.4321
18.1788
7.64222
6.83935
41.8779
7.5131
21.4084
10.1086
14.7957
22.5961
12.0804
17.4958
4.77017
12.0467
19.171
24.2471
2.90665
14.0162
9.96065
14.0144
16.4321
41.3272
8.90814
58.2051
16.8692
14.0876
58.4657
37.3956
13.878
16.9477
8.37719
67.0047
13.7988
27.5568
7.60565
62.4445
36.3784
52.88
34.5954
10.4808
20.9166
43.9068
80.694
28.9396
21.315
15.8436
49.2508
20.7582
7.37404
43.6221
9.7131
5.1557
5.30894
14.2747
55.5617
9.46525
27.456
9.99056
11.4786
45.9246
31.8255
13.3198
26.343
45.5114
39.3345
21.2251
32.255
3.66961
24.8644
10.3576
24.4665
38.0053
11.3378
15.2984
18.6719
34.7285
15.2775
26.5352
11.2866
21.1611
12.0213
20.3563
5.22961
33.408
22.7107
16.3075
78.7675
8.84291
19.0271
27.627
32.3277
11.3706
44.6827
12.8262
11.8218
9.73812
6.68714
41.4373
33.5954
42.6949
36.7432
9.2334
22.5024
19.0319
65.134
51.6949
24.6496
6.59981
17.4206
16.9978
14.0857
14.2574
12.1741
18.6303
27.1396
6.59372
10.9627
17.6
7.03529
38.4237
3.73889
6.0654
5.87425
43.012
61.3935
11.6848
61.5972
8.28617
20.9263
10.1079
18.2302
22.7666
31.9521
53.9327
17.1518
37.8692
9.22371
31.3583
26.2065
5.50119
13.0671
22.8893
42.1862
26.3648
85.2007
13.832
13.635
100.424
10.2702
44.8508
26.9536
35.7209
81.6542
16.6817
22.567
55.0462
10.7675
90.6775
20.2932
20.666
15.1308
11.4234
6.67311
8.11094
22.2183
17.2324
33.6641
21.4831
55.4869
15.8165
66.4474
16.0484
36.4392
16.2275
37.4382
27.7372
29.0244
16.0051
43.066
22.6974
17.5619
89.5642
8.60178
8.66831
11.4301
6.49923
40.7577
47.0978
43.6566
8.65418
17.6749
17.9956
59.1487
31.0982
73.7258
28.8517
22.3335
40.0135
71.2498
23.7305
19.9874
28.4032
36.3593
29.0125
6.30857
14.8395
10.2745
33.8875
7.68358
66.6938
40.0524
7.49949
49.4402
37.9233
11.0521
30.3713
23.8473
70.3896
19.5035
20.1335
72.322
30.9415
19.323
10.7296
19.7307
21.1301
15.8679
30.0611
9.47361
36.078
3.99706
13.6983
14.0335
12.7812
45.3255
39.1111
45.1379
15.1857
28.3853
18.2834
5.55283
29.1398
22.3065
9.09333
5.15683
6.02398
55.6392
7.95683
54.8285
14.411
10.5103
56.0378
7.88935
36.8873
6.8131
17.8013
10.2777
27.4418
12.5254
11.0862
19.197
10.8654
31.9996
20.3387
31.1511
115.764
28.6907
37.7744
16.2913
5.41159
5.97172
95.0547
25.8672
10.3747
22.4256
18.4731
26.8643
6.4791
47.8675
38.947
21.6746
18.816
12.0275
20.4543
93.4734
7.35659
47.5882
22.6584
59.6727
8.60365
25.3871
22.5721
36.9015
19.7731
27.292
38.9146
25.3252
29.1709
29.2447
49.8146
20.68
111.069
53.0949
11.6157
25.714
4.42956
11.4497
50.2632
3.88538
13.2246
6.75553
43.6755
19.1807
44.9632
19.5265
36.0579
7.61536
37.4673
25.1719
26.1222
11.6544
40.7569
30.3244
25.7815
62.4815
16.8027
19.5655
50.3288
44.5367
7.01818
29.2066
29.7744
11.6052
43.355
30.352
29.7802
3.10056
40.0435
13.9582
74.5546
42.2284
7.46751
38.8755
23.2949
22.6871
138.25
40.4052
13.242
23.5784
21.895
15.0895
20.4046
18.9472
15.708
8.08971
31.7155
64.7109
13.1268
38.1842
49.1075
25.9992
37.7453
9.77487
9.95957
7.29305
42.0469
30.2363
13.2523
11.3313
15.0593
30.3208
24.4445
35.3562
16.738
51.4608
13.0539
43.7222
38.895
82.0593
104.457
23.4883
67.4585
28.2764
7.97684
10.8328
12.5867
17.0762
38.9871
4.89496
44.4786
30.0748
5.79894
36.4228
35.0192
58.2585
34.4483
39.2724
37.4531
12.4966
7.88738
56.2611
55.7353
11.202
37.4354
11.7944
13.709
6.76396
15.5163
24.291
102.746
22.7788
13.4068
9.08546
28.4682
18.5374
40.2559
49.2401
13.3747
22.5223
93.3302
12.9602
9.20712
19.0735
28.3167
10.8079
6.58216
54.5235
10.5376
19.9191
23.7743
31.5818
30.164
43.5641
23.0399
41.3224
10.3864
31.5981
53.3042
7.41384
65.4257
23.6108
17.3621
8.81794
28.8251
33.7861
10.5956
33.8604
24.606
10.1454
26.0943
14.8138
4.04404
32.7792
48.9243
6.28832
7.53161
23.1011
39.4278
6.17561
18.9848
53.0397
17.1216
27.1412
2.4553
13.1975
68.6852
56.0472
33.546
18.1894
78.5859
8.57381
26.9953
9.75941
17.6796
36.6705
13.8099
28.7715
142.495
23.7509
17.7431
10.8739
37.8818
10.2693
23.8104
49.7128
34.158
29.9924
2.90503
38.3483
70.6937
41.8364
25.4072
61.8223
48.3433
10.9614
10.1994
70.3384
8.87828
15.0146
8.01631
28.3204
114.92
24.3938
15.1439
12.8727
58.5799
39.1979
22.2164
40.4181
26.7512
13.479
6.52423
12.675
7.16815
21.7623
22.3496
20.3366
55.3908
22.2346
24.1048
6.4194
49.4061
15.3476
51.6523
9.20174
62.3358
26.7252
13.8521
16.0095
13.3226
20.3265
10.233
8.48515
25.0921
28.1711
6.67622
2.94945
9.22579
28.6252
11.7324
28.1117
29.3298
25.4986
17.9903
22.6777
6.36613
25.734
24.7824
14.3161
55.237
7.66587
67.6348
75.1808
12.7951
18.0549
29.5644
16.6256
38.2605
21.8865
53.5445
31.4781
7.97805
25.9859
12.9856
32.0599
9.83157
23.1973
69.8079
29.3332
15.2497
29.997
3.32228
55.2848
33.0577
19.6823
67.4182
36.5617
34.1382
27.3534
23.7673
57.7442
14.9975
19.643
21.5426
60.0805
17.3478
54.043
21.2105
27.6102
56.1649
56.0952
16.686
16.4906
16.6879
22.4163
35.3102
14.3457
10.5266
26.4426
21.5429
47.4888
13.2739
33.0527
37.7425
21.219
4.88847
10.2065
60.947
35.6698
31.8477
10.1631
65.2336
34.6937
22.3515
18.4293
11.6344
89.2914
11.627
40.1147
12.5611
32.1242
19.276
16.9838
11.2454
62.3828
40.9111
9.34687
33.8589
16.4556
29.9477
16.0787
36.9384
59.58
34.0462
40.7862
5.46619
38.4487
12.1547
51.456
19.4348
80.8732
21.3509
28.4614
27.4923
103.146
41.3358
57.5035
43.5457
95.1666
71.9607
33.6947
15.2511
32.9502
78.9798
74.0559
19.8184
44.0632
20.9556
20.0395
30.4154
6.4377
38.4784
31.7389
4.42234
20.549
39.7148
21.1892
53.4826
28.8918
39.6345
26.1882
71.1283
10.7874
58.6455
49.7379
17.0063
53.3817
36.6307
11.6364
54.7256
60.3103
45.0743
17.3426
27.8598
12.4075
7.24981
10.4386
10.1764
6.39838
9.24006
26.0838
13.4942
5.63923
26.4956
23.5585
31.0747
52.0455
5.90817
6.4565
19.6775
21.1218
33.5998
30.0839
19.0683
56.2192
33.6656
30.0974
8.13563
10.118
9.08215
4.10617
9.81042
21.2329
13.4914
46.4679
14.429
29.9049
21.2608
38.4152
101.563
35.5795
9.80875
12.5686
26.9583
86.1525
16.7518
26.9362
19.4356
63.4037
4.6717
19.567
6.30905
20.7241
77.3979
71.1759
56.5619
8.47741
12.0487
30.4602
3.78591
41.5812
8.64412
11.722
5.42042
80.8826
29.1245
8.56175
22.9457
28.8136
37.1928
12.5572
45.5015
16.2923
15.7315
15.7033
12.3221
5.24013
22.0946
28.7155
46.6193
13.4558
56.7461
39.9916
31.5357
19.9734
32.046
14.7305
26.057
21.704
35.786
14.4295
11.1091
8.82247
12.8022
29.3081
144.173
41.6313
49.5807
14.0442
9.89097
41.6333
40.513
30.1082
9.20031
23.863
15.3941
18.6634
14.8241
144.299
11.2827
38.8789
31.8966
24.1085
16.6674
12.0829
131.207
99.6416
13.537
17.8047
9.26252
34.0414
60.9363
17.1773
11.949
19.6727
15.2605
13.8757
23.7436
59.6003
33.1938
34.0071
8.43787
17.9564
8.79398
15.5005
62.5693
16.1374
18.1011
18.8924
21.1804
8.42255
71.4975
8.60873
24.714
15.9677
27.1795
18.3666
22.5155
15.9209
8.58732
55.5337
15.5832
27.9463
21.0276
14.817
87.7255
50.9084
23.3349
8.37335
10.842
42.9176
41.4934
20.2816
23.3005
73.1422
23.1286
10.0299
11.4955
5.85219
15.9429
58.4912
16.6145
40.6634
18.9802
37.8149
7.19399
65.9941
28.1847
32.4524
32.8775
51.5296
27.8723
15.0766
27.0845
34.7323
49.2355
20.6169
36.7361
23.4611
7.89035
11.8429
22.0338
32.9468
3.24546
32.9292
15.2605
11.4418
15.2012
35.9117
16.3949
17.7965
5.32015
5.18544
21.8195
23.9768
43.9417
33.3386
23.5714
17.7574
7.75249
11.8333
45.993
4.75632
14.0196
5.4748
68.31
18.6273
11.7487
20.387
6.73404
74.9456
20.6757
16.0916
32.1889
42.8242
35.9206
7.0446
69.8073
10.8965
4.43115
49.8178
12.5163
27.4837
7.04039
18.0927
37.7735
9.18861
90.8168
31.4226
28.6634
7.72777
30.2162
62.0004
15.5748
7.11115
16.2524
21.0187
67.8247
20.3036
20.0769
31.7565
36.5818
16.2382
11.0064
52.4722
58.4021
120.865
73.5978
35.7318
96.9654
21.4785
13.2974
33.2854
15.8569
11.6919
26.3168
8.90486
18.2515
25.227
10.7948
10.5678
6.61058
14.37
6.78018
58.5753
33.9668
23.3355
15.9307
12.5399
53.4083
16.6912
8.2075
11.2108
10.6588
63.4093
61.3355
3.1193
74.471
21.9964
5.43936
34.0901
39.5104
17.4605
43.324
61.6573
19.8015
56.5361
19.686
16.3717
39.5568
20.8657
19.4312
11.3468
5.88321
26.0449
19.5016
10.8781
6.19079
22.8507
35.6102
145.1
11.6951
41.5475
12.2963
40.6381
20.9814
48.3876
13.9492
23.1794
17.7367
9.33836
27.9725
18.5392
72.7862
19.1093
70.6643
32.3003
64.9085
43.9079
48.8804
6.62403
23.009
34.3076
17.5789
9.17559
13.735
24.035
5.74729
98.3755
101.337
23.2382
33.5335
19.2706
21.7051
22.9521
66.9004
14.8227
26.1907
14.495
15.5719
15.2207
88.7469
87.3467
49.6187
16.9176
18.5464
15.0874
39.3068
22.3511
3.90668
21.4299
70.5185
65.7666
7.42106
9.79567
6.99332
37.0186
29.3474
12.9124
63.3912
12.985
17.8145
11.9501
26.2796
19.4388
33.2551
24.1322
29.4079
20.787
57.7915
37.4586
24.6448
30.967
15.4995
21.1514
35.9924
15.3416
11.7703
92.7024
12.2516
25.6258
20.2647
29.3412
35.2136
23.8526
115.564
4.79088
34.2596
12.3941
64.6417
17.5338
23.6079
32.4854
12.0546
19.7665
12.3203
40.6868
6.92947
11.9962
45.6434
14.7971
20.1565
31.9513
55.5174
4.15268
67.5797
45.5087
12.4977
17.1011
17.3823
26.9664
32.5742
10.9254
41.8054
22.6601
25.0265
18.9968
82.4049
16.2154
71.5577
38.5897
45.6438
23.9903
10.782
29.2543
29.2226
24.8303
14.9929
8.21638
23.8447
83.9385
84.2146
38.4387
26.2445
20.0028
11.7727
35.0014
15.8669
4.99642
31.9794
39.7928
32.9697
8.46752
36.0283
12.1735
33.2517
14.3693
11.7488
20.9095
7.40672
26.3257
37.0866
19.1493
13.4069
3.78543
19.1392
7.37375
55.2375
13.5185
13.5658
11.5063
20.9364
63.7023
5.3504
40.3914
61.2119
15.6463
14.0115
88.9826
14.9688
6.22343
24.8979
10.7229
46.5567
28.1831
36.6494
41.1253
7.01172
18.424
51.3992
20.7096
45.2099
20.6986
42.0171
6.38857
53.5656
14.2266
2.71794
107.184
22.1353
10.5151
49.6948
16.8179
53.5459
41.8503
22.7138
15.5656
9.20099
54.2817
3.88312
14.1807
46.0021
20.7287
60.1323
60.1552
5.65833
11.062
16.5593
45.4432
36.0878
22.7051
60.5294
42.0189
13.0139
78.8275
16.7642
82.296
60.538
39.9196
82.2001
13.0291
18.5078
27.9037
10.0777
14.1864
65.5043
73.0818
32.6294
21.3457
26.4004
25.199
41.9472
11.8851
18.5726
17.8914
23.3178
50.9471
24.0658
12.1329
29.3198
6.47932
35.2726
20.7338
17.8061
22.7386
3.39598
5.0596
31.8709
15.9411
28.8041
22.3553
27.0448
28.4659
29.4505
72.9252
83.6075
8.19439
41.2871
63.3446
15.8447
3.3944
44.4984
9.59955
79.7557
21.4184
13.2866
31.7605
7.05295
16.555
60.828
24.0145
51.5666
24.8506
9.5991
16.7128
30.4717
12.8747
12.051
22.9181
16.4385
19.738
18.4669
49.0769
14.5151
24.2467
4.86188
13.529
4.42746
18.7847
39.6381
10.1364
54.2399
50.181
27.9762
29.1535
16.5038
5.5122
15.4649
28.6157
23.9278
9.73109
13.1834
10.7518
17.146
21.7019
19.7935
19.9335
13.6402
30.6245
37.8587
8.03428
52.0785
23.408
48.9841
18.8592
20.7053
28.5385
18.698
30.8868
7.8579
23.2496
29.9716
6.18441
92.6935
24.4446
6.50507
18.0194
30.9542
12.552
11.7889
63.5505
26.459
18.3787
20.9552
36.3375
42.3722
17.2934
35.8375
29.6498
44.0229
67.8681
24.1276
35.8926
25.0974
24.1233
135.202
41.1399
7.57022
9.44309
9.19428
20.0908
38.0442
39.5666
26.1194
47.4289
58.4495
10.7722
51.4901
42.5115
40.3949
13.5225
11.8372
30.8361
14.9296
32.7418
4.97827
13.914
19.6403
11.917
21.0046
10.0834
55.6577
17.3144
36.9872
65.681
56.7322
7.2359
29.3023
78.758
17.0179
20.2716
18.0738
113.107
15.6258
48.5806
6.46119
28.5758
21.677
47.0509
10.4105
8.35533
24.5309
7.09693
85.2723
57.5241
14.1878
32.308
21.9089
55.1841
69.3867
42.4169
8.505
27.3361
9.27988
7.98427
48.6219
9.78687
62.5834
15.4689
33.9017
23.7362
12.9606
47.3017
20.2124
26.0925
30.6416
10.5839
8.21588
21.9184
15.4409
14.0107
35.9838
11.429
65.9633
23.0072
23.2514
40.7432
12.8929
35.0568
76.1373
79.2234
32.6182
11.4923
15.3656
21.2799
3.56696
17.5253
13.1677
6.08395
40.4739
10.334
9.91024
71.5408
3.41721
4.92267
21.6374
29.0828
34.8195
10.7158
21.0786
52.9631
10.6079
19.0442
37.6892
58.1346
10.8455
14.5037
42.3837
8.77258
9.68077
34.6445
18.2535
50.0593
49.2029
24.1908
20.6386
21.765
5.2179
31.0839
34.4911
23.9258
33.2165
4.35049
36.3069
12.6151
30.5263
20.3936
16.1354
3.68698
8.44616
6.41897
17.0888
9.38419
30.3116
10.7776
14.2389
19.7115
46.5341
10.2427
15.407
35.769
34.1147
5.71209
31.5014
27.4651
11.4493
15.8147
13.8647
53.3259
13.704
15.4407
14.2018
80.8193
15.6399
14.8901
12.8151
99.279
18.0675
17.0284
22.715
9.90135
60.4278
44.0994
19.2792
25.2265
49.3867
6.02258
45.3711
19.0582
36.4367
17.6494
13.7113
21.0948
27.5695
20.9203
13.3516
16.5352
33.0865
37.1132
5.0371
37.8676
11.6232
10.3821
20.838
80.0996
16.0591
9.20482
14.3404
15.4738
24.5464
26.6194
16.8674
60.2187
36.3608
6.81331
57.0184
3.32475
79.036
19.3965
28.6431
24.7947
11.2627
7.36176
70.046
20.678
8.88177
35.3671
10.3619
8.58569
24.8198
16.2619
26.2163
29.031
9.87095
16.0038
9.68853
7.45245
30.4688
30.8421
32.8564
59.2171
14.1708
56.6584
53.44
58.7282
13.9918
9.27608
15.577
27.8574
47.8574
52.8208
19.3558
65.1669
14.3246
55.5324
51.2975
13.78
48.4354
59.465
17.5591
13.6355
21.3537
18.4991
44.9365
30.3155
7.51871
15.5628
13.8932
39.2482
41.7183
33.5926
11.5392
30.4153
71.8428
7.87067
13.4816
32.8305
8.10073
15.2966
10.1083
14.9208
17.8638
11.7176
18.1782
11.6547
37.2994
21.2822
10.559
23.2131
13.6061
66.102
10.68
9.58152
14.9579
8.49117
1.73464
86.3135
18.5253
17.0764
67.1241
27.8976
10.5578
8.32091
7.24145
10.3038
6.20092
65.1938
64.389
96.4143
11.7464
16.9049
16.1227
33.5741
45.9271
6.50927
8.53154
14.735
55.6265
63.8661
80.1768
18.5622
10.3129
21.7515
45.8585
32.0454
13.5673
7.02264
46.3253
15.5255
17.3951
25.9751
24.4505
36.9002
15.6501
4.3483
22.8109
25.3757
7.68707
8.72247
82.2538
13.7026
27.1873
15.7086
25.4294
14.6925
8.1864
56.6601
68.0586
14.3048
17.602
20.0316
26.2869
35.7708
21.969
24.0318
19.9499
53.0203
37.6261
56.9936
23.43
11.7351
33.6952
23.6069
20.6296
13.8631
39.056
73.127
19.5438
17.9499
5.94341
7.9994
51.6719
37.2921
44.2288
6.6153
7.56274
13.9058
23.8967
16.03
43.3355
6.58138
6.58861
9.3187
55.1691
20.3061
30.3859
32.5654
14.6891
11.9367
24.6905
18.7781
45.2406
69.0743
8.36567
5.09305
36.2607
13.5267
14.4825
21.1136
8.54021
17.0424
29.4445
6.56252
26.83
17.2081
8.22077
43.6332
68.9686
6.55849
7.10591
7.97163
14.9289
11.4311
11.252
23.9956
25.1992
12.2747
119.26
29.4434
42.8875
37.2902
65.0005
43.3785
24.318
21.478
18.6692
16.4836
11.1393
70.5891
14.6025
8.93689
26.4011
27.0311
16.5818
15.9456
17.0861
13.0559
25.9948
15.0434
13.8213
13.6123
30.624
9.42257
28.2644
42.537
14.3976
24.0693
41.2591
15.4701
110.57
29.8222
29.2132
17.2244
17.8192
6.75552
28.2102
17.0082
10.4783
4.5958
8.32557
20.6449
89.8297
65.8151
13.5291
32.8998
46.9597
8.2977
20.0859
21.2338
21.1048
21.0599
8.77342
33.4534
4.40144
56.5124
70.2347
15.3457
16.4885
17.3965
7.85358
24.642
18.0225
30.0561
15.476
32.7967
25.6593
40.8842
5.42801
29.1505
16.8926
19.2213
16.4772
12.6656
18.8933
14.4915
22.453
32.7182
57.012
27.2378
19.3454
17.4493
63.7119
94.3754
12.0929
25.6581
125.429
16.2184
44.1495
24.8199
24.7554
28.6877
44.8076
11.9262
6.19252
14.1299
46.9515
48.8084
3.74886
5.51612
15.1222
4.49144
53.764
6.75044
15.5066
35.2234
32.1024
13.4208
85.4079
27.116
12.9624
7.75259
43.7817
20.447
17.4785
9.9095
11.1896
3.0597
13.2941
13.0153
14.1815
27.8019
31.0605
36.934
13.3593
12.3581
38.9856
140.616
8.96967
20.7353
24.8587
16.6794
9.80876
34.6906
16.5721
39.3502
14.7712
67.5479
35.6284
37.6178
10.1319
25.2451
19.6115
20.5541
57.3729
32.0437
41.8871
29.8371
33.5981
28.6529
19.32
9.89625
77.0677
10.4772
49.4282
118.216
34.6028
44.649
14.5919
9.71138
18.9256
23.3219
32.9181
6.78222
33.7245
5.15497
33.2906
44.2821
10.3469
16.965
24.0144
42.9102
8.74878
170.415
17.1304
61.2378
37.6419
39.2765
55.5765
32.4833
38.1647
41.3786
38.0858
18.9317
29.05
8.51606
16.8901
11.5176
14.1235
13.3558
12.2626
12.1801
27.0244
31.0961
13.6376
93.5636
20.7518
46.6236
16.4254
7.85098
43.8308
27.3348
17.9777
5.7234
22.3788
11.765
21.0215
95.4705
18.7926
21.3474
24.3009
86.601
20.993
13.3946
11.8495
18.3327
20.0893
23.9425
16.0326
77.6283
12.4002
9.85558
15.2572
18.3023
9.57434
140.95
28.5124
4.57328
8.7175
88.7954
14.8493
28.4101
8.26835
15.9273
23.6263
8.37291
43.9793
8.80138
29.1543
35.2157
33.1459
15.9185
25.4906
21.3605
7.69575
11.7932
24.123
29.1301
24.5466
42.7664
23.8958
72.4447
11.7237
49.5294
4.07914
14.5198
80.4731
20.7368
7.63674
13.5164
41.3054
19.3464
34.4454
9.36694
32.7639
21.5768
5.46803
13.3649
20.846
38.5568
35.3299
13.1635
8.73683
38.0794
16.98
72.9746
23.1219
26.4156
14.7782
21.2413
38.6262
59.7976
6.57286
53.4345
49.4414
16.6115
36.942
32.9203
9.62728
53.0984
36.2583
22.9647
35.5678
39.2304
23.3079
44.3944
15.1187
7.12644
21.1738
36.6069
40.9654
71.211
13.8853
24.8662
40.4406
18.9444
27.8003
37.3681
49.5797
12.7188
38.4099
15.3744
13.9762
28.0259
21.5877
29.732
12.7212
13.4514
32.1238
13.576
30.5492
19.092
59.3927
16.2538
16.6536
27.9845
24.589
8.70344
28.0829
21.64
7.441
10.16
18.6131
24.0454
25.9985
21.6107
19.3082
13.5112
33.5745
29.5132
11.9585
12.205
30.6819
30.6132
18.9858
18.0096
49.7968
40.0209
100.631
26.739
21.6354
16.8997
6.04226
5.23881
12.2392
83.4136
35.4499
8.1266
17.0016
15.6018
20.5798
5.84294
34.0819
25.9711
25.6022
24.5701
58.217
89.1434
15.8188
10.6126
27.9496
16.3172
30.3314
21.8465
40.863
12.9652
42.8024
19.0499
19.036
4.10245
22.4299
21.3535
3.15225
7.75852
7.49364
15.6012
6.94928
61.3639
8.11434
15.8065
9.29796
13.0845
59.0058
23.5869
133.246
2.02547
45.0103
21.912
52.7764
15.1487
20.8656
19.8488
15.8983
64.925
22.7067
29.2858
5.85461
35.1996
6.72609
15.0603
47.4833
16.5765
38.5272
66.0124
15.0086
17.677
5.16134
24.1749
26.563
36.6028
117.836
22.5588
48.9026
4.43117
11.9896
12.973
12.3191
24.6695
18.2083
27.7973
5.91662
34.2273
41.4071
81.5645
8.77227
18.4151
28.7873
12.6274
41.7696
6.95702
14.8766
85.0232
18.8463
5.78719
36.9748
11.1927
6.97747
13.8474
28.5947
41.6623
57.8919
18.6038
16.5343
44.5423
38.7504
25.6146
10.2157
13.2168
39.3511
16.511
43.4294
49.0341
22.3663
45.3086
24.3763
56.9187
6.77702
23.3826
6.37284
11.1422
46.4381
49.861
41.226
8.91165
14.3891
32.953
11.4533
8.77774
34.7517
29.6759
65.203
38.3902
23.3085
12.3729
10.9086
12.5655
60.7499
21.5908
34.6532
8.11088
59.7209
21.8196
22.2176
19.991
76.1774
48.3654
75.4082
46.4212
12.091
33.496
9.04927
23.5824
12.2475
11.1468
28.6687
11.9473
52.5623
4.96762
21.2595
16.5126
17.4726
8.40487
31.7625
25.1767
11.9506
6.1326
16.2855
34.9098
30.5485
14.1445
17.8486
31.3162
42.3686
18.9687
15.0734
17.495
8.98417
14.26
3.22879
15.1993
24.4587
38.1777
8.5341
63.5911
40.4227
39.9174
11.1568
14.3855
23.7919
9.9728
9.14849
8.7401
37.6671
18.8417
23.9728
78.1541
10.0921
30.0543
29.5723
10.3216
40.6191
10.4238
23.9059
16.254
27.7219
42.0859
55.5398
14.1411
13.013
16.2817
14.6918
48.7294
27.48
18.8366
36.1395
12.8527
48.6388
36.1981
12.6474
103.356
10.3514
8.46779
26.4696
11.9119
34.2156
16.7561
11.9363
11.8165
31.4459
35.9029
31.8645
24.7172
14.4932
9.60295
8.14849
56.9315
31.2036
13.6681
6.12085
95.3778
52.842
50.9094
10.2508
34.9713
20.4674
65.2597
8.70045
5.1101
17.2716
10.2462
5.43997
84.5279
9.94852
34.3258
18.4153
37.0956
15.9893
59.0563
8.72898
47.7945
81.0052
35.269
4.37608
19.8032
20.0466
17.3355
15.4634
29.6108
56.4174
16.742
34.8926
9.59421
10.9549
13.3384
28.7771
10.3976
31.4184
16.1265
15.6365
15.4597
20.9501
29.3292
6.85611
18.7777
27.1035
20.6752
26.4987
54.8495
4.51457
61.7101
72.0135
12.9273
13.8677
23.8044
35.7447
145.807
3.65463
12.6166
14.9794
13.1571
119.43
25.7745
17.8185
10.5967
43.4792
42.4564
49.6284
34.9162
49.7766
10.4488
13.1024
42.8805
41.6838
107.55
28.3719
19.1913
7.05602
11.8085
10.3679
56.1011
25.1225
110.745
7.13716
32.8806
39.6804
16.2401
66.5664
44.048
8.54273
60.0258
18.3052
27.2388
25.2555
43.8115
5.39563
134.89
29.6117
29.5898
122.055
18.8128
28.8478
36.7374
15.933
27.3488
8.06843
3.80654
46.0451
100.583
66.9838
40.1736
52.6189
12.8291
16.4177
8.35473
36.9899
13.1003
26.0377
17.5193
51.9707
5.17363
9.32088
27.3532
34.0434
6.07056
23.1941
12.3958
9.15523
15.6965
42.4649
51.7972
25.6615
14.9095
4.88744
15.0112
4.0082
45.9914
22.7785
16.6402
18.9807
41.0374
54.0476
13.763
23.0042
55.7539
20.6404
74.3422
19.0497
18.5225
19.276
3.45825
65.8562
7.77539
6.57931
13.6093
57.9759
20.8426
20.3572
76.9665
56.216
16.1281
14.7566
94.9416
16.0822
76.2091
22.0596
23.4033
50.189
14.3727
81.7243
15.4855
7.91872
13.3736
49.6487
29.8656
52.6085
13.0443
12.3052
26.5585
24.613
12.784
21.2529
17.0102
18.4326
9.37576
51.868
46.9269
41.0054
29.5754
7.02154
7.43038
6.86103
76.6038
9.37941
28.4176
28.9663
8.67031
10.1044
28.2542
28.2207
91.4376
27.2526
27.6494
44.2315
36.4288
46.7549
55.1473
20.4013
11.2215
18.4827
29.0085
10.541
8.36974
17.9382
20.6172
31.3882
8.11522
20.7703
24.6743
34.7935
29.5494
6.96924
16.9702
29.1076
13.6289
17.4442
20.4645
40.5753
16.6327
51.0469
14.5638
54.9229
4.05824
14.1491
25.4919
32.1816
58.8394
11.6814
16.6375
17.4138
17.9896
10.3528
13.9256
13.1398
31.9323
24.7347
39.8499
14.8457
43.2312
36.8456
9.65849
39.5265
48.969
15.744
32.8419
26.1805
35.6185
39.9332
18.1175
13.4729
22.6868
25.6822
97.0884
6.66857
33.4464
49.0151
99.9154
11.1469
33.9917
7.93279
5.73679
39.1965
19.637
32.0547
23.8482
72.2198
28.0463
16.1585
42.0799
9.00331
18.0727
41.5071
10.4002
58.5739
24.8989
16.3901
13.8826
9.62945
13.2804
43.4699
40.6793
48.8169
49.4999
33.4213
27.0103
12.631
15.068
10.5534
108.503
56.8078
66.6843
53.6636
19.6996
20.1584
18.2903
13.377
5.41325
20.5438
14.1197
7.29279
5.97962
8.89819
18.7187
14.1337
13.8085
17.3901
9.22213
19.9205
4.02623
15.3156
39.4475
32.2996
75.3396
30.9704
11.2733
13.2076
50.6131
23.8513
13.9026
6.69231
33.5687
42.2271
50.0287
10.5169
12.5226
23.1512
57.3031
9.66081
3.83912
35.5583
14.5991
50.8321
4.52492
19.2396
4.08706
13.0924
20.5498
15.4133
46.3281
29.3874
6.95413
56.6597
11.4386
27.0316
59.2493
12.7697
5.64884
19.2497
17.905
11.6417
24.5645
71.3039
10.866
35.8703
11.6975
35.4868
6.32811
20.5064
2.63984
12.7429
65.4858
7.04456
37.2604
21.4627
7.19605
29.6
45.8156
18.7172
18.0584
46.9643
95.5428
12.3149
24.3877
42.5551
31.4382
15.5963
29.7653
3.45837
47.7465
20.124
21.9859
146.191
8.03819
6.7936
19.0847
32.1046
30.2022
15.072
21.5851
45.3018
41.0326
55.0181
66.2584
33.5645
14.9491
17.8264
21.6067
19.035
20.5965
4.78664
12.7657
5.89049
18.0207
35.3023
18.8896
27.5936
61.0914
29.2811
20.362
66.0744
16.0033
12.0739
10.7199
18.5245
34.7222
64.0608
44.2594
16.8035
4.67085
10.8385
22.7928
32.6081
7.77387
114.398
8.05326
9.03531
19.3198
25.0242
33.1233
42.8404
43.457
13.2747
22.8044
41.0074
8.15796
10.0785
14.3091
5.75158
7.73108
26.7573
17.6157
9.8662
68.1691
22.8896
28.1084
25.959
10.2572
28.5735
29.4203
5.39224
26.4595
68.5328
22.7566
7.66932
35.0549
45.3876
9.16827
71.529
27.4561
22.1494
14.9776
5.13558
7.32811
36.3672
93.7265
49.033
18.6485
67.4858
43.3504
29.073
14.7436
7.05322
6.58791
18.8915
19.488
24.4884
63.8259
31.0907
7.6776
13.6142
7.25711
25.3721
7.50549
11.3981
19.3069
46.2135
11.6429
24.1558
3.65157
41.8387
8.53772
14.2663
12.434
12.4944
11.9665
11.5531
25.0416
8.22977
79.2679
79.7597
20.0806
18.3942
41.7601
19.4747
11.0886
13.5111
48.1188
10.9003
28.2839
10.7655
16.1107
30.3617
67.2212
3.7045
17.0725
26.6721
25.107
21.7733
18.2192
103.504
42.487
40.7744
6.09748
11.9334
12.3211
13.0448
29.181
50.7575
18.3411
21.1515
68.7506
20.3823
28.774
8.39205
10.6299
5.18098
12.5732
20.8251
17.7746
16.2591
7.72691
52.3209
21.5308
48.1376
23.4536
57.0313
19.5341
17.0164
17.098
18.46
49.0069
6.43033
46.2718
32.3136
23.1785
8.72999
25.7541
26.4422
92.0617
37.6461
82.4654
13.0018
22.065
13.4981
19.392
8.67125
65.754
9.91952
16.9779
61.8413
32.2156
74.0726
32.2656
22.3024
10.2468
2.98006
52.8155
9.87281
30.6174
57.9534
43.4634
37.0379
34.3497
13.7546
34.3051
33.9298
34.863
17.9293
36.746
28.3719
40.8795
14.0829
17.1479
49.3645
15.0777
8.4424
10.6154
8.18693
52.0286
28.0143
68.6434
8.52248
17.4501
18.7942
14.1762
48.4044
38.2481
18.896
3.38898
28.9296
40.4739
7.11727
5.84171
41.8676
64.5371
58.9335
13.593
5.8206
38.4121
29.6682
19.581
6.27063
15.6244
31.735
79.7109
47.7055
20.9834
36.3969
26.885
15.5493
37.3795
18.1611
49.9421
58.6541
8.86024
9.26859
10.0086
39.4641
19.3227
23.0055
41.5887
42.3659
47.7328
54.7879
27.369
7.72602
32.0341
19.4437
10.8428
46.4387
18.7048
46.3684
10.4631
22.0164
28.5272
57.8589
28.2021
9.60617
31.0189
12.3711
17.957
11.8274
33.6369
30.4024
6.62838
38.8375
21.7871
41.9201
27.5952
68.7238
12.3991
22.7751
13.5221
3.6618
8.31407
10.0485
18.8338
27.1967
90.0907
24.3045
26.5366
28.1417
7.80098
23.4779
33.0531
19.7256
12.6929
4.83148
22.7392
18.2415
4.51277
13.9341
103.658
74.3924
40.673
39.911
7.13424
13.2349
6.37307
25.5733
22.8862
4.65847
36.7395
31.2365
21.8952
23.7078
35.9168
17.8492
8.31613
18.2407
26.8797
65.3453
4.9817
7.56558
11.0811
80.2946
42.0985
6.40715
16.1379
8.81917
24.5079
29.3548
9.09445
41.4892
28.7569
7.70173
34.5858
41.2918
20.8411
36.2661
20.4405
17.8288
10.7233
110.939
23.1567
31.8733
16.2632
36.8625
10.2189
15.4297
5.74156
8.10207
19.2541
25.0027
11.7263
22.5379
33.9378
36.8343
8.20449
11.2725
24.1792
29.4822
25.8354
33.1865
18.4852
8.53733
80.2413
7.89705
22.8697
35.3578
35.6148
23.0535
68.327
15.0987
7.24086
9.27627
36.0254
20.2018
61.4385
26.1424
77.9242
27.4696
44.0578
18.6209
4.67374
8.01965
17.5244
28.685
38.7885
67.5402
12.4634
38.2458
11.0756
21.4479
4.97179
15.2245
19.907
77.1908
17.204
17.7959
13.4013
47.6951
17.2636
26.6339
10.4585
6.4611
16.9612
28.5818
44.4305
60.0029
39.9204
9.32208
41.3123
34.3097
43.9975
16.3797
27.3942
4.90289
30.3772
17.0356
8.36561
6.98471
13.6826
4.15424
38.1613
6.25547
104.716
36.9208
56.0686
18.1989
38.7586
34.0567
43.2635
10.295
3.70216
22.8445
34.1138
21.4053
35.107
20.6243
20.1655
5.23257
6.67501
25.1648
10.3249
37.7266
20.538
78.9114
50.9336
36.5272
34.2387
41.9361
35.3532
157.387
7.04657
16.8996
17.2341
76.0622
24.9747
35.7588
37.0248
13.7626
15.1114
5.58239
45.5408
10.7543
29.8499
35.0388
20.1843
12.4831
48.469
16.6024
8.77571
41.7007
47.2613
35.6993
26.7033
36.2489
43.1917
14.1359
19.5615
23.2764
10.1446
23.1469
9.79241
20.2367
8.50034
19.8522
34.0534
43.8057
19.2895
21.154
45.2374
66.7408
21.607
12.241
10.02
48.286
20.8593
93.2242
35.3341
31.6213
10.5944
47.8463
13.5462
17.6133
9.22541
32.3041
10.644
61.1765
31.8974
44.3485
22.9236
7.96175
23.029
50.2247
74.479
69.6513
6.1292
2.96023
17.372
19.4077
14.2627
26.6737
10.7748
21.7386
18.2688
19.2134
28.6244
40.7651
20.2286
12.9089
38.0812
24.6092
30.3461
6.70379
4.90234
10.0467
45.5675
67.1349
47.137
21.4861
12.8252
33.1078
29.1756
17.9896
22.6471
18.7123
31.0474
50.5179
9.01972
44.0285
16.095
27.9724
9.48435
66.0986
8.77172
95.9052
16.8101
19.1981
14.6119
10.3681
9.95506
9.41889
14.2364
6.06874
7.22977
9.7025
14.6906
38.1527
5.71343
8.37372
11.467
15.9724
64.1679
18.4702
13.063
10.8353
100.451
18.3526
17.6356
11.0484
30.3717
9.20562
13.5924
31.9138
32.8998
66.2358
23.3608
10.0154
18.7698
150.121
28.3223
20.6957
23.6098
44.4133
21.8149
27.53
7.28524
14.9536
60.103
18.386
11.1618
30.8605
46.3376
11.3612
14.9185
12.316
8.18569
7.10044
86.7188
32.3893
46.5681
47.8191
23.7212
17.2611
24.8342
13.6744
36.6387
12.628
10.5135
16.1555
31.5511
33.8861
72.9958
15.7037
8.462
30.0273
4.23147
8.96098
35.4508
6.44854
27.6611
17.554
52.4139
54.3632
12.9192
36.9313
6.16171
9.70223
11.0589
18.3715
9.18238
27.9011
58.2678
13.9296
20.4032
39.5447
7.80071
31.4824
7.83123
12.8701
25.8689
18.59
24.891
39.4393
4.86817
4.13057
64.8752
6.83961
12.0329
17.3074
12.66
4.64839
7.17073
12.1809
41.9361
6.23037
12.7554
24.3475
21.7484
20.7117
7.98601
37.2296
50.1807
19.2628
28.4708
19.3521
29.3928
33.0711
45.3405
7.55242
19.8854
54.5456
14.8346
13.2791
21.4932
19.6096
8.48673
52.7424
5.96672
22.3439
12.9567
30.0915
10.9364
16.1606
17.3213
20.0655
18.1033
37.2687
75.9493
10.7858
23.655
14.1562
55.717
51.8306
11.3128
45.6044
23.5552
79.8992
30.459
19.4634
23.2833
43.854
8.75308
25.6707
38.2843
19.649
14.982
33.2874
9.66763
40.0119
18.028
9.74318
20.9564
11.1205
55.0692
18.674
34.4016
19.4324
7.55939
50.562
9.14098
8.2175
40.3449
23.2822
69.7145
10.7361
52.6455
9.52068
10.3662
56.0531
17.1872
17.2769
49.2578
5.30904
53.6723
40.404
19.6539
18.9349
48.1989
23.0386
44.0799
25.7581
10.7702
17.8381
22.5263
8.45373
15.9919
32.7908
26.0605
32.4396
31.2974
15.1869
9.22645
10.7067
11.6223
10.6127
38.5532
2.85804
20.4557
16.676
24.5934
36.505
9.09515
17.5379
30.2637
23.1038
24.0174
51.8344
64.6347
22.3322
9.22172
9.035
7.08675
16.5307
85.316
11.4171
16.9687
33.1802
28.8205
15.098
22.4634
68.7603
68.1963
22.8264
16.5109
82.3696
43.6585
16.516
20.0659
5.15279
13.2923
61.8792
115.477
23.999
43.7598
23.4999
6.34569
11.3799
80.8497
36.2139
39.1436
17.1505
79.7111
18.0272
29.3529
58.6231
16.7064
23.6639
16.3495
10.5953
12.9949
34.2085
26.2565
108.556
30.8305
9.06996
44.2661
20.0379
9.83538
7.84117
122.258
6.1578
43.7121
22.4908
87.8458
88.5669
12.4187
22.6469
73.5297
50.8145
17.2278
7.82175
94.9137
15.6024
29.8135
49.3453
29.3156
22.2852
16.2296
66.2098
14.1269
17.593
15.9232
9.68026
5.22413
5.10603
15.1089
41.2752
75.0205
6.24724
17.7729
13.5546
25.9827
26.7922
14.2294
49.2987
15.0349
26.5404
9.71836
58.5964
19.1732
13.3753
5.73849
9.33025
11.5978
17.9236
12.8871
57.8694
27.0494
15.238
28.4671
10.8749
25.835
28.8511
33.6725
6.94251
9.1192
48.596
37.4926
34.8867
9.68929
21.4334
17.2067
12.4729
26.0767
18.9325
8.07451
75.6953
64.9512
21.1445
26.4763
37.7583
49.1314
20.8934
18.1753
15.8517
71.7533
15.9912
46.6812
7.89738
15.884
35.17
9.18313
52.9892
21.2077
5.65671
4.40676
5.5436
8.39302
50.6185
20.9136
18.0602
40.6865
17.3809
14.0579
28.4358
56.2129
20.144
91.61
45.3192
17.6184
39.5272
28.1018
18.1401
11.1328
31.7588
10.1033
40.7404
35.6448
21.9139
27.5685
22.4973
22.0632
51.2365
9.28284
26.0577
43.9842
7.96531
25.4254
19.2167
39.6535
35.8312
24.5233
6.40437
31.1412
77.7441
17.7301
25.2762
14.3409
27.4863
18.6656
35.6058
12.9928
47.8614
47.6129
22.7517
15.9841
13.3617
11.8644
34.1419
31.8693
11.7113
7.42266
16.0575
40.4539
22.1995
31.4882
25.3547
9.30805
38.9593
47.1035
30.7214
8.26905
19.5139
8.17231
39.7652
22.8195
22.293
16.2055
12.9151
11.6455
13.032
25.8803
8.75749
54.3013
7.15627
33.3713
9.79374
59.7895
10.5671
36.9581
48.0695
15.5522
29.0435
12.5126
5.34687
9.03112
56.5613
89.4188
20.5459
30.5593
33.0998
4.92156
8.95202
27.5601
7.90454
3.17451
25.3325
13.4165
33.8572
25.7329
28.0347
8.8773
4.03691
74.3518
46.1035
9.69037
13.8514
5.68449
25.1423
16.3596
42.6666
22.4539
16.5562
9.57487
31.7824
44.8638
4.34643
18.4168
23.4183
29.671
115.535
45.3588
28.1276
9.58167
8.90318
14.9798
10.7977
19.825
21.5267
14.9365
31.7619
21.4305
2.7542
56.5669
3.90116
32.1962
20.042
10.6962
21.966
30.8303
15.1347
13.6217
48.7973
6.22004
20.3531
31.3973
29.4702
42.0809
14.0411
19.0018
12.7065
31.4562
6.81855
18.8442
11.4192
66.9963
59.8569
63.9783
9.59612
16.9067
67.4789
8.32368
63.8447
128.882
45.5529
59.8425
17.8761
56.0673
77.5809
40.537
11.5835
18.6884
42.0914
27.2713
12.5548
29.4874
38.772
11.2243
16.3953
8.2155
96.8477
29.962
17.038
10.6742
40.5413
15.4004
6.58397
7.12256
15.3375
15.328
12.2092
28.8067
54.8998
18.7998
27.229
26.0381
18.323
13.2106
10.4774
1.77444
69.6386
61.2941
26.304
11.1045
9.3457
29.0289
16.4727
9.65092
6.92586
16.1692
18.9308
19.1202
16.6439
66.7792
29.4574
20.0284
10.0146
8.38674
4.33744
24.434
41.4563
12.6779
29.6284
49.0233
6.4824
72.0548
53.2932
13.3509
17.326
44.6897
32.7537
14.6636
36.6828
22.8634
17.6902
50.2414
37.7609
8.8004
71.485
15.543
15.4578
35.5945
35.089
34.5245
84.7817
10.5936
54.9672
9.6651
40.4228
6.4166
13.3892
22.6244
13.063
25.0954
11.4137
29.4456
15.1043
13.4581
13.4294
8.13957
16.4316
24.0352
32.025
17.788
8.77103
23.4858
20.994
18.6402
76.7491
41.5197
99.7372
41.3319
4.23914
11.7059
44.5712
3.94766
21.8318
16.6572
18.3704
31.6756
28.2443
23.235
5.17037
25.4113
15.2689
36.6116
8.52639
66.3435
28.0202
9.85075
24.2223
58.9164
18.5029
21.4248
9.79099
32.596
13.7565
31.2479
68.1876
33.6243
17.5803
36.818
13.8966
15.9149
21.5533
15.7333
34.4233
47.3477
34.0877
19.6065
50.095
23.3408
14.8587
10.7082
10.9347
4.6463
17.3131
7.38477
22.8126
49.9884
31.6621
63.2983
7.42957
14.965
82.5781
24.8325
59.0746
9.03754
36.325
12.6009
29.6502
64.2978
8.3085
23.9085
12.134
21.8143
27.0273
63.9572
60.8885
37.3049
66.4931
15.9109
35.7063
14.7037
5.44043
32.7866
22.0726
45.3292
19.1803
28.9836
11.7654
6.06711
10.4167
10.4637
26.0811
7.49622
31.3915
8.93401
27.6452
10.1404
15.5213
5.8627
26.0411
9.32305
10.557
39.0042
17.1405
11.8267
15.5779
116.484
14.8045
16.3471
18.7146
7.36899
14.0043
31.3741
3.85224
65.6619
20.8314
40.4175
23.7939
19.2602
11.5259
5.05075
10.7879
6.50868
15.0858
11.6613
15.7568
19.5277
31.7402
59.496
6.15669
64.4999
15.3765
38.8272
15.1688
11.2559
24.2568
10.0808
31.6029
58.0074
90.3128
39.4437
53.8289
35.9139
79.2941
16.1715
8.17975
21.3737
11.4416
24.2801
47.2896
44.1821
25.091
80.0763
7.3385
18.8588
81.581
14.9747
101.506
21.9027
11.2566
32.0643
59.2404
20.4356
39.5329
36.1408
22.431
8.46025
5.92501
18.4004
16.2983
52.3623
25.8199
64.2751
19.978
27.4622
49.1576
19.0196
32.05
4.38002
21.3563
22.7312
7.50821
4.67017
30.9296
25.2838
21.4115
16.2813
4.74903
11.6608
60.7786
56.6981
49.9369
13.5009
16.9118
28.3752
18.4162
18.8743
11.1672
145.77
8.61905
30.7096
11.9269
49.6472
15.5093
16.0131
17.7134
17.7998
9.03802
18.0803
23.5215
12.8401
28.1658
18.9399
8.02611
8.7511
22.685
58.9212
6.10509
41.6029
11.7027
51.4762
17.993
88.179
12.6552
56.3806
9.16849
16.0326
11.8058
14.5789
26.6236
7.71226
14.229
19.4308
18.2109
11.1713
47.8797
11.1662
20.9405
93.9248
39.364
80.0279
11.758
9.02036
3.96887
7.67214
22.3835
92.0413
13.5152
14.0295
33.2432
54.4808
26.057
6.93379
52.1254
95.1321
46.9751
16.4835
77.0615
12.9409
14.6032
13.9562
9.81535
44.8505
24.3872
6.22376
17.9202
60.1444
71.4096
21.2404
21.3351
57.0349
13.8249
18.7792
19.9621
16.8367
12.3967
39.9771
48.7585
43.2247
17.0747
73.5222
19.8796
22.098
26.0306
10.434
122.275
12.8939
43.4056
94.772
19.7491
10.6552
27.275
9.88746
43.0136
10.8509
72.2977
27.4264
10.5116
27.8603
33.8857
7.14708
18.1806
54.0553
55.5176
21.7459
61.1861
47.1161
4.74118
17.3435
15.406
48.6985
61.1154
16.0856
6.30383
20.687
11.1984
14.3946
23.5249
12.1995
8.6373
6.77835
49.9354
17.5963
81.9723
7.87135
11.0336
14.5443
7.38077
7.72397
42.9962
32.6748
10.0145
37.7163
46.9605
60.9057
11.221
71.2654
30.2383
35.684
22.9113
23.9721
16.1763
9.70033
50.6442
40.7759
47.7161
29.9531
42.1849
28.0819
51.0697
13.734
19.4537
30.816
85.5953
13.6592
6.6151
18.5742
22.1888
49.1972
41.0951
51.323
21.6493
21.2179
55.6566
17.0685
67.8982
17.3392
8.85443
39.3719
8.85795
26.9204
6.41497
6.88183
39.9298
17.3518
20.6145
9.54145
20.891
28.7666
23.1618
48.3717
25.6563
13.1208
31.0551
13.1505
10.9138
48.9005
3.04668
7.38747
64.9858
26.7485
22.4296
13.1035
39.7987
133.725
113.041
24.2439
15.1219
31.0493
16.3865
17.5433
22.2387
39.3183
37.5723
8.5619
18.9372
64.4741
35.9725
4.94645
27.6831
38.0758
11.5904
4.4047
20.351
17.2133
15.8341
9.15299
7.63407
7.46221
6.01153
10.3499
27.5946
19.7854
13.8454
19.9449
32.0888
26.2151
15.1152
17.336
3.95808
1.78952
76.7051
12.4345
40.9943
36.2479
15.2385
15.9392
24.9231
7.33472
17.0579
8.77952
14.6691
24.9008
11.677
74.9282
9.78729
37.0545
37.8532
22.4165
15.9989
36.4918
38.7215
38.4877
45.6556
13.296
26.9642
5.46436
66.6787
30.7262
20.247
8.67672
11.1121
6.75148
10.645
10.4647
12.6112
53.4742
12.0499
9.82804
98.8774
41.7269
4.9613
56.5989
40.6063
38.4369
7.74917
25.994
222.228
35.212
19.7039
18.5609
32.195
18.9716
19.0121
55.4895
49.3782
39.7981
4.07684
10.1565
39.0275
22.3826
52.8104
11.5445
44.2094
16.785
14.4551
8.77917
36.7808
34.5435
24.5153
36.0212
30.1616
10.094
22.6537
7.93514
35.2782
41.6446
6.39748
36.7608
6.28616
27.1615
61.3156
24.0353
26.0023
8.06931
32.7666
10.798
56.7295
48.8444
27.5228
5.86015
13.4295
26.9012
32.6011
11.4412
13.7236
7.48171
15.5857
5.99224
57.8438
17.025
19.6258
5.319
22.7086
23.5834
5.33032
32.4888
64.7444
56.6949
36.1708
18.1237
25.8935
11.3669
17.0537
17.1885
15.2243
20.1303
20.7572
13.5002
10.9654
21.1921
73.5745
25.2976
10.1473
9.77304
32.1172
10.4227
8.18341
76.6988
41.9135
38.3361
13.5187
15.2533
11.4209
33.2144
23.0566
10.7832
13.8413
14.6268
20.9517
30.6367
26.8321
11.3613
24.4965
31.3012
11.681
19.2037
41.4474
7.94464
11.8357
60.7915
11.0244
16.6147
6.66594
26.3303
31.014
16.113
26.5726
8.86301
14.2901
15.2643
9.20742
60.7465
90.3777
17.0628
33.8619
19.9087
33.2525
40.7989
35.3395
16.8736
29.8208
9.74416
16.0822
17.5065
15.2318
15.1809
23.8793
49.066
20.0662
7.37451
9.48584
7.58482
13.5943
29.3296
7.9561
38.0937
25.8391
49.835
16.1143
17.787
7.60181
31.9563
8.4884
22.648
19.014
55.2358
28.8046
50.7962
23.05
36.3875
28.286
49.6587
23.5693
37.8288
35.1836
6.5485
63.667
23.7067
11.1963
69.2154
17.4454
18.6402
11.2262
8.26382
53.6091
36.4105
17.4285
18.2522
30.8697
20.0165
20.651
17.5976
11.7693
26.7375
29.0739
13.8119
41.4487
10.8712
21.1438
48.9718
11.967
32.0195
70.175
8.22562
10.7984
11.1664
16.7038
16.6817
77.2321
7.24143
9.96286
5.27554
160.224
8.80997
13.1091
44.1237
29.5916
24.0603
27.6096
72.0436
14.4807
30.369
71.5236
16.7833
22.2367
52.0397
14.748
40.8161
140.876
49.1018
21.5589
48.0154
33.2374
14.6747
22.2649
107.087
23.3823
11.5895
56.1761
79.9949
37.6304
20.4605
11.4115
24.3548
4.85004
17.7792
30.5043
7.90249
16.6707
25.8244
29.6367
33.5586
10.9305
8.73891
36.0737
28.3882
41.6709
12.8118
33.8588
18.7811
17.5064
12.236
44.0578
102.088
15.1998
13.8081
8.84989
36.6052
4.21876
56.8149
39.4238
38.8062
75.8328
8.66007
11.8704
5.42106
32.572
49.1362
8.77745
23.7009
57.4585
12.384
6.31452
46.2571
11.4793
9.18373
34.4286
10.4024
16.1587
25.5571
67.0133
36.2543
20.2536
14.1039
45.3031
26.2187
7.79182
12.7962
45.3578
23.993
91.0173
53.5373
15.9347
12.0593
24.04
24.4029
13.7704
68.3204
11.7531
115.545
12.8883
68.4111
35.3856
12.8147
18.4897
34.6216
22.6154
47.2376
44.7539
52.0231
32.9526
33.7029
16.8198
25.9438
55.3232
16.3579
18.3002
25.8916
16.8662
50.1489
11.1947
42.6091
78.5401
42.2851
51.6978
24.4635
28.8654
8.21722
25.0554
25.1775
18.4329
17.4138
14.7299
18.8742
36.404
16.063
10.5405
13.7583
37.8537
9.62054
24.3519
17.3707
28.8963
49.1754
30.0919
29.939
14.4387
14.9565
12.8571
21.1255
85.5212
36.713
17.5204
6.84764
68.8104
23.4879
11.9131
30.9624
32.961
54.6892
33.1939
5.22308
95.3845
24.9072
19.1169
19.8217
99.9736
10.817
25.6063
14.4569
30.3364
43.9718
51.8175
7.34556
41.9597
47.8323
15.3923
56.3845
19.8309
20.81
8.13041
67.3551
19.059
27.1632
18.2455
61.4731
12.5092
66.7324
12.4008
16.7972
19.3231
17.4432
37.5547
38.6245
12.4039
21.6633
11.1832
26.8089
22.4704
39.458
33.6578
36.75
6.71953
8.2973
6.68873
20.6864
30.6684
17.0252
87.7378
27.3231
18.3824
11.804
34.9912
13.9157
21.527
11.5401
26.5571
19.1231
4.66819
39.85
13.29
60.2072
11.1261
37.6706
96.7606
113.484
42.8936
6.78588
52.7289
22.2229
5.32765
21.7557
16.9399
26.2399
17.8915
14.7361
17.828
64.5659
45.8493
26.6799
28.393
15.0091
39.1815
18.4312
23.4832
8.60684
4.8535
12.9618
19.8725
72.094
12.1354
16.6038
36.5216
39.6134
21.0389
29.9061
10.7094
24.4898
14.5916
46.6225
17.1797
183.751
30.794
5.40479
30.895
22.5995
16.03
15.9778
6.73502
61.1369
33.0653
4.09485
91.1726
13.0708
15.6906
18.4147
9.15616
13.3399
56.773
27.0428
29.8823
43.0052
15.9272
35.9596
7.97613
11.1487
23.9722
23.6058
35.5002
16.7071
19.5667
64.2229
61.1161
59.9747
18.1424
25.1003
20.4879
9.06055
52.9091
10.1471
28.5552
37.1452
7.95437
10.5079
25.0337
11.2305
15.5951
37.6022
13.814
44.4432
12.172
9.16018
11.4763
36.3361
17.0938
58.9033
21.5574
46.8654
31.5474
43.279
54.4443
35.1702
8.54612
11.9224
5.58426
85.0659
11.2739
90.5788
85.5297
69.8676
22.3986
20.4993
4.80884
34.9289
50.3929
26.2711
16.5784
27.8977
40.7282
38.5623
10.4937
33.9006
9.36893
29.1771
10.7167
50.4012
66.0345
49.8581
26.4968
20.9707
13.681
41.5233
14.6449
4.52128
47.0823
9.68273
16.2169
5.15979
10.4518
31.0604
48.5476
20.479
32.2648
11.7289
35.8568
15.7117
37.6484
60.9121
90.6394
23.6494
42.3765
21.3042
12.2243
7.08322
58.0116
49.7764
39.8952
7.70684
22.2389
22.5292
13.3504
19.2329
28.261
21.3865
169.257
31.2804
5.77428
18.9018
26.4204
9.31358
13.1687
21.2029
10.1409
10.0071
18.9545
37.5263
25.8064
22.9355
12.5768
47.4011
26.0443
29.744
39.9308
4.45954
13.5001
37.7901
4.81364
25.3116
59.837
23.2254
16.4504
12.7131
37.3549
17.8669
38.8372
40.7066
15.3414
32.7322
31.7579
32.3736
5.13439
27.1556
7.19862
87.2244
9.04881
8.25167
81.8673
6.51539
28.9997
55.9955
4.57535
13.1259
35.2369
33.1802
5.39736
54.9086
4.85399
22.8403
9.71434
15.4785
22.9347
38.3698
25.3436
11.2943
12.8201
16.8285
56.0751
22.2977
12.0657
46.4093
11.6536
21.9339
8.71269
7.47304
78.583
28.7604
23.6576
14.9263
19.684
36.0368
36.256
20.4336
18.8465
73.3426
25.0423
3.43648
24.0696
7.67236
32.5269
25.3305
92.9262
14.8204
50.7804
7.37798
19.3164
42.1419
17.4801
5.88785
7.60822
12.0373
19.0365
23.1703
29.6489
27.9124
39.7716
29.9111
73.541
35.9407
10.3886
37.1866
22.2922
59.1772
28.8942
11.8082
52.0711
11.6
27.2351
18.1602
13.5214
8.58639
12.0122
53.827
14.9322
21.3897
24.3214
9.02304
6.03046
17.717
8.00728
10.8863
57.5165
5.57068
19.0422
9.41499
47.634
108.741
7.56418
19.6915
8.30428
8.09993
22.6664
18.3501
76.8823
42.867
23.9273
59.0066
80.0548
11.4763
77.5286
10.6696
15.6094
38.3425
4.79479
44.1358
28.0931
52.9774
15.0134
85.2099
22.39
37.5835
29.9983
21.9267
30.361
36.3485
29.597
9.89915
9.6965
15.7017
44.2618
12.9114
23.8719
17.2385
37.8619
43.4093
8.07893
21.3229
33.9975
14.2346
32.1971
52.1964
50.1537
13.7879
68.0597
16.57
10.8866
69.1368
52.9899
22.2459
13.0596
7.27229
21.3245
55.7985
27.0328
107.841
8.93222
19.9285
21.6971
38.0329
39.0095
4.30391
17.162
39.1624
54.2885
20.0604
23.9961
53.112
12.4792
13.2254
20.1726
13.2939
22.7048
12.9522
26.8073
9.7232
44.7871
45.2078
137.165
15.691
48.0469
21.1608
20.375
61.3875
19.0073
24.1048
25.6857
17.1268
13.3759
23.2773
18.7347
8.00264
8.9044
17.3547
19.159
13.3413
9.45726
14.6854
10.7417
28.7008
67.9569
56.0778
5.78425
29.8115
45.1859
27.8748
32.5902
8.42988
26.1084
40.5611
10.4381
35.4732
10.6155
30.0513
22.2656
35.3948
9.38416
4.84306
14.0149
15.2165
14.8865
25.3867
41.3509
12.0649
14.7067
10.5133
3.65418
41.1417
11.4302
31.6454
6.7015
30.275
81.8385
12.0136
23.2749
41.4103
30.9335
40.7701
36.9335
28.3875
10.5246
28.5394
25.3355
16.2433
35.4018
46.2402
12.5834
28.7417
7.03057
90.4942
60.7892
34.9493
20.677
18.9536
6.57063
18.4935
56.4274
31.7294
7.78347
10.2777
37.226
13.2867
62.0257
15.2149
38.3895
27.1822
11.6368
25.4368
25.1924
24.955
29.3489
37.7467
24.4772
17.333
87.4055
15.8771
18.9573
8.0228
13.5863
18.6447
8.8388
11.8475
11.1637
79.2618
6.57537
8.87723
38.1503
57.4098
25.6427
22.657
12.5926
13.3899
18.7788
128.236
5.57486
8.0384
28.7343
34.9305
14.381
16.6388
52.5305
11.0801
42.8264
38.1148
24.9145
49.9715
6.89398
59.8699
17.3914
35.8345
74.9512
26.845
12.867
29.5034
25.9001
20.1414
7.50837
63.4948
42.5089
65.6933
23.0253
42.0987
43.4005
17.3792
26.2427
16.7545
13.2922
84.2254
8.49809
27.4121
9.1565
13.4836
43.0169
43.3951
34.9219
4.36641
12.2319
7.42194
14.9601
14.5052
20.4528
64.7379
12.7083
28.6406
12.9208
6.17022
52.9693
9.5956
11.5035
18.9609
35.0334
7.18521
44.5252
50.7066
59.0245
5.84885
19.5382
29.1422
11.0285
9.29392
23.7673
20.3945
8.67611
39.4991
29.7306
43.1806
32.2144
12.9839
8.49556
56.7663
5.78811
26.1312
13.1773
23.1004
11.8712
32.6527
40.2323
20.3105
47.7025
16.3928
61.7724
71.4477
4.00854
9.64376
9.90324
12.0096
4.21648
37.7406
12.8857
12.5488
10.2861
60.0173
39.0945
32.4821
19.4934
15.3316
30.4739
8.6597
9.90518
8.7982
15.8304
120.661
23.1954
52.957
10.8619
17.9646
9.65844
22.2012
5.72725
47.1434
15.4588
61.5687
31.7435
49.3437
14.4854
15.4768
23.1044
37.313
32.0802
6.27106
37.9579
5.01385
44.8693
39.5635
20.482
11.2363
7.72267
12.3692
3.65607
18.7954
57.0749
15.8871
5.20007
11.6641
77.1331
44.1944
3.74251
7.69802
30.5283
10.3981
45.0797
7.51585
26.4473
18.7713
54.5042
8.65323
8.69818
40.6734
10.8559
57.3988
19.5172
97.9463
44.3887
41.1893
19.926
31.707
11.8605
18.6308
13.0698
37.1808
32.046
14.8969
18.8765
49.3614
7.69073
5.95798
10.3685
22.7958
13.6361
27.0629
5.48095
20.9129
39.0537
6.4677
42.9371
39.4412
9.32441
26.6477
56.8865
34.9059
24.4708
58.2174
10.394
11.1808
103.217
22.5974
30.01
5.81278
26.1517
15.1151
27.9204
19.0435
47.1365
63.2332
45.4756
27.2769
10.6034
100.502
8.86788
47.2706
67.0694
11.3439
28.3455
12.0356
6.53721
57.1929
40.37
20.9845
32.2671
42.399
16.3902
13.6701
19.334
8.78283
26.4905
4.33948
37.9486
5.13448
56.6989
4.56369
8.40228
24.3605
77.4318
9.50068
25.1293
8.07267
44.6159
8.98997
9.5999
32.4274
2.82805
15.9194
24.8581
39.1473
20.4976
15.4801
19.3117
33.3355
26.7949
5.26139
7.19687
10.5473
6.13577
25.3674
46.5206
14.9057
23.7163
24.0843
16.7902
6.17701
9.21075
3.51357
12.1681
86.4951
37.8441
18.7288
20.3996
43.7501
22.5431
43.8166
7.70649
15.6279
25.1439
12.6148
36.2127
36.807
25.6022
10.9834
19.4608
13.8178
21.5196
55.4759
28.6353
37.3052
30.4927
25.3288
6.35328
56.8319
10.9134
15.1838
12.4657
11.8281
4.1114
41.5436
52.5107
51.8059
10.7875
16.8057
5.10257
23.5546
18.8914
23.0913
58.7173
46.2795
31.2512
13.4224
24.1673
96.3626
45.4321
12.6954
33.3272
70.5469
14.9789
17.2336
8.12482
17.0838
27.4721
134.239
46.2538
17.324
71.8201
46.1865
31.3151
13.708
13.5881
27.8313
21.3465
7.36551
66.2545
7.8465
37.9821
50.1715
12.1641
19.3222
44.5336
21.5027
10.4462
24.9115
7.6854
9.7274
13.165
31.6387
8.4928
25.9157
27.0861
5.27965
17.922
36.6175
21.4891
39.3562
24.9014
19.9537
7.09094
9.79936
36.7046
23.9794
5.31327
9.11413
28.7828
13.9582
14.6592
17.171
6.99747
11.0626
59.4462
68.2402
5.09609
11.0992
19.1976
13.5212
12.1029
16.3391
30.0549
32.6522
43.0433
23.1086
9.49771
16.4767
69.4005
55.6095
43.2796
20.7414
10.8692
60.9041
39.497
16.8879
20.1439
12.4853
16.1237
49.5321
27.3692
17.1709
8.32112
23.2056
26.7015
17.9054
31.6517
51.9054
10.3223
14.642
51.8719
12.4756
10.842
19.3019
39.368
10.4645
16.8854
14.4469
13.9359
55.2978
58.2997
28.8071
11.8611
50.8233
9.21663
25.2408
10.731
16.3787
39.3398
6.34534
23.9037
65.4785
33.4887
26.6177
47.7285
22.494
41.6748
117.677
21.5738
24.333
33.5073
15.3451
52.7034
4.69694
41.9408
60.7622
5.81072
20.997
33.7892
38.197
64.5791
45.7965
11.8652
41.5537
50.0927
25.4674
15.7755
22.0136
13.2242
15.8377
11.1404
33.5121
16.3631
56.838
9.39566
95.0913
36.1812
19.5031
22.2029
13.017
13.8907
19.0062
121.519
23.1309
9.15996
3.76174
27.2403
28.8889
3.52285
47.9079
21.6249
44.3613
26.4164
39.3162
31.1775
86.9838
8.41638
57.7432
70.2572
95.4092
9.51577
20.4117
76.8414
21.4877
34.4223
15.512
3.76879
18.8453
13.3929
14.3653
4.37353
9.51032
8.76926
12.808
13.8577
97.5754
26.3445
43.1766
5.4393
5.9276
104.392
37.2068
79.9035
27.2383
24.5791
16.8171
21.9999
15.6112
32.2656
24.2333
22.0155
16.0675
36.6239
29.4757
66.9587
56.5173
25.8504
17.7923
12.0522
103.176
5.8506
6.09165
14.9276
9.11774
6.01521
9.45176
6.46001
35.4838
13.3934
44.5098
10.7119
10.4032
56.764
88.7152
14.3266
14.5055
13.1823
42.8411
14.2766
48.5901
18.6914
26.3195
42.7531
10.2109
44.8707
21.9622
15.751
24.2712
93.9451
56.3272
23.1356
8.66114
16.5552
2.71739
29.9053
30.7855
14.0225
12.6666
10.9416
2.74358
6.77224
23.3998
29.9393
18.2724
10.2811
56.2331
35.1586
16.628
136.9
61.4702
21.2938
10.0268
45.5183
21.5486
20.7321
17.5853
14.8479
16.4176
15.9125
23.9432
28.1548
9.0619
21.3624
49.6331
38.4708
49.7235
15.2104
20.0546
18.8652
29.1061
42.9535
13.6009
9.48606
11.5328
12.0874
28.6342
21.4771
10.4506
20.6306
43.9615
17.8652
49.4395
14.313
56.9716
8.96451
49.7021
18.9121
12.7874
3.89093
5.98249
5.74046
13.6381
30.6624
8.52582
10.2665
30.2961
9.29467
71.3141
42.2086
13.1082
45.1903
24.767
31.3329
14.5352
9.66326
15.4618
98.031
12.4701
21.0523
20.3889
19.1068
43.5292
9.62607
17.115
19.6362
6.50064
22.003
16.5521
7.67514
5.82547
20.7091
5.62602
22.8921
8.35529
2.67194
11.9894
5.96733
9.83523
48.6359
45.7579
14.9952
37.8461
45.4965
17.5618
70.0215
7.45834
48.6699
16.8925
17.1019
8.72434
38.9716
3.59143
52.4612
41.866
21.8099
9.47521
17.2877
26.5298
35.7708
14.6757
17.7116
10.0145
24.0136
32.3134
91.8969
42.7638
10.6485
44.9776
84.2669
11.2387
46.0686
6.08059
15.0545
7.27557
24.467
24.5152
61.7221
13.2319
56.3971
34.2947
6.7564
29.9184
20.4788
17.8836
14.7269
4.95213
5.37081
14.0451
25.696
25.4156
37.4728
14.2525
32.2676
72.5215
11.9304
19.285
10.307
48.4455
27.8721
31.935
22.014
67.9915
8.84511
78.5771
28.5722
47.1365
15.4146
29.7351
67.6053
17.3686
17.6704
27.8616
24.3086
70.2485
11.9025
26.6068
5.68821
7.34474
2.64633
113.087
18.6161
8.0573
20.9699
15.9186
66.4866
8.18802
50.6888
28.8411
34.5687
40.2055
32.1896
75.5683
10.8309
34.6366
61.1052
32.8072
8.90412
22.4024
9.90496
16.2552
54.9567
48.8605
12.6965
13.761
6.09959
5.09701
38.3159
9.51344
34.5971
20.2301
14.7193
28.5817
14.1054
81.5151
42.0701
14.2339
3.3272
4.69328
14.7175
29.3641
36.2798
9.48321
19.6978
52.3549
190.531
13.394
34.5389
81.2119
7.69842
14.7076
27.3816
24.3256
27.1074
16.5906
30.8313
20.5689
31.0845
7.97746
22.1017
15.3982
11.4813
28.873
18.4665
19.2804
27.5924
13.668
10.1761
28.8117
49.8738
64.585
8.26334
4.15919
12.342
2.96885
13.1338
4.85358
57.9602
16.4897
38.1831
3.83315
37.8481
36.5608
7.04109
10.5669
12.2786
49.148
50.3556
13.2896
41.3005
32.2205
8.03456
16.4006
41.6419
49.1243
43.1284
28.5892
5.07028
16.8745
34.195
56.6548
79.7836
58.8178
43.3283
18.2834
16.7744
51.9922
28.3142
13.8597
21.4115
17.874
28.058
33.8865
22.2785
11.2662
47.4295
11.5475
17.0039
20.1089
27.2808
24.2485
31.9134
46.6706
8.80699
28.2955
33.4791
40.7399
22.4579
25.5347
14.3934
11.8558
97.1863
16.6681
8.73926
37.5008
79.2974
15.1188
40.3167
35.6284
11.8412
13.3429
44.9363
8.60852
31.3723
14.2253
44.0693
8.12124
14.901
7.04599
15.8884
12.6937
24.7691
23.3257
20.7049
51.0354
44.2297
23.9277
7.36412
24.4525
24.7154
9.27439
68.1713
13.4403
10.7319
12.3906
7.57985
14.3283
9.83356
12.0827
12.2802
10.1522
19.857
9.49623
29.1074
21.2782
20.0279
40.7822
14.7569
24.1074
40.5494
36.0895
9.65256
11.9192
9.87233
30.3454
10.5008
28.7996
73.2358
18.2206
6.21987
17.3542
24.3227
17.7049
14.8976
14.8274
13.1739
21.2993
77.8237
17.5772
12.0093
18.0201
38.6825
25.0861
24.5862
16.1428
17.0619
26.3537
72.6733
61.2079
32.3591
53.7022
16.8561
20.9305
3.53881
4.28285
22.9456
19.9184
14.2335
38.9432
10.3989
10.5813
89.9147
24.1629
10.0718
39.4309
56.2656
21.2473
17.6962
14.5596
12.0904
13.3311
12.1743
63.6266
49.5512
83.0632
24.7654
50.347
19.1096
13.2861
12.0525
14.7229
32.0312
28.4051
21.6612
21.3257
28.8171
33.2705
39.1358
37.897
38.6973
8.07841
24.2653
12.8297
38.058
12.5515
31.6871
11.8931
45.9377
26.2309
36.6433
15.1784
9.20015
9.05816
14.8318
9.20074
31.7367
64.1946
51.3046
13.1518
74.1185
12.5307
9.18468
7.53972
30.2118
29.9729
87.6392
7.68188
14.7695
6.66684
41.1376
6.98606
78.5976
20.6607
12.3074
17.606
35.8835
38.4324
65.1253
9.59848
36.7152
34.1759
9.52776
3.87158
18.0201
8.65224
16.2063
17.8208
11.5122
48.4051
30.1967
8.28508
9.08003
13.8319
48.164
17.8392
10.5742
36.4977
26.5263
14.1854
22.0558
15.0112
6.06794
38.9286
9.28623
66.9273
22.9809
38.3282
5.64719
21.4493
12.703
18.679
22.458
9.64761
39.5547
27.6663
38.7986
10.2943
14.4396
4.46416
96.522
10.3732
21.9881
32.9496
9.72171
16.1501
47.8515
66.3206
17.69
17.2715
58.4302
17.4731
11.1938
12.9602
18.3375
13.0962
35.1377
9.85751
11.781
12.3586
49.3751
29.0722
17.7437
13.8081
75.8444
25.4059
40.9708
9.33073
11.9453
13.431
25.1088
49.2602
13.1366
8.30329
27.3811
28.5732
10.9708
20.8807
46.9975
42.7062
33.1505
55.513
29.0106
38.759
4.12773
13.1711
41.396
15.616
11.801
28.3884
31.5446
36.0468
71.3027
65.7425
12.6372
15.9241
12.6921
54.8858
26.6052
14.2035
68.8128
13.198
61.7657
10.3827
15.1662
31.3474
58.5283
16.6895
35.7596
23.8786
14.537
16.823
8.32031
5.39034
8.75367
6.2992
23.4303
8.68994
5.98252
40.2987
32.8296
24.7664
15.1948
20.3296
12.5302
68.5594
14.0961
22.2976
12.4045
29.3676
19.3142
73.8593
20.3292
22.1775
14.2635
37.9458
42.8469
39.2253
49.196
17.5167
9.50438
18.5058
31.7155
20.9744
18.8276
25.5818
10.1042
24.7428
21.3813
8.27133
17.9638
47.1816
13.3128
20.9969
37.9741
12.1239
10.5319
14.9848
19.5323
18.7786
40.0648
51.3438
28.5053
12.4828
12.0709
40.5382
33.2138
18.1911
5.71922
25.6972
63.4106
23.942
9.50215
23.9044
6.94683
26.0639
4.162
28.6497
10.8161
21.1045
16.5411
60.7408
30.1084
32.3792
6.74406
15.8703
36.415
9.86168
33.6707
5.26307
22.2396
34.2995
7.94481
15.7355
70.9884
8.54709
52.4161
31.1396
30.3411
21.6146
16.2112
21.4147
69.122
77.898
41.3369
5.70289
22.4197
60.1796
49.0749
42.447
29.4255
18.0238
16.3004
34.0381
90.7135
48.1758
35.3653
6.38523
32.6401
11.0121
42.0728
22.2957
8.07665
32.5791
76.4613
11.2085
21.4901
7.84435
26.8975
24.4256
20.1636
16.6424
38.5094
10.2433
8.23251
11.4237
52.5968
53.202
17.3694
85.011
21.5213
105.165
24.7802
24.7196
25.1211
54.4346
21.1934
9.72136
8.00892
13.6762
21.7937
47.5816
12.0572
7.30728
6.11681
36.7098
23.3235
39.075
69.2165
20.3396
14.7943
9.18251
54.7446
13.1734
19.0155
28.2157
45.7266
27.5161
7.85469
17.2515
27.9669
59.4149
77.9483
16.3282
4.57233
15.3537
15.4017
70.7892
15.432
12.6326
5.00562
8.69885
32.1905
15.0461
62.6941
34.5118
14.5328
18.4386
30.6996
47.4371
67.474
55.1954
8.45327
4.75061
12.0734
58.3615
19.5609
27.9187
12.1453
13.3715
10.1231
17.8237
27.0725
28.3336
25.9265
28.4569
16.8139
15.6242
28.5407
14.0642
25.2951
5.98377
23.8755
19.1553
8.34435
42.5485
61.751
34.2238
48.9919
10.8887
44.3145
8.53983
16.8395
11.086
18.0633
35.7929
30.4293
12.3597
99.7563
9.22682
8.91104
35.4854
32.0607
59.8398
34.5125
71.7715
6.211
28.5631
36.9824
17.5365
99.177
18.5806
18.9367
19.249
14.9051
78.6459
15.3907
42.6135
30.5383
18.4656
52.5359
44.9017
19.0513
25.8541
7.51667
10.64
34.5578
27.1304
13.8481
9.07297
92.1461
38.9709
23.2397
7.1728
9.74375
28.0937
17.7271
26.393
52.8188
42.5361
64.4752
41.0108
5.76524
35.1819
27.0145
6.66351
21.0285
17.5247
23.6445
7.14491
54.706
32.0859
10.2986
43.0777
16.7473
17.8257
78.3731
71.2965
31.0434
73.8294
20.3885
22.4703
88.4968
15.2411
38.1584
12.8008
25.9243
54.272
11.1173
12.437
32.4207
8.13346
37.456
30.5412
10.7211
25.8592
28.8773
101.006
23.2914
17.5463
81.5515
20.4766
35.121
55.0544
26.1749
29.1512
27.7505
52.7786
17.4853
26.2635
11.6749
13.9603
13.8882
36.1078
30.5431
29.7164
31.3904
78.0401
8.59066
15.3404
27.1412
9.78172
21.5285
25.195
12.6447
4.3435
30.0203
15.5189
56.9572
18.688
18.6102
15.2893
25.8045
9.00633
50.2663
7.51603
43.1103
20.5647
23.5157
9.81016
9.81404
24.4317
37.6431
12.8614
51.5054
5.93993
11.0809
15.8993
32.9214
32.2505
60.2645
31.325
35.538
38.7678
26.9001
4.4179
38.9664
6.40009
5.0402
30.2354
15.8945
28.6112
11.9169
47.901
29.77
21.4279
5.88892
13.7051
17.9755
54.1796
66.2316
13.3313
8.33518
40.4735
45.9531
4.13103
6.77216
69.8983
12.3654
33.1611
124.024
92.5812
24.8996
11.724
22.4853
61.9754
70.8424
12.1091
16.949
34.6405
22.7879
24.3247
14.4102
12.2488
21.5153
66.08
15.8671
11.3667
119.335
19.4045
45.911
61.4966
31.1858
56.7355
52.9242
15.911
27.5345
31.4217
6.36651
65.5144
38.7125
8.35554
21.0535
29.9607
6.18581
11.2659
15.0993
11.1414
14.6012
8.56533
56.9266
29.5059
20.722
18.4605
69.4977
16.4936
36.891
12.8235
5.95107
67.7941
33.262
23.7766
20.0675
17.094
6.74292
6.0365
11.2127
3.99149
9.19857
24.2718
26.2099
62.9276
6.22531
46.1799
21.3125
30.8135
70.0083
85.4807
77.2427
32.9706
20.1846
18.0964
30.796
9.79452
57.2806
29.4653
33.8995
29.6873
3.5842
28.3662
20.6805
103.468
10.6088
7.63916
11.9867
20.3872
8.29838
12.1806
18.9631
10.7674
35.2883
4.68565
57.672
7.25264
12.5912
11.0981
52.8485
25.2058
12.1641
3.33198
6.5938
18.8366
28.5766
7.28015
2.77949
17.8334
7.42511
74.4504
11.3104
19.7365
9.52583
10.1026
32.6563
11.4842
26.8558
38.7902
18.9934
5.83026
36.6038
23.1907
36.1645
15.9144
35.7937
57.9089
32.2807
11.6205
6.2309
39.6591
10.238
35.1791
36.8908
49.6202
24.3906
18.6171
15.8495
7.23122
13.7539
10.7029
19.536
12.8366
29.9072
5.24764
10.3871
37.4556
25.3699
13.2325
20.8931
47.8513
11.4912
55.1983
54.5339
42.6008
18.8452
34.0771
5.51137
18.3894
13.9055
37.1115
10.0609
23.778
19.5377
14.0161
13.4338
40.2443
42.8608
14.0313
73.1305
16.9164
34.0263
14.4331
13.8539
22.9718
21.6959
9.53511
10.1934
16.6369
12.821
10.2729
12.728
12.8653
50.4686
6.31863
45.1626
22.356
3.33394
47.1385
7.41364
12.7877
6.34803
55.3833
20.777
31.2019
67.6333
6.28117
28.874
8.59161
6.62164
15.1378
23.1757
6.83805
31.7459
18.7321
10.5941
8.02674
11.6061
31.5227
57.8277
10.0383
16.0833
18.1126
9.1159
56.1376
22.4342
6.34306
25.8084
49.5904
23.9978
72.0795
36.8088
8.33941
14.0353
18.4473
39.8101
34.5293
28.0561
42.2828
18.7621
6.93385
16.5212
78.786
44.4435
22.0737
32.8793
180.693
15.7437
14.7751
15.006
29.6768
55.7544
33.3611
20.0301
10.8349
12.2135
24.3785
25.4071
8.61062
20.2116
13.3774
17.19
71.0426
29.762
70.9802
20.5211
41.2639
3.69969
7.7122
15.9764
26.5777
4.94583
72.6704
8.47072
51.4606
17.4356
47.1377
8.12105
19.0004
21.3401
6.2264
8.40015
13.3389
14.8537
27.9334
72.2316
20.4866
34.6092
23.999
10.0975
19.8894
8.2541
24.5485
27.739
7.82306
22.2695
48.066
48.9962
9.75005
59.8553
55.2733
14.1636
21.1951
15.295
18.7745
3.39928
11.2587
14.6035
24.3405
30.8741
36.4674
22.6139
14.3096
11.2603
15.1156
53.1313
47.0475
35.9012
37.8739
16.6789
50.1109
25.2981
45.2427
9.14604
21.3055
13.2331
7.462
101.429
19.7721
20.8851
29.0351
67.7812
10.0913
68.0806
6.13082
39.5952
48.5657
8.10429
14.1468
51.3254
31.9974
15.7117
24.787
7.94112
8.64655
30.5191
19.1254
16.2971
96.8352
9.48413
10.0633
42.4268
27.3012
14.4518
28.4154
19.1979
18.7817
29.7138
46.9136
37.9368
13.94
13.8367
23.2177
26.9802
21.6926
45.7193
3.80871
57.6858
46.1626
32.2883
6.54731
13.7413
82.5435
72.5902
101.354
77.0868
7.82956
10.6516
33.9286
25.5613
10.2263
32.521
54.6034
46.2029
14.1112
39.642
8.02379
9.21232
11.0538
35.3968
24.4225
34.4549
16.7611
34.924
9.18547
5.61337
26.1494
19.2336
5.49589
14.212
27.2345
13.1172
5.06996
18.0161
31.3149
6.19651
6.31962
18.9592
8.9525
20.2468
11.5746
44.1965
39.2882
57.1978
25.6737
9.41414
10.2393
62.2001
4.98157
20.3039
12.0072
4.35142
16.0206
25.0035
3.95939
34.2701
11.4727
5.55504
5.77663
21.9105
29.5204
25.9921
36.9083
42.0551
54.9872
49.3573
44.2355
43.5415
31.9601
16.4775
6.75977
5.48476
70.5213
15.0228
105.754
40.3865
24.6736
7.96811
7.02002
10.5374
22.9873
40.6069
77.0088
20.0955
7.12343
5.46428
33.8815
68.7769
27.5629
29.3129
12.3313
13.1043
52.8781
36.052
4.82373
44.9948
55.2741
35.0132
41.3208
4.33309
12.902
15.54
39.74
12.7604
57.4575
16.8616
44.9544
6.40222
15.3366
17.2425
17.4615
86.7919
29.7464
32.8908
28.0779
9.68909
14.3562
25.5001
26.3526
3.72738
25.0995
5.8513
16.5255
15.1096
32.0008
50.245
45.2457
34.8971
23.2939
13.5994
18.2932
34.9928
43.16
9.01618
17.6834
42.3828
26.0211
35.3007
43.4422
6.76452
12.5379
10.1815
8.34237
62.3123
9.82018
16.3969
5.09481
12.2911
8.54062
29.3015
23.4556
6.86745
9.90223
16.5137
43.0622
16.7181
39.3001
21.1819
44.3761
30.3428
59.7953
24.8935
21.704
34.9637
17.5058
17.7858
13.3937
39.1302
52.9479
23.751
13.0166
124.159
8.62955
31.5937
7.31064
19.8827
64.9
7.94409
92.7684
23.8503
9.04451
27.5986
17.5359
27.3
47.632
22.8075
25.8133
19.3148
51.504
31.9738
16.1521
14.1279
50.6738
59.6284
2.93416
4.10265
39.0529
15.4687
44.1384
10.1908
6.74487
11.2988
32.2253
8.40409
14.8308
34.2185
16.4246
37.7013
13.3632
7.47651
8.42312
42.0721
32.292
8.64107
24.0046
41.9038
18.7509
57.384
31.7853
17.4671
42.451
19.3652
36.0235
22.4364
44.5281
34.662
17.9443
5.43812
9.65398
15.1554
32.086
16.3994
14.5165
5.52781
22.6647
32.5421
17.5894
32.5292
6.92382
42.6088
41.6823
7.49713
5.89794
18.6364
26.2041
29.0321
28.1232
45.3531
20.1362
7.2738
10.4799
7.91197
17.7223
21.0885
10.9995
4.46806
9.98057
2.43397
13.3266
30.4041
12.4769
37.7527
88.8854
42.0108
60.1652
27.2574
20.3367
39.7964
39.4989
81.212
25.4801
34.8766
27.6178
28.621
43.0948
44.1537
7.31622
37.8264
12.2545
7.83403
5.4608
86.8836
6.03386
14.5266
25.687
48.7456
64.1786
9.35706
33.5903
23.4959
86.3562
26.5442
46.2154
30.2638
14.1687
14.8619
10.5928
44.5959
7.02832
42.2659
14.2701
8.50194
17.0019
28.1895
45.4838
63.6414
9.00202
11.4431
7.28118
8.15981
16.0323
43.2463
43.5453
33.0607
7.87056
16.4977
79.9586
21.686
8.88729
8.44294
41.6691
61.7253
69.1154
5.25312
12.9986
16.7009
6.19883
32.0599
36.4379
32.3259
36.202
4.74877
13.3212
23.1907
42.8939
9.63483
35.7064
68.8358
32.1776
19.3644
17.442
29.9404
19.6578
6.49714
6.6381
7.99473
10.355
45.8676
70.9495
15.6659
20.5856
8.26429
45.6684
166.793
60.1182
86.6089
86.637
6.9087
11.6533
15.1022
13.8287
18.0762
20.8644
73.1688
21.3328
8.21858
23.3518
44.835
13.4845
16.0018
17.5574
6.0316
17.4181
26.9195
24.3282
90.8783
12.2987
20.3201
24.3022
61.5565
8.4984
52.1516
182.98
30.3878
27.8779
64.6778
19.8666
70.9195
74.9128
17.4101
34.7246
7.48342
7.92631
30.0876
15.1051
8.76805
23.2505
9.8675
64.078
18.544
11.4284
12.6153
19.5087
6.93769
8.46716
31.0123
7.06782
8.58635
15.7289
5.53196
30.3342
9.09204
26.9471
63.3196
91.5254
11.5727
39.0276
11.6787
42.4485
11.2205
12.4219
13.725
4.39526
40.1125
9.03296
56.7195
27.4416
17.747
9.87528
16.9031
17.0397
8.83282
19.1904
11.8382
38.2824
26.2241
122.36
12.681
15.2194
41.924
47.7927
10.4048
72.0017
8.32926
18.0614
9.34972
51.4842
15.1177
20.0654
21.3018
34.8203
7.7234
31.9003
113.968
49.0071
16.6303
45.4841
27.1349
53.537
14.1306
33.0989
81.9533
19.9112
33.8179
36.6713
41.7705
10.6958
24.889
40.8501
75.7557
14.0703
16.0292
35.084
9.26408
23.6704
45.977
11.5598
14.7494
32.6239
11.4555
66.9146
32.6164
21.8401
10.8694
96.1553
7.18705
22.7514
54.0677
23.9922
29.0016
52.6635
21.0742
4.54377
30.0654
20.7974
27.285
49.5507
61.7308
72.4937
18.9058
35.2001
12.1212
10.488
40.7106
6.97367
13.7276
16.9701
6.05529
15.3627
23.5909
12.5397
51.7484
29.7562
42.8812
8.20904
61.2916
57.2065
7.71909
2.97466
30.0713
17.5179
7.94128
15.1462
51.7397
4.19945
55.7605
23.6453
39.9743
52.6677
16.4771
9.6548
29.387
6.7307
8.78145
28.4252
13.8364
74.4455
7.82014
5.54797
18.3093
7.66796
11.9798
6.51664
9.50121
48.427
39.3944
21.6669
16.9712
21.1595
46.5506
7.70984
19.0563
7.71117
121.66
29.0709
19.476
19.9035
9.49636
55.6069
48.8442
17.2355
19.9869
24.0233
33.0376
20.53
30.2478
100.579
17.2392
66.1802
14.549
12.2913
14.2662
24.004
9.41564
8.37776
61.4609
24.1701
30.0746
16.2983
20.9815
9.78471
33.0736
19.0286
7.89939
43.0515
20.6955
13.5335
28.8059
15.9509
137.122
10.2914
14.5307
12.2886
27.8586
37.9374
33.6463
13.785
35.1759
17.4406
22.41
13.3534
9.67537
13.0558
46.3504
12.0413
35.2084
46.6124
12.7881
35.5515
16.6921
35.6487
12.9405
23.5313
19.3665
9.80206
54.754
33.2897
3.80215
8.64655
11.5118
18.131
71.6256
22.1768
32.99
7.75761
22.5461
22.8145
28.9654
40.9985
17.0007
11.1512
17.9299
11.3174
31.4063
31.0628
31.5911
12.6125
69.0196
10.6627
10.7374
17.2463
23.9767
25.8225
27.5406
8.62633
47.3988
12.8878
25.8282
7.20747
45.805
45.2666
12.3139
21.0967
35.2432
39.2758
6.45694
22.3633
47.6047
43.3997
93.4968
21.4529
23.6144
38.0945
22.0004
10.6362
44.8426
77.1434
37.5334
16.9688
3.7891
20.881
4.07132
20.2483
11.1444
7.84719
12.5295
45.0556
11.7596
53.3515
28.6286
27.8555
44.5966
56.7006
7.98508
22.5026
95.9809
7.29226
20.4274
20.8608
48.7737
60.7268
4.51341
15.5661
87.6474
22.5993
49.9563
26.3668
21.6265
6.87603
30.258
15.7379
13.1497
58.7317
11.4766
13.2343
6.50371
30.9109
53.0765
42.3743
14.7339
11.8863
36.404
29.6465
34.4132
56.2414
100.357
32.2702
9.22595
15.6954
44.0305
23.1863
9.95485
15.7869
22.5237
27.7612
9.64386
13.7659
20.7085
53.6857
24.5963
13.1578
8.83437
6.54556
6.70719
8.89911
14.3751
6.59429
14.9558
68.2487
9.96718
18.2336
15.5697
8.30242
30.442
29.8799
18.5578
13.1121
22.8608
60.8049
8.6978
11.7077
16.6333
41.2358
107.928
13.9429
50.5883
65.1666
78.3096
13.4607
39.6719
11.375
57.0174
7.00257
21.595
64.0102
21.7258
58.3803
76.4818
27.0975
14.351
25.7689
21.0705
53.4085
125.743
61.4754
15.3186
11.8392
33.4079
25.8805
24.1151
20.165
16.5663
8.39727
11.0267
21.6041
6.69386
16.5895
67.915
35.2707
15.8011
24.0194
19.5073
74.6706
31.0906
7.70219
11.7507
36.4047
35.6716
38.4815
12.0448
34.8268
3.70739
53.4311
37.6036
21.1569
14.3291
72.0286
28.5153
50.3299
6.67468
29.2353
30.2694
27.1697
17.3859
33.8032
18.638
44.7772
15.793
23.4103
20.6878
22.3487
29.1682
23.6795
11.4076
50.7691
13.2333
11.1622
91.6753
5.90795
22.1019
21.3115
33.4685
9.93328
40.8872
44.6973
6.84695
73.6457
15.3476
46.8911
8.14166
13.952
24.214
42.6334
41.3917
53.2911
51.2844
36.6681
19.7823
23.1809
10.6408
34.88
9.96312
28.3466
32.3655
36.4523
4.92755
36.2548
36.1971
33.3569
27.4629
14.3886
13.1975
36.9897
63.8661
12.1891
28.245
13.0104
13.3258
31.5276
51.164
13.1194
4.78493
26.2664
9.69316
6.14991
12.7804
10.4936
16.7292
13.2117
68.2045
18.9348
71.9267
8.91252
4.57291
13.3967
16.8963
77.9717
58.8506
29.2027
28.3442
33.6976
22.2394
9.08087
12.6319
9.89509
8.82542
16.6595
1.41668
24.1317
65.1463
54.2489
11.217
17.6859
22.0668
22.2744
25.3765
7.58192
9.3405
9.9959
19.6436
21.711
30.8659
82.9345
27.3882
40.1325
9.93095
44.7133
22.7006
39.385
89.1029
9.94986
138.285
5.91762
7.30633
25.5545
8.02646
28.1359
27.1108
12.4421
12.4046
24.3362
28.2065
7.23315
26.1927
33.0373
7.04974
54.3049
28.3119
18.8678
80.8344
30.1916
68.9986
9.55743
21.9362
20.2854
38.3246
15.716
30.9787
54.3427
24.1817
14.5011
54.1075
17.3995
22.1278
6.46288
35.2819
19.0623
9.48908
22.8919
40.3653
53.6157
11.3804
12.4739
34.0226
35.5305
30.4078
28.2837
45.904
76.3911
64.836
39.4296
19.0349
72.0672
20.4629
30.1203
17.2906
4.28831
14.2985
42.3214
78.5539
25.4482
26.8078
47.9679
15.6904
14.3354
9.55665
31.0584
43.795
22.8508
75.9917
7.24345
46.6571
49.7756
21.8688
40.487
36.3057
17.2957
25.9992
41.1596
14.3655
22.1743
23.576
12.386
15.5954
71.5816
18.6534
16.6853
24.7262
36.0545
46.1286
146.908
6.66124
11.6053
13.818
36.51
14.8937
7.83024
27.7023
43.367
41.0495
12.9923
99.7013
53.8951
79.833
8.5458
39.11
44.792
25.6804
27.1321
24.722
28.0532
81.0387
9.7802
108.51
44.7875
29.8918
19.4013
5.35675
15.9075
18.1633
31.5631
14.6366
7.66815
15.578
31.6678
15.7523
61.2487
33.4307
8.99312
26.1367
83.3179
22.0383
10.093
12.6478
18.3538
8.39823
19.8453
27.9342
12.0354
7.27605
18.6695
9.00704
14.8872
56.1601
36.1927
9.35645
42.0809
9.19661
6.93595
13.5326
10.9488
45.2395
92.264
60.9976
24.1114
9.7513
5.44265
35.7512
11.0905
9.20129
14.7084
18.4894
13.1965
44.6556
9.04828
15.4201
15.8242
18.7741
16.4804
22.6799
28.7288
7.14152
8.61201
35.7327
23.7435
19.765
36.7277
17.9624
30.2718
28.3296
13.6425
8.20041
6.69715
13.5664
37.1519
13.745
11.9208
14.902
23.8249
45.8231
8.69925
18.1939
15.544
8.94777
62.0014
39.0751
10.9126
24.5919
51.7178
22.1145
32.3212
15.3056
76.2143
128.677
18.624
16.4373
57.2097
30.4453
94.2056
14.2632
19.3971
86.56
65.161
16.1274
20.1114
18.375
6.38242
21.9112
54.3446
17.2912
9.16092
8.39789
13.4415
10.7718
35.683
16.3356
24.5356
45.763
21.3646
25.3222
34.4074
10.2191
36.2371
44.0811
16.4118
74.9548
22.8577
8.60717
19.7157
26.7986
26.4581
20.8838
16.2141
3.67532
33.6095
28.2738
36.1773
4.50781
34.5144
63.3302
11.6692
93.0911
11.6229
13.2086
12.8625
35.3707
21.5894
54.3712
37.5922
11.0204
13.5222
14.9135
8.53665
19.4687
98.0202
7.63218
7.86109
13.9236
74.3483
34.5891
23.2062
17.7926
15.5286
33.696
4.99752
29.0214
49.3082
29.7604
3.44516
21.2952
16.2192
17.2927
10.7242
12.7353
15.1429
73.7452
24.2486
64.09
48.2437
6.45856
17.7916
9.4008
11.673
21.8567
16.2221
76.7272
71.5457
5.35132
29.6634
16.9723
13.7141
17.6845
58.0696
33.8616
26.5396
6.76473
7.40317
67.064
28.8776
34.9766
8.04952
14.4813
9.55561
52.4925
13.759
5.43162
14.2456
24.4947
10.8735
19.3635
12.5583
7.96223
16.1909
22.3243
24.4762
35.2572
34.7822
19.7611
23.3775
58.4416
16.7611
14.0655
40.9628
16.55
6.66977
30.2326
13.0981
15.7895
19.4915
3.19653
6.43473
27.1716
40.8959
23.8997
7.61192
16.7593
33.7059
78.2482
31.4016
61.0118
13.3507
37.2276
38.4845
34.5053
23.0961
46.7579
14.9634
10.1452
11.8372
69.0901
14.7296
15.5901
58.4305
6.94236
65.725
9.4129
48.7863
33.6449
33.8077
12.7337
5.49974
48.3783
40.5604
14.602
34.6171
15.7378
19.4669
16.0771
16.9753
12.8119
51.8369
27.4979
15.0425
24.6362
9.85478
5.90849
3.51032
48.7149
72.3589
4.65413
8.19701
21.6848
30.0323
28.9122
22.154
8.52123
46.1903
10.5536
18.0435
15.521
61.8247
41.0023
86.2594
33.5675
3.08142
59.498
42.6212
9.58108
9.10618
23.9132
14.279
9.73106
10.026
84.3596
24.0533
19.9947
7.74198
6.9354
22.6542
12.9893
3.33532
33.9172
22.7223
14.5737
25.3398
60.935
22.2662
35.7892
23.5441
67.1274
7.12135
11.441
59.4898
26.325
25.7445
24.558
30.6468
47.4881
19.2522
26.0043
63.8352
21.9524
45.3773
26.1813
24.7222
117.254
12.0458
5.74697
34.0535
12.1912
64.7046
9.44149
32.4361
72.3358
47.502
15.1281
16.6057
47.9504
7.37158
13.7471
66.9435
60.7393
25.6243
13.8165
20.8078
4.87017
20.4221
18.0109
10.0598
21.7721
30.9059
33.9824
13.6919
9.67958
9.73954
27.7917
7.82392
51.1512
22.7837