18.6921
19.0934
35.7109
24.7642
19.4404
14.0701
20.1409
7.43255
16.217
9.74462
3.95481
18.7097
48.8041
10.7677
15.3206
6.33087
5.62817
25.0777
36.3655
17.4802
4.37337
6.70781
7.61639
26.0696
8.2471
20.609
36.6152
9.00963
10.7673
11.3069
12.1916
12.3875
4.05803
3.63096
10.6987
26.9418
23.2473
10.5262
30.2879
15.456
10.6505
9.28503
8.6062
11.1809
18.5882
8.46049
26.8339
9.67229
22.1301
10.8805
9.29192
22.3747
3.947
10.1429
30.6947
3.77421
13.3154
6.8459
5.20068
18.2246
6.96003
7.69734
12.0577
5.04121
14.3359
12.2492
23.0252
6.42124
16.0642
28.3685
11.0018
11.1885
2.09945
8.94408
6.83465
33.4813
40.7758
44.7268
8.33682
24.8603
10.0307
24.6441
9.77391
23.6675
6.13036
6.45207
19.4839
4.80709
15.5654
5.08998
8.85048
32.4251
22.0897
6.95348
26.8715
9.68278
17.9456
16.0509
20.1819
48.8809
7.53745
14.3058
7.83823
28.4603
4.25612
71.5018
10.4679
20.211
65.4863
9.31159
9.11796
19.8325
33.7913
33.3777
5.88332
24.6928
20.0317
9.92173
5.16557
5.10467
66.2082
32.7177
61.1939
8.70083
9.97504
4.11496
45.4298
10.5542
3.61291
6.30194
3.01339
30.9055
7.14343
2.52687
3.02459
2.99033
6.73637
6.29311
28.7159
8.36758
5.16565
20.7124
11.5788
27.6601
10.3013
4.86074
12.4116
6.68466
65.8581
10.7613
19.8826
8.07854
18.1031
7.20751
20.254
6.62546
16.1964
2.26318
10.0535
8.44399
29.2457
16.0882
46.3463
2.82419
3.2344
11.4445
5.5615
6.38675
8.7958
13.6513
16.3815
12.1529
25.277
36.3634
30.3671
14.7823
9.15589
26.5594
15.9441
13.5238
29.4607
31.9153
9.41954
24.4016
13.4993
8.77306
29.8368
14.1028
35.9115
6.43034
1.6561
8.592
6.10671
17.3917
14.7676
17.0043
11.2621
8.52029
5.10567
27.4648
3.12438
34.7161
11.6852
2.93622
5.68259
25.3509
12.1421
12.9757
12
1.91245
4.25254
18.4431
17.7458
7.48369
19.8017
7.18453
33.7137
6.69714
7.29367
23.6967
12.5602
12.6477
3.30925
16.5718
3.76416
2.35682
4.826
6.18066
6.99256
2.0057
34.5082
50.4631
37.1802
11.7708
5.14521
30.1402
23.1895
15.0627
1.30163
24.1211
12.7892
6.67323
31.1034
48.4744
12.1906
21.6781
12.5757
6.73093
16.8028
28.5611
20.639
8.44971
12.522
8.81612
10.8408
7.03813
12.4042
35.6874
12.6017
13.6168
12.8108
6.23127
2.92707
5.71997
19.8693
15.6777
15.368
10.5609
17.2892
10.1855
9.27936
6.94831
9.70006
13.3631
7.50206
31.4424
22.201
6.06346
10.9568
3.81206
4.44171
32.4207
24.8523
7.64931
8.49012
4.03818
6.64218
11.7889
8.45179
13.4545
20.612
7.94312
45.034
8.79255
4.07207
16.4184
9.40023
16.2043
18.6635
16.1804
6.43075
8.79234
18.3373
4.27963
20.5754
56.0182
10.6675
29.895
6.56304
7.55011
15.4935
7.32273
15.4413
10.3762
43.5843
13.8995
10.1964
8.2391
4.22811
13.3722
23.6349
5.93554
6.35399
5.28321
13.4858
21.9124
10.9913
26.9476
6.0559
3.62856
14.6266
11.1876
25.6825
7.15309
15.3322
18.3309
36.0451
11.9557
14.7972
15.6884
10.7001
7.63448
8.1026
8.45633
9.01829
37.3675
11.7826
24.124
3.36465
11.1385
59.0073
12.6228
20.8983
7.16909
15.6926
21.5301
20.1886
23.2711
10.2143
22.248
20.2277
22.4047
43.5331
33.0868
4.21744
12.0304
7.69739
10.0126
19.0972
5.71885
4.22249
12.5892
3.94208
16.7825
17.7251
8.89326
38.6469
6.28069
6.8792
15.7649
10.1243
23.6354
28.686
4.37269
9.14315
7.28269
13.7252
8.40401
22.9552
11.0887
23.297
3.09166
15.1665
4.94716
21.1996
9.23394
13.4454
3.06916
26.1102
42.1679
8.21498
7.7329
33.2202
11.166
18.0455
5.62011
8.03345
14.9906
12.7497
31.5001
52.9115
20.7582
24.4817
5.9889
6.63685
63.2121
9.09158
27.5055
35.6121
36.8426
60.7279
5.27175
11.3535
9.78765
12.0983
3.83571
9.69105
8.46846
7.85185
7.22385
41.0429
5.32584
6.28854
8.36814
2.33244
4.23846
39.5092
10.6876
59.9076
4.47916
10.0446
17.3457
9.75909
17.3336
16.1635
14.9747
6.75896
17.5355
14.0443
9.86301
12.7783
3.23554
16.083
6.54193
24.483
34.7139
16.7188
28.22
9.39495
12.6843
8.16704
11.5602
1.5877
12.726
2.32648
16.2934
7.84361
11.4252
6.9745
26.615
5.60112
8.65969
4.42393
15.4172
10.9497
14.3982
4.01285
8.97398
12.1467
14.9533
10.5918
27.9253
15.7816
12.4879
7.92843
11.2301
23.4079
9.48541
11.0205
21.3802
5.12498
5.06309
8.94281
21.6968
12.3437
15.2922
22.5394
6.52044
16.6843
8.48581
7.458
34.2442
12.7563
9.05098
7.75991
17.6085
5.41778
9.79278
12.011
16.5257
18.5125
11.3133
11.697
24.5529
20.6563
9.32719
12.8069
31.7822
55.4043
9.29214
16.8389
4.01908
6.16428
10.1056
6.59483
18.5745
7.95154
7.26518
20.235
17.7564
1.02526
7.89921
10.2181
5.09273
10.8527
14.6215
65.8203
6.28814
15.8757
22.1712
58.1447
8.88075
10.0336
1.16223
113.129
2.34362
10.6915
3.8712
2.69175
44.8064
29.7797
8.6595
2.68923
2.82994
25.8554
4.45781
11.6004
7.10184
7.22714
19.8267
25.8682
12.2291
3.35226
7.53609
23.9293
17.389
16.9978
4.32173
4.61341
30.6137
24.4871
2.30687
7.95028
10.987
15.2727
11.8301
16.4557
10.9463
6.816
39.2756
7.14696
11.5099
10.6487
8.69352
14.0229
3.37628
6.62303
6.7361
4.68111
3.77716
34.0144
40.6941
7.91217
4.99015
8.80144
17.2238
11.5326
7.63241
4.22031
14.1535
8.51695
10.9794
8.25499
16.8891
14.4422
3.26578
5.81654
7.32547
12.4679
13.3774
15.381
9.06322
4.73693
11.6623
7.21684
9.00531
32.0468
2.76547
2.64301
10.3884
26.096
10.3522
11.0336
1.67416
18.7282
17.4504
3.08924
20.6887
9.71472
22.4442
7.52891
17.5853
21.3068
10.1173
32.0599
14.262
66.1264
6.65917
10.5875
23.488
35.4781
7.43588
11.376
6.12714
12.2748
14.3466
5.22573
11.2072
10.2358
4.38376
15.2351
11.6071
9.34186
2.11281
3.06805
41.5468
37.6614
5.30657
42.3403
9.02352
4.63818
6.70881
8.76972
2.34482
14.5
22.065
12.6825
8.81687
9.40732
20.1073
28.4232
18.517
19.2584
21.4126
6.40796
5.10296
8.96081
18.7628
3.67688
12.5598
22.0761
11.8723
23.9647
20.3766
7.85925
11.6514
7.4659
42.5162
4.26005
13.587
22.46
19.2876
12.3548
5.67464
11.4109
19.8926
4.34093
6.06158
7.6204
4.07711
22.7904
33.2912
33.4929
5.34749
8.99074
9.45847
23.4386
15.8372
15.4227
24.1046
13.9821
4.25505
63.3204
10.9886
16.3188
67.8825
19.2448
20.8964
19.0513
6.18938
5.35711
29.3031
8.09435
13.1229
4.75326
7.37569
29.0133
12.9003
18.593
13.2245
6.64538
36.2073
28.2392
6.53637
13.1202
8.17953
11.7565
32.6878
12.863
5.74902
5.84525
14.0703
7.5722
18.8401
4.08126
19.7881
23.1594
47.1735
45.5355
13.7329
31.0381
3.78338
71.1439
6.15574
3.78976
32.589
17.8261
25.2974
15.1943
3.20017
6.8257
3.98976
8.53627
43.2879
17.6938
12.3448
49.2064
16.2038
8.83413
13.5568
11.2503
17.0479
9.1406
22.3113
8.13115
6.96448
39.0468
25.4494
10.5365
13.1086
10.7126
3.89241
3.7023
17.1432
13.2904
40.2604
14.1722
20.0769
10.9562
2.09646
4.71238
9.40881
3.6418
14.0439
6.04735
31.7325
25.7727
20.0757
24.0957
7.7415
11.3074
5.96391
7.31808
15.413
15.4139
8.01674
7.35033
2.42185
16.3529
6.33072
21.8911
28.5973
10.2028
7.83903
4.0766
31.9403
18.5477
4.59264
9.99461
14.7759
18.1786
6.22094
13.3326
6.26803
19.6038
14.4845
9.04692
9.01616
7.24983
18.0791
11.9978
5.66373
9.67287
14.9245
35.1023
4.57409
21.6263
10.3906
5.94109
17.8819
4.38545
48.7226
3.9686
12.1341
10.7474
4.05307
2.87223
21.2526
36.2523
3.41884
4.70407
8.47312
28.9196
5.80259
30.7576
20.103
10.8907
4.18646
3.56923
38.1227
13.9511
7.71189
7.45862
24.4591
21.4641
6.52986
6.6419
9.75842
6.54307
59.2354
6.61763
30.5991
42.5097
4.1318
30.6612
28.8865
5.66166
19.0574
20.4345
27.5191
18.5532
17.7698
9.26536
4.77811
40.6694
10.2528
12.958
10.0688
15.8189
7.94133
22.1827
17.8182
9.1214
19.3271
26.2513
7.2746
15.6806
25.5538
7.77547
17.8237
9.42039
17.2558
10.2114
8.35219
6.1622
10.447
9.47429
3.5053
9.25967
7.6318
13.8751
4.20317
6.95194
3.95561
2.01491
4.24357
22.4103
23.6798
11.1988
9.16999
4.52729
16.4034
30.2095
5.91707
20.1926
10.7795
32.4845
9.76297
4.09399
4.23849
10.7589
20.449
41.8737
3.9646
11.2277
16.0844
21.3103
10.3199
18.0712
13.069
21.2862
20.2111
5.798
7.74352
6.69185
37.512
12.732
22.7399
16.1364
25.9767
40.2666
15.7014
15.262
13.937
24.675
5.14293
4.81338
27.3821
7.6323
20.1599
5.02284
10.4921
5.89338
41.5276
7.16919
9.64557
19.9893
2.80642
32.3673
18.6033
6.28092
6.83331
14.3162
12.3271
4.07122
25.0189
42.4938
14.4642
5.52808
28.3602
35.244
16.6656
15.1768
10.8535
21.5093
9.86905
16.3761
8.70721
15.3029
19.3371
14.199
21.1141
7.79701
20.3824
17.52
16.903
2.35996
22.6412
16.5006
7.38672
19.759
2.51338
4.10893
7.90506
5.61618
5.10211
7.49574
6.51945
9.48768
10.6297
17.9029
7.0813
31.2199
16.1807
16.6093
10.0701
5.22383
6.25243
5.57482
13.5603
11.2256
11.5393
9.52115
6.39676
12.4234
15.1692
10.4811
11.4882
43.917
4.27483
18.3111
6.31043
5.43273
8.8693
6.36512
10.8612
11.2521
24.3337
15.3
11.3646
8.64776
49.9237
53.9767
5.45201
10.4966
16.2204
10.3841
24.2088
3.47205
3.84448
15.5673
20.1823
25.5131
10.9184
2.83987
16.0757
8.27902
14.966
5.65175
4.88476
35.2461
11.2497
3.58234
10.7418
7.76163
3.27578
14.9915
10.1409
18.8668
10.6146
2.93601
3.41691
16.8778
5.48925
12.6541
15.1546
5.06261
16.1235
12.0157
22.2023
7.04315
31.0232
13.7396
19.246
6.21316
4.74209
17.0107
32.6516
5.67587
10.1605
22.3143
11.2077
8.45719
4.99178
13.7898
3.56546
8.085
14.5881
14.8755
9.98017
12.1567
11.7526
5.30112
13.8716
32.5079
8.43789
13.3134
5.73259
10.1903
11.9876
10.1248
52.0267
5.43114
18.4089
27.0711
22.368
14.7816
15.8369
7.42005
9.25977
19.1919
45.589
4.73944
2.4685
6.58711
5.70775
8.17371
3.66998
19.3867
10.8119
18.878
40.8725
8.57545
4.30376
7.1879
10.9727
11.7618
25.2197
11.5019
8.05422
8.18165
12.7586
4.58433
6.03568
12.6867
8.51333
9.30146
9.6953
1.4982
14.3538
6.84683
8.26142
7.40312
4.73299
6.33005
11.4915
16.7897
3.53376
22.3908
5.90424
11.296
4.52441
14.4408
27.296
4.55781
2.88197
20.2037
9.65445
6.43428
6.19705
44.3452
22.7039
14.3021
7.85591
7.60654
44.2224
2.60115
13.966
18.6554
5.8822
9.81133
13.9136
9.40144
7.53139
10.9808
5.03502
17.6371
14.3366
5.4457
20.8034
28.4772
11.7361
15.2993
35.3711
1.41446
10.4239
21.475
17.405
28.3514
5.80129
4.2978
19.4715
13.273
3.91426
26.7525
3.965
11.4924
9.26061
22.9056
7.091
42.7815
37.279
15.6964
13.6132
24.7265
4.25846
14.3429
21.7538
6.64155
9.51671
4.5849
22.1352
16.0527
10.5914
10.2387
12.9591
6.65589
10.6734
6.42288
16.5351
8.26249
10.2612
2.11775
10.8732
11.7611
46.3619
14.093
60.7886
4.20175
23.6829
10.3075
3.99984
10.7437
13.7277
18.1745
5.43395
3.86037
33.3219
8.71639
20.5191
7.03937
6.29397
7.80842
7.88179
12.6679
8.76686
11.7097
40.0721
32.7187
5.78263
12.8909
17.4505
8.14952
7.2991
3.2
2.24416
2.63198
15.6628
11.4714
3.30939
3.05746
11.1752
5.17363
21.5002
15.9465
13.7029
14.8157
5.96553
5.13455
16.2508
17.4037
13.0551
36.9769
4.49931
6.9379
5.41744
3.54968
9.73697
27.2534
17.5529
37.5812
21.1375
18.8907
15.052
3.03513
16.4057
7.87612
28.7975
23.6648
9.48933
34.22
17.121
8.97243
8.36502
10.2768
37.0307
13.9281
31.3548
5.44032
11.9586
13.5111
18.0253
3.4593
13.0553
7.00747
8.12533
9.82237
19.8634
7.60343
5.87049
35.4208
27.1315
8.22785
9.66205
11.4686
101.602
6.23493
28.2631
7.03852
23.228
10.1733
4.53606
6.60814
23.51
51.3709
9.71351
18.9322
25.7968
14.7345
30.8031
11.2829
23.4117
5.14608
5.30362
17.145
1.35674
3.95519
24.6661
11.9047
6.54047
2.02783
21.1741
5.39252
19.7743
9.55058
5.96037
2.42294
6.10149
15.0632
19.1674
7.65305
5.97256
20.937
5.90499
18.3283
20.1404
9.53005
19.1192
35.8459
20.131
7.83861
46.0876
39.4829
26.6099
3.16575
10.9839
6.02504
17.3414
20.8072
7.03273
7.13762
6.24317
4.85639
5.94759
15.6461
11.6063
7.19219
4.99182
32.4189
9.01111
6.12679
24.5716
6.6689
9.05653
6.94067
23.975
18.4469
8.09303
12.412
52.57
4.33027
4.17487
16.6394
14.7774
8.31657
37.407
23.545
17.6641
8.9071
7.01903
24.8587
10.1945
19.9311
13.9576
5.42319
13.7467
34.6754
34.4173
25.3302
2.86387
6.17777
22.0558
38.403
34.3345
24.5195
10.6199
7.73378
4.09704
7.82438
9.99467
2.5281
17.6741
13.7085
3.50212
4.78281
19.6703
4.52297
15.87
4.89954
6.7294
12.2691
6.40066
15.4736
6.51803
9.88041
8.06731
5.5212
16.785
14.6345
16.7241
52.7302
13.7036
5.34221
61.5643
6.71584
2.83134
8.44584
6.95342
20.0561
9.03826
11.0752
8.58423
29.7228
7.6845
4.41403
36.6069
6.76178
8.75212
6.48079
8.11165
53.9792
29.2117
2.95442
9.32271
4.87909
6.1031
7.3982
6.54183
8.69541
29.3017
2.32726
11.2426
31.2207
18.3425
4.75287
14.6368
24.387
22.614
6.20018
7.7204
10.2138
16.2646
9.90775
8.43939
6.77395
4.74312
16.1248
4.51778
13.5808
10.2141
5.08453
8.61101
21.5543
18.0536
7.65912
5.36399
7.20007
19.5129
8.63113
24.0417
17.6495
14.4812
13.4115
21.3965
8.30316
6.47017
13.7203
11.0823
4.82086
6.03812
16.1501
40.6609
10.4345
7.50845
8.58555
6.2146
12.1998
44.6036
2.73788
31.3721
14.2038
23.6514
6.78323
9.67836
10.4506
13.9284
34.5611
31.2788
8.10583
22.6266
17.7001
28.0128
10.6271
9.01013
15.309
2.77183
22.9546
13.8417
19.7952
4.43923
11.797
9.90032
8.71136
34.5846
21.1491
27.4441
8.78502
27.4197
15.5731
16.2237
16.5971
7.22311
42.2898
15.158
2.84411
35.1949
39.6713
13.4688
20.5215
11.1017
22.3296
13.4617
13.4011
12.6624
19.7283
27.8886
20.2346
17.8718
19.9948
13.8642
7.37674
2.89854
20.6073
10.6191
10.4677
22.4712
3.85935
3.87549
12.5755
16.4452
6.00706
3.82306
14.108
4.88742
20.633
5.49402
12.8983
21.3502
13.0348
2.77754
10.9086
6.24925
3.76543
6.27874
9.65895
8.42286
27.0628
17.3015
23.7499
7.35966
12.4577
10.9855
8.96174
19.6108
9.77208
7.55253
19.8806
6.2483
18.0546
6.04213
10.0651
4.87101
40.1392
14.065
16.3468
5.52956
9.84124
14.187
56.4045
34.5106
17.224
6.38062
7.67563
14.9793
36.4823
6.84428
18.0575
9.26201
6.47354
7.27883
6.84514
20.2053
17.4894
15.0202
3.10436
21.873
35.9681
4.50748
16.5944
10.1607
43.1044
35.0298
20.2507
3.03161
11.0943
13.088
28.0526
22.193
8.6936
8.48754
51.7597
25.5634
71.6342
8.2684
7.99598
53.3018
16.3984
38.5302
14.7693
12.0017
13.832
47.1274
13.4518
27.6676
5.5376
12.6343
7.32919
15.2601
23.2381
17.5367
4.73231
18.4572
15.842
10.4151
24.3049
12.4488
7.01857
29.7112
11.2756
4.8211
93.8095
46.1106
16.0683
25.7953
7.02228
26.5223
21.0585
5.22688
9.69414
3.76276
32.5185
25.3948
7.74769
20.9605
45.1322
6.66598
47.0959
21.5919
28.4783
6.4128
14.9521
23.2687
8.07712
9.79708
31.6622
4.24987
17.2021
49.1518
49.3949
27.2513
4.86041
4.03056
13.4391
12.4542
13.2219
46.9334
12.4417
16.0966
7.52252
14.58
7.29805
18.4658
15.5689
23.7239
52.83
4.63243
14.2451
10.934
3.02953
29.1934
4.16099
5.67739
9.13137
13.1721
75.1906
20.5915
37.9894
16.1541
6.6797
5.88128
2.06263
5.43259
46.7931
34.3633
22.5857
9.97134
9.1216
4.03665
9.38551
23.7798
12.8792
34.155
5.54416
7.82267
6.8767
25.4557
22.6547
18.504
9.57399
18.3528
6.81176
4.6315
5.14487
20.2544
7.12441
8.22514
3.27023
20.2721
6.84914
9.23984
17.3771
3.77746
16.6761
9.16891
35.1179
9.63241
9.3746
30.8672
3.49027
12.3889
21.5827
16.9795
25.1425
8.8199
14.4436
18.509
14.8738
5.20582
24.6581
43.8488
8.97437
4.3989
37.474
23.278
5.01427
16.8465
6.62933
19.4081
12.5015
7.89395
56.5131
18.8865
7.66721
32.686
26.6891
14.765
4.78895
17.1642
8.5949
8.12682
13.2727
8.27769
12.5398
18.0238
9.37929
7.6131
18.3391
13.3753
24.8964
5.48876
8.16011
5.81398
32.6755
4.98117
17.9127
6.24515
51.7709
10.5431
26.3872
12.1138
21.2311
15.5847
19.157
11.4033
8.79949
9.98551
27.3671
39.2595
3.55791
21.4344
14.4017
3.91151
6.60504
13.3446
3.20816
3.96628
41.5771
7.34578
18.8968
7.40602
11.3523
22.6546
25.9664
12.298
7.63514
6.98535
32.4071
45.1352
7.9729
52.8486
53.8794
8.62051
8.60782
3.21972
20.5431
9.66335
6.48235
4.12009
24.1056
26.664
6.96115
21.9601
5.21649
11.828
15.0931
3.97889
16.7599
12.894
21.1522
5.06988
43.0673
12.2306
48.0297
7.27964
19.1315
13.7567
4.53307
6.51164
18.367
46.0457
40.76
10.8606
6.29962
6.31888
12.6968
5.14048
34.8418
30.5769
17.7271
33.7665
19.4907
8.12758
4.39894
14.6074
9.55912
15.4005
8.29648
16.0796
5.84956
15.315
5.12163
2.97118
9.85032
26.9053
4.39392
3.10775
17.1438
6.34517
23.5739
12.0672
21.3829
11.0285
6.71182
10.7268
30.4617
18.8915
75.1563
19.804
11.6108
24.5637
15.6414
8.97152
33.1179
15.2805
18.1726
7.39599
25.5903
38.8748
14.8287
39.2686
8.74196
12.2214
20.4021
13.119
16.8634
25.253
8.42142
6.24829
11.5075
19.7287
17.0928
9.18005
28.7396
41.0449
3.42571
21.7178
4.76149
32.3333
13.9985
9.82834
9.84184
3.64158
6.97029
11.3376
48.2504
5.87063
6.17536
7.55181
10.3978
12.383
124.075
9.34229
44.6983
20.5672
6.38399
34.9429
8.25348
24.1143
19.0004
5.67863
12.0547
8.58908
37.4767
2.29205
10.8354
28.0234
9.85327
3.92358
8.28883
9.93986
4.82956
6.76042
22.5062
34.4617
14.0368
7.00969
30.5373
19.8552
13.9159
13.5044
13.6077
4.8463
36.4655
16.1991
5.61741
22.0391
7.67584
6.02903
4.77266
7.35293
40.5379
9.31641
19.0398
22.9225
2.64908
8.07735
25.4731
4.8231
16.3095
20.4104
23.5553
13.0109
14.3784
2.99171
10.6692
8.75123
4.60515
43.2221
8.01786
4.81831
24.3726
29.4895
8.57807
14.4981
18.398
15.3527
5.77906
4.85142
7.07529
10.2962
1.93425
2.1457
9.14055
9.50019
5.58533
26.0821
25.2855
35.4973
12.7523
12.8229
8.91049
10.2902
17.4566
18.5341
23.7163
5.92619
7.5615
8.62398
45.0218
11.2079
7.23082
6.54822
36.5453
18.2188
10.3396
13.6658
7.3651
17.0785
9.42837
23.6011
30.6917
28.5772
9.44772
3.43852
8.83298
11.1322
4.94391
4.21402
7.36736
29.5265
3.98455
13.813
9.5432
8.23753
13.7268
2.74821
8.37591
28.1321
44.4007
8.0858
13.2743
10.9136
31.8613
12.5169
5.13679
44.9649
5.67226
12.0487
14.5452
9.68456
7.45841
4.98542
6.30856
18.7665
15.7149
56.7811
16.1154
10.0929
71.6031
4.54789
2.84178
7.19689
7.46878
12.5845
30.9344
67.0607
13.7702
17.1289
24.4844
14.6582
6.80146
4.53549
9.54927
7.17227
18.2316
21.3136
9.46164
15.7563
27.9126
10.5228
20.7876
35.3552
25.4704
37.4545
25.8767
6.4201
44.7519
3.64557
18.2469
15.9615
11.3489
19.8685
16.5722
3.4221
4.77576
5.99225
5.27563
5.16436
12.2652
27.7517
13.7587
9.62311
73.2091
5.39887
34.8459
9.60102
5.3159
24.3213
9.80473
12.3005
5.78187
13.8745
59.3681
11.4889
16.0527
19.8558
5.43864
10.1307
15.2798
17.2559
46.9522
30.8863
4.77858
7.04314
17.6302
13.0351
14.9258
18.7557
22.107
20.0888
5.40677
5.32442
13.0738
4.96587
20.2947
18.3365
35.0262
49.1768
7.42315
15.4766
7.9948
21.5987
5.77326
21.4687
65.0301
10.0678
11.4056
31.3634
6.622
2.21315
3.82387
13.977
11.6239
10.2555
14.4916
10.2453
10.5553
13.1928
3.4575
14.7675
22.9332
7.51051
8.23064
16.7376
11.8099
8.37251
35.2999
16.235
6.90954
22.9706
2.85697
12.8222
24.4646
18.5151
22.954
4.67979
3.58601
4.79188
11.0558
17.1314
11.0983
19.1253
4.40688
5.43483
18.841
15.9261
4.31847
14.7544
11.5677
46.439
3.81293
20.6621
12.5491
8.10737
28.6173
16.1272
9.85563
3.2648
22.2736
9.49465
16.1975
18.6996
10.2749
20.3435
19.524
47.8988
22.2078
4.3285
28.3319
27.4521
4.24847
12.9996
6.89668
10.1867
38.4151
14.0876
16.1449
36.1024
9.18926
19.8001
5.37088
53.2353
24.0744
24.5294
12.6399
14.1894
7.64741
4.06341
12.2654
3.94177
10.0244
29.7296
6.89001
14.4368
3.96523
21.3326
10.0843
5.72353
2.8196
12.0962
10.6132
9.75405
6.86959
8.45537
6.29136
9.22674
16.939
21.1854
7.95394
30.2947
28.9545
5.45066
16.3017
40.6716
7.36
25.6974
9.18272
10.7687
2.83039
17.6729
18.5064
31.6636
13.2665
31.4177
11.6247
9.56085
33.4623
39.057
6.63782
24.2386
8.58979
6.92139
7.62105
37.177
6.6446
20.8334
14.2876
19.9994
21.5188
3.98342
10.2953
33.3043
6.61381
7.04326
19.7258
32.9647
25.3827
7.30204
16.783
14.2627
3.07461
11.6118
6.99909
8.383
34.6077
8.93031
58.4277
15.0686
21.0664
27.1246
13.4731
11.7252
13.9784
17.3083
11.9381
9.49562
14.8065
3.4319
10.9889
6.04049
3.55725
6.82271
19.6678
6.64931
48.4085
77.8093
15.3097
62.414
21.5123
17.9817
29.0527
6.61578
25.1198
12.1798
5.00658
21.2832
68.6681
14.6829
8.50049
27.2014
28.6111
4.17371
12.9084
34.9858
16.0894
10.2008
8.06672
33.3041
57.6242
12.5388
6.82008
13.2075
18.1827
67.4648
15.7839
44.2624
15.6344
19.6096
7.58118
7.8872
8.48395
5.82968
14.8884
5.56713
19.0073
13.3685
7.55269
8.12619
5.42264
14.2613
6.93372
12.6423
24.508
13.4498
11.3037
3.9057
27.5014
26.4052
50.4486
16.4831
5.3909
9.23236
9.41433
5.493
23.9682
13.0595
24.897
24.8292
12.4213
31.7314
6.53741
12.4795
16.8334
24.8963
39.8273
16.6482
17.8955
5.92349
20.2342
4.48987
10.9998
3.7408
12.4083
9.41944
39.0705
11.9807
23.9277
32.6076
17.7683
5.94898
32.832
6.18671
8.87622
8.2365
6.43889
35.3544
39.1079
28.3189
5.03458
24.1433
10.8585
13.9822
5.23161
4.12903
30.8803
3.91181
2.10089
21.6135
14.093
17.4926
5.34846
9.68676
15.3848
40.194
3.27382
7.88865
18.647
27.2818
16.8993
57.6917
13.4706
20.9884
14.7343
14.381
9.40104
18.7614
16.5455
8.57673
28.7698
16.1445
3.12326
13.2148
10.7181
16.9863
2.93541
9.5861
13.2367
5.36353
15.1516
21.1734
24.4163
18.5638
18.5026
15.1524
8.01573
9.76421
1.53019
19.9485
19.3913
13.8846
25.9083
29.6173
9.19686
15.5027
11.1455
14.108
8.22757
13.1753
9.33638
6.32964
20.5682
29.773
15.8503
4.77671
6.42807
50.8787
14.2751
19.7489
8.18056
25.9596
21.1753
7.45709
13.3581
11.9335
5.83371
17.2646
29.1913
4.05258
53.2609
7.37824
17.2686
13.514
13.1469
23.7974
37.3048
8.30175
4.92124
5.11643
5.59505
15.9173
11.0949
7.77541
26.7948
16.4963
52.0508
21.4277
8.67475
7.77086
1.94057
27.4573
7.88359
11.5709
5.97222
58.6492
9.84183
37.0572
6.70488
10.5833
15.8634
18.4346
16.3296
7.72039
15.6293
6.19916
7.31649
12.8301
3.28961
1.85888
7.14949
3.47171
4.26109
14.173
5.74117
27.4783
16.5461
6.44373
11.0063
7.15832
6.75828
34.3959
11.2406
26.2501
11.1025
13.5251
12.5144
17.7634
27.8984
40.0296
41.2286
1.11328
20.7196
11.1419
19.4167
40.5315
26.8441
18.1995
10.6133
38.0866
27.049
27.9655
17.4829
3.70154
15.1111
17.4501
4.84462
10.4895
26.4671
2.33802
22.7992
12.5059
35.1169
26.8291
5.20279
50.1197
25.4846
12.5723
6.6646
27.6348
13.1447
29.8317
31.7002
37.7658
10.9335
7.68141
16.7692
21.5778
17.1708
30.6846
9.44823
23.1092
6.4899
18.7698
14.9685
8.03711
10.6837
18.2102
38.308
37.3211
44.5376
5.63413
29.8751
42.2021
9.92086
15.3332
7.77674
29.1507
10.0235
28.2262
12.0693
17.9732
11.0617
10.4292
5.81914
3.1237
11.0395
1.77708
18.1065
16.9162
14.4184
6.76317
5.1512
26.5524
8.96849
13.2828
9.61891
14.4986
7.86437
12.5347
4.50246
4.50282
5.96136
39.2125
10.3485
10.4431
32.4915
6.33166
2.28372
4.19761
12.8586
4.86675
16.5077
6.38257
5.88913
12.0316
11.5448
9.07345
5.04941
27.1346
16.2825
10.8469
17.5133
20.4082
10.5088
10.0434
8.44818
33.5506
7.52468
12.558
10.166
45.9446
17.0572
12.1286
18.325
8.74112
50.3797
8.05878
9.16584
18.4014
5.76942
9.58806
4.92449
18.1234
3.16872
14.5405
6.72511
24.2703
3.18728
12.6521
29.3829
5.40998
15.8766
22.2679
13.1993
4.62313
8.53507
5.97285
14.2091
8.53175
21.4038
9.532
20.4327
24.7985
7.66873
18.0662
7.79324
27.3566
24.9927
11.5647
6.40718
41.693
36.7875
28.2308
2.14069
21.6904
57.3947
11.8776
6.33362
7.14168
12.1601
7.09752
6.04596
18.3072
8.0055
20.4144
21.2487
8.58769
37.2497
12.9941
6.98568
29.4684
12.1843
8.06277
2.21824
25.6263
12.5204
10.5056
3.64998
15.1268
16.2898
9.62158
23.0929
51.2729
7.0864
5.20712
33.8221
8.63841
17.4285
16.3692
4.21147
14.6228
15.4559
37.0029
5.30664
10.3198
27.1752
26.6549
13.2008
4.11341
24.2974
8.80365
20.6588
8.74572
28.783
4.26747
18.5161
28.6354
18.3563
7.50717
2.23387
2.16007
34.5836
11.1936
19.752
10.2353
12.6199
12.4567
41.3053
54.541
21.2507
3.85827
26.8189
13.9334
8.39778
17.8597
23.7094
6.6371
66.6426
13.7053
4.06267
15.7483
9.74288
9.82399
8.28137
9.2326
4.41602
38.5491
7.50186
23.7037
11.7243
12.4674
4.03327
14.0803
11.9179
6.04144
1.08963
8.52767
4.6275
1.37135
13.9527
4.50557
16.2745
22.1276
4.91581
26.5801
9.43776
14.8344
18.5475
23.2701
14.1664
8.63485
23.8687
29.8114
5.57312
11.1596
14.8697
13.1911
21.0758
17.041
12.3186
31.6553
40.0474
15.3875
13.7253
5.69997
30.8079
23.2933
19.692
6.41789
13.0033
16.5155
22.4854
9.47039
12.9739
8.94675
21.9613
9.47791
4.23176
5.00228
13.7508
24.9399
23.627
12.8306
12.9413
10.2177
8.20439
26.323
17.6531
17.819
25.1498
14.402
12.9096
6.26254
2.82189
23.8987
20.1968
4.22043
3.89707
33.4934
23.7581
8.34751
13.8359
51.1319
3.76099
7.58621
11.4208
5.79927
16.0276
3.14096
6.04089
18.744
10.9852
7.93439
22.5557
6.39519
7.61563
4.95562
56.7931
11.4063
9.05107
15.3219
19.0704
9.79616
42.8547
8.97264
21.5778
4.3856
15.0634
33.4477
6.35201
23.2396
9.24978
14.2455
4.48107
5.98555
21.1465
34.4993
38.1539
23.4576
9.20947
9.6803
17.6679
1.66545
70.4151
7.50996
9.71018
16.4852
15.865
6.29572
8.08574
6.42978
11.6512
12.201
7.28146
17.0197
12.5006
34.1614
20.8375
4.75512
17.8589
1.36796
3.8072
31.6693
29.8683
6.83519
14.8542
4.55449
16.3653
23.4871
8.88068
6.82284
37.9112
5.0485
45.3507
17.6468
8.48034
25.1697
3.83428
5.92429
3.20098
2.86341
6.98639
12.121
24.3435
7.40756
5.68519
4.24662
14.6618
21.1739
5.47264
2.43357
12.087
30.4528
13.816
15.736
10.1606
8.24515
18.005
15.7809
13.8321
6.46285
14.191
7.70717
4.4476
14.4536
11.5923
6.20213
19.5774
6.52693
27.9245
12.8816
4.32093
23.7425
19.3704
6.61857
13.6481
9.46167
31.8455
4.24427
18.8422
47.1796
4.81415
30.7634
13.6491
4.36592
6.18152
5.24149
11.9114
2.12157
38.6842
8.49853
6.80252
17.7998
7.68839
3.35862
1.8201
16.2792
20.3953
8.25181
6.38755
26.0803
26.9956
32.941
10.0809
28.8789
3.82101
2.62464
9.23297
14.4068
7.31274
13.0653
15.2565
3.2004
9.26505
29.1807
29.4691
26.52
5.39964
9.62216
17.7438
2.90021
3.5728
4.06244
26.7117
23.0612
4.56167
1.76852
5.14562
6.21369
25.1864
6.25692
25.1889
50.3674
28.2085
19.2058
26.1283
13.3202
13.4187
8.295
49.0044
10.637
26.8986
29.0337
2.66912
16.4761
11.0552
4.34588
11.0188
9.36768
10.0143
5.8785
23.3815
24.0394
5.12804
48.6256
18.03
13.6711
5.75418
27.0785
3.16577
3.21902
29.7166
3.32623
15.9008
14.7295
29.3199
36.1215
6.77732
32.1918
28.7533
21.0836
11.0549
10.5676
6.08962
22.2495
21.2278
7.14466
7.63423
8.10456
10.2192
6.08303
2.23305
14.2298
34.181
32.7545
42.2571
5.94165
11.4748
8.34779
11.476
7.16793
35.2903
3.68021
10.6186
18.5438
11.904
6.0915
17.3411
9.05954
37.6399
8.61915
36.8739
6.54059
15.5404
25.2083
12.4842
22.1382
10.0482
3.0069
14.255
7.87355
44.9552
4.89152
3.52829
26.5451
2.85143
3.61793
2.4456
24.5251
15.1016
28.1175
29.9057
8.68227
24.4897
6.35945
11.7622
6.63596
9.62913
11.2742
16.1844
33.0422
5.63581
20.7588
4.39139
29.3439
10.2066
2.54693
5.23199
14.9115
2.42487
6.36029
20.5369
8.24622
1.94297
5.7895
3.99687
12.3044
12.9042
31.6997
56.4984
43.6242
56.4736
10.2263
17.0248
20.2383
1.75946
8.17223
12.4916
9.72128
33.656
38.6007
13.7298
5.37775
39.2712
14.0238
3.54851
12.9977
8.40789
11.5593
20.121
66.0485
9.58434
41.7321
21.7617
9.58678
7.70663
6.72129
30.5438
22.7986
37.2582
42.4587
16.3895
16.2583
16.8681
10.5874
17.8622
13.4689
19.6764
4.84739
21.9665
7.82643
16.3313
22.2538
8.83408
4.17787
28.3764
26.9401
7.8952
5.18449
5.20708
9.92492
7.9019
4.92151
6.85761
10.5226
8.36381
23.9713
13.6289
29.9996
20.1145
13.5964
16.6313
19.7601
19.7775
14.0064
31.1329
8.27615
3.46248
9.89365
4.91913
5.00249
11.0861
8.33399
5.8508
16.3187
2.38261
13.3807
7.8389
14.3814
25.5183
12.7956
10.5289
14.7262
7.88424
21.5388
12.2996
1.73223
11.0616
11.2581
14.5301
3.15222
18.3894
25.2904
6.68381
26.7579
3.97487
13.2803
30.2461
22.8058
4.1474
11.4349
3.13731
16.4626
13.981
8.92385
8.00013
4.80841
10.5036
5.71998
7.95528
5.04718
3.20486
23.0478
12.7551
20.4989
13.6758
10.0269
16.0221
3.82821
12.039
4.37466
14.2379
22.0418
73.2624
39.6998
2.76984
3.27342
41.0695
9.99051
51.8763
13.1931
12.5021
5.50834
9.30651
25.0335
21.714
3.66726
5.12435
15.2035
10.3883
9.65035
4.97701
24.7578
17.4606
7.14257
37.4547
7.32247
20.0651
26.2657
12.0345
24.8024
23.4925
23.3687
12.6834
21.7754
4.92836
17.9179
8.69206
6.60306
4.68024
6.51881
7.89599
5.46964
26.55
6.24494
6.14457
14.8169
8.1245
11.3552
5.86952
2.07249
2.76112
11.6594
15.1838
20.5346
23.1914
10.7418
5.00456
34.3838
5.09173
8.55721
12.1054
4.91173
40.548
20.1627
25.5967
25.1079
10.85
13.1151
5.16065
11.1574
9.52157
4.57978
10.853
15.213
9.6537
24.3136
11.6119
19.9049
35.7934
22.2395
15.0224
26.093
5.37463
4.06407
22.3531
7.84381
7.75317
8.28688
8.86973
16.1153
22.7404
13.3877
13.3416
39.0225
16.2295
14.959
9.25718
33.0171
9.03969
11.0911
14.2386
16.907
18.878
10.3957
11.1262
21.1893
35.4549
15.0977
5.87328
8.75631
14.2388
1.89376
6.58622
10.6652
25.3276
34.7156
6.60518
16.2906
20.4772
5.46948
7.05557
8.67295
4.56038
32.124
11.1497
6.52668
27.0359
12.5653
17.5563
6.74844
8.72091
41.1329
41.3019
7.32052
5.97864
17.2048
14.5263
9.52116
3.21214
5.2551
47.7673
1.49231
32.497
25.8652
13.7422
11.6541
9.08835
8.41029
13.8349
18.9735
19.5966
10.9023
29.3931
8.9931
13.3771
16.3937
6.08427
21.4855
23.1306
12.1066
25.2805
11.6034
21.8628
26.2379
4.44696
17.5026
17.291
16.2781
14.4065
4.53676
13.4854
3.66571
45.0441
5.41017
15.7072
8.15212
11.0945
7.68897
6.38404
19.084
36.3959
4.42587
4.10192
5.82459
7.48831
7.23641
8.68335
6.02682
11.288
5.97437
15.0336
1.98115
6.98663
3.244
14.661
2.30433
21.5271
10.0963
24.2176
16.3733
19.4587
23.349
17.7855
22.8893
6.51443
13.4939
12.6654
12.4013
14.0878
11.5232
19.6597
17.5619
4.07738
4.37635
13.0059
4.43034
29.2547
18.6009
4.68446
49.8859
3.18257
21.9346
13.5934
25.7735
28.0264
22.7954
20.8709
5.39409
18.1536
18.7712
13.2569
2.41676
9.62902
4.89429
19.3946
13.5921
14.0376
11.3493
19.1854
10.2723
19.1629
38.6472
27.3246
4.99953
21.0459
4.17656
13.5964
18.2547
11.3197
7.48941
43.1379
3.01878
18.613
8.74483
20.2955
4.01857
11.3727
33.0103
15.4564
19.1398
6.94446
9.74299
6.50251
4.12886
2.42837
3.66727
25.3434
3.56994
8.50148
57.8953
24.9806
30.6912
14.1948
8.31606
6.06809
7.24112
17.3501
3.59206
4.44715
4.54537
14.0938
12.7447
78.9006
12.0089
12.6733
8.15878
19.7675
7.25859
10.5614
6.24434
5.88425
19.9051
17.0233
17.2053
11.8811
19.113
14.7718
19.0919
18.7768
4.16463
47.8284
33.0605
15.119
19.8682
5.79483
11.5572
57.1484
7.47122
29.0337
11.4088
36.7449
5.30389
18.5562
7.07147
5.58901
10.07
5.77567
9.30644
4.89154
2.7535
6.8902
44.3189
10.2965
7.39
7.05499
8.05735
4.34984
18.048
18.0501
8.38681
10.8542
3.8709
9.63195
4.45376
58.7615
6.56186
7.67558
3.26838
40.901
13.5799
7.76989
5.82037
11.3277
26.7077
46.5542
32.4228
8.12051
14.4426
10.0665
24.6084
11.5761
3.6665
9.87137
3.83174
8.47811
10.0401
12.6342
17.1771
11.4302
19.6751
12.3497
2.76686
30.7771
7.17244
12.541
27.2885
18.5592
20.804
13.593
31.7449
44.6164
4.51567
19.598
4.82255
14.564
3.25356
4.97141
31.6674
13.6105
4.13607
14.4658
41.9547
12.4887
6.67231
6.88509
33.6178
2.43206
9.73376
12.5582
26.2213
7.81078
10.1606
26.4109
11.3259
9.61363
5.39253
10.4725
11.6367
12.2239
13.118
8.61676
31.9928
36.1793
13.5193
11.3034
6.39417
18.3628
9.30091
3.31894
20.8729
6.06652
26.8097
27.3965
19.4832
26.4725
3.22837
4.78385
3.27851
3.09228
7.91518
17.4722
11.1198
27.547
8.26266
7.26214
7.04634
14.4396
7.06029
2.13638
4.91992
3.35966
6.41999
19.4928
19.1733
6.2012
21.5916
5.91065
10.8786
9.91345
8.06262
9.62048
19.7595
5.34748
7.18321
22.8667
17.6015
8.45325
8.21249
3.77674
12.3022
8.24382
12.2738
16.8005
8.01468
18.7056
7.87067
74.7245
17.1083
16.7155
6.58762
17.5733
6.84209
22.7546
2.15054
2.83312
23.2884
17.6097
20.454
22.5693
12.4498
11.4317
13.3695
33.1255
12.6483
25.8244
14.2981
28.6325
32.2483
7.03481
5.81293
4.87273
9.07067
9.25681
12.1272
7.58109
13.4526
7.31127
12.1287
10.6335
13.4854
25.9207
12.2268
18.7035
6.54116
33.7475
17.4797
73.1179
13.3414
6.29905
33.2827
17.9313
8.34357
7.19345
6.59429
6.36882
18.9281
18.3023
26.3485
9.16044
5.38061
19.5561
21.6892
35.8703
15.7542
5.71911
11.8815
12.448
17.8807
7.30112
8.7607
6.12908
24.2842
16.3182
13.9895
22.4677
7.66609
3.77754
21.073
44.8109
5.76902
15.4177
18.4693
20.3139
13.09
23.902
8.62234
25.2003
25.0053
17.479
11.0523
13.9672
12.5995
13.6086
7.24017
9.97387
6.41279
13.2598
31.0798
25.6923
9.93264
20.4347
21.4722
16.0771
6.18252
12.4814
23.1057
11.2112
25.8443
22.3192
6.34389
11.8911
36.2762
29.6008
4.70239
3.64464
12.3154
5.18708
11.0301
6.102
13.9991
2.95086
23.865
10.7721
25.2531
34.0822
14.984
14.0286
29.6652
3.49261
4.72043
6.15257
7.29613
3.46081
9.53582
9.88306
22.5432
4.4858
42.5146
6.4004
10.6157
9.52009
15.2516
24.9441
23.5828
12.1032
7.8366
3.42266
11.3188
11.387
8.25342
10.6226
7.62552
6.89228
4.03683
17.3911
12.8972
51.1671
41.1416
7.04487
9.58488
6.55073
38.346
32.1347
15.3109
16.1532
10.1232
15.6975
8.05468
26.2771
14.1086
24.4459
69.2804
5.93618
11.8643
18.213
7.23822
4.38073
7.29857
12.6217
8.34163
7.35667
20.0573
7.57712
11.8464
13.0749
6.87713
13.3528
36.0322
34.0678
7.64649
12.2689
6.81163
13.8572
51.5791
36.5868
7.87516
12.1462
12.0929
2.57383
24.4256
6.80639
20.648
5.30401
11.9178
24.3692
6.4545
29.7768
8.19032
32.0945
24.3867
5.37336
6.54874
8.14625
3.80985
25.8438
17.3344
15.0452
32.1878
5.55722
7.18783
24.9395
14.713
101.79
11.6693
22.194
8.68781
42.7304
43.0804
13.3422
7.48508
10.6419
7.21073
10.8126
16.9672
9.70203
25.4368
12.232
13.428
4.45538
10.9367
26.733
5.62751
10.1805
7.42602
62.2778
4.96595
3.25605
13.3498
4.93089
17.7174
13.7951
17.9058
4.77843
21.3961
14.3142
26.2143
39.8061
11.6685
2.1192
15.7968
44.8938
11.3862
21.7817
19.9248
12.2583
3.15653
15.3022
7.04808
2.41668
12.7982
1.5102
25.151
5.04336
10.2815
9.98682
7.13625
13.9018
37.7319
7.41537
4.1736
14.7495
14.3814
12.9056
18.4255
7.72336
27.708
20.6779
19.9674
14.8091
6.86704
10.5984
24.8203
9.87942
14.6345
19.618
13.0888
3.14581
3.95237
12.8294
13.368
16.3695
6.07124
9.10177
15.4751
4.326
30.7013
10.2451
8.39208
62.9914
9.39424
25.2558
4.43599
34.0428
19.7853
10.3425
9.76705
3.58742
17.8635
7.31005
5.40151
23.8481
9.32309
9.5079
10.6043
30.2107
11.4601
6.31822
6.29955
9.51707
6.11885
7.55022
10.7304
21.5029
27.1948
6.00761
17.2122
5.31486
7.22635
7.55983
13.2503
11.229
29.5325
30.6644
23.6039
8.82438
41.7607
10.4777
10.2497
4.12716
17.3873
5.68478
2.92358
8.22322
10.4952
5.89562
10.6689
31.056
5.94949
3.37622
8.40161
9.42376
8.44547
8.57982
16.2531
8.50243
37.695
13.504
5.71631
23.2485
14.8959
18.8788
4.15782
10.3073
26.3615
25.4555
46.724
9.86725
16.482
15.3895
14.6812
3.56834
6.8085
31.7374
15.8833
18.6623
31.6622
9.36636
5.08229
6.26103
6.66964
34.6276
17.7617
19.448
38.0221
4.53864
5.50891
9.03129
33.6631
33.6155
8.02871
3.34445
17.2497
9.5333
4.79555
9.79937
39.7371
12.6962
17.1752
17.488
14.0633
3.88127
9.55082
10.3215
8.32895
4.8194
5.94752
30.4206
8.19062
23.4552
9.49265
14.9448
15.774
12.0955
14.6266
18.7466
9.41488
9.87967
4.29423
11.9809
11.9772
27.123
24.7478
9.58713
12.466
7.02515
35.8649
5.81037
25.5135
6.6325
8.14072
35.2193
10.6266
14.5937
23.5626
19.2886
8.51638
4.78485
20.5897
19.8076
20.734
10.6354
8.94881
7.68756
8.14639
27.9926
4.26163
37.8344
9.72857
12.204
13.9713
14.1049
18.713
16.3477
10.8811
14.5048
6.76324
9.5976
24.7229
3.00527
32.1588
6.28641
4.54357
11.649
25.6425
21.3525
11.5696
17.1471
5.17883
5.82213
6.94235
6.71885
28.5507
3.18142
28.2625
26.7681
15.9408
4.0084
3.28737
7.2046
31.3214
59.4372
2.60834
6.65672
7.17431
9.6891
6.93903
22.6648
25.7939
4.74981
12.5428
7.50335
13.2376
5.15952
7.72564
6.63729
22.801
5.05436
32.8431
3.7915
9.40831
38.9677
2.45128
4.75499
34.5447
17.0139
18.1645
8.7497
22.9839
28.4643
12.132
21.3995
55.8609
4.51868
6.21311
19.9448
11.7481
29.7742
8.15674
5.89524
15.957
5.70652
7.79101
107.192
11.0108
6.90404
39.7028
4.61701
37.2606
6.41863
13.4252
13.9428
8.02854
7.597
12.893
9.8776
9.23255
21.6718
14.378
33.9197
16.4334
9.40944
12.8054
5.44691
14.6528
36.0998
19.7159
15.942
5.43279
6.10585
12.8661
6.04067
15.7803
2.90246
5.84318
7.53012
10.228
25.279
22.3742
8.12612
13.3593
3.80569
11.45
5.8252
16.6565
21.2651
23.6616
20.3762
28.3449
32.1966
8.78789
43.4797
6.47246
9.21818
24.2836
11.7309
27.6141
11.9587
32.2119
13.6839
22.3249
12.6168
23.3819
9.25875
10.0237
26.5681
12.9411
3.4113
9.17736
12.6209
8.28074
31.0871
10.5171
35.2254
15.6792
4.69118
35.6065
8.76133
15.2177
6.02112
3.83854
19.4285
18.9865
9.54267
3.4205
6.85062
12.0873
41.5146
19.8347
6.35854
20.8883
19.6472
21.2439
17.5639
47.9194
7.36107
7.5713
5.06476
6.82739
6.25095
9.86485
5.83739
4.40407
40.2415
6.83117
8.5511
35.6493
11.9193
5.2764
13.7661
10.4892
35.2172
27.1666
5.94564
12.2888
10.2452
2.50028
3.76207
10.2764
2.25227
62.912
7.12153
7.33363
9.86598
20.3126
3.99761
37.8215
10.8617
12.6716
9.51474
10.5078
8.7669
13.2598
29.225
9.67602
13.3023
12.7873
5.54897
8.00798
20.2604
4.68354
5.73069
9.56521
5.67464
6.68911
11.3814
8.14732
18.798
4.15597
3.32012
14.6525
9.54896
27.0707
4.8624
11.7923
3.20272
68.4003
12.4646
9.87742
2.95109
16.7486
16.4002
5.09268
26.4695
16.5037
26.1559
12.46
14.2356
18.0567
7.09577
32.3317
7.63267
7.80117
18.4743
13.315
28.8365
4.89034
8.35213
5.60256
39.5782
16.4263
5.22548
12.2901
36.3828
10.6439
2.83598
10.5812
5.83023
4.411
24.2904
16.2406
14.4963
28.6296
19.943
22.6631
5.88769
11.2091
25.7989
14.6932
13.5923
18.6492
2.81158
9.65409
7.54106
9.98636
70.6318
14.3951
36.3292
12.1129
9.57681
4.2059
15.5116
8.90093
12.2141
4.83538
6.18883
3.93462
13.3212
23.7204
8.5812
22.3153
8.03029
24.3082
9.53187
6.37724
4.08816
10.1128
4.16376
5.58957
24.4319
9.88863
21.126
8.69439
11.0856
31.5782
5.95851
4.92187
15.3921
18.3034
10.7038
6.36433
6.79982
5.49645
21.0362
24.494
6.04819
16.7256
24.7051
5.29677
3.50992
6.78334
10.6507
8.00834
15.1652
5.48494
10.0918
4.21172
6.38168
18.4517
12.9215
6.15686
33.8926
8.9422
8.68657
6.86168
6.51556
29.4689
7.97239
13.436
8.47911
40.5317
10.5211
14.6372
5.65252
13.4264
15.1758
9.00404
14.992
12.2348
11.1347
7.33416
9.2112
14.6165
7.97986
18.8946
22.6778
8.40882
11.0971
6.48341
12.464
39.6293
5.0475
9.18737
7.03404
8.28539
30.2798
22.1636
21.4348
14.4751
9.99019
37.5783
29.2857
6.798
26.114
24.5355
9.65465
4.84374
16.5505
20.9318
19.1116
5.13913
39.9973
14.3583
12.3438
5.1426
10.8016
26.5337
31.7363
11.1257
17.9566
15.4314
11.6117
12.9752
15.1663
35.0877
16.2661
5.37435
6.51034
23.6382
4.81304
2.56218
50.4996
18.3856
6.42
3.33645
2.1797
27.7364
4.77196
13.4192
8.5884
10.211
7.7308
13.9959
34.9614
19.4481
13.1154
3.98322
15.8799
7.8752
17.2051
22.6603
15.8637
16.5383
40.9151
11.7211
18.711
8.07547
16.794
17.3155
4.72334
18.1656
43.008
8.59426
20.4173
14.3553
31.8151
22.2736
16.0396
23.6892
8.28821
14.9686
16.5331
13.2712
3.61991
18.8867
14.7522
5.40037
20.4939
4.66705
9.80371
23.6409
12.3895
15.3133
8.22681
8.81523
18.588
15.2007
3.7413
5.44805
5.03474
50.524
28.2331
30.8589
9.7026
1.53285
10.8997
18.7479
11.8999
6.15178
1.79415
24.0314
40.3056
15.4062
11.5793
1.3177
14.7452
17.2047
34.339
8.79088
46.5009
12.5896
7.38507
4.97732
6.52458
8.40552
9.66687
11.4637
24.0898
19.743
11.9772
7.40952
16.3816
5.05799
8.56527
24.9056
38.0507
6.40966
15.1172
20.3378
38.5452
13.9004
14.4907
1.80056
23.0222
4.08451
9.3456
10.3916
7.83982
7.33721
5.52243
19.9077
5.6683
28.1121
4.87116
11.9346
8.65899
4.84168
9.66616
4.11526
33.0455
4.73929
33.4505
4.64671
29.8665
32.1326
7.18172
15.7817
47.3809
37.0198
3.95165
11.4127
29.4462
1.69887
13.2966
10.5186
6.91206
26.3243
45.3135
4.69784
12.525
11.6427
17.0106
12.1455
1.46447
27.0313
31.9628
10.4093
8.59458
10.7613
10.6895
13.1846
5.10626
13.7509
13.7552
19.8082
3.17003
6.20653
22.5688
21.8052
13.3127
14.5285
19.7066
24.3232
32.9645
7.67368
22.2442
15.6689
14.517
16.4628
15.5498
14.5538
9.56652
12.2188
48.6588
2.09354
6.54042
9.70519
47.2824
4.90825
29.9348
19.4428
10.3029
6.13435
9.50774
12.731
20.2912
57.1714
9.37351
52.8904
12.009
5.69481
19.0289
7.7983
12.137
8.5571
4.00202
4.54463
13.7714
2.78589
7.65295
24.8445
14.1146
14.9619
9.11183
28.0284
19.019
16.5142
6.59853
5.94316
30.051
10.4841
5.52797
15.7748
9.75265
16.8687
7.87311
6.85169
22.3599
9.9843
7.58938
29.9036
24.8116
37.0939
20.9421
12.5419
14.1831
8.58901
4.20075
5.07447
18.3327
26.5306
11.9987
13.702
21.1246
5.46125
37.3685
23.7602
19.7791
4.77324
9.95884
18.1089
22.3078
4.02604
3.91514
12.1418
29.1037
5.70405
12.6448
7.67087
16.2729
2.50002
35.2581
30.5906
23.5412
49.861
52.5301
5.34993
9.81367
7.10438
22.9144
3.85559
31.583
5.26787
22.8241
5.0264
20.8035
2.44393
22.3047
6.3205
18.182
14.1637
18.4031
12.4473
17.8675
5.37198
5.82828
26.8786
3.93405
15.6214
35.1826
24.0701
5.61915
16.5017
19.9572
19.225
15.5308
8.7526
38.6112
16.877
52.1247
2.3193
24.5316
25.6293
29.8149
4.19983
24.1053
4.94693
8.20251
7.41039
16.6615
4.88996
29.8436
20.6523
30.1967
8.69157
15.5488
26.6336
9.57018
34.3837
22.8534
2.97719
13.1246
31.1136
40.6948
11.6649
59.1669
3.70375
31.8876
5.71883
11.0207
19.986
5.65676
7.33733
20.8794
53.0717
93.4995
17.5319
16.6431
17.6118
13.2981
23.2542
25.7462
5.22719
13.3617
15.9913
11.2854
25.3739
9.40485
18.3998
14.7689
5.21398
4.26788
7.80942
6.315
3.62528
6.60344
19.5194
3.01777
13.8036
23.5724
11.9116
8.30903
14.3556
19.0555
17.2666
33.6442
2.17382
14.0111
7.20475
19.5174
54.0595
11.5365
12.2991
23.226
5.46915
16.5237
8.6518
1.94689
17.7495
16.5217
51.3669
19.7668
10.331
19.1455
21.0229
13.533
8.83946
22.4352
24.3751
7.51224
8.17662
7.07064
13.8156
17.1053
17.4209
21.0202
9.11211
7.67475
4.5628
12.2291
15.4618
94.2693
16.9863
28.3096
14.1631
7.93555
8.86588
13.152
26.8812
16.6424
5.09284
48.2948
12.3996
18.0073
9.74453
10.2413
25.1914
18.9577
3.54328
10.8508
6.88558
21.3945
92.3249
5.43743
2.96814
40.5152
3.00227
12.6563
22.0207
9.00428
7.71864
9.26723
11.063
15.2291
13.2217
15.47
4.4766
45.7548
13.1539
34.8041
7.04401
25.0786
37.0449
9.30192
22.8893
10.447
10.1737
39.9132
40.785
14.9169
15.0968
10.8159
5.20917
24.6168
16.7246
24.5685
2.5692
12.7723
32.0071
11.4337
9.48713
5.3787
16.1395
15.9485
9.10473
13.4706
8.22796
6.50575
9.71239
4.41457
8.8284
27.2569
30.7772
2.39854
6.60974
8.04923
8.82635
6.34705
5.8807
5.72344
58.3482
33.0606
2.43199
3.19718
5.84103
11.2618
11.915
2.9714
15.9058
22.5613
19.0409
12.8924
9.59514
11.4389
56.9392
5.57132
13.6673
20.5541
10.0089
20.3997
32.6204
22.6946
9.3684
17.2256
4.08911
24.7772
11.5601
6.36068
16.4483
35.0678
26.1746
10.3472
15.0095
5.77681
9.08864
8.18631
16.5909
10.5426
42.7142
25.3756
12.049
8.40553
12.1279
32.4773
7.92318
24.1477
20.5077
29.9707
20.4973
4.97809
5.5884
62.6419
5.73682
13.2449
49.9831
12.4528
19.88
11.9205
9.16484
12.1028
19.7574
21.2043
6.34285
21.0166
5.64998
49.2873
13.1992
13.1831
18.1242
20.5099
7.37899
17.4189
8.69718
18.7567
13.9393
30.3883
9.45392
14.0654
8.80778
2.86682
5.41759
2.90051
14.8853
10.5302
27.4301
19.706
4.48047
48.4487
14.7135
14.9477
3.0088
22.3449
20.7498
15.2244
55.5657
22.3244
41.8335
7.92994
12.8772
18.1989
7.75102
2.54469
21.2504
6.00602
21.0348
29.6909
26.006
5.993
4.08723
3.22721
10.4724
17.6318
31.1034
22.5114
6.45749
14.9416
7.23666
11.4543
33.834
6.94901
23.5477
17.6339
19.22
28.928
47.4393
4.57383
16.3052
10.6144
28.4932
16.1007
7.6716
11.9311
9.85339
4.34483
30.7587
10.7364
18.2512
45.6493
2.20896
8.61766
20.6626
3.96108
17.6405
15.1743
4.89754
18.3733
16.482
41.0068
8.41585
20.6156
60.0811
8.79537
6.18826
5.52275
9.01258
11.742
9.26376
15.7142
15.4892
12.2755
42.6548
9.9377
14.1821
147.071
20.2893
10.662
14.1037
10.4972
11.2466
41.855
4.83465
15.3813
13.7123
38.8422
6.94013
24.492
42.5177
5.0615
11.0056
7.77867
24.3948
41.1536
3.82886
8.90879
4.60969
18.4634
3.63532
21.3015
34.1469
3.10056
23.6347
19.1793
22.5639
12.7701
10.5788
17.9622
12.2596
11.8672
63.5977
4.74226
10.6049
3.56613
11.3057
18.3732
6.70781
8.30891
3.66413
12.2242
7.07369
3.20769
9.2366
3.82684
18.7819
13.6001
16.3155
8.24899
9.19593
10.893
26.3839
81.8799
22.4104
5.99952
4.30101
15.0335
18.5443
9.37261
35.9145
9.98477
19.3788
8.00478
16.0627
3.67493
7.89965
6.00713
11.117
25.0543
30.2746
18.7802
7.506
34.5739
2.95966
17.4669
25.0979
16.661
14.2475
17.4501
6.7227
18.4838
7.48461
8.76152
16.0891
22.7158
5.61791
10.684
6.4404
17.6837
26.7197
1.88522
22.7109
21.348
8.77106
14.9514
6.13776
27.0585
13.0593
24.7437
11.896
59.0295
10.4455
4.58925
4.07722
39.3903
7.14544
35.3014
14.3232
18.4563
4.30371
15.1317
11.862
2.76351
18.8747
19.733
31.5176
9.13198
18.0671
19.4007
15.3655
3.82184
32.9202
40.6315
45.6906
16.074
29.4329
3.7243
41.1873
3.67694
14.0586
4.51717
17.3259
9.08812
46.4533
14.0529
12.7548
18.327
6.04869
24.7834
18.0696
18.6831
6.35974
11.4386
3.33226
4.34026
20.4296
10.0982
23.6108
8.9029
53.1022
32.3962
36.3153
8.13307
20.536
14.3134
30.8302
8.48213
6.39551
14.3589
4.87077
9.96171
12.4548
45.2878
8.98997
4.08264
12.6595
14.9612
10.2561
6.79082
13.1908
13.5891
3.63686
3.79151
15.186
12.4717
6.60326
37.8113
15.4931
8.9682
13.7754
16.5727
22.6154
7.27971
5.74441
13.5868
24.6263
2.47875
3.66554
5.16767
7.1171
6.3227
10.647
64.2161
18.9716
11.2233
4.39925
3.64488
3.70297
13.5236
32.3804
3.03237
14.3554
31.1337
14.7599
32.7627
2.76146
2.80974
15.0624
6.23634
7.27163
15.0187
31.8887
36.2734
12.107
13.5804
11.1444
33.694
43.3784
12.545
4.82225
22.1832
12.8997
7.42615
14.2288
13.8695
4.78646
6.66338
3.5829
19.1192
21.0712
1.44926
5.80361
9.26979
6.23627
63.4199
10.7201
6.68605
8.77887
3.60916
9.80023
14.3398
1.42601
15.9801
3.02457
31.429
27.6879
5.78252
20.6088
7.58825
8.34183
44.8148
28.3033
13.3952
32.1056
12.7247
3.18687
46.0691
7.47155
14.6732
10.8386
28.9008
10.6418
23.0645
9.28219
3.76381
14.0095
15.9396
33.4408
14.4539
5.40995
13.3573
34.6541
3.06521
18.1075
10.7747
14.0453
15.8468
38.8298
24.6377
10.5688
36.9683
54.053
17.6599
6.44712
19.1555
44.747
12.5129
8.99155
11.5245
8.59664
33.0522
13.5172
9.46627
16.3885
8.27109
13.3533
15.8604
20.1546
8.76658
15.7489
20.8715
50.2967
10.4283
5.20864
16.193
23.7585
43.0475
35.525
12.9899
5.6894
11.8327
15.6376
13.1828
18.7749
4.50617
3.2994
15.767
22.3956
9.93401
2.07665
24.6033
18.243
24.0349
57.1325
15.2703
28.4448
4.46892
31.0104
5.88783
11.5507
11.4297
45.0417
4.38576
23.1681
14.8963
16.9199
12.3776
10.5981
8.86439
5.77535
7.40901
10.5837
31.3618
8.75168
6.36258
9.80901
9.18168
13.5203
23.806
20.8432
29.6827
15.5596
7.27032
11.401
9.09309
17.4129
6.32074
20.6945
13.187
4.29765
14.3257
16.3924
22.6846
16.5862
9.94021
34.4476
49.0803
42.7866
11.1352
9.77828
21.2515
15.8328
10.3846
21.0488
12.3801
12.6782
9.9827
23.3443
9.59801
59.2946
21.5507
33.3593
13.8008
12.2233
15.9406
10.9732
10.1166
13.9947
17.9277
21.1821
8.68562
11.4342
9.61093
8.77921
19.9371
10.0998
22.3058
19.5734
14.2703
7.48535
37.6014
41.2282
4.22444
10.9569
8.91992
9.60494
39.5169
18.0198
7.59508
10.7599
11.3343
11.3679
3.40067
15.7482
20.237
12.7502
6.9274
4.82026
14.4479
6.83231
10.5303
9.42249
32.1045
18.0168
28.1098
7.01819
6.4167
8.52976
22.5281
26.1633
46.9197
6.72595
12.7005
5.03525
6.53324
16.2144
13.3468
25.657
14.9907
12.967
28.2206
23.935
7.82352
18.0781
23.2242
25.8516
24.0079
28.6327
7.4316
22.1332
21.9445
7.8933
9.50412
5.08487
4.90077
24.7097
22.8359
12.5623
8.47037
31.8061
37.4168
10.3824
21.9085
9.35288
34.9648
20.6678
6.03306
5.8658
3.44107
6.6682
24.0576
5.36126
28.7455
5.687
3.83593
6.68505
3.9462
20.4272
15.3458
24.4604
20.5888
6.19371
10.273
15.2892
10.127
13.0074
13.3583
5.28713
5.30585
13.3127
11.6684
2.90628
9.9108
2.57842
22.9459
11.2671
12.4466
10.7005
35.0252
9.64661
14.2969
10.4401
28.9761
28.5639
21.6641
17.5676
1.85613
11.32
26.5014
6.89405
35.713
7.76711
21.6456
18.2792
23.1866
8.42053
28.6365
7.82644
7.46146
3.1326
8.43258
21.3752
27.9809
11.2862
23.1305
15.0131
6.49137
10.054
27.3893
6.13692
10.3671
39.2511
16.0309
36.9061
5.77624
4.52094
24.9912
9.59656
37.3709
1.98553
60.8287
21.1911
21.7144
5.97322
6.55348
56.2618
9.92136
5.65631
15.2441
4.56181
13.1427
4.50447
6.80844
25.8254
2.89379
21.6243
32.4453
2.91632
42.0983
9.05121
26.1577
10.0061
11.6883
10.2993
15.2049
10.829
32.5363
9.8913
5.33886
3.18048
9.97359
6.01695
13.5066
13.1775
13.3125
8.60815
5.13055
22.3198
9.18901
38.3418
6.09945
19.3468
11.7178
36.6767
11.0674
27.4304
3.74511
6.05619
41.3727
11.4849
22.8064
57.0169
22.0028
30.3821
9.66498
21.5878
8.12177
11.249
7.55234
13.1253
6.89793
25.9424
30.0474
9.85818
5.4017
43.1745
22.203
11.3147
10.9963
29.9483
29.7587
20.3788
20.8584
9.67882
3.75884
7.87887
12.6106
9.42276
7.70357
15.437
22.5831
22.7023
21.717
5.81567
24.3257
28.4288
8.39068
7.33792
19.8241
15.5564
14.9771
10.5007
58.9984
7.33397
30.8238
4.74295
10.8682
9.2001
14.7909
30.5731
6.11126
2.89428
22.9326
5.96345
13.0789
8.55423
7.67918
33.3066
25.4799
21.415
37.6407
17.0764
2.60217
4.14038
4.74938
27.2848
19.3442
3.51281
22.4123
18.0867
7.11625
16.6346
5.83727
18.4799
116.934
3.53862
14.2896
22.7073
4.74166
4.61256
6.94764
23.1403
56.282
75.532
13.8355
13.4603
18.6304
6.6646
25.5307
11.8504
74.7452
5.0978
12.5861
26.4402
12.1988
30.2302
20.2286
10.6078
5.82893
4.60329
6.34788
4.5493
6.38924
10.8867
8.88809
9.66594
5.63216
4.63198
12.9389
4.85295
11.52
12.2367
7.55302
21.745
8.1413
47.3618
7.52181
24.332
13.1905
20.4884
5.51572
5.94738
6.1352
13.4314
5.23389
19.7122
3.09892
14.8293
41.6927
13.9657
24.7614
24.4077
34.6309
4.83938
6.56393
39.5077
19.2136
54.5833
11.0987
31.0874
9.37915
14.3852
7.18783
13.2876
11.7474
8.7022
17.4955
11.5087
10.3541
7.18561
4.74554
36.3394
4.52232
2.12487
22.3007
11.4727
30.6893
19.4575
16.76
29.2546
22.8595
12.6694
14.2774
22.681
3.73362
13.4076
20.2059
14.2191
5.45144
25.1063
2.73319
24.4664
5.20487
15.7675
10.4922
49.0294
11.348
8.02869
11.8386
9.10363
12.3964
3.9869
29.5949
47.1694
20.2033
20.1939
35.02
26.7838
15.6586
8.8958
10.9239
4.1741
5.85425
22.5463
7.86068
8.06134
14.1611
10.7185
11.9242
23.7141
40.1479
23.3176
11.5843
29.1303
3.04599
24.5948
15.9063
8.87278
4.0747
3.95357
6.94099
31.617
5.10547
4.71677
8.31918
13.1031
13.4034
8.74563
7.48311
9.78496
7.74998
42.1531
16.4378
11.9048
6.65895
6.84894
18.0198
26.3269
18.3009
23.4933
9.32627
80.1742
15.1461
9.37519
15.38
5.81096
5.65132
19.6055
19.6702
5.2515
24.3846
11.5388
9.49235
23.4905
11.6685
19.1085
9.45026
13.6543
9.07916
7.18707
20.742
8.34416
8.30687
15.8346
7.78035
12.2349
10.5643
21.561
18.0252
22.9755
7.19672
15.2037
7.73095
14.6765
44.9732
4.14567
4.96932
3.5722
6.00989
16.4931
18.3125
6.68943
9.36189
14.6842
15.8788
29.6107
12.9692
7.11951
9.63842
15.9507
14.0717
5.20919
6.7666
5.48541
4.49279
3.46317
23.5624
4.48939
32.8694
3.68061
43.0731
17.3991
6.35375
7.00355
16.158
13.5699
11.8167
18.2101
12.6224
12.6456
18.2957
19.8179
18.562
4.10999
23.3011
6.59772
25.4162
11.0379
5.63164
11.785
41.8042
5.70471
52.4376
2.11525
10.7966
48.7544
8.6656
19.3698
7.82162
16.3667
14.4842
1.87388
44.0563
17.6484
8.22363
9.92851
23.9488
32.071
7.25256
26.3525
10.2426
20.4914
49.5659
9.15394
28.5863
7.80551
14.446
16.2116
27.2126
9.91553
26.5443
19.248
7.56985
7.43177
23.1749
5.63914
16.3691
4.86368
8.06599
25.9964
32.8039
17.0944
10.3637
6.98421
11.1993
7.3507
13.7859
16.7627
19.7089
6.62138
16.8401
63.1888
9.2326
6.17716
17.4836
9.23682
20.8508
12.0694
8.44681
11.6777
11.4941
3.01279
12.3641
30.597
10.0473
14.1097
3.84494
3.99845
4.89455
16.2974
5.0113
5.99926
3.75854
17.1327
13.2612
13.3043
6.6005
9.06644
38.4492
5.13318
6.9897
19.0584
9.68667
21.6865
19.5638
21.2349
15.1129
14.0173
7.42205
11.1687
9.51972
3.37833
7.99592
1.93936
10.2281
45.376
8.99984
4.34219
5.54216
10.349
26.1368
25.1527
31.2828
38.4061
7.80141
10.074
8.71453
7.96491
31.9847
10.129
4.72517
8.55234
5.11512
22.5673
3.03269
8.98378
25.247
10.5173
41.4133
1.8823
5.39788
25.9555
12.84
20.1134
25.3819
16.9093
8.07042
12.8116
22.6277
9.4973
5.94559
4.00214
13.0456
20.4058
25.8653
8.27161
7.01969
2.45468
26.1695
35.1457
17.8781
11.5059
2.44491
22.3365
6.55624
6.10433
19.5078
5.16391
6.54084
10.5369
3.79319
8.68956
19.9437
16.8362
13.2846
3.88635
8.92381
36.4216
21.3788
48.8401
43.6001
11.6897
4.89224
21.8706
13.55
19.2996
18.5939
16.7317
7.74503
38.1085
14.9258
10.6133
10.3523
2.76823
11.5841
6.86906
33.0935
22.7812
6.89137
4.62907
6.01941
17.8871
6.08438
4.3859
21.3811
3.7973
16.7519
10.9519
37.1137
3.07199
4.10366
15.4785
4.98515
6.85876
9.51936
9.91748
2.01333
5.28202
8.54194
6.69585
18.7224
16.0056
11.1093
31.2103
1.39507
11.0203
12.865
27.0931
23.492
65.3295
22.3473
18.863
8.148
5.53114
24.1143
28.9814
21.6835
32.8376
19.4149
13.3236
63.069
27.0412
6.37534
4.58457
13.916
35.636
16.9612
9.6198
9.6802
6.09193
36.2609
24.865
3.58959
14.0164
37.0466
12.2342
14.1827
4.30736
4.48198
16.5103
3.74389
13.5986
16.6296
4.57488
7.74067
32.856
9.99481
11.432
18.2308
3.51242
7.58335
11.6832
9.99921
20.3869
4.25114
4.74872
34.4737
8.58077
21.6361
15.0977
18.9972
12.7557
42.2477
25.708
34.5958
5.10689
6.263
3.20414
7.28219
4.98162
14.5821
8.95769
29.303
9.18729
14.6438
93.7835
10.1926
20.3816
6.90483
8.87062
8.19086
6.35055
13.5944
3.92243
7.65921
4.07371
37.1231
20.4906
13.8759
32.7643
8.88656
8.00229
12.468
8.9937
5.65872
15.1062
18.9566
11.3007
49.2618
16.0511
25.4855
59.5182
3.74694
8.29724
14.1108
16.2791
16.1022
17.0728
7.825
8.26134
30.3687
17.2228
14.4368
29.9317
16.8623
33.9911
7.07927
6.77219
35.0394
4.43172
32.4823
29.6124
13.2987
12.9156
10.5767
12.0461
9.73072
42.7115
6.58135
9.98471
19.9413
4.17313
7.01322
12.6932
26.7147
12.41
13.2328
3.82748
32.9331
12.9061
29.1292
8.31803
13.7683
12.8129
18.5065
7.01077
14.3087
38.5546
6.15211
12.4807
33.6087
7.93386
10.0363
7.37573
21.7261
28.1064
31.2735
4.64553
13.2799
24.6504
53.5829
13.3793
18.2984
3.77392
8.90322
25.3883
5.62429
7.28966
4.265
5.85575
18.8396
13.6913
13.5043
13.3324
12.927
15.7247
11.3102
9.87009
13.7789
35.7047
17.1473
9.60773
13.453
10.5631
10.0424
16.5066
10.761
24.1618
12.2862
42.6817
10.0925
5.34464
8.59993
6.01752
11.2443
19.6885
21.8861
5.19149
15.4678
17.8597
21.1263
12.3141
22.0298
13.4274
4.64349
25.8879
12.9264
2.86625
20.3128
65.5867
9.62961
18.5441
9.44045
4.52878
5.41591
2.53941
21.4321
7.18487
8.41839
18.6561
24.7767
3.02524
15.4688
23.1931
1.81768
3.78151
22.2286
14.1356
6.18346
6.27184
38.4413
25.6061
27.2085
15.41
51.0409
3.76667
7.00421
2.03078
19.1392
23.0756
22.1822
10.3304
7.09244
14.5167
27.212
7.06674
6.83278
45.0426
16.8868
14.0346
6.21453
12.3027
21.9595
13.4821
3.78661
3.70238
8.26413
29.1638
7.1667
10.1426
26.5588
11.5734
3.95964
7.08171
8.09243
15.5008
18.9508
23.1912
3.87104
8.30355
5.68924
10.0251
13.2132
3.45954
64.5134
21.4861
19.0577
12.0489
15.2213
25.0169
11.1991
25.2715
18.2584
64.0189
27.5422
9.91795
15.4919
4.869
22.4364
6.74135
35.5745
12.0417
21.6686
23.7787
5.69851
12.9249
9.57414
4.1704
35.3916
30.945
8.60585
49.9622
20.4365
11.2914
4.90551
17.3591
59.7358
20.1354
34.8757
28.7244
47.4622
28.6905
5.83792
15.2958
10.2198
74.2441
9.30305
11.1018
7.50374
18.2407
11.0101
28.0312
10.4948
7.42836
28.1407
50.5266
6.38309
6.03148
9.97381
9.19618
6.53906
3.01741
30.9411
24.7768
13.4588
39.4172
18.295
6.45637
9.24539
9.53334
8.49284
22.9095
5.41961
18.9803
8.06931
4.42396
36.3151
11.55
6.58063
26.5983
35.388
14.7141
17.3905
3.62198
17.6653
10.3907
8.10338
6.05753
29.6472
7.769
25.5674
8.13808
18.573
34.8697
12.3025
9.84205
5.30657
8.27926
23.8833
53.549
8.75479
64.4317
14.2314
32.7635
3.55784
11.0333
48.0417
8.07256
14.3449
23.0403
14.0632
7.91465
3.92732
11.8206
53.5582
33.1914
3.01551
10.6914
4.18289
10.7533
13.8315
43.9029
2.30942
8.59838
24.0449
17.7232
4.32401
13.3923
11.8905
12.7546
14.8617
1.72904
26.5623
10.4645
4.03393
1.58085
6.13958
7.01142
3.90241
70.2761
55.8396
30.6406
2.77767
13.5444
25.4785
20.1534
4.79207
8.89898
20.1469
42.8297
17.2103
8.03099
39.5183
10.9332
7.71895
14.7795
12.688
20.1222
26.0604
13.2277
5.3893
39.5957
11.0654
33.4656
14.9055
6.3816
6.76114
6.15555
59.1592
14.0825
2.50445
18.3493
20.4152
12.1357
19.1544
3.658
16.4645
13.9195
25.1172
11.5122
6.17067
54.3316
4.77885
50.3613
22.2817
6.89643
9.56416
5.08463
6.70124
33.1131
20.7825
7.40228
12.4145
2.33773
31.0996
3.42521
25.9059
7.12425
16.7658
19.7922
11.371
22.0028
17.3379
52.8071
12.2729
13.1004
28.8094
38.9504
6.7934
9.84882
12.0569
13.428
14.2207
11.9031
24.0482
8.91121
30.1046
14.4945
37.418
4.4614
9.28605
21.9752
3.60733
11.3617
7.16669
6.93232
6.36952
18.8326
5.27189
39.2299
5.36223
7.63612
28.7189
12.8015
12.4063
14.4996
1.82339
14.4164
7.69867
4.96174
18.1714
4.95354
8.77433
10.4572
12.0796
23.7973
8.00443
8.46974
6.33757
3.50654
6.79747
21.9165
8.89713
11.3407
19.2781
47.5254
7.94696
11.2859
15.4413
18.0266
29.8625
5.96527
14.7535
8.08946
4.00611
9.07315
19.992
10.1436
5.24937
5.52983
3.57282
64.1555
15.0528
21.4399
18.5765
3.11502
11.4442
3.61932
10.2292
2.85255
31.7685
8.18197
2.5792
18.9963
12.4726
11.0624
22.5143
1.68658
24.2103
2.63692
6.38795
8.88286
28.1084
6.08684
14.1214
13.4851
8.00408
5.27551
14.087
5.04294
14.8722
17.767
13.3014
17.1098
7.75699
3.58446
16.5831
9.75162
18.0517
8.95123
2.79282
6.72206
8.33799
9.26087
3.21505
4.04417
7.03437
5.2498
6.08569
62.6382
13.4729
27.7447
22.4359
14.9481
15.0097
3.53451
2.86182
10.8433
12.1075
7.66867
3.68276
34.9178
3.84479
34.9154
10.2805
30.7612
51.3382
10.5346
3.30175
37.3153
22.5625
3.85727
9.95136
39.4259
5.6269
22.5845
14.3217
16.8151
3.68764
50.737
8.257
9.53709
3.6914
5.30362
12.2448
23.1577
13.3855
2.24015
3.23181
2.4771
6.79429
29.3523
11.8847
24.9061
5.35739
5.92496
14.9354
11.271
22.9809
67.3015
14.8996
2.89742
8.45564
37.4308
6.60298
18.0313
46.3262
35.6651
40.1405
5.6339
4.05936
3.1984
23.7004
31.7801
7.69302
2.80928
5.00485
7.71812
2.8343
8.00297
7.94661
7.35586
28.0089
23.3819
6.0994
13.1195
60.751
27.9171
15.0713
20.9894
9.56617
9.0321
33.7929
8.29901
17.5438
10.9911
25.615
6.07727
39.626
5.45169
5.16895
6.67921
5.88448
4.10721
35.1578
36.4597
3.81502
33.6576
8.13202
20.1987
19.2963
8.8545
4.4169
70.4304
9.29443
30.0691
10.7843
10.4052
24.1049
10.0883
4.59584
20.4754
26.649
27.9461
19.0076
5.0247
3.56753
8.84359
5.75475
2.04365
3.97438
6.53025
21.6228
17.2305
8.565
20.0573
12.829
10.9305
16.9874
30.6379
3.31175
8.07804
14.2663
7.23158
15.6253
11.3441
15.2675
4.85857
4.45745
10.8658
38.9533
5.62455
2.67155
13.9185
7.50075
9.63722
10.7713
2.57479
12.9147
3.64043
13.3024
4.45679
3.73331
28.7544
12.9355
31.9498
6.15257
21.6879
17.1468
6.36369
19.4674
14.8364
13.9514
9.08831
5.66027
24.6535
19.0801
4.51087
6.12491
6.63745
5.25625
7.56586
9.47441
28.1625
11.515
3.18415
21.3385
8.41222
38.3652
8.48751
13.2477
4.77111
12.6548
3.67486
3.6053
8.49753
8.78528
17.2546
9.58024
20.0675
11.8637
43.9553
4.6518
16.657
23.8704
11.1392
6.98851
15.4046
4.52142
14.8007
20.8868
12.044
30.2141
5.52191
5.25303
3.8779
33.1829
31.9293
17.0126
8.97297
20.1369
5.26055
9.98304
12.8675
5.93905
19.8133
5.57986
18.3882
21.6106
4.68978
15.9423
49.9267
4.06924
8.33198
13.4525
7.68333
7.97534
3.12999
8.77291
6.45714
6.39776
5.71548
8.07104
11.113
12.6048
7.87536
38.448
29.6643
3.12132
19.1389
9.87526
20.6894
49.456
12.827
43.1474
7.06822
11.2649
8.59101
18.6751
23.4304
13.8985
88.0182
15.8346
12.9894
24.3691
37.415
22.2422
20.9121
22.2585
7.03943
1.51787
25.0552
33.8433
25.0093
68.5835
1.9164
11.1511
14.0376
7.90748
10.0088
8.90166
14.0671
7.68616
31.0265
6.28624
10.2473
11.1254
9.9798
10.4266
10.2929
4.17166
8.47706
18.6581
8.17945
5.12385
15.3787
12.8752
10.8842
11.0755
17.4543
19.5096
11.0318
10.4811
24.4812
14.15
19.3539
14.2326
25.3438
3.89931
18.2418
41.3335
20.0385
28.9256
17.6191
11.1514
23.4478
24.7542
15.3143
20.7836
8.30601
4.9346
13.7353
15.6657
38.3072
21.0927
21.0099
22.9323
33.7339
9.22544
12.6323
6.84246
30.2929
6.69476
6.52588
24.2793
27.9742
7.87291
9.61749
5.24673
5.71965
13.4044
10.1084
14.5746
15.3301
7.75404
6.62497
6.70927
17.6376
22.4973
9.03769
3.60242
6.41163
7.9224
9.68488
6.87516
8.81893
8.93862
5.51377
24.3795
8.51843
8.36848
7.46435
30.2304
24.5172
30.6214
4.73688
11.6232
19.387
7.1966
3.41127
4.82939
6.43707
28.761
15.0868
10.4039
5.32779
7.23075
10.4463
4.39474
12.4091
36.3885
13.7039
15.3488
8.78661
9.76128
8.96158
15.8828
7.48978
5.58301
69.8141
16.1708
8.7253
19.4219
12.9499
13.1351
4.76251
38.5084
14.3619
62.0983
6.631
30.1296
5.35481
18.4234
40.7642
15.2694
17.5248
9.18104
95.8494
14.4049
5.10097
6.92864
6.5909
16.2954
7.8206
15.7352
7.33517
19.7055
3.36534
15.8202
7.89086
18.2707
25.9071
45.3023
43.9955
2.67561
17.5159
8.77792
6.92337
6.28976
3.65652
3.68642
11.2705
5.35392
31.4608
22.3974
6.67178
12.1369
26.2956
13.8317
11.724
6.4244
37.5731
13.6014
29.98
11.9934
2.78745
8.53718
26.669
10.1389
13.1486
3.73719
4.63365
12.3262
3.22262
3.68191
15.9584
42.6731
7.48245
13.2531
13.8006
2.02064
3.54953
11.1847
7.1282
20.8203
26.2591
27.5641
31.186
14.1303
14.4772
11.2534
13.1017
43.0227
5.41139
10.8396
10.4498
4.86456
2.37216
14.8773
21.7998
7.80898
33.3664
20.1508
5.19241
3.30924
31.6924
4.12074
12.8247
26.5097
10.6283
5.49262
25.3328
13.6625
23.8724
17.8631
16.7696
19.0404
21.2102
8.72004
6.41935
13.4448
5.01513
7.62205
24.6151
9.54345
49.7659
50.2883
7.84703
22.7447
17.4191
25.1037
10.4329
6.81756
5.2906
9.06479
34.3412
12.899
86.6331
19.4738
24.1831
9.84008
8.35878
4.88613
12.1581
50.1647
19.9192
14.3131
32.2743
9.59414
6.17684
6.44502
5.2069
8.91034
14.3097
8.73816
12.5203
42.6024
13.2458
12.7773
10.2297
16.4996
4.12264
32.9091
9.17924
29.3656
3.32939
24.6154
6.47006
22.6547
43.6381
7.65726
42.5504
29.9954
1.25182
7.48566
29.0873
6.36086
12.4446
24.8837
7.33772
17.0303
6.23437
11.0637
27.0298
12.1045
2.87766
10.1738
8.33941
10.7184
10.3745
9.09386
15.2602
9.78759
13.8163
15.1628
6.85779
27.7525
19.422
12.2102
10.7636
18.3555
10.521
28.9966
4.03305
36.3177
10.0386
17.851
3.63527
3.91244
24.4333
27.3993
12.8173
9.43613
4.52434
11.1253
20.5551
62.0018
23.4025
8.61694
25.9861
29.4507
28.5301
6.92805
14.6241
4.49798
18.3388
37.9551
4.66028
38.7263
4.8498
73.5509
1.88727
8.60526
5.03539
11.6414
13.4532
40.134
4.67359
49.3743
23.4713
25.4165
22.458
18.9157
5.25733
9.95563
6.64137
12.2887
46.2733
14.1136
5.78324
40.2503
2.22908
21.8662
36.7043
30.131
20.9739
8.86722
7.56992
15.1754
30.9153
23.5614
4.31407
5.23318
13.861
19.2036
6.05907
22.8045
17.1906
5.05014
41.7618
28.1657
10.8555
2.42352
24.1771
18.7983
25.9337
5.6613
7.13995
3.86346
9.84265
3.25737
7.57493
8.85107
7.04127
17.2961
6.17886
24.0521
11.514
22.657
1.97889
30.5418
13.6493
14.0626
16.6042
10.1727
60.8882
13.6863
16.005
16.2823
23.5296
28.4347
8.77687
9.36456
19.9235
2.41243
18.3329
6.38464
10.5626
4.7822
28.8445
37.6154
10.3155
6.93598
5.58995
13.2646
10.5605
12.0262
18.918
4.97884
29.7909
5.62068
7.41051
10.5305
9.76905
20.7714
2.41453
7.7175
21.6163
18.6926
21.8448
3.96363
7.67733
10.9737
13.1647
21.4182
4.93789
14.7482
14.6481
4.01631
22.7379
12.0789
11.9041
22.6956
18.7026
44.8644
6.04421
39.2475
41.0484
3.46188
17.5768
18.0645
15.9001
10.2285
10.3992
6.04294
27.7307
14.8532
32.3018
14.9622
14.4992
41.9728
31.9142
5.53456
35.9989
12.6893
32.681
9.01805
14.1907
31.1596
5.50148
12.3379
13.7434
10.8907
40.4978
25.4356
7.05194
3.1514
13.3659
39.423
9.61222
8.08445
9.00043
15.6918
18.4268
14.1618
10.0375
30.3428
4.22465
19.9608
5.96154
1.593
4.47538
16.1968
9.30708
6.07825
13.1563
12.7216
21.6366
7.22735
28.5622
69.4969
10.0658
9.34076
4.79654
8.79614
35.4742
16.0497
6.92872
7.84481
62.4069
13.181
6.13892
2.62716
20.8274
45.2925
17.1931
27.7644
12.1739
26.2168
9.61346
2.86963
7.80453
29.5216
7.15704
20.5507
16.7278
12.4762
37.7748
36.6237
1.38637
26.8948
9.95395
43.5202
6.15915
11.6744
7.02299
15.158
58.8078
25.8606
4.18651
8.07637
6.4809
26.5545
10.3377
35.0669
4.01623
7.86785
12.2468
21.9243
10.3105
5.70955
7.59617
5.25341
23.5174
26.5717
4.31987
15.0178
13.272
10.712
11.7081
10.758
7.6262
4.75702
27.1442
10.6605
27.6387
14.4734
5.49522
20.8531
20.1312
13.5171
12.0685
32.6371
21.7696
17.401
20.8204
6.95753
1.57935
21.9749
19.195
5.70743
18.4754
28.5712
15.8033
3.89041
35.9935
17.8016
6.24728
13.504
7.93941
19.683
57.5304
6.65771
2.2965
10.7084
12.2416
32.8057
10.8481
18.7938
10.6865
8.29908
3.50303
12.9527
15.7097
51.1185
6.86615
11.3441
5.44823
19.4567
11.2093
29.4084
19.0856
15.409
8.94313
7.05394
12.4805
4.38815
7.48405
4.15192
16.5166
13.0785
5.77673
6.06815
9.06009
30.5
14.7072
9.55333
3.8106
83.2075
3.94936
5.12335
4.81791
6.78917
13.0935
13.1476
23.0482
17.6352
25.207
13.849
6.99574
9.45506
11.0504
6.77587
1.7421
8.44951
8.84132
32.312
59.2489
29.5212
6.01038
7.76659
8.26084
15.1759
10.1068
9.5792
19.0882
17.137
15.9736
34.5488
23.0373
7.41561
19.7074
57.4653
4.52614
10.301
3.11406
10.7543
11.062
30.7812
21.5105
19.9605
14.1078
9.98434
24.6851
18.3105
31.9694
2.14325
4.84558
12.89
7.86553
28.7318
2.46187
7.09378
6.26635
23.2766
11.7463
35.2388
6.83698
6.80938
10.5853
46.7113
14.1836
7.3666
9.12247
13.718
13.5463
17.6296
18.286
11.5923
17.3293
23.8744
13.2789
20.7053
12.7823
15.3718
4.97387
7.2158
8.46092
5.99945
2.18601
16.8284
42.3258
3.43058
58.2146
36.1546
4.86029
7.8497
20.7978
32.4132
13.3205
12.7806
3.13248
53.0179
9.50443
53.2502
4.69821
5.39921
75.4431
11.0489
5.39555
7.16132
11.4849
8.242
5.79666
11.7405
23.9653
16.2617
57.8382
23.7953
3.66726
6.44607
20.6634
16.0663
20.1627
4.47405
5.83817
8.06419
4.48804
6.07791
16.2574
12.6712
11.6951
17.3038
13.4392
7.1645
10.7558
10.9594
8.35326
16.1611
26.987
9.87764
24.3961
2.94045
9.71251
9.24307
4.1366
2.89154
8.22483
6.14317
29.4313
6.32293
9.19325
16.9143
10.8238
14.2028
65.0851
6.31871
8.99164
6.1944
27.1121
9.38056
17.1588
18.4439
43.1037
21.4358
8.48294
5.932
8.13587
11.0902
17.8959
88.3444
2.28319
5.26811
23.0957
4.15123
8.58496
53.8263
8.19936
10.162
51.0021
12.7876
6.50466
12.1631
11.147
9.85384
17.5508
11.8508
57.5131
17.1333
10.4773
3.22696
11.8242
28.0039
5.07472
17.0932
4.26654
10.1471
14.5723
3.81175
8.19666
8.47753
24.3043
11.6989
15.1887
9.29096
34.6938
65.2563
16.3659
12.1324
12.2489
18.3822
21.163
8.45908
13.2851
17.7274
4.56754
82.3246
12.5875
6.49232
29.9254
15.8868
21.0361
24.6328
6.8841
3.96819
18.3204
40.4517
8.75994
26.1146
10.6312
18.3688
7.57161
15.076
22.4126
14.8787
2.88353
17.8573
19.8275
10.263
17.1512
52.3203
32.4382
12.0831
10.0026
37.2781
36.7642
23.9164
28.0804
27.8511
15.2453
3.04861
12.3042
12.4302
28.7311
19.98
10.532
16.2017
3.09097
23.007
37.3888
16.4552
14.0652
11.288
5.12686
2.23655
20.0889
3.66974
21.4212
3.80404
12.6484
7.26485
11.2281
13.1427
31.9546
9.15496
13.6719
31.681
54.1878
25.9088
16.6385
29.1423
4.60921
2.08076
3.42106
14.585
18.1697
13.297
8.89056
8.90223
12.7198
3.47327
7.09388
12.721
3.32622
21.0671
24.7124
14.7441
6.26513
35.538
9.54118
30.3466
16.8697
6.52663
9.06053
15.8182
2.09645
11.5135
8.26765
11.8221
37.7521
5.45945
8.61719
10.2671
7.21732
3.64268
19.368
14.2417
8.71791
6.17324
5.38158
12.9552
16.0755
5.23426
25.2515
8.9765
31.8167
4.29252
17.0057
13.6536
10.6935
13.8644
41.4955
24.2676
30.1117
16.5862
44.3013
3.48579
17.5917
17.9019
10.1296
48.3597
13.8706
8.28946
5.38642
20.0266
27.0712
13.5657
4.02043
1.97846
24.2516
10.8019
10.4562
10.1563
43.6442
28.0606
26.6913
14.0305
4.14706
6.58687
24.5309
40.3876
5.93182
8.51272
11.4203
4.54128
16.9337
25.733
56.1278
17.3135
4.56422
12.1505
4.31321
11.4208
19.5563
29.0748
4.96589
14.9084
2.79349
13.6807
3.05601
40.1772
9.14529
4.45099
15.5701
20.7932
11.5198
31.3369
9.65994
19.1002
6.22426
12.7916
27.9319
28.3635
23.4589
25.2067
10.3162
10.1517
9.92684
8.86986
5.75862
11.6555
13.3526
16.2954
2.48332
2.04826
4.12873
10.9222
12.752
3.39538
8.37159
1.40911
15.6135
4.64018
8.14516
82.1699
11.9498
52.4459
3.3506
8.63688
5.22748
15.3767
8.82223
18.5023
17.9614
9.57834
3.18354
11.3449
30.7053
15.8499
14.4171
28.73
7.19609
15.2683
26.0806
3.35037
21.8851
19.9108
18.0559
32.3923
8.3284
10.9462
3.6928
17.3917
7.97598
22.2656
5.70718
17.0183
39.0346
3.24553
8.07571
20.0946
3.69957
11.7514
9.2074
14.5337
56.846
35.9141
14.4073
2.65263
24.0033
16.202
15.01
13.6353
39.4864
5.80756
12.3401
41.9041
19.3963
23.6764
28.3643
13.6326
37.1493
6.73926
7.83139
68.0135
3.95689
16.0756
89.0998
21.5867
4.54477
1.75372
42.5247
43.8548
6.11329
14.6669
19.6329
5.65191
15.0328
19.0606
26.8494
33.4557
5.84091
11.3418
8.0409
17.4639
4.79677
13.592
13.8297
9.11151
7.88786
12.9595
24.6561
46.3611
27.4519
7.85795
15.2508
4.26861
7.58464
4.95554
30.9801
15.7158
4.00227
10.6031
24.1028
12.9195
27.3779
5.97317
12.5258
8.37934
22.3766
8.32422
58.3874
35.7314
6.54558
20.9882
12.2149
16.0589
25.2673
15.4646
12.9271
10.855
2.5366
1.53434
10.2967
8.37722
23.6428
16.507
20.2223
67.6857
30.034
36.5908
9.39665
6.78594
38.5441
8.35332
58.0599
15.9737
15.7915
16.0844
12.1772
9.33736
9.31185
14.8673
9.99937
38.8862
32.6365
14.4482
7.37356
7.34556
8.17629
33.0304
7.69877
4.74806
10.6179
13.6088
9.42871
19.4471
14.0142
15.311
16.9602
19.851
7.73922
4.48476
6.90035
46.1042
16.1752
11.0046
32.3899
59.268
8.3036
4.23466
28.9702
9.78841
7.69348
6.93709
4.97567
27.9267
23.3486
18.9246
15.2242
12.2653
25.2821
10.7645
13.5446
26.0706
10.5503
16.5885
21.1184
44.9954
4.06328
16.7354
5.24217
70.2782
54.3104
22.3467
13.8703
9.34344
16.8022
14.6975
28.8462
24.4893
15.4149
49.1681
7.43206
2.32083
28.5015
5.70845
7.69358
27.4738
11.9007
7.97042
7.89866
84.918
26.7484
25.3946
12.5834
6.73736
7.18083
7.89861
9.35908
10.4895
3.70184
19.0825
3.74285
12.1582
6.49492
2.97073
44.6477
18.4517
5.26296
7.81694
11.3559
13.2092
38.4569
31.0309
1.74525
13.1435
22.6596
8.68784
17.9199
5.60413
20.8113
8.30261
28.2598
13.3971
23.362
25.7958
8.08462
2.79184
35.9559
50.1033
18.7598
8.53081
20.6986
11.916
8.25314
9.95282
27.0913
16.7925
6.1029
5.79391
25.5801
13.3717
3.88315
13.8134
42.0796
17.9
9.14491
35.5417
7.6996
19.3267
7.5273
5.83225
9.54314
19.0781
33.7964
24.2273
4.30487
11.4689
14.8526
17.5864
7.89422
20.3326
15.3105
13.9171
69.9669
3.44132
18.4814
5.41643
3.32861
6.63651
7.05226
11.9904
2.2608
37.4576
21.571
6.35773
9.21398
48.7599
13.2471
33.5405
6.12811
12.0617
8.19132
19.3708
7.78253
1.75153
17.6869
14.9891
13.7959
4.71099
17.624
29.788
25.3688
33.0009
10.3752
7.3115
5.17208
6.93967
14.528
33.5424
19.1515
5.6679
14.0667
21.8155
10.0438
38.1244
3.41685
30.5773
7.53266
4.64783
14.9251
12.7562
11.6937
31.9959
4.98979
5.71523
39.3209
3.9848
8.58762
23.9219
61.8063
7.0485
8.58001
4.26901
19.8377
17.8258
28.1522
38.2367
14.9241
17.5707
10.5354
5.21215
18.4006
3.67201
28.8577
3.09481
10.7737
17.7829
20.4094
4.90387
22.3373
16.0542
9.94868
23.5039
6.95812
8.53002
7.15042
11.7283
8.28244
9.82586
17.1898
6.88001
10.0595
14.0633
2.71988
17.7723
8.88694
18.4006
9.16006
5.88737
8.33744
2.99346
5.69697
11.5127
10.1535
11.2115
9.1294
6.00324
13.1864
13.3124
16.3499
28.9651
18.9894
35.4719
14.8911
17.7968
13.3447
3.56515
28.5971
1.43463
12.1816
6.52694
5.86939
18.1871
15.4814
43.8317
7.29092
11.0569
16.6746
6.20797
2.4696
5.95807
11.7094
13.9026
18.3044
13.3432
6.86595
13.324
3.17851
13.9381
8.30858
12.3894
15.5988
6.20375
14.1266
54.7657
3.05378
22.3168
52.7535
29.7137
12.3837
6.8618
9.17286
10.26
4.18788
31.3871
53.1869
3.96117
20.9202
19.343
33.156
4.96022
2.5385
28.2752
3.68961
15.516
49.4885
7.36873
19.6261
4.5233
5.1831
12.7837
16.5973
6.93572
19.5203
24.543
21.0383
8.21012
34.9726
12.7582
4.18009
18.3216
3.83271
5.32905
7.25573
14.2805
9.57629
4.72085
30.0428
8.45308
4.00219
12.9203
8.65107
10.3388
3.10398
8.86819
19.5252
39.896
32.3915
18.9438
6.77043
12.7768
6.47715
4.34862
16.6887
20.7857
6.1599
50.9041
29.2031
4.58145
15.2483
12.4567
12.0491
22.7498
15.2605
29.8358
16.6117
12.4016
11.1148
36.8372
44.3981
5.59183
15.796
17.3761
14.0272
11.8022
17.6661
15.5735
24.2849
2.55133
9.75307
11.254
6.23165
8.41461
3.7164
4.06666
85.5547
9.63915
10.1393
9.00174
24.8002
5.69969
44.0528
24.5186
46.3049
6.71641
10.6807
19.5389
1.74487
78.1196
6.23626
3.67612
23.8613
21.8908
13.6457
23.0108
24.3579
6.83624
14.8685
4.84778
13.6462
30.3871
29.063
11.1967
2.99483
10.8719
3.14197
15.4742
19.7193
4.29838
8.71761
7.14839
6.55898
14.2407
9.73259
7.58609
4.92805
3.804
43.7728
11.1129
37.1973
2.79028
16.6265
34.6915
20.9037
24.0807
11.5765
5.35519
2.95269
21.0773
11.0404
20.2766
12.0558
33.9544
17.8487
6.03227
20.7029
5.94917
15.1728
3.77494
12.9472
2.12233
6.24082
5.49583
6.249
5.11619
19.9446
8.04117
7.23677
5.3361
25.038
6.59121
8.58408
13.6985
4.88433
11.3831
21.9042
41.53
18.5305
6.26726
13.6678
13.3319
13.5631
19.1943
12.5473
2.22692
9.98476
22.6701
2.95049
22.1471
8.76469
6.00529
32.0302
8.08206
5.6055
6.66174
7.75215
80.0753
22.3907
5.18869
50.3991
4.99332
13.7368
4.94961
11.4838
23.1912
21.9189
19.1915
14.7734
15.0675
38.7105
11.8383
49.9566
17.9621
25.0126
15.6665
13.2237
16.5865
18.2498
4.58334
31.858
34.3996
14.0499
4.4324
4.49147
7.02678
5.6282
1.77285
6.48439
2.66169
40.7253
7.35448
23.3151
14.2392
12.9273
10.5095
21.8583
22.5571
18.2359
5.00477
11.2876
15.2941
6.99612
5.30342
7.76913
10.7735
19.814
21.98
20.0058
12.9656
13.7612
28.4781
15.1346
4.17207
5.7311
7.40726
11.5834
21.0516
5.04765
18.8563
47.0425
15.3913
9.84657
17.8265
23.0088
10.3098
22.1166
7.16696
14.5084
39.3007
8.83921
14.9916
12.4354
10.8142
46.7664
50.9036
32.8182
22.0541
18.6556
5.28668
39.1271
31.3566
20.9159
23.5863
52.2016
11.9038
38.0901
7.83933
9.81706
3.04524
9.46155
25.321
11.857
4.13114
5.31286
6.06431
41.4532
3.98636
5.73214
20.405
14.0782
26.3198
3.61349
6.71188
4.52059
8.26197
11.8788
6.24836
16.1865
9.16862
52.6168
11.5038
6.0655
10.32
30.2806
34.75
11.3163
3.03696
12.606
13.9162
6.57102
18.1349
4.64265
28.3649
6.79576
18.5459
19.028
6.92969
5.49133
23.7217
17.0869
20.4745
14.3757
20.5209
2.01125
16.3646
19.6651
6.59878
13.0911
15.8034
42.9501
5.90773
13.9945
44.1243
11.403
11.8387
4.28058
18.2066
19.4632
17.8147
12.8228
11.1426
14.5265
5.11665
4.70999
12.233
5.02441
8.2564
28.1422
4.16459
23.575
3.94602
50.5757
9.22071
6.30126
8.2064
24.0913
22.5406
29.6211
15.8735
12.6988
8.53473
15.8564
16.9969
5.43976
11.7888
4.75995
12.5694
12.0813
5.82901
15.9439
34.615
19.9845
3.49567
29.1315
42.693
8.48601
14.0032
22.0947
21.0458
10.1654
10.4954
16.7168
27.7454
11.6062
25.8393
38.2
4.4815
4.71136
15.3944
5.47396
6.63201
11.8358
13.9479
28.1045
6.38287
7.7049
13.5397
27.6423
5.49989
13.0657
35.8584
6.23583
24.4662
21.0646
9.54751
10.2241
11.3845
12.2795
10.4248
22.8399
8.1986
18.1961
7.47783
20.3739
27.2042
40.5634
13.939
8.26244
6.23853
14.4778
16.5815
17.3048
26.0105
12.6328
13.4863
17.4843
16.2339
5.03814
1.32756
40.5747
7.4077
9.03781
26.198
11.2859
31.1448
5.39817
11.3051
18.6033
4.43139
6.72929
13.0898
4.99597
12.9153
23.9429
5.11918
23.3475
15.973
3.50037
5.08013
4.05513
13.5154
8.94345
16.0567
52.2097
14.716
19.2658
8.75013
5.07694
8.79433
38.6712
9.67166
22.8349
31.4516
16.6925
10.1374
10.3545
5.89236
32.68
3.84881
6.76501
30.6769
4.79567
13.3413
3.86803
3.28054
11.6589
10.7465
5.00911
15.8162
5.70701
39.6053
1.45716
36.9685
11.2318
10.8951
16.7418
41.4333
4.70076
4.91853
6.52793
12.5868
9.45395
11.2317
9.43033
9.88166
7.46308
4.86343
14.4149
5.97971
11.55
12.9959
10.2399
15.8744
8.49287
5.59643
34.1951
58.1694
15.2228
6.66644
13.6888
9.48711
18.2464
38.7601
20.6559
8.33954
6.30948
12.2997
28.0882
4.0049
4.19404
13.8747
72.207
7.66123
13.9711
4.2213
24.6058
23.5337
19.0242
7.69689
9.62352
10.487
25.8389
2.6131
18.8142
8.45477
49.643
16.581
4.023
4.8304
3.58434
7.31944
42.1971
22.7621
17.6156
10.2284
18.3774
9.33129
4.07324
3.03958
9.52686
11.9862
36.2809
15.9925
16.6772
48.7288
20.9433
5.42731
7.34583
19.882
21.4589
8.60876
4.42445
2.258
10.4519
14.4825
13.9529
22.4201
22.6009
15.4306
18.3581
4.62739
17.758
3.22888
6.43716
8.34072
13.7964
5.4418
5.69053
45.0637
8.79467
21.5123
6.24349
21.282
24.8432
36.812
10.1248
10.1053
4.8907
2.91858
17.8843
21.6536
17.6286
12.5248
27.2951
70.6936
17.8179
21.4298
21.0013
21.1389
5.66228
9.9875
25.9865
28.1877
16.9831
9.47718
4.95546
9.07127
28.0159
6.25165
20.2126
39.6869
38.6571
11.5864
5.19957
17.0307
20.0346
14.1198
12.296
19.5201
9.00701
35.7477
27.1671
16.6145
6.43043
2.06968
12.4068
8.37228
10.7226
12.0868
43.6894
10.7747
19.9267
30.5317
25.906
33.7158
7.8272
28.3037
15.695
16.0317
5.04708
7.91537
11.7264
40.6319
36.6194
7.44077
37.1504
18.5727
5.74754
36.9824
24.6741
37.7222
11.9191
18.4175
10.7823
9.98935
12.0965
20.2664
11.2395
17.5276
44.572
9.76369
9.86171
5.82755
15.2295
12.2713
9.99022
22.8994
17.4333
18.6855
13.8411
5.16364
37.6706
5.16385
10.4515
15.1455
24.9301
12.1202
12.2949
33.5814
13.2042
20.1088
14.2335
28.4841
4.60544
17.9445
8.1099
6.74482
4.67826
5.3203
10.774
24.4333
4.3183
4.20308
8.22932
16.9789
17.7982
10.4246
4.87948
10.4342
6.24046
4.72127
9.67075
11.3539
28.0179
16.6294
27.5571
4.81869
9.43835
9.2153
56.2106
14.9984
7.07861
16.12
11.3346
33.2356
9.30764
3.79173
14.8219
17.1961
19.3913
10.5914
6.93037
6.1793
24.9902
3.96134
15.6267
36.8257
22.5034
11.1599
11.7078
12.4539
14.1525
24.9895
9.03227
22.1408
34.7816
9.69071
31.5353
18.266
6.94451
9.63962
45.825
24.3935
21.5444
2.0596
2.52943
1.94459
4.88103
10.4006
16.4955
20.737
3.88672
10.4731
9.09056
7.94014
2.88565
12.253
12.4313
14.3681
6.09078
3.52155
3.94795
2.88378
9.71602
4.32484
7.96152
38.5654
7.16299
16.502
9.39865
4.16091
9.57274
13.584
63.6613
8.90264
34.7132
4.80117
8.84521
9.16584
28.4199
11.5672
7.14887
14.6258
25.3212
5.15652
1.62307
16.9102
2.86268
12.2349
4.10635
23.9244
22.294
12.0987
5.77375
15.6648
20.3664
18.3838
2.82153
15.2645
6.36465
3.43035
11.6646
11.0389
9.75472
10.9037
15.6094
9.28441
5.14814
7.07386
13.5678
40.975
3.30304
17.4416
15.7643
17.639
8.33572
22.954
6.95132
3.20988
39.5885
20.1302
14.2262
1.9864
14.8938
32.6427
15.1236
11.5008
16.0052
47.4602
12.7902
8.38014
17.1843
3.85418
13.4191
9.01639
12.423
16.0402
7.55269
17.1931
28.9487
54.2183
7.24278
16.8849
8.15441
2.414
20.286
4.7042
6.51457
5.55472
18.7485
3.17877
2.34665
13.7932
8.79341
17.0536
4.39102
4.06461
10.6822
8.67159
27.3662
41.6391
59.8145
11.0338
17.8718
14.1428
5.82436
68.8663
35.1191
4.58428
10.2941
19.0862
12.147
14.5046
7.27702
15.422
12.4507
8.33723
13.5571
9.89214
11.0302
16.6725
17.5122
39.7436
15.1778
18.8224
12.2569
6.07119
43.4304
4.4111
39.7798
48.7849
22.5192
6.09363
20.4689
15.9613
20.1685
14.281
13.0787
24.2608
8.01203
19.3142
8.41226
12.1015
18.1614
13.3688
10.9043
15.7957
7.07469
11.4884
27.3139
18.7364
8.84381
17.0505
48.2333
27.948
5.18847
15.6637
7.88213
2.20843
13.6752
7.99822
10.0535
22.4783
13.9779
50.7238
12.8546
11.5378
35.7795
11.4092
7.6439
25.8412
6.93919
5.31074
15.8064
26.2674
3.25388
7.68863
13.9629
13.2225
5.87975
65.7113
25.1791
6.38093
8.20587
24.2254
9.28774
5.9396
21.6234
5.70374
5.84448
32.1027
3.94318
5.99778
7.99932
11.6441
7.87256
34.6235
8.21731
20.3542
17.3809
19.6404
15.6743
8.97323
13.8926
12.4845
8.01489
26.6727
8.07983
11.2823
4.3206
11.821
4.77433
8.54417
10.1379
4.0703
30.6769
10.6492
14.9295
2.8204
24.8121
15.6795
80.0885
22.0435
22.351
5.70236
9.03683
32.1881
5.04135
23.7619
7.18947
20.1348
36.9219
16.9217
33.2368
15.9073
2.0097
59.6846
3.91773
37.1737
18.9964
17.7321
7.07972
9.22874
13.6579
5.74349
4.72514
10.1923
27.5712
35.2409
42.1153
50.6546
27.2441
4.91687
19.8805
5.76103
28.8884
8.76648
31.0679
18.6028
4.57118
17.5875
13.1185
21.6871
4.86603
19.628
17.8127
6.44208
14.918
18.376
19.6922
20.3066
5.15391
13.0726
22.6063
16.34
28.8409
3.86055
11.7258
13.5626
19.2067
4.29641
28.5486
6.21689
23.6094
18.1114
10.3521
7.67509
16.0075
21.1869
55.6551
20.2009
71.5831
4.95122
16.2924
12.0567
14.2664
16.3171
14.0064
15.8711
8.59196
20.8419
12.5177
2.86523
8.65484
9.87574
3.09284
9.89143
4.9399
23.6381
2.5813
61.8691
13.4195
6.56359
17.4595
5.29953
17.7256
66.1319
4.37674
10.2586
7.14469
2.50877
16.8436
10.7328
14.9962
12.6608
38.1895
13.2701
3.87587
14.9436
36.2889
14.6328
50.7798
12.6479
15.9181
4.19703
29.0073
25.7921
14.6305
25.1858
16.1188
32.0795
5.03984
8.76604
3.81488
43.3299
17.8772
6.47717
11.4481
26.7569
26.0311
37.0768
7.37781
14.7755
14.3918
7.96269
8.97934
3.08001
30.3594
4.82784
39.0997
30.589
5.68406
16.9653
18.387
23.0469
59.0942
2.71974
9.38458
3.32309
12.6504
12.6912
13.0337
15.0066
45.0433
8.0584
12.6457
27.1454
19.203
29.7052
25.0795
81.2082
30.6796
68.7671
12.4674
15.029
15.1351
16.4463
23.6961
7.56659
7.30023
14.1783
84.7745
19.1363
12.9296
3.93051
7.28418
5.32793
28.3929
7.17203
6.83121
7.4723
8.95148
10.1431
8.32665
23.233
21.7295
6.99404
9.09283
42.2752
14.2661
17.3638
2.70652
7.75483
26.1016
13.3342
4.76691
10.7637
10.5481
9.52745
44.3151
15.1184
10.4557
5.5707
4.28901
34.051
12.1874
4.80302
32.7559
12.9024
8.83782
14.5488
7.74648
17.7654
69.4651
8.19168
23.4475
17.444
15.7808
57.3975
38.136
44.4466
14.6026
11.5688
31.5355
13.2713
3.47041
34.0031
22.3459
7.04703
5.65774
6.92575
11.4342
15.3069
34.6184
11.0422
9.94651
72.7164
4.25431
10.5619
19.8324
31.1791
25.6491
17.5686
3.5812
5.75101
11.1392
4.31967
2.63153
28.3045
17.2647
2.51851
5.14504
19.7417
9.2315
9.2944
17.6832
3.2165
3.05695
41.6741
12.6135
6.90656
15.7081
20.3758
11.5928
5.64261
1.69246
21.9778
20.76
3.97246
13.2277
14.3635
9.74921
8.1761
13.7251
5.40078
64.0017
5.16978
19.3854
8.91699
22.2276
11.2049
6.74398
4.21834
23.7328
15.2795
3.73751
11.6261
10.5014
15.9633
8.94962
7.29915
7.34946
15.4742
10.3589
6.12675
22.7813
15.4714
5.18592
25.7302
2.92155
12.1671
22.6092
20.7133
43.8585
16.2665
7.88745
2.10306
15.5593
4.16614
8.54005
4.16984
23.4046
6.34842
17.6188
22.6819
8.48511
66.9856
33.4454
16.1254
10.1084
3.26037
8.85548