120497
265588
469936
993253
618092
359220
137657
637078
1.17407e6
329444
817965
386032
3.88138e6
2.19244e6
830108
2.17876e6
1.37251e6
1.53168e6
14108.9
805786
260263
3.04226e6
209571
13126.4
816195
692428
2.36349e6
770584
1.70349e6
2.36094e6
108411
1.49843e6
307103
524792
384624
1.11055e6
1.0818e6
719568
22445.6
1.06107e6
300207
1.33353e6
157370
972147
2.57156e6
607290
475896
1.34376e6
1.04116e6
2.13802e6
178205
687317
643790
401923
2.04004e6
503043
1.93104e6
2.53117e6
107566
499197
2.52441e6
2.43825e6
5.08711e6
1.47314e6
5.76008e6
1.47067e6
658107
1.01928e6
1.44296e6
151421
1.9317e6
1.14152e6
163679
246470
373539
1.16059e6
457589
607253
515451
31039.5
95393.4
575555
1.20293e6
132268
184091
344507
190813
2.39935e6
12703.1
101174
254173
349916
560311
1.30132e6
1.92333e6
1.86181e6
184434
19811.5
433498
546095
198545
501125
5.59771e6
2.99502e6
856897
1.79531e6
3.60657e6
812470
1.53766e6
1.12727e6
3.07967e6
1.68192e6
3.22345e6
205636
552622
1.25567e6
1.55495e6
5.6906e6
279797
540003
182767
415283
1.91568e6
354959
1.4514e6
759455
2.94101e6
11539.5
807196
836161
528593
1.94937e6
677850
1.38709e6
106682
728657
2.26429e6
18069.5
2.09296e6
1.8073e6
3.25453e6
93139.5
1.2809e6
169832
2.89146e6
1.14254e6
390957
24295.6
2.83104e6
582854
37544.7
1.09341e6
20160.6
2.23602e6
2.65156e6
620575
3.49516e6
242089
345588
224157
235135
1.05429e6
142769
943497
727145
116655
1.04177e6
2.17192e6
398405
3.92072e6
438020
444100
554303
57513.2
569893
1.85911e6
1.38995e6
911660
4637.9
457112
4.57087e6
697266
5.49338e6
2.0692e6
1552.19
459249
1.14624e6
18765.4
3.5722e6
74379.8
389076
717266
1.48002e6
3.45656e6
1.0716e6
2.61428e6
5.53057e6
164572
1.96799e6
1.76284e6
23308.7
237431
4.41999e6
4.23947e6
205941
1.17261e6
1.39522e6
2.40333e6
23027.8
433539
2.57134e6
2.37442e6
226223
3.36829e6
438879
14732.4
424870
214936
285922
1.27356e6
154040
1.04271e6
4.10766e6
2.45476e6
1.28677e6
6007.78
1.40163e6
97732
1.15591e6
179998
1.31788e6
2.69541e6
2.1035e6
753036
1.80046e6
442373
745744
425150
1.03694e6
2.04256e6
2.13104e6
4.7122e6
1.17334e6
213865
729479
1.25463e6
2.14121e6
496058
1.95812e6
325621
544427
777265
77140.5
2.14821e6
4.72392e6
1.74742e6
1.02478e6
1.84209e6
158141
2.31301e6
2.18859e6
111104
65221.9
1.40914e6
56443.9
990232
2.3728e6
100259
248213
65439.3
3.22851e6
1.64284e6
267718
1.63014e6
1.1827e6
1.10785e6
443032
1.34028e6
873866
534568
42718.5
980607
2.25807e6
3.16674e6
3.66117e6
2.53765e6
1.44211e6
531819
1.55739e6
324757
2.6218e6
386378
1.10735e6
2.38126e6
1.65233e6
161502
523332
129209
191067
1.08968e6
2.66186e6
1.63315e6
1.51872e6
1.12978e6
866459
2.24224e6
1.10613e6
1.49282e6
4.17992e6
132687
73263.5
1.82387e6
514014
163607
10455.3
662712
442636
437285
791199
3.52968e6
1.48255e6
1.42186e6
4.06309e6
471760
195676
1.52804e6
90676.6
623991
537483
2.04259e6
737667
57880.9
613991
2.07915e6
197155
607454
138259
33917.7
384947
8.0374e6
6.10438e6
3.51125e6
338455
2.52016e6
1.13738e6
3.15513e6
555562
908079
461458
1.38174e6
205094
16440.7
1.7487e6
3.4831e6
3.43877e6
71516.2
6.94469e6
2.40759e6
1.44238e6
1.92826e6
358916
973705
281333
1.22535e6
1.00106e6
862952
74552.5
492240
282727
994155
14978.8
412596
5.93295e6
1.30736e6
1.23878e6
6858.11
280663
5862.44
1.52277e6
2.90895e6
689273
698914
1.18981e6
4.25949e6
949070
39441.5
46771.4
362500
997213
3.0414e6
48314.4
810475
1.39944e6
1.56615e6
1.059e6
1.0185e6
1.3181e6
457678
602346
90359.4
1.0521e6
1.92907e6
1.40278e6
1.91314e6
1.99129e6
697279
705516
622582
841096
1.01989e6
5.58987e6
918137
906098
1.3941e6
690459
386533
425036
363562
2.3339e6
186843
315645
655047
3.83366e6
1.22607e6
1.18094e6
55508
663322
993507
319854
1.48215e6
146059
2.68795e6
1.03828e6
923932
2.40023e6
263039
1.23472e6
579615
1.30425e6
1.15026e6
161866
1.68475e6
900828
273781
2648.24
439464
3.59773e6
103284
1.71875e6
666003
2.37637e6
1.4974e6
5.79805e6
1.09154e6
277911
842253
720321
557296
991791
2.8155e6
49751.3
1.21407e6
199858
2.39777e6
103508
898916
513036
726662
1.00115e6
498263
2.05496e6
219419
13829
1.62233e6
3.18586e6
1.74394e6
1.09172e6
470569
347106
1.09157e6
106496
926894
476365
617413
1.7407e6
927005
271494
548906
45239
463683
2.26137e6
3.90188e6
541513
1.60499e6
1.98785e6
374459
1.20382e6
707588
240529
614237
3.19919e6
47807.7
1.2659e6
320036
1.27754e6
1.88502e6
91896.3
875583
155747
2.11668e6
234974
786525
488661
1.79454e6
598031
662091
365576
1.14838e6
546624
438420
3.96968e6
416781
386891
1.16305e6
827225
2.18054e6
752551
847016
1.15052e6
1.33339e6
868958
336758
2.62711e6
876059
50105.3
1.18016e6
2.83949e6
1.44937e6
900908
319314
108964
846725
965189
988624
1.22997e6
679620
2.65275e6
2.28641e6
66771.3
164755
889486
1.5916e6
2.15337e6
2.98611e6
1.19163e6
3.3155e6
568207
2.9706e6
294115
1.01133e6
1.50438e6
471345
698986
33468.9
48247.1
2.51117e6
5.95033e6
635609
1.19579e6
950058
784414
812147
160277
2.08659e6
3.01205e6
355460
1.35711e6
121448
1.67051e6
1.45101e6
218087
45911.3
1.07926e6
1.86151e6
1.53502e6
566045
144913
1.66296e6
943661
205791
2.56033e6
471307
177134
1.69875e6
549378
1.60533e6
723186
284777
546929
1.70218e6
1.20395e6
99033.3
901236
502987
2.40956e6
1.96034e6
2.62733e6
1.2496e6
933678
1.29249e6
1.05007e6
561504
680428
2.07166e6
1.50139e6
4.46754e6
894447
357875
406832
2.92301e6
124152
1.66322e6
281282
130623
1.08396e6
59771
126680
2.27435e6
1.55001e6
1.37554e6
1.73892e6
153564
123568
522620
756415
442879
204272
449532
1.02993e6
982139
5.63192e6
180083
561993
313328
786511
1.00501e6
240670
1.48563e6
278505
243044
1.36423e6
1.19237e6
1.88644e6
846124
1.78317e6
4.18959e6
817370
4.52415e6
1.22085e6
933633
2.20492e6
1.14716e6
430350
448081
535146
2.46435e6
1.47908e6
1.17829e6
1.1458e6
1.74191e6
1.08792e6
241936
346003
4.71397e6
2.19698e6
3.53646e6
709101
1.51282e6
274800
1.044e6
49034.7
4.11181e6
1.25156e6
333567
5.77685e6
223645
5.93109e6
940208
847285
3.90754e6
299851
1.2733e6
587555
151510
327067
239187
3.26517e6
757559
444181
890868
1.76146e6
676665
1.21199e6
847244
2.6655e6
3.27202e6
745068
801864
2.35713e6
1.14012e6
79685.4
1.75438e6
366924
552730
2.69241e6
224851
529394
62623.4
2.60516e6
1.63368e6
775635
797906
300102
1.13486e6
295691
1.45201e6
401947
519920
852284
872872
736141
1.57284e6
891618
257711
1.55412e6
415559
2.07556e6
325278
206914
493239
1.81692e6
696895
1.76401e6
2.43709e6
161234
332247
167553
1.50944e6
844905
1.87834e6
1.92046e6
1.12245e6
188953
39806.3
735333
89958.4
284649
88813.1
1.04087e6
1.99709e6
871893
41696.3
34734.6
1.31473e6
1.91244e6
2.07569e6
1.52954e6
1.15651e6
811514
1.57272e6
2.68558e6
2.50056e6
159374
75778.9
1.29986e6
326396
912538
541557
290626
227190
901036
552727
3.29123e6
3.12192e6
2.54602e6
1.30519e6
2.35806e6
1.30704e6
3.1855e6
2.95134e6
313130
731645
1.05128e6
560361
1.03583e6
1.13593e6
4.43493e6
409712
1.9613e6
864551
371973
48306.9
446250
166758
1.05495e6
1.70074e6
1.52808e6
373304
2.78955e6
3.2824e6
1.43563e6
378431
1.2464e6
1.88429e6
192416
371460
655786
451621
89285.5
214240
384377
1.95722e6
976314
457356
2.75796e6
554663
904450
2.11486e6
705069
781502
137008
288912
242952
1.09111e6
406151
599699
578767
494638
3.25052e6
651837
1.5987e6
1.07246e6
319562
133173
283051
474541
555557
34806.6
88409.8
3.51704e6
435321
1.65056e6
2.90727e6
5.34778e6
79031.8
584765
95854.1
1.57155e6
3.62318e6
559647
215909
891549
1.2284e6
422643
2.30229e6
324365
3.43438e6
471799
2.79239e6
3.18533e6
186126
334850
977181
1.32887e6
133418
2.93185e6
1.25675e6
29776.9
651522
1.11081e6
171254
415131
2.09761e6
89636.4
2.23681e6
1.74118e6
1.30106e6
695545
744060
1.50712e6
1.53676e6
293204
726815
457388
835297
796507
3.16359e6
2.16594e6
1.22326e6
859160
897290
789920
112309
1.19503e6
161389
213879
888933
1.8083e6
1.46586e6
86107.8
3.24254e6
1.63623e6
633754
359449
4.45107e6
2.42425e6
33130
491138
303311
587055
591905
1.20238e6
1.90401e6
1.46156e6
1.43875e6
921347
1.95927e6
1.22666e6
604227
137981
929639
3.24975e6
774305
1.94978e6
3.60119e6
3.2222e6
1.06854e6
2.06771e6
3.10223e6
1.55408e6
1.00819e6
1.21833e6
2.27222e6
707065
2.11511e6
217299
1.63351e6
1.34517e6
1.39246e6
1.78754e6
2.5646e6
1.21412e6
175935
308170
671183
751749
1.54656e6
2.88299e6
596829
4.88568e6
3.36178e6
1.75478e6
699075
918998
440595
312349
3.77842e6
238156
1.60513e6
385380
796627
862906
447747
239725
738297
2.00744e6
4.66414e6
226164
369019
24432.1
1.16684e6
261.166
1.25335e6
1.56158e6
1.5915e6
2.65173e6
896040
739752
1.42698e6
290548
476983
643706
2.75566e6
932246
2.02339e6
246498
352094
2.30774e6
1.5717e6
1.06794e6