23.1675
61.3339
87.5284
31.3774
16.7461
55.9355
48.8014
28.8191
30.5319
38.8363
26.6928
53.5519
38.6265
80.229
89.9824
75.7705
30.6621
64.052
107.274
53.2439
17.0771
22.7543
21.5406
92.7438
80.0569
24.3812
29.5189
98.8604
50.5206
16.194
60.5725
13.9013
41.5551
30.716
19.4901
28.9585
21.514
54.6404
36.3025
46.5973
26.7763
57.9447
31.6961
123.502
26.2055
33.3572
12.7357
22.123
30.1384
71.088
10.1582
32.5376
27.1901
49.1382
50.4565
61.2158
80.6355
23.4924
16.2733
29.3881
106.366
114.744
19.1846
86.0065
26.1627
34.8869
16.2931
83.9177
48.8311
27.9327
50.3728
57.7361
26.7667
73.4585
18.4046
13.7809
86.8009
12.9814
28.9951
37.3734
49.479
30.4618
24.1564
15.9745
17.958
28.2227
78.628
89.2961
35.7933
28.7929
35.0045
39.0328
29.7437
39.1753
25.9232
60.42
101.589
20.4628
57.5522
14.7132
20.4904
14.918
41.9088
25.2319
22.2224
38.1962
37.6352
78.7605
124.561
10.9739
27.2298
23.4072
21.0245
43.2247
29.3359
20.821
21.8252
30.8695
26.0772
22.873
36.5493
8.21678
41.4137
94.2901
9.7421
32.9025
39.2463
17.1694
28.0258
82.7501
30.7068
77.1353
25.046
37.9939
23.4631
66.8839
125.825
114.103
73.0864
63.7262
27.3563
78.248
34.6926
52.6099
20.1383
70.059
44.6053
52.2193
64.0378
55.5527
49.4979
72.9187
116.083
22.9103
51.1144
16.1053
33.6067
30.7669
132.667
39.4109
84.0146
29.7104
42.9614
37.0518
41.8476
22.9737
54.7611
20.4238
19.0719
30.5374
14.5254
28.2156
12.8908
37.2078
15.2466
36.459
66.9276
77.3727
29.8545
15.1861
32.6588
27.886
60.6047
25.8538
58.0073
27.6427
36.0675
39.0712
41.5989
43.2741
28.7003
96.2922
21.0749
40.9204
35.931
48.61
18.2327
52.1197
23.6163
39.5958
74.3601
28.354
38.8475
11.7904
50.4737
51.5751
52.8956
12.8533
13.4452
26.717
23.4345
20.2042
32.1001
13.0655
30.1416
28.9061
53.8307
44.9013
55.6992
70.3536
14.0041
30.8563
43.0303
23.8887
23.6476
40.2529
73.5682
56.7651
39.2632
53.2255
22.9717
26.1955
35.6636
33.9597
42.3324
30.0757
87.495
67.2726
46.3531
20.3933
18.504
30.6697
36.8385
23.3832
71.4823
28.8758
37.2695
73.7766
75.2653
69.3196
27.9353
35.3858
18.0629
41.8171
34.1365
14.0652
21.216
21.1806
51.719
33.3173
62.4051
46.1289
25.0936
64.6981
21.8469
65.8657
19.3491
16.1359
19.1204
116.013
13.6493
29.2168
38.2936
17.9241
22.2708
20.283
114.497
28.4398
51.082
19.1664
50.6332
96.6637
44.6166
37.3642
79.177
25.5586
40.0326
29.6931
48.1114
52.9006
38.0009
85.1095
17.3757
36.5102
39.6083
37.8972
36.0023
24.9187
84.5033
40.2762
19.5614
85.1681
29.1884
117.34
26.4324
9.69766
39.2402
17.6302
10.8327
66.2583
46.9324
32.2463
93.1904
34.5468
28.2688
75.8293
38.4114
37.8582
31.1073
9.56769
15.8882
39.3055
28.8245
27.395
90.1069
30.1829
43.4841
38.1052
25.6024
25.4207
16.2061
48.6747
28.9058
57.3065
29.1594
48.7656
89.8255
38.2033
15.6277
26.3695
48.1318
22.5161
14.5762
15.4017
55.5157
41.0791
43.3125
44.8422
14.173
27.383
15.9973
17.0742
44.5318
43.4979
49.9213
27.4042
15.575
54.6335
50.7771
71.8502
42.4233
17.1158
32.6511
30.0756
22.4414
21.1812
102.431
25.0814
109.938
63.2306
21.5433
28.7847
27.0955
18.6429
23.3296
33.4268
36.4177
42.5169
34.106
35.8552
29.3695
36.3047
42.6829
15.4768
13.908
51.5685
70.1601
16.1825
16.8367
17.5857
22.979
35.7117
45.8229
97.3499
36.3992
27.2971
48.2791
60.0536
18.1532
69.5469
32.279
19.4287
36.6399
25.4601
31.8207
20.8437
49.8546
64.1813
19.8218
125.017
18.4564
55.0492
40.2921
25.7182
35.7206
25.0514
31.4127
42.3437
18.0142
28.1715
67.4631
25.7416
25.4952
37.7025
33.0223
20.0272
45.6097
42.6306
59.8918
18.8176
30.6057
15.8377
19.4226
62.1437
76.8217
49.1981
17.1843
39.0661
19.1055
95.266
61.8566
83.626
21.3549
16.9121
11.0075
36.8434
52.7424
27.8788
52.6404
24.8017
28.9094
41.4642
33.2173
33.5618
16.613
34.8601
82.5541
32.3081
126.868
11.2303
17.5131
20.9465
73.733
81.1426
60.8611
28.8552
41.961
37.0401
44.1966
23.8962
38.0459
19.8889
121.725
43.8119
93.4024
45.0348
25.186
18.7719
36.6622
42.2907
15.3831
85.4917
71.5945
9.5474
53.4202
81.1574
39.6655
69.0421
31.3613
88.6583
29.9237
15.1565
83.2222
50.4316
38.0434
47.0862
21.8329
25.1657
30.3345
62.7088
29.313
26.1947
57.444
32.322
30.9814
42.4976
117.535
24.1115
23.5837
49.3952
27.2421
6.60929
76.3685
58.1411
36.6303
28.8754
79.9584
32.3967
34.7127
21.0136
26.6861
32.5515
66.8473
12.775
34.133
45.3298
108.557
36.7687
62.628
82.1631
14.5235
63.1983
26.989
14.2204
27.1981
27.5617
23.1703
45.3967
25.6075
11.2389
19.6465
93.0557
28.3558
145.644
28.4684
18.9166
51.1336
51.2611
79.2593
38.1017
28.5097
28.4042
40.9939
90.7123
33.6406
65.9639
78.9856
34.4308
57.4639
18.0869
36.0832
77.7555
67.7188
71.3462
110.124
32.5014
12.3501
42.0935
27.5001
39.1107
32.9713
31.8132
31.8078
41.013
98.1922
28.9031
49.8916
23.2105
59.9471
32.1064
37.6738
23.3713
15.2845
25.3558
84.1317
50.1895
12.7095
78.9421
13.414
57.88
24.221
22.1333
46.8678
40.6446
57.8621
106.029
42.6968
41.3014
14.6501
28.5772
28.1233
26.1221
89.0603
29.263
64.5913
28.934
30.4643
19.8843
76.8189
69.3872
70.4051
40.7076
97.6343
58.9969
20.2824
28.687
61.1107
29.7379
36.5974
56.048
77.3008
26.7189
25.1529
33.508
37.6598
76.4751
18.6571
24.8213
33.8027
33.607
16.9461
61.7168
8.30032
40.0673
63.4594
47.3687
35.415
35.9672
23.0692
11.2632
26.2285
30.606
31.1786
29.8968
39.477
29.9798
19.0094
52.0047
14.6592
37.2584
36.369
10.6296
21.0913
46.3531
79.4673
73.0289
35.3852
35.2867
60.7867
18.3669
27.2832
39.6045
32.9358
38.7162
30.9495
16.1764
30.8647
36.1821
12.8228
62.7427
28.6503
26.6466
40.9306
21.8811
16.6793
18.0099
14.1308
26.4334
24.4488
9.94588
43.1719
50.4313
74.9311
69.6684
32.0635
43.3587
46.7723
32.7364
32.3359
26.2805
51.6311
43.2818
158.844
58.8403
49.6988
45.0174
24.815
13.8279
52.6567
26.4399
13.8415
21.9271
38.3367
39.7235
23.1887
138.684
48.6063
25.8432
74.1377
23.4516
86.9721
23.9365
22.7571
16.5067
18.8182
65.6893
35.5316
55.8841
43.7771
61.5067
34.0533
74.9179
33.6931
48.5492
38.3585
38.315
55.0149
42.6437
19.1126
37.3169
47.1873
30.6721
30.1322
11.2256
31.25
49.7088
60.9257
50.5163
69.78
38.2459
60.8619
73.0402
65.4138
21.8485
59.4316
25.3892
63.5539
29.4163
30.3608
68.6504
31.3773
105.434
30.7962
19.7112
35.9873
41.7338
35.0116
49.5453
17.2868
31.2626
28.0247
25.5264
20.6531
34.8503
31.1287
82.9146
24.4196
18.103
108.008
71.1267
21.2052
47.5221
71.448
20.4644
56.3269
26.4351
26.2889
14.6542
16.2803
35.5233
50.0134
49.2941
33.8068
52.1284
134.446
18.142
60.3945
43.3256
28.8315
42.652
39.3854
51.2599
34.3988
28.8098
50.5533
12.7019
19.2168
16.0244
11.4342
59.4857
46.4892
36.7335
31.385
22.0387
42.2825
30.721
11.517
86.0871
41.5088
44.3075
27.7983
40.605
95.333
13.2378
27.1014
23.6892
33.3909
17.4641
11.4358
57.3684
37.8486
29.0082
33.4553
77.1707
70.2674
22.995
65.8417
11.6071
13.5959
54.5204
24.6487
18.3827
15.6688
67.6961
11.0078
14.3979
26.9612
34.0273
55.7073
35.5325
44.2934
11.0194
25.0568
41.1294
16.1722
20.1993
36.3804
35.167
96.0261
30.5891
50.4726
47.1016
27.8386
22.2062
32.045
32.3744
114.108
24.5106
52.1723
85.8536
37.6236
44.5176
58.7076
19.1699
29.6705
56.609
17.9633
51.285
30.9237
34.8694
21.9544
16.556
31.6603
71.9801
14.9335
60.473
19.0106
24.1885
27.0328
34.2113
56.4189
38.1073
34.441
40.7034
28.8165
40.7142
17.6895
33.2019
45.7082
78.6866
99.3103
44.8129
43.1394
25.4557
33.2511
35.9578
73.6451
32.1801
42.7242
20.9331
53.4895
8.38951
30.5176
23.5744
37.6756
29.2875
47.8099
128.054
39.3138
16.7684
36.3397
17.287
12.8236
16.0293
22.4678
18.907
19.7785
22.9336
20.1304
98.8569
24.5508
43.862
87.5547
30.4657
65.3004
16.4982
42.6475
25.2891
49.3278
81.2583
5.61608
22.5667
13.7399
70.5757
14.3722
20.4953
25.7527
16.0098
30.2809
22.0341
34.7262
121.248
29.6478
50.5628
16.4496
23.8142
45.6552
32.5291
43.6549
38.8375
59.2055
63.146
30.4157
29.2439
8.97435
49.5792
33.0925
27.553
56.7819
45.0766
29.712
40.7164
58.605
16.4114
27.7111
10.3265
64.1534
26.2068
22.5957
21.7574
139.759
9.92215
38.1103
29.1042
67.282
23.5471
36.4338
28.0621
28.0735
12.3236
15.5856
42.6899
34.1711
16.0624
22.7055
35.0018
9.29901
67.456
73.2401
19.0087
20.7034
18.614
28.9291
98.9903
34.9343
43.477
18.7718
36.9844
67.3176
53.1158
29.352
29.1493
19.5497
39.1044
33.2626
73.0155
65.9161
23.2104
55.2423
59.0635
150.766
108.291
36.6537
29.8258
21.5646
40.2044
24.581
44.0932
36.293
65.5607
42.279
21.9047
84.2103
13.738
65.2079
29.1483
31.4664
21.8013
97.0963
38.9016
45.4018
101.403
36.0791
36.277
34.1163
19.4461
28.7763
13.0076
26.394
13.6093
41.2529
39.2852
50.9131
108.739
36.4379
70.8576
91.8165
29.8267
63.6751
15.0011
26.7577
74.0774
5.86461
45.888
21.5317
16.9882
50.0454
48.6744
23.896
19.2064
45.0246
30.2294
66.1463
59.2642
26.6613
31.2295
83.8402
55.168
34.1987
34.6533
44.2448
34.3301
25.5811
16.5879
34.0676
42.065
26.9607
45.95
23.7084
43.0337
32.1028
103.855
91.7528
38.5444
30.8198
55.7199
42.9206
32.2917
41.1711
9.45144
27.6217
42.028
21.6864
34.0717
73.5452
29.8697
21.4019
16.9002
13.8798
23.3405
15.722
14.094
42.068
34.1139
48.3734
21.0771
73.2746
35.7408
24.9083
18.4341
39.0037
17.671
58.3647
25.8233
29.6928
18.3168
28.6937
37.5595
24.6382
28.8743
28.2658
32.5894
34.0728
32.4148
80.4918
68.5038
54.3795
61.0437
23.9034
18.5898
38.8704
34.673
22.8755
54.5345
19.6071
25.878
75.1561
29.3805
21.0359
39.9121
26.6708
31.7311
46.552
9.26963
50.7937
23.5465
49.8685
25.455
56.1471
46.0333
91.9467
156.677
85.5122
56.4701
95.7108
44.1845
20.2685
93.4963
13.1127
60.7296
15.7295
77.9073
14.0863
48.1455
14.112
46.6988
49.6934
39.6761
27.8084
89.5377
12.3002
43.4083
81.5213
30.1394
34.5804
32.6937
22.7816
40.7382
10.0259
10.5611
14.7364
19.9586
58.7096
27.1705
30.6184
73.2353
26.7602
77.5524
40.0518
84.399
12.4191
74.284
33.802
52.0868
18.742
37.245
54.0097
23.4237
31.5687
22.5808
27.9732
28.4869
24.0817
18.8739
33.227
24.5544
22.7273
15.6526
52.7954
35.3768
39.5417
76.7105
32.3291
27.0284
19.8728
70.9107
44.9685
191.291
37.2379
53.3474
29.8103
18.7159
25.9345
32.8409
90.8526
118.483
20.8601
67.1841
32.6121
23.6039
21.3571
116.842
60.1007
42.3234
46.0311
47.034
55.2627
24.8776
10.6813
36.4997
112.137
12.2893
30.3974
19.4736
39.9064
18.7576
46.5076
62.4469
67.451
12.175
26.5363
37.0557
62.3556
106.755
35.5381
17.0115
60.4488
36.0001
22.0845
31.7432
22.8184
11.5722
49.2524
22.388
25.3776
16.0446
44.7894
36.8519
47.7322
44.5213
37.6882
47.2933
41.1926
48.6007
23.2789
34.287
28.1247
30.6444
54.0039
24.6137
18.2836
25.7092
9.13673
88.8003
26.4552
49.5903
38.7424
29.6181
36.1092
54.131
20.4624
43.5381
38.4906
31.4228
62.9504
18.4687
64.452
40.0926
69.4445
36.163
67.8018
28.3454
36.0347
22.8709
67.2971
53.8345
39.9206
38.6751
17.1694
23.6308
102.336
24.6913
33.1774
16.2743
56.4492
20.4419
83.3544
67.8536
53.6437
23.7499
16.5341
36.1317
19.0394
85.1992
54.3724
24.576
25.6912
36.3967
96.8444
19.6699
72.421
16.9631
10.6961
93.0906
29.595
27.8104
65.3974
57.7698
36.3564
41.0896
31.6983
19.7334
16.8619
49.63
33.2285
42.9702
95.311
43.3691
45.0089
30.9638
30.5939
32.7949
32.6297
49.5964
24.7358
34.7147
51.4383
20.0727
59.3092
17.3984
34.7412
41.6042
56.3273
19.4031
50.4011
13.591
20.8626
31.7809
40.4613
22.0641
29.9326
15.2591
40.962
46.5835
20.6848
28.431
89.9003
24.8871
17.1977
55.9619
24.5976
70.8451
73.6463
41.0959
56.5599
12.9495
31.9879
101.017
53.573
30.4697
44.383
66.6484
69.2062
30.6087
21.5619
39.2208
44.215
43.2767
18.4579
62.9878
46.1761
24.0345
24.237
17.845
17.2702
61.1193
41.6733
14.2486
27.9099
19.0002
66.9419
72.0681
37.3981
77.7825
23.6867
18.1504
12.7515
22.9705
24.4207
26.409
30.3976
71.3939
74.6715
53.4292
13.6701
24.9303
41.1221
22.9667
45.9747
80.4077
43.9743
38.1135
74.172
69.4842
82.483
16.7278
37.2168
42.5717
84.0244
26.3052
52.5727
11.0941
66.5119
24.3536
52.8973
38.4822
57.8296
30.5417
29.3379
17.7692
72.9827
73.5675
15.9594
69.615
37.6507
41.0785
35.1103
38.5025
41.6478
105.68
21.5643
15.493
28.8185
74.9786
38.1831
28.3344
41.5555
38.7524
81.5364
53.3288
62.5456
81.5852
16.6959
42.2896
42.3068
29.7252
88.1296
22.8415
25.0054
95.525
30.0116
44.1811
33.5774
35.8237
79.235
24.3447
38.5211
27.7012
9.55102
39.5306
37.5873
46.0478
21.5803
40.0044
23.7564
20.8717
14.4314
31.3425
150.113
14.7359
61.2305
56.7435
56.803
54.6599
29.4144
18.6331
85.7974
11.09
21.4643
22.968
30.7346
51.9642
48.2248
11.368
85.5467
42.5992
72.26
39.6714
35.6579
62.6679
51.1368
91.3545
22.9921
36.3599
39.5492
31.7332
38.7015
34.2051
14.9559
34.5432
29.0277
58.6568
28.4396
19.5659
23.9302
44.9751
67.6398
32.7589
30.2579
50.3831
17.8402
19.3203
36.7153
77.1264
45.5366
57.181
56.2753
88.8751
8.93737
30.2614
83.2059
37.0908
47.2544
32.4435
9.63511
30.4031
24.7714
32.6166
27.5453
40.5707
37.9072
47.464
28.9092
45.1668
48.9728
58.0036
41.0635
25.1608
58.4404
15.0803
66.2988
91.3575
23.3427
18.6797
82.2676
57.3891
24.1896
44.9246
34.5429
50.4314
31.0815
17.2325
28.2612
21.3727
89.3777
57.9414
26.8233
18.932
26.7111
18.6345
70.7898
17.7385
149.372
39.4329
18.8039
39.0521
109.046
11.2102
32.3152
61.8975
30.5306
76.9726
38.4795
75.0835
29.5002
36.9825
30.2499
40.8038
69.7626
170.138
48.4628
40.6669
59.7674
67.5163
59.9619
43.6342
78.6529
47.2881
42.4981
29.5577
33.6636
39.6705
57.0995
32.2049
81.9254
24.2671
9.88068
21.3114
117.395
72.8547
64.1264
46.3269
27.0525
61.8745
37.9113
14.409
80.2267
46.0232
37.9841
42.7159
32.2362
17.6034
30.3491
28.1239
25.1588
40.8636
16.6174
53.6143
38.107
36.0193
19.9936
43.0273
33.9812
45.5569
21.9048
67.4858
47.4506
45.148
28.2226
64.7845
29.347
37.1002
103.223
144.951
32.9491
22.4374
36.9642
54.8382
31.3231
67.9499
186.897
58.8888
31.2666
45.0963
16.9659
47.1976
39.4323
32.4806
99.3944
65.2832
29.7649
54.9999
35.8077
128.536
27.1653
41.0161
24.3895
48.9378
68.6537
87.9591
77.2474
37.2444
62.5068
29.0124
36.5298
48.2052
46.3753
32.6387
46.7004
29.5054
53.816
47.1069
87.7396
40.5938
53.5784
30.4764
16.8256
28.2462
65.6793
40.0997
21.7508
43.3076
29.1539
17.0347
49.5132
35.8929
37.5594
42.399
67.0595
47.9859
43.1992
25.0759
33.1028
23.5114
15.7921
126.785
74.1516
20.6765
56.6434
12.2305
51.47
77.9631
15.0644
35.1977
75.1412
44.8397
44.8229
42.1541
41.8302
74.4593
37.4664
40.4924
14.3564
24.5982
58.1811
23.7811
24.1645
24.2979
36.4136
16.2814
63.2701
15.4525
38.3558
114.393
30.1803
30.2731
28.1329
17.3528
38.7346
38.7151
29.1139
78.1369
53.0921
71.9153
22.9747
62.7286
100.549
29.905
41.0067
49.0964
45.2609
52.292
34.439
39.4876
29.9816
59.8375
29.0701
49.7832
13.6633
76.5221
60.1318
50.9152
30.9416
61.7516
13.8687
29.0761
90.2514
17.9145
27.2094
36.9277
38.1763
21.1553
19.2919
36.8639
33.3964
52.9211
77.4976
23.3197
36.0785
38.4955
26.6676
58.4038
18.0127
20.4442
42.0174
35.085
98.692
15.1874
82.2355
40.8441
14.533
65.3438
54.6862
14.7406
109.701
21.9798
31.1389
15.5767
27.8583
37.0105
32.6861
37.5894
83.084
17.8066
23.2295
38.4588
50.1593
23.9576
13.5467
35.2541
27.0798
38.5329
32.704
23.733
77.5103
20.3677
28.1418
40.2682
46.4368
22.6889
14.3426
70.6247
32.7978
33.6889
45.5728
31.3781
18.8391
22.83
14.8401
41.6693
25.087
80.9189
115.354
35.5768
17.566
34.9938
69.8031
29.5044
29.9658
40.9883
202.342
13.8988
54.8167
115.32
23.6032
33.7965
43.4803
30.7584
32.5158
64.156
23.9776
37.0381
79.1707
24.5018
23.1848
26.8173
54.6622
63.6575
31.5285
24.0729
60.0578
33.6146
7.20637
30.0269
50.5152
35.2932
55.9493
56.2031
25.3352
34.1196
41.2289
52.0826
36.2249
18.9655
12.6898
34.0195
24.8996
78.0068
56.0836
54.0697
36.9298
79.114
70.06
61.3059
54.2261
35.2152
64.9988
79.587
40.5998
81.315
22.8039
41.311
36.7929
64.4514
30.3114
49.0224
42.0058
35.5549
45.9663
62.3916
42.9329
57.2305
28.3768
26.1061
45.5244
33.7178
63.6223
24.9248
26.9638
25.4218
42.4875
35.9332
24.4229
47.6556
20.2215
49.4887
26.756
29.0448
23.2208
36.0331
24.3967
21.3162
47.1343
56.3281
33.1759
17.3973
92.4896
21.8565
15.882
38.6742
34.9811
41.919
26.2566
29.9674
93.1234
53.0114
108.514
15.7421
83.3213
38.1508
31.467
13.0719
35.4716
43.3939
57.3041
27.1765
10.2326
34.7793
104.439
55.6553
38.2412
18.6217
54.0608
25.8157
42.104
35.0367
31.261
31.3332
36.9994
55.1766
50.6176
19.2728
64.0456
37.6214
31.4967
52.6986
26.079
24.2982
30.4638
70.0814
17.0421
24.3754
39.4751
37.9999
72.8879
20.7443
92.8538
33.0323
13.4482
37.4696
21.6878
84.3356
132.27
39.8519
168.457
37.7562
77.3989
83.1249
19.4891
55.3309
35.0667
34.532
24.4493
20.8941
20.6443
42.2163
26.4696
17.4024
28.1481
49.4708
19.8041
9.72892
27.2046
11.8649
52.149
45.9821
19.2501
58.4235
82.857
36.435
46.1719
22.1827
15.9646
30.6793
21.4884
96.1403
63.7396
53.6716
34.8423
37.4694
45.9156
28.7956
40.59
65.8889
22.0613
24.3684
20.1906
27.8152
50.3891
66.1009
81.9147
20.4266
51.6253
19.4153
10.7032
21.0634
31.8547
14.1462
25.1574
56.275
23.2163
36.5221
108.238
50.4318
12.5065
23.1523
35.2844
25.6949
31.8127
82.0888
41.5765
35.048
82.5944
96.7214
58.8755
56.8652
34.0521
17.539
70.6668
28.1922
21.1789
22.5534
50.9302
88.8776
34.2472
47.1071
59.3828
81.4144
72.5198
86.3884
25.8013
46.5908
90.2784
29.9026
16.1938
28.529
12.2234
31.6439
53.2563
19.8254
59.062
27.4967
64.1513
14.0484
32.7898
17.952
39.1692
130.978
18.6369
49.3664
64.487
50.8084
80.7167
44.5206
103.964
15.7318
33.8
58.7844
34.2419
18.0684
24.9637
22.793
32.3799
48.5996
64.2268
34.4519
44.5475
24.0738
47.0029
32.5032
47.9986
28.1074
31.0395
62.2979
16.4056
61.091
36.7905
94.5805
34.7789
34.4869
49.5076
24.9449
19.73
32.2824
32.9266
43.5926
57.654
40.2291
15.2049
63.1931
30.9741
6.44826
19.0116
38.9841
59.7342
20.1432
32.9231
34.8121
98.3604
88.4105
23.7943
61.3441
27.8937
31.3882
45.0874
23.6806
27.0185
15.852
24.6106
41.7339
40.0838
15.1455
30.2015
18.5147
45.963
89.2198
78.5238
37.4398
20.7176
34.9283
72.0345
60.837
23.7246
32.9365
53.3191
30.9619
95.7382
42.6085
6.24045
24.0796
12.0042
39.3179
28.891
11.9723
21.1798
33.854
50.4867
24.7871
44.9235
29.0093
15.1325
92.0252
76.1969
222.443
122.654
21.7055
17.5367
71.2806
30.2185
24.0611
27.8705
20.556
78.185
68.3048
29.299
33.8592
74.2444
16.8183
36.4765
36.7628
39.1325
36.6113
43.169
14.9884
103.523
24.0195
56.2063
44.7479
64.7306
69.8446
46.2852
38.7391
42.2609
34.2684
60.9993
27.3951
32.3828
19.2392
14.6755
40.0799
63.3364
55.4568
20.2693
12.5492
56.2401
40.5676
17.5366
84.8772
104.063
51.8052
59.5283
21.5121
56.7966
25.7059
32.0497
26.8427
24.8757
20.9697
62.1799
22.0999
10.9652
28.2591
33.1209
55.0346
33.4002
42.9066
15.8547
23.85
35.0814
38.0681
19.2125
25.386
14.5696
31.141
30.2624
53.7539
14.5924
63.8342
40.6331
24.02
47.9657
24.9645
36.9156
134.107
25.5963
22.9045
34.6836
31.9683
45.6895
22.9421
68.451
21.8262
52.4117
25.351
59.8049
35.1589
26.7916
6.53429
40.3649
31.1618
46.2059
34.3914
14.278
47.5804
42.2724
60.887
67.5077
20.7377
53.9898
29.4011
55.1797
23.104
40.5342
48.2261
30.5841
24.4358
24.6925
121.222
74.5515
39.1134
78.4284
62.0495
50.6037
62.3815
15.1745
26.4779
28.2742
11.299
63.2859
60.2586
147.475
32.3658
18.5054
36.3555
66.8854
39.5951
70.4317
23.0191
20.8997
32.2154
23.7374
38.3187
31.4704
30.3015
41.4139
63.5755
81.641
24.8929
10.5407
38.471
20.5889
43.8642
20.6935
33.4709
9.18477
42.5222
52.9355
22.8704
54.2011
29.7104
19.2816
32.2845
55.6605
41.4702
58.6376
57.22
23.6072
22.4228
18.4263
25.4106
20.6747
65.0244
78.5863
35.5077
90.2503
32.4015
22.4491
74.8105
36.6471
102.496
63.3664
35.1712
18.9126
47.8518
41.0343
55.9015
42.0982
73.2157
42.4409
21.8553
61.9481
40.1601
60.2375
41.3636
16.4365
25.3973
29.9735
29.2392
51.346
36.8257
126.795
32.4522
26.8714
19.0234
24.5668
36.0019
14.6592
46.6705
22.9591
22.113
27.4782
34.725
95.7889
47.2238
35.0101
139.101
31.5801
65.9418
37.074
70.4521
14.008
142.698
40.6774
62.0877
20.0585
66.4836
27.8414
35.0167
46.1902
48.8528
31.5103
47.597
46.4818
35.2896
141.149
30.6508
52.0985
23.4011
27.4296
36.7042
34.1465
22.0131
22.1065
37.2091
18.4457
114.931
62.6876
32.9529
21.8087
24.095
21.7846
37.3055
19.0331
23.3634
29.4545
9.82229
61.8926
28.3454
18.1584
26.2568
47.4177
35.5629
16.372
46.155
32.7754
27.6618
59.1759
30.0166
29.3019
17.1062
43.3397
42.7306
56.686
32.9351
31.6967
34.6204
79.184
9.42478
44.3994
29.5003
30.5974
24.1732
41.4793
24.1306
26.2606
63.9009
45.2196
31.9619
25.3612
46.276
65.0694
57.2536
34.6746
35.2434
129.606
11.8942
49.3466
58.9455
34.598
35.1472
15.0832
27.0885
77.303
34.6834
17.4729
32.1788
48.2227
29.0728
34.6671
27.4195
30.6116
69.7541
75.0732
55.274
18.8136
73.9292
48.5067
67.3144
54.8951
25.7218
27.5856
24.0253
25.2744
129.614
42.103
27.8745
14.5673
59.0835
21.5039
35.2172
45.576
101.453
32.7017
44.4294
106.424
32.8198
76.3222
65.5193
37.146
17.9344
47.5765
39.1446
20.9333
37.241
77.1397
87.3269
61.2131
10.5134
53.5237
42.6969
22.3866
22.1143
26.3349
63.7026
16.3506
53.8261
16.2852
38.8217
11.8186
46.2602
11.8643
22.2363
21.5756
16.8059
63.5474
13.1515
68.7002
26.7955
47.6121
53.3814
42.0308
50.2806
33.83
29.3302
78.2149
48.4651
47.6081
48.0485
49.7998
47.2214
18.2249
13.9534
32.4192
57.3579
32.5327
24.737
25.9457
16.4444
14.4984
12.3428
123.505
83.5423
32.2772
17.0844
23.777
65.0862
10.1673
35.5978
57.603
33.9412
42.03
30.4425
31.5258
11.4953
10.1193
38.5179
18.2523
128.284
99.9271
97.5468
14.7206
25.8419
14.4558
19.7924
37.4096
43.2864
72.3609
31.4741
101.234
61.217
32.0874
24.5942
46.9434
105.938
69.2845
31.6698
36.5587
62.6108
26.9848
29.4066
37.8751
46.8863
15.5091
39.0407
11.8297
21.9963
32.5381
28.1581
44.3974
43.9218
49.0131
49.0849
45.5241
26.3661
35.6772
39.7485
15.9243
31.409
31.4379
30.3221
33.671
103.953
28.2968
14.5762
43.1412
6.87141
48.0093
64.3643
28.4165
25.6434
13.9385
34.5678
44.8826
40.8538
47.7559
30.5396
64.6631
25.7432
37.1705
11.4617
62.6989
52.3131
50.9119
42.9706
30.3342
14.3566
25.6107
46.2938
17.4807
50.9681
40.9451
43.4672
66.1642
30.905
21.4073
21.1947
29.0784
39.1145
27.0656
16.6865
36.0131
9.39885
21.6259
34.4991
67.8563
36.8886
47.1069
15.5062
29.9265
68.3725
21.9235
45.5286
37.4215
34.5222
26.6108
15.8758
55.3309
40.5659
30.6525
36.1317
43.5193
37.6971
35.5799
34.7061
48.0881
14.9624
19.8054
26.224
13.9282
51.146
76.9523
22.9193
34.0819
68.9802
21.7741
52.4843
28.9062
19.5671
23.246
34.9863
39.4546
42.7695
48.5862
75.564
23.5196
40.299
60.1108
65.6514
29.3687
21.6983
22.8197
19.735
38.3036
63.3669
81.2349
45.1415
48.6879
43.4864
59.3652
77.3083
29.9349
50.3411
56.3851
75.1273
80.6569
73.7067
61.195
63.2372
39.0234
25.9446
40.8363
39.4274
36.013
25.5312
47.0701
48.7966
26.2353
72.459
32.4988
38.5755
116.718
39.9816
70.6619
81.7116
47.6359
27.087
34.3895
55.3838
37.2979
50.867
35.9047
27.4709
21.4274
9.5624
58.1603
39.8631
21.9102
54.8508
32.0435
43.3844
15.3216
59.4197
14.5456
27.7713
27.1944
62.5119
53.4891
22.7826
23.7367
22.3974
33.2899
14.1065
19.6058
35.3683
18.9133
24.1858
25.5594
26.4035
22.9174
20.1578
33.1523
30.0139
57.07
47.3014
52.6432
33.1112
47.1145
14.8542
28.0184
33.4918
35.7547
16.5793
47.3164
59.593
52.6953
35.2009
14.2582
22.3958
39.23
24.1202
36.8366
33.7008
22.2524
94.1209
27.8205
19.2229
91.1393
70.1516
32.5434
87.9481
36.8058
19.2677
70.7374
113.6
55.7994
61.8163
43.0523
116.312
92.3889
12.3157
46.5309
38.949
11.1369
13.4641
112.174
42.6775
94.7427
37.4543
15.9815
42.8607
48.9129
23.748
25.7494
40.2326
39.0747
29.6612
40.0163
103.992
97.3299
13.7421
58.7069
28.8847
24.4845
23.6345
13.6692
39.437
42.0306
22.7109
46.3682
48.8718
44.5198
46.9248
26.8622
30.7488
56.2468
47.2787
42.8621
36.0519
14.8883
49.7466
36.5479
26.9307
44.8607
82.0374
35.7361
22.9364
48.0172
20.6105
31.8931
85.0511
65.3547
15.3414
61.5223
18.3287
58.2011
15.8535
39.0586
64.7123
16.3664
38.8208
51.2474
50.1018
41.7963
22.2737
60.9036
43.6699
51.1449
18.9638
149.319
20.488
26.5239
43.898
124.852
36.2708
121.326
42.8948
17.2337
25.2024
46.5559
57.5003
21.8821
27.5634
41.3445
15.0802
55.0793
20.6327
86.2643
13.0935
37.5554
25.5487
49.9823
66.0296
41.9855
46.4702
22.9157
18.7587
17.9867
46.8438
55.2013
87.6256
24.0464
26.3921
13.1876
40.7622
43.1846
52.3047
62.8829
31.8334
29.2946
43.9999
50.742
7.27458
24.2445
28.3075
28.4115
20.6108
42.987
23.2842
29.2044
47.8123
106.006
5.90033
13.6459
59.0143
78.9731
16.3902
15.9364
36.4317
55.5594
72.2058
18.3448
109.71
54.5597
61.0181
39.3137
35.1443
41.6021
57.0684
8.86672
48.4041
74.4082
24.2068
45.8544
19.658
25.9131
50.5325
12.8353
39.1942
11.1091
61.1246
31.4069
19.7343
55.784
14.1173
42.9679
46.8452
132.376
15.9294
29.3047
58.5416
33.7665
34.7252
39.8323
36.4033
16.2073
36.2994
49.8758
68.4
27.4023
21.7379
27.6294
23.9177
19.1303
149.309
42.0822
17.0285
61.0956
14.9879
35.8743
48.4281
12.3436
33.1914
27.2857
40.3193
41.563
12.0778
75.1849
30.1037
37.2546
36.8719
117.949
13.4028
32.4048
27.7599
37.0057
22.2892
101.421
16.8366
105.125
64.9987
34.0182
47.3819
65.2419
65.126
42.582
19.1681
37.4832
71.3017
35.239
14.3135
34.4655
47.1344
45.4287
59.9094
88.1805
109.802
67.2164
32.3449
57.6876
26.8491
14.5761
32.991
28.2635
59.5643
39.6144
44.0006
58.5907
26.669
25.0323
31.6589
43.7042
11.6098
67.7532
67.3498
89.1801
22.9253
75.2553
21.0279
33.763
19.7289
14.5869
49.1588
66.4356
23.324
74.1039
23.7856
32.1553
48.7075
99.0489
48.6109
61.1246
40.2211
32.3697
94.1384
46.0029
9.36114
26.7227
34.481
42.2401
29.2479
39.351
11.1384
22.5185
39.1936
40.4891
28.3533
24.0097
39.4572
135.468
50.2185
58.1407
47.6158
38.1415
125.386
30.3108
54.4351
35.2655
76.304
7.69669
19.5061
25.5874
30.1126
51.0116
20.6585
32.7355
31.4045
21.122
59.564
77.2974
57.2065
57.8309
58.6742
35.0404
24.6031
42.4121
17.9051
19.4126
19.392
35.5325
103.038
123.993
21.1432
24.9125
33.7706
66.0455
25.2411
77.7806
44.6801
39.1783
89.9328
35.1589
28.2953
26.8309
49.2811
87.2679
28.7639
32.9498
30.833
9.1666
79.9705
47.0531
20.2157
19.0243
25.2472
38.217
11.333
102.598
25.3979
109.786
16.9943
30.7161
11.1945
26.5876
23.0216
23.2619
39.517
10.1533
47.3898
63.9687
48.4872
35.3982
47.6102
70.7376
14.4018
23.4537
15.4245
46.4047
65.8975
79.9352
21.3928
36.6316
27.3205
42.9378
35.3478
26.4854
96.0082
36.442
110.231
32.6594
22.9487
51.7214
18.5671
25.486
21.3108
64.5021
11.5679
72.4753
49.906
20.347
84.3432
48.5765
33.1571
59.0934
96.1781
27.5821
98.0766
17.0917
61.2585
41.2482
74.518
62.9137
22.7195
51.9509
28.7682
22.2588
15.6526
35.8458
48.7373
59.6748
25.594
63.2874
45.6566
16.6655
25.2113
25.3547
60.099
25.6952
48.9684
11.9893
32.6086
11.6724
48.1376
46.6726
18.6854
39.949
18.8687
53.7591
12.3432
58.2194
39.3136
15.9317
22.8931
30.049
44.7195
70.355
97.0492
64.443
36.0769
78.2554
16.1945
60.5214
46.6915
13.8571
33.9572
27.6918
41.8897
41.6761
18.256
19.8812
27.3684
31.5518
39.8752
27.9475
37.8978
40.564
30.3443
24.1395
63.5201
38.5851
94.1113
19.2604
39.7427
86.2106
19.0488
31.0897
84.6234
30.614
31.2361
45.8839
41.5555
29.7389
27.66
36.7559
21.5072
13.4916
33.2507
37.0479
43.1331
11.7565
68.4947
37.6286
69.9194
43.9002
33.4597
52.9452
20.3877
51.8048
60.5611
10.0376
70.0871
32.5728
49.9366
17.7939
17.9579
53.8072
46.1924
33.8313
17.4256
65.0666
37.3132
34.0653
64.6253
53.7431
27.1179
29.1303
25.8326
47.5627
52.6237
97.8459
105.013
16.6362
36.184
42.6138
87.5523
29.5427
28.4682
89.9642
55.7385
64.5496
74.0872
27.785
47.5397
22.5158
41.4598
40.9184
42.2381
72.8421
30.2168
27.5078
19.2831
85.8942
36.6446
51.6744
30.3045
17.9745
55.4664
64.2862
42.041
37.5717
28.7465
78.8328
35.9464
18.8719
64.1098
54.2251
15.8042
26.8772
138.419
23.6985
39.2066
53.8394
27.6789
42.8917
78.2663
29.0343
19.4235
43.4392
20.5208
47.6274
62.984
103.647
104.478
39.1201
30.7874
32.7846
17.847
41.0256
69.4922
29.3469
17.1508
58.0952
28.2866
20.9311
13.2348
24.7561
36.7431
12.6721
30.3846
83.3813
50.177
34.7048
45.7957
35.0627
13.4435
85.448
42.2125
46.6743
35.8688
32.7543
59.96
12.129
44.6233
20.2499
24.1231
57.2616
62.7728
131.089
23.4617
33.4099
61.0575
17.8255
19.0635
38.4465
33.1666
83.0294
70.4732
98.2264
9.5892
28.3224
32.4343
27.0799
23.8426
67.3601
25.533
8.97476
66.6354
34.6467
71.085
54.2417
32.4002
42.7492
50.1568
30.8467
46.4869
31.3047
44.9968
14.1679
77.5507
30.2943
94.4711
78.0128
37.7367
45.9136
34.3148
49.2877
34.2595
18.7227
20.1835
58.8594
31.3876
97.4604
38.3059
20.5246
9.27312
53.0611
54.3813
47.278
48.7534
51.4215
21.5694
54.4525
31.6435
27.2258
41.7605
34.524
21.6626
14.1508
28.5192
47.6281
67.1506
8.36287
23.3708
9.69605
37.4192
42.1978
11.7018
62.9436
61.3068
30.531
54.17
60.4536
82.698
67.5871
38.7875
22.8581
34.6037
41.5452
60.8423
32.9001
12.3939
58.3033
20.3706
51.0917
137.251
34.679
45.9673
35.272
71.873
52.3579
85.8065
13.3551
16.4187
29.3469
43.1639
35.219
23.2348
102.249
46.2939
10.122
65.2894
93.8511
25.8201
84.133
40.4129
106.792
71.0616
32.9084
24.1065
38.7547
29.4986
25.9275
33.5292
128.523
15.6515
58.7401
93.3603
23.1711
26.559
23.7473
56.8725
57.7428
29.6429
18.7286
32.55
46.7025
24.8083
43.1497
12.8104
72.8776
50.3014
26.8618
41.4205
51.3589
23.7201
30.5175
26.9663
28.6333
15.525
61.7353
37.3681
45.3347
30.1351
33.3594
31.7895
78.7557
40.502
33.2127
17.628
63.0883
44.7143
69.6857
41.2303
25.7052
24.5797
45.8635
27.3944
76.249
69.3252
45.2063
29.1306
23.9472
23.1275
52.12
40.1173
30.9315
68.0139
15.7932
21.0331
62.6466
70.3528
125.795
27.8835
24.8455
52.3278
51.9187
41.9153
32.8376
31.0856
14.8891
62.2627
76.6555
14.433
28.6767
74.1065
30.9221
19.2981
76.2914
21.9378
27.9749
16.9935
45.9315
22.0723
27.7162
55.5159
21.6531
52.1258
30.3805
31.6522
21.7187
27.5019
32.7911
31.1134
13.4894
124.157
39.5283
22.7936
38.4285
19.0279
42.7702
21.0283
44.6702
32.1686
15.0954
43.6815
45.9291
41.5929
49.9132
30.0718
52.4519
45.4462
28.8953
40.5921
19.5755
46.7344
19.6866
30.0059
28.6055
68.4851
34.8233
32.1649
29.2886
66.4847
102.543
59.4572
46.9849
28.3222
49.8232
13.892
19.857
16.925
34.3343
54.1708
78.4954
49.4895
14.788
63.6338
16.4665
24.0412
60.9996
29.5189
46.8826
29.4882
34.0516
25.8366
27.3823
25.5747
23.0173
16.5034
50.2638
10.8941
20.0039
95.0013
32.3249
52.0025
16.5094
19.6083
79.0198
160.492
19.9847
49.0741
64.8021
72.8865
45.0701
28.4659
73.0874
69.6784
22.8251
48.1686
36.9795
34.4793
45.008
56.7199
39.4128
35.1895
22.9821
117.486
37.348
33.5452
62.8754
14.2174
34.6658
26.7288
28.7282
21.7754
33.8345
19.3327
29.3597
19.6166
21.4022
62.9945
45.912
30.2573
28.0037
68.6284
106.146
24.6727
28.8032
22.5408
46.7354
44.0207
58.5184
21.3313
44.9217
23.4709
38.9258
34.4141
26.2606
88.4565
53.552
30.7793
35.169
58.4174
28.8557
50.3767
56.02
91.103
24.5603
36.7073
16.1203
15.9345
22.4004
41.3703
56.4854
101.41
96.1636
20.4729
34.2751
41.329
27.385
43.6999
34.6962
98.7495
38.4334
17.1597
50.3411
41.9299
40.8372
25.2699
25.5205
58.3088
76.1838
27.1165
13.9545
68.5438
35.9744
15.4017
36.9584
21.0148
35.292
126.976
21.8598
34.1255
35.5671
27.303
14.8883
32.407
41.1708
30.4456
14.5602
21.4755
13.4178
33.2966
68.2726
33.8583
24.1622
21.1749
50.9826
20.5617
38.8539
86.2867
75.0906
25.6339
28.0152
69.2673
56.2183
46.6413
36.7833
42.0843
61.6768
15.675
17.0625
48.2332
60.0916
62.3646
19.0893
57.7994
22.5841
63.7603
10.0551
55.4009
57.8307
54.4327
26.9569
64.8294
13.3792
45.0581
23.3583
31.4278
36.6366
16.9459
101.108
12.5976
14.9459
11.723
36.4992
37.229
64.8559
35.5708
28.6381
22.5977
20.8855
16.5852
45.4376
33.8519
21.0776
50.4787
48.6322
24.9942
15.2131
14.5344
31.8846
22.4202
53.7849
59.5625
24.7124
34.1853
50.3004
55.5169
57.6611
19.8723
43.3929
17.8731
27.5451
27.237
57.5983
35.9678
72.5643
17.2176
84.614
39.9529
81.2654
36.4543
33.0168
18.8391
36.2976
20.7939
21.1821
45.1168
20.5801
12.1871
15.722
25.736
24.5952
34.7671
46.0186
20.503
32.7284
40.1682
76.0153
51.5447
13.0015
77.7878
27.7238
61.6325
72.8972
25.2506
90.1607
61.3938
38.6551
25.176
64.2178
14.4023
59.6487
21.364
54.5716
20.2884
39.6133
82.4957
12.2595
45.9876
20.5804
61.3445
24.1972
56.1555
83.0097
34.5738
25.6009
17.122
29.3533
63.5844
31.8797
47.4438
21.9625
23.6553
52.089
53.7934
84.5201
80.5672
114.512
13.6312
40.7671
15.3827
69.8505
45.3929
57.258
16.6777
52.7876
19.0029
73.8119
38.6774
42.3484
79.018
26.0248
38.7243
44.8404
26.6758
34.9242
43.9888
19.8468
16.1038
36.2139
105.57
29.4147
26.7866
17.8694
23.2405
73.4538
36.3915
67.9255
59.6679
34.2869
8.72561
18.4036
24.6477
48.3693
60.7611
73.1355
21.444
37.6552
27.7974
29.9862
24.3745
11.5159
84.1321
20.3417
14.7695
33.2626
124.951
133.132
65.4209
17.8562
16.7969
105.927
37.0128
35.2746
15.8673
40.0163
22.6699
13.7044
28.0684
67.7551
28.3512
13.6515
23.3395
15.1881
30.6749
21.11
68.0579
35.6446
28.4847
19.8043
24.8992
33.8496
32.6079
65.7604
22.5844
27.0396
22.1403
32.6888
65.2786
38.3654
28.6151
10.3865
37.7391
52.2139
48.716
26.2133
35.9784
30.6289
18.599
13.28
32.127
49.1102
57.174
11.1477
67.6153
39.9415
30.1065
121.7
29.5627
36.6971
63.769
78.0758
29.008
35.46
22.1413
18.182
42.2334
43.8995
40.8613
34.3147
24.4125
54.9566
12.7307
36.8361
53.5948
40.0983
17.1136
36.4262
35.4236
11.5008
21.6218
28.6596
27.8132
81.6169
53.0515
34.0228
45.6432
91.1154
15.0175
63.6966
52.2336
40.4983
114.082
43.5396
21.4849
69.1526
13.8817
32.0735
21.0688
15.761
13.8877
27.6362
164.73
34.5913
27.4029
38.0404
107.177
19.0773
27.1379
28.2807
20.8731
53.8178
37.3227
13.6549
46.4195
37.0126
44.6291
60.8234
26.119
40.6353
19.1216
47.9674
91.5002
35.5595
21.0025
61.7481
54.722
30.7922
20.3037
38.6892
49.0949
36.0878
21.3099
39.681
25.7705
36.534
18.2324
30.1159
24.5393
30.3281
19.5777
47.2199
52.8197
45.0902
49.5396
33.6696
29.1416
20.5224
41.8764
38.9063
20.654
38.0338
25.2025
57.9339
51.4933
13.9442
19.0555
53.1068
9.8536
58.7928
25.7513
86.296
33.2483
60.0354
40.9556
78.0406
45.1042
24.2764
24.606
68.6956
69.6526
59.3742
57.8177
50.9127
44.0675
79.7916
46.4801
19.0682
41.9949
38.8584
43.4393
20.5053
21.7789
22.34
74.9657
67.8266
112.512
101.082
61.1309
49.7249
19.0672
27.6237
21.54
31.8402
49.2818
38.9787
66.1853
64.5687
13.5819
49.5913
35.3068
24.2041
108.052
44.9743
25.7463
31.7643
64.5965
110.322
16.2381
4.72726
65.1381
28.865
38.9149
40.8451
19.5802
63.2485
29.8363
12.2402
14.5472
21.467
65.0748
19.0255
56.017
20.2394
76.7455
56.7024
59.4122
80.2119
70.7164
98.4876
68.2689
31.466
32.7689
79.8944
109.144
154.239
38.2522
43.7762
25.6542
37.0132
40.2058
18.0823
58.7519
27.989
10.4277
155.715
33.6585
43.5014
25.0074
40.2264
57.316
36.3882
47.7261
63.861
19.1711
82.7273
39.7963
99.1484
43.3046
32.0393
70.0543
35.4175
80.8791
45.5973
28.1809
56.4162
80.8138
26.5542
26.2708
35.7005
23.9858
55.0534
35.5203
49.8857
25.5072
44.224
41.5621
20.1221
87.9609
28.2625
29.1614
50.0678
66.3842
26.9287
58.3546
24.4172
31.6072
7.10715
34.2659
22.661
34.4986
24.1052
97.2627
24.6605
27.845
32.8573
110.963
26.0543
30.2503
28.862
39.2783
19.8378
26.998
47.3396
29.5738
31.1692
85.4917
20.5455
28.992
31.8274
66.6067
34.0553
86.5008
35.3144
44.398
26.6391
40.3732
13.2848
92.7718
56.3968
74.0014
20.7016
56.6625
54.4686
37.4073
63.7096
20.6897
21.2009
29.8009
47.4431
38.4034
28.2738
22.7143
22.8013
74.409
10.0262
33.3983
55.6563
26.6451
17.028
24.3419
15.0974
37.9127
30.0953
18.5414
24.7666
31.7879
65.256
88.2768
63.6903
14.9968
40.5539
10.5933
34.3201
24.1381
81.416
13.3187
48.8608
63.7216
20.3717
48.6013
38.447
28.6545
52.8595
22.6166
18.4242
22.3061
21.9356
56.3078
12.7476
56.4262
109.573
33.4514
37.0175
22.9527
76.7323
31.1902
58.6733
19.1387
56.5294
35.2175
14.8383
26.2612
20.3603
23.8885
21.4039
94.831
31.1685
9.24828
62.0979
64.7416
44.4715
35.1284
23.0355
44.5368
116.731
25.2661
72.2191
39.6973
34.6799
50.4777
38.9643
28.3956
48.0601
42.5309
30.4676
42.6999
20.0626
53.6424
21.724
63.1394
12.2188
21.8965
15.7066
48.9524
75.9518
26.7056
59.6927
40.466
70.6212
58.1174
13.5705
62.8813
49.5051
19.3634
26.5771
74.1136
40.7443
31.1681
28.0893
47.0876
57.1265
19.4903
75.3377
31.9395
101.078
35.9414
13.2772
58.5691
62.201
33.8001
58.8058
35.0162
21.1327
18.9038
29.9674
36.3759
16.4148
22.1962
49.6745
8.01851
47.1434
20.5052
113.311
33.2306
42.8705
34.0109
41.2148
108.991
11.5032
33.4006
44.2607
62.3504
43.2144
28.0584
38.6998
21.4378
69.8452
84.3826
23.3019
93.6506
47.2006
95.0118
19.5204
22.6883
11.0122
95.0915
51.6118
29.9278
68.3745
16.5574
50.2089
40.8906
43.5102
16.1174
25.1507
53.3937
21.0159
148.408
14.756
15.6669
17.8627
54.1546
46.3689
27.3212
52.7125
44.5438
44.886
50.5602
15.3144
27.663
12.4633
33.6694
37.6094
20.8749
29.8911
87.0571
40.7555
43.8374
31.5278
41.021
63.4687
38.6622
62.4712
36.085
39.7116
20.911
62.1525
25.0457
37.9688
43.6506
54.3134
100.214
30.6477
50.6166
60.9591
18.5475
100.033
5.90329
37.486
53.4875
17.9888
36.8062
55.1037
12.6944
56.6682
79.6985
98.7925
44.6639
12.9972
19.6243
17.8934
28.56
43.4085
40.487
79.4097
49.1428
20.4943
41.8169
42.077
77.3938
48.1314
20.1164
59.9915
58.0161
17.3083
155.062
68.4145
23.5906
25.8885
14.635
40.1737
167.974
53.3831
66.4944
38.136
72.4245
44.8816
9.94301
39.325
53.1969
56.0991
32.4591
19.1238
37.5667
35.497
11.1892
26.4712
23.0912
17.8959
27.6788
48.6847
34.9721
73.994
26.8433
47.6928
145.047
21.2103
28.4559
31.9873
7.74548
93.3746
108.628
42.7265
21.1356
15.403
68.23
29.6235
35.0042
62.4745
58.4319
20.6398
35.2787
15.8891
38.0133
39.1342
30.9354
44.9035
43.7053
64.7453
19.9654
105.302
15.2286
70.8324
58.2128
44.6684
16.5884
35.6477
16.4924
46.7216
50.8987
44.9266
45.2868
33.798
48.7395
43.6767
19.3813
48.4591
36.0779
40.3926
45.612
59.0259
88.6942
17.9737
47.0246
55.2983
64.3636
47.5038
12.4955
63.4345
32.2015
11.4962
16.9788
22.0761
112.085
33.5244
37.8923
27.4564
50.0375
31.5444
37.5122
63.0498
59.1084
39.914
29.1664
18.6162
17.8582
12.7536
23.5308
70.121
26.9596
23.3282
42.3384
21.5566
42.3628
27.2028
42.2634
49.819
14.9847
49.7352
56.2677
36.0323
72.159
39.7115
27.1616
51.8766
18.4088
64.2151
17.5384
61.8108
21.2977
25.9848
29.2887
11.6487
110.02
10.1595
51.7296
61.4199
21.9016
35.5329
39.3659
21.9485
66.9374
42.6554
48.7521
49.6351
47.9951
45.6983
58.0287
14.2691
18.0441
32.3971
36.4114
30.8643
24.4384
40.5896
40.3482
43.7488
36.5861
48.7156
22.5351
26.5395
98.6635
56.4956
21.7187
30.8832
48.3792
22.7295
22.064
63.028
10.9463
28.2479
34.0355
51.9912
16.4968
30.1513
73.9511
79.6913
18.8404
25.835
31.6305
18.2892
72.4301
14.8374
29.8658
84.7804
33.9926
41.0884
40.6483
79.6731
21.347
37.3234
73.9545
98.2123
74.4598
27.1301
29.1596
30.0774
43.8812
35.361
56.4808
36.0647
64.6204
95.7344
52.4742
74.4059
42.0811
34.4073
26.3707
18.0786
23.9886
16.8638
33.0845
36.3591
44.4026
41.7503
18.5955
33.5291
59.4278
25.4394
10.7967
46.771
78.9172
20.4137
47.9163
45.5424
37.0767
20.5606
30.7685
61.6393
40.2015
14.3373
57.7692
45.1696
55.2485
35.6849
38.6948
19.5645
25.6858
72.0966
48.144
77.0946
45.0039
29.928
40.3437
22.3643
30.31
27.5587
35.1334
82.3835
38.7162
37.844
26.7674
39.3842
107.255
29.3703
51.7872
39.3504
60.9488
15.0995
26.4303
14.005
42.7631
15.3496
28.0209
23.9542
43.6648
34.2579
28.0274
70.1505
32.0481
36.2143
37.4365
25.7674
31.778
33.5282
23.747
162.497
18.99
28.3553
39.6657
13.2739
11.9321
48.3904
105.274
77.5478
37.1004
41.4103
44.7012
69.5967
17.5696
16.9153
93.0427
29.0567
55.2056
16.949
65.7028
22.9654
26.1754
69.9166
36.6603
31.1081
34.9425
26.7131
43.7768
33.2898
93.4356
29.2436
73.1326
34.226
24.7597
28.2609
9.56515
19.4783
29.8906
39.6569
79.6999
69.4213
30.112
21.7809
14.2144
26.6703
53.9986
18.6695
54.5026
69.5298
17.3516
35.6289
43.4108
43.3384
107.995
29.5241
95.7891
30.1351
29.1124
39.5509
8.65144
33.7687
21.7299
54.3204
18.5398
23.508
57.5606
30.426
18.063
9.55773
29.4063
28.7734
29.091
43.839
62.6637
29.8077
28.4156
124.956
22.7655
14.473
21.1379
82.1342
67.7733
52.8185
16.1737
81.5188
50.8329
105.913
60.2278
50.586
32.9593
14.1003
31.3393
39.6797
28.1052
17.2876
19.8667
58.3642
75.1219
90.8707
24.6743
29.4248
92.3582
122.22
75.3333
29.5133
54.1404
44.7792
68.5574
11.7299
37.1865
60.3216
63.8375
22.6446
46.7381
11.118
39.5143
21.2002
35.8929
47.2765
27.9227
29.5408
16.7737
14.2257
43.9396
42.8906
21.4571
20.6001
21.9679
49.0613
27.4188
20.5201
49.2919
24.6752
27.0232
52.9497
9.40203
25.2812
81.8081
14.2705
13.6028
18.7085
37.9653
34.0799
71.1632
27.8964
23.4121
16.9119
40.2954
48.9908
22.4864
41.7746
19.1235
20.3237
39.4345
69.6147
65.5068
18.6382
92.8412
29.2311
52.1672
20.2727
30.2209
35.3071
69.2184
61.9473
47.8691
41.4227
27.1826
12.9392
20.6824
48.5314
50.8206
24.8429
12.1569
15.2784
40.9337
39.6909
52.7124
29.9699
36.0039
23.5436
36.6812
23.9476
121.587
123.165
53.8326
12.9154
67.1406
38.363
24.5496
15.0406
39.0108
22.3972
46.0177
33.4954
57.8923
84.1549
33.3562
22.6344
36.6114
20.272
33.9046
52.8588
13.575
18.9746
41.7026
63.1317
33.6226
23.0517
35.411
117.384
20.2929
17.3054
43.7038
35.1521
111.673
13.5525
63.0374
27.8439
75.1479
33.237
50.3599
46.5493
32.413
20.2919
24.9589
31.4965
17.9717
32.8751
43.4082
42.5727
21.9634
45.7855
48.0118
62.402
21.8477
71.5353
19.891
26.2214
18.888
14.8957
18.1433
30.1519
30.4123
59.4723
53.854
74.117
14.4053
17.1381
20.5146
54.2205
27.3493
24.3466
27.5429
7.77855
54.2664
16.2371
33.2112
30.1735
77.5194
57.4597
21.2361
140.694
26.533
56.5363
24.0175
10.2699
66.4757
26.9073
25.4458
14.212
35.8452
20.3426
31.6662
59.0681
39.8684
94.89
27.6743
60.4898
59.75
23.6114
18.8365
34.2893
76.2967
19.5508
30.0225
25.8512
31.7991
78.8654
32.6937
21.881
34.1434
67.4079
48.9013
42.6808
48.5575
30.052
87.2711
39.6276
46.6227
71.9365
43.6657
28.846
54.0498
29.2397
54.7709
30.0502
75.7893
45.6517
26.2234
35.2399
15.3487
33.3356
50.1163
13.1284
38.3508
14.8376
131.461
22.7326
15.1776
69.453
41.0407
54.1037
28.575
17.7019
70.1308
74.9831
26.4718
88.5983
19.1217
28.3908
40.8241
27.6009
48.2311
33.662
33.0024
49.7041
56.4977
16.122
22.7927
78.0251
32.5953
105.565
85.2777
33.5739
19.9631
19.5005
53.8715
24.5327
58.1036
54.5526
79.5708
40.998
12.8892
20.513
54.7295
26.3108
30.742
145.923
20.9557
27.5159
14.6691
23.8297
58.3414
44.5236
21.5644
27.4348
18.0404
42.0019
22.828
29.9161
135.247
8.47432
65.0009
20.1855
35.4174
32.4636
40.4709
10.5451
27.1168
82.5891
18.8077
14.6234
20.0784
59.6057
39.6925
15.3003
20.3048
58.8211
61.4549
85.5624
13.0451
28.2016
17.1384
36.0316
43.8351
44.3893
82.1739
68.0164
24.2462
33.429
26.8332
30.8392
23.5069
40.8622
52.6201
92.2848
8.07036
28.4085
21.2852
30.8132
13.1042
77.1713
97.7421
20.6128
126.934
32.3749
26.7441
48.5775
34.7437
58.9187
55.77
33.7127
25.8716
11.9399
74.0929
114.039
31.2411
35.2371
37.9907
18.015
13.0673
40.6676
34.5796
48.4387
32.3705
36.4882
26.3591
48.3201
42.6899
41.354
24.3843
31.1349
26.888
25.3606
44.8896
19.6071
17.558
26.8558
78.8638
21.0628
51.4788
31.7772
106.075
45.0869
24.8158
48.3291
28.1871
25.6354
38.8556
25.7031
135.032
33.1473
37.0175
29.8338
27.7677
28.6244
110.484
28.8146
39.9188
76.7724
68.8297
15.9865
41.7105
27.3697
38.3783
23.0409
27.1296
69.4536
24.5538
68.284
58.5553
40.7533
31.6924
20.7676
58.0228
47.0226
37.6506
106.829
27.7266
42.3994
63.8909
52.2904
32.2717
27.901
73.3651
41.4729
25.8671
17.9226
25.6289
39.8786
31.1187
24.9626
60.5502
54.447
54.1808
13.4
55.9277
55.185
40.3867
47.0441
58.9219
62.4191
35.9633
49.7504
23.7666
32.1168
30.9449
42.1054
73.6832
18.794
13.8686
52.3593
35.6774
107.319
42.9203
28.9173
31.4325
44.7986
30.7209
41.8787
18.1518
37.8369
32.2352
28.1829
48.2487
68.6762
41.9203
113.226
16.4603
49.8228
44.9105
15.9319
35.0626
38.6903
62.9597
16.6631
41.3928
13.7591
35.0911
14.0761
54.0082
48.5678
18.487
21.5504
13.4115
68.2548
30.2805
12.151
18.3377
32.7791
32.8965
43.6099
43.669
35.7225
21.2353
51.0187
51.4199
50.019
28.4279
18.5524
52.6987
31.5402
46.8858
36.3724
23.5537
20.8778
17.8483
37.6206
13.4262
25.9858
15.7048
68.618
38.6146
25.0321
30.4123
47.704
49.5107
39.0756
26.9368
37.2335
12.4445
28.809
82.8846
41.6072
116.515
11.7407
17.8946
64.0929
16.8897
41.3786
9.98856
29.0747
31.0595
28.6185
11.3626
31.4924
39.5996
32.3217
52.9204
27.3858
16.5953
33.5139
15.7264
31.5567
20.6085
44.6778
30.568
8.0812
25.7478
12.2668
99.7325
40.5319
57.4582
29.8156
52.3575
52.3866
24.5998
19.6725
37.1295
61.7151
37.8868
28.5898
35.0422
83.4471
38.072
32.3951
15.331
22.4429
30.2781
53.7444
30.2281
26.7583
21.4262
38.2287
45.2926
45.2174
47.8051
42.9615
29.3158
70.9634
17.0573
13.6829
60.6853
41.5987
53.7933
71.906
20.8012
38.9962
94.441
32.7066
19.4898
26.9672
21.2475
111.009
25.4062
19.087
72.4475
31.2808
19.8435
19.3633
98.7093
79.5799
79.2992
38.4223
16.2654
17.9147
43.823
36.2015
33.1581
16.0102
23.3873
41.7387
78.6727
24.6763
67.8748
21.7943
35.9004
67.973
82.9693
47.1264
79.114
74.0212
41.2111
32.2271
66.5982
123.472
44.939
43.7713
22.7445
27.5476
78.5907
23.7599
15.4572
51.7991
8.86537
38.5132
30.2443
37.0782
28.1402
20.5782
90.0666
18.9473
67.2229
52.1391
62.5882
18.5001
12.7016
40.9352
94.33
37.4091
27.6405
27.905
19.6819
44.442
111.713
27.9152
31.3424
61.7824
28.8413
21.6801
15.5126
50.9575
29.1908
35.8795
34.7269
40.9758
28.7439
34.5188
59.5749
45.1107
15.2521
22.4614
28.0226
13.2504
24.4332
18.4064
52.9723
49.3751
101.647
22.1008
10.7426
25.6937
18.343
38.1933
17.6856
33.2896
42.2156
80.5675
35.2032
13.4484
12.8278
62.2206
36.1791
79.5568
40.7677
55.5288
38.7619
41.7946
54.0444
27.0337
67.5186
62.1438
32.7839
97.6871
33.4007
26.5724
24.3946
90.2143
16.369
20.209
119.432
33.1262
25.3838
17.125
74.6602
24.4355
25.7943
34.0528
80.0712
62.173
29.0218
60.328
57.6101
39.6216
27.843
27.1034
41.2903
14.6079
22.3182
28.1543
23.1525
32.3702
52.8706
48.9773
23.6384
89.1986
44.0727
65.4484
38.5668
26.5832
73.8561
21.4971
155.252
19.2681
48.2518
62.7666
32.0551
21.5982
46.3406
61.8622
43.0545
93.9673
11.0505
56.3761
17.2505
36.5347
27.7948
24.3999
26.9635
46.202
15.546
16.7951
45.5813
16.5133
27.7018
37.4815
104.102
28.6142
204.842
19.5728
49.1838
40.1001
16.5622
17.2328
37.6518
34.5987
160.668
18.3376
29.7047
52.0232
29.419
67.3145
49.3261
55.7763
22.669
38.5278
16.4765
73.2636
124.527
34.495
46.1312
34.1434
19.6631
25.6867
50.9551
103.072
51.078
42.0279
88.8503
45.0644
65.3068
22.8377
169.395
44.7784
78.0934
35.5651
35.0167
63.3305
16.0526
69.5239
20.8872
50.214
41.6474
46.2528
37.5025
45.2089
30.743
12.706
77.6413
54.5563
143.614
71.5171
47.1931
61.3699
17.2526
30.8285
36.5025
18.7785
50.7166
38.5545
47.8597
45.7657
46.4229
36.231
17.3009
24.1433
43.2924
25.9841
28.0719
42.8731
53.0207
34.5582
21.6664
62.928
38.3923
9.29908
55.0708
78.5605
26.8725
24.9847
43.8027
21.2904
21.2414
82.4765
22.5548
55.4848
32.6615
48.9257
24.7732
42.009
52.9086
20.0783
62.095
66.2484
30.2379
22.7024
32.3856
51.182
12.5031
21.2129
33.5834
12.3656
25.5962
140.71
43.2479
29.0703
75.1254
37.579
18.5444
17.2138
85.0375
34.4769
38.4156
29.9781
137.613
13.7691
32.0492
27.5996
70.9145
58.291
28.3009
21.3421
17.2409
21.7921
17.5752
66.2274
31.9159
32.0912
47.9572
28.976
43.2335
28.806
81.5795
75.4695
53.86
56.9383
25.1672
32.1384
29.5212
14.8242
12.4335
49.846
40.8085
27.3251
83.4836
81.8698
25.2055
36.9157
82.702
20.544
35.9066
20.3561
44.778
30.3039
13.4014
11.4479
30.5316
22.2827
54.0444
63.5529
16.8211
23.4255
62.6856
42.9857
74.9039
24.2608
90.1184
45.6753
31.4082
100.757
112.882
39.6467
17.2693
62.1503
15.0479
17.7845
27.8011
52.9821
15.4854
58.3543
38.3492
60.3428
25.5715
49.3366
47.8531
11.9321
14.5731
40.5032
79.7774
70.4411
44.1393
44.7714
53.023
14.8029
48.9457
116.877
31.804
41.789
54.0142
24.5654
26.1962
16.4494
26.1464
42.9844
50.3006
76.2998
34.8956
35.3917
18.3175
31.1295
11.8803
31.6543
24.6687
41.1872
28.8181
15.0472
30.4421
23.3088
27.2804
28.7786
109.454
40.1072
58.1449
44.0304
52.5491
31.9404
35.7787
52.9406
42.3479
20.4113
18.0638
10.967
26.7985
95.6815
41.891
34.9808
62.3692
25.4737
31.3961
82.3425
50.0777
60.1689
22.093
29.5602
32.7192
14.4235
45.231
24.6151
31.551
35.674
56.7566
9.31114
24.4548
36.7159
42.0643
39.9568
33.6977
63.2989
29.6508
47.8809
28.8534
19.5635
28.4808
40.9954
33.6895
67.2264
31.376
20.1904
72.296
74.8739
25.1863
42.5138
14.7357
27.6341
32.9037
54.3555
19.0345
23.5374
83.4253
74.143
45.5074
65.3044
25.1707
39.559
39.3184
38.4209
32.8383
22.6966
25.9353
75.3413
15.1549
30.794
14.7642
27.0292
46.3939
72.4643
40.0718
31.3597
58.2362
42.0645
29.8341
61.2472
62.1311
40.8928
32.0123
75.4319
116.176
13.8551
22.9799
35.813
35.768
27.0834
24.9878
26.8936
65.8914
76.347
46.6181
13.3185
40.0818
36.0218
21.0263
38.6369
23.0019
100.89
43.3586
42.6654
89.4451
35.1409
17.2029
40.4922
24.3784
26.8989
30.5393
49.2876
58.7711
53.3686
34.0256
46.9159
52.9452
23.8713
28.283
43.7971
64.5654
50.4316
61.9344
12.5623
20.6821
36.7631
15.2185
13.4626
51.2176
26.5722
17.6799
33.7698
36.3095
14.1557
51.9431
14.3801
39.3447
23.6268
45.9161
44.6276
43.565
41.5316
31.9634
45.5653
26.1716
32.9099
65.2542
25.3808
23.8636
12.9914
13.4516
17.1349
20.3646
45.6843
31.5885
65.0251
38.2721
34.9958
28.4882
28.314
89.2156
84.5723
36.1991
24.3619
32.8705
13.3922
44.7424
33.1273
22.7985
60.3974
63.7113
47.9274
18.9773
59.1424
13.8787
18.6669
22.6534
20.6143
31.2668
149.419
13.2258
35.1251
44.5809
41.5547
32.7626
34.8527
55.4594
22.1781
14.0449
29.506
79.4307
24.6216
38.737
109.837
53.1766
39.2493
34.6481
32.4588
43.0111
40.5004
28.0353
45.368
32.5182
28.3013
20.5083
25.6069
94.0287
18.0786
32.454
49.5748
19.877
46.6053
12.6455
28.8459
20.6149
54.0502
20.6296
18.1053
15.6006
65.0928
51.6451
29.2128
46.3511
47.357
17.4844
38.119
44.5774
39.5633
79.9411
67.482
68.1146
39.4561
45.5715
34.3254
24.7382
53.568
29.0845
26.0745
70.2875
39.8095
13.8669
16.386
18.8572
39.0819
21.7215
10.7964
56.7674
19.1552
58.4227
75.709
38.815
19.9131
10.4264
35.2491
32.4376
26.603
30.2516
44.5596
9.56089
36.8262
32.1927
74.9804
13.5972
12.766
26.0138
46.2108
60.3759
35.1718
23.5118
88.6438
26.275
36.989
13.1202
34.1835
49.6146
36.1431
12.4707
38.3749
11.0367
50.2437
38.9523
43.265
9.93139
56.5203
63.681
15.6116
90.915
28.2624
129.091
23.3464
67.3456
27.308
26.3764
98.7642
34.5762
64.2483
43.0752
34.9641
13.8607
43.3816
33.6745
20.9173
61.6766
53.6613
17.6152
126.446
30.1755
19.5184
14.7952
31.5152
36.3281
14.7965
48.4027
19.6477
22.6099
22.4034
22.5527
24.6543
34.397
10.1567
26.1272
53.6375
120.986
31.8014
46.1185
43.4352
30.0869
20.2694
85.0208
35.7248
33.8839
65.2573
21.0048
76.0924
52.1486
18.4194
134.858
31.634
50.577
79.0251
103.026
63.0616
25.3548
25.3468
40.6682
37.8015
25.5347
35.8753
40.3242
30.5712
31.7577
33.9149
13.1524
26.8057
38.3203
44.4253
59.3967
33.1613
40.6173
48.3784
27.1854
13.2542
13.9106
33.3413
16.6648
27.8536
27.278
33.9866
40.4428
15.2004
133.008
48.8528
26.5146
30.6888
22.3078
17.4196
76.7682
118.398
40.5296
65.1735
76.6281
19.4492
52.2947
50.726
41.9709
44.9924
56.3904
80.9081
51.0115
34.7256
36.6928
21.5327
27.7143
41.5326
67.5027
97.2106
17.7228
19.3443
66.5283
67.7153
63.3036
60.4567
14.943
18.8273
22.6434
46.7192
21.5591
14.8721
17.6548
34.2455
47.771
29.8891
9.53743
24.7023
7.87478
34.2047
39.8785
39.7489
85.9065
16.6884
44.1561
40.4022
110.101
20.6067
78.6931
39.96
39.188
11.5239
47.2254
72.5967
67.8123
31.1088
81.5138
45.3128
48.218
26.975
47.5511
30.1161
135.551
64.6738
27.8034
25.7822
60.7318
82.0396
67.2838
30.429
62.2762
59.1907
13.4591
16.257
15.3568
22.3239
31.9414
121.968
24.4582
22.9704
108.538
11.5394
25.3736
36.426
16.5663
33.1084
12.737
11.9992
61.8529
11.7779
43.0129
72.015
44.1183
33.2259
29.1897
75.3294
43.4359
41.4983
11.9238
57.9672
20.1649
31.2
73.3096
116.345
22.6437
58.9423
24.2199
21.5409
14.5092
16.166
115.057
17.9819
25.2446
25.9699
53.1621
107.879
17.093
62.3329
23.8546
13.7955
80.0443
75.0523
182.948
54.7429
27.2119
47.8926
37.7174
25.3473
39.5255
36.0249
14.178
71.7741
48.0724
51.8094
27.4515
31.9961
9.66959
24.8678
56.0087
26.0581
86.0341
14.786
48.8004
38.4347
27.7008
29.8614
26.6402
210.324
18.283
55.6193
73.7977
38.2238
54.0147
42.69
28.7382
16.1122
12.3754
28.7603
32.9607
64.2951
74.8667
9.51688
45.0614
14.3334
26.0866
54.0443
63.8207
24.4537
14.6169
16.7902
25.1459
40.6508
90.6632
20.7305
51.1558
21.9666
60.3511
16.4188
24.3329
59.4487
137.089
15.66
137.172
75.0075
42.7033
70.4073
21.5265
34.6322
47.6399
59.3537
17.5534
29.5735
83.4149
45.7621
41.8155
30.6529
25.8898
138.878
61.9633
69.1895
72.6702
42.0478
19.4737
12.9233
14.3335
28.0386
17.416
47.3531
40.3748
55.4961
33.651
77.2891
23.8669
30.0187
16.2909
168.164
35.6623
23.5141
64.7198
56.474
27.1201
60.9036
23.1599
25.2666
84.2936
36.4276
37.716
17.7505
11.7003
41.8316
42.6143
35.6584
47.5298
17.1484
46.4585
76.3781
18.3354
24.2876
86.1002
57.5873
21.0935
28.9486
47.1528
61.2159
54.5115
21.7966
43.782
36.6055
8.47092
29.0857
60.3827
22.0757
49.6786
104.169
35.3731
66.0843
155.629
31.15
58.2298
41.7784
46.0692
64.504
73.8196
15.7885
53.3376
23.7861
56.1135
54.6609
75.7478
31.9142
85.1862
21.8716
25.9654
63.615
32.9974
55.6167
36.1447
107.461
39.8152
25.9184
26.9338
65.6524
16.8211
72.1324
65.6153
21.9936
25.1406
58.1197
9.67522
32.164
24.5504
14.6291
19.9308
16.3487
30.4712
18.8769
7.88413
49.253
22.3608
25.2073
73.4627
22.2293
20.4195
17.5211
72.9041
63.0912
36.7372
25.8609
55.599
55.8225
15.2538
46.9749
34.1635
41.237
20.8735
30.9237
75.4911
12.8967
108.587
78.6945
56.8268
47.4787
89.0257
102.76
23.8152
21.3676
32.0108
61.3909
59.8354
41.8283
26.6679
48.3115
67.1353
68.3499
29.9356
74.8308
33.8829
35.2688
27.4367
16.5621
18.5243
95.5975
44.0404
22.1127
26.676
38.6191
77.9296
27.05
27.5082
70.0667
55.2304
100.675
17.2348
41.8609
90.9252
48.066
45.7066
71.3023
49.1079
11.9337
29.8533
44.2385
56.6334
23.8794
21.1928
67.6305
56.8252
27.3116
42.8792
41.4338
89.2303
78.9789
31.5671
56.4814
42.4057
94.8266
11.5237
16.0204
17.93
23.22
29.6732
35.34
74.0504
69.5835
22.6683
28.7708
30.5535
29.716
16.1001
59.3231
35.7405
6.49383
40.799
52.4129
23.2816
49.1346
36.6166
41.4558
75.679
35.3985
10.8013
28.8066
77.1923
31.4165
26.2648
26.5591
25.2758
13.971
36.8069
15.6416
80.1059
17.1915
42.8026
46.7471
53.6275
12.2646
89.1559
65.3336
17.7442
29.8527
112.249
69.0205
24.8304
55.0096
24.0505
65.0507
34.2509
51.0806
85.9871
20.716
23.3797
31.2988
39.8559
25.1573
41.1081
70.2113
62.671
62.1086
23.5524
50.2202
32.2732
59.5982
70.3814
84.8039
13.3266
20.4913
33.1902
64.7502
39.5444
30.6364
19.6546
47.3827
25.603
74.6101
91.5241
27.0999
75.3427
32.1
52.6904
77.2047
17.8177
49.3221
10.2381
22.7013
47.7717
36.4319
44.6776
32.9136
32.2254
44.0098
36.3948
21.4376
57.9921
33.6834
43.7205
47.2484
44.4215
26.6472
86.7019
18.611
36.9599
92.3258
28.9445
19.9976
21.9256
33.8759
100.808
91.6282
47.5742
33.2479
29.3516
20.0235
79.2035
31.1227
29.8554
30.3071
53.1464
14.2628
62.4814
124.192
55.3002
38.3998
37.0722
28.7108
27.0188
84.0733
35.3144
33.406
30.7337
44.4062
29.8313
15.6186
33.9796
38.5461
138.262
35.9408
27.7311
36.2397
17.8571
33.3246
81.7132
105.569
23.5135
15.2588
48.0935
77.3706
38.433
36.5327
36.7226
52.6514
64.5601
34.6756
61.8603
26.8529
23.5057
22.379
18.4122
20.0961
48.9301
24.4119
25.4888
58.9467
66.5074
15.9708
27.6097
55.8618
56.89
36.5883
31.5511
81.4343
31.9709
47.5687
66.6322
58.2521
23.0694
13.9937
64.9792
44.6432
22.388
30.7475
40.4513
80.1042
30.5772
19.769
28.6203
62.6307
29.6907
28.9816
36.7264
41.1483
31.3857
23.2119
62.7794
23.2015
36.0499
50.2462
45.0173
29.863
50.1387
57.3288
37.4437
11.5735
51.1341
26.5268
38.4513
50.0485
47.2426
23.187
18.9089
102.168
65.9037
33.4866
87.6582
45.8349
46.4239
45.7893
15.1265
15.6059
27.0084
28.0311
48.0307
21.5424
41.5993
23.5978
56.5374
36.0349
12.0961
148.531
74.0477
56.1907
11.1273
55.6882
28.3857
32.1246
46.5865
26.6554
34.6266
15.5615
28.6689
46.1248
26.3354
11.9448
78.4557
80.1741
37.9628
98.9061
22.8443
61.5159
32.0986
26.5046
13.722
30.252
55.4109
33.6551
22.0528
51.4083
89.2982
41.0756
48.5481
74.0965
58.0783
64.4103
19.0627
28.4498
25.8291
84.8795
44.3079
55.9548
25.1006
52.6581
45.8834
33.0692
39.4187
37.8378
60.9057
12.399
42.76
36.8756
14.2999
50.6034
50.712
52.1109
81.0173
112.041
35.4007
40.2222
22.1299
131.056
29.6912
26.7877
41.8165
186.68
94.6518
24.6434
45.7568
82.855
39.2983
18.5924
25.0961
21.7829
41.4462
36.6532
44.2152
99.3911
28.0896
12.7977
20.2371
70.5057
32.457
17.1513
22.2502
21.9304
28.2153
46.973
20.5472
31.1979
15.5188
75.2035
14.0304
8.7839
40.9757
16.1305
16.9795
121.608
32.6675
37.8758
24.4111
41.5219
36.8965
17.1755
27.0907
18.9948
10.8412
31.7616
30.6398
10.7526
29.7892
21.5597
51.7551
10.6773
74.1999
19.1482
23.2502
32.8438
25.4689
62.5399
37.8887
110.431
69.3847
16.7297
10.7501
13.0358
32.4777
66.6355
88.8627
25.8693
53.7902
55.8469
23.4321
54.1565
35.3882
99.3175
37.8134
33.9269
21.2292
30.6226
46.6226
35.9786
90.3154
17.8748
27.4407
44.8115
24.8812
29.8607
86.0197
25.5228
44.3988
22.8649
36.7914
56.1014
67.8037
38.156
19.9269
14.6575
16.7064
55.5761
111.156
23.5165
93.9863
46.8513
23.5758
77.5299
22.2524
44.4606
47.8647
24.5181
51.4313
91.6123
37.5755
51.3545
42.9909
26.7504
23.8952
96.9722
12.7396
28.4591
27.3453
32.7211
8.14602
24.5426
29.6692
32.6066
46.4628
28.0549
22.8469
42.8465
15.6569
87.2307
51.5671
43.2951
27.4606
19.5786
10.2421
151.084
18.0598
34.5205
55.2121
13.3892
21.2373
27.9871
29.8901
77.433
42.4491
32.0512
54.1767
14.3474
16.6853
33.0757
41.5728
38.1347
23.018
16.3881
22.8305
31.5283
38.3016
12.6088
24.1921
69.0393
103.493
80.2928
18.2224
33.0291
54.5703
70.957
15.3424
30.9921
23.4801
32.5542
38.6347
61.6605
20.5425
93.5819
18.9945
95.2406
17.1374
65.3011
42.1773
21.5425
85.2334
12.1061
73.9484
9.20396
42.4918
22.9437
47.9424
19.7495
32.9389
12.8662
51.2092
34.1741
41.3608
12.2186
32.621
25.5854
27.8516
40.1422
29.6965
26.945
143.181
26.0099
23.0048
11.5503
26.4866
40.2994
56.3837
27.4104
64.8132
16.8576
47.1543
17.4526
38.0729
32.1205
65.9057
33.3901
40.1026
28.977
48.5675
26.4193
41.495
41.7383
32.4606
16.747
22.9229
74.8899
18.0238
90.3527
46.0747
28.9713
36.7782
42.1458
110.696
10.2633
58.6047
26.072
28.9177
39.9064
20.4592
42.4431
37.2579
46.3471
25.028
36.2804
12.0986
36.9963
8.32357
57.2614
38.8419
26.6872
46.3633
24.57
21.0719
30.8552
48.7438
26.6061
22.9493
23.8124
49.3851
34.8364
51.2357
13.3671
68.6912
31.3764
21.4529
22.6974
42.109
116.909
50.6551
41.3822
45.5265
29.9987
42.0098
24.838
74.3274
38.6445
35.1353
53.5046
11.9294
53.1665
56.4281
24.0311
39.7941
24.2678
41.0426
34.2643
12.753
32.3299
43.5859
14.4622
19.1958
18.5544
45.7483
91.5975
71.5191
44.2437
29.3488
61.3276
33.2323
55.2776
20.781
21.68
38.3417
43.9175
57.3667
47.5904
45.6303
28.0991
117.05
49.6688
95.4053
37.6488
53.6371
35.101
32.236
24.4899
14.6828
82.1695
15.2077
69.2874
45.813
39.1088
28.329
48.92
62.3644
68.9636
47.2298
54.2798
9.25897
19.3294
35.8076
63.0866
39.8914
92.5476
18.0858
33.4268
32.8925
40.4615
30.278
12.7234
27.1268
12.6512
12.9849
25.108
45.5196
28.5804
41.7199
32.4828
24.3159
82.9684
59.2733
54.1167
36.2978
76.5315
80.7754
21.5923
95.8436
47.3948
35.3596
17.5085
19.8204
65.0739
20.5489
47.5375
206.155
16.689
31.7551
41.3668
37.3811
30.2129
30.0034
42.6771
35.8582
24.6829
51.5178
58.1285
16.0418
78.2377
31.5008
12.9781
16.8564
33.3797
38.506
36.4638
33.9292
61.1912
95.1309
34.8066
23.5911
52.8615
18.0567
38.3578
11.0625
31.8122
94.2298
24.7439
41.9082
42.6601
29.6521
13.7107
16.1145
41.1492
34.7698
29.2029
21.3517
17.5522
27.4003
12.8531
12.7086
48.4388
15.6853
32.7872
33.8926
18.2901
24.4206
56.1783
82.0515
25.6436
36.7225
15.8821
29.1681
22.4206
40.0158
34.4583
14.7481
27.4189
52.0069
22.97
29.4022
83.523
21.1831
90.9905
38.2657
9.50351
23.0665
54.8206
18.6793
38.6414
22.3434
20.1542
40.3643
33.5352
37.0907
36.3741
20.4498
39.3583
25.0233
25.7634
20.7722
15.7375
25.7547
21.6202
27.9031
14.4192
21.3771
62.4652
29.5392
27.9067
21.4893
14.3648
17.3362
59.8806
54.0256
22.2983
34.9844
43.1435
18.3669
41.6505
26.9599
21.8631
17.7205
89.8294
17.7994
18.4928
39.8821
71.6396
22.4026
38.6192
35.9004
26.848
37.7005
21.7464
17.8306
17.0265
99.1314
27.2162
43.7857
24.1751
97.2119
53.9818
30.6158
23.3709
40.6269
27.7388
29.0945
56.3116
14.406
137.683
37.8846
45.2528
53.6479
29.0127
23.7089
47.6749
33.9139
48.5609
62.7679
17.4178
12.309
16.716
29.9663
20.1373
95.6391
19.1991
40.5696
55.2168
70.912
24.7459
14.0942
90.6269
46.0274
26.489
13.7336
17.6914
73.137
15.5659
31.7194
116.325
57.5931
20.9294
79.3501
27.7944
39.8859
6.72951
66.6084
14.7676
13.8861
19.6773
18.3117
20.8614
32.9703
55.4291
57.4105
19.0881
24.8797
58.6437
25.0627
27.4621
30.2779
101.721
13.9755
45.4283
45.5008
25.6485
82.117
13.74
54.8257
41.4728
22.3174
40.5924
31.7847
40.6767
59.0134
30.1486
28.5133
50.5395
53.2715
38.5638
39.0336
59.7727
7.12395
12.699
14.7805
75.2165
17.6516
60.7162
32.4028
33.1991
80.1766
51.0802
69.7727
21.753
19.0653
49.03
72.6383
25.6912
30.8162
50.8804
25.6923
37.296
20.962
59.2765
32.4864
20.6501
91.3409
45.1116
41.5274
38.8466
18.6747
15.2853
19.1533
43.8332
53.3122
36.5626
29.6274
42.3797
8.33445
33.0058
96.3154
34.5161
22.6664
30.9652
29.1121
75.4213
21.9253
27.5706
58.7101
21.6697
10.2361
29.3798
18.601
28.9016
35.5444
28.2959
15.6261
34.5364
56.5989
65.8576
64.5877
30.2984
22.8618
46.5799
13.8584
55.1826
21.7453
57.4184
24.6774
20.6692
92.3
28.1066
12.4644
25.1061
45.1722
83.504
26.9504
31.1157
24.1565
34.389
42.4949
28.073
116.235
49.5958
26.3289
62.3431
21.0388
76.6518
33.9142
35.0819
39.3002
20.0647
14.5199
30.8034
101.825
62.8059
37.4667
48.1191
17.2854
29.7512
15.8868
33.2373
27.1549
101.892
17.3306
138.688
57.2056
43.2997
56.5665
31.4216
31.8382
31.4556
46.373
33.0279
18.1686
36.9946
104.43
47.0877
40.5256
20.4824
49.6407
39.9315
38.3501
24.721
34.3811
21.8352
205.92
36.4369
10.8956
14.65
50.3755
83.921
24.0277
19.4985
34.2618
64.2729
32.978
16.1141
70.9452
42.6135
52.4185
24.6518
36.7653
72.8542
38.5615
27.7592
15.6475
85.1107
26.1018
16.4469
64.0086
17.6805
19.2941
36.5511
23.9951
34.8301
14.5064
20.1294
24.6112
29.0793
56.3878
15.0012
38.9696
16.0458
14.4355
72.7274
53.7072
36.6205
91.9789
37.3225
21.2327
71.9936
29.5518
26.0768
37.3164
58.5531
25.9929
46.8496
62.7938
16.1164
13.572
41.2227
68.701
40.0243
41.5813
40.9377
19.9143
126.441
29.3199
61.8473
49.2793
24.105
50.4433
58.362
117.714
23.0759
24.0281
16.8649
34.2572
64.532
15.5585
26.8392
32.0858
33.2578
50.6416
21.3074
20.4894
26.4993
34.3583
31.6302
13.7768
55.0339
34.9933
18.6963
65.9058
16.5636
21.6233
34.8407
80.8044
65.7277
28.2208
76.1088
42.2748
60.2623
58.0661
20.9946
55.6658
38.3933
101.139
17.3291
87.1646
32.879
33.4453
43.3196
61.4295
22.7
55.3605
31.0465
55.7407
38.5896
27.8597
36.4634
25.5638
32.5819
53.2424
24.3552
24.1906
34.5676
33.5857
17.3528
30.4252
38.6174
49.0185
97.6322
25.4724
12.6888
53.757
44.9181
25.0314
32.1234
19.6357
21.1325
64.0784
26.2505
33.1154
32.3719
62.0066
56.7094
58.8615
57.5524
38.1116
77.9864
28.2323
23.8287
47.816
30.0043
26.2745
47.5506
110.444
18.0686
34.7405
52.9627
85.5586
20.4714
18.6797
36.3919
47.7996
34.2541
62.3396
31.1256
31.1102
40.31
97.8807
43.8322
71.5616
8.51271
110.825
32.2073
20.5258
33.5534
42.8769
12.6853
29.4131
34.4651
76.5779
40.5339
39.8924
17.4225
94.7647
78.3537
53.8967
37.3551
21.9039
36.6553
28.1077
80.4623
19.9512
122.997
49.7497
36.7118
69.4644
30.5304
58.0393
43.9946
27.4406
35.4836
45.556
35.4996
28.1956
89.0404
13.1271
24.2215
40.3858
25.2635
21.4455
46.1529
87.1643
50.2217
26.5013
41.4713
24.8565
14.4567
28.006
29.5465
52.1891
29.2348
61.3388
39.7129
20.4572
21.4105
25.683
48.3598
40.7674
85.0559
74.6273
22.2303
16.1977
14.8209
58.5767
44.3353
57.053
31.214
70.0318
26.7893
42.8237
32.0469
97.6659
93.0111
84.8161
37.9326
20.6368
19.7371
55.3199
41.3657
30.6898
74.4556
19.4982
32.8422
19.4668
59.8516
48.7408
78.7947
28.7435
39.0931
20.8792
59.151
105.076
80.7984
32.5471
38.5568
22.2977
44.035
25.2763
28.6994
26.5936
61.9481
34.02
43.5698
43.2382
42.3709
14.6431
30.4482
16.5126
38.4447
60.1879
37.4991
42.5214
13.3148
56.1746
14.6721
32.6224
37.4795
28.4664
23.0425
39.822
41.2097
33.798
36.9221
37.0658
43.7091
46.6036
113.989
13.4185
59.3043
73.2536
56.1207
38.5203
94.5526
24.335
26.8747
50.8878
15.4861
15.0003
108.295
64.717
59.3243
70.6114
32.6792
24.2762
19.5456
17.0017
19.3029
16.9624
64.8144
28.2364
43.3071
57.578
22.123
23.2509
17.0296
76.5304
18.7329
33.5927
55.0336
23.3197
57.7151
23.5417
23.7851
45.7448
18.9596
39.0518
34.7692
101.989
7.53142
48.3114
48.3078
22.2607
48.0969
17.0624
41.0345
37.8492
32.8092
25.7147
52.5938
57.8162
21.0793
40.4165
43.713
24.1143
14.838
24.6342
36.2125
21.0517
74.7159
31.9906
16.0829
17.6395
19.4674
27.0078
23.8277
26.648
26.6774
28.2823
50.8946
14.2994
20.7478
34.9853
23.8967
104.09
13.4135
15.1328
34.74
37.5623
28.762
41.1384
21.8775
28.0002
10.4668
17.4648
77.9984
17.6052
157.675
45.9252
36.2876
30.555
18.7228
47.5081
16.8639
28.4192
67.5344
23.424
30.515
44.5091
14.8814
10.8963
33.1572
45.4858
52.5438
56.1223
19.1839
14.8928
16.0958
69.5124
35.1169
18.0999
23.3254
71.75
81.8784
17.9064
42.2984
31.063
25.7417
61.001
29.7378
29.7043
36.5839
26.6791
29.6159
71.2015
57.1714
64.4449
47.2469
16.0075
32.4593
29.7372
73.5047
20.4959
62.5435
55.2385
33.3253
23.1466
28.5889
27.9284
44.4078
90.8831
31.6984
97.866
221.913
31.3012
22.014
79.2306
25.4226
27.0078
33.419
26.1879
11.5038
60.3247
19.5579
12.5451
33.5948
43.9697
27.7769
39.2274
18.6931
20.8478
24.6536
18.1183
9.60459
22.8276
9.39149
33.3196
95.3261
43.5138
36.0754
41.0589
36.035
21.4498
20.421
34.9677
28.579
24.9888
26.1982
27.8635
23.2792
78.9787
16.79
15.0093
12.2083
27.7322
78.623
145.74
75.7164
28.9333
34.3267
49.6795
33.9169
41.987
49.8593
49.5487
30.077
66.1832
48.6551
28.6207
56.9117
31.5353
84.0039
19.2736
21.2983
55.5945
54.0558
53.8003
92.7067
28.9521
152.442
52.5348
50.3241
25.9131
47.7505
11.8653
77.2476
29.2904
37.3726
50.8076
32.9678
62.5239
147.872
27.1595
63.0208
82.4561
45.8883
37.997
44.6912
68.2991
25.4303
40.0684
11.2791
37.5559
22.5015
69.369
48.9337
20.8892
41.2514
83.5088
53.8466
26.4517
40.6545
37.7399
67.7776
58.4389
21.1213
24.0979
37.3176
32.329
51.7319
26.5189
17.1075
31.403
22.5722
35.2282
31.8613
29.2039
103.671
28.934
62.4918
21.0671
23.2396
43.2903
66.6243
59.6214
26.6241
21.0876
70.4657
80.814
50.9191
35.784
30.2928
17.8711
30.8322
134.173
28.1353
66.2747
28.2363
40.8062
34.9815
41.0185
45.6141
11.8341
31.7242
49.2675
58.4337
32.1753
49.4972
24.1463
22.1058
54.6904
20.6189
44.98
25.9488
42.1462
42.3573
13.2711
21.0945
20.9212
42.3942
32.4497
46.0251
59.1739
61.7503
39.064
52.3549
24.3525
89.5946
9.65007
15.3984
27.5791
89.2937
28.3181
58.5158
23.8662
21.8616
31.7519
19.2491
7.62412
80.0619
52.9532
35.477
24.6532
16.2274
49.6187
64.8231
31.093
45.1746
77.8449
31.8827
28.6688
50.7171
20.3229
43.762
21.18
42.7321
48.4761
88.0816
38.9121
59.8395
69.4343
28.2161
64.532
16.0414
18.4462
55.4154
30.3901
15.4825
31.0411
16.974
54.1118
65.2389
47.5185
68.6723
43.4753
59.3053
70.1353
105.075
35.4638
49.6397
35.8426
19.8521
21.1338
61.6816
14.9933
38.9182
32.9196
46.8422
91.3698
17.497
16.0663
91.4857
24.7215
22.3827
65.0666
35.2405
17.5098
85.0809
70.7595
59.2778
31.3398
50.345
77.3057
43.6237
22.5463
76.792
26.8132
56.5881
25.7448
42.8706
31.7686
70.6717
122.604
20.3964
42.9209
39.4931
50.1744
35.7169
51.3921
27.3889
28.8033
46.9659
31.5544
25.7734
113.696
57.1646
80.1254
169.005
32.0974
20.8639
10.2868
31.3563
34.5019
25.2749
50.7846
31.4461
20.2528
96.6672
11.5358
123.865
70.788
37.1368
15.8565
39.7944
46.4431
36.2367
44.2187
15.9386
82.6541
27.7698
24.6823
31.3282
39.0947
29.7984
37.4786
59.9235
65.9506
61.6892
69.3511
14.6904
28.5361
36.4275
32.918
19.4479
40.4857
29.3598
19.3087
38.7568
21.3315
10.755
119.799
73.795
28.8663
37.9026
74.0176
51.5873
58.6829
70.7918
28.17
32.5997
27.153
28.3933
14.3296
65.1666
28.4858
13.7401
24.7399
31.2584
26.7595
26.7253
46.6891
59.2058
44.067
21.0616
24.5592
114.504
63.3897
19.9615
13.1808
33.5289
15.8106
11.7255
26.5092
24.1728
39.8516
29.4704
59.9468
23.8518
31.7149
54.4409
67.6482
31.1683
41.1612
42.9244
50.6849
77.8203
49.7687
77.5583
19.3235
104.765
12.1443
54.0119
35.1654
18.6428
11.1731
14.6104
20.2692
17.1354
20.6218
48.4483
69.4128
87.2736
40.8766
20.8731
71.8148
21.3067
24.561
20.7738
27.8349
44.3217
95.5828
82.4831
33.2858
63.2678
34.6041
16.3275
55.0493
35.3066
40.9699
50.4919
39.1244
25.8755
38.2295
18.3527
18.368
33.5876
47.3148
27.0381
60.1585
51.427
42.7814
21.6667
33.9639
28.0487
27.9039
22.9356
27.5554
46.7417
33.8689
47.3281
13.9596
20.396
16.426
28.0412
27.2586
28.3696
100.268
67.7828
18.682
159.42
76.6414
85.4698
30.7106
36.0673
31.2772
68.8192
58.5034
15.1683
43.9888
33.0439
49.9073
55.3698
29.8314
19.2375
25.5466
45.16
48.724
38.692
22.4316
43.4974
101.587
13.2459
44.3612
36.8828
81.67
48.3485
40.4181
48.1353
44.6345
44.8234
62.3635
34.9664
41.2079
43.5864
38.0582
36.6702
46.5473
35.6493
41.4627
45.6519
77.7406
13.0299
45.7618
63.719
26.847
64.7633
14.9949
17.8143
25.3603
51.5125
99.4316
46.4183
108.722
40.7574
39.2521
20.3558
28.3018
41.6055
38.1226
16.4933
30.8248
33.9651
19.9516
103.765
61.6857
40.9922
45.2145
54.0675
22.0759
46.3264
75.3191
54.2524
55.8488
15.9772
35.6331
13.9781
31.9081
34.0797
80.3791
26.8131
80.3216
19.7666
22.3581
13.9359
83.8287
35.515
10.0976
22.6347
23.4602
18.7323
12.2085
41.0674
32.3119
120.031
66.5897
20.1057
52.2166
36.6076
26.185
50.9256
28.5214
36.347
33.7053
20.064
89.5606
16.6197
42.5214
35.6857
157.587
28.9985
49.4994
19.1048
84.5863
35.2323
44.42
60.075
20.86
44.4776
15.7478
11.9035
53.6394
80.9611
23.0072
22.6963
25.1023
37.4593
8.07486
27.2144
49.434
30.2882
17.0855
53.8569
43.4723
21.2783
44.1016
10.3406
18.5094
81.53
27.7138
79.4406
14.4411
70.0977
67.9086
31.6602
40.9251
45.0462
31.5839
50.256
51.3308
28.3737
37.7859
36.6111
28.7478
38.6867
24.0768
49.1263
71.3696
29.5621
31.1786
33.2948
27.3152
45.7223
18.1804
23.2489
19.1694
43.0304
51.6225
33.1289
56.8467
37.3208
7.21678
26.0079
33.2461
21.1056
38.6203
30.3438
24.7373
16.0467
17.6512
47.2153
36.9514
23.7235
73.5716
35.3024
23.1042
35.8637
69.1406
18.9973
39.3894
89.9454
19.3871
43.0542
29.6674
25.7668
43.3274
18.2329
34.959
33.6698
15.7088
39.7864
51.4909
54.1063
63.1542
19.0224
23.6183
103.209
37.7025
16.0241
54.7059
84.3378
63.3215
25.7368
33.92
42.1692
12.1766
31.9324
15.3797
40.5945
45.179
42.4508
77.2364
32.3167
12.2492
13.3112
44.6629
156.228
23.2951
57.8907
22.8707
24.4704
52.6212
48.3955
21.9964
30.448
16.2091
55.465
49.1628
37.8423
77.5741
15.0816
73.7199
16.997
47.2853
21.7977
35.9408
143.363
19.2917
43.8761
35.5775
75.0024
18.539
25.4023
13.4105
45.6369
71.6737
21.4494
24.5471
48.7596
31.7738
23.8351
21.0152
23.9879
90.5623
35.5644
36.5803
51.3063
42.6553
56.0502
58.541
83.6705
44.3049
42.1956
44.5122
65.0146
126.837
59.7945
16.9203
27.6503
95.1961
49.0959
23.2868
14.2467
29.9292
39.859
24.4157
37.767
33.359
19.4521
20.4888
55.5364
11.3233
85.484
35.6603
27.714
29.8698
32.903
16.0714
44.6709
30.2268
15.962
78.0878
20.3535
35.3627
42.9151
50.2107
89.3235
22.1877
30.6703
7.46882
53.8176
36.107
28.1483
27.036
30.2384
28.1241
20.2595
96.9132
15.6673
40.5939
34.662
44.0116
89.4813
141.538
12.4948
34.8073
36.1932
95.3895
24.8381
14.8566
59.3713
91.8673
28.0396
18.331
53.0885
36.2591
39.1066
32.6862
10.864
53.2926
10.1958
17.0389
59.9952
35.5261
90.1095
65.4126
31.2681
81.2595
29.9239
17.7658
54.1274
20.984
16.9002
88.4145
28.866
16.5327
26.7298
11.9865
31.1976
25.9075
16.4788
21.4213
36.9642
30.5059
20.2568
27.627
104.906
66.1707
46.473
19.455
33.2429
54.2907
31.6178
28.0753
39.2709
37.2514
30.1294
16.9891
23.6026
21.8753
20.8908
10.8425
56.7041
53.5624
61.0493
36.8986
23.833
22.0694
20.696
38.8109
16.8584
54.3875
27.4668
23.9253
50.3449
64.6865
18.1151
15.384
13.5076
41.2742
72.2242
27.395
21.9894
135.103
64.4366
40.5582
33.4319
87.764
24.4442
34.0427
43.0964
41.4654
33.3448
19.353
23.7651
53.665
20.2946
14.3876
10.9418
67.0131
17.0014
57.8903
17.3536
19.5951
54.037
84.1655
30.2218
44.8407
13.0278
55.5454
22.6592
44.7012
36.4978
19.214
22.3947
31.2308
42.153
42.2804
33.2889
22.3957
25.1447
29.0684
38.7595
93.8589
29.8588
22.7356
30.6217
24.9506
83.8673
33.9121
29.3645
56.1724
37.0209
73.9572
23.471
26.8402
22.5568
71.1151
98.4275
15.7135
43.1256
48.3295
23.3057
39.8146
58.4264
49.3773
16.3891
39.9282
32.5012
15.375
28.4238
35.3765
56.3377
12.841
68.3214
34.3472
21.6739
53.1904
23.4378
32.4586
28.7965
15.0049
30.7602
87.2366
28.1383
9.7762
81.6893
106.562
92.2096
63.183
34.3601
34.8348
73.6313
11.0068
18.8605
31.7407
46.5322
29.8948
52.8711
80.3651
55.6634
24.5152
38.7929
38.554
44.3766
36.8442
38.2941
109.027
64.9586
28.3184
32.0207
30.4932
18.7512
47.264
31.6581
14.5102
42.0706
14.4067
39.4374
58.2329
37.1072
46.6069
60.3241
28.2829
28.5432
59.7501
77.8818
11.3775
54.9719
23.841
13.3797
94.5318
8.28873
31.2502
58.4136
26.2283
94.8934
161.336
28.0609
12.2123
31.2832
31.6442
56.1619
54.4287
11.0386
73.231
17.1138
73.1229
12.4111
23.9808
20.1734
26.0005
28.9215
74.519
25.0761
50.487
19.1094
116.582
15.5926
32.9173
54.2666
67.3686
32.3375
33.5458
78.4544
36.8303
25.8776
24.2543
22.0802
20.9704
11.3957
42.2806
36.2688
43.6559
63.0888
14.5079
15.6242
22.2939
37.7111
20.2786
41.3196
31.7612
30.221
18.3897
21.5631
97.6519
76.9701
17.5725
34.186
75.9259
22.2957
20.95
60.0284
52.4257
55.1795
24.4655
32.2624
55.5172
84.3643
19.127
25.6633
35.7844
25.0618
60.5516
58.5532
27.3693
6.56924
42.3487
83.8147
43.4648
75.6072
25.3501
15.8735
11.344
101.479
21.5295
42.0494
37.7396
51.1958
40.0073
45.8011
18.6528
26.0691
36.1544
23.983
48.4524
22.8645
22.7422
31.2846
37.1622
37.4239
10.8227
69.1541
53.7844
17.0774
24.3798
34.3859
66.9713
38.5507
20.9259
82.8513
21.8943
97.3724
16.2637
23.0141
57.6515
26.2002
100.772
26.8025
12.5467
31.856
46.1657
42.0926
31.2405
34.2403
31.5871
173.108
12.5834
47.3557
13.0985
91.8418
38.8765
46.358
34.9757
67.6516
54.5083
31.7729
41.8865
14.7888
30.6961
37.8284
20.1128
39.7974
37.6092
15.2947
31.516
33.3927
17.5105
46.3948
14.0977
51.1326
83.2569
40.0563
19.4289
21.281
40.5778
26.7701
29.1679
17.9398
18.2768
17.7671
65.3352
14.9071
46.3396
14.0294
29.3505
24.0938
13.7726
32.056
32.4109
27.5975
47.3547
24.7857
49.6235
23.6319
27.2874
68.4909
21.1913
125.129
30.5802
38.1585
22.4686
22.196
11.0913
20.685
26.6765
11.3064
13.6139
34.1502
19.0087
11.5548
68.9155
29.3835
23.3503
14.8345
35.5544
17.9334
19.2255
20.9706
26.273
17.8453
71.7827
52.592
84.9322
50.3325
57.8572
30.4525
9.89764
81.0214
15.8277
31.7571
63.8704
27.9817
38.258
24.9876
29.4028
50.6859
33.2252
13.5359
92.1226
42.8693
30.6573
18.8303
30.7377
30.2751
16.3632
29.7245
14.1561
34.9261
75.1696
45.0195
36.7977
29.0874
46.2594
65.23
52.0819
28.2407
14.4126
42.4052
40.8543
77.5835
20.8958
42.6043
37.1853
47.8904
28.256
28.046
144.018
29.6066
26.2979
35.6381
24.999
111.068
40.3221
13.9608
24.4481
43.5049
21.5928
45.0546
38.4175
15.6376
66.3044
57.4736
137.151
104.471
100.193
88.3449
68.1783
48.1961
95.9942
25.5479
54.0859
41.6547
18.2757
53.7469
19.212
32.9602
30.1033
26.5229
104.433
80.9778
18.1752
27.2318
29.964
155.344
35.2994
42.9914
99.3073
35.5535
23.0712
30.8075
33.9175
37.1732
11.1065
46.4188
33.9341
45.8821
14.1149
38.1792
49.0731
19.404
49.5919
81.6251
38.6007
26.6395
23.2038
27.4389
98.3171
16.4217
39.837
23.4747
29.8758
24.3806
58.4191
42.0338
8.39642
30.3461
48.2189
16.214
29.7689
12.8543
30.9993
61.4095
18.0163
36.4612
30.4576
42.7447
15.6142
41.9387
34.857
28.0177
11.2858
67.1116
30.0941
64.1225
39.1756
41.1989
34.5752
64.1427
163.715
13.8651
33.0708
24.5376
30.2213
21.8883
11.7634
60.543
47.9514
8.0848
50.9533
103.57
87.2935
17.966
15.0884
19.6491
29.7013
35.4404
62.3552
46.9141
49.1934
39.2786
32.5033
38.7936
22.8063
42.64
25.5969
31.0727
47.0272
13.3602
46.3361
18.2288
72.5454
88.6114
34.1189
20.0786
27.5456
40.6169
30.7572
12.5669
27.8616
31.3723
25.822
26.6696
38.3857
61.5237
29.6869
49.4376
27.8311
28.9349
26.0083
23.016
40.1095
45.8747
61.112
87.0455
21.7957
51.0546
25.1506
32.5425
21.151
30.7449
7.43917
123.609
39.8507
10.9532
21.8318
20.3602
11.2148
11.2392
56.3355
97.0886
49.6122
75.7684
43.7586
33.5996
78.0497
39.4334
39.7006
23.3685
42.6788
40.2884
59.7461
45.8532
60.934
37.7659
68.6175
26.4047
45.3996
39.6389
35.2229
59.5116
44.6376
53.8975
30.8073
44.2965
70.0737
38.9831
17.5415
25.0567
21.315
59.4203
116.027
28.7907
27.8977
17.2442
20.7957
42.2808
18.0817
130.546
62.7498
27.8764
48.0041
23.6078
31.9376
60.689
22.7561
31.4749
27.8854
76.2923
23.1388
24.5203
36.2037
17.6925
50.5562
31.4851
18.3266
105.176
41.2755
83.0159
78.7236
22.4148
104.243
52.3664
48.2784
18.0641
20.9346
70.1755
30.5817
30.9241
21.2447
47.2877
18.9536
93.73
53.7651
19.9525
77.1123
24.7067
25.9766
80.7948
23.0465
68.8839
34.8562
51.978
27.9854
44.1886
85.9857
61.1483
35.6988
34.4098
56.0736
17.1216
21.422
66.7944
83.0283
103.696
40.8291
55.2895
36.2807
23.5258
112.858
106.045
45.3189
20.7668
141.836
46.5222
33.3613
91.1232
23.7952
65.5651
46.2167
55.1323
28.2154
7.6787
59.205
40.0162
28.2871
27.34
29.8108
12.65
30.7817
56.7529
30.4973
42.4749
55.666
49.6024
76.209
84.4713
21.3178
23.2026
33.6718
25.8147
33.6433
41.2122
14.5105
26.4864
66.7159
165.946
107.374
78.2671
24.4057
48.7336
136.145
29.7068
16.1921
56.7134
12.115
55.0478
99.039
38.5551
64.2619
41.4601
56.985
21.6135
9.3282
38.6468
14.1988
50.2013
42.1059
22.4083
20.6678
55.6713
37.5567
57.1432
40.992
22.3587
17.2181
45.4375
50.0906
47.9396
48.7922
31.7316
63.8797
31.0729
126.29
29.0343
33.3348
13.9825
36.9331
47.1091
80.8075
47.5039
48.1766
44.867
17.0671
37.9107
43.7034
23.2136
79.719
45.4981
39.6392
88.1543
27.0815
12.2835
19.9457
51.7919
35.0473
17.8746
131.498
27.5569
21.1454
55.0156
67.2218
48.2716
28.937
46.8712
42.0075
54.1996
92.0295
20.9949
19.4497
100.692
36.2181
92.015
88.1997
79.8726
34.525
19.0691
25.7093
24.5589
16.4369
31.8037
104.418
33.1476
15.8015
69.3458
20.5276
30.32
64.8575
37.8084
25.7575
45.4445
28.1615
18.1556
53.9775
20.1622
20.9838
21.6879
46.7388
25.3615
41.4559
50.102
16.195
24.8964
34.1975
82.7388
63.2835
11.2016
53.7026
34.7186
11.0377
33.2601
29.3464
15.1981
72.4886
20.1799
33.3273
42.6907
22.2259
34.4957
35.2866
52.2833
34.3691
35.5766
242.149
54.6106
15.1813
17.4426
23.4028
31.3963
36.5652
98.2273
22.1016
7.83632
37.832
73.7241
25.9125
20.0864
40.969
42.6276
19.8946
36.064
96.3629
8.57195
20.1774
38.6009
29.6028
53.4935
69.7577
44.3319
79.1244
32.9958
40.7785
39.1009
64.5053
18.5823
23.8866
39.3837
16.1985
27.9961
81.6175
60.4642
74.1866
18.1966
68.4181
27.85
13.1488
36.8924
56.6158
19.791
13.3889
66.3923
18.2608
61.2796
28.6053
18.5032
29.7563
36.6984
45.2917
48.4404
41.1363
10.1576
66.73
48.0467
72.8451
9.64759
23.9251
69.1105
16.3379
47.3567
22.5456
23.3278
43.0899
26.2189
72.3582
34.9714
23.0202
22.9964
40.6167
83.4966
29.6277
12.1598
27.0128
36.1118
55.1747
26.0029
47.5858
45.9821
73.1389
27.5264
28.9369
24.4475
37.1425
52.3758
58.3764
35.953
31.6321
124.383
76.7002
105.804
35.3267
84.6611
34.099
30.6279
33.6938
24.1987
21.0696
50.6121
58.9925
74.2524
28.5414
33.6198
58.9471
84.4839
15.3855
34.2621
45.0537
30.8431
27.8561
73.9613
40.7684
15.5386
24.1419
23.299
87.1035
66.3953
58.2094
20.9046
34.6153
22.5161
50.3141
22.1557
22.126
60.4878
16.3042
18.4009
34.4155
17.6763
77.1167
31.0086
90.5472
76.6822
29.9345
71.7284
19.6157
57.7069
26.6367
43.4325
57.8842
40.9866
20.1345
36.107
24.4727
27.2104
52.6611
51.6762
18.008
21.7093
40.6046
24.5263
59.1705
51.841
21.4408
15.5185
39.7704
30.9032
42.3904
69.4325
13.0805
21.174
33.9357
54.0046
39.6549
78.2206
42.5918
37.5191
20.1613
67.972
24.8027
29.8082
64.9392
46.5821
10.3966
43.1749
17.2256
25.9379
88.2174
38.5395
46.5184
67.1546
32.5699
20.9589
50.9455
18.5722
19.501
43.321
24.3223
28.0003
23.4983
17.5131
20.3381
57.0436
29.1709
26.2852
36.1033
42.9214
47.2536
56.3575
48.6368
25.5844
224.386
24.4058
17.3977
53.9996
65.1326
21.8446
67.0369
47.3843
33.7409
19.4386
22.0939
65.4569
30.7616
31.773
72.3979
24.1679
27.8137
56.4645
49.3581
37.5138
58.8377
54.3748
42.1171
36.5784
29.2
32.1321
38.7257
82.6011
31.1542
33.4338
33.4736
70.0947
71.6211
42.3559
29.4846
71.9635
67.5586
68.9211
20.4683
38.7838
19.616
43.777
65.3041
24.064
21.0819
84.1421
70.6313
65.0855
32.5531
31.7722
36.6724
34.5935
93.2374
42.0004
29.518
55.5282
42.2343
25.2106
59.5058
36.055
24.6127
9.60525
31.4049
39.9039
100.911
49.0219
60.2898
42.1003
25.341
32.5163
53.6525
27.4135
22.0756
22.519
39.2036
52.5594
22.0745
27.9241
33.5724
114.259
36.8806
22.486
33.4013
57.7911
38.0611
38.6482
44.4138
26.8038
24.309
31.0234
24.8432
17.8978
48.3633
38.1006
23.9892
74.035
44.8925
112.855
51.0424
68.8284
19.3353
20.3929
33.694
78.2441
29.4904
23.1442
46.7311
25.17
98.0251
25.2206
25.1806
48.4215
14.5372
20.4762
59.4891
66.586
23.3895
71.7518
53.4631
26.6084
42.768
32.5773
20.6936
17.901
16.1824