29.9237
40.231
20.1233
17.9226
58.5203
46.9544
41.6015
20.9512
79.1663
64.5559
32.4591
29.08
18.8681
22.3102
14.9233
20.2021
32.9776
75.2976
76.8005
43.4484
30.5119
88.6568
63.2484
39.2137
47.892
37.8376
28.5941
40.0533
54.9314
74.8703
32.3318
83.7464
51.5656
31.8856
25.4553
92.8278
50.891
37.4955
67.5538
51.594
20.0978
54.0259
23.4256
59.3138
31.8926
38.8429
61.7545
139.599
12.0578
53.5281
23.9516
27.6399
39.939
42.7511
57.501
23.2927
130.623
58.0276
60.2353
34.3067
67.4308
100.043
12.8707
49.0905
12.0894
24.5799
81.7489
43.2686
69.2787
10.6841
21.3194
33.7699
122.563
112.375
65.5921
35.7547
31.4847
105.51
199.149
35.9539
29.9956
26.5734
58.6677
61.3133
113.577
31.6957
17.3354
13.6594
55.4654
51.7973
134.973
34.2616
27.0329
34.9673
36.2341
78.6824
20.7507
144.565
42.4315
32.399
44.1553
70.2331
31.8591
29.7083
40.6104
45.8739
27.6264
153.914
149.507
13.4202
13.9818
35.4662
33.6283
61.0826
46.9794
114.139
35.3526
82.2004
18.9103
25.7266
63.9132
51.694
29.4177
31.7173
54.8399
79.2991
29.4963
122.405
15.0568
36.6744
21.1007
49.0479
132.802
69.3653
28.34
23.0181
37.2908
14.5915
93.3167
61.4143
33.9306
50.258
48.1018
15.2507
43.6215
28.3594
33.1952
80.7165
85.3825
21.2275
142.233
114.158
21.7998
32.603
14.789
118.051
19.7867
26.7939
32.0025
44.1913
66.4978
62.2494
46.4285
27.4159
76.4742
43.5658
106.406
45.5301
75.8868
26.0311
16.5133
42.0606
50.7092
20.6587
18.9328
37.1969
49.2289
90.3472
43.3761
17.5056
20.0647
13.6241
42.6944
73.9817
55.1716
74.9053
25.467
124.293
56.5592
62.0197
89.2051
84.4277
65.2214
22.7522
103.541
63.6852
37.2697
34.506
35.3978
12.8676
80.6915
63.6835
35.9113
85.4564
38.9339
38.6763
54.0584
73.4629
27.9828
72.8599
18.6258
57.7657
54.5724
24.711
69.6468
24.2538
35.6812
21.8539
91.2876
102.391
56.9323
70.6693
58.0663
16.7095
35.491
95.5848
102.124
33.6156
85.7976
96.127
142.639
118.108
61.374
98.2606
29.0765
28.938
78.3721
32.3859
86.0059
44.2713
65.3037
40.0979
73.1225
76.8224
99.4902
17.3889
32.5636
39.7956
34.1507
74.3554
47.9717
52.4307
73.9754
30.0672
75.1623
109.368
20.5889
54.2628
21.4891
6.49086
50.6872
63.621
17.2272
28.15
29.0655
118.312
21.6847
143.249
49.4755
33.5572
27.9046
22.8347
23.3595
19.5969
32.0761
39.1153
13.8965
31.0883
37.8507
53.251
103.278
45.9165
53.1333
109.164
21.8644
52.3754
49.2869
34.631
38.2192
24.148
30.4446
50.7756
23.2868
24.3499
55.3308
42.8737
32.3627
43.3174
42.0434
44.8725
47.9409
17.9416
43.4175
98.1706
31.2242
38.9463
29.4585
82.2179
56.5852
19.1963
37.3055
12.8399
106.606
97.6385
31.3193
42.2769
112.06
22.3168
54.8428
45.4115
47.3927
80.2177
59.708
42.6208
30.2704
56.7869
25.3125
88.2378
46.6644
110.054
34.8686
54.0442
38.0595
29.1491
62.5474
37.8069
21.0122
9.65385
25.8454
25.335
33.6542
99.8484
39.2972
21.4625
55.9046
107.847
106.393
21.8471
30.7462
25.0401
45.7575
42.6763
48.4342
34.8132
121.77
27.6082
137.28
19.6429
15.7122
42.0563
26.8009
103.165
48.1922
13.7199
162.769
35.0797
30.9074
61.2685
25.536
118.858
70.9472
41.1311
27.8157
22.7617
7.10072
62.2617
53.9994
30.7877
82.1838
33.6079
38.4045
38.9924
37.4693
34.0312
44.1358
157.628
46.2012
21.2781
127.714
25.7984
33.163
86.4551
21.7019
13.8405
170.104
58.7586
29.7366
83.0192
16.7105
66.0601
11.1362
66.7624
27.7742
74.2393
53.9565
300.143
39.6718
298.611
30.1122
35.4776
13.7346
36.7427
46.4109
104.077
42.9596
15.8394
86.9721
52.0167
37.1286
113.081
15.4267
63.3406
17.2342
120.782
58.7886
33.8027
24.6229
62.074
19.0455
81.1755
78.496
58.593
77.9775
16.5913
29.3453
161.953
40.9686
115.811
114.811
21.4212
30.0496
38.4151
47.6176
157.776
62.6116
91.9001
154.289
23.4882
79.2568
48.1033
53.3979
29.6303
32.9972
56.8887
44.3809
55.4297
52.8823
48.9111
53.7108
210.793
39.7556
75.5268
37.3637
19.2169
9.23142
40.1248
185.545
11.1317
37.0755
33.7577
69.1526
98.109
13.0475
61.505
20.2883
49.0805
20.3987
17.4617
32.0401
21.4308
8.20377
19.4236
42.649
30.0104
24.1534
49.76
41.9684
62.9036
27.3126
17.8753
65.7928
17.9869
50.1407
49.7367
18.6994
16.3084
44.5343
57.4884
29.5883
30.925
84.0876
75.4599
99.8977
44.2852
75.618
64.8357
48.7304
24.6655
94.4416
88.6416
57.188
21.3381
29.5179
72.6847
96.0891
45.6554
37.58
57.0775
58.0488
21.3437
19.7541
32.6014
81.3679
50.2205
112.145
25.9217
18.1656
81.3152
20.7271
91.8709
69.6645
13.0849
16.4202
31.5277
64.4719
34.4129
82.3759
62.2129
19.5805
34.7506
17.6883
102.041
92.669
71.7305
38.4766
36.5923
18.8621
44.6283
49.2543
103.902
74.3162
30.5734
50.402
29.547
27.6042
59.9481
61.6832
35.0996
71.0226
24.0242
31.865
60.4603
72.3304
67.5831
25.306
42.0302
65.3913
59.4831
104.267
39.4523
36.2068
29.3092
23.2563
46.7807
84.0763
52.9505
22.6442
30.2038
27.3831
56.0258
39.3471
30.0558
90.2019
352.725
35.4517
41.8879
34.8285
51.0401
88.6304
22.6825
81.5365
67.6159
26.1938
22.5288
37.5787
53.0948
42.696
71.9268
57.182
34.5944
49.1604
41.7948
105.096
64.4925
66.6073
15.5657
86.8508
92.594
39.741
53.2672
64.7725
150.859
27.1248
20.3971
27.1986
38.8851
20.6755
16.1672
87.8274
55.5926
37.5324
22.31
51.0831
44.6958
77.095
26.4641
31.9875
21.8571
65.9394
101.758
21.0847
74.3613
61.5103
21.1747
70.1405
42.079
38.3235
31.7414
75.0799
33.4369
54.1592
62.6161
147.176
19.7814
97.4973
196.178
39.0472
59.8629
152.943
93.735
23.0065
45.0565
97.8664
55.4595
78.6084
115.464
34.9931
33.4847
62.8117
35.0423
50.892
81.965
47.2126
19.1362
49.2823
63.2046
66.1137
16.6241
14.2963
54.8022
103.493
106.405
134.324
13.0792
106.239
56.7033
98.0222
56.8978
22.7625
75.0684
147.115
60.7752
41.1156
76.2552
11.2775
32.1186
119.542
28.9496
16.6914
27.7714
176.914
44.449
38.6383
25.2108
40.5782
58.7788
52.0063
69.3056
90.619
50.7569
14.8942
27.056
68.5824
63.7508
32.5812
281.375
72.9533
60.423
17.7511
15.7271
91.9997
52.2685
69.6971
39.9023
60.8849
51.2402
31.737
83.5263
53.0152
27.8649
19.9024
17.4618
43.7455
67.8183
60.5431
27.5803
67.2412
60.417
28.3187
48.1586
38.1228
65.9696
31.7823
140.396
21.3156
24.252
13.4669
57.6162
52.9566
24.4959
45.3016
24.9474
26.8156
54.0123
25.612
31.1351
33.8844
22.1427
46.216
15.3512
32.2307
20.1804
32.8976
55.3358
90.4561
38.6192
24.5032
47.8169
42.9312
40.5254
77.6356
24.0749
74.203
43.5099
48.2017
47.6772
101.798
11.5406
45.3352
72.285
12.4802
32.7043
42.4884
116.15
122.55
56.4196
46.7391
105.523
123.068
58.2151
34.6417
51.195
28.6781
89.0436
65.5442
104.567
26.5295
25.9847
35.0481
21.5739
20.9407
73.1631
71.153
38.4646
36.0946
33.6123
53.9764
62.9674
114.898
26.7306
20.9291
25.6027
11.64
28.2113
63.1762
18.6768
34.2804
66.7773
148.722
40.4313
44.788
139.918
41.7385
102.121
56.1426
49.4481
56.441
12.2612
24.8207
46.7052
15.3202
8.35361
39.8989
47.4287
17.1425
92.9912
44.2995
107.031
68.7162
46.9084
110.88
60.3871
12.1102
84.36
20.2611
77.6076
75.3536
21.028
11.1276
32.2059
44.098
46.9033
16.4773
89.1752
32.5951
167.736
171.444
80.1301
17.6609
62.8969
132.153
28.6745
82.4718
28.5586
29.3353
55.191
38.8045
44.4732
33.8101
77.0717
38.4178
76.0572
29.9936
41.638
64.7118
52.6245
48.8725
47.1618
38.2081
56.8275
62.1882
47.8765
43.2242
28.8955
91.4752
34.0505
37.9036
42.1502
250.384
14.2438
21.0483
25.9559
39.1484
84.1026
43.5985
136.174
32.1168
99.382
43.0838
30.069
113.364
25.3678
67.2557
86.0215
18.993
70.7982
249.753
55.4074
110.284
15.1088
28.3164
49.6147
75.4436
45.194
105.23
77.626
62.7532
28.1698
61.5515
36.5804
34.6045
54.6238
27.5158
20.333
15.1812
23.0151
52.121
55.5302
52.8478
22.7149
17.0635
34.5083
36.3223
83.302
26.246
29.2739
44.2352
11.752
62.3151
77.2797
40.0711
61.7602
19.3593
23.1206
49.1449
35.8332
98.2226
38.7314
64.9634
27.838
71.7074
99.9459
27.9523
42.6364
12.6507
41.9133
51.1558
29.9378
31.1813
33.1461
47.5228
145.212
35.1315
23.5281
20.7519
63.6552
49.1947
33.3199
33.2549
18.0742
22.3317
12.5916
29.8204
32.8052
50.9405
10.3324
8.87629
193.871
14.127
92.6747
38.8318
59.3191
160.201
59.5994
16.0607
29.4467
44.8779
59.8025
20.1526
16.2765
48.0515
59.9154
36.1717
27.1087
25.7746
54.5653
24.3647
44.8281
36.7668
53.1621
96.0119
35.8798
196.602
140.369
21.1758
79.4186
33.6409
61.6811
108.209
27.8908
37.6023
18.5655
58.5642
101.102
56.2505
20.3261
49.7397
130.542
17.761
52.9008
16.5565
24.6015
88.5071
19.6797
17.7754
70.3521
29.0287
47.3408
43.0889
51.5694
170.414
42.0533
38.1826
35.2408
27.0478
63.8505
56.2007
12.9267
38.5756
42.5321
327.168
15.2343
134.033
198.341
33.1634
29.6267
30.8069
31.9872
25.7024
35.4089
50.6208
57.8667
19.6296
78.3431
62.9861
78.8999
54.785
17.3894
51.4586
25.9387
51.1459
75.9435
21.0331
71.3477
23.4355
89.6745
22.7506
40.7787
21.1429
42.5767
34.2219
42.8213
56.6474
57.7064
27.3133
41.2312
21.5229
80.1975
27.697
31.5258
58.7305
42.7017
47.0077
20.1648
47.0282
52.8457
41.0639
24.8595
77.249
30.2761
63.8924
13.3399
39.291
63.468
17.6131
60.2551
36.9626
22.6254
17.1881
32.155
42.267
13.6008
91.5119
130.932
71.701
14.7682
123.738
44.4912
54.4901
52.146
40.9537
57.143
59.3479
39.379
41.7506
19.4748
33.8863
29.2745
69.4056
50.7736
39.9864
36.2055
58.5555
69.1714
105.741
38.3322
51.1669
15.8758
59.7599
61.6349
41.636
113.422
26.7133
13.3218
25.0174
47.953
136.503
72.8493
96.1163
73.5664
109.276
48.6007
22.5819
37.0629
92.0103
121.174
131.326
119.097
42.2618
37.5248
18.3022
26.491
56.0706
36.1546
35.3865
19.3841
42.0289
47.3126
90.0396
39.3893
31.0637
74.5836
79.3814
110.153
47.9522
139.344
50.2487
21.3066
23.6997
41.1137
29.4019
32.1679
146.677
19.8485
56.758
71.5892
23.2033
21.3522
183.01
89.6721
44.9357
34.7035
23.0801
61.4603
63.0376
13.4653
66.1569
149.102
68.6687
87.7607
34.2989
20.9754
129.751
79.5476
54.5122
19.0237
23.5452
55.9771
113.928
26.1392
73.6078
16.0979
32.1297
89.9382
19.3471
37.1733
44.8663
28.6077
12.3555
24.0004
23.8262
31.4252
34.2075
56.9349
295.151
9.41976
22.0309
92.5339
55.5497
19.8511
42.3542
94.7017
25.3276
21.0905
48.0778
70.991
43.2952
17.3393
78.0924
46.4583
37.1201
67.2691
61.5939
94.1421
73.1553
16.3148
53.4089
31.15
90.5327
64.9427
18.6549
21.7277
75.1548
26.354
26.0046
11.9687
43.9049
27.4042
18.5567
48.3499
23.2785
72.2288
26.0397
24.5913
23.9934
45.3129
17.2949
95.5813
139.291
17.1974
22.1169
26.7551
28.3037
88.4479
21.5342
13.6108
109.317
31.6952
20.638
111.921
54.0919
18.1717
74.1522
27.1544
35.7141
27.6818
74.0824
32.4225
36.1061
28.22
85.2041
51.1
50.3659
58.3728
58.6505
53.4589
63.6693
22.0427
84.4584
47.1218
27.9599
69.3404
19.4859
109.127
17.7585
111.928
41.0653
27.5279
68.5305
47.3799
52.3652
57.3383
66.0984
22.8561
31.0721
58.7734
22.4954
35.1876
34.119
50.7255
50.6004
50.9668
47.1325
40.5833
18.6588
28.1445
25.8277
73.2758
66.024
36.4991
112.403
89.413
11.6152
13.5351
28.6572
18.9517
23.4549
13.0193
37.527
68.1077
13.9645
47.5371
24.2687
75.1853
42.5634
60.0206
30.4201
12.2531
70.3966
28.7043
50.6001
45.0992
38.6881
54.5401
34.3393
21.5916
140.116
84.5268
101.228
11.4421
36.0204
52.806
48.4917
28.0268
28.5131
61.1239
67.2695
128.81
72.0167
22.8468
18.4123
24.433
86.4087
27.3302
37.4347
28.7335
30.7175
40.0986
47.0303
19.9607
12.2901
29.0853
36.5535
65.4092
89.4234
45.5289
80.6933
43.5112
25.6129
52.8228
151.888
9.73697
28.0315
64.7754
36.4438
24.0547
66.5599
10.0934
27.6844
18.1176
49.6747
53.0896
21.4349
57.7592
46.5521
114.437
101.121
101.01
46.9556
27.759
34.0067
28.5714
29.5642
58.9081
46.9977
44.0384
34.7168
35.4066
43.7287
74.4104
95.5469
10.9843
93.0726
53.0647
41.5564
52.1874
40.1517
35.7711
83.8707
92.5464
73.0897
31.2403
23.7366
47.1941
36.8537
102.846
22.1724
21.9324
25.4089
30.5097
73.8905
12.356
19.9895
234.085
35.6784
44.2368
107.837
53.0432
43.0161
19.1981
71.8969
31.2409
95.0517
56.1576
43.9939
76.6293
32.5444
16.6306
69.0371
42.9743
90.8263
38.9983
72.6067
134.664
104.355
29.7825
69.7109
71.5455
33.1095
13.5881
12.8982
123.286
30.1823
66.6057
51.4249
44.7368
25.4523
32.5694
139.728
40.4034
99.173
52.5256
53.2887
29.0477
45.3162
24.7621
61.9905
15.6895
18.5693
165.354
64.5304
49.3202
16.7759
38.7391
99.7262
101.323
20.5429
66.8309
26.2394
27.3138
17.9002
47.9842
41.2395
48.6544
30.0275
27.2078
61.7446
157.567
80.9656
17.2715
28.2088
32.7317
73.1514
54.8553
29.5592
36.8452
35.9029
33.4674
45.2386
20.2048
57.1924
14.7128
94.7412
61.4546
46.6077
39.4237
46.8254
18.4264
68.6012
137.908
116.629
40.1291
28.6291
36.5694
16.7324
29.9835
42.1112
82.2317
40.6562
38.0826
20.463
10.9552
21.6467
29.8425
119.898
29.7267
89.7378
20.1206
32.3703
87.9126
40.6708
39.9704
107.31
31.4763
77.7724
23.6054
40.498
34.9755
21.6487
82.9753
116.739
61.5942
77.3599
61.5915
22.9483
103.719
84.3253
36.8264
50.1759
65.2922
106.903
8.12442
87.1099
25.0525
23.8988
59.6948
12.8235
28.1876
42.9063
41.0103
44.8306
193.849
11.0568
51.2153
113.788
82.6305
59.3496
35.6694
45.4633
16.6119
32.2158
54.8883
42.8056
97.4928
21.7719
47.1657
95.9508
47.0674
43.1646
54.1309
49.3407
50.4948
28.6378
62.0738
37.8765
109.238
28.8607
27.7759
21.9447
40.4875
46.9312
14.5084
54.3674
56.3814
46.9025
46.2754
27.8898
39.7063
111.63
29.0948
29.6779
14.4064
37.5254
47.9494
87.6232
35.0096
31.1029
99.4929
25.3098
10.6106
68.3331
143.308
35.0061
16.515
21.9718
26.3356
138.33
59.5186
14.9847
6.66453
57.6446
40.2567
117.987
24.7309
70.1001
61.7917
83.2579
71.8324
47.3128
68.1618
54.1525
65.1447
22.2302
37.1004
13.036
14.0142
76.1217
169.712
30.4589
34.5562
13.9555
36.1214
30.3287
19.9323
122.421
36.4964
42.2973
29.964
73.8278
18.1341
110.477
44.8777
17.0423
33.4537
21.693
15.0791
71.2146
54.0163
89.6716
78.8261
49.8361
137.577
67.2805
51.334
60.0694
78.7991
21.437
129.299
47.0965
38.1164
25.6445
76.6548
77.8241
15.8111
53.2097
108.698
72.0839
61.4585
35.1534
47.5309
40.7871
51.141
23.8029
102.28
32.3851
43.0207
81.721
25.1701
25.3544
122.686
26.7941
21.3259
43.0182
41.0689
37.8065
96.7879
44.8024
32.8167
25.6267
14.2014
26.5717
93.7044
16.1078
23.9984
74.0764
25.7485
35.4122
32.6735
60.346
33.2566
44.4921
35.0693
24.6921
107.355
45.5033
42.1054
6.34714
61.3687
12.8559
20.1757
36.6811
30.8577
21.9009
57.4503
27.5181
59.7319
55.8993
49.8821
49.7987
233.699
103.699
41.8759
58.2059
126.863
80.534
60.4842
67.5011
14.604
27.4994
54.8322
120.169
16.2846
50.1179
62.8427
108.808
108.846
74.2065
81.3225
50.8871
24.8642
63.5833
29.7036
34.0317
36.8991
44.0172
90.4139
28.7896
13.7278
34.6659
17.2519
24.4777
62.8166
28.3907
12.4279
66.644
11.8724
33.3417
31.9354
42.2878
45.4077
128.009
61.1446
71.1097
26.0722
30.3103
25.1962
34.7609
23.9672
57.8264
29.9323
83.1157
57.8335
29.1739
30.391
55.7173
66.6889
17.4077
43.1988
29.818
20.3539
64.0428
74.4559
55.7728
48.8166
58.1987
39.7793
105.138
17.7659
20.7616
32.1716
30.9047
15.3948
16.2739
47.9688
34.1106
22.0852
59.6994
19.5469
64.9592
30.4899
35.4406
15.8698
33.8528
42.4721
18.3406
33.6607
22.0004
83.8205
117.259
34.3439
152.521
66.407
42.0556
41.4182
137.099
15.9184
81.8373
72.811
27.7629
79.2977
72.9538
110.274
21.2917
41.6806
16.8344
29.4998
30.2406
12.7294
69.4712
54.1303
69.7009
37.9441
50.5761
12.4906
52.6272
23.5065
84.9214
66.0944
47.3459
37.0716
24.8639
68.1414
25.6953
24.8228
83.883
165.119
19.1041
48.3471
23.8652
35.7776
41.9898
54.4521
83.2744
13.3415
33.3266
34.9274
62.4319
52.3902
26.7325
14.7004
38.3453
106.586
53.5558
13.7691
42.8572
12.3068
76.4947
58.9047
70.7603
16.8096
53.9668
21.3734
19.9001
90.6884
138.493
24.4368
77.5618
45.04
94.8821
107.437
57.2183
103.784
30.2945
37.219
11.406
56.5685
72.3206
33.6171
53.1257
110.214
54.2377
42.9489
34.9761
12.3528
24.6207
84.2821
34.0727
13.8262
58.0911
79.209
77.4331
109.767
29.2161
171.308
92.2754
66.0555
79.0709
32.0972
40.9163
97.7656
86.503
51.1619
73.52
38.6047
19.849
47.7329
27.5965
14.4778
12.4956
18.5761
66.0746
35.6847
74.3584
37.9909
46.9244
25.2388
22.2995
24.8663
54.4956
19.6256
37.3734
72.5262
148.762
86.893
32.8439
32.756
96.1819
93.9031
14.3437
11.9995
37.3001
59.4507
148.002
11.784
21.0513
30.7132
49.6537
85.8299
56.5652
38.9569
72.5389
57.1058
94.5199
96.3374
30.2748
14.6522
111.816
33.7841
124.499
96.8564
17.4117
38.4378
20.5259
47.9317
41.8024
20.3943
39.7538
21.3178
34.5234
113.456
85.6568
21.9261
51.3639
30.9058
21.4749
30.9887
35.9812
48.1711
92.0714
7.94731
30.227
58.0686
69.082
24.6518
13.9297
66.6651
58.3904
14.573
24.5587
129.791
58.3809
71.3592
10.1574
34.6814
58.9341
30.6535
15.0667
108.158
27.8227
32.2154
55.7869
35.1496
77.1559
51.2263
24.8155
42.8397
87.4097
22.6821
32.7507
73.8307
68.0006
27.6304
31.7866
50.657
7.10236
29.4839
101.683
47.8609
73.9013
33.7709
35.9634
33.9499
23.3152
46.5947
149.248
14.7884
25.4013
29.0619
56.2545
76.0882
34.1808
20.6232
40.9916
171.013
14.1835
58.3232
49.24
39.7929
60.8425
53.6154
30.9868
152.724
53.3575
79.3906
110.786
46.5081
48.3532
13.2947
54.2337
77.2403
49.7308
30.272
15.0084
141.874
45.7175
43.0323
16.6122
44.6375
78.2385
47.8175
20.6406
19.7197
87.3813
26.4332
16.9585
73.4315
47.7366
68.8783
72.1997
37.8285
46.5676
47.626
47.3782
37.2254
54.4015
72.1779
26.9258
45.9969
9.18623
37.4338
19.0551
94.9742
40.9723
17.9096
60.9338
27.8512
27.4579
61.5768
25.7534
66.9061
53.4732
56.5483
10.1343
53.2668
94.4199
12.212
70.3747
83.1177
25.5987
38.0643
12.3157
90.1396
23.1072
15.9235
152.914
144.006
91.3456
15.9524
23.1006
40.465
37.6636
74.7633
35.7896
90.931
155.507
57.5109
33.3031
36.6948
30.7758
23.2897
25.8969
60.9628
92.7335
109.687
35.18
64.8643
30.078
84.2013
39.2134
33.0285
19.7131
101.191
117.388
30.0486
45.6768
22.1113
10.7945
30.0412
66.264
44.3058
65.9457
40.3972
77.765
44.9755
11.6066
43.1647
25.1701
127.564
17.8968
127.256
55.4279
33.8965
59.9265
59.204
51.1007
31.0725
20.2781
26.7806
106.658
26.1607
37.8396
59.276
78.0756
37.5369
56.3928
66.9494
39.4477
35.2659
25.5502
74.439
73.2725
133.775
59.3105
42.4918
17.4318
28.8427
36.2648
47.149
22.5627
33.346
29.013
94.4646
63.4875
34.293
37.405
107.746
40.2656
27.2722
58.9117
117.598
74.5713
29.3483
16.1604
30.1722
61.2266
33.8609
82.3191
30.3328
72.8598
30.0249
50.5789
35.8979
36.6659
96.92
46.463
104.078
56.0556
73.5643
25.6801
30.432
31.5571
59.8897
61.6577
21.8936
52.1274
50.239
18.1858
42.6712
35.8613
26.0377
18.7256
23.0873
59.4936
14.6986
33.2565
15.8464
25.3332
70.4891
38.4168
14.2199
88.3816
34.6479
136.655
22.6779
56.5391
37.4478
148.505
59.3193
71.4311
95.4851
64.3653
97.2636
31.6987
59.4104
72.1463
16.8284
81.6267
330.633
93.1357
25.7651
112.292
85.0655
41.936
40.8412
28.6677
57.6062
38.5623
47.3336
100.303
25.253
39.5163
63.8901
60.6017
49.2737
48.1148
166.042
23.8235
52.9063
27.8236
29.8269
32.446
42.6296
20.9171
44.977
54.9133
104.126
31.6056
55.5002
118.217
50.9936
44.3168
74.2156
48.853
123.627
15.7726
28.875
137.293
41.5182
148.449
28.5578
54.716
38.4859
17.9648
44.7536
82.9748
49.8892
24.963
32.0763
25.2513
58.9907
62.4372
46.5829
66.9677
41.7123
55.441
49.7509
43.0247
26.4265
17.1598
25.105
47.4294
30.2454
49.8837
42.3743
70.6869
46.6019
40.3489
109.919
34.7202
41.7883
25.649
102.47
18.7786
117.792
116.934
109.502
38.8731
103.653
20.7043
31.4352
33.1429
25.1126
18.3496
26.0484
18.7816
16.9003
49.3618
43.5338
35.6387
104.227
46.3413
67.0344
30.1626
108.601
66.9778
38.5348
26.0805
32.4151
25.1057
33.9004
212.64
48.1832
20.6555
85.9982
79.7318
33.773
33.2192
61.4221
35.4679
36.5579
16.4569
40.8251
72.2818
64.4905
47.9188
47.3524
55.9926
39.3332
78.1282
81.1837
14.492
39.0667
7.01503
25.1222
59.0602
81.3933
15.5949
18.6168
30.6417
67.4937
9.90706
29.4458
49.6909
29.4075
12.8819
60.1041
22.7902
96.8323
87.5635
42.8109
22.4561
33.3385
24.0947
57.7567
74.7061
64.837
175.474
20.361
54.8961
72.0209
40.2492
19.358
20.1245
23.7959
45.0501
12.2336
56.5884
158.347
28.0235
9.65516
46.7265
24.7881
33.6842
79.1982
76.8028
34.8074
70.7589
47.5945
52.857
17.7491
73.6603
20.576
47.9596
15.9877
38.4517
48.724
112.24
39.6381
55.701
16.1896
38.3479
55.1116
21.593
49.6057
70.7657
33.2898
32.1028
12.9607
33.7138
13.8939
12.0828
27.5877
55.0142
53.8923
106.971
34.6517
32.4025
51.569
28.2019
65.5717
24.4884
20.3617
25.3745
85.9323
43.5519
176.265
52.9732
50.4874
152.019
39.2409
72.1245
82.6431
18.7955
37.5725
36.2187
89.0803
52.4324
41.299
81.7071
29.2177
22.3074
97.54
32.1047
56.6082
114.179
37.7458
38.0382
139.353
55.7209
28.2911
83.0646
25.2444
69.413
57.0964
58.8082
22.963
42.5786
17.4881
29.9921
59.8513
14.657
43.3291
67.9854
44.7604
41.1357
145.987
147.288
28.7412
44.5455
47.9961
56.9958
45.1631
63.1427
30.5699
19.2575
48.4737
31.6578
29.4538
67.7108
77.4794
30.7666
30.7236
14.8682
46.2512
65.9777
93.4523
76.9581
39.2298
46.0327
22.4092
34.484
25.2703
35.535
34.5701
36.6539
42.5838
27.5185
112.207
16.99
29.7601
27.2377
33.0981
20.7456
21.1412
22.0317
172.653
33.537
16.86
78.2123
85.6125
103.377
73.4347
29.3578
39.5835
53.2105
54.3831
73.4519
25.8359
93.9687
94.5258
31.3645
109.486
98.0213
115.989
28.6851
55.4084
44.0057
77.3941
32.9101
223.495
21.8785
58.3006
63.2382
91.2562
46.433
41.6666
30.9443
45.998
99.3672
30.9771
51.0024
25.7624
35.932
16.7785
70.7741
47.5909
20.0024
18.7521
172.346
110.614
63.8306
85.0826
23.2313
27.0849
64.8922
143.329
33.0366
67.6275
9.04352
38.6261
111.588
45.7198
105.743
36.3793
28.0008
33.3391
22.1212
39.7992
27.4899
41.0576
36.8702
28.2077
42.0129
116.811
68.743
26.8855
98.3838
40.8495
36.2687
29.168
55.5921
17.367
49.2965
73.5133
16.4853
25.6472
23.6351
39.7743
15.1068
29.2519
72.4439
56.1087
58.0717
169.462
180.464
67.4192
28.6089
45.2378
73.1211
22.6891
45.3549
39.5253
27.3238
12.7085
191.309
48.6197
31.0356
35.2056
32.4852
96.6096
18.1448
47.9899
26.5504
69.7677
71.512
20.1507
45.5184
24.2993
72.4697
10.0461
69.0323
15.3647
39.2049
69.6532
48.8574
24.3358
12.0273
104.585
32.9832
40.8646
93.2563
22.6135
29.8253
118.489
74.4422
81.5452
43.504
17.6531
42.7747
24.9829
98.3798
95.9209
30.5749
27.9463
55.7287
55.168
20.8741
21.0277
41.4238
42.9499
34.6388
50.1774
44.7339
82.0474
32.1191
49.0997
59.5977
43.8145
92.7932
162.375
11.3868
20.9693
125.127
73.5762
72.0923
135.561
65.0593
106.838
15.124
21.0937
77.2146
26.1158
21.2613
32.7639
20.8584
24.3935
60.9984
15.2295
50.2276
21.1413
36.3309
64.3922
52.7536
56.1528
16.1561
34.2305
46.4151
45.7681
65.8093
34.2885
80.3072
35.8397
73.9436
34.9655
34.5022
25.0644
149.068
26.7819
26.3551
23.1973
10.733
25.6911
37.19
42.1786
23.7483
25.8684
21.2277
75.297
16.8039
61.7115
22.7131
31.8209
48.1701
18.9753
41.6851
38.6175
24.3085
23.3765
79.8248
80.2702
71.7421
92.973
47.6422
33.3201
29.6388
33.7961
179.833
60.2598
56.0328
58.9601
48.2614
69.293
110
28.4219
23.9553
46.2613
56.8033
63.499
26.592
60.0663
37.3892
77.8497
38.3784
28.3939
35.8857
19.6278
62.0569
28.6146
27.7954
66.2137
25.4297
50.3516
82.5191
42.5782
29.0467
68.1295
27.6492
57.8028
61.2956
30.7162
107.915
19.5868
30.2936
75.3494
235.85
28.0501
128.281
33.1508
135.298
26.8055
68.5163
46.4829
107.298
20.2744
25.2115
11.8561
67.2648
29.9102
32.2125
25.6335
27.3511
52.2654
27.2764
25.9307
56.7678
88.3273
26.9625
23.1953
14.8179
39.7242
29.8538
23.4145
102.866
73.1065
46.897
35.1896
23.0326
28.7796
29.6334
117.528
47.8251
135.33
117.365
37.7424
36.6933
32.084
24.825
17.3831
53.908
28.4163
102.636
46.8007
29.1513
17.5992
50.0397
48.8654
81.7184
68.1648
124.604
19.2036
47.918
93.0893
13.2674
43.5688
25.0541
18.6841
32.9215
39.1774
33.3505
36.4615
17.1135
11.1424
59.6342
76.631
50.7823
78.371
61.2242
15.9773
21.179
29.2395
23.333
32.0561
77.4105
52.6207
76.5347
26.3933
26.399
55.8006
41.8128
51.9679
92.0282
33.2149
170.196
26.3702
86.0581
94.4391
100.539
105.155
65.1303
52.9557
34.8202
68.6293
30.6134
117.704
23.9175
19.4845
69.9681
100.667
11.3783
31.1233
27.6475
47.6544
21.1346
83.1185
113.051
86.2543
40.0601
20.39
76.9546
83.7928
48.7608
24.9111
43.0606
38.1944
89.4736
28.8583
21.5
72.9801
52.2852
41.9543
32.5679
33.8231
60.5528
87.6004
43.647
23.4911
91.6578
56.8312
16.5703
84.939
37.5514
65.1746
49.1292
29.1404
18.787
59.6781
62.9067
35.8648
16.2554
74.9726
48.8163
75.6822
58.1922
45.2401
22.7838
96.7788
29.5936
34.822
16.7464
57.5896
27.5486
40.134
32.1482
41.0041
46.8595
27.2132
49.4157
36.7107
33.6067
88.4674
16.8539
86.6502
24.875
16.3995
83.5219
70.465
66.9428
199.393
37.0619
52.7345
138.412
14.3182
82.1589
40.1412
30.4108
17.2482
28.5612
45.2662
55.1424
51.4502
63.1034
12.1366
38.5423
18.313
59.8077
42.2399
42.8677
33.1892
139.309
19.1425
22.397
62.9566
46.3961
24.4616
8.50374
52.5388
26.9841
12.7591
39.0767
85.6696
89.8787
22.022
105.929
27.5849
44.2845
39.803
21.9704
14.6771
21.3849
40.8133
40.386
27.8421
38.5382
98.762
52.289
21.5055
50.7419
43.9013
40.9508
28.0114
53.9475
35.7858
84.8657
57.0598
33.3012
212.352
19.9284
58.0513
19.4759
34.8336
31.2195
24.38
21.3536
25.4167
11.7725
14.5159
51.3795
46.1947
72.3915
18.9115
17.5346
94.8672
85.4254
73.5322
18.7934
53.6422
30.2304
40.6013
60.8251
42.6082
53.7695
25.1913
36.2716
96.2873
37.7883
18.1302
38.7114
238.012
54.8657
48.9253
19.6216
15.6378
19.0063
77.2926
29.2708
43.6757
44.0484
100.46
33.9662
10.7716
29.495
48.2985
52.2483
94.374
41.729
63.0777
37.7567
196.717
105.024
22.2215
35.5035
31.2275
23.5914
20.8058
24.9557
75.5798
71.4295
29.3517
12.1184
16.7512
26.2622
66.3516
37.3731
21.0464
36.5603
25.6936
27.8861
9.62845
27.5792
27.6522
9.10765
187.972
18.364
96.8821
53.4391
40.0554
26.7849
68.9753
34.0984
64.7117
6.95285
19.0563
42.8785
65.2887
22.5406
27.1677
15.817
16.8543
21.1349
16.0755
67.7696
19.562
48.3617
103.856
48.0415
63.4971
41.0268
14.7264
16.6054
27.6825
25.751
82.0206
142.111
46.4774
27.3797
99.6671
30.9887
47.9941
126.514
25.7094
10.8696
75.5948
71.0053
39.0946
25.565
64.2708
64.6951
30.2517
94.3886
58.0598
19.1653
26.2009
21.8171
45.5139
28.2107
38.0534
37.5793
66.0723
38.5558
34.7866
62.7818
27.5456
66.0055
61.6828
32.0919
62.1401
48.4376
60.9253
40.3389
27.0418
15.4773
56.629
20.8185
83.0278
19.8075
69.7981
28.4733
28.1008
149.958
33.6428
28.5452
63.1007
137.613
69.4221
147.228
68.5743
110.594
29.9362
52.6263
15.4694
22.6554
23.9954
43.7659
80.5337
87.0463
55.0178
18.3712
22.0603
34.4146
19.1941
42.7599
40.3945
57.8654
21.1619
80.9855
53.8891
83.5209
31.1876
13.1404
102.469
21.9676
31.0522
62.9916
26.3545
21.84
36.2338
75.0179
160.752
65.2956
76.4311
32.2755
61.2984
47.1053
17.2279
14.3696
14.9809
23.5662
76.9765
70.891
12.4169
92.4063
53.1456
73.8017
42.5073
44.6719
20.184
44.3895
54.1192
14.6689
114.786
26.2008
41.6288
46.4549
125.691
35.7233
68.0353
38.9269
36.8987
54.3924
95.1849
103.427
114.724
7.45333
72.0246
35.6672
22.853
131.113
31.8144
43.0751
15.727
12.627
132.313
94.7171
34.6099
52.3551
15.6073
34.8722
72.8524
138.197
30.8987
72.1402
47.7519
20.0283
32.6196
11.7377
93.8102
23.484
86.9662
60.879
29.6467
27.8969
11.0624
24.9926
16.7711
44.8588
32.0061
43.6077
57.3485
95.6983
109.545
30.9374
44.4512
76.478
16.5221
10.5776
49.5151
56.1278
136.538
61.9281
126.503
46.543
54.5352
20.6774
20.7881
32.4574
84.0059
21.0059
18.8938
66.362
21.7345
47.7771
42.4997
121.011
32.4423
43.001
31.4537
60.6062
20.0349
39.3642
74.9581
59.7143
47.3614
86.0703
14.3495
39.6694
43.7163
108.707
76.7461
125.652
28.0719
77.7287
7.42909
75.8336
27.9093
67.7264
56.2316
50.0158
97.4479
31.6847
26.3102
52.8595
49.2494
99.5868
31.9957
18.9108
73.3015
23.1465
21.4801
43.6761
58.9922
22.0895
35.152
80.9892
69.8941
23.776
14.5408
115.288
43.9781
68.8141
50.794
35.3688
21.3419
12.0388
22.5284
80.7841
134.28
54.2357
21.9843
21.1474
36.0755
86.7416
15.8743
42.6044
14.8823
25.3226
24.7862
29.0785
39.4722
30.4351
54.438
34.3532
51.6843
29.2787
76.4491
13.7216
20.7061
40.7059
27.1457
17.1616
53.7291
26.6308
61.8097
13.8433
73.98
25.3815
33.4245
15.7972
43.1096
24.6315
15.5778
27.8617
41.0497
20.765
86.6133
24.9504
17.321
14.1491
97.2252
78.8854
35.5301
16.0055
29.2867
19.3777
59.925
28.132
85.9327
40.0345
93.4968
35.9774
72.7946
51.4135
69.2514
67.6209
68.6231
64.3434
67.966
14.1534
57.5373
31.447
16.4637
14.4249
38.0929
60.6244
54.9839
38.6963
19.6558
57.4274
39.9052
19.3185
24.7877
91.4751
44.9779
24.6453
109.269
17.1829
54.8976
33.755
24.0613
35.1304
29.9224
18.7527
61.2652
26.4104
31.5743
31.9852
30.3965
71.6181
111.406
42.5505
71.6212
46.2508
14.8463
50.2244
66.4008
46.953
82.3521
22.4954
46.4858
39.0741
56.3962
36.0649
57.1333
87.7629
52.3867
105.652
70.5647
18.0656
99.4502
58.7858
89.3642
44.3155
52.1513
42.401
40.9633
23.8567
51.892
10.1373
62.5285
82.927
51.0914
46.9351
41.4157
15.3883
24.3393
120.849
14.2403
30.0742
21.3434
35.5482
21.442
92.6863
19.0755
44.2978
24.1335
18.6707
21.0547
41.5571
39.1431
132.58
36.1867
128.045
64.9967
20.9797
41.7529
32.0648
56.8113
20.7841
28.3925
31.4656
13.8872
67.0721
38.0264
21.3252
34.7921
40.171
75.2159
21.1171
59.1231
61.9355
49.0929
42.5752
51.2682
79.797
35.4827
76.3817
95.6009
38.9056
44.6266
33.5377
57.4038
111.003
55.6106
81.1748
126.832
59.7384
19.1333
30.4299
20.574
74.931
72.0685
23.1078
26.3617
24.8223
20.5474
25.2177
48.8453
42.4302
87.657
156.929
37.6728
65.022
76.3579
46.0059
43.8288
20.6933
106.077
31.3666
67.7012
32.3879
47.1455
114.135
158.499
19.5252
29.4886
15.942
17.0318
77.9276
166.496
19.0106
88.4348
21.1388
25.4661
25.9169
23.7231
63.5971
25.1256
29.7591
22.6759
302.569
29.755
37.5908
51.9857
62.1879
18.4878
15.7363
17.603
50.4789
34.5105
19.2765
17.0459
13.3293
24.6859
20.9983
151.509
44.1588
79.6509
37.0694
55.0004
19.7742
25.5883
57.8984
52.9056
234.711
45.4809
69.3716
19.4855
65.9538
27.2286
48.5286
62.1597
7.38202
20.5067
9.62884
15.3989
24.0628
79.7629
121.316
23.2984
74.4191
91.4059
55.441
21.9788
42.2609
46.6994
37.4739
48.2728
39.7086
135.831
10.3078
25.9846
43.238
28.3973
20.3948
76.9265
30.7645
169.218
78.1337
129.722
11.0153
29.3044
67.121
35.3912
97.4301
15.9331
40.7379
18.7593
55.2108
93.457
31.9999
139.516
15.9524
16.4245
98.0679
46.4678
29.2126
17.209
47.7921
41.8121
29.7556
28.1414
16.2896
10.9002
47.7614
30.3862
80.7227
28.8974
30.6816
45.2691
78.4025
18.5059
21.8398
81.5986
54.3453
9.21917
27.4263
29.1766
51.258
19.1891
146.649
21.4202
14.9481
25.0373
144.097
20.197
45.6154
36.094
25.1933
33.4802
94.8314
43.4089
90.5896
41.4091
32.4128
45.8653
174.865
28.7586
151.254
94.5819
109.609
78.1146
21.0183
6.73153
32.3225
35.2438
24.2427
31.4648
127.209
32.9244
37.9418
28.6854
23.1398
178.566
55.9219
45.2673
16.1875
18.5024
99.4437
71.0139
31.7205
38.2789
19.1609
83.8441
16.2925
48.0602
41.2749
49.4467
6.76583
39.4679
62.8796
12.7183
39.7661
44.002
35.7868
115.574
66.7349
55.6483
17.0144
93.0194
139.971
48.3759
29.392
41.558
31.632
35.8499
49.2567
59.1079
62.2229
71.3394
89.3851
50.6976
20.2238
50.2206
13.664
12.9726
129.739
47.4097
51.5759
107.896
25.1446
100.792
71.6229
11.7279
82.599
16.7007
56.5246
20.4273
26.3415
21.6671
42.9581
25.4922
18.0727
105.168
50.9894
71.5302
112.977
89.9822
24.8908
35.9163
51.6779
19.6535
21.6245
32.1046
24.1572
32.0201
109.028
35.8299
9.96692
60.2888
92.6513
27.3653
64.4515
20.0656
41.2629
120.426
17.5595
33.6628
29.5107
60.4539
15.5171
16.0835
52.1704
28.6789
56.2758
30.4863
29.9802
85.3172
33.1948
112.087
12.8583
81.7473
14.8521
112.334
67.0539
46.4556
65.4194
28.5166
77.8595
16.2639
32.4565
45.3336
37.807
35.8569
95.3396
46.0701
13.1255
157.225
58.1877
36.7331
89.428
17.6781
92.0449
29.7636
84.8881
32.9194
41.0535
21.1472
32.9446
135.461
62.0256
98.8303
138.763
39.871
50.496
37.5774
90.9792
37.5847
46.2696
11.1007
12.9827
35.5842
75.658
54.3938
63.086
29.4329
23.9467
81.9588
115.485
32.15
13.0562
71.2206
27.7474
18.0061
14.3689
80.9451
66.7384
35.6837
59.9598
87.799
70.0368
19.1022
59.9625
50.53
42.8595
74.9004
17.9219
78.2211
27.9108
52.1475
35.0082
125.813
68.2266
11.435
19.606
36.3112
43.5358
32.5681
28.5481
66.8878
132.942
24.9985
41.3409
38.0629
24.0972
36.5597
70.9459
33.9549
47.7815
56.8256
52.4039
15.7338
47.2482
67.6519
66.8914
43.3445
54.3638
17.1603
49.4413
36.2219
39.2391
28.296
72.6317
71.7317
38.0367
22.5257
79.9029
15.2957
39.4701
39.6174
118.971
145.874
108.127
54.5203
146.014
21.6099
23.1504
44.2069
61.6054
21.1254
73.0808
31.1789
50.54
59.7701
39.0219
37.4165
10.9752
51.8771
25.6023
24.9932
64.0694
26.1351
64.3377
58.9768
18.2454
26.5724
31.1835
89.7104
66.0037
74.8061
31.3481
44.4446
29.73
14.1509
96.4219
23.8145
30.5142
62.3488
53.4675
168.106
84.8045
63.4712
131.127
10.2953
75.4299
47.554
12.8243
52.4742
84.6854
49.1999
79.4301
132.258
65.577
11.8063
37.3552
12.3621
25.8761
28.3966
30.9485
23.8784
38.1076
57.0844
49.5082
25.0525
27.7396
24.3326
167.473
56.4878
41.3895
24.1653
28.2592
43.8766
14.2733
57.6659
19.8501
44.4409
50.7543
22.1756
51.0061
59.5891
155.53
49.0131
201.193
165.251
65.7282
46.9522
74.5625
57.6346
19.0465
21.3817
21.9121
37.776
30.3816
81.0716
14.6438
24.2887
54.6515
34.8957
111.05
88.5097
18.9619
61.1724
113.441
93.2254
38.5689
16.9297
51.0966
122.943
91.5758
22.2867
60.3276
28.7732
41.9554
99.6894
92.6612
19.5973
37.2369
23.7792
59.2369
141.688
31.1579
62.0494
115.234
75.9611
21.004
16.1228
36.7944
103.53
39.1664
36.135
8.2735
76.152
16.6826
33.9299
101.029
26.8808
27.316
64.9556
81.2384
15.7635
34.0191
50.3973
29.4474
29.2261
23.2828
90.6792
77.1127
71.8993
95.9372
136.469
21.1348
38.5074
34.8521
44.4942
25.294
20.3097
30.9568
59.2011
47.0848
52.098
63.1144
22.8478
20.6482
53.711
169.26
59.6911
42.2931
24.4556
104.585
39.2988
26.7218
73.1514
29.2711
80.0213
15.2135
69.2493
31.9664
143.724
12.1591
40.8521
53.1921
24.7407
9.42607
63.206
38.9984
35.2059
44.1523
15.9089
23.6212
38.1504
69.0494
14.9716
41.0761
149.068
82.2957
43.409
97.5651
18.2616
23.0094
36.666
51.3356
69.6925
69.772
44.6112
65.048
44.8679
54.6087
11.7581
48.403
22.5585
24.4824
21.9199
21.7936
124.841
40.8885
36.3771
68.5842
13.5967
32.006
62.3137
50.9017
20.6159
38.7264
19.7306
53.6717
22.0614
71.947
148.148
116.269
128.25
146.79
75.0335
70.7602
110.456
22.1189
23.3475
19.8419
130.895
95.4047
53.7242
14.6032
16.7763
37.4088
45.2329
47.6634
48.3018
58.2192
10.0071
25.2125
18.8156
109.34
114.658
48.6364
40.8864
87.4437
69.3784
23.7094
22.161
16.5954
68.8504
48.877
18.6301
30.1253
72.3482
33.6379
47.312
43.7481
41.1762
83.1395
59.0952
22.3708
114.745
149.261
129.527
43.8535
65.9995
15.2882
22.3601
22.0697
45.7686
87.6127
51.1394
56.5167
35.9198
72.9402
57.6855
45.1261
49.067
13.1039
81.5511
21.5744
55.3042
52.8098
12.6835
33.1376
52.1776
154.242
31.1035
13.1064
35.6883
29.5011
47.8179
44.0232
22.3203
28.2683
38.6446
46.9847
66.8054
27.4546
53.4809
35.5232
34.0891
40.981
36.4093
93.6004
10.1193
22.4033
49.3565
21.3748
58.448
96.0339
29.188
28.8857
72.1419
27.6469
26.7044
15.3842
170.864
49.6638
167.599
78.3677
9.50063
94.9961
13.1161
92.3047
86.6512
21.4968
41.9025
32.7093
15.5249
102.072
70.4353
19.3393
122.879
97.404
44.6451
17.1881
37.3768
67.2029
47.5609
59.0738
33.9329
15.6458
51.026
66.9952
140.9
39.2531
149.159
40.1734
118.549
13.8456
65.2444
12.7786
112.509
96.9058
47.7044
19.2666
24.0487
43.2599
12.5771
93.3087
37.2807
59.815
36.4666
27.6685
39.4171
148.819
84.8062
67.1579
134.403
106.195
165.693
44.1796
43.862
9.75265
92.8441
33.6674
62.7156
14.3207
50.1451
125.177
35.2586
54.4384
30.4366
95.3161
69.1899
26.6415
39.2649
22.1035
48.2336
53.8778
59.6492
44.2612
35.1644
16.3164
54.5825
40.6436
28.2916
107.874
73.2102
36.2139
22.2529
57.719
50.4044
86.2179
75.0693
29.0076
28.4878
106.54
19.5645
23.2877
40.6881
18.182
67.3112
28.9958
48.2354
63.2719
46.3358
35.6354
28.0438
62.6783
109.399
78.6842
63.0051
30.6334
28.5783
19.4283
21.7789
34.6194
297.568
19.4207
19.96
157.958
10.969
19.0956
56.654
117.599
55.381
50.5243
79.9132
11.0254
78.6699
69.3499
10.8899
96.0984
30.5753
32.6393
42.7798
39.4501
80.8015
31.6872
28.0386
19.6085
14.6595
31.4446
93.6324
53.0864
95.3229
29.1548
14.4263
57.835
138.399
86.9538
28.6043
129.604
101.385
24.4491
62.4755
41.1521
34.4448
30.1164
16.9526
40.3308
39.3159
18.6784
189.767
37.1725
49.2138
40.9503
80.4039
52.8921
76.8511
67.9138
38.6514
36.1708
44.5143
58.6091
140.883
68.6018
77.1552
49.3051
68.3751
30.2668
27.4912
58.592
115.11
30.0742
26.9273
29.1312
46.3886
73.5459
50.7448
20.8959
68.9974
27.4169
56.558
50.3101
46.0369
61.4023
75.0327
28.0515
28.7898
52.0822
32.8075
29.5208
61.6614
35.1253
108.118
59.7328
42.2045
170.867
143.368
37.7391
25.1884
140.116
50.973
45.2838
20.0717
59.8469
77.5747
25.2593
111.928
84.8025
93.8849
76.8446
76.1685
25.1032
79.7794
50.7445
95.2489
45.9892
37.4198
83.7406
20.1905
18.3553
58.9422
65.026
115.143
34.0258
86.0169
23.442
31.7881
190.216
32.5519
32.8673
28.1657
54.1959
40.549
50.3525
30.9242
83.3934
61.2854
29.8861
141.246
40.5256
22.9072
84.9906
56.4583
69.5859
19.4271
26.7166
61.0184
33.9027
13.0672
48.8187
13.2059
20.6427
76.7287
24.2492
58.4809
81.3354
224.439
117.308
58.9976
16.1857
26.8483
55.6098
14.993
64.7217
55.9071
55.4372
67.072
58.2461
25.2148
35.134
34.0448
46.3615
37.0769
58.0621
47.1274
39.5944
80.0566
17.5897
186.811
52.4457
67.0359
35.0583
39.1752
26.7455
40.0538
56.0577
49.5519
87.7241
18.0631
31.7722
14.2875
37.5892
45.9701
45.5089
77.5915
150.785
14.4931
22.2337
32.8643
124.518
20.0118
33.0739
73.9917
50.2172
30.7461
35.4662
37.9645
11.6224
9.22263
19.2468
17.2237
19.3588
28.4521
28.4563
45.6595
75.0904
23.6028
41.6482
23.2504
32.3883
26.6309
18.4365
35.6498
49.6211
141.59
32.0277
84.5772
36.6725
14.0434
61.8822
55.7898
28.9858
20.2081
21.5955
74.5126
21.693
24.4472
27.0921
13.8974
23.1597
53.7238
70.5151
46.4149
41.0623
86.4083
34.4885
49.2166
48.1195
62.6169
26.6454
47.0498
46.6422
14.4061
18.7421
26.2979
24.3186
69.6403
53.1213
14.8465
28.8658
16.5569
13.8182
15.2469
129.452
52.5243
22.5416
68.6873
24.3495
63.5699
14.129
33.3674
103.17
130.717
57.344
33.1539
21.3918
64.4058
31.1746
84.5055
51.6738
40.3809
57.4199
21.7427
25.1934
89.5671
46.5935
40.0285
42.2989
35.069
65.2312
80.243
61.8112
33.8666
17.1552
30.2016
63.526
50.0105
62.4485
22.7951
65.4521
22.784
74.6686
6.9255
10.4987
16.8522
17.4586
51.4586
35.8328
81.3233
55.6029
29.213
45.9534
28.2374
46.7335
74.278
91.1237
53.4262
73.8715
15.5543
54.3378
30.8959
29.0972
6.01023
49.3353
39.2145
99.12
184.268
75.1688
38.5676
22.6799
87.3394
41.6674
52.9843
40.0683
30.5668
81.3361
54.4223
21.9556
32.8121
79.8745
67.8487
9.2806
30.3766
21.4777
23.0252
64.7039
62.9059
35.8522
234.468
34.9129
17.3786
11.6564
59.2751
42.6942
20.9424
57.6203
15.9329
37.9396
50.7835
24.6183
25.5401
49.8205
35.8312
33.1508
63.1807
254.882
24.7891
29.2678
45.1342
133.777
65.3272
82.9607
52.0402
27.8388
14.96
77.2789
66.3261
71.5927
106.047
82.6611
51.5835
19.9167
47.2784
43.3678
79.1564
67.4039
34.1434
36.7351
31.6632
29.9125
45.1071
71.9853
60.3575
17.532
118.046
15.0542
56.4646
71.7576
39.475
39.0041
36.9824
48.1436
52.3837
26.7741
22.8393
40.2302
106.331
17.9153
22.1484
39.0831
38.5552
118.103
74.5802
60.2945
51.7403
13.1148
92.778
103.228
23.9236
22.3334
15.7977
55.5288
34.3059
24.5944
31.1685
8.94801
52.2733
31.4795
85.9123
36.0419
67.4595
24.2078
106.252
21.435
37.4307
33.364
36.0751
16.3146
48.8798
17.8319
26.7445
35.2562
24.0529
26.8466
128.472
45.155
59.2516
11.0288
61.2527
67.448
41.7036
35.6959
58.2911
29.8329
14.9763
50.1112
175.706
11.674
67.5589
78.8812
18.6245
34.684
36.2063
34.9634
83.1322
19.95
13.4591
70.4784
11.591
78.7994
14.0642
56.0924
80.1174
29.3072
11.4881
56.0417
15.3196
84.8672
107.347
30.1985
53.2862
76.4651
48.5074
79.4738
25.1198
20.9374
110.291
29.8188
34.1548
20.4538
38.5598
14.0992
33.5701
44.6402
84.6102
63.3083
33.6936
28.704
23.0385
138.532
41.3759
31.6722
41.8838
105.492
107.997
74.0573
142.247
19.5438
18.067
13.5904
40.4875
6.45279
34.4307
18.676
27.6499
40.8338
41.1695
76.3792
164.688
42.5654
66.853
47.8635
59.5613
63.2602
38.0485
127.874
68.2702
51.9588
112.1
91.5981
16.0718
174.54
45.956
35.0109
15.1668
34.7352
25.7618
26.8699
36.5528
43.7387
30.985
18.9905
42.0871
64.1457
32.0172
35.0547
98.7907
21.4444
101.023
87.765
39.4987
37.2215
47.1329
64.3335
77.467
53.2516
84.2328
69.6391
55.4957
23.4652
91.1148
76.234
50.6165
18.0288
61.3132
17.5811
82.9137
80.5278
53.7082
59.8999
104.807
102.937
33.8752
61.7217
42.9696
24.5936
119.812
32.7999
20.2978
28.4235
51.1714
13.8495
57.7225
88.7907
26.6497
67.5037
21.7885
61.6799
161.427
92.1251
40.4601
15.8046
89.5993
57.7393
35.6401
78.4986
23.9179
59.6403
30.5323
64.2118
35.2874
40.7212
25.8686
34.2331
212.524
12.3668
82.9882
21.1623
32.5179
25.9883
27.2509
18.4463
80.0456
55.0366
83.1547
31.8474
31.6967
53.9269
14.0232
110.97
48.7625
19.0642
20.3576
31.6172
35.3522
44.862
14.3507
40.5584
91.9893
46.4607
40.3429
70.988
30.3362
139.891
41.0213
68.1205
36.5339
12.6748
34.7681
109.068
41.8391
57.0229
37.0797
20.5098
28.9974
68.2247
56.384
47.914
22.3529
45.3654
16.8485
68.9611
57.7715
77.9072
54.1728
39.9402
65.9347
63.3933
53.945
66.0773
69.1597
18.6719
30.6662
32.6276
18.3923
35.3734
43.0072
20.2337
87.222
49.9043
35.8402
18.0779
76.112
93.2552
18.2303
39.2166
34.1316
21.2646
35.2142
128.956
12.6876
44.5492
16.8553
66.8013
44.7261
20.8163
52.0437
46.1101
40.3375
51.7278
31.4307
69.5481
21.2866
27.0045
24.6295
34.4044
63.4377
109.797
16.3578
70.4411
18.929
67.4156
29.5168
84.9056
22.3224
37.0785
35.4162
50.6774
31.6656
65.6469
30.0085
25.7973
14.253
31.1926
23.9964
31.1408
11.4492
34.2865
42.8657
76.5124
9.99792
22.2581
12.1277
20.1031
42.9973
66.4226
41.6327
24.0406
45.9439
23.7659
22.3195
21.9169
39.0447
42.2769
55.1822
16.4342
31.2956
49.589
125.571
53.8235
84.4821
72.1209
34.0338
36.7531
31.5493
72.064
38.9364
39.0487
26.3844
93.335
25.5932
14.9715
55.6749
41.4555
31.0992
15.2485
38.955
52.0959
31.127
17.7988
29.5887
47.7163
52.4515
27.7534
42.7056
103.787
41.4432
35.2654
27.3449
125.206
52.6673
74.2977
12.6997
30.4311
14.7418
25.084
37.4872
56.6563
26.8405
30.6902
45.7564
51.5655
55.7025
32.9336
45.5157
26.2181
71.802
45.1839
43.5909
58.8989
34.2862
113.467
14.2048
148.157
26.8483
15.4968
40.9964
65.8254
106.455
158.736
82.2526
89.4357
18.0824
48.4942
26.4535
34.1324
84.1462
56.7024
59.9364
42.457
106.045
77.7926
39.4174
12.1028
117.489
36.982
28.702
44.4875
37.0664
22.6371
82.7576
25.9045
30.573
32.642
9.29666
41.2479
69.4156
25.7051
86.0622
38.6443
31.8143
16.3926
75.2904
27.5197
17.5036
90.7168
30.8726
125.751
76.4882
24.7256
36.8502
37.4295
26.115
15.5438
22.2204
35.6702
37.3602
69.228
144.01
109.175
51.1187
43.8876
20.7771
19.0898
32.1718
37.8657
71.5556
37.071
15.5589
77.4193
26.8533
62.7598
124.829
44.848
16.5524
38.1508
14.8008
37.9977
53.4735
37.6346
155.796
78.8431
69.6629
38.079
75.4015
51.1509
31.4697
50.2132
37.3283
47.3495
18.5297
36.767
28.859
21.7137
142.789
45.1796
31.1178
13.9226
30.7934
41.6856
28.5563
81.7616
134.544
35.8841
66.8522
80.7312
46.6768
39.4957
42.3006
20.9583
50.1043
14.9014
18.3372
55.5379
56.8428
18.1288
28.9551
30.6399
79.2795
39.8362
39.9791
46.0405
37.4073
49.6782
68.2686
25.9215
23.669
44.4627
96.2485
119.424
181.556
63.6007
118.586
93.2216
23.4559
45.1212
132.027
33.4763
33.023
23.6282
40.1821
46.6912
11.9178
43.6804
52.7983
27.7452
19.8856
59.6833
19.016
9.4993
42.2155
61.2879
172.285
69.1244
34.577
44.7606
21.7622
21.9151
24.9273
25.8277
124.385
11.6424
111.077
58.9651
97.132
34.8492
21.7591
47.7693
62.4381
34.7197
20.3832
52.1972
44.0536
90.1759
70.9609
36.5951
45.725
91.9147
55.3515
82.1374
103.672
56.6654
44.9496
21.8805
59.8085
59.0643
27.2979
23.8455
40.3081
59.9015
29.7323
73.824
31.4082
23.4947
58.0812
144.133
33.556
36.0522
24.6767
35.9575
33.5455
20.9528
43.0791
98.013
11.3797
101.558
18.7509
11.8618
52.4635
55.1516
46.3409
26.0404
64.6809
44.2392
52.3548
50.4003
107.792
28.0425
25.7862
23.1609
113.509
54.5829
59.7422
88.7067
28.371
11.9643
33.8089
20.6297
88.3814
32.8826
22.9953
69.8405
35.672
11.2496
8.42256
27.1522
191.338
55.3039
23.1638
78.6493
38.1393
44.4026
20.7678
13.8949
47.664
118.571
30.5813
91.5983
34.3011
59.8172
43.5608
152.489
39.1898
43.5366
21.42
28.8408
41.5949
44.2377
164.532
28.1104
24.4023
131.928
22.2471
61.0616
45.0514
43.744
10.3518
90.708
41.0484
35.7355
98.0105
18.6183
143.807
16.4062
36.1806
74.0588
33.6015
101.554
43.5225
17.6769
34.8702
16.4611
77.4754
39.9734
20.7703
57.4743
27.1355
90.8253
54.8421
40.9571
28.4957
68.8298
57.4648
49.7308
13.374
69.5478
44.694
58.7519
51.8389
36.3918
18.8612
62.9539
51.978
58.2525
69.1059
20.8224
55.5342
42.4271
21.4835
84.7526
56.3495
56.0052
82.1582
32.5081
18.9817
71.7395
21.9582
61.5801
83.9567
8.8029
77.2263
77.9735
24.3724
53.6452
35.4364
33.3699
40.4934
32.8507
49.7628
34.8062
42.4256
48.5462
56.6664
62.0671
19.1705
69.1192
48.3218
88.1871
99.5008
39.9045
33.1875
54.5621
29.7105
21.8536
85.0888
21.9219
33.8246
19.5772
49.35
107.575
147.884
75.4721
71.8311
32.5165
86.4835
20.9911
86.6316
114.834
27.7316
30.2224
77.3563
49.0506
44.635
17.8952
27.6155
52.3679
53.28
24.2221
84.6677
52.6737
57.8374
102.716
108.093
63.4165
21.3619
22.361
19.1811
36.1974
75.1116
40.1605
36.8129
47.9948
64.478
15.5866
26.8637
32.721
32.5276
47.4337
71.1551
20.8383
23.8585
31.7257
80.4309
43.7364
107.277
16.6812
22.4427
15.6996
47.4424
53.1126
54.9651
25.7979
17.4749
25.1956
34.0861
85.5245
43.688
18.9437
100.355
16.7805
31.2469
28.9753
16.2142
47.615
27.4738
64.4361
32.471
45.4883
37.6982
64.2593
37.0313
173.416
75.3341
26.7457
120.252
23.9262
39.2099
271.729
20.505
27.4012
53.2215
30.5376
66.0507
66.4768
27.9286
43.2747
95.0908
31.9185
45.6248
39.2416
20.0063
46.9851
70.4978
61.9029
66.4176
25.9383
8.63258
21.8516
89.6028
32.5908
12.0334
97.2519
14.5232
49.347
18.177
24.0271
47.6865
8.16513
62.4502
95.0865
9.15922
27.6579
51.6431
36.6287
28.914
16.8039
40.4269
15.2581
13.8717
40.6547
23.1132
94.5241
22.3969
16.2707
46.5804
30.4224
46.1326
87.1801
71.9633
27.1729
106.289
26.8468
21.1789
57.5077
38.7401
12.9678
27.4426
31.4811
13.8624
98.2439
27.0641
137.177
24.0431
30.8392
48.3977
115.554
31.4067
19.0689
14.6013
118.625
10.9092
37.013
55.8611
40.8938
125.251
61.8066
61.4446
39.2837
26.824
40.3632
89.0256
102.945
31.7909
13.2061
19.0247
171.234
51.4421
34.8205
43.5767
23.9185
18.0253
19.5319
28.7726
12.5908
18.1213
34.0917
24.3032
75.0194
66.0106
127.923
78.286
66.9626
138.718
128.487
25.2925
23.2342
85.9988
18.9176
53.0749
22.6076
30.9928
19.4373
44.1358
24.4956
62.8875
158.246
70.4524
24.4271
28.6313
16.7439
60.8451
54.282
60.272
46.0882
31.2992
98.0188
23.6867
64.491
64.4886
42.3985
147.472
31.6059
72.6212
90.0822
17.1741
37.7205
39.2592
19.6072
49.3628
10.0297
16.4401
21.124
99.1757
64.1937
23.3212
19.1441
72.2188
68.1938
72.3942
27.7702
23.1451
126.527
16.0056
80.9369
21.8714
35.8569
47.7794
201.731
60.9639
10.4931
14.2364
37.164
29.548
30.6252
75.2532
24.8253
114.692
32.9027
168.788
17.9763
31.7999
31.1611
23.9554
78.1151
78.1721
23.7356
76.9844
39.384
21.8706
46.46
16.8532
15.5785
25.7844
44.6509
11.7553
59.6685
76.0578
66.4349
99.5077
47.4582
55.4187
25.5604
46.7671
31.6404
38.2458
37.9111
31.6806
25.1974
36.7667
25.7697
110.392
31.3832
17.6026
22.3615
32.5507
61.0863
24.8333
15.1143
52.6994
22.108
61.4382
17.3335
67.0293
27.6726
27.4246
31.7732
33.2564
72.7184
47.6182
89.8569
83.7374
19.0372
19.4548
20.3149
159.575
78.159
18.7685
36.1513
24.7271
63.2802
92.5065
40.0216
12.1791
26.129
23.7309
187.35
45.4626
22.6568
69.4884
21.7757
31.4386
52.3373
28.9199
40.1239
61.0013
42.0461
19.0687
87.6891
51.9334
25.5853
32.7956
41.3963
16.5602
35.0422
12.7726
36.0367
25.5333
92.8452
18.7271
90.3286
71.4858
13.6225
56.5745
19.7933
18.8791
22.1321
61.8576
69.961
53.7382
17.9913
40.228
21.3675
48.0849
30.4804
36.6945
200.694
24.1009
32.2277
33.1661
38.6592
33.8235
6.75863
147.227
66.0179
28.2892
24.6387
48.6432
19.7478
12.9761
58.2481
60.58
29.5066
62.0093
65.7369
9.21791
12.5753
60.2076
40.0724
35.3353
67.5568
41.0343
100.306
27.1486
15.195
42.2359
231.418
13.689
91.3727
26.3103
99.1919
49.1377
6.4437
69.617
43.6695
42.3231
25.9783
14.9332
37.1835
75.8588
65.045
16.8843
20.4256
22.6366
15.6925
48.8501
57.3593
18.6013
37.3435
110.512
36.0496
90.6873
50.6745
27.8906
56.8531
40.0961
47.3066
124.459
11.9049
22.3697
49.5981
59.1226
70.4701
107.604
27.7059
67.5497
64.5588
74.7307
8.28507
22.9234
116.848
13.321
34.5875
35.9483
81.5325
64.2958
39.3785
48.828
34.7848
99.1111
31.1957
75.3959
59.8021
81.7586
10.2265
54.3663
40.6846
83.6759
48.4181
18.7705
30.8577
77.3708
26.8994
23.1476
39.5989
60.2279
39.6145
49.2962
59.8545
35.9781
90.4268
115.664
44.623
72.3904
50.9466
18.9433
19.6799
83.2331
113.809
56.8314
25.2142
18.0726
46.128
67.9245
88.6852
61.624
67.0555
207.436
21.2562
17.1289
40.3965
70.4935
38.3876
148.88
12.7857
33.0249
38.2693
66.6596
66.8862
48.2609
22.3763
55.2891
59.1022
32.0816
45.4913
25.0092
55.7696
25.3321
19.192
20.6605
49.109
235.364
95.1092
36.9963
45.9783
38.9369
32.538
68.9099
58.8006
54.2961
52.1024
59.8611
30.6783
75.9162
54.1014
22.3868
15.3335
25.607
24.3885
38.272
13.4873
17.9255
47.1876
67.4814
25.674
17.5413
40.7223
30.6822
59.6842
113.987
43.3349
45.393
120.105
40.6792
68.9806
56.1902
49.6963
30.0947
66.884
73.8014
46.1743
231.53
80.7255
54.9309
78.2039
29.792
28.0537
7.36666
82.7984
33.353
29.4849
43.9205
38.1138
31.0377
35.0439
35.259
24.3912
25.638
31.5513
89.704
37.1698
43.6262
24.4365
58.4288
29.4971
39.7613
19.5101
72.9614
25.8906
38.6562
22.8431
86.1349
21.1056
21.14
75.8226
45.1105
69.7799
32.5431
31.6904
114.525
39.9249
40.0512
27.0978
24.4793
59.6146
11.1952
22.2213
71.7658
15.7215
32.2098
48.0707
49.1487
36.8788
84.3076
25.0723
41.1196
38.8592
79.0049
14.8463
37.2306
58.5429
89.4802
36.7274
54.9257
36.5615
78.2951
70.5952
47.2478
23.6258
103.868
29.9926
33
142.775
12.3116
49.9384
17.0471
47.0674
77.5472
108.134
18.5209
54.3502
46.3247
66.0208
35.5286
87.7024
19.2081
27.943
87.8134
24.1202
46.6439
83.957
29.2438
11.7468
40.96
50.832
142.439
49.4494
30.6244
53.766
50.1869
33.9727
46.6788
64.1296
102.863
90.119
93.0464
134.209
55.713
58.4408
83.4709
46.1418
100.519
68.8984
74.76
16.2894
82.4656
27.987
51.1796
88.9295
46.6113
58.355
26.8294
25.4482
36.5623
37.3853
40.7293
33.3614
41.228
47.1675
32.4508
115.779
54.3916
14.8519
29.9682
38.8937
38.1995
17.3766
68.8
61.4051
37.4195
17.7849
33.9086
75.9367
15.2836
26.6842
35.4331
125.71
33.6447
40.9291
33.5015
145.305
245.548
23.5487
83.7078
100.855
39.5156
14.5946
91.6476
31.8468
41.6939
138.863
44.9218
25.2559
30.3451
42.6773
25.323
24.3888
12.3082
40.0818
157.804
96.8394
40.1318
45.6484
104.489
216.966
18.1621
84.518
61.595
59.7011
90.0152
16.5682
134.336
42.0966
79.9645
78.5293
25.3914
81.7549
43.6964
37.9387
57.2866
41.6849
43.7137
10.5575
111.69
16.0523
31.3097
11.1351
57.423
13.8426
74.2798
19.5595
26.4453
28.5517
47.7742
41.2944
32.8766
41.041
13.2184
92.8991
46.899
33.8385
14.5838
191.618
74.2855
47.4225
50.6792
95.2801
73.9274
36.9101
22.0576
20.5156
19.8463
42.0907
52.613
61.8221
29.7429
24.0504
42.9506
29.7251
26.4727
108.376
38.7276
60.2223
37.0055
25.7734
23.4847
35.5635
28.167
11.6129
36.1648
11.6727
41.7394
34.3809
130.481
47.6965
48.3492
29.141
31.032
28.2325
32.1154
93.0439
30.7141
72.4946
68.5241
70.1229
30.8282
67.0767
23.9908
26.0372
19.0116
57.6133
27.3585
75.1149
91.1391
110.207
55.6654
129.852
149.126
18.7791
42.4954
159.355
32.0095
52.582
51.1043
88.2046
41.1264
49.1991
74.3552
106.434
74.3133
18.8511
29.6784
27.7065
23.6435
29.371
34.5911
53.6574
17.9155
21.1067
69.7257
65.3892
28.4968
49.3314
50.5703
95.033
86.5341
22.6148
21.271
43.0143
22.7157
67.806
30.0675
12.1121
88.9578
147.692
54.907
50.5893
16.5977
36.0704
11.1963
49.185
93.3849
75.6987
55.4897
29.3533
106.77
81.4125
34.585
13.0744
14.4199
78.5734
94.6363
44.9998
44.6741
67.7342
35.3203
36.5124
25.7535
64.5828
205.796
29.2448
121.294
85.0062
182.043
91.3812
58.5775
46.2167
95.0078
5.37961
24.5542
72.5125
28.782
112.946
59.8258
28.7325
120.733
81.4166
20.8445
23.1903
284.706
56.4485
112.614
24.1453
53.1417
42.3569
54.8065
9.3036
68.9373
43.8569
85.3275
24.472
49.1324
28.5135
46.8976
74.48
49.2228
37.9421
68.679
55.7224
12.479
38.0054
47.4068
32.9517
36.8576
62.5823
27.6697
60.1118
36.2869
107.054
44.8145
79.5902
29.1364
61.8377
36.0566
12.9371
19.542
126.936
68.713
132.744
36.2029
117.908
44.3161
40.8139
21.175
36.3897
12.3239
56.2954
40.0577
31.9729
17.1284
53.2291
74.2165
49.1223
62.6954
67.7029
28.4146
85.4603
76.9067
60.0894
39.1527
21.6195
44.1498
83.1274
180.525
99.0818
69.1094
58.5589
54.3433
43.3802
57.9211
55.2087
38.6599
44.3694
20.5198
37.9302
50.8934
39.1453
33.5771
29.8144
88.5363
33.0123
44.7129
31.2299
74.9268
13.0814
25.2001
104.915
45.3123
11.4127
51.7022
70.579
25.443
21.5452
44.8021
79.1114
36.3745
45.8513
13.6915
30.2683
31.2925
30.7934
34.6579
38.794
169.453
67.1465
31.2405
16.487
102.331
25.4152
35.1575
60.8831
92.4106
33.9521
61.8264
62.2556
39.1328
34.5947
101.17
14.3915
114.45
5.66393
31.3931
14.2732
182.07
66.2314
56.2576
181.191
21.7276
17.8656
23.4057
26.0177
18.1257
70.4669
42.2814
25.1455
12.6196
43.4017
18.248
18.8251
67.1754
27.3941
119.716
30.2451
22.4518
20.8029
28.5409
17.9632
34.0058
25.2799
29.0577
89.8779
54.1996
24.8758
42.1745
73.8815
71.2088
62.5874
18.0913
84.6697
67.9318
59.1249
57.2196
23.742
20.4973
81.8077
59.1625
41.3218
28.2801
47.3671
48.7856
34.4715
97.5241
35.5304
64.9305
19.7445
48.1192
26.03
39.2628
29.1733
61.075
28.7474
44.0257
45.0101
14.4613
61.1093
64.1412
15.1808
47.2008
15.0171
125.923
72.7683
19.223
95.9251
26.5932
29.7038
12.2194
47.4642
47.5822
69.073
126.593
16.5969
55.4812
36.8254
16.556
19.9395
20.8379
83.679
40.7584
66.7202
31.213
14.7729
46.1136
30.0439
38.0427
71.5441
73.1238
62.1649
15.2188
48.0902
32.0575
118.408
60.447
16.8983
29.533
21.1853
15.9034
30.6234
73.8612
21.802
63.3726
129.921
32.0635
44.5064
24.4212
14.4906
31.9819
61.4573
129.09
46.0468
17.418
16.9164
17.0794
38.3797
31.9573
101.914
94.5031
36.6079
30.6927
175.38
38.7934
76.0785
38.5656
65.3701
36.6013
63.9677
49.7209
38.4569
60.4493
38.036
53.3753
33.3731
46.5915
10.9677
32.682
53.3825
57.8639
61.8803
52.7282
18.8036
16.5535
14.512
43.6764
61.3951
49.6668
13.0921
74.0148
60.2097
46.3587
80.1054
70.7562
24.7247
31.6437
11.89
16.7083
74.4564
88.3855
36.7595
34.4659
160.796
24.9124
102.625
51.3946
15.1512
11.9328
62.78
27.0244
35.5476
154.364
33.4769
109.006
40.8974
47.0447
25.5908
75.2991
93.9712
39.065
92.9742
29.2491
37.7524
49.7316
31.2118
30.2885
15.546
27.1801
27.0178
28.2855
53.917
92.0222
65.6777
53.4448
47.3966
36.0424
15.1667
24.7961
129.002
33.3932
44.7183
54.3102
21.9539
22.9001
71.1548
24.1216
51.7316
131.635
79.8384
38.7414
28.4268
82.1201
27.6198
27.0283
43.0384
112.327
39.3584
38.1675
28.1284
9.78105
24.747
28.9759
32.413
54.9399
23.9088
28.3872
86.8871
18.2745
92.9457
17.0258
28.1106
24.6339
28.9013
32.8113
54.7918
79.4629
27.0793
24.1865
37.7403
61.8306
18.8927
55.4034
70.9913
78.7692
79.5496
33.7815
38.3679
40.4865
114.656
55.4753
63.2912
19.3656
19.071
39.9197
21.6669
36.6789
63.6364
122.851
43.4735
79.4046
10.0934
25.2505
53.7424
17.7912
36.5736
60.2618
54.5181
41.3048
49.8706
22.5554
72.1363
19.1398
13.8811
139.47
35.4727
103.482
23.7347
12.2957
105.932
24.6581
72.6387
48.1738
23.8682
15.368
61.9565
49.8062
22.3263
70.3463
23.9439
38.789
20.4955
31.6452
71.4077
24.4241
17.5237
87.0152
36.2288
80.5913
32.4038
26.7187
126.074
82.6005
42.3517
31.1908
55.5343
87.6717
110.707
86.8557
34.1668
33.9072
16.1661
28.0528
33.2639
7.74856
37.2531
40.3061
71.0481
10.2939
69.9748
30.9768
44.9613
65.5511
50.8414
55.4555
36.5503
99.5292
25.6747
12.0622
49.4087
29.6357
31.0074
20.8316
42.1583
34.8621
17.0615
15.6455
112.126
54.4379
13.7268
50.7436
25.6251
89.6124
68.4793
45.083
38.8303
8.79443
15.8568
62.4649
58.0014
25.7234
14.309
40.0255
34.8103
81.3396
43.0932
33.2666
29.0427
36.6168
99.1482
40.638
71.0061
18.2935
9.7349
68.3184
39.4971
117.994
23.0886
31.8588
11.5055
79.3594
158.535
30.037
44.2858
16.8545
25.8364
176.938
15.3275
17.6974
84.413
22.0179
37.2293
39.1093
61.874
105.4
53.5582
53.5001
21.7776
34.7644
65.7216
227.697
70.4897
48.4467
118.583
28.2602
13.1781
16.1983
42.5427
27.4186
30.0898
59.6468
140.051
41.5121
27.7362
48.8562
55.4341
47.63
84.7617
48.4874
26.956
20.816
30.5299
112.09
22.7434
69.4177
75.2708
60.9542
44.639
49.4804
23.3599
18.2653
30.296
115.341
31.001
43.7345
298.633
31.3171
60.1673
26.4176
38.7969
34.4569
108.758
117.671
23.724
17.3401
38.3944
27.6292
25.9065
58.2652
50.1644
64.8446
20.7225
23.9145
36.4726
41.7859
17.3397
29.5984
107.908
16.4289
81.8541
18.458
93.1861
16.693
19.7138
39.2004
25.9109
121.751
101.839
44.008
41.238
77.5549
31.5887
10.5329
72.1007
40.4702
22.0502
94.5299
60.645
46.6643
46.9312
26.1286
59.8057
54.4602
45.3044
35.8309
62.4456
28.4107
12.555
50.522
29.0285
48.7115
48.4909
68.0608
40.8361
101.343
13.0287
21.8239
55.1638
47.6121
95.9712
43.091
10.5884
88.559
128.893
33.2566
33.2734
138.084
18.2272
15.2658
80.208
51.6781
15.5838
112.552
51.0965
29.695
157.638
78.0334
38.8575
56.2971
24.6647
26.721
34.9194
12.5384
42.8856
82.1078
16.239
45.9946
106.707
114.069
58.726
37.0661
202.619
36.4147
23.7143
224.336
60.4742
87.872
68.2383
38.5521
77.6339
38.0082
50.4548
70.4768
75.2459
28.1139
22.8612
48.2957
19.3054
80.7934
90.1092
58.8
101.33
36.4468
32.5845
15.87
25.4389
14.8299
25.0259
39.6514
22.7692
24.1349
30.8372
61.2837
84.8466
40.0726
141.211
134.732
36.2283
42.654
15.9395
27.3493
35.7185
30.0355
14.1018
48.7379
36.2471
77.0439
175.987
41.3726
96.2295
22.7793
20.9233
108.914
73.3029
94.92
44.1048
105.405
19.7428
59.2605
20.1983
34.9515
18.8935
19.5655
106.526
24.9166
75.7147
18.5335
38.1578
16.9689
43.9556
85.6295
61.1873
73.2404
113.979
39.4938
30.7955
83.0538
80.2418
43.0898
37.35
55.3137
28.0545
38.5507
18.7188
37.9481
112.355
36.2146
140.034
25.2884
15.3447
149.171
27.8054
61.7197
34.8977
80.2358
72.6496
40.2424
59.905
116.167
83.7111
7.54812
151.58
66.6009
30.142
17.5129
59.8662
27.9596
167.819
84.7939
29.0784
20.0177
57.5901
76.3677
27.1647
26.1714
39.4893
62.4317
51.3714
78.3062
61.5399
42.9964
33.7399
54.8111
118.518
77.0438
61.5206
44.5958
32.292
60.895
74.5196
39.2534
17.044
30.453
89.6497
76.075
32.7899
137.582
26.1633
47.3388
79.7861
37.2033
57.6863
18.9559
62.9391
9.98496
39.8128
20.2449
36.6611
29.7823
175.205
29.725
102.792
63.8045
23.0716
61.0192
57.6169
13.9193
11.7594
46.8513
60.1522
33.6549
18.5208
44.2916
83.6549
11.8765
77.4998
18.3326
64.1974
54.7626
60.0839
31.3622
15.1294
53.5271
20.7262
33.2966
50.2345
20.8171
70.3735
53.3431
79.0248
146.396
45.6968
30.7621
42.204
102.955
27.9196
62.9124
35.2031
23.659
19.6827
34.8338
123.623
37.3411
30.4729
85.9925
26.2207
53.2355
59.7472
23.7541
66.1625
17.5762
30.514
70.1108
54.9867
75.8717
24.1865
151.759
85.117
51.6253
34.9416
61.3296
19.9228
35.4872
73.1389
53.2377
22.0743
88.8081
48.9269
69.0684
32.7091
49.7514
79.7878
97.3433
134.597
19.1062
21.478
27.0329
102.823
93.4674
42.6462
25.7927
40.7209
24.9779
30.5654
32.5948
48.8175
161.067
32.5531
31.8808
63.3789
57.3544
22.8735
22.7573
34.0924
79.9534
44.6435
32.4222
127.937
18.504
52.8463
33.8638
52.1271
40.4819
94.4442
40.9628
32.4843
33.9699
43.6235
50.1379
51.3075
20.5785
70.0883
59.6116
22.5726
48.9667
75.3688
52.3664
27.5054
10.6578
98.9865
42.914
89.5067
20.8989
19.9869
6.88575
123.226
22.3901
23.833
49.0877
154.416
57.6982
187.738
37.9452
24.0965
46.6607
10.2702
29.871
44.7653
29.2744
39.2611
47.2861
45.7022
85.8653
34.5134
115.322
53.2998
12.4517
14.0158
26.3184
64.2086
66.2058
22.4737
53.0934
30.9727
39.7226
20.3574
98.4041
82.814
19.7821
43.5119
44.8761
22.0788
70.193
42.7185
38.1059
54.4853
66.9516
10.6723
23.7586
121.601
80.0652
53.7015
32.2386
41.7566
63.4868
45.5364
15.4233
15.8201
46.2376
43.4494
25.7021
33.1449
35.9352
12.6825
22.8752
54.5382
18.2869
33.3619
78.3849
63.9221
89.9645
25.4788
23.8794
38.2768
37.5474
63.6624
66.2278
13.8433
29.572
29.6964
77.5399
24.6785
44.0321
69.6445
89.4051
26.6351
15.5946
40.6653
38.9627
23.951
91.4834
44.2962
16.5357
59.1895
47.1554
75.6076
70.1976
30.9978
10.2873
134.845
37.5743
16.8701
47.9423
41.8321
16.5885
24.122
58.5282
67.3883
64.2844
38.8127
200.312
109.883
103.334
47.0598
43.072
16.8455
102.109
33.2324
45.8714
61.9641
58.5851
50.5361
62.0586
94.8139
53.4543
32.2293
81.3093
48.4275
42.3983
37.8463
36.7317
49.6402
56.5432
25.5487
46.8071
88.8802
16.0205
35.8727
29.3385
29.197
37.041
25.8741
49.6816
53.8692
107.556
82.1968
32.865
30.3972
9.61928
84.6426
48.7808
20.0779
45.1373
33.0604
21.1135
22.2067
46.7182
18.8769
26.0646
27.7724
46.6287
13.338
31.6519
16.4862
33.1831
110.807
24.7338
29.9151
43.8699
23.0917
36.8045
35.2652
13.7221
179.632
35.1619
15.4388
65.5277
67.9297
35.2799
17.4801
30.1651
41.4577
29.2964
36.5249
50.5403
69.7666
173.178
23.605
19.4115
91.8871
57.0446
48.1078
39.8309
109.342
42.1398
59.2066
60.2577
45.6098
32.7502
76.6426
96.8171
71.9748
19.9893
48.394
120.771
59.4565
38.3659
40.2342
43.3919
107.94
83.2015
68.1697
53.5307
44.8917
63.1344
48.9187
40.1204
22.6185
48.6668
33.8386
44.9549
80.8323
48.6594
13.1518
29.9478
128.814
17.7425
26.7573
85.9115
69.3557
40.0791
150.188
74.6572
49.2894
50.8315
48.2203
19.1859
34.0565
28.1119
39.2383
31.024
50.0044
17.4817
16.5089
37.4419
30.682
26.4978
26.3337
42.5247
22.2292
108.489
51.3269
126.431
16.6888
78.257
35.9534
9.93346
10.5557
23.3084
30.6803
94.4931
26.635
56.2667
109.266
19.7449
54.8602
75.9655
15.8524
67.3302
23.0881
77.6863
15.2759
63.3485
16.3316
26.2779
61.3178
45.7187
68.0874
22.7297
87.4884
41.539
64.9412
27.1766
56.0953
144.775
25.9389
32.4917
42.7057
43.1869
37.6535
32.2444
25.9766
25.5702
59.1303
87.8852
32.6624
27.5525
123.815
44.7012
45.0171
43.2893
37.6723
46.9677
13.2065
34.3619
21.7596
27.6913
84.5269
145.426
18.7842
126.546
38.2936
16.3599
17.1188
22.4003
164.425
86.327
42.3852
33.8904
45.2071
15.4564
33.9288
61.1219
53.4268
19.201
77.6998
41.4753
35.7112
14.0651
24.5575
90.2793
13.4832
46.0633
36.6575
117.676
37.3426
84.696
20.1661
73.2471
72.6747
47.1689
33.0387
29.7463
250.866
62.0633
25.9509
30.689
25.7002
39.9565
147.732
85.2468
189.082
22.4022
70.581
139.903
27.4264
55.7477
99.8984
12.8046
25.317
47.487
130.692
24.5997
20.3672
54.9331
30.562
96.1564
29.608
14.1069
101.427
78.0283
85.4295
46.4971
17.6542
65.995
8.30665
26.4945
54.6846
25.0589
55.105
71.0199
22.4357
26.7467
47.1833
30.2904
86.9364
122.079
46.8895
60.82
54.4124
71.6185
20.8403
10.5556
16.8599
12.7725
32.035
62.8562
45.141
16.6304
63.6917
24.9096
33.2323
24.7643
35.7801
94.7373
67.2345
8.99159
55.5618
26.2461
128.527
80.3808
92.105
76.9649
49.306
85.1885
13.3522
94.5103
45.7627
59.1104
21.0628
63.9024
56.0468
207.907
107.872
183.891
37.9497
84.6304
80.817
66.848
30.4904
31.5242
71.3763
50.2964
84.0741
33.5037
12.1654
96.2535
77.6719
73.7186
61.6317
66.1971
46.4209
56.907
49.2954
24.0351
57.0507
92.8668
23.5027
23.565
58.8067
38.528
40.9002
154.111
22.178
94.5472
28.3945
42.2357
31.5127
83.6092
35.4418
22.0683
44.6287
24.5533
52.017
39.0095
43.1057
80.3109
52.9845
57.9868
137.345
43.9961
22.119
63.626
70.543
12.4735
18.2985
59.4502
28.7988
90.7802
56.0213
93.4462
68.2186
33.3379
96.1058
85.3646
33.6256
81.8466
93.8422
52.87
36.1667
22.0215
67.5472
63.3141
27.1161
30.0559
45.2209
201.753
40.8741
15.9941
50.1673
31.2214
114.139
68.2466
17.6553
11.6486
93.6273
31.7006
35.6343
21.2785
78.5564
23.0029
50.9315
100.639
50.8349
32.6105
69.694
43.1773
92.4291
23.1382
30.8862
9.5912
30.0623
73.7597
13.8195
37.6996
21.6244
36.6641
46.31
25.1836
49.0948
91.546
15.7469
42.7336
30.039
22.6966
53.666
38.4318
50.6137
62.6395
67.7504
96.8112
116.433
49.4428
79.1344
35.8074
21.9709
45.8793
47.9357
84.7765
33.3097
35.2944
15.1182
89.7099
30.6239
13.6951
28.5888
76.3656
48.7783
155.045
75.8371
24.1885
24.3266
68.2415
64.9903
76.7588
8.3675
22.2555
35.1113
188.523
56.1776
35.8066
27.6045
27.2376
33.4786
19.5386
46.9038
104.957
33.4299
57.7436
55.3113
64.3481
57.1611
43.0739
32.1624
23.0044
19.9691
86.4582
25.3097
21.7416
44.6687
174.839
17.6826
8.14398
35.6166
26.3933
27.9217
61.8523
34.2095
51.1132
130.636
17.6739
21.34
16.5308
40.8869
62.9889
38.9914
40.9551
33.0954
32.664
96.7265
21.3281
43.7038
27.9283
241.715
60.1112
51.5417
56.0408
63.263
21.2928
49.8985
36.3361
151.652
48.7366
128.61
38.9709
35.4751
26.0863
36.9495
75.2804
46.2596
71.661
101.812
108.776
35.4676
53.5691
45.2852
42.7141
65.9559
53.9361
35.6464
42.9252
49.5157
130.589
21.602
66.4807
66.6083
69.9362
124.099
43.9452
58.4956
31.7881
94.3787
48.8434
17.0691
43.9247
205.631
21.2819
45.393
49.8035
25.3893
49.1361
107.149
68.6885
19.2182
17.1035
11.9772
73.7137
41.7352
83.3766
24.8312
37.6807
43.2638
124.363
111.573
137.494
34.6701
174.663
28.5686
46.1231
15.0069
83.218
99.8116
88.6831
11.7419
39.6396
61.1244
125.21
30.964
14.1151
92.6065
15.5743
73.6086
39.2235
90.1246
11.4218
27.1067
26.4426
43.8175
21.8983
53.0906
78.5457
72.3327
22.9649
16.2062
47.3879
48.4111
31.8527
96.798
45.724
49.1558
100.004
39.9489
22.8273
93.9336
39.9752
184.138
57.827
87.8589
46.1784
29.9105
46.1944
36.2138
74.1632
21.755
61.3516
84.5088
39.7699
106.759
86.982
22.2966
50.151
47.4073
25.1103
44.5523
56.4698
58.368
72.2569
23.6438
145.748
22.9479
146.836
41.9327
34.9563
98.5213
28.7119
26.1094
31.1787
132.08
43.7801
72.1165
66.8677
49.1484
21.0094
14.3643
34.1682
20.6075
23.3328
39.3777
25.7118
20.9111
21.8092
27.6772
101.994
82.5477
20.3801
49.512
34.0884
37.1805
14.9471
57.1767
46.685
138.768
68.857
96.2118
20.7701
28.7639
86.5304
67.8236
41.8426
75.7287
20.9405
57.206
15.5569
56.8562
13.7575
96.4086
76.2225
32.1997
18.9607
168.346
64.3363
29.0666
27.1921
20.7571
140.54
71.6373
111.038
66.5625
44.5563
30.826
27.2105
80.7605
32.0439
29.0457
43.395
16.5799
74.8673
27.8248
21.3106
50.0378
20.1332
30.7869
73.7888
58.7249
64.0364
44.0038
28.9877
65.2639
51.8935
73.5048
64.0189
35.237
45.8423
73.5001
30.6884
44.2858
28.8446
57.9132
49.6291
29.4949
117.057
24.5661
92.5094
24.5483
22.5694
72.4837
20.9121
49.3172
19.1824
51.0036
48.4428
77.7414
27.8622
99.6267
88.5268
65.6703
24.9346
139.316
39.1424
88.5251
23.2736
47.7751
21.9228
80.1114
110.672
33.651
75.5604
105.5
24.506
21.9696
17.7449
113.36
37.8517
16.0989
18.8591
42.5221
44.07
77.3896
34.7864
200.381
31.1644
130.96
72.7447
25.5124
102.496
37.6436
47.5364
71.1072
48.386
74.2273
22.0893
35.5637
11.0074
43.8723
58.8296
39.5111
27.5269
54.5917
88.4045
59.0475
24.76
104.952
104.968
38.7832
23.0933
37.3676
19.1948
36.3496
67.5558
60.5381
41.5041
57.7457
44.6104
22.1716
50.116
38.487
55.1837
49.1473
95.7486
27.347
16.3251
53.5899
22.7945
37.8581
60.1303
40.1442
27.6037
109.528
23.2161
111.799
66.5202
14.7115
135.503
37.1127
181.683
58.3652
18.1346
27.1028
25.975
15.883
149.644
11.7256
68.2217
34.7513
46.5464
29.4283
49.2968
52.0238
35.9198
32.7518
73.3161
34.0668
102.742
22.5068
16.5236
31.6026
36.3464
44.8667
186.401
38.7237
22.2245
219.389
86.7453
43.8079
176.719
21.8783
74.4328
33.9833
113.958
64.4472
201.141
45.0952
46.8277
106.284
44.0244
32.5479
69.9848
69.8361
18.2012
82.9968
12.2642
14.5188
29.1452
118.873
14.3199
74.8555
25.1041
23.0963
96.164
49.3341
29.2361
40.5398
70.4161
45.9683
67.4002
20.6007
41.1721
48.4007
36.5081
40.0797
77.0272
149.888
62.7017
44.0505
32.3812
188.68
38.2629
114
33.6815
26.4244
77.6211
58.8812
21.9097
220.509
133.536
18.0871
52.4137
40.3646
65.1826
34.589
25.4276
101.168
28.3328
14.5576
62.9238
32.1173
49.8266
129.496
28.2391
27.9828
52.4792
26.5144
37.4607
15.4066
68.5838
28.5963
32.4147
82.311
34.202
34.4192
35.2989
20.33
37.2719
42.3065
108.542
44.2397
45.4845
131.567
46.9036
13.5744
98.397
46.776
30.5167
125.568
47.8092
31.9827
24.9542
19.2853
73.0209
26.5234
57.4266
45.8233
40.1761
10.1237
42.4145
39.9346
65.9881
64.0876
31.9407
106.442
23.8129
15.1875
106.18
34.4603
28.3151
19.8743
19.1497
62.8544
31.2994
36.5978
29.3592
159.231
18.4845
11.67
116.289
94.2634
41.6885
76.733
108.838
27.4636
86.6462
121.618
72.2714
89.0516
56.6329
21.8147
27.1926
10.0844
43.2333
55.4117
30.2014
31.4665
40.3372
26.3757
15.0046
30.7609
15.9472
37.7412
26.843
16.2197
48.7363
29.2798
67.615
87.2526
63.9111
63.0557
19.3858
17.5322
56.1187
26.2276
29.5489
48.6035
30.8027
102.64
52.4668
42.9094
38.3832
15.2239
77.9773
17.9719
48.2415
26.4744
23.0766
52.0246
113.344
68.1663
24.0176
40.6155
47.0422
64.6173
93.1322
96.1725
20.2974
129.563
39.7215
34.7635
94.0957
134.829
76.101
108.325
43.4462
101.366
81.6346
24.5055
40.2683
18.6676
49.3965
23.9767
18.7116
20.3076
16.2038
44.3453
18.2747
111.977
63.5883
20.8835
58.1764
40.4074
13.6549
50.3401
20.6238
70.8759
81.64
51.5485
72.7371
56.7806
172.864
91.0133
25.6306
28.6019
36.1606
43.6295
75.3487
29.6769
165.836
41.4007
21.4634
86.2467
76.8018
52.8168
29.2276
55.4716
38.2876
22.9802
60.2538
44.1078
16.4232
39.1609
19.2669
115.165
48.0028
88.3511
24.0561
71.6714
15.7378
203.653
45.4588
158.959
111.379
28.1717
49.7347
79.6432
87.5647
88.907
97.1155
204.249
89.0272
56.3799
42.9548
28.4611
189.373
51.2298
28.7298
20.8304
25.4275
48.95
61.0589
18.7765
50.0966
31.4883
64.9088
35.4856
25.8971
198.192
96.5291
38.5215
25.6392
58.8112
46.8657
26.9623
57.2787
91.4787
32.5347
9.96909
106.462
28.5817
79.2602
116.622
29.7468
63.0486
47.3396
21.7316
34.9715
81.0683
73.6096
36.7954
30.7375
63.6934
70.5539
43.6145
54.5581
46.1338
90.7926
80.5397
91.4365
19.3733
59.1773
22.9393
15.2213
35.4796
16.4377
69.2609
60.0963
89.3707
23.7981
51.8148
24.4899
12.5596
28.2942
47.0268
67.9311
20.9476
24.4299
39.1839
61.6092
20.6266
27.9234
44.5635
32.4742
79.9602
30.3418
91.2828
33.7203
35.319
84.6375
20.7536
21.2171
41.5832
49.9651
34.5377
29.4847
53.5705
57.7996
28.2332
53.0018
17.5812
75.2978
28.5514
115.043
52.8081
49.3008
49.069
61.2811
48.2483
44.2779
20.6055
10.5813
43.9603
110.776
29.7996
5.50587
28.4674
39.3272
36.3558
75.0208
46.0654
13.1497
41.6829
30.6964
38.1697
27.5617
21.4612
15.7035
28.9235
21.6778
28.2498
27.7823
112.717
21.7126
14.6493
41.8463
48.4381
68.3412
28.6011
22.8375
41.4248
80.65
15.7102
21.4886
24.1868
44.6554
22.9391
10.881
19.6071
100.215
28.5731
23.2273
125.569
10.8364
68.3598
120.007
65.2888
37.9639
85.2091
128.927
47.6221
30.9175
50.5105
53.9675
43.1007
44.2034
14.8918
24.1984
15.6192
117.414
32.8165
46.7573
52.7847
63.2039
35.8083
40.7881
135.695
38.0037
19.2961
41.7122
22.4123
80.5081
72.414
64.3587
80.2236
68.2513
189.687
11.1062
28.9134
58.0535
14.2559
43.2172
24.9694
62.177
81.4975
53.977
24.8716
57.5281
30.6188
58.5221
27.5918
46.5023
21.0068
39.9432
40.2513
99.1235
84.2099
12.8829
25.629
39.8021
36.7306
38.7646
48.1117
27.5788
19.8634
27.8626
64.6594
27.1759
27.1387
69.6211
69.4767
94.1195
19.148
138.652
37.2754
38.8828
33.2259
56.0551
74.9295
64.3081
69.9891
53.9843
13.4041
36.8182
235.27
64.8395
49.8723
90.9234
33.1182
34.8611
78.8621
19.0654
19.2168
62.7166
16.9264
29.7353
36.1945
29.1504
37.6437
49.2337
51.8235
31.6176
43.342
39.5938
31.6167
62.8584
191.398
59.9985
40.9191
25.9905
49.0152
102.269
70.1567
36.5363
63.9357
72.5197
16.6987
19.0228
44.236
108.344
47.4541
117.076
36.1707
14.7457
63.2606
25.0503
65.6666
26.7348
39.3802
40.9227
132.281
58.4598
19.6923
105.33
60.9225
23.1643
64.3484
64.1869
72.5793
21.0541
35.8049
81.0562
49.4304
57.9484
15.5628
61.8516
15.7769
38.8986
37.6746
37.7312
25.54
55.7229
66.4153
26.2871
21.081
63.6812
61.2591
24.0472
102.128
43.7743
32.5431
81.8335
20.4546
36.4036
18.3727
76.22
40.9542
13.6813
38.6417
60.5186
44.0476
25.6147
50.257
35.7117
17.2245
15.8181
70.428
33.2411
15.0808
18.3241
57.883
39.8702
114.372
21.9085
19.0319
33.229
75.1597
134.357
40.2534
25.4824
20.4652
30.9711
100.483
137.715
159.078
131.845
27.5958
28.7399
110.498
38.6454
63.3926
50.957
66.7382
23.4265
98.05
26.5654
11.304
59.3779
30.826
60.1311
43.0785
44.7343
17.9401
70.8569
13.2026
16.5723
48.2404
24.3187
100.873
24.7606
76.9615
106.074
42.1686
43.8756
37.5116
126.23
14.4025
71.8951
43.7592
134.991
36.6445
26.8103
57.4336
34.109
132.159
57.2006
40.9402
62.4023
32.3557
92.5837
18.4319
52.612
87.8463
37.6037
109.022
20.6812
58.9693
20.3935
85.0114
91.4043
63.6925
75.8151
63.4805
72.7863
76.9296
49.6385
27.0969
47.3543
66.2223
49.6981
33.1513
21.0557
14.8961
52.2079
24.6227
65.8118
68.8747
124.293
82.5356
20.4375
75.2964
52.7059
26.1814
38.399
44.4017
135.977
41.0258
54.7458
25.4136
22.4236
49.1265
37.984
37.0651
84.4152
20.391
46.9505
62.1348
19.9467
24.0975
19.5741
9.58328
33.1858
28.1425
110.356
43.2407
36.1939
16.1405
38.3904
69.2797
53.1692
59.1447
18.7696
18.7877
38.0096
27.3226
32.711
13.7583
38.1241
20.4354
53.7775
21.8969
57.5598
55.8794
44.0935
30.9139
30.5174
17.5374
39.5271
154.256
52.1902
30.8885
24.2326
12.4777
38.5325
31.2584
41.3664
36.6636
221.72
70.8879
79.7464
95.8403
61.2798
57.3314
155.053
29.264
26.8275
36.0192
37.3192
19.8088
7.54991
111.631
92.2451
24.8705
79.1481
39.1277
99.7585
330.088
31.8149
82.6967
13.9455
24.2048
16.6523
20.207
39.5936
56.0159
38.4342
87.4306
9.98579
99.4761
54.1
131.343
37.5975
10.475
22.9547
28.7593
25.1234
13.7777
114.26
19.587
32.5473
38.183
59.9362
108.916
45.7131
39.854
31.7782
31.5195
41.9051
76.9355
45.3513
116.223
72.9174
104.539
67.4751
7.07155
24.0529
35.1114
30.4701
39.211
120.551
13.6495
95.8087
79.2521
46.4059
30.6235
66.3483
63.4885
18.4477
14.8158
23.4279
131.222
22.5599
30.483
76.4375
92.6169
37.5377
31.4526
79.1869
81.1405
18.8407
28.432
62.0626
22.032
137.196
58.632
53.1557
131.979
26.7083
34.4723
43.3913
78.6656
55.3923
43.0448
72.2425
65.8444
14.0655
30.1625
24.1819
27.512
50.942
39.408
25.5405
13.8056
21.4681
32.938
27.9771
74.2204
137.28
46.181
51.7925
61.1679
57.3322
44.2125
25.1407
41.4562
34.1485
43.1986
47.2211
33.093
40.3885
10.1488
140.376
16.7095
18.0206
23.1818
32.3645
27.0288
118.947
57.2034
75.6904
51.1823
41.9252
133.539
42.1759
41.1859
19.1063
89.6586
50.9207
58.2426
15.4743
53.9059
28.3211
81.549
28.8606
50.0739
32.4873
18.779
28.3954
12.984
37.6039
138.811
29.3284
8.55677
31.7178
30.2731
33.0575
87.8825
25.8556
79.1706
39.9472
49.8803
60.4035
74.4451
53.3939
37.5923
61.0183
35.9422
50.078
43.3049
52.7168
8.68363
27.111
13.9841
153.064
17.7956
127.679
38.5143
57.5852
48.404
40.4523
33.9824
130.638
27.3942
108.578
76.7134
51.5995
45.2213
28.716
24.9216
45.6029
29.4034
89.478
23.5075
7.55257
22.9411
212.868
15.772
126.347
67.0533
88.501
22.8456
54.3445
26.6023
79.2038
100.587
79.85
54.7765
30.0356
29.0545
33.8283
56.835
20.4457
85.4053
98.2978
57.6284
100.751
68.2812
31.4797
42.9526
59.2884
76.9788
18.966
150.097
73.8329
22.6036
61.9963
34.1928
48.4895
46.1044
19.3199
66.4281
73.0182
33.893
52.7687
80.4225
95.784
18.769
36.5229
109.581
18.7716
45.0699
137.242
63.4074
161.617
44.5976
17.2755
59.5549
111.911
24.573
28.6133
55.5514
50.7407
71.2329
48.971
11.6206
24.0516
57.0618
32.2703
60.0231
54.5813
40.377
64.2126
77.8481
28.5201
62.391
16.351
48.3303
29.4025
12.737
34.2175
65.855
28.6243
49.0594
24.4124
26.0378
18.963
19.2628
18.3976
38.001
50.9751
39.27
23.1043
30.5432
30.7054
66.5027
102.863
51.3702
75.4434
52.7271
33.2788
138.015
66.7718
56.5689
79.7284
19.0141
29.0827
22.9197
38.5156
49.2862
25.4161
56.4469
78.3228
79.828
31.2659
49.1847
110.685
23.0389
67.8033
68.421
16.5717
32.5074
65.8908
28.7456
125.724
90.588
19.5617
62.8722
25.5741
53.3624
22.5753
74.4134
123.425
147.131
101.589
39.4611
47.2304
26.7436
122.884
52.2039
68.7105
36.4037
34.1357
39.9342
23.5953
35.5754
99.541
19.5563
183.104
82.0121
28.7251
37.4374
23.34
131.8
44.6271
46.2733
63.7255
46.3233
77.2715
21.6333
79.2002
36.1162
36.2261
40.1804
35.1529
63.065
41.6536
54.0959
28.5596
16.9743
7.68738
101.814
121.964
23.1623
23.0157
114.719
56.9808
81.2954
18.6279
87.5454
70.1795
35.6222
91.7538
56.033
72.8572
51.7176
60.1919
28.6888
24.0422
145.93
60.4687
54.997
21.6738
45.9525
88.2326
25.5011
36.1275
143.413
36.3716
98.7648
39.2464
29.5895
65.7632
16.7342
133.216
27.8908
38.2912
43.4192
28.7024
46.7883
63.7145
112.34
9.76592
36.5179
95.7765
67.0867
24.445
86.079
48.2735
100.547
33.8957
39.3635
88.3728
39.1909
72.0617
59.9549
31.1234
12.2904
120.363
85.6116
54.1659
43.7249
86.8335
10.6133
33.9263
140.043
52.7858
54.9081
85.5182
31.9823
87.9167
110.56
48.5643
34.8406
29.9835
65.8637
61.2924
40.3131
14.8999
110.165
20.5218
27.3094
46.1216
128.72
31.9075
30.4008
58.6899
100.201
110.311
14.51
29.8907
49.7035
80.4241
67.8495
63.7059
47.7008
26.955
33.4818
27.2844
35.8726
41.8077
104.642
66.7804
172.228
56.3407
9.45939
18.2794
151.869
21.0811
66.0005
46.8824
23.2774
28.5707
100.195
51.8562
65.5396
72.7981
44.0723
47.6693
42.6715
55.1398
40.5773
37.4865
68.4095
23.255
28.8915
69.0816
41.5758
71.1929
21.1836
138.446
175.32
24.0447
51.6502
94.3059
27.8006
12.261
29.8866
164.628
86.3992
63.2915
23.2369
29.137
176.501
16.0126
24.8205
20.0794
28.2997
13.4481
68.4607
69.4551
37.429
74.7898
13.4599
76.6302
30.6608
44.6176
57.3695
29.7154
86.0618
70.8067
31.4905
66.0121
27.8955
136.889
123.037
45.9276
88.1067
42.4433
45.8872
155.206
47.7996
24.8597
64.9285
56.04
24.8988
28.2796
46.3274
52.6145
19.8385
29.5187
52.1785
33.2603
77.0526
28.5267
42.2686
12.7987
33.1236
21.1471
56.9669
22.8309
34.4859
25.3657
58.584
43.2371
18.1252
34.7563
47.5331
50.024
43.0048
33.9455
54.9859
37.2352
19.5826
37.3578
42.5819
30.9589
135.212
64.2336
34.0394
63.7752
39.0109
9.24917
71.3175
16.2512
51.7942
30.3315
13.2299
28.8893
17.9897
92.9623
72.752
91.4313
76.2616
37.0235
45.6435
36.2007
322.36
23.6889
163.081
15.7562
92.8968
23.277
8.71742
137.965
27.2467
35.733
40.2518
26.7707
58.6193
28.433
76.8961
17.6818
63.4845
58.9882
91.9049
117.064
38.4948
17.4638
30.6086
62.5046
13.1556
67.2953
54.4975
60.8005
11.9604
103.115
77.9877
52.8996
13.8059
46.0154
36.1382
56.399
10.6547
38.3291
32.45
61.8993
80.529
31.8047
32.3196
42.5168
52.6225
17.0727
71.5549
44.0756
53.6045
89.2528
51.7889
144.16
27.6266
67.3979
61.8277
43.7691
48.4583
19.7574
25.9232
70.0711
32.6111
61.4949
12.2093
54.5462
15.554
46.4705
13.1895
27.2562
94.7551
74.8527
28.9322
150.091
14.5828
39.0813
89.4772
30.7303
49.18
18.487
96.1204
35.991
99.432
59.6645
28.6828
41.1612
14.4602
150.662
80.3153
17.5634
18.5722
61.5646
38.1219
96.7601
31.8035
75.7449
19.8743
26.6687
30.8115
74.4254
52.4691
53.3811
64.912
28.9082
19.3143
23.3723
17.0657
97.0129
81.681
24.9117
64.5228
39.187
25.795
55.1189
30.3355
129.573
61.4203
47.4423
38.0599
33.1593
23.4105
15.2173
77.8623
40.7706
102.114
66.8102
46.8548
35.3805
94.5259
57.8836
71.7241
44.1953
90.0534
12.6267
108.62
38.0629
42.6522
51.9909
7.93317
43.4687
22.11
47.9884
50.0379
41.0281
20.1182
16.4447
27.6797
43.4159
32.6469
19.1623
45.4154
41.5317
13.1191
21.8105
86.6866
56.3123
33.2609
18.8567
84.969
36.1176
12.6149
44.0202
42.2213
37.2533
19.9373
30.8677
42.4988
101.337
64.6496
32.8103
15.8627
68.744
47.6585
48.7276
42.5588
31.0949
25.1651
44.3381
53.7287
50.1439
17.6827
9.99137
31.9145
27.1309
69.5711
86.3112
40.8374
58.2103
127.113
87.4385
39.7297
76.1668
39.0671
43.2307
82.9573
28.1142
15.1647
40.4034
12.7665
52.5968
123.405
162.363
30.1283
18.6414
125.802
18.9335
112.936
93.6507
36.2146
69.839
58.6008
36.0747
25.1116
70.8846
89.9719
50.0095
27.9027
57.7298
27.1148
12.707
15.7563
20.8883
51.2549
35.1519
28.5665
14.3213
31.7095
48.6096
25.5336
63.4
103.6
40.1681
125.84
37.5107
43.0186
26.3473
41.8196
84.6864
49.6413
57.5831
9.21343
41.285
76.5191
23.4684
8.58542
19.4644
71.1709
33.9164
49.4088
28.6479
24.6319
43.0389
33.5401
28.258
35.0531
30.6056
41.388
10.1501
25.0142
44.3583
37.2408
40.9022
23.4104
36.7892
13.6487
13.4261
45.7279
86.4178
111.16
17.4707
46.348
13.4437
77.2232
34.132
39.7544
19.4004
98.8116
51.3937
81.3719
160.866
109.137
84.0906
92.9344
37.109
54.1747
10.6005
22.4737
31.0061
25.8435
133.087
40.9486
24.52
42.7135
60.4689
66.7398
33.3186
33.7759
116.378
93.3774
14.2274
29.0338
126.164
14.8471
75.5256
28.0611
37.8591
46.7315
56.615
68.1691
73.4479
54.1041
32.0663
94.5263
58.594
13.4992
68.6772
28.5509
38.5793
10.1259
57.6477
47.9407
83.771
15.4421
270.659
46.4481
71.5419
29.6073
96.3892
179.055
35.2047
22.5444
26.317
38.8111
31.1568
67.4186
78.2901
109.924
45.2437
40.566
82.5831
23.3697
33.4431
71.5226
36.2201
37.7185
60.0168
42.6975
21.397
69.4784
63.0319
22.797
33.8521
119.094
45.3187
40.0878
44.1115
13.3782
25.2751
46.1192
42.9369
32.8929
40.0383
16.1849
102.102
41.265
28.6402
34.9035
30.3231
45.3592
17.6954
20.1321
60.0877
56.1554
31.589
104.052
51.466
22.3131
49.1008
99.7336
37.4608
39.5908
17.1885
42.0923
106.717
31.3958
34.2866
26.3732
44.8861
48.5857
70.9098
56.7446
29.8356
71.2221
51.7641
30.8412
39.9816
38.0416
57.9324
81.8632
22.9889
34.2925
51.4416
22.2678
29.6224
31.4167
146.773
27.6351
76.5111
15.7524
27.3368
58.5545
91.98
57.5102
46.2352
27.6832
53.6198
11.6959
15.5254
23.6797
15.0061
75.2773
11.3799
23.1654
28.4728