58.1972
37.4071
41.335
150.683
64.8193
28.8806
33.4326
17.4634
60.8443
50.0878
20.2202
52.4728
28.3116
61.7529
54.343
30.3387
18.5739
26.0715
71.4042
28.185
22.0441
41.5563
94.2381
133.313
63.1475
44.9308
29.751
147.27
68.5295
48.2136
89.9122
15.7012
21.9812
33.8
114.715
67.6423
32.4264
123.96
191.653
128.13
39.9477
115.523
15.1582
63.5069
66.7171
30.2213
24.4273
31.592
48.8842
23.3296
84.808
62.9244
58.7426
43.3462
46.4414
42.3002
31.4346
66.4614
70.5453
66.0231
51.9486
47.8512
60.1018
69.6949
59.9275
65.7731
41.8263
47.7045
56.5465
146.985
36.4675
101.412
53.6286
27.9518
71.5048
55.8394
234.973
80.5498
51.1789
145.801
13.5763
24.7473
40.0108
45.7913
21.4295
40.0463
35.086
42.2272
25.1322
44.8487
21.6314
58.6318
69.3251
142.522
42.4469
141.744
154.42
61.6004
71.4794
47.5783
105.146
45.2889
10.6843
30.905
46.4402
38.5758
27.5842
115.188
75.9039
86.4118
28.4986
48.5434
50.7349
39.3907
52.2992
49.8577
56.914
59.1555
28.182
45.87
57.4122
20.5139
12.1556
100.635
122.119
46.1744
55.7535
28.6676
59.4398
39.4578
57.7959
62.4333
95.3687
59.047
28.3506
59.3189
40.4172
51.457
48.9006
45.1467
46.4851
154.357
28.2568
30.8415
45.4077
31.8438
235.134
57.1011
74.7967
17.8383
114.65
23.805
100.458
69.9484
25.2995
50.7938
101.692
70.0955
175.989
46.7045
80.5834
42.5803
32.4909
31.9659
31.323
52.2338
22.6793
62.3781
42.6626
48.4792
177.306
46.7852
48.4949
32.7926
31.4421
25.2437
33.3788
75.9333
104.157
60.5039
115.677
84.5825
48.7173
177.87
21.6342
22.4414
66.5276
18.0985
55.5826
45.1698
28.7283
76.3458
96.5679
99.3669
115.816
45.2516
38.1859
36.5985
49.0577
56.323
35.2943
61.6422
41.7533
50.0428
14.0478
57.586
48.5812
136.539
215.223
83.564
27.8221
21.6118
23.9132
153.404
108.079
158.713
23.2579
63.5654
46.55
49.8723
42.2553
69.7957
158.642
59.7068
84.7147
99.9075
33.7615
54.8481
78.5239
79.3525
30.2289
34.4997
184.309
50.0243
42.8725
26.6671
15.3865
98.5938
85.7243
57.0979
59.551
137.2
117.15
24.8784
40.2009
41.4517
28.6212
21.2699
84.0133
48.1997
38.3881
34.0448
36.2992
59.9867
37.4981
84.6135
77.7773
70.4751
28.34
73.2246
50.3104
14.7992
56.7938
10.8757
49.6889
62.0126
22.163
54.2885
81.5893
120.604
184.332
111.249
46.9338
64.929
78.8618
76.4252
43.129
94.7971
38.9408
67.5654
22.0362
76.9317
97.8651
101.206
29.9281
32.9546
48.7531
67.2678
32.2294
51.2731
58.2736
90.6721
36.5032
92.6246
107.987
29.4797
34.549
39.4111
76.3856
65.8949
127.433
28.1532
56.7337
27.721
260.311
49.6912
27.3479
40.8873
36.653
31.8704
166.656
74.5993
50.914
40.0817
109.579
48.7573
25.34
102.214
44.1829
47.7702
29.6599
37.0209
32.2386
115.042
52.5185
34.8704
12.699
43.6909
113.985
38.7265
104.934
35.3878
99.8967
48.7287
77.6179
68.1386
22.5797
57.182
13.5476
91.6347
18.1177
14.9449
14.1817
52.1038
38.5852
57.4835
63.6543
50.8582
35.8698
24.7491
125.67
89.0905
152.349
49.4193
71.2665
60.2814
69.8346
65.4829
52.3234
17.1899
28.0986
89.0518
68.8917
51.8319
55.9461
95.9102
63.1195
27.2269
27.6424
62.3
69.719
25.839
42.3674
45.954
35.7298
39.2284
56.7997
35.9139
68.3234
100.984
71.967
27.8273
85.5518
41.5556
41.4617
31.1026
42.7359
82.5461
83.7742
37.1889
21.8382
37.2529
32.6191
50.1239
28.3911
33.2022
192.567
67.9614
72.5798
77.8226
79.1941
62.8465
38.3601
19.5399
53.5097
26.3931
109.374
62.5976
43.8075
28.4994
110.337
28.5478
111.416
120.355
23.31
19.1434
63.9841
66.0994
150.943
63.6474
75.1423
78.0657
30.949
16.7577
82.3569
37.1951
47.4844
43.261
49.2277
100.741
68.8196
18.6795
49.7914
14.3676
80.1766
59.6538
146.165
57.3806
21.7314
101.016
62.6391
57.8801
53.0487
109.988
45.65
49.7584
20.9629
56.5355
121.716
111.481
18.4007
36.2592
25.5791
71.7041
142.904
71.0094
40.3127
149.278
123.851
199.337
104.514
52.3831
62.0529
53.3638
23.1053
83.2254
184.456
46.6877
52.3854
56.1391
39.7899
122.418
67.1297
69.1236
34.2178
50.7113
97.5447
24.5982
86.9393
81.0942
70.8162
37.1743
42.6135
70.6272
100.881
81.5191
50.1624
94.4728
48.0777
36.6707
147.632
47.6569
58.2723
40.3939
46.284
26.7339
66.83
134.912
133.36
56.2983
23.5312
89.1199
41.6029
42.9454
50.8457
39.2556
58.8969
77.6555
121.092
74.239
13.8924
38.3815
52.0456
115.64
17.2127
70.2467
35.8264
53.9593
39.0191
61.6132
78.774
33.9563
46.5472
16.4369
73.6748
44.1484
77.8533
32.5749
27.8968
39.6231
108.739
51.4941
187.964
21.0152
111.983
34.855
23.1979
96.9321
18.4382
43.3686
81.6609
45.2695
114.362
50.4184
73.1681
80.2646
72.2012
75.6657
21.04
67.0704
104.262
94.6319
38.78
17.2891
33.0593
26.4154
50.237
35.8159
35.1961
47.9488
34.2225
59.1144
35.689
33.0475
126.347
28.3209
39.2786
55.8415
113.828
46.8691
40.1378
111.395
87.5975
122.698
55.5328
81.19
87.8696
71.3213
51.4301
116.192
54.1867
82.9105
91.3079
83.9768
66.5716
59.6436
32.3509
33.0762
77.3342
76.9158
16.1814
58.6801
65.1376
138.065
226.305
34.8877
31.0053
97.1833
45.9118
75.9408
87.5207
136.806
100.263
20.4931
56.8831
123.379
35.5558
69.2139
26.5742
41.6493
28.7094
80.9575
79.6842
51.6256
26.574
67.2006
33.9942
37.7992
131.163
41.8353
74.654
133.323
34.1593
57.9293
39.0844
46.4587
140.209
56.3906
197.445
103.968
165.354
80.7336
125.585
41.8332
38.884
26.4754
19.2452
24.4129
36.3397
61.8979
38.872
165.628
73.4087
51.2661
91.4562
78.8136
58.3989
22.663
57.167
46.2819
17.0592
18.695
136.447
34.3569
31.7114
25.0482
10.1267
152.743
46.2374
58.5132
31.1609
60.3513
103.767
66.779
43.2113
122.209
24.7708
87.6276
10.7716
18.962
36.18
57.9362
136.408
40.5294
90.9762
57.013
53.2567
14.3773
120.333
103.113
98.502
42.9931
16.3933
80.8362
80.5219
11.927
36.9139
62.214
121.167
21.1158
43.7063
26.6231
29.249
91.7038
21.9371
55.6551
81.7434
157.601
55.5774
97.548
23.4603
93.4601
100.479
35.2861
71.0173
57.1269
58.7116
16.3868
46.4964
51.383
25.5801
52.1787
73.016
68.7861
32.7938
82.5958
19.8806
31.9204
46.4388
51.8742
27.325
120.502
113.859
35.7351
60.9258
48.1839
57.5141
84.5141
36.2168
20.1859
27.4573
74.8317
13.0185
76.09
66.553
27.5122
42.2341
89.023
39.3398
69.0277
69.0158
55.5892
80.8296
87.8512
109.125
69.8092
67.8347
7.02417
112.04
38.3872
107.771
75.6049
12.7043
167.083
44.2725
97.7508
30.0659
67.4503
64.4119
70.0411
51.0348
79.6996
62.7851
53.3763
42.9035
53.3579
110.078
18.0069
106.586
30.3698
94.5347
107.574
143.372
135.134
108.169
31.596
35.5528
113.069
39.5529
28.3285
34.487
17.4354
152.368
58.3775
132.917
65.5701
50.4383
111.067
133.727
58.0564
33.4046
66.7891
43.9056
40.3233
49.487
12.3203
22.1305
40.261
25.2186
35.7037
26.129
73.9493
48.8798
48.9308
34.2008
44.4729
157.049
32.2186
90.9575
55.6315
95.8155
65.798
53.6771
82.2497
21.078
54.2261
52.6177
20.8597
31.4032
28.1269
65.6919
62.7086
88.6999
20.3304
45.2014
17.2937
185.328
49.3714
44.8617
78.2484
90.3361
14.1656
82.5495
85.547
52.9565
80.3364
51.4264
128.459
31.9222
28.7361
56.3309
26.1774
28.7982
59.8056
32.2319
30.6427
95.2209
47.9219
14.887
18.4647
30.9317
79.5133
64.2213
33.5179
21.4876
20.812
23.1329
65.685
81.4234
127.133
52.2865
79.4426
22.4888
26.1139
87.8954
19.366
70.0778
43.6419
73.6824
47.9124
78.3778
55.1273
30.009
66.7813
89.6567
52.0248
23.4553
45.3977
37.832
142.248
25.6672
92.4925
60.0214
58.8107
63.3644
23.2183
74.6832
32.3955
87.4249
21.0922
66.4519
62.5939
15.0353
51.0264
30.5889
172.793
27.801
173.459
29.3008
57.5956
56.6629
70.0551
104.88
36.821
33.113
33.7446
43.5798
33.2537
31.4881
79.7733
95.7008
151.379
27.5764
68.0182
24.5281
11.8279
50.7069
99.6434
80.6736
62.4872
48.8225
139.735
135.21
22.5401
38.6462
150.908
47.8191
113.535
52.3279
24.8041
80.6326
159.16
18.2027
68.4679
53.5309
82.4664
137.469
28.4367
51.0647
28.7636
20.6968
33.923
97.1785
41.2185
28.9458
19.6794
33.387
53.7336
26.3356
24.6129
30.2543
120.966
16.2817
45.1805
93.1779
98.7522
52.8001
25.0426
30.5614
54.9696
287.095
42.3115
120.581
38.1529
121.826
46.9842
52.3826
62.511
31.636
37.6533
77.9616
28.5567
145.693
99.8353
41.8514
37.2163
18.0952
30.6285
26.4777
50.2802
48.0908
26.7788
34.2443
53.9133
43.4341
87.3877
17.9039
65.5145
76.3276
53.9484
96.5497
30.4637
57.3659
120.212
23.4728
46.8357
49.0603
97.1267
63.1302
55.5929
228.571
60.5226
40.6575
94.0594
15.4673
104.43
35.2832
100.317
22.349
48.6544
80.6484
34.2653
102.682
115.901
32.9117
33.331
44.4295
115.53
73.7508
30.5804
88.1708
53.6727
21.561
24.9498
25.4695
31.9536
56.9353
31.2193
36.6402
60.9319
113.787
20.828
46.097
35.7999
28.199
23.804
37.6585
61.5799
15.485
31.2862
12.6659
26.8508
75.8898
34.4392
49.2778
29.6273
65.4568
18.8329
61.9476
35.9059
53.1953
54.0048
42.2574
83.3977
88.4368
92.952
79.1278
44.0985
63.0451
29.7097
16.9994
105.123
65.2179
123.021
38.0446
45.6842
54.5687
116.294
74.8138
19.0633
42.2359
30.1924
28.9938
35.2256
12.2118
30.4778
111.426
77.2336
35.0016
107.663
28.5406
22.8141
130.379
44.5082
39.7993
122.058
172.697
88.207
36.5778
41.6563
110.867
55.034
46.171
97.8889
75.7685
78.2207
70.8802
20.5422
29.8321
36.0878
173.689
25.0697
137.187
93.0727
39.8531
66.9169
55.6768
20.5888
16.9592
106.05
79.7556
57.9119
72.2078
44.8229
52.447
42.1018
46.5095
65.4522
46.5867
53.1129
49.0409
24.5914
87.6762
52.6728
44.31
106.763
347.192
24.867
43.0647
61.2992
69.6648
94.8247
48.2158
55.821
94.2963
49.9733
35.3538
82.6255
51.8439
30.7645
74.0516
117.833
65.0779
48.754
29.7621
22.5225
27.03
118.638
111.445
53.9555
26.0047
44.9244
59.1742
87.3441
107.013
28.3461
54.7848
52.9267
52.7763
35.9312
15.8646
32.898
65.0493
61.7954
70.4302
139.914
24.8412
52.1607
57.5525
72.629
27.0293
12.3166
41.6903
26.3568
47.184
93.478
58.667
30.4188
50.0473
69.8638
28.5856
67.3726
37.9359
50.0499
26.518
28.6027
65.0369
63.0894
106.502
30.6743
64.0382
35.0544
20.117
100.55
44.2371
46.1214
152.835
40.4142
36.8365
36.335
40.5506
60.2446
171.533
109.202
28.7317
37.7463
184.065
68.4158
71.2675
58.1175
78.3256
41.8611
36.0418
18.3814
16.4854
18.5728
23.1635
54.5266
17.6979
27.3698
58.151
88.5961
40.6159
114.632
27.5428
25.0585
30.2818
58.7476
45.404
70.8492
52.9344
51.7477
135.436
181.892
57.8449
97.9103
211.144
26.4414
47.8471
52.5408
53.887
58.2725
25.2044
62.8188
88.058
80.6875
101.309
74.2572
35.7957
53.4486
168.1
113.313
95.8375
14.2257
58.0698
19.785
52.8098
44.2166
17.6613
18.3831
44.2351
51.3601
23.1948
30.9116
112.259
30.5628
21.7943
46.406
18.0682
138.407
28.7275
55.3974
103.924
63.3955
139.462
46.0336
62.9816
29.0911
72.2702
64.9762
100.786
23.6266
52.2463
55.3586
51.158
55.1669
46.1261
42.9753
105.932
134.434
31.6171
44.4469
83.1607
28.3897
37.5139
45.7544
92.4089
41.6227
20.5928
26.6133
15.5849
29.8845
17.9527
23.297
73.9103
29.8791
91.9997
81.8599
80.3259
83.2897
31.5598
41.3905
45.0987
80.1524
82.9509
46.3894
37.3461
50.5807
40.782
49.8534
52.7677
47.1134
118.367
34.1968
56.736
29.6378
37.413
62.9435
41.2035
54.2031
48.8886
100.406
139.14
83.5685
71.8367
38.0033
63.7308
87.0692
43.4493
53.0113
36.0586
66.5939
20.623
31.1255
13.9489
85.2706
25.6568
76.7016
53.8561
92.6514
14.8964
57.2647
65.4618
90.5691
78.1413
64.5264
54.2221
36.1571
33.6694
38.8783
159.099
10.3322
126.796
67.9708
111.705
30.2334
43.3509
61.9772
55.2842
49.3245
36.9116
33.7245
27.6498
26.4793
48.8547
61.9665
34.2586
58.8603
70.6472
57.6937
54.7821
47.6347
57.5277
34.9958
221.584
90.9051
57.1889
70.4177
43.605
69.3117
79.5397
48.2734
61.6816
83.1752
155.859
38.4658
75.9269
66.6274
87.7927
18.9905
26.9251
107.468
15.2196
58.3384
50.44
250.633
25.5943
37.9249
46.1643
38.2696
36.3811
83.3857
47.2462
97.6054
76.6513
53.5914
131.886
30.8302
52.9105
35.3215
126.747
48.5104
64.0875
70.056
69.4093
113.872
20.7022
41.3673
138.151
38.6916
69.2927
65.7228
41.8308
18.3426
37.4464
19.8042
84.6715
31.6611
77.6655
42.0637
126.633
15.0171
227.378
275.32
31.4545
22.0158
78.3675
63.4241
27.263
141.725
267.553
40.6381
164.404
57.5943
116.312
45.4341
30.42
25.8267
190.573
24.9479
42.3614
23.9845
53.9846
85.9876
85.2538
101.18
61.7057
78.3383
48.4397
41.4862
44.3115
46.6736
41.8108
19.5245
32.171
74.5708
67.6092
31.6905
52.1846
19.1745
24.4324
49.8225
82.4136
95.8635
25.0933
58.68
103.797
34.748
43.8129
143.303
61.5149
19.2501
31.7197
34.6925
64.3734
61.0444
135.552
53.7164
28.7022
30.0786
36.2664
79.4662
37.1523
24.5182
51.9865
37.1692
98.1327
36.8107
56.6028
35.6986
23.0951
30.481
37.4029
98.7997
76.5474
84.6202
152.269
94.5791
49.7563
70.7761
23.8794
57.8761
57.1889
55.0349
92.8168
47.8016
117.635
101.265
93.8421
90.88
106.062
42.7673
50.0782
21.5449
167.89
46.4308
24.4305
17.7727
91.157
77.0811
61.9315
15.3349
102.111
20.6209
40.6151
80.4194
37.7928
43.1811
50.1999
129.005
140.588
57.6352
60.8971
84.2229
49.4604
33.9291
104.498
56.8103
22.6364
44.3093
105.918
86.0029
25.9247
103.798
20.161
70.0455
79.3184
83.0769
91.5287
47.6845
98.3206
161.065
62.7966
59.1653
15.4434
17.3178
47.2751
36.9119
53.0009
15.2815
75.3492
124.606
54.2004
75.1625
46.5311
35.8762
28.3491
134.912
101.939
57.7682
63.5143
28.0061
45.0023
81.528
34.9845
37.4327
28.563
62.4092
31.7445
36.0329
59.2254
36.6717
118.786
41.1798
78.3395
61.6319
48.223
41.6765
11.821
113.692
63.9624
41.192
21.9888
37.3668
42.208
35.7226
79.6909
52.5924
28.9463
45.7838
20.7847
137.847
45.7125
45.7872
79.911
40.3797
36.7774
28.98
63.9193
114.991
63.5808
122.467
16.9197
65.0247
131.703
128.559
24.1722
13.8862
101.664
50.996
96.1511
39.7649
52.4431
143.76
187.302
196.724
39.556
78.3777
57.4198
78.5385
53.0926
47.1116
51.594
101.546
24.4381
68.9039
21.9808
67.6464
59.2638
216.499
96.3674
60.2292
24.2503
56.52
66.3727
39.5268
34.1245
212.03
48.8076
85.7399
82.8201
58.5241
34.3302
41.2684
53.2322
60.0286
32.238
100.398
27.8893
51.2626
25.1859
68.5386
38.5159
26.8906
20.4974
78.6432
36.3429
105.485
17.3807
54.865
93.5854
66.7908
25.0639
56.0566
55.4602
86.5044
34.5365
80.2675
38.1611
30.4606
53.9733
73.8074
83.182
76.6272
108.458
49.1567
48.2009
28.4503
19.4484
35.7663
16.6728
26.4692
174.047
299.298
70.0251
23.6026
74.6036
68.8722
102.503
22.1103
27.9049
92.6884
77.0403
73.6464
68.5885
39.5725
106.415
52.3926
72.9317
82.9894
148.067
43.9016
39.8019
124.811
26.7545
66.4513
51.5691
34.1304
23.8252
53.0791
51.4667
101.86
23.3672
53.5314
151.786
47.0497
39.3651
107.368
81.7607
47.0857
45.1975
17.2308
34.2693
16.887
54.194
46.2887
55.8044
41.1277
92.218
40.0096
57.0985
30.5472
43.8673
66.4348
52.2273
66.0012
44.8447
62.5539
32.9775
121.479
84.0074
94.5716
50.4546
60.2878
145.793
56.3741
181.008
52.9198
47.3492
20.3038
87.3815
47.8774
17.4142
26.9016
64.6815
45.4234
63.2232
44.8448
221.441
62.1878
94.249
56.3443
38.2887
55.5212
34.8734
49.2182
113.118
52.8634
41.3513
39.1566
53.937
87.4384
80.9499
57.8564
174.394
61.491
47.0109
55.7387
140.259
72.5935
123.932
34.3504
34.8274
22.672
166.414
55.9272
35.5473
40.6547
31.6176
34.2909
105.411
38.946
66.6036
45.2561
106.197
73.8201
54.1452
29.6081
83.3003
59.9864
45.2285
98.922
46.4175
24.6364
45.2601
30.3632
129.421
111.985
78.0446
60.2598
113.799
29.9537
40.586
90.617
40.9938
68.0816
27.5426
29.2182
128.711
56.5204
67.1969
70.8893
100.195
59.9343
109.189
21.4082
127.404
130.139
39.3762
214.032
74.7511
32.3893
102.6
18.6185
61.8864
48.9684
41.3795
96.2283
34.0222
152.067
112.886
31.2314
22.4449
85.2908
78.3633
89.4184
28.3228
42.3448
109.459
40.1168
75.5483
22.6159
30.9971
32.7213
53.9597
63.567
60.4299
25.5277
131.027
62.1658
47.2985
30.049
139.558
143.209
252.724
100.605
85.2042
98.1723
98.4068
157.687
96.656
72.6591
27.295
41.3132
33.3851
39.3293
47.3043
45.5684
38.1035
92.3502
19.232
72.8649
51.9821
57.6186
22.0988
74.4043
19.7715
84.3759
74.7951
30.5236
55.5992
45.4889
13.9039
175.213
97.9823
18.6262
24.7798
85.9234
64.6638
36.5935
26.9204
143.449
22.7735
99.1552
67.857
66.7924
110.489
30.1609
31.6557
78.2409
33.0595
22.4159
54.4811
43.4536
136.534
59.0637
79.6153
89.0827
73.3312
70.4829
98.6421
61.241
81.7853
45.3322
31.0754
46.1141
105.224
111.95
26.5308
26.8604
25.7011
44.3529
54.5901
84.0116
14.5182
63.8522
49.5617
120.084
16.62
32.9035
23.838
57.6257
36.3209
44.8685
23.7397
57.32
41.9298
101.43
29.0737
83.9763
133.979
30.6623
114.259
55.6749
47.561
16.4393
19.2027
24.9019
30.3662
76.6867
25.2923
51.5627
22.949
99.4243
32.3996
30.0905
31.5391
82.7616
63.2864
32.3556
159.86
132.768
46.3484
49.2262
66.6279
46.1895
133.441
53.6281
63.0374
36.9414
163.851
42.4523
82.1852
41.5718
42.0823
34.5865
33.8596
50.1771
106.414
45.1834
44.9826
18.3832
90.0315
143.727
25.5175
77.5146
37.3726
45.3611
50.5585
76.0123
144.115
10.2719
64.7691
62.8198
45.6431
67.2261
26.74
42.3203
169.86
102.078
185.612
56.2091
71.2356
49.543
93.1508
54.6502
107.124
47.9465
100.415
40.4933
28.8303
51.1343
107.386
59.0285
52.8927
56.1989
75.1078
163.782
87.8771
44.0331
42.3861
47.5854
139.181
37.9847
73.3742
56.8617
54.1731
127.833
17.9384
85.1053
51.8575
73.3981
26.0487
30.241
42.9656
83.0408
40.7649
76.6954
82.6319
137.098
42.0393
63.991
66.7331
53.1004
56.421
124.657
103.775
38.4491
37.5272
32.6779
133.637
34.4978
108.546
51.2469
41.9797
14.6719
36.0757
17.132
71.4151
37.8739
78.5119
77.99
51.4045
47.4283
56.5244
56.3542
41.2124
64.2123
40.5792
59.2744
56.8737
50.8147
41.0422
182.422
65.9099
63.6758
158.07
26.1575
79.8074
131.793
71.1878
63.351
20.1406
58.7201
52.7452
48.4799
58.7536
48.8647
164.493
54.0948
88.6247
184.359
25.5354
43.5944
97.8015
48.7396
62.8764
88.8004
151.035
61.0356
83.257
34.8029
39.165
97.5438
34.7784
58.3497
45.8962
51.2297
89.6042
81.6471
48.5162
26.4194
29.3554
30.9128
69.271
65.6433
219.6
43.8069
35.611
47.8374
24.9476
28.4462
50.6867
56.1911
43.1884
43.935
49.2957
40.8606
82.0344
24.7424
52.5511
45.5554
162.166
47.298
50.617
163.072
84.6539
138.316
102.372
126.844
71.9137
25.6763
41.8083
68.8144
85.0574
34.1308
77.4184
101.022
11.6463
37.3154
73.4061
55.2385
28.7977
94.6381
118.811
41.1372
21.3918
90.5246
80.6579
20.4096
26.0665
95.3505
75.1215
82.6012
59.8822
10.835
72.5345
38.8885
58.7673
112.915
105.813
113.721
87.3288
101.482
94.216
14.1763
40.3982
118.392
36.6283
109.375
43.1992
44.0251
58.8856
140.453
94.0165
181.766
37.0808
62.9019
33.1931
128.984
105.465
46.7697
39.5531
49.771
54.7673
28.8896
71.4823
36.6626
18.8803
94.6057
24.2945
52.6965
60.8086
40.4973
109.344
102.043
55.8958
63.6816
109.026
52.1111
34.9299
97.7749
43.386
40.8955
140.365
26.9454
76.3916
70.6079
100.158
183.803
57.3574
20.9836
25.3976
95.2661
89.7641
51.7741
65.4138
50.0133
42.172
98.1323
16.1943
61.4762
32.0049
181.695
59.2444
44.8736
105.065
32.1038
54.05
26.1453
41.723
40.4217
164.931
110.47
33.6391
113.989
16.0638
36.358
14.4569
20.0568
40.1628
123.513
90.2538
88.812
52.8169
66.4448
71.6622
35.5971
16.4555
107.705
47.8249
65.4702
108.4
176.549
29.043
13.6018
19.0038
119.204
124.082
89.3597
40.2313
35.8846
35.3271
24.3667
12.1123
22.8559
67.584
119.178
143.264
62.3406
48.0642
50.4397
54.2904
51.5501
185.77
84.4142
74.066
13.7931
59.6023
27.4413
91.5605
79.5431
41.1282
50.1941
83.3047
86.9848
127.127
40.1119
23.2258
107.268
33.2332
84.7422
79.7919
34.6382
46.5015
43.3271
39.4827
78.0344
29.4175
24.4512
76.906
37.1588
143.819
61.0005
121.828
177.587
11.2676
40.1614
40.986
49.3382
103.932
60.0179
97.3636
152.148
40.0856
50.2552
40.9817
18.3565
79.4336
68.223
34.8029
84.8932
29.394
91.0919
15.5725
83.8122
96.759
63.3454
77.4046
43.0727
17.5484
124.716
90.0719
66.5915
36.7585
52.3331
103.43
24.3503
119.19
51.0161
40.4653
81.7391
38.4004
20.8433
34.212
48.3752
264.414
33.6084
16.4532
30.4458
21.1801
50.8515
88.4482
40.0594
34.2795
69.5479
23.5115
56.0969
107.69
58.1026
58.913
54.0024
113.776
73.4829
76.0943
84.5782
35.3691
48.8059
104.781
32.6808
48.8476
65.4964
58.2037
26.5389
111.269
263.305
107.832
115.286
22.4379
90.1595
19.5156
98.3912
55.184
62.4206
104.867
51.2783
54.9368
142.902
49.3295
42.7152
60.2077
45.9453
149.856
30.3254
46.9883
36.5846
42.3146
32.1383
20.8092
79.4865
29.8024
123.863
30.0644
142.874
25.397
113.381
107.546
60.8623
40.0624
18.3266
28.638
31.8026
32.8995
63.8385
232.837
33.4702
53.0724
28.9736
55.5892
59.789
93.9624
41.5709
23.4486
52.0985
69.5366
200.644
62.1634
22.6283
105.931
23.1776
43.0294
76.2483
71.6903
63.4645
29.8122
56.2149
93.1683
49.7596
24.3974
43.6394
105.761
77.4541
23.6277
95.1607
100.788
48.6669
40.7247
30.093
67.3513
42.2394
88.0634
25.5556
13.7082
52.3754
99.3654
42.0106
26.1961
44.1423
47.8968
47.013
47.8437
98.8696
25.1646
37.8837
63.1308
29.3615
36.727
36.2756
79.8291
48.1169
73.0442
51.9288
86.306
164.723
37.5976
88.0038
53.0851
85.4516
34.6183
73.7113
38.447
62.918
30.7252
80.9892
77.9692
45.4476
97.9779
23.3719
42.1868
27.5106
184.711
58.7195
28.2602
43.4281
40.7225
46.573
99.1796
57.3313
18.3431
23.301
62.7921
49.5466
22.2683
72.5788
162.195
39.3235
36.4308
67.4498
46.928
50.9815
47.4668
48.9704
122.068
55.0665
42.8494
156.777
118.093
33.0509
34.2724
29.1042
52.4715
40.4823
28.0314
54.1796
43.778
54.985
50.1702
64.0826
31.531
86.8094
40.7703
141.405
129.23
83.0045
45.8227
16.5437
44.2159
26.7264
31.6717
70.0615
38.2116
59.1771
88.3722
35.8377
82.7659
146.097
41.353
37.282
27.9753
90.9989
57.4047
67.729
97.0913
101.334
26.1027
15.9043
13.9363
17.0072
52.2602
97.4752
94.9685
28.8489
30.5112
36.5944
57.6918
41.0077
55.6423
104.652
61.4826
83.1784
92.0604
54.9529
60.3993
58.5945
45.5057
94.5429
97.9319
28.6983
71.2254
18.8577
54.8988
74.2828
19.0343
15.6732
202.68
42.5838
82.9334
85.7317
71.8133
72.7562
41.4251
95.2216
79.5697
70.3752
46.8667
47.5228
69.955
97.4557
79.4919
86.8179
36.4905
26.4306
26.6246
23.7439
32.453
32.2441
74.7503
70.6928
84.9852
56.9579
56.4176
50.1732
28.8486
65.9201
65.7812
30.3177
61.7491
109.271
103.117
61.1348
20.8593
40.8494
28.6329
50.2427
20.4566
131.916
56.3041
189.635
69.7519
60.868
32.2877
19.2762
98.4894
21.137
31.3623
54.8741
32.8151
45.0161
31.3556
71.2075
113.118
42.8713
68.8036
36.2291
35.3816
65.5361
57.0922
24.9028
24.9594
79.9639
41.9119
20.6592
66.0373
89.3522
38.7772
32.0849
39.5864
125.972
40.5793
37.1939
34.4059
11.6865
60.857
59.3441
101.693
63.3695
19.6789
34.8697
29.1897
90.4798
17.7316
96.062
138.142
72.0114
93.7857
58.0838
49.7823
84.9989
43.8477
18.5041
56.4844
38.0033
34.656
65.7493
22.5477
69.5664
56.7659
28.531
99.0256
49.2231
141.155
33.438
41.5625
37.9816
45.5013
22.018
151.166
29.3915
71.6545
45.0986
139.129
56.7175
51.3556
21.01
20.2049
121.133
59.3132
97.3856
53.0222
131.547
33.6103
31.9668
22.6579
163.141
14.6875
63.4161
24.7162
46.4827
147.319
22.5263
79.6652
111.6
86.241
69.0356
45.0036
124.856
37.3685
33.199
96.2396
162.597
45.948
54.2562
79.8318
78.5432
59.5523
16.0946
62.7795
36.5284
66.715
141.756
33.4567
20.5793
57.3127
149.059
35.615
31.5514
25.8178
58.4208
80.7977
52.9743
35.1892
59.3815
87.1881
21.247
41.3968
61.3586
78.2068
72.9037
82.2237
54.1924
28.6839
172.554
20.9309
168.524
150.358
129.35
29.973
28.6313
61.7341
49.9904
51.0424
106.231
80.6283
61.566
195.796
87.2496
29.8227
66.9074
25.0998
74.448
91.9134
17.777
118.698
58.0757
156.822
122.396
96.3414
39.3592
37.1578
98.7313
93.9452
62.7747
36.7685
78.9547
42.937
153.26
90.6315
46.0051
55.5253
26.9662
33.5067
148.632
32.6026
33.648
64.702
64.1658
30.4826
33.3809
73.3786
33.2408
42.2872
205.834
62.8761
18.0133
37.3944
53.1417
35.1145
42.9401
38.9738
13.0622
75.9325
99.9828
35.977
26.2743
64.4933
98.4953
91.1913
115.216
111.399
81.7339
21.51
78.22
35.2017
39.543
22.7427
69.8907
89.4759
129.764
57.9613
37.3983
57.0795
36.3244
103.015
32.8507
70.9901
30.8244
32.5064
59.8474
133.208
41.2162
61.1324
45.7834
38.8951
66.3342
84.8176
49.3108
31.641
86.8771
50.9618
153.551
42.1476
45.4506
39.1769
33.9523
63.9442
51.8459
66.7012
107.561
54.2017
40.9672
74.2676
69.6354
40.3911
80.2883
95.4496
22.3313
61.4422
26.9439
35.4529
40.1107
41.0682
39.1663
89.1728
41.795
24.3533
23.2438
41.8972
71.9568
60.6574
31.8979
32.935
33.6966
53.8895
20.3998
64.0465
99.8053
149.545
13.3008
32.3529
54.1607
124.915
148.494
46.8188
41.6908
78.2054
44.6079
122.929
218.197
88.931
15.9599
85.1456
122.358
56.1676
73.5114
86.3225
81.5775
82.8281
136.244
31.6458
94.1476
39.1104
119.967
33.9463
150.589
55.2146
92.0463
159.388
155.645
50.4634
65.4457
155.112
54.4749
46.8794
73.3359
24.975
15.9514
26.9136
38.3189
36.2259
58.0269
39.5919
90.3758
16.4563
51.7867
116.41
23.6198
40.2521
113.692
183.162
45.5496
154.868
70.1471
43.4881
43.5031
47.5363
37.0791
59.7701
98.2378
81.3132
113.744
20.5646
89.6226
103.901
28.6154
32.9351
71.1025
49.0179
26.3825
41.7101
62.4959
90.993
43.173
31.4415
62.154
57.7079
34.85
29.0692
42.1521
115.808
41.2609
29.7863
135.115
201.484
27.4496
56.7958
36.9072
156.395
43.1385
15.64
33.6434
48.5548
55.6452
53.9356
108.828
16.3435
77.7902
38.1898
142.215
26.3366
27.0873
64.9234
13.3255
41.0864
32.2164
35.1875
43.2185
9.24431
19.5491
62.4397
59.013
16.9707
61.2156
38.4428
44.8561
29.1823
266.738
33.1587
85.043
20.9428
39.0044
37.5572
41.9477
26.553
55.9662
31.5621
59.0784
60.5155
149.796
238.687
85.5069
39.4709
111.894
31.3676
56.1418
104.126
10.8151
90.8278
223.095
21.326
85.3966
58.0758
27.166
65.3249
269.994
36.2026
42.8557
62.1608
68.9445
69.7096
88.3345
31.4854
136.397
33.4288
101.119
20.9101
63.4779
51.0274
62.3212
18.1434
81.7796
126.036
58.8511
17.8566
56.1773
40.8031
51.3461
18.7915
28.2149
87.8556
37.7005
169.886
62.0944
57.8168
17.4128
55.1487
38.1532
53.7062
65.6379
65.181
13.2378
68.0013
23.6819
33.2602
23.4095
28.0855
32.1919
33.3662
45.9957
42.5286
19.8549
21.9106
95.9526
57.249
66.123
226.036
64.8384
16.9377
92.8884
79.18
165.779
57.5001
18.5902
60.1184
111.337
41.4888
91.1689
120.639
28.0244
186.56
81.7771
56.3085
32.2379
25.1737
92.8221
28.8287
27.7474
52.3594
132.916
25.4593
17.7409
92.856
97.7935
25.0069
120.552
33.4491
95.718
42.93
58.4087
20.4213
131.102
79.0616
131.133
102.478
70.5792
31.6381
54.1782
33.9171
83.4444
32.0142
25.0348
41.4798
50.1748
64.4674
89.286
52.0305
47.6702
33.7573
39.9931
67.3886
91.304
39.5432
89.5959
24.7297
31.3318
62.509
79.1282
105.741
27.9564
48.7884
78.1778
68.1024
24.8085
63.0541
45.7661
82.3883
38.1303
30.5676
49.7785
55.1509
48.4465
30.4596
49.3515
56.916
32.388
30.6833
32.7088
80.6324
26.487
23.1819
43.7175
34.4134
130.535
115.285
43.1644
274.229
51.0371
69.5368
87.7386
38.466
45.3789
56.8551
54.2161
35.057
214.593
34.4536
41.3491
33.399
57.7319
83.7158
48.6347
20.7676
38.9082
81.8971
35.7006
60.1257
59.8919
84.1143
113.908
83.0195
71.5634
76.1529
19.1738
40.5189
39.5049
40.5618
55.8455
30.1604
89.3208
23.3004
50.7674
54.2502
39.013
69.8679
234.59
65.264
39.6554
59.8217
84.8851
51.3652
80.7454
115.424
33.5337
39.4424
43.0287
57.0696
17.7153
76.6613
49.3247
78.9167
29.5644
91.8551
55.0195
108.169
50.5137
37.395
31.058
69.3151
41.7417
79.9616
53.9896
116.614
77.4476
57.6487
91.8933
97.5057
50.4351
21.2458
65.6042
133.612
44.9462
23.927
38.9287
85.1277
52.58
71.4407
121.546
29.71
166.932
77.9528
34.02
132.874
64.4803
45.0142
53.9268
26.1963
110.32
39.7208
107.338
45.1701
19.5537
174.781
133.348
30.1153
27.7112
62.0218
80.7975
138.572
150.735
89.2855
53.9025
40.8877
52.3381
47.1912
46.0672
116.493
31.6384
41.7296
55.9681
81.4539
40.7067
69.4044
63.2448
91.176
35.2008
36.6051
66.2416
86.9828
88.9996
30.5769
64.2267
36.8706
29.3355
34.8374
83.0326
58.1922
77.4411
81.747
43.9358
74.4105
25.1922
72.4282
80.5823
52.4785
22.3903
108.779
68.527
38.728
80.2671
61.1955
88.5648
183.734
74.4901
28.7038
104.701
122.064
61.9386
67.9102
90.27
27.3861
23.7205
39.6276
30.6419
42.5996
43.0279
49.8674
28.1898
67.4421
20.8978
123.715
25.4814
29.5266
31.1509
24.8467
100.626
42.3188
77.151
69.6035
39.3227
65.8401
33.8294
32.8707
93.8593
88.3628
50.9177
98.5467
64.5832
18.0936
56.7029
35.1351
49.6609
93.6419
120.91
190.834
40.5824
33.0177
30.1299
57.5887
25.407
45.0371
27.1
81.5134
23.5971
39.7479
75.7613
62.3263
33.2415
52.6101
36.735
32.9924
37.6776
56.1804
75.6272
141.198
55.0192
78.9271
48.2007
66.2562
105.5
40.3256
37.4777
50.7867
146.427
39.9342
67.7495
16.7981
163.759
13.3009
57.7142
55.2527
33.6952
63.8751
56.3027
38.8392
46.3206
26.647
144.608
44.5752
17.7661
16.9892
171.21
40.2758
115.453
40.7269
32.7739
28.5921
20.5934
24.9987
71.2608
90.5865
34.0539
50.9942
42.4217
40.1518
56.4106
87.7057
196.369
46.619
19.9211
50.7857
79.5825
29.4219
60.133
44.9245
39.8702
66.6764
40.4473
156.612
21.8388
94.4114
17.0485
146.926
30.6913
37.6184
66.4135
123.884
29.9612
52.7986
147.031
33.4055
51.7508
10.3313
22.2418
74.5506
43.8828
87.5955
43.1923
40.2713
71.3728
68.1625
23.4655
54.4386
213.782
152.26
75.4476
15.7478
33.1598
66.4012
32.0824
104.023
57.5486
66.5385
17.8181
34.3274
62.3808
82.1222
45.1894
47.2602
71.5516
30.9482
62.7771
45.1252
37.5855
144.034
75.0601
44.2454
38.2157
36.67
117.218
52.2875
56.5181
73.8574
38.8269
128.577
35.5921
55.496
40.7357
59.4905
37.4818
29.4303
40.0558
92.8661
48.3973
19.4498
82.916
27.3277
44.8736
108.416
41.48
51.1367
45.3712
133.959
55.4416
48.6786
195.815
207.665
100.81
42.2173
27.9092
44.2262
59.6357
47.6154
67.6159
124.282
47.4715
78.4144
93.8137
25.9164
78.9509
61.5297
107.338
60.3965
42.7465
90.2807
40.4421
28.0449
58.019
130.472
69.1199
46.257
32.9629
17.6796
232.244
34.1809
22.6479
85.624
26.9771
94.6429
49.5283
36.4135
31.6694
96.9587
161.89
45.9894
26.3452
133.683
56.4484
43.8632
25.6084
16.9016
96.787
68.7239
34.2537
83.0395
83.0413
61.5391
111.094
34.0805
48.7666
54.234
50.285
97.1873
30.6107
120.146
51.8787
17.118
28.013
105.871
42.7799
65.6169
63.4324
88.0149
24.5603
29.9318
42.4488
72.3416
40.0928
33.7532
62.5805
36.4951
27.8913
159.408
85.8992
168.227
156.277
116.614
51.3394
41.4538
52.2771
24.8862
28.703
63.4402
62.5021
64.7073
39.8776
43.1821
121.549
52.0818
103.553
118.761
37.8083
71.6364
66.9048
171.645
54.1852
28.2105
169.998
60.9724
73.0366
57.8836
179.87
60.7758
76.5635
40.246
56.5381
105.167
28.5381
64.9959
18.6665
45.0007
57.1337
29.6815
26.8488
37.1391
65.2753
24.9474
71.6322
82.3664
33.9252
36.0235
46.7511
73.79
69.2871
26.8093
60.8391
84.8601
50.2522
56.0273
33.7875
47.2486
86.8699
97.891
48.6272
128.42
26.224
26.7633
42.2635
122.261
66.1929
65.8264
38.1224
89.2912
77.8992
52.4683
25.1571
16.1188
12.4179
37.2978
33.1083
23.1168
25.2171
45.3927
131.505
62.7731
54.6662
26.6947
62.8649
47.5345
19.6444
26.7715
42.4497
22.1908
33.4636
31.8647
57.8504
44.0241
65.435
150.046
43.9095
28.6329
82.9058
76.8658
36.23
38.9039
40.1924
95.8289
22.878
34.6432
60.0785
73.7269
27.1588
78.4973
38.3504
29.2738
41.5541
59.1643
28.2341
59.2904
32.2954
33.7748
71.6091
16.7296
47.7559
36.8071
63.4414
34.9157
88.697
40.8819
20.5037
57.265
72.958
56.5108
77.5256
41.3054
104.024
32.5941
44.7507
53.7587
103.122
19.5695
64.7137
23.6835
50.3642
38.3038
44.2894
38.504
86.7321
47.0873
102.662
23.1139
24.0295
34.7338
186.516
28.2866
55.1246
116.348
89.6556
76.0043
63.6287
48.4291
20.8968
124.024
90.1383
21.6343
59.9424
37.2135
38.404
159.118
33.7372
277.14
87.9388
72.6202
52.3705
38.0616
85.6562
39.2555
46.8313
57.4869
54.48
18.8077
85.2566
69.2337
53.6275
31.7777
138.9
40.3458
16.4399
19.1382
54.6048
59.8963
75.5573
32.4229
28.7142
58.0503
72.9232
145.397
50.8658
117.612
117.68
86.6954
13.6542
30.0746
61.176
28.8077
225.348
119.991
55.4338
46.4176
40.945
34.5355
34.0622
92.9352
48.3862
66.3293
9.51694
64.1093
119.194
118.162
14.1949
72.5008
35.5712
29.7647
59.8369
24.0373
51.481
42.7858
47.6308
70.7314
32.0968
76.8319
42.495
63.9283
69.9037
17.3276
70.0912
38.1282
13.0191
22.8489
49.1026
20.2241
28.5217
135.973
78.5845
27.9924
36.669
18.7815
47.8605
25.6784
68.672
44.8361
36.3554
46.6651
173.968
59.3619
35.089
87.2233
38.115
62.0916
64.6572
152.264
27.4283
34.2871
30.6939
23.2487
14.1375
64.1607
38.9554
34.3453
25.865
62.3245
143.744
27.9048
154.072
95.9305
84.6133
102.963
47.6312
47.1816
76.5902
50.5207
45.8747
27.0461
42.7938
102.549
25.6379
21.1166
18.5615
56.8793
64.324
53.5679
27.4437
15.548
115.752
162.994
47.1517
108.331
91.2346
44.1227
62.817
69.486
94.2666
102.498
138.695
122.52
30.693
23.7864
24.1984
88.4347
81.4612
96.6219
59.9932
158.567
33.2105
66.5727
75.7936
166.196
193.994
35.3997
47.1475
97.9279
32.4951
70.6494
42.472
45.739
16.5746
22.7691
61.8253
24.452
62.8368
67.5002
29.6787
59.5148
34.9147
41.1657
74.1628
30.6412
56.0289
170.763
96.3536
64.2174
58.7553
62.0385
199.38
23.0817
18.7349
54.7809
50.7205
34.3341
43.449
66.4586
61.3153
126.982
17.2278
59.7697
59.2551
112.737
58.5697
75.0176
49.0246
64.9499
131.244
135.121
63.4767
91.7848
89.1376
48.0446
38.4546
82.3994
57.2961
40.5322
50.2983
71.1132
35.2572
62.5669
135.536
19.186
62.0188
81.4552
74.0775
21.302
25.2627
54.6141
97.599
132.472
15.6856
42.8628
61.6168
66.3437
49.2894
57.7403
33.8067
37.4131
51.1946
22.7923
64.0233
163.162
32.5839
84.1911
24.8837
114.563
40.9491
112.083
48.2788
34.741
48.0033
31.9262
34.73
30.4338
31.9766
62.1616
24.25
24.512
41.9876
80.2495
47.499
68.7686
28.47
24.238
94.9565
163.832
114.386
49.7704
65.664
47.9736
102.66
21.8327
54.994
155.053
39.5369
62.22
41.5621
37.7154
58.2708
68.9065
84.9631
106.985
25.3352
188.887
59.2909
69.0021
109.799
30.816
89.654
110.979
76.7513
35.5574
34.4223
63.0722
84.8119
35.6438
114.683
23.2574
50.4313
10.7484
52.7165
78.0873
28.3606
179.257
51.2424
22.1105
134.401
88.9489
33.7319
137.901
32.1243
50.6654
94.7272
51.3408
282.143
73.9091
50.8006
35.1806
71.7579
76.4917
15.6231
96.4565
79.5282
131.735
17.8058
55.7523
55.6538
21.949
17.9522
39.8163
10.6156
52.7157
89.0411
37.1984
100.395
233.556
28.895
57.537
24.94
112.66
94.875
72.8409
145.459
35.4633
45.1064
31.1707
73.3314
114.528
87.7597
77.3053
13.8507
37.5475
112.669
55.1737
75.6039
47.2955
92.664
111.052
25.0233
45.5205
63.7818
49.9443
28.4131
79.2617
19.3739
26.6163
54.4194
129.452
25.9873
20.0709
70.7477
80.1739
71.0839
53.2763
37.7129
35.6679
35.974
99.9758
16.2845
33.8767
37.1857
21.2816
67.535
44.4915
52.0345
40.3539
15.9037
95.181
70.2247
91.5626
45.8196
149.839
102.69
41.006
109.259
22.0868
81.3399
76.6656
140.098
122.583
20.2362
110.4
38.0542
101.113
53.5318
41.1766
22.0149
40.4129
42.7831
28.1975
42.5893
28.6978
31.1338
76.3665
13.4428
47.7944
42.4048
57.8706
82.781
64.3168
141.571
80.5483
70.403
46.0665
38.668
40.2668
65.7249
102.964
67.516
46.6068
26.7062
397.501
55.9235
146.934
19.7906
44.5353
49.518
52.0814
57.1399
77.2212
142.929
87.5038
46.0193
91.6991
96.7199
54.4695
95.1149
25.3264
36.7239
34.9738
78.742
22.2051
53.0078
47.55
23.2942
161.675
168.183
29.7875
56.4768
124.334
24.9576
120.131
75.6964
75.4822
50.1008
162.774
35.084
19.4477
117.961
64.4593
23.1251
51.2697
118.792
133.917
16.0282
123.602
48.4406
36.0081
58.0344
31.9812
114.848
35.5151
72.4098
48.2295
52.9899
38.4764
67.3297
44.1107
95.0861
41.2925
45.9059
55.2541
44.8674
43.9215
73.3224
77.9247
90.2385
205.434
72.0169
107.288
34.5916
61.6912
29.4033
59.5679
83.4248
18.9189
45.4374
33.6446
57.9463
208.235
69.4071
17.3649
95.6874
14.8057
106.542
33.7105
56.2994
93.0941
95.7205
56.8795
198.296
35.5852
157.209
38.6549
43.3664
50.8108
105.711
58.1795
94.2904
40.8747
55.0631
96.6243
62.2383
85.5413
61.5774
68.011
39.96
26.959
29.0748
12.6992
233.223
188.891
63.0824
104.89
88.9039
33.3678
64.7408
50.5117
85.1155
44.9998
99.9299
34.7091
30.3249
48.3221
72.2255
88.9677
69.5775
32.6271
44.0504
75.249
20.4203
53.1584
25.0979
57.8495
168.122
46.2679
158.076
124.032
25.1987
39.2972
198.497
46.4236
50.3495
36.6663
44.3006
44.1666
61.1026
50.3044
21.4759
92.9467
54.266
34.381
27.4387
69.9047
52.4618
119.673
41.1105
60.3283
131.798
50.1712
99.1572
32.6232
68.1872
54.4428
49.4497
213.878
125.124
19.2923
44.184
28.0524
57.8106
66.4078
29.3017
64.358
17.7283
32.4144
25.1448
70.2818
27.4827
83.1424
111.573
34.3107
41.9718
27.8311
48.4344
135.182
16.2296
119.743
23.7095
36.0275
19.0201
21.4119
54.7138
79.2941
64.2248
23.5118
25.9198
39.0875
114.776
70.8514
87.1309
91.2945
102.302
36.7872
56.8908
31.055
41.5915
64.3272
86.2281
43.5407
43.8713
47.4865
45.7437
26.0235
30.8656
86.7185
54.309
56.2629
37.8671
37.9611
58.6803
45.375
39.6278
79.5485
10.9616
84.8691
40.109
43.5839
29.8322
65.6655
63.5699
62.3473
60.5726
55.8318
52.4962
40.7557
37.6062
52.2139
44.9556
33.3859
50.3949
95.6312
102.026
26.1979
54.3458
36.4589
31.8071
132.804
128.789
26.3709
53.4352
39.7346
105.773
19.9187
23.1209
137.982
91.7621
39.4353
104.689
43.8602
51.8175
79.4929
49.8528
67.7795
30.5564
29.7585
36.259
106.35
30.5881
22.9075
136.29
6.55886
45.274
88.6695
36.249
30.1457
46.6485
92.9497
52.337
36.3787
144.201
32.0677
57.7896
101.013
35.6861
105.217
85.8008
21.8446
22.7586
189.433
41.2855
123.919
37.3674
50.2488
83.3525
158.993
23.3593
27.1141
25.3958
35.8126
51.7446
18.1378
66.7875
57.8037
33.0573
94.5629
70.0746
32.9855
34.8698
68.276
58.6635
108.491
39.0165
41.4324
138.568
57.3606
39.1452
53.7129
52.7683
76.7522
61.8421
15.8661
95.0188
84.8194
72.0871
39.6898
69.8435
90.4922
67.496
43.5158
89.0374
48.0663
36.6319
46.5658
58.0885
32.2029
29.1869
76.8803
31.4187
30.5534
40.2374
65.6341
86.6071
118.503
62.4067
33.0058
36.5736
25.7887
56.0767
40.2313
33.074
81.7727
57.028
124.004
39.9799
133.752
46.5402
110.654
32.4061
57.5207
39.5921
133.383
52.9558
53.5314
28.2179
33.9378
27.9859
40.6216
65.367
109.561
146.339
42.4308
188.265
100.212
35.8186
20.9503
51.5034
46.2016
27.8464
181.264
94.0059
72.8199
56.2174
73.056
149.646
21.886
259.966
66.5106
67.0372
88.7417
116.146
17.1358
12.1972
37.9876
25.7318
29.7976
42.0682
71.0097
37.4626
85.1944
39.5605
69.0252
81.9436
16.9118
104.831
16.3069
141.755
152.154
41.8294
24.8589
53.3593
28.5873
30.0599
45.8953
46.9996
43.6039
41.5902
29.6323
52.4458
109.372
91.3538
157.406
91.4094
17.8613
60.4279
57.7239
201.547
26.2263
33.8459
89.9849
27.4587
43.8962
30.0437
40.3495
147.875
48.7504
61.6198
45.9376
22.4021
15.791
23.7173
67.1598
131.487
25.0099
29.5563
49.5736
82.1919
52.2371
90.3771
12.0737
42.0617
83.8977
40.7786
42.8826
29.4138
84.3625
75.9668
20.515
39.8817
42.2901
26.2057
31.1257
75.3687
79.523
186.295
28.0503
83.8764
38.9151
77.2339
48.2845
209.233
54.2786
47.4173
100.888
43.9586
113.462
142.67
38.0023
112.084
134.056
77.3944
181.046
53.5671
35.3928
19.8194
93.9959
65.4424
22.4421
46.8152
80.6434
96.5549
30.978
21.0268
86.6746
39.1483
57.5
105.67
33.1326
33.1998
66.7477
61.772
26.126
60.0952
50.3905
47.1807
26.9707
128.401
103.667
17.5969
24.0352
47.6736
58.7116
28.814
18.9226
23.5476
138.28
90.4468
64.4486
25.1137
17.0627
55.7371
13.9864
174.29
30.9016
25.7589
60.2118
31.2676
135.322
64.7978
113.551
52.5607
68.368
22.9621
48.5678
61.568
60.5978
10.9511
76.2189
85.3873
32.2415
34.7822
115.532
65.4849
21.7001
45.5855
80.8949
73.1487
65.5305
22.8038
49.1772
61.0442
40.0145
107.528
151.263
41.4525
33.3525
76.2008
37.3535
64.2331
37.4364
67.516
19.0357
70.3528
89.4038
148.971
46.9338
34.0837
36.1288
54.9985
133.407
34.3038
28.8764
77.2376
104.704
41.1022
66.0198
46.8025
36.8437
163.811
52.7181
106.874
38.7056
25.9808
134.275
57.1185
125.15
34.4556
61.6115
192.753
33.4768
64.5065
59.6245
45.9716
230.684
64.7505
99.8378
68.507
175.077
86.9069
127.617
42.3106
30.9452
25.3958
39.1032
84.4851
86.6188
98.8899
79.061
26.8188
37.8357
14.3879
89.1964
33.2603
41.2302
87.7285
35.1021
64.7881
69.2314
64.4197
59.6769
77.4681
30.9129
92.7253
58.4285
57.7121
77.9061
15.6397
75.5836
25.4442
62.6335
65.8119
37.0303
44.4771
87.3464
78.1598
81.7736
57.6181
54.1293
16.6062
96.3418
112.039
20.4413
26.3049
28.1831
39.8954
93.0239
42.8244
90.7968
18.1441
71.0868
137.437
63.9061
152.202
27.0855
82.7114
122.339
41.7173
55.1211
73.2458
55.5456
32.4856
95.8578
93.2803
47.3574
31.0528
25.6812
52.3784
54.0598
43.4366
52.5686
35.6737
67.7014
84.5204
84.7828
44.7942
56.4516
22.894
32.2653
32.6942
56.3474
19.9397
57.3703
36.615
31.6863
34.4482
25.3894
139.931
85.801
88.9754
83.9125
36.6736
27.0299
60.4261
41.1238
48.4483
111.744
62.5962
38.9398
24.2425
108.711
81.3512
38.8151
33.3519
59.8718
54.8154
29.5711
30.0008
65.1302
102.09
62.6614
36.0604
25.7089
43.1466
53.8064
61.3197
19.3606
62.6231
18.3806
26.5848
22.9002
68.1787
23.0294
81.6407
43.8477
86.267
79.4482
59.1901
43.619
105.74
70.3655
162.772
86.1208
76.8882
39.0612
45.1074
168.108
51.1246
53.7438
65.6782
44.8872
70.6781
73.6906
43.6955
16.2625
44.6035
69.5185
165.542
95.766
63.5069
18.3662
26.7627
20.7824
97.1676
161.688
69.2763
73.2639
25.9427
35.9479
88.2313
59.3575
37.2835
30.8468
106.696
64.3891
13.2402
36.6773
32.7179
50.4185
129.403
66.6499
62.8703
24.4174
85.8338
141.221
29.234
12.0055
111.208
59.3686
42.6299
47.8077
16.8598
51.6823
51.5763
21.829
38.1676
17.8278
41.2087
52.7469
148.97
95.6862
20.8096
63.1234
30.0729
23.7672
61.8492
22.7108
180.798
180.187
46.7758
79.1684
78.5682
61.9747
35.6871
73.5848
43.713
75.3112
22.2236
94.3534
7.60023
46.3124
75.8563
98.2922
43.8629
26.8731
45.834
18.9558
57.4898
95.4445
40.0238
53.0004
35.7537
56.6958
39.8884
104.839
102.152
66.4166
37.4114
78.5402
100.367
67.4592
38.9763
43.9621
45.6291
41.249
60.0877
98.8261
107.173
68.5998
34.8167
92.3969
88.1302
269.168
76.6667
55.6632
108.507
38.5124
25.603
92.154
38.7473
32.5548
61.463
39.6606
133.988
54.1366
29.0339
115.042
36.0306
162.089
125.14
83.1654
53.2351
26.8462
64.4918
39.5796
42.2444
39.4913
27.6911
134.818
29.3476
41.1377
68.7681
168.434
100.769
68.1514
34.3162
95.4833
76.5311
53.7677
33.3035
108.888
27.8735
38.1811
45.513
46.9352
36.4399
20.5794
53.2228
83.3015
29.5285
35.3307
35.4446
141.788
80.4784
220.824
26.0518
73.5319
50.5347
18.1278
45.0712
103.709
37.7545
23.6652
81.7584
35.9168
67.8475
124.167
32.0849
59.1014
79.0517
40.1717
48.1854
101.552
73.1354
30.9102
82.6699
57.8416
109.544
99.2401
31.4519
43.1172
41.3023
88.1807
76.8435
71.3642
76.3842
83.4271
27.6094
42.7961
15.4006
25.6559
73.4233
41.0398
40.3931
34.6904
88.9767
69.5006
42.6268
96.4068
36.0954
38.1069
80.838
49.3196
25.2478
63.3254
145.808
69.3681
23.4488
42.1611
103.329
48.5546
45.8922
51.178
27.8345
18.1206
49.1989
66.6948
79.2838
46.0271
16.7186
40.6205
164.275
37.3932
51.571
34.5299
151.402
91.3356
36.416
45.9446
32.6341
36.4073
45.0877
22.3207
27.2425
74.4773
54.9511
41.8725
75.0995
29.4521
175.849
33.1712
22.338
81.7869
57.5597
63.1727
29.4797
89.8757
106.749
61.2601
26.4358
29.3362
80.6802
29.5625
25.5677
80.5283
147.569
18.4272
95.1982
52.0577
111.088
51.7765
100.625
66.1535
41.4656
24.6529
73.8919
62.7414
32.1433
17.1036
53.4183
41.1921
94.6381
58.8838
63.363
65.3256
27.1024
39.7246
119.261
62.76
27.5423
257.1
43.768
50.8512
42.8555
48.2943
18.9082
73.5528
66.7422
66.1715
25.646
26.2326
32.0616
44.8421
25.1957
70.3555
32.5591
63.8606
33.4284
38.7709
69.361
73.8983
177.946
68.0858
42.4212
72.634
14.8599
30.8232
46.27
9.45859
64.5176
68.1676
24.8625
26.4192
32.6954
64.0352
81.548
26.8391
113.396
41.5072
45.0678
116.158
69.3798
41.5109
66.2809
57.4542
68.1799
76.3396
157.981
75.1824
31.245
111.15
34.5771
38.5331
104.23
98.5891
33.2169
32.065
96.4295
32.4012
40.7372
21.6396
48.3253
59.3192
57.4474
75.3134
25.1881
11.6063
37.1072
28.0167
109.205
70.9061
36.5016
29.654
38.5428
54.8671
91.7361
149.745
56.3106
17.1768
42.997
40.7405
57.169
57.456
68.5016
31.3014
85.0429
77.3466
77.6847
43.3946
25.8576
71.1564
25.6326
18.4206
36.1306
98.6598
75.7948
90.8617
60.5449
36.9792
79.5733
60.1108
152.561
110.769
156.544
37.184
56.9288
47.3374
37.5089
67.9029
53.2532
17.2573
237.806
39.7444
76.0874
25.3036
64.835
29.3802
66.9117
77.8735
137.898
20.9646
139.442
121.936
27.2131
52.5214
46.8191
17.0492
61.3208
71.1358
31.556
51.5305
74.097
38.6357
47.5597
45.0034
32.8675
66.0639
37.0138
47.9365
72.3661
48.15
70.4266
92.0607
37.3439
110.833
30.7405
56.7451
20.0284
37.8858
27.928
141.288
40.7482
45.1857
31.1653
267.677
101.97
19.0624
42.8792
44.7071
47.9594
59.6818
19.0317
25.5484
44.2549
49.3198
43.0278
76.9941
40.9238
10.1941
74.532
29.9488
53.9437
42.6036
49.587
30.3298
29.7702
40.252
47.6608
33.4483
89.9358
28.9462
30.9883
22.879
102.983
33.238
106.821
27.263
91.4508
26.6194
45.4547
112.415
11.8339
27.601
89.5441
76.3569
33.3526
53.6007
23.4043
72.0591
75.2884
21.4795
92.3692
52.8905
24.0478
79.5193
74.8444
10.5999
126.675
54.2545
43.796
47.3272
65.7897
15.2337
42.3943
50.329
185.664
21.6696
63.9448
60.5004
135.283
61.6992
192.385
37.6368
52.2391
22.1235
17.9141
34.372
18.8673
39.0163
75.4001
66.4724
27.0082
20.2351
111.514
61.7723
30.013
93.0679
16.1445
49.8158
70.6637
42.5215
78.811
99.73
52.6215
146.729
136.139
35.2499
58.1903
78.7108
74.8187
69.3876
92.7691
160.233
123.952
31.9957
24.0688
44.3053
100.327
87.6377
59.8339
69.2032
59.0029
43.3983
50.8981
87.0866
112.696
37.4034
66.3205
114.367
144.988
30.9959
102.783
62.1767
20.7434
50.244
94.4544
179.817
19.8891
50.9939
55.8725
48.408
20.6463
81.3056
48.9735
35.4505
27.5442
50.3514
132.969
46.874
61.6292
47.3836
51.0151
43.0957
61.9402
48.5498
38.7368
41.0791
44.1106
51.5567
64.0926
22.3283
56.9818
257.597
34.4772
86.4199
53.0175
73.88
40.1522
49.3597
23.2274
79.1069
23.2056
17.9279
127.566
81.7007
162.951
51.1064
17.1583
20.4952
88.0267
34.5813
51.4561
45.7281
51.9145
62.1538
57.5577
29.7824
108.423
109.379
41.0721
54.4143
24.794
20.6725
39.6079
47.0096
52.7453
61.0042
16.4567
27.6675
33.4235
89.956
36.0217
18.2471
17.5089
60.9737
44.2153
29.4888
104.089
44.6711
51.9008
33.1591
22.3369
31.0419
39.5495
154.274
115.508
37.1896
53.0031
27.8508
51.6756
58.4028
40.3587
29.4404
86.2297
19.2884
35.2162
59.4089
19.1858
101.595
104.387
52.02
27.7185
53.2667
54.198
77.1556
46.7255
53.6266
25.9512
44.1691
26.9239
41.4698
38.6325
60.5139
103.73
31.0671
51.7798
76.2301
34.4186
58.1744
49.4511
78.5013
35.2886
24.2775
47.5463
28.697
26.4395
76.0901
55.0858
19.3206
52.3891
84.2025
28.1525
52.3031
75.0319
20.5601
59.8952
76.4039
54.221
94.9717
87.7366
70.108
30.2292
61.9076
43.0328
35.1813
72.4602
30.0952
20.7401
37.341
43.4041
16.7841
39.2899
44.0622
117.838
25.9051
16.4755
107.269
55.0642
63.6253
38.8184
96.7355
100.592
56.9004
29.165
95.8851
12.7252
29.303
53.9311
92.7824
60.6438
120.309
47.4062
77.0695
55.7828
18.9037
44.505
50.017
42.6795
48.8978
39.951
59.2411
32.7705
18.9586
85.5517
19.8613
43.8773
34.3724
55.5735
47.9114
26.6036
37.4534
78.5499
43.4292
88.1282
14.4518
67.4755
26.7765
181.984
36.4066
177.126
77.6631
54.5338
46.9145
67.3657
56.9531
51.1509
32.151
78.5004
46.2155
102.144
42.0924
35.7674
28.6251
68.2993
71.6054
30.9092
18.6142
21.2893
54.3837
18.2866
49.1216
115.965
21.4726
85.6228
31.1324
41.0539
42.8971
40.4588
251.253
21.7529
39.644
28.289
98.3214
59.6733
88.3644
89.2458
60.8995
43.6587
38.5008
46.1561
17.7532
89.2365
43.3716
17.763
48.8738
121.392
55.8301
32.6062
37.7504
92.8683
91.4154
139.908
21.5745
21.873
108.382
69.4403
97.689
58.4459
50.9731
69.9253
71.0135
61.9003
173.357
160.476
112.293
80.8725
116.526
70.2376
50.3314
52.7053
54.1075
88.6711
61.2485
77.8356
26.1449
28.6826
123.566
32.2134
79.6605
43.491
52.7273
56.1847
36.0248
39.1744
32.1841
128.197
32.8716
17.5949
121.727
108.099
30.7268
38.3819
70.3734
48.3809
9.72847
43.3505
72.9544
173.781
90.5412
25.2777
44.4434
72.2825
63.8262
41.4351
20.2099
72.3017
40.4608
42.5435
20.1438
146.458
75.3786
29.5703
59.2139
99.9183
16.7887
29.5118
113.769
69.0717
46.085
63.8932
65.8714
32.4181
93.5163
100.662
107.099
25.9127
33.9044
186.876
77.3438
31.7766
112.964
230.823
19.6402
26.5305
75.6867
175.688
63.8361
55.411
17.5621
41.7615
31.0686
112.351
47.2043
73.2755
26.2072
22.4085
15.0637
65.3462
31.5261
104.171
45.0289
77.1636
77.5647
20.4163
34.0191
48.0475
85.886
105.107
42.7596
35.6606
76.4096
38.4194
24.3091
69.8704
47.4014
69.3368
35.102
91.8297
102.416
69.2984
47.9655
35.5868
91.2913
64.3938
31.3599
136.59
54.9526
38.5709
14.6856
103.186
20.6469
71.4484
35.6001
72.1024
95.7933
43.5671
80.9562
40.2752
37.2086
35.4359
17.3792
45.6287
27.3018
90.8791
28.483
29.6881
29.3096
113.661
19.3283
71.2404
108.217
34.1124
66.2758
22.923
28.4081
33.952
41.9098
85.493
21.4389
19.5866
33.5957
70.8041
74.728
35.4429
81.9196
67.3357
51.0364
41.7157
40.8071
21.0881
65.7392
44.876
49.2077
48.3714
43.791
117.926
28.1835
55.7806
92.2541
41.6791
22.3868
61.6523
120.84
83.0489
55.6244
34.3412
55.3936
38.9907
37.4472
46.9285
67.0466
68.634
30.5135
46.4831
48.9174
53.2834
23.7988
112.174
86.2432
66.8049
40.4736
46.2906
70.7089
38.143
95.6221
46.0604
78.0175
142.459
56.1368
34.8404
85.7453
57.0275
40.6849
40.8494
61.7594
48.6486
25.8847
47.5932
125.589
129.71
21.8413
52.3817
53.0524
35.6384
40.5637
76.8094
64.8952
23.1659
31.4526
44.2359
80.2656
140.175
129.751
36.0587
35.033
35.6859
44.818
153.316
28.8922
64.8262
62.6209
63.7381
122
13.8023
31.0771
57.3421
58.4388
120.454
216.578
239.192
59.3123
25.8727
41.3031
36.4999
76.383
90.1915
29.2418
59.4513
47.6972
167.328
111.417
35.6577
111.93
96.0164
47.5309
26.8636
75.314
58.4346
40.0376
80.3255
34.2065
34.7508
28.7528
34.4128
38.4454
33.4578
93.0125
29.5626
29.0788
64.0372
25.4961
121.201
135.408
74.3176
42.0237
24.377
79.9367
41.0844
77.5391
28.1437
49.9557
31.7352
78.1968
49.1852
62.5193
59.7424
41.1204
39.7098
121.459
45.1152
54.5722
76.9588
37.6825
65.8875
66.8208
55.5561
71.2332
101.511
25.9498
65.733
21.6091
56.8026
62.2803
60.1159
39.8768
36.1864
37.8288
43.6416
81.2382
29.5824
45.6825
35.6294
51.4814
115.624
67.4013
14.0918
114.427
74.367
16.6749
18.1113
22.5705
94.5616
102.684
40.9574
34.3458
85.2059
25.8818
30.8712
42.0895
71.3929
51.4778
165.46
65.3821
35.5415
120.899
71.8191
92.4604
42.4105
97.365
35.4341
48.1062
33.3306
107.435
187.502
51.8746
74.0235
55.2234
90.5534
38.498
31.0065
27.8163
44.8155
66.0036
53.1408
75.8288
19.8809
59.72
55.8889
68.3272
24.7242
98.7203
52.0912
39.9495
76.7518
30.8614
70.3276
26.9553
92.6518
31.4695
100.339
18.4648
42.7714
89.3512
18.2935
44.3952
27.7595
93.3609
43.4505
36.0483
36.0946
48.3935
100.221
42.3735
15.4016
247.58
97.6145
43.9781
38.5761
51.1858
59.224
38.7842
29.9322
33.3568
80.9902
74.6948
33.6096
23.5818
84.3438
32.5627
78.371
46.103
46.9043
195.437
89.1853
77.2187
169.438
144.661
45.9678
74.9804
51.1597
37.1793
43.3133
20.9507
46.5064
52.9115
56.0418
42.6645
33.5622
88.7504
50.7009
50.4958
105.863
53.2222
68.2113
16.516
76.8962
62.8969
56.1037
24.8243
97.1409
26.7719
29.6111
37.5044
17.7517
31.7897
104.689
13.3467
92.0802
97.7816
59.1142
178.783
94.8303
17.8288
125.924
43.0116
40.9218
33.1699
73.2693
34.7804
80.6658
84.7905
118.437
63.5442
19.4967
124.2
48.8934
62.4339
47.7071
100.532
116.951
178.904
19.2965
31.2148
138.687
83.7038
122.933
44.2649
31.2983
107.015
107.112
58.5044
16.2071
53.8239
25.7507
39.2201
82.0376
83.7877
34.2603
58.0727
35.9025
27.0768
43.8162
67.3819
50.7978
49.3157
76.3719
58.2183
49.5537
50.293
21.3458
42.1348
20.6888
153.6
19.6771
44.1782
126.499
82.9222
54.1558
65.7931
42.3488
137.158
28.7444
46.6889
33.4702
32.559
119.781
32.8147
64.7167
33.8019
55.8566
73.3633
41.06
45.0573
46.8744
61.9112
28.6624
68.242
26.0902
157.007
81.1393
25.9085
94.4201
47.2957
82.5635
52.2191
48.2539
16.7628
26.6487
55.6667
57.1632
104.61
58.9097
93.5363
45.7589
70.0167
69.2909
111.458
46.411
36.6171
27.5141
65.3997
31.2669
48.0809
88.0869
70.7488
71.4176
26.9593
61.3552
72.4426
103.262
17.1167
74.6757
29.0326
70.1938
64.2461
23.1718
45.9577
116.828
35.453
69.5839
75.3654
22.8067
77.8919
59.4505
38.7317
123.359
79.9332
12.2492
62.038
51.3431
177.165
14.1293
49.2176
40.8032
128.71
43.7736
59.7094
51.019
14.8086
76.8225
36.8573
90.4876
144.053
69.6621
39.9207
58.7621
36.382
66.8251
77.8743
66.1716
84.8564
40.4994
34.9865
43.9578
72.9305
41.7177
64.505
14.9761
131.458
34.2625
52.0231
35.764
13.509
80.6282
41.9263
30.2045
81.3832
32.2703
72.3073
98.2862
200.396
29.1823
56.5761
31.1613
52.07
83.5884
26.2518
48.3098
77.1172
40.5396
17.9099
14.6312
70.5296
90.7685
146.733
43.4338
46.4541
76.0291
30.6364
49.7734
65.1191
24.9888
28.9457
153.907
34.7959
26.415
19.4281
123.689
71.7697
26.8233
67.4922
31.602
60.3573
101.646
99.852
29.2537
132.05
100.034
39.7009
57.4964
53.1051
202.162
226.918
65.5043
18.2697
40.9253
81.903
62.6049
99.7031
56.8301
33.7735
118.685
39.8398
52.0643
85.7965
117.557
56.6669
62.2972
39.5845
121.115
78.3509
26.1284
83.2601
170.021
32.7168
85.4606
84.6356
21.8015
75.3901
34.1799
113.996
46.5951
74.3344
34.5196
201.677
83.4878
63.3445
12.0842
51.4135
21.7577
58.8009
45.1958
105.104
33.1073
61.8137
66.7356
34.3076
21.2674
157.121
83.1711
108.314
26.6952
145.433
83.7248
64.1228
123.801
58.689
19.1166
18.66
76.0932
180.892
69.1318
40.4508
18.3976
74.3179
50.0876
59.4354
44.8964
41.3222
34.8951
276.606
79.3825
16.8566
43.7873
103.215
110.915
70.0452
23.5975
56.685
92.3004
41.0605
35.6874
25.1981
189.462
20.8014
182.362
56.3001
48.1576
45.2369
14.371
22.252
66.0563
127.608
30.1222
28.7933
145.201
51.9049
62.0316
45.3389
62.6772
84.1333
80.3535
12.2238
67.6688
58.2258
47.2599
72.321
84.5467
30.613
27.3514
88.7955
52.8054
55.8643
56.7939
103.449
100.57
85.3228
104.096
33.0821
51.7204
37.6756
17.6051
47.6037
25.2193
74.5687
101.594
35.4294
34.8454
20.0082
67.2013
76.2108
28.134
75.1278
30.211
50.9874
140.241
57.7957
104.013
34.7041
50.2227
58.261
10.1265
59.6288
96.0273
40.3747
27.926
16.3802
39.3472
45.3957
35.2149
111.998
54.4623
44.9893
9.26248
63.2823
187.898
33.1476
70.0914
116.92
81.6556
58.0001
84.5992
41.3338
35.4292
40.6519
138.856
30.3212
37.2335
76.8561
31.1918
50.9591
34.2319
120.649
62.0205
21.2205
64.0469
14.9193
61.3231
89.1095
20.9405
64.1523
56.9063
27.7247
103.251
55.9393
30.4559
116.236
60.9365
194.235
28.2691
39.301
62.5655
54.9465
89.454
93.2066
91.7041
75.974
29.1524
54.6818
68.9726
85.7827
35.5223
37.0715
29.9212
41.3292
64.7877
27.2069
45.398
36.3712
57.7088
129.612
78.02
40.5173
42.9496
88.8675
147.333
36.0649
111.519
90.7247
53.9576
22.5932
24.7397
52.0058
67.1885
66.2801
24.7669
61.359
41.7107
59.3292
32.2746
35.8887
92.6706
55.8616
49.8798
47.2844
68.0696
66.2856
103.188
110.469
49.8265
38.0641
38.192
30.5357
53.1286
60.1115
57.6738
38.9215
47.8756
18.2298
30.015
22.7083
67.9797
21.1142
40.7631
42.731
95.6992
26.3055
35.0217
57.6615
29.7238
30.5724
36.487
144.557
68.1585
46.9734
22.6913
106.347
39.6633
64.8822
92.7621
42.626
34.8088
53.6052
79.5374
110.834
115.447
60.4917
74.3904
88.8977
55.0131
22.6385
114.274
60.7836
105.24
55.6424
94.9175
40.1798
103.884
85.2913
74.6264
14.3069
36.2292
56.9414
28.9265
318.587
49.1262
86.0756
38.9584
50.8918
39.7971
24.2211
49.4937
64.2277
41.7856
29.3276
56.8503
88.5063
41.5398
101.333
35.1473
107.206
63.6805
45.5234
39.6379
42.1263
45.1771
56.1987
65.413
32.9392
56.7574
53.9819
98.0198
17.7375
53.8199
38.1052
24.5683
17.637
26.7576
259.174
38.7637
25.7411
20.4876
48.8555
74.8881
79.4223
68.9823
88.0301
41.9603
44.9314
50.9232
27.5457
96.8988
47.9673
38.2653
61.3639
34.2692
32.3451
43.3156
23.4734
59.5289
36.7083
76.8646
130.61
44.2498
84.0305
16.167
48.7507
88.0114
27.9713
22.1498
23.9868
35.9462
33.8537
65.4627
55.5657
32.781
56.8867
43.8111
70.6184
86.9831
28.5907
145.162
38.932
26.8446
37.8676
75.2939
87.7271
62.4407
137.26
32.2616
202.829
66.041
31.3816
36.2885
119.857
101.595
47.7427
24.3808
18.0318
37.1619
93.2499
20.3176
26.4668
64.2243
261.167
36.8389
97.5825
41.2974
73.7889
99.3479
34.5325
26.1435
43.9011
29.6925
39.9675
57.1304
54.5079
32.2534
106.048
105.89
102.436
76.6365
50.3201
29.0272
63.1547
41.786
33.7573
76.6431
47.5203
85.5177
24.0453
32.4098
71.0924
172.655
44.2151
45.3906
66.5037
49.7703
40.8216
86.8903
39.0936
38.165
49.5906
73.9078
65.7569
148.78
18.8119
127.48
13.9453
105.618
28.2107
203.983
206.078
20.8914
102.432
42.4608
28.7915
53.3681
60.1636
50.587
82.3979
54.752
20.3974
69.3693
60.2836
50.9617
64.1345
59.5103
50.3827
37.5815
74.7531
27.5857
24.3587
52.7988
68.4912
34.6748
107.003
115.295
25.7821
52.6709
42.0667
21.5552
155.755
54.7369
61.8731
136.459
37.9051
34.2361
18.99
39.0551
58.7621
100.004
62.1966
37.4229
30.3253
59.2837
71.0402
55.1804
26.0182
50.0969
117.535
50.2021
137.898
25.6341
152.481
64.4802
39.4547
210.616
49.3836
50.4479
27.761
23.7409
28.3613
113.796
21.3484
64.9954
30.2403
30.1405
219.019
115.918
58.4491
40.1615
30.9904
135.045
34.7537
46.8142
76.2125
36.0502
146.658
75.9439
56.351
49.0059
23.0217
66.2758
52.3841
34.1833
74.3013
32.4688
65.6557
33.6095
95.9059
76.6613
164.442
33.3544
172.975
87.409
64.8582
25.917
102.744
131.4
73.1876
151.544
46.4598
26.08
22.8856
29.9908
33.1989
46.9041
38.9856
25.6006
35.5321
19.8647
34.6796
34.0579
51.3513
33.9664
24.1201
65.2993
55.7153
28.3121
42.2575
43.6789
49.9414
139.947
49.5813
73.6369
23.5265
22.567
62.4609
20.9166
52.8025
17.9428
53.2571
176.471
55.7196
108.925
37.7392
49.1272
26.4887
42.8797
12.4226
47.9319
86.1185
99.9126
45.6117
49.4574
58.683
45.3044
34.2275
26.0949
47.4437
46.2955
38.9491
92.037
51.9277
57.346
82.6201
59.7343
47.1634
146.937
32.1676
58.7795
85.838
81.8331
73.2616
83.8331
63.3568
26.4124
17.1964
107.489
25.7819
71.4585
94.2664
39.0733
81.5018
76.3659
29.2208
87.2473
149.025
27.7797
77.5677
24.6493
129.93
197.987
41.1477
36.667
115.265
32.4918
84.0817
47.794
95.9917
67.752
30.1328
23.7205
101.198
122.068
30.1718
26.8162
23.6481
109.845
44.0991
27.6095
37.9128
18.0963
170.393
60.9186
18.6602
22.4937
142.082
117.862
66.3072
37.803
31.5955
41.0635
60.0206
81.2676
34.9841
35.2327
52.6015
47.023
77.9587
110.255
23.3627
32.0504
29.685
27.8347
38.1936
69.2621
31.2418
58.2678
70.7088
66.0077
62.0772
86.8373
90.1244
80.7431
33.2444
63.6694
55.0267
100.019
44.3233
65.4922
27.5398
47.4534
69.6158
69.4619
106.829
45.0196
65.2144
91.7814
34.6891
185.388
53.9606
30.887
48.2906
72.4747
64.7207
68.2395
84.4237
145.117
164.159
58.638
77.384
31.0637
46.8514
55.4312
35.7564
92.5188
32.7316
40.1764
57.2104
29.6684
50.8481
36.4055
44.058
110.064
53.6697
28.7391
45.9396
57.1233
62.4919
55.2688
106.073
121.097
19.232
109.05
106.456
34.5987
35.0559
20.1229
56.0399
50.9879
65.6562
31.966
49.6652
73.6766
100.938
59.8577
76.4477
42.8583
56.1673
63.521
107.806
31.8353
67.243
21.9234
60.9301
185.919
43.0098
92.6534
54.5372
46.5644
37.693
21.7499
67.1683
22.2174
40.0965
94.3858
23.3207
38.7785
61.4587
56.3866
97.159
37.0277
43.8541
22.2339
21.275
36.0239
37.2222
29.422
64.2446
83.6945
65.24
108.571
19.9285
43.1144
25.6923
102.743
55.9159
37.9226
40.0664
78.1746
200.465
16.0565
94.0244
42.3399
143.934
38.7899
61.0408
82.3698
148.115
68.7461
85.4284
46.8646
20.6771
15.626
72.9852
112.767
27.0916
71.2579
62.6594
51.1235
33.3621
92.9263
85.0803
47.5727
49.9547
101.305
85.1224
128.098
62.1922
19.2767
24.8992
108.428
31.795
43.2178
87.5456
25.8152
93.88
24.8975
35.6991
28.462
36.213
18.5035
82.2964
116.177
150.757
65.4451
118.729
264.745
32.3604
38.28
164.439
36.5181
36.6301
22.5452
77.8227
24.9994
53.2657
94.1065
53.0965
85.3417
63.0646
57.1352
82.1892
80.0824
29.1025
12.3668
39.2345
71.7039
60.8785
49.025
88.0917
17.4979
24.307
78.2837
83.5594
166.674
65.437
35.3499
54.7407
129.42
93.2908
34.3511
21.5826
64.4141
26.5324
70.3053
73.8597
51.3245
31.0793
138.69
45.3763
44.9949
34.6117
84.2064
27.4042
29.6286
37.0957
26.9247
35.0366
81.2661
57.9796
123.608
27.1927
15.3799
117.67
33.661
20.0517
43.7972
25.1768
80.7705
18.7264
45.2292
129.073
108.539
45.7964
75.5008
26.855
24.9115
80.0517
15.8951
53.7721
77.8345
50.8628
100.788
142.427
68.8195
26.6121
70.3224
19.6894
30.1311
30.5123
48.2268
23.3774
61.0582
62.3827
51.7575
58.3425
33.9786
77.6474
102.606
61.3043
49.5196
18.6641
73.6608
86.8085
87.2365
146.656
84.1614
72.274
30.6353
40.1807
49.619
219.038
59.8654
81.8039
38.6219
89.7308
25.1141
49.6067
66.8942
35.9672
72.6121
39.1433
68.2768
22.0923
16.3559
66.4938
61.4539
32.2532
117.541
26.0363
29.6086
41.7779
69.3875
95.7573
53.262
64.6013
34.1392
14.4505
36.1275
60.6165
36.4097
95.9186
87.9953
61.1056
24.7893
101.142
47.9215
24.9156
23.2589
39.7131
71.3565
17.2664
39.1189
53.48
44.3689
163.416
20.9409
34.1294
83.0514
74.1198
32.7346
50.0281
72.5785
57.1356
132.328
82.1025
84.2867
94.8832
79.5817
22.0818
88.1698
82.4045
44.8569
78.3742
35.2209
34.9667
47.0683
66.4002
28.2061
26.3229
65.6971
84.3786
104.888
18.4585
53.2963
134.551
49.0844
52.4432
23.2576
27.4635
30.1009
89.7986
126.795
13.2748
29.393
80.8922
44.3108
31.1056
73.6337
101.516
96.173
36.5886
45.404
23.8815
56.8591
29.0686
55.3319
81.6689
93.8163
92.2554
60.2871
59.3627
43.2798
21.3687
17.8256
37.7508
44.141
33.1489
81.9849
36.6534
33.1812
62.5705
32.6776
70.0816
79.6733
13.1411
77.9024
69.2093
96.2453
136.242
58.3326
58.1524
66.4938
36.9032
64.4797
31.57
65.0077
15.9108
121.685
49.5357
25.4991
81.8362
24.4371
81.8146
26.2377
64.0664
52.6029
76.0167
30.5157
90.2122
53.733
31.3521
68.9155
42.559
42.3614
36.2486
48.577
23.2022
51.7898
39.8097
88.2244
98.328
32.4264
26.5844
153.112
106.913
146.79
135.403
53.391
21.8341
23.9978
38.5714
34.1566
50.6187
93.1988
45.5224
77.4053
67.8495
234.151
18.8868
110.46
95.0368
49.4189
122.52
27.1163
49.0853
116.392
69.6368
23.6266
37.2046
32.3247
55.1846
44.2572
31.4902
72.135
89.2525
51.9271
131.149
21.7418
49.6058
58.5134
17.5606
86.5717
25.4073
65.1592
28.5089
63.2252
54.5079
60.4733
79.5105
24.8586
25.1372
30.943
41.9587
42.4875
25.273
53.7111
32.1216
37.5326
27.9065
45.1996
271.068
24.9017
41.6463
141.535
39.6635
16.8546
38.3225
96.2367
29.4984
45.8298
17.2552
40.9308
41.8875
76.0302
31.6773
39.7513
44.8239
66.4062
16.9034
65.5742
94.3433
73.3339
44.4703
70.4737
87.7655
54.543
42.8097
202.421
25.9418
38.451
62.1288
76.5744
57.0269
101.384
40.0319
71.3722
18.4807
20.2095
132.81
21.8271
36.3505
161.589
116.344
61.9159
56.3273
97.9367
125.544
17.2288
28.9869
52.2071
46.5635
33.6873
34.303
53.9264
36.7777
40.8135
53.4595
61.4525
61.3152
36.5984
48.0543
79.6298
84.5244
65.8753
167.224
32.0718
122.616
46.1078
37.2565
35.1126
108.566
25.2687
36.7596
44.0197
110.845
50.3488
145.587
103.687
120.866
36.8635
33.7385
41.5608
70.1599
45.0234
58.2035
17.3577
39.903
23.8398
39.263
192.646
91.6308
51.7706
70.7274
38.7476
24.0211
28.3992
49.0362
50.0962
65.7294
35.2767
48.4203
38.6514
44.3728
46.2489
47.1535
86.1615
46.9578
40.8317
26.7823
55.3119
33.1051
32.0424
79.1892
40.0759
34.4245
44.4861
25.68
62.1836
51.786
46.2521
62.4038
44.1954
56.2577
182.085
35.2406
25.4406
33.7462
196.792
23.4809
45.7324
98.8383
155.043
166.644
34.426
37.6723
30.9039
36.398
74.4168
24.3373
72.023
63.429
24.9864
13.4456
54.8944
62.9206
33.3969
47.8146
89.4031
26.6355
52.8928
25.9178
15.1328
48.3328
61.7232
12.4329
14.1715
105.683
143.489
75.4215
104.336
42.6316
73.1084
51.3104
26.1805
39.0401
241.375
117.267
30.038
20.7045
60.4309
142.518
77.8688
70.5215
39.9034
22.3107
73.7399
30.4538
40.0619
86.2
20.9638
55.1514
72.6292
52.3515
54.7035
53.205
42.2892
21.4012
103.889
36.722
88.2408
9.5903
52.5601
28.8023
29.7385
45.9244
23.122
47.4199
104.285
21.1329
46.1406
31.6834
112.543
66.8319
97.1778
33.5068
99.3831
26.9998
41.5639
65.7693
46.1025
50.4108
33.7616
29.3042
39.6317
37.2874
17.5018
49.4714
37.5364
56.7779
56.807
40.7652
97.5508
48.6414
27.8958
44.6222
28.4966
162.69
47.7123
37.5283
124.215
43.8267
41.152
33.9624
80.7626
33.9594
27.1507
173.176
29.5993
38.8072
26.3418
38.9166
68.0435
46.1413
91.5122
32.5159
17.5044
21.299
207.283
104.567
55.8456
24.1072
47.6581
86.5012
31.6672
52.7382
23.7094
56.8212
78.4471
98.8488
176.636
83.8461
67.9783
40.2122
55.3632
159.529
108.24
52.8409
74.273
74.4399
21.236
55.2503
39.4055
25.3687
60.7834
53.4311
66.6788
56.562
59.4918
134.201
66.5023
16.8886
48.9572
100.161
99.9436
32.6498
46.1083
51.9081
35.3175
43.8062
44.8624
84.3836
39.292
54.462
39.4078
33.1026
39.1977
48.0918
60.6346
41.3993
37.8462
20.8476
59.7427
51.3235
68.2392
71.5193
48.1891
28.4529
106.49
16.264
57.3289
138.997
11.7941
117.654
37.2926
37.0021
54.9844
78.8962
59.555
44.1018
39.0081
101.222
49.3345
39.0559
108.381
19.2923
35.4799
47.6691
115.741
28.7849
87.2079
114.259
44.2599
144.761
53.2091
75.9449
71.2659
113.904
120.298
97.0908
74.3661
61.3427
48.4102
42.4575
49.0145
87.4587
21.7433
213.367
141.941
41.7753
101.071
24.6964
43.9513
17.7945
36.3824
86.0428
35.4057
79.781
18.4296
50.168
132.698
45.2348
22.8221
58.0663
41.248
42.0758
30.8486
39.0954
39.2567
36.4132
50.2534
18.1382
176.578
37.5731
41.3752
54.4224
19.4889
39.0307
30.9573
21.2954
59.2831
58.7404
99.3788
63.6642
34.2137
20.9615
25.1627
74.5043
157.841
55.2096
110.763
26.1359
53.0478
96.3644
21.6651
115.826
26.024
59.8119
45.3874
22.8095
143.367
56.2889
43.6843
203.602
49.0541
95.5717
17.6773
83.2355
98.095
33.341
47.0321
87.1485
38.0321
29.3911
91.8117
35.6116
57.696
53.407
83.8668
73.3616
25.8569
19.1564
11.4583
111.936
34.397
54.3859
89.1697
42.28
94.7549
78.9004
49.4094
37.4933
119.091
52.3032
51.1592
74.2887
81.1284
63.081
34.1619
54.2999
103.543
122.636
63.9746
60.6228
135.305
116.512
80.1532
44.9333
100.808
46.0726
45.4266
49.7695
23.0577
30.6959
26.2182
91.4099
14.7614
89.3056
49.2462
83.7961
36.3835
49.6396
51.0415
26.7533
53.2948
25.6537
49.3026
80.2572
30.3468
101.305
40.0192
25.1694
94.3773
35.8882
48.2459
51.8041
96.7907
45.834
142.417
69.3267
90.1872
73.1376
40.1752
27.1224
63.8464
189.518
39.282
77.2267
75.1318
81.7738
43.4268
119.471
61.0669
130.395
71.7734
16.3063
22.4431
48.5562
37.9553
115.318
86.2502
40.0796
28.8502
33.2752
47.2142
100.394
73.9322
61.7947
57.9708
63.3716
60.5694
39.3617
65.3291
18.831
52.8353
51.8797
29.7151
85.9021
50.9486
47.6135
138.777
103.105
82.5435
40.0305
15.7301
43.765
27.4259
84.7106
92.8286
40.8212
44.2771
25.4182
61.4863
45.1323
93.9561
92.4383
36.1653
66.8416
34.3885
45.7347
56.4274
46.1812
70.5621
91.2428
78.3811
80.6829
89.4168
42.6498
47.0567
68.9694
52.0431
38.1792
92.0499
30.1447
34.057
18.7076
29.9219
25.2519
40.8002
22.9618
23.5153
51.6063
65.5218
52.5662
47.5719
60.4406
35.8797
35.8743
32.2076
148.854
88.1779
68.9406
29.3868
61.4453
62.3487
62.1032
53.3834
76.8562
55.5698
45.7566
57.0241
47.0611
20.7766
24.6023
44.5844
61.2967
45.9391
88.2332
60.2022
41.6164
27.8953
23.5256
39.6746
28.0687
43.6474
43.1731
52.4762
23.1084
33.9474
111.478
167.993
17.1196
83.6798
59.9649
103.734
88.2582
68.1826
57.4391
33.7426
85.5093
77.1144
20.7348
48.3424
25.2323
109.412
24.1759
40.7539
37.3257
49.7209
72.6224
33.328
150.029
88.936
165.87
29.7943
31.3476
25.1991
64.5574
127.534
68.7872
13.8001
33.4982
16.9914
133.258
49.9857
21.9644
52.811
31.7194
88.8424
65.4007
36.3245
51.7386
63.4309
75.8295
93.6851
73.4235
40.0853
79.2168
42.7787
77.1264
53.1181
36.2625
47.8492
51.3176
53.8332
91.5732
89.8949
33.5485
30.8777
56.9565
122.503
20.8857
63.8409
23.2824
43.3516
98.3117
44.198
26.2097
46.7373
31.1312
31.003
111.47
32.1307
28.1762
21.4826
38.7523
64.6311
29.943
116.578
48.6193
64.3686
201.164
27.19
79.1284
32.0754
77.3919
32.3992
56.5382
47.6211
78.6042
40.8811
21.604
21.4602
122.024
36.1632
27.3285
10.9226
107.445
59.1274
48.7081
45.4617
29.112
93.3963
25.3354
119.882
38.8013
63.9121
68.7521
66.3207
32.6751
63.8015
21.1776
96.7125
74.0824
32.1138
141.791
144.433
66.7139
19.2109
54.3814
73.9958
47.3241
39.6074
36.2939
103.41
50.7158
50.4025
75.7947
19.9503
132.689
18.9325
131.378
82.6407
46.8612
80.8818
26.08
54.854
85.8372
37.232
58.1932
42.8773
57.2309
38.1757
23.2635
102.976
68.8156
61.6789
38.0256
38.2694
112.739
81.9941
60.0256
19.67
87.4466
44.8624
26.6656
25.0168
45.2368
62.9475
187.913
114.446
67.6117
25.31
28.4254
49.9854
59.3841
49.8162
68.8109
76.2407
104.11
41.9743
32.0033
20.7927
63.0004
93.1967
167.148
83.1811
66.1486
22.6379
62.7667
32.2122
37.5177
37.309
51.4724
47.8344
109.247
33.1045
46.5861
42.8174
74.3469
66.8687
231.752
59.03
63.8275
22.1168
41.596
121.373
57.2229
102.93
19.2142
39.2654
53.079
27.6657
29.6296
67.3563
76.5458
47.4726
87.8148
25.9411
49.7857
47.3644
20.4895
130.375
15.2294
61.9142
91.6134
36.1725
67.1087
15.3149
80.6923
61.0538
41.5903
35.5444
41.5833
53.5842
15.3316
54.771
59.2851
35.481
97.996
102.243
68.5017
36.4613
152.79
46.3928
14.5326
83.5
61.45
159.407
97.9493
41.8011
46.6356
104.155
161.294
36.0536
63.7641
93.5633
66.7353
92.7286
148.574
108.061
36.1821
25.4378
22.027
20.8558
33.3263
116.122
65.0297
31.3122
106.444
54.3658
49.3001
34.9134
47.9354
68.6451
49.7891
24.2844
50.7647
57.6874
25.3689
64.8504
53.0821
55.4804
125.49
18.0088
96.7332
92.3183
33.609
29.3736
38.8327
42.0959
74.1188
26.9441
68.6114
19.5575
55.7108
95.702
96.0331
81.2281
54.9383
51.9742
60.2603
14.9861
20.0771
31.1439
106.443
20.5257
134.483
18.845
15.6145
17.2831
66.5543
82.9087
83.9756
50.0857
88.8913
55.7911
82.2151
25.9397
26.1385
68.4747
182.546
12.0832
48.7205
32.1397
49.1778
112.407
148.319
52.6738
25.6733
38.6393
70.9418
24.4223
102.762
48.7114
34.225
57.1885
66.2768
93.5739
83.7735
111.87
43.7353
98.3767
15.7691
51.5808
54.1965
41.5707
28.7049
85.0941
85.291
55.0485
16.1415
79.8472
51.8255
95.3471
34.7374
81.1429
49.1107
37.4051
41.5806
123.389
75.799
90.9842
29.5238
72.0601
66.5991
91.6696
65.4921
68.6594
23.5457
60.003
60.8983
34.688
145.528
72.8446
28.9918
72.5387
213.929
35.2384
43.5306
40.3757
49.896
34.7568
35.0884
61.3034
60.1906
97.7339
135.415
138.346
60.0763
90.8864
68.8215
33.2299
171.913
14.513
55.7385
22.9543
92.1995
146.152
65.8662
52.3155
17.9248
54.9446
46.582
55.443
161.536
78.454
33.2814
28.8622
34.4424
40.9868
29.9961
28.9344
45.9847
33.0971
47.1816
21.8921
153.828
69.3523
93.8966
35.9899
73.4524
34.673
38.5054
67.8854
44.5875
58.5891
45.8552
115.157
72.8739
61.995
51.7034
113.334
127.971
117.853
24.4925
22.3764
121.145
50.2501
76.6697
60.7771
98.8126
58.3933
43.1197
38.9456
63.0326
87.7489
46.0121
55.8631
44.6856
140.988
14.7733
76.4048
85.8143
88.8999
55.7713
126.997
60.7181
56.3664
79.7296
54.468
39.2297
53.4214
39.3705
45.6859
92.2981
76.8018
116.594
144.318
88.8159
100.435
23.8425
93.1072
51.7831
87.9665
44.538
81.2982
48.7779
35.486
41.75
19.6302
81.7814
77.8563
80.4097
62.6857
21.6269
30.4609
30.5819
125.599
38.2208
18.0815
50.8449
44.4456
40.6958
116.095
26.15
27.0236
17.6661
39.2522
29.8328
100.39
33.572
38.0362
61.4052
112.879
115.667
104.37
95.6643
48.3196
20.0131
82.1334
67.3179
44.5555
65.6016
24.2049
30.2825
152.817
47.8636
81.9026
38.0086
91.8241
48.3938
52.3187
118.834
85.3986
43.7982
23.1231
16.3418
98.7998
45.1081
37.5677
46.662
59.8025
68.1567
85.8898
27.2782
59.2133
58.9278
76.626
41.7375
28.4976
43.2916
50.1821
100.686
46.2573
41.9774
19.1887
66.4972
46.5485
49.0534
45.0859
15.955
28.4766
71.1836
40.0769
56.6053
59.753
46.7339
34.9925
104.528
29.2025
40.8936
16.9399
34.4401
269.392
35.4371
62.9971
41.687
83.4276
114.923
85.8952
46.3875
35.1452
44.1261
51.3919
30.1877
66.6401
51.2834
37.6955
57.9558
41.3631
84.0746
94.6555
87.9718
66.674
22.0759
73.4323
38.8318
49.8856
113.089
32.8268
36.3594
99.7707
79.7069
55.3569
42.1088
51.0562
36.9067
15.9357
85.4481
100.763
40.7917
75.8721
23.3517
19.1479
53.9199
29.0823
190.344
32.2113
44.3486
57.5638
51.3605
33.8745
23.7893
183.666
123.276
19.1031
58.3591
130.797
37.3212
34.594
16.1995
66.0607
42.7958
99.0081
111.105
46.4071
118.244
82.8477
42.7184
100.512
49.8666
27.1863
37.0538
31.1168
62.2799
33.3645
101.502
32.247
25.2978
54.537
31.5005
69.6142
54.5672
32.186
49.6786
55.4067
59.3898
132.54
77.5288
40.4243
72.9031
14.6884
13.5788
48.4647
103.138
21.5987
46.3856
100.356
63.9703
57.2965
49.2197
40.4652
44.4433
114.599
29.3433
65.2071
235.587
118.995
54.9323
63.6338
31.4906
13.7151
28.5643
16.3749
24.0882
77.8835
73.7186
49.3959
28.8057
24.7488
113.266
36.3023
20.2279
32.2316
34.635
28.8966
36.5515
150.419
44.4535
70.6323
100.851
42.7643
31.6485
55.9043
71.6552
25.7237
178.572
45.3003
101.949
76.5154
70.3721
88.6455
77.3186
19.7885
132.663
43.4244
33.1794
13.3771
56.3153
60.4936
158.554
27.8342
44.6679
39.9987
7.27699
106.422
55.9785
188.737
59.7831
147.376
63.8344
16.0896
87.8405
30.4951
30.7874
24.1851
63.264
44.0019
45.7414
34.8966
134.894
16.9251
46.0952
63.9909
56.6102
114.669
179.701
44.9937
46.5333
62.4711
35.0783
66.7083
98.3108
78.9133
25.5255
12.4089
146.189
50.7999
44.9138
41.4477
21.5047
51.732
251.042
30.7174
29.1467
41.4358
37.2805
60.4791
53.2925
30.8282
102.708
18.4419
49.6051
83.2047
70.9086
68.2463
120.179
29.9958
70.4386
39.3043
28.2776
23.0916
41.9406
31.1078
37.8392
48.1393
74.8433
35.0913
69.998
51.1703
17.0642
72.9002
41.175
185.741
92.9545
64.3608
26.3598
146.291
38.2525
78.4865
38.1128
109.572
42.1518
53.7393
120.032
43.1903
27.5346
38.4069
37.1401
65.4231
80.6359
92.5972
32.9526
138.5
42.177
175.605
38.5288
36.4769
32.4767
83.9564
42.6677
48.5726
57.1508
25.0161
24.7854
47.7833
48.8643
18.8102
133.985
35.4456
98.3123
22.8988
49.2156
96.0393
73.2631
50.9679
43.1685
107.121
39.6415
45.9744
26.1477
38.4387
163.477
98.2638
51.011
52.4615
30.5802
27.1799
32.5119
72.5357
149.778
64.5261
49.914
82.4804
51.1744
134.091
32.7623
88.0382
107.243
44.6333
61.2428
131.938
51.5899
53.6079
33.077
142.311
99.9333
49.8755
65.1191
41.9021
40.0383
30.9422
25.7125
14.1834
303.372
36.8736
63.2906
81.5774
47.916
46.9505
56.5019
35.8121
41.9422
51.6894
34.6735
57.6424
134.328
61.9214
125.133
38.9706
63.7836
33.4418
42.2559
106.029
48.4511
66.3557
22.1251
30.9426
40.5623
50.7004
137.903
74.352
40.0311
56.1657
103.145
58.1943
22.2626
71.268
37.4379
27.9076
28.758
40.3826
141.701
105.221
50.4349
29.1661
29.6726
89.6857
112.468
77.7164
41.9211
17.2578
145.307
56.709
17.4384
93.8252
60.1908
41.7655
31.7352
39.5316
98.8842
46.8252
167.666
57.9533
45.4668
50.3436
25.2307
34.7035
126.822
15.4728
42.7883
125.785
26.3885
42.9687
21.2575
26.7417
133.975
25.2812
95.4072
49.4154
95.8901
58.7571
37.9085
59.9828
86.092
57.3945
122.02
155.787
75.8241
114.946
158.406
84.6388
54.4122
49.8765
50.0354
54.4519
70.1017
140.465
24.4478
67.5461
54.0491
53.7234
99.3128
61.9266
64.4504
29.6549
53.1213
101.292
105.735
28.5587
177.828
47.3957
148.296
119.297
79.5658
94.9312
57.7351
70.291
57.1965
81.3119
72.7463
61.2311
25.9157
32.1005
54.2427
39.3888
26.0967
51.639
31.145
75.9123
99.358
134.622
163.838
19.2118
109.134
76.874
85.4673
43.2291
31.8632
79.217
140.437
20.9562
25.7263
55.0086
46.3646
66.1561
28.662
19.5471
84.0058
23.6332
76.7747
121.473
46.6795
27.8369
20.3029
42.6358
33.7224
28.7248
55.5349
65.7054
27.1648
43.5536
117.216
67.1937
182.592
44.1626
39.5232
27.7019
73.0854
62.5106
26.2918
20.8928
31.8542
34.2371
74.9602
64.5205
111.754
50.1215
53.3942
46.1296
23.489
59.0744
29.793
34.1313
30.4147
55.3355
41.5383
58.9536
58.3043
61.9923
46.3472
26.0903
29.1886
65.1054
33.3992
57.6031
137.231
47.5013
56.7052
105.026
19.5559
25.3049
57.3796
35.295
13.9984
28.2062
23.3405
36.9919
17.286
60.891
21.96
53.6458
37.1348
26.756
41.5399
19.5068
28.6575
89.2818
53.5983
53.9626
25.973
25.1128
249.684
41.9208
92.993
27.3028
54.9919
21.6775
91.8209
39.2218
143.699
74.9378
80.1876
38.6133
78.3757
47.2737
36.8837
53.2859
138.049
100.896
40.4378
49.1133
74.5669
35.4529
42.1917
98.7405
41.9448
37.9637
17.14
24.8948
35.5484
18.252
63.6814
55.7124
103.978
38.7302
70.2829
89.2767
46.5289
28.7666
53.6661
67.7141
91.1577
16.6137
35.6391
97.1596
32.8903
59.0292
15.5727
89.8551
87.2459
45.3632
46.4518
52.1262
122.427
141.331
58.7731
12.8479
23.623
91.7378
20.1204
21.4877
38.8281
34.6944
56.8409
158.736
109.723
98.9906
32.3105
105.016
37.8587
77.8603
73.6214
114.441
96.6017
53.2495
90.2384
72.1981
39.8567
64.5987
62.3417
112.051
63.9761
53.5494
55.9365
41.3751
110.034
83.6242
29.4909
40.467
46.5827
66.4675
45.8056
24.3685
45.1887
63.2863
36.5699
76.0221
38.0987
85.1084
83.5728
61.7675
57.5715
59.2963
109.112
55.7297
53.9436
33.8754
35.1632
32.1305
60.7683
87.191
47.8709
80.9114
64.4463
83.9725
236.775
51.0852
52.0341
27.164
47.5863
34.4174
79.6877
40.8477
62.5422
50.8402
38.5848
72.1195
29.0586
76.5254
76.2814
27.5755
23.8305
20.994
100.21
45.9462
62.8674
25.2783
127.617
21.4802
21.7968
61.5174
141.207
104.425
19.0543
26.4372
41.7104
21.9754
47.7233
18.1265
60.5383
32.7656
17.4329
47.3384
30.4171
50.9929
35.8481
99.3001
48.8689
57.1447
34.8584
54.1715
130.595
55.4475
76.7999
82.801
33.7332
52.4191
118.288
119.875
47.0512
144.728
41.9422
26.751
132.004
94.4844
54.513
94.5976
185.036
55.6085
94.5585
20.6912
58.8643
34.9748
62.9749
27.3105
101.462
135.382
16.1792
18.9177
57.6165
36.9772
63.887
82.9057
82.8539
96.4661
47.0738
63.9918
135.828
66.5498
56.5534
109.033
117.768
45.2142
36.7503
41.6151
40.2231
137.932
78.7246
74.7135
56.9268
111.061
17.6427
74.8876
42.3206
62.4328
84.1343
100.885
21.437
41.7974
182.496
50.1851
118.261
40.7278
29.7179
53.641
85.1275
71.8793
25.6384
36.6791
96.8638
127.175
29.004
113.374
52.6322
35.243
70.3553
46.6212
22.5284
62.0969
21.6069
106.106
67.2665
127.693
30.2874
70.6312
47.3899
181.842
105.529
47.1475
64.4207
148.774
82.2345
120.571
58.3936
41.9953
128.118
38.6566
129.775
54.5546
216.364
82.5156
56.2368
70.1501
61.397
35.091
33.7334
42.855
36.6946
112.429
40.8873
107.071
111.59
62.9743
27.6798
49.7744
154.89
195.535
29.0509
28.3274
37.2549
57.4159
60.9474
43.8743
36.1651
95.0017
24.3519
32.526
18.2612
71.1897
64.264
48.7126
31.372
32.8092
34.8811
154.182
18.2778
49.8432
121.006
28.4227
74.7099
33.8966
50.5843
63.7647
84.7287
16.1902
71.5052
127.79
54.9918
63.2018
96.2195
93.3529
32.1897
65.8392
77.8228
39.7406
108.555
55.4701
99.4173
23.8697
28.6933
50.0112
39.5076
62.7421
65.6217
21.9586
17.7057
35.5554
32.8441
150.606
200.094
40.5133
61.5196
37.1273
80.1319
66.2026
57.2794
204.383
29.0785
39.865
33.4457
34.6341
64.8214
98.1513
98.7062
80.9804
39.3725
65.0571
80.7808
15.8749
18.501
36.3925
33.3487
64.9002
34.4757
57.719
54.7155
59.5976
59.5382
72.7125
26.3469
35.9133
133.284
28.2423
89.856
103.726
52.0401
36.5881
69.7256
15.0275
94.2573
92.244
64.371
36.9253
56.4249
9.85105
38.4431
42.8493
52.2022
166.027
95.3221
60.8172
70.3336
75.6962
19.4799
25.3452
95.7429
64.3136
145.815
54.3389
120.467
46.9642
52.9413
59.2855
58.6684
47.9813
67.4843
68.7345
39.7491
43.0112
44.3909
37.5038
59.3899
84.3424
19.8192
27.8944
108.418
74.5547
54.4201
27.2652
27.6988
22.3307
56.6889
16.5388
74.9472
178.111
214.337
11.8983
90.6182
117.064
24.9198
71.4265
107.503
57.8506
37.4274
23.8236
81.9114
44.7149
54.2091
42.5682
77.9904
45.962
66.7308
37.6093
87.5702
37.0055
110.01
57.7229
30.1305
30.6911
40.131
63.1711
104.574
107.263
34.2673
25.7937
30.2428
53.1194
38.4797
46.2519
43.6345
154.579
97.1522
39.3377
62.7381
70.4224
31.5183
64.7972
47.7336
23.8386
58.8789
51.1623
51.6217
176.207
68.2176
60.4335
119.629
76.0916
57.4895
71.2099
66.8186
83.6286
32.9138
149.458
137.379
140.213
15.7728
54.2598
44.139
15.509
52.4153
103.585
61.0351
35.4869
74.4783
52.1334
26.3146
76.3519
35.9353
83.4055
37.0283
55.3918
74.6904
40.1984
191.745
46.91
43.5635
31.377
74.0897
51.6454
50.2991
18.3678
16.6287
107.754
35.2753
123.819
67.0377
206.494
82.6436
37.9749
95.6601
21.4205
141.018
52.3215
43.0126
28.1111
82.9421
24.5162
54.3088
29.9681
33.3435
62.263
79.9513
30.5876
53.92
21.4121
37.7869
52.7089
162.041
78.802
54.6079
39.4179
90.4188
57.9602
61.7227
38.3723
40.4232
72.0182
49.9435
32.6919
62.6718
47.3351
34.5406
99.7573
47.8742
32.4515
63.8385
30.1442
116.063
51.4964
59.372
51.2254
139.372
54.1831
36.2691
38.61
43.0527
86.917
48.1227
36.4665
54.0951
20.2812
155.209
40.2457
30.3802
53.8525
22.4723
39.7375
26.6141
36.1483
67.3078
96.5961
79.7009
46.0819
39.3996
41.977
58.6958
53.2582
32.2927
42.2196
41.8423
67.736
22.9092
44.1974
59.3978
25.4255
23.0179
55.7805
42.1497
25.4241
110.199
32.4806
71.5207
101.992
32.97
19.6738
43.6953
22.2219
64.3166
39.1773
86.2161
26.0592
44.5849
49.001
78.9532
85.453
24.2066
66.8079
45.4419
72.1046
32.0494
36.6926
29.98
39.2863
28.1086
169.475
21.1897
47.9324
92.4074
55.6372
33.6475
37.5777
21.5484
94.4699
141.195
45.9905
27.9231
27.4956
33.3105
188.382
86.7011
40.1117
75.4992
64.8187
50.6314
14.5352
69.8435
33.2698
98.5476
44.3717
60.5271
96.7116
97.1579
97.0549
45.0355
82.7981
282.653
131.631
144.677
138.751
51.7873
77.0933
38.5581
64.979
70.0363
44.9084
69.8284
22.9995
48.6414
36.865
143.406
105.568
96.6363
33.9861
25.573
25.7934
76.3613
17.3437
20.4974
15.4096
55.7202
121.689
57.1882
44.7264
95.0087
20.5296
88.965
65.5023
32.5964
43.806
39.5121
59.1286
35.7336
18.2081
35.415
126.971
227.255
93.1695
55.5139
25.0499
94.321
32.2065
230.492
20.6655
37.1518
66.4659
35.9025
38.6753
44.9916
34.3685
106.468
48.5766
85.4252
63.7056
31.6904
16.2105
97.0624
45.0346
33.4071
150.24
51.9216
73.1553
83.511
29.5857
36.4378
36.2104
20.2065
25.865
98.558
74.0591
38.823
55.1442
130.437
75.8661
33.4404
87.1789
78.2784
28.0626
54.5447
64.9542
41.8328
46.7535
56.3022
54.8615
119.4
37.2505
59.7192
159.356
57.2367
83.3001
76.5767
84.1213
34.371
65.2147
49.746
53.9052
31.6021
68.9742
81.217
148.428
73.2257
25.6115
59.4471
61.18