111.611
25.9814
26.3407
40.1549
47.2624
26.7853
68.5667
78.387
17.1239
18.6369
47.8025
104.636
69.3038
224.455
28.8238
35.8241
15.2588
85.003
130.35
75.8601
120.938
43.5438
154.408
40.3384
37.5855
16.1186
7.61442
58.07
81.3578
241.636
46.7526
102.387
32.4558
54.2143
11.2646
26.8557
30.4163
102.72
39.2479
68.1223
20.9933
11.3168
113.648
94.0843
9.01875
72.419
80.629
82.3641
7.21005
21.3998
38.4189
25.2634
19.5928
21.4159
32.9184
44.0509
280.642
20.7427
29.472
55.7836
73.1078
29.3
12.4036
57.0024
39.5985
10.5823
11.3761
59.6573
15.4935
42.418
17.724
103.437
43.4658
56.3916
28.3286
64.5374
19.088
52.826
16.9108
132.069
123.444
34.8826
194.236
80.9774
17.5653
53.5885
63.7147
110.801
107.665
42.1471
109.901
15.8316
36.4733
12.8996
52.0623
89.1997
35.3773
49.1163
24.0706
37.2015
66.7731
178.637
62.3777
33.8953
89.6105
52.419
27.186
10.5412
34.0507
60.9376
107.135
75.3939
48.8953
39.0295
142.049
249.543
48.9225
32.6087
130.514
158.151
37.3303
25.8866
52.7423
9.30226
17.9616
44.01
23.5159
36.8284
135.86
41.1876
33.767
49.3106
35.4525
12.2384
43.314
26.6364
23.997
17.5617
65.1236
30.727
58.2942
61.3424
25.7909
14.6888
39.0469
13.5182
11.2647
71.5207
100.503
154.005
255.714
62.9095
16.8976
49.5971
39.3992
10.5345
28.1171
40.862
111.533
107.297
56.5347
78.1506
22.3574
26.7207
28.7537
120.287
33.3188
15.5582
22.2161
9.2245
26.5256
28.097
28.0921
89.8828
19.9323
25.8365
14.3637
36.1801
10.9748
124.378
46.832
10.1328
39.8944
15.0497
15.4026
20.6171
136.291
47.381
37.8445
84.0678
43.7165
128.079
29.9245
12.6054
17.1722
82.7026
69.8847
128.848
56.0389
40.8051
213.665
12.7468
12.1502
98.2307
26.3926
35.3434
38.7309
62.3263
16.6509
49.051
72.8998
61.6811
59.6884
98.0755
18.027
120.507
17.0179
8.59877
97.6422
29.5561
154.181
191.15
11.9644
87.635
22.5216
15.9085
65.3688
62.4193
34.0143
56.8755
43.5028
26.4102
46.1144
57.8772
62.7292
27.2815
14.6495
13.8622
88.998
69.1404
63.1517
15.3295
32.5299
9.0995
8.49971
32.7951
19.7333
39.7792
38.7684
51.1056
55.8667
101.319
237.544
128.264
20.2993
31.2633
25.5559
30.835
44.4515
110.845
56.5967
122.759
102.039
20.685
19.9008
38.6627
12.0911
208.246
46.3506
36.097
259.377
23.6865
49.3013
37.8021
69.0377
64.263
43.1418
334.059
44.4822
42.6288
94.5124
71.0088
55.2092
56.8123
37.8626
114.888
26.5781
65.6944
65.5494
50.3647
74.1551
158.214
29.9673
109.676
37.5299
153.235
104.049
23.606
53.4573
162.042
37.3075
28.9125
10.0522
37.8405
41.5667
46.1125
22.4121
55.0606
87.203
48.472
11.4468
23.1611
66.7915
30.2283
14.0574
79.5339
79.3775
98.5455
16.9982
10.6611
59.2248
32.4475
68.8363
47.3277
24.1561
32.5127
19.3744
56.783
12.4144
25.8391
158.381
32.0889
14.6895
43.5302
15.5263
53.6982
59.4432
52.3853
163.948
63.174
24.3427
117.47
17.9109
43.3337
147.033
36.5032
52.3812
181.385
55.4343
37.7518
36.6086
24.8678
13.4201
23.3059
29.1058
11.6519
37.822
14.3102
64.9651
22.0902
10.6537
113.182
21.7594
47.891
39.4349
58.5543
60.2876
40.4589
35.5322
12.3831
11.1291
37.1129
48.0496
121.933
15.9042
52.7502
25.5919
15.8989
17.6017
49.6292
9.88278
141.011
50.3076
29.415
47.3998
87.8155
50.7343
61.5872
9.93881
13.3607
45.5971
12.0125
78.9257
95.8936
101.597
20.2106
15.2122
10.4454
27.0384
53.5015
69.7017
44.5498
73.4175
27.236
44.9887
28.2323
59.7155
43.7864
40.1912
63.1448
87.7234
47.69
20.3399
64.6457
37.1363
37.8779
47.2651
73.0831
35.6081
130.721
28.066
50.7532
63.195
93.3402
73.1927
43.0388
33.9303
43.7388
49.4593
13.7793
32.7319
27.6244
53.4738
51.3495
32.1165
39.4734
158.835
59.0218
91.5444
35.2565
16.6948
26.9022
135.221
127.732
20.0298
19.1424
56.8644
57.0655
18.515
143.339
16.3466
10.2879
56.1984
80.8291
47.0104
32.2581
113.191
60.5824
46.3989
44.7864
44.6743
91.4807
30.6638
105.84
76.4203
20.2158
118.217
47.3528
38.0516
6.0246
41.9702
28.5785
18.4983
34.0259
42.1674
15.1423
84.4123
65.8467
13.7254
125.784
30.2572
23.1993
19.9432
52.6663
10.9929
207.206
41.036
27.1204
33.0969
71.4931
62.5205
88.6516
82.6082
57.9534
137.817
43.2829
38.5772
26.1869
67.6081
84.3556
51.6517
51.6183
194.068
17.6528
156.382
66.9546
14.7852
93.9585
18.7889
81.1752
12.1069
193.531
57.4586
35.7279
18.9129
35.8392
51.3638
28.4802
15.448
7.72059
57.8442
64.9996
12.0818
32.4172
36.2148
133.108
67.7425
68.4838
46.6117
57.8222
41.2182
55.9721
47.7101
61.8158
144.535
168.227
27.7769
144.102
22.3659
59.0581
17.6222
50.6643
94.2036
17.5633
7.74161
8.17522
88.9569
39.3623
37.0201
34.9306
133.881
34.6539
28.7411
43.2552
135.859
73.5231
42.8304
85.6766
59.0506
135.218
79.3738
57.5131
22.7213
191.703
47.4074
28.3727
133.457
73.651
61.4462
15.6457
104.744
19.6403
41.45
19.9161
93.8639
46.7597
43.093
24.6466
9.02967
29.9935
51.9896
54.2701
167.071
45.6561
27.5795
103.887
62.8667
26.5272
24.5759
46.416
87.665
30.2002
195.257
46.5667
45.1667
145.45
41.4272
14.3653
72.5378
27.2726
58.6277
24.9022
60.6583
115.747
27.2731
18.6417
119.043
70.4772
88.0347
60.9124
79.4762
29.6189
48.3647
59.7801
113.924
92.1794
30.9789
13.3013
27.7627
87.9909
120.616
46.31
21.7066
30.1698
46.0647
53.788
57.6281
89.9797
29.1314
103.908
59.1117
64.3621
23.5763
65.7997
50.9253
81.6127
22.5191
16.1759
53.0392
34.9392
59.8892
24.437
14.5621
121.734
62.9556
78.4351
20.1039
51.9882
132.701
55.4258
24.7315
75.7027
23.5576
28.289
22.9851
79.9115
91.7234
67.9307
72.0944
50.4084
151.079
35.6028
33.8626
38.9475
78.4565
20.9077
67.4163
54.3601
78.2155
15.8439
18.6849
123.398
52.4166
96.0575
19.6341
15.1005
63.4443
12.6355
22.162
44.3319
105.445
102.742
235.033
48.3703
34.6394
53.7906
192.89
84.7864
12.8246
16.8395
113.923
40.8977
32.8225
60.9109
23.5983
15.3886
35.0494
49.0027
18.4632
76.1263
52.1209
47.6266
41.1765
87.6958
17.293
78.6068
30.1763
60.1976
103.933
20.5185
21.1095
24.548
65.3497
73.3306
15.8271
50.2197
31.2263
69.5804
31.179
42.5676
78.4236
68.1554
37.5377
51.7933
141.88
98.1947
91.5171
59.4586
89.1253
44.0254
25.7214
101.621
205.74
46.7586
16.2397
40.8943
34.1167
109.823
24.106
204.877
15.889
19.2451
10.7291
34.9952
7.29242
44.9463
45.2767
23.7191
67.6626
24.6409
42.1182
39.1264
22.0971
46.8813
167.284
67.3146
220.468
39.2417
72.1741
25.477
9.29849
44.0059
13.8892
14.8605
35.6798
18.7408
30.5014
52.9067
58.4125
32.166
21.1625
88.1986
46.5523
71.8757
8.20655
26.7368
31.6978
33.1452
33.0661
10.012
18.6527
36.6683
61.0164
62.7201
113.703
29.5962
11.3274
18.7896
36.8596
23.0102
24.3385
30.7053
88.4543
112.316
48.3135
86.3786
14.2472
61.7037
9.61359
11.5621
121.927
32.9417
38.7348
159.039
19.9317
20.3772
124.276
30.6154
35.9961
29.2106
13.4576
72.9084
24.3854
112.536
41.2064
43.2083
84.7306
45.6767
12.5719
142.856
70.5964
86.0843
15.1084
89.5238
23.9841
23.6004
63.893
46.9686
99.3214
28.1015
7.33481
16.9006
10.5546
76.3441
112.823
39.3058
112.239
16.6336
30.1734
55.7634
56.1182
169.652
51.0938
30.3487
28.341
22.9968
108.097
79.2349
71.6476
46.961
88.7217
66.2916
17.4258
109.476
187.959
12.9704
29.59
26.818
29.4025
61.3847
32.4303
20.1492
102.701
25.0771
51.3239
30.172
143.551
100.264
34.9281
11.8901
61.4364
34.3846
29.4798
17.7174
21.6432
38.5765
76.2984
86.3267
69.0223
52.8839
56.1622
19.343
38.9552
21.4485
64.0789
26.2791
32.8126
43.3745
99.2447
234.847
62.7455
63.493
114.386
93.8141
30.3246
18.3994
54.59
67.6125
28.4185
19.6723
72.1809
50.9688
74.2638
18.9757
185.39
52.3978
217.981
67.7673
22.9029
29.5285
24.3362
17.2727
17.946
56.7246
91.0964
27.8225
103.072
36.7505
34.3264
56.1283
46.3012
97.1784
132.907
26.9858
16.5049
43.8191
113.511
149.288
57.8973
145.78
81.501
28.7541
26.7989
128.114
26.6536
12.7702
9.43265
140.825
28.5878
59.2094
36.8851
6.801
67.2998
32.1429
45.7429
33.7206
32.0392
28.3422
29.7434
37.0771
118.869
100.998
40.5376
29.7215
11.9782
60.6646
55.8034
77.6975
160.669
41.3259
211.393
86.9426
58.8706
172.038
105.253
89.6988
22.4085
25.4028
32.7701
122.135
76.0767
13.073
36.7131
58.8354
23.2419
10.6971
72.0483
155.826
26.9381
39.2094
35.9915
70.0337
65.1132
54.725
25.4304
59.8551
69.5426
42.9886
59.1215
21.3831
10.1819
75.6001
24.0046
41.0563
46.2319
177.726
120.242
12.409
18.8062
47.5178
76.1114
59.3573
42.6484
12.851
89.6837
78.8656
135.457
27.111
115.503
30.4389
65.9263
80.4336
35.7209
28.8887
15.575
28.9905
36.0796
11.1243
19.3272
46.5787
12.3707
136.844
7.41273
21.6857
38.3896
29.3821
226.716
142.04
86.8063
64.5756
50.266
22.4444
44.5951
83.2975
29.9666
18.2121
35.6436
33.3095
61.7908
101.521
74.3261
107.425
48.5199
32.4574
58.5761
43.1216
174.543
25.5876
22.9346
127.562
34.5965
165.075
43.9528
34.9239
39.8921
120.055
78.6234
29.4385
7.95364
19.5016
45.6084
73.8436
66.4927
21.556
60.6603
40.3588
28.633
23.8883
81.8586
122.294
42.9087
31.0475
210.149
40.458
104.665
21.8683
6.39788
31.5014
108.474
13.405
98.222
41.3671
70.6442
60.5824
11.5782
19.6309
31.067
24.5486
30.6801
21.5278
131.502
60.0498
17.844
70.7179
24.0579
266.747
16.0556
87.8609
79.9519
147.408
91.3929
142.832
83.9366
16.8398
11.9638
368.999
8.53899
101.738
85.2281
38.853
26.3606
81.8822
27.5112
55.9465
59.4271
87.1391
34.8389
39.7683
130.01
55.8277
31.5528
63.7648
60.0761
37.6436
101.846
29.3643
17.4706
20.3796
33.6183
31.8481
111.312
16.0399
47.4099
11.0585
160.298
57.257
72.3577
12.4161
28.56
74.101
12.3229
153.648
109.146
47.7535
30.5993
26.4354
177.236
45.222
10.7536
17.9149
85.015
70.1821
14.9015
32.9815
76.7837
38.1974
78.1038
26.1735
94.0055
130.495
48.6162
78.8247
50.2979
19.2838
72.316
65.4894
126.539
97.2235
96.9484
34.6159
83.3543
55.5331
55.852
10.3547
37.0578
46.5495
31.1923
32.0715
9.46371
60.5971
27.7764
28.9674
83.0723
20.0977
40.635
51.8263
52.4925
21.8728
23.4182
113.047
50.1911
53.9218
34.8779
47.428
23.9351
124.735
28.4427
174.579
146.425
89.1458
136.241
36.8837
29.5102
62.1848
123.746
11.5013
35.1015
84.6524
28.4234
172.191
30.993
28.6397
26.3095
9.41935
212.761
38.7346
126.698
56.7734
18.707
77.4894
59.4267
142.22
30.2574
9.67648
36.9638
18.606
79.5896
135.144
27.8764
39.722
20.9537
181.258
23.4146
13.6366
49.0677
15.83
14.6549
36.2343
76.1225
45.5439
12.1796
122.513
47.5406
81.057
11.9012
12.1937
58.0093
172.776
35.531
13.7419
93.7189
48.5795
27.9471
128.89
43.6495
31.9825
11.6386
11.9779
60.5507
82.4323
75.1333
60.5849
40.1793
27.2023
99.7529
78.8512
13.939
96.9985
31.2563
26.4009
16.5646
66.1616
20.5171
64.4699
39.7397
135.093
81.1111
38.9579
99.5074
63.1599
53.3671
75.8811
21.5758
70.8349
18.2242
44.2272
13.7788
132.899
149.758
18.8662
60.5928
31.9992
36.0704
24.8552
84.5808
66.7907
24.214
90.9766
168.76
17.4266
109.882
36.8319
112.697
121.675
99.3255
73.8134
26.0901
56.2793
59.9844
84.2006
36.1326
86.8848
20.9349
27.583
43.7403
50.9734
23.8063
12.4479
80.0737
22.5291
42.24
44.4394
112.629
30.0762
88.6705
48.5058
31.5576
47.4961
50.9617
28.8485
14.2618
19.0861
73.4131
118.76
160.344
93.1206
173.907
42.7191
18.6008
38.8613
11.7909
34.1869
34.8884
88.2315
152.196
30.5973
149.523
50.6273
20.726
25.5693
46.4934
27.6011
73.0252
25.6991
75.1242
90.1779
103.749
46.8563
106.306
51.2025
33.9379
48.2533
35.8426
18.1041
11.5132
38.5587
67.5995
26.8312
35.2339
41.5594
78.3651
104.439
57.2555
77.7797
27.8163
34.0717
9.72743
36.9703
18.0386
75.5565
56.0066
74.7402
81.7329
35.6625
104.645
38.2608
66.9109
93.1838
52.1539
107.005
25.0095
29.1173
42.5371
47.1039
6.94529
31.8649
49.0013
141.409
47.6228
11.7118
70.6702
57.0851
20.4631
19.1996
57.7171
51.8001
62.8965
21.021
56.3797
27.4704
23.8778
36.4701
31.6228
33.3167
22.2099
37.0011
52.8542
38.6486
64.6146
91.8101
41.9229
89.9666
77.569
81.5157
40.1352
111.973
22.4299
65.6996
13.5665
24.4377
48.3571
115.817
76.6159
16.7571
69.1557
31.3765
11.7428
24.5301
16.9259
36.7085
109.347
146.454
25.0211
23.3811
55.5616
106.061
20.3924
31.9343
83.858
57.037
18.4033
177.359
87.1545
88.576
131.988
52.7327
157.488
21.2871
36.5644
20.2676
18.42
76.8091
40.7545
17.573
53.7987
87.8325
130.521
27.321
9.21163
48.7975
15.9872
35.6707
94.0887
24.2544
28.8014
70.5072
32.3881
77.1018
88.3902
74.1653
189.81
140.144
23.7305
22.9375
13.8136
31.4985
36.5667
180.05
38.7461
39.9986
67.7483
13.5651
39.0234
38.6661
68.5682
36.5191
57.1517
55.3777
111.847
101.737
28.8883
57.4102
110.812
112.213
14.4756
12.8865
32.3222
7.14649
52.9194
67.586
49.4357
24.2051
8.00609
6.66509
46.5483
75.6705
100.664
37.8568
17.5445
109.822
164.008
97.3119
47.2733
92.9319
45.7535
76.6376
163.99
18.2919
46.5961
33.3894
22.5663
60.1
57.53
161.168
20.6925
78.0467
26.6871
89.9033
16.6742
83.2309
15.0116
47.8709
8.93411
99.331
25.7874
113.664
41.385
63.3855
46.3739
40.4311
60.9904
26.8437
60.0202
20.9781
114.953
66.2125
53.5372
49.5038
25.9898
48.2658
37.2224
41.8629
57.3615
49.7614
14.7987
44.0328
111.908
31.0035
14.7427
20.8868
126.614
36.106
20.0779
33.3733
18.5872
54.9838
10.8404
93.6959
22.6866
36.9467
65.3633
80.5039
61.9933
238.862
43.9502
10.1249
54.151
187.335
15.1386
15.0704
26.7126
201.217
65.8843
80.1538
52.5598
61.8933
12.0209
95.2777
33.3227
38.2599
43.8449
28.3671
28.4061
19.5821
78.3377
34.3588
16.246
16.8932
30.7513
56.2539
23.208
81.8201
10.3897
59.6828
9.1124
46.0021
14.0546
59.8018
45.2712
26.3546
74.8558
29.223
78.5339
68.4149
76.4724
100.112
82.6457
105.463
68.5479
87.4568
29.8486
6.4125
84.0617
59.692
12.9442
33.6511
14.4764
41.8527
111.568
53.8503
41.7494
44.3515
35.5535
12.7509
73.0613
59.2332
53.8858
36.5835
136.759
37.9403
45.916
20.7502
44.8422
9.87619
145.819
42.3101
71.3231
91.6287
95.2179
103.34
124.805
23.1549
22.8574
49.7259
122.359
52.956
25.2139
24.6494
16.6888
79.6292
77.8544
74.7122
41.945
33.4633
70.0769
50.5032
25.4393
49.563
22.5994
131.99
22.5904
9.05562
14.8172
21.2954
59.2345
92.4266
50.8389
44.1575
43.4501
58.6243
41.9019
19.6937
17.758
131.573
8.67311
54.1698
122.522
34.7896
93.2295
23.0806
106.908
56.5302
10.9762
17.6647
174.202
288.21
42.2256
13.9742
142.558
54.0964
57.0364
73.6895
39.907
78.31
70.4173
64.1322
42.5967
75.6176
94.4912
54.0268
172.16
129.525
58.5267
46.592
56.5014
57.8133
151.925
9.20373
33.698
113.97
37.1538
46.6807
64.3094
118.829
108.347
27.6198
92.0002
114.734
8.33987
61.6722
62.4237
252.424
26.4918
14.0075
50.112
20.708
11.9447
192.07
48.0064
20.0236
72.112
13.8249
19.9391
84.964
19.2792
239.163
95.3773
17.1449
70.3451
50.0288
41.0239
139.505
19.5944
14.941
179.635
78.746
39.5841
35.3022
35.9616
29.1269
67.316
45.0627
7.55958
64.6461
25.0028
50.0728
43.3642
15.0499
98.7689
26.976
13.6407
48.7295
150.309
23.5201
7.80992
73.4526
20.9068
42.8959
106.839
38.5326
12.0829
50.9131
4.44523
12.3985
154.088
14.471
9.31021
57.0814
77.3598
86.9303
42.9231
17.5469
100.797
66.2445
65.5307
32.0498
34.113
137.036
50.7324
90.265
21.023
24.2259
13.1303
16.5013
50.9905
15.6795
39.7856
36.7701
10.3018
83.0722
61.9762
63.0419
104.376
64.4743
36.3517
12.4033
50.6379
92.6535
170.539
18.3405
52.2825
67.996
60.9831
22.985
14.0571
7.10869
80.5425
160.329
116.48
20.0431
115.732
106.051
37.0194
15.849
26.4184
60.5509
43.1946
26.8164
22.9985
63.6766
59.8809
100.582
17.7513
52.4364
35.8069
33.5421
44.8169
69.2126
36.2991
35.9589
46.0814
13.9525
60.2413
168.791
11.7854
18.6967
117.888
8.86561
128.3
24.7204
21.8519
23.8239
57.0224
281.303
29.4637
83.2383
43.4146
14.7197
73.1089
15.7257
65.8107
17.262
137.405
194.91
10.1089
22.9465
25.662
96.8893
7.53863
16.3029
48.1124
40.0425
55.544
50.4079
50.0325
29.3742
241.222
59.5309
58.003
40.3111
17.901
32.0068
52.1723
102.421
30.8572
60.4946
105.86
42.7542
136.624
40.905
85.4541
23.8219
34.773
10.7827
21.929
91.2655
31.5553
44.3993
91.408
113.483
13.2026
23.7436
71.1516
16.7764
29.6175
54.6071
190.063
49.6525
23.0601
37.762
30.0117
59.2773
11.1087
18.472
39.5903
38.0578
54.3836
10.6927
32.6282
49.6103
46.9484
137.377
20.62
47.4324
33.7185
16.4699
173.774
67.0455
31.0416
119.717
36.5046
207.873
71.5465
61.7668
64.3629
17.4701
15.0285
122.974
62.9145
16.8458
68.2422
40.531
56.115
103.637
55.7877
9.64799
66.2489
84.324
126.538
127.361
18.1031
109.843
132.297
35.3796
21.1984
27.1873
36.1693
60.567
101.605
22.0326
79.0843
16.6411
29.2971
20.6111
25.029
10.2357
23.6012
20.7819
61.7609
68.4475
39.4271
61.3512
58.2443
21.8388
26.1893
35.3564
64.1933
86.4819
50.9093
30.9238
39.4096
38.5297
300.583
107.718
111.346
41.8794
34.9314
98.5281
13.3173
7.88306
24.9276
50.3557
25.2378
38.8873
141.452
27.171
76.3227
28.7303
39.0201
105.164
231.687
39.1261
46.8868
61.5341
25.1
56.8971
20.1766
43.3729
80.1624
26.0804
61.6726
275.86
117
49.9347
58.6102
14.9863
130.223
127.059
59.8752
17.4274
64.2786
36.0945
122.746
106.077
108.595
52.7536
10.9207
32.2214
31.2385
26.5184
118.18
140.801
14.7819
18.1852
51.1615
50.7751
93.9422
17.1855
14.5268
46.7975
28.0133
21.673
47.4338
23.4304
46.0253
77.9658
47.3594
8.04523
94.1118
71.3788
27.703
21.5914
15.1386
43.0945
24.7352
14.1132
33.4813
25.5781
53.3777
40.7743
26.8852
20.014
28.0148
16.7462
68.4532
44.0033
99.1262
142.072
43.2792
22.4523
147.679
24.5814
62.4324
54.0536
77.673
41.2484
95.598
79.6096
139.352
59.19
19.0513
66.1917
31.9365
34.3845
28.6189
59.2995
19.078
10.7976
20.0857
132.736
22.1102
14.4688
11.7984
44.4178
58.6406
86.3666
31.7403
64.3513
95.7115
16.7813
88.2289
55.3055
98.2769
49.9656
127.893
35.9034
96.787
36.379
35.406
12.2639
31.6329
29.258
77.1254
42.7434
43.8255
66.9102
73.9057
17.064
44.4807
76.5593
34.7483
20.8247
54.0658
15.4556
29.4901
36.9648
26.4331
61.2466
41.5386
98.1458
18.7709
89.6397
18.7921
53.1515
100.979
58.0667
129.04
37.0906
14.6708
105.505
79.591
81.9541
45.4581
40.752
19.3636
12.4068
136.742
56.0509
22.4966
238.83
63.077
80.7494
37.3533
22.8131
116.413
26.6503
42.7206
23.5907
43.8738
65.82
5.50707
56.6943
183.173
26.6284
73.1568
108.384
38.6905
95.9842
15.1179
154.973
35.5633
44.7245
28.4656
28.1128
190.794
36.2456
49.9243
37.9762
188.128
64.9279
217.965
73.8912
23.4721
94.0198
53.5625
99.1995
40.5062
13.7961
58.2833
12.5888
45.9985
52.5034
7.80319
21.7863
63.7424
93.752
12.7673
52.1648
54.0561
139.191
97.0022
42.6144
88.8731
29.5722
56.6114
25.0073
25.2722
138.643
32.9924
67.1226
79.5392
118.556
279.04
38.5958
116.969
153.714
24.9942
28.311
80.0948
27.2318
36.9311
81.8689
171.068
83.9407
30.1201
27.0117
46.291
35.549
44.5998
35.7179
25.1547
7.27931
36.9347
8.19519
48.5395
24.9582
13.1011
72.3846
49.9182
27.3531
76.1132
11.6478
21.9964
109.922
84.964
53.1352
30.2456
38.1398
50.3623
36.4066
73.0421
75.4728
38.5174
33.0508
24.2406
103.187
11.4171
23.0347
179.374
18.2354
62.9833
168.573
98.5039
58.3124
20.7674
31.7049
19.7962
55.6158
40.8386
87.2632
54.0888
41.4503
162.823
16.9486
10.9367
107.972
58.2009
178.6
19.7051
8.07982
46.2683
43.8098
50.2221
147.477
14.0146
34.4779
104.297
47.4658
30.7268
78.0381
45.6957
74.676
58.8628
100.928
107.046
17.391
51.5533
137.771
60.2928
22.9897
23.1766
21.1975
34.6742
112.404
27.7548
23.9618
90.5256
118.795
39.5044
48.2992
36.5176
19.3862
65.2697
45.7088
56.3628
10.5136
70.0482
20.5434
85.4262
81.2821
30.0952
75.9395
59.2599
63.6896
186.362
57.4277
16.2602
47.0747
46.8178
33.2587
54.368
116.152
23.3203
11.222
25.4431
35.4897
184.007
15.6182
52.2733
24.4239
79.0703
45.3638
41.0534
83.6056
118.513
34.9191
12.0035
115.996
43.9052
77.0363
44.8051
68.1253
7.00607
33.1025
48.9994
161.771
133.219
71.137
16.5407
19.9389
25.4334
27.862
33.9934
33.993
9.01115
48.7818
9.85768
40.6777
119.533
27.5618
15.5318
134.948
33.9024
108.606
20.9316
50.6701
239.68
77.4444
329.581
51.7231
82.3805
8.74473
27.609
79.1545
36.8965
30.8145
26.092
8.99427
50.5263
44.2223
12.8332
58.2821
29.2746
134.548
65.6438
50.1114
14.8213
41.9971
61.0519
181.679
42.5686
52.8331
53.9725
32.3894
11.4876
106.266
27.3051
25.3284
74.9546
145.468
21.501
19.7878
13.48
27.6263
50.9669
10.708
96.173
20.6749
20.1025
36.0261
13.2848
31.191
31.5059
103.721
110.454
29.461
63.8693
106.114
41.8787
16.7592
15.3771
23.4592
10.0482
98.6936
51.5604
29.8201
36.0501
40.6524
34.4102
58.3258
114.054
39.0915
10.0994
39.9464
60.1788
155.276
21.4794
73.31
31.9064
30.2734
156.449
105.225
38.8541
34.6205
82.5947
36.9647
21.0986
37.6686
34.3102
103.358
52.5199
40.3029
31.3678
18.0512
38.5627
50.9081
40.1171
106.165
45.6054
19.1151
31.65
15.2254
112.779
19.2996
61.4833
124.076
13.9455
45.6238
122.993
91.1504
20.1072
92.23
120.019
175.296
14.0069
89.2796
75.7345
20.8691
45.2442
63.005
34.4969
96.6309
35.5936
32.3898
58.3476
64.6621
94.4505
92.3406
49.6628
23.0985
90.2088
120.281
85.9974
103.693
58.0505
35.8093
26.7267
60.2386
22.496
97.4665
31.1079
81.5131
39.3698
15.7712
23.1913
153.628
57.7952
46.0453
22.1329
60.1687
22.1777
288.214
127.887
83.6107
50.8138
77.4519
29.5756
73.7213
35.7133
25.1359
55.151
79.9525
94.2015
76.2014
19.2532
95.4175
57.4285
136.409
24.3867
91.9284
32.6872
15.7328
94.8642
74.6571
89.4083
49.6493
14.3042
51.1907
8.96369
8.40486
38.6248
27.3289
10.2176
56.9017
42.3534
83.622
22.1418
34.6039
41.3035
85.1201
43.6196
39.9545
19.6707
62.1164
13.024
52.501
94.9627
75.6608
55.099
63.8913
166.2
32.8733
22.6114
48.1233
15.1486
67.6903
13.4034
102.306
136.477
37.7773
71.9117
52.112
104.899
67.5202
16.0754
48.1517
55.1609
48.5627
53.4613
215.619
75.1701
59.3631
101.45
49.4457
44.8553
32.778
12.3554
75.6705
51.277
20.017
59.111
18.3227
82.6957
22.4703
21.0158
43.8932
27.3905
15.1031
19.2212
203.984
61.873
157.902
92.6613
50.7458
15.3067
109.241
127.412
42.7895
19.8801
24.1837
50.7292
51.9981
24.9765
40.4319
24.2386
15.4595
146.727
36.1712
26.9067
70.8935
116.044
17.2177
11.6003
30.5212
22.7635
29.5167
14.6673
41.0549
44.425
30.51
82.6832
12.4054
114.893
147.104
54.7485
75.6532
41.927
51.5853
58.3959
20.8748
25.9705
118.239
13.1723
42.9822
45.2679
129.421
82.9082
11.3691
21.4971
145.116
78.1992
83.9335
22.0233
31.8831
97.4097
30.6461
32.7577
31.6506
16.0651
69.2742
38.9826
59.2808
19.3072
11.7976
78.1495
66.5824
73.4557
17.7741
52.1515
29.1447
137.66
12.5436
35.1424
78.5675
79.095
154.235
61.5157
14.6815
67.4002
27.1775
19.9515
20.1718
60.2283
53.6238
40.6542
88.5012
12.9636
39.8143
31.0775
21.0267
32.5531
117.285
25.6096
17.2115
94.4575
17.522
60.7166
23.141
59.5538
23.9558
14.0866
113.875
81.2502
28.7622
66.652
105.423
44.7931
67.5454
24.8928
24.4907
35.2323
13.6928
42.7611
11.5966
18.4301
148.172
18.7255
26.4234
160.09
54.0154
85.1512
66.0887
39.1927
30.4872
86.9128
41.1498
50.6984
50.5649
42.4782
31.6765
151.059
58.5628
20.8131
24.4949
47.2817
53.953
28.3099
50.0914
10.6736
23.2212
57.7922
32.1072
24.7773
25.2756
31.2225
232.835
174.466
13.085
181.913
92.4389
14.7166
88.9139
109.617
31.6222
13.5097
12.8369
136.822
54.3009
63.6408
46.5026
29.0901
129.564
103.535
22.0981
22.0461
21.5214
37.4249
40.8059
25.7171
63.3569
61.5209
81.6606
96.3067
17.3094
135.875
16.7768
204.688
51.1393
44.6319
55.4576
67.3253
17.6159
62.3008
29.6505
25.971
43.1074
15.4901
61.8508
15.7998
25.2058
54.192
30.5012
166.135
71.9632
99.7608
22.9184
105.431
36.4146
31.2696
168.423
53.4989
19.1932
69.8701
25.1794
26.84
32.9555
85.9933
98.0443
28.82
145.5
68.4467
31.4818
60.9189
33.4236
12.0191
109.457
34.7822
35.8825
21.8401
130.232
34.2815
83.1765
85.0378
22.8878
93.9914
135.419
73.5929
31.7034
146.543
115.415
25.0296
32.7897
34.8453
38.6336
32.4097
26.9032
30.922
11.4477
18.4686
134.127
13.1359
141.309
32.2573
184.933
69.9026
26.9944
34.0479
34.4312
63.4855
22.5453
203.855
65.1729
13.4532
87.3721
114.128
52.7808
17.2213
17.8591
53.2778
76.0291
121.715
33.7788
95.0497
42.6724
32.6935
59.8753
217.216
55.9921
44.7237
31.8387
15.0944
19.9606
19.4732
235.215
13.4862
97.0545
45.5251
67.3562
63.009
24.6745
49.4279
14.6945
35.272
85.2505
76.3658
38.9898
20.2192
27.8873
147.062
154.014
43.1906
102.551
34.0363
79.7916
86.5384
42.6465
16.9781
105.185
69.0289
76.6431
43.7287
100.702
39.5929
118.12
107.597
65.127
53.7111
18.0555
34.4105
180.07
42.5332
31.2793
31.2675
18.7026
15.3429
68.9836
22.2161
154.212
22.4722
19.4216
34.9099
155.375
22.9973
114.138
26.4289
20.0716
18.5954
23.5986
24.0643
68.8412
49.5943
226.131
11.7841
195.738
97.8708
20.1303
22.0867
29.3562
43.1464
119.322
41.9101
41.0974
24.4218
63.5882
28.7627
36.2017
20.1585
49.8587
43.3149
20.7258
138.232
54.432
14.3311
59.7067
29.0568
34.3072
28.357
24.3874
27.1267
52.9326
18.0577
66.6705
189.281
11.7549
41.5196
27.6513
72.8907
28.6978
55.9672
43.173
24.9762
78.2569
75.3425
20.5649
45.7858
84.2675
60.2562
87.8371
9.76441
43.6788
132.478
114.726
45.7911
104.337
89.0031
46.3168
48.9363
45.7715
63.3365
91.6325
46.7579
102.059
26.3039
66.619
8.82817
15.6517
78.9324
187.462
71.3558
16.8033
23.5491
84.4141
31.4697
13.7122
115.784
107.932
114.354
48.2266
107.294
25.302
15.3023
40.4638
18.6852
43.2247
131.658
58.4876
37.044
67.8704
80.7648
68.1438
135.605
152.36
31.8819
27.97
90.4196
26.9286
130.488
50.5679
33.623
33.1203
38.2542
50.07
17.7943
18.4744
67.6334
24.9265
49.9275
37.8543
62.9486
135.757
67.2675
71.9454
98.108
53.4497
48.5731
36.4939
207.512
59.1298
10.2657
12.1157
69.9824
45.6421
123.341
38.4166
31.0551
51.3156
15.1946
65.2743
120
101.116
205.395
36.2227
34.0751
12.007
88.0979
156.296
70.7695
68.9552
35.7162
51.3435
37.4755
54.9574
75.9414
67.066
17.1883
13.9009
43.6822
136.125
26.7816
102.745
32.7259
11.5161
30.0739
36.3271
178.291
13.3659
46.3182
65.5195
64.402
108.081
26.537
67.2939
32.3402
28.7556
19.4844
23.6819
104.878
24.6541
155.905
21.8349
107.524
17.2008
97.6911
47.5694
60.5515
71.4128
74.4535
27.1816
21.7597
46.1437
26.7542
8.71605
127.511
13.9338
39.3163
36.8543
49.8763
78.1063
23.6135
93.9505
37.3382
30.0854
23.5687
13.4388
61.418
10.8181
13.1166
9.00066
64.5513
15.7565
130.723
23.3392
12.1476
44.3185
22.1125
37.8185
36.8406
24.2598
8.97946
97.8465
21.631
42.7254
154.11
98.9856
65.8757
101.561
54.6311
5.70095
47.5505
74.0474
22.8053
132.98
67.2455
79.9163
80.5134
20.607
13.6717
170.288
15.3933
35.1363
21.4568
28.131
29.76
11.3883
19.3363
40.6474
13.2499
22.9245
102.077
10.5457
13.8924
33.1432
55.2918
43.7184
25.1232
118.689
134.506
173.543
107.398
48.6909
23.0345
19.4448
15.4068
50.1067
22.674
25.7099
108.918
23.6615
46.8677
38.99
45.3963
7.59202
12.2801
47.5072
13.3397
22.4823
41.0731
80.2385
52.4958
116.265
18.531
36.268
38.4549
29.8707
42.816
33.8161
67.0451
8.07283
96.5862
51.8009
64.2488
146.942
102.447
31.5201
29.3129
10.4641
48.2479
42.6926
34.9752
70.3627
101.624
39.0088
64.6285
84.3602
58.7082
59.8376
14.5939
26.6072
20.4663
144.98
26.5492
116.602
38.3842
32.2778
178.269
22.8284
40.3038
137.526
70.0421
11.5397
52.4034
75.7352
48.4349
47.4923
175.641
22.5158
145.925
56.3754
51.8649
47.2661
82.3975
26.5258
39.8924
16.163
51.5224
87.8074
133.112
25.1063
78.7227
81.7676
43.8716
36.362
91.2997
30.7135
98.4899
135.087
54.3567
55.165
4.3803
78.4324
14.2577
20.189
13.5641
33.8952
40.2523
30.1653
7.56816
190.074
31.7406
26.1663
48.9302
260.826
56.4139
31.8769
15.8759
34.0987
58.7019
24.1583
43.0411
24.5165
79.5105
61.6403
26.872
120.518
7.89516
92.4384
76.3331
9.70447
109.58
56.2983
56.818
87.7181
24.6704
53.3645
101.292
40.0853
128.044
36.5562
49.0491
26.8116
15.0898
17.9032
25.8746
9.73788
21.7216
39.4111
15.6274
52.0009
46.5076
66.2722
6.45806
150.836
30.9649
91.9766
36.737
23.1688
5.91619
28.1188
55.9023
10.7677
33.3671
24.1334
14.7762
93.6801
17.3708
6.61682
51.9216
14.026
17.4635
108.748
64.8534
57.2386
65.1906
30.508
67.1327
47.7206
17.7664
91.0788
23.1956
80.1275
71.5107
246.411
24.3886
156.687
99.5361
20.5115
16.1664
36.2988
56.1847
153.134
55.332
63.8901
38.0663
34.8608
26.5577
33.2007
96.1327
15.1131
34.0957
20.8552
45.8807
66.5032
20.7909
65.4405
24.7196
64.7253
15.0195
31.8602
19.2333
153.284
46.7016
59.6915
27.371
63.4554
9.11508
103.742
18.2485
47.7888
127.696
58.0639
35.5238
50.2743
23.4063
15.2474
56.7998
10.0487
152.298
49.643
99.1121
32.3105
59.0961
16.1939
13.9875
51.4293
21.3146
18.4059
21.7994
9.66248
35.8676
23.1913
87.7352
142.395
47.4022
46.8267
69.7421
14.7567
34.3135
14.0109
88.2015
69.0351
33.7165
151.37
21.7698
107.527
46.7654
100.008
72.8549
82.2579
60.1471
23.128
47.5596
56.4442
42.8697
78.2846
32.718
119.24
56.1836
75.9575
36.7841
46.3888
22.6755
65.5576
42.7278
25.399
106.011
111.169
59.5683
11.0142
101.878
63.2687
51.4134
23.0912
37.0703
42.6884
33.7429
41.9217
81.5114
203.391
38.2025
13.0213
19.1919
136.839
129.26
52.5479
81.3861
30.4297
11.8071
48.9124
21.9541
46.0167
22.7293
9.02991
11.0166
39.936
41.9914
96.4822
58.5976
9.85211
94.5973
75.878
16.0259
82.7403
114.583
21.7776
65.8755
74.3204
14.7253
85.3555
62.3211
47.1418
12.9272
26.5655
69.4771
26.7938
18.4287
53.6893
17.0311
71.708
20.8107
43.4092
24.3854
113.828
11.3464
96.7613
48.809
24.5674
13.6279
277.768
51.7669
61.4974
218.335
33.668
65.136
27.699
11.2911
50.1853
29.8392
43.1596
33.5105
17.404
28.8676
28.6903
43.7204
22.4134
143.775
37.4817
48.5576
77.115
37.5338
74.155
62.976
22.4144
60.8114
41.1834
39.0304
41.9045
35.2308
130.731
25.8678
35.3928
34.2107
29.872
29.3454
63.6696
104.048
17.882
9.37617
146.213
49.7249
98.9222
18.9743
25.1647
113.155
48.4874
65.0459
28.5911
49.026
28.3448
23.465
70.6618
11.1336
84.8059
24.6819
40.2728
35.0793
100.663
22.7816
36.5243
49.2493
98.3851
281.698
122.504
10.1875
63.7171
61.5576
61.228
51.5687
14.431
51.923
29.1429
24.5043
83.5922
240.386
76.5977
88.0372
27.7839
24.0386
61.4983
18.8035
44.8152
47.5064
43.1154
100.757
132.181
24.3236
21.5159
25.7984
33.4668
16.869
25.5723
67.4562
14.7596
89.4196
156.145
29.7261
83.0664
10.4277
10.8897
81.4214
132.184
57.6009
43.1023
30.939
20.2466
41.6903
53.7021
77.2291
212.046
96.7591
31.7223
34.2144
22.1925
34.1749
75.7612
91.3286
154.952
14.1737
21.7897
41.329
23.0465
119.856
18.0746
59.1836
41.8715
36.406
49.927
28.0242
75.6151
101.253
73.1505
58.29
162.536
27.6629
127.089
39.4602
34.7425
15.9023
118.756
64.4681
59.131
28.0712
27.4654
51.6451
26.6032
49.7757
30.1914
98.2694
55.5537
21.0283
42.9464
87.596
15.3578
32.4598
150.74
32.1637
35.453
42.6336
82.6191
13.4388
11.0604
18.4221
48.0264
125.04
58.8005
37.6028
58.8965
43.8197
92.0156
42.9906
53.9874
31.5727
77.4792
34.1469
17.411
115.64
61.0874
18.7284
44.3609
18.9979
31.2231
29.8516
58.857
47.7114
103.997
38.7616
15.4069
168.921
25.076
54.0919
50.1978
36.5528
36.8153
7.09737
12.6241
31.1708
14.1424
45.5233
147.403
141.572
153.767
46.3028
59.1637
31.8569
61.7797
26.5044
40.133
132.39
42.3258
109.802
17.0065
10.2865
89.651
13.4465
11.7139
31.4369
23.5467
69.4606
13.7459
40.8135
48.6981
63.3838
33.0019
61.046
54.5267
25.297
17.5852
42.142
39.2343
40.2929
29.9348
64.883
70.5282
35.2482
38.9475
51.2728
163.361
81.824
19.1767
77.3936
34.8168
66.592
14.2409
69.7747
19.964
44.6433
121.489
104.857
19.501
10.7524
39.3026
74.5808
138.194
130.621
22.5355
7.74673
81.4724
29.3776
40.8697
26.8667
41.4293
133.297
75.0292
31.0453
50.4782
11.1714
102.912
42.1905
89.8386
22.7348
10.897
23.4972
28.7563
10.2049
63.1586
114.658
13.9848
197.698
25.6051
51.5054
83.0537
37.5989
29.8284
114.532
11.0742
20.3522
130.534
29.7537
55.6642
22.3348
255.749
229.688
39.2895
25.646
88.3767
61.1605
25.618
89.8601
148.739
34.1006
92.1218
70.3753
186.259
14.2461
15.1944
118.862
32.8713
12.0629
10.1571
18.5999
125.891
15.7927
18.5278
60.5671
108.321
165.111
20.0486
22.4611
117.697
23.6681
36.4631
21.6783
80.4448
94.2571
21.128
39.0604
23.5007
35.5551
39.421
68.2531
32.777
90.8638
23.3219
10.2764
31.0377
16.5297
52.0128
161.432
39.9495
22.4552
11.197
74.5674
55.0654
32.8988
50.083
41.1042
57.4279
32.1845
20.7985
39.7601
56.2774
32.7713
55.2669
112.504
129.58
47.3191
12.2587
31.0691
70.3897
33.5758
38.3261
18.7903
45.72
78.379
24.529
63.9876
50.6095
52.1812
25.7524
196.727
38.06
35.6067
13.9657
53.8877
163.504
11.5158
163.364
41.6697
64.4032
49.7951
198.853
62.2904
22.6749
68.5722
101.545
61.3628
85.3574
15.2319
10.0025
18.399
19.1632
18.5321
80.6005
56.8963
133.165
83.7945
19.2223
144.313
44.7764
27.064
37.2187
38.9927
13.6723
31.4911
84.5371
13.6753
39.6293
112.438
22.5196
29.3938
38.7727
21.9255
26.0591
48.6878
121.201
64.4728
92.7941
74.1752
54.4954
27.7288
264.803
12.5511
43.5817
18.2463
16.2768
71.3485
139.96
4.93228
31.9423
55.4413
67.8528
99.5905
25.1874
14.7147
11.5131
23.4744
36.3792
44.2285
21.9078
36.1278
98.3659
20.9709
23.1192
47.9402
11.5246
42.2604
26.6467
46.9432
135.712
89.6312
34.2141
28.9269
227.84
45.0831
46.5375
33.0157
136.482
68.8635
19.0583
23.9651
11.0333
88.1624
65.8428
19.4377
98.0298
26.6265
41.5275
21.3645
28.3133
102.035
78.8608
9.30172
19.4696
12.4834
98.7833
150.381
278.489
33.5494
45.5614
60.9928
44.8602
44.7295
30.2557
11.6741
81.1927
131.285
13.5107
50.5344
17.5302
47.2412
288.541
24.6669
21.2965
71.6295
96.6674
9.33369
183.815
35.9507
21.9697
84.786
20.3983
137.612
56.1682
25.5056
80.2004
8.93203
68.0487
19.2311
42.5042
55.0101
25.3454
37.9925
57.7181
139.69
18.8412
31.5778
50.3763
179.054
14.5223
16.9268
55.4011
35.9
160.701
8.02625
28.5785
30.727
71.4171
95.3358
9.27902
72.1107
29.2211
17.9493
190.958
98.1309
18.4049
110.647
103.394
75.1394
38.299
104.243
71.1879
53.4358
24.091
24.9888
66.826
18.8154
27.585
82.6726
24.265
164.953
144.528
45.4946
53.036
32.4121
60.6765
9.10754
52.2481
41.088
27.0771
32.4226
65.6879
191.435
217.199
58.7456
26.7911
14.5347
155.837
116.94
104.091
18.484
159.311
82.464
271.216
93.9653
50.1838
31.0821
116.207
56.0816
32.3197
40.092
30.9537
60.3577
20.4858
48.059
44.8839
33.61
9.30457
102.243
19.8076
98.2486
23.4635
15.9791
52.8335
54.8087
80.0558
56.9776
47.5988
91.0805
37.2582
27.066
36.5778
30.6368
35.9165
14.3214
30.7887
36.026
22.1206
145.392
68.6838
29.9828
102.279
57.7123
23.9011
41.7123
100.035
22.0517
58.8725
16.2456
23.1855
98.3836
10.7532
59.5872
88.9409
72.84
88.2946
21.6121
72.0215
46.3223
139.704
19.0728
32.7004
105.245
12.9344
91.4401
14.8642
119.955
44.4564
44.4524
57.8693
83.1827
76.1997
20.2038
46.3986
42.3965
43.2401
16.338
11.4122
17.133
37.6493
293.075
89.9342
5.98523
84.5821
36.2713
115.082
59.7622
16.9557
72.2171
61.9619
92.1596
39.3833
21.8788
9.70956
37.1017
136.664
41.5735
54.859
65.4208
23.2704
80.0519
11.5464
137.547
50.9346
30.3227
46.6847
167.225
5.87002
24.8025
202.499
90.3131
90.033
85.3386
44.4459
72.7515
75.0177
84.3828
98.15
143.424
136.214
93.0075
22.1353
53.8922
73.4719
13.7597
37.0167
24.7343
85.7873
70.8702
30.7987
27.314
18.9819
24.56
12.2086
9.75599
44.2633
55.1297
91.7634
192.966
41.9947
152.437
18.9575
37.4954
143.386
46.325
88.5765
148.476
51.0581
38.0557
51.2631
70.1994
88.3843
40.6394
60.9428
34.1113
18.3351
74.6248
173.367
19.9417
248.101
50.4038
47.7214
18.5252
70.1746
35.1537
39.0798
23.6421
88.3041
28.4593
233.911
22.9585
123.279
39.9467
13.0234
51.4427
18.9347
10.2538
20.7408
33.835
85.8985
40.6686
69.77
21.767
14.1799
36.2827
40.5328
17.8358
39.1412
143.661
43.7255
13.5608
149.984
24.1403
36.7536
41.5472
67.6291
29.0359
16.0177
11.8008
56.7449
19.206
59.9174
176.162
94.1307
74.9942
8.87019
91.5735
166.166
31.8865
81.9634
23.2332
44.0569
28.9084
44.9894
11.4554
18.3202
25.3616
176.776
54.6121
55.7499
79.1867
15.6947
127.532
13.7769
11.103
65.0686
66.6314
21.7691
25.9402
32.0835
71.2594
34.0546
84.0772
17.0482
141.09
39.0742
20.2658
71.9571
46.3509
90.0465
113.312
19.1801
32.0112
103.812
57.7269
45.7519
79.9874
46.1342
28.6504
112.911
49.8304
174.811
154.214
48.0533
91.6808
45.2688
100.659
68.4253
41.3283
22.998
59.2518
30.9236
32.3732
47.8867
30.7936
36.7993
29.4469
132.108
73.2893
61.4059
83.0802
48.9752
33.3057
71.4092
13.5778
42.0223
19.533
16.9393
17.4774
83.6455
33.6392
141.504
35.6782
22.6332
109.273
64.2335
228.192
47.7484
118.774
49.4132
123.921
46.06
14.064
12.6252
60.2391
58.1221
28.1681
83.0588
23.4858
16.5223
28.4613
36.459
109.478
93.8769
16.3173
53.074
168.082
43.4933
39.4109
132.548
20.5865
37.0828
83.2207
91.4732
8.4952
109.022
39.9543
12.3495
36.6316
11.946
14.3272
68.3465
54.2984
27.0242
24.269
176.181
78.7388
93.6168
22.9995
135.375
43.0466
52.5864
131.869
42.0789
14.9109
36.7724
149.75
37.5128
20.7878
45.6343
30.0217
105.617
8.43079
25.7674
126.459
94.6303
38.284
3.82954
160.833
88.4859
126.688
124.844
56.3719
16.6917
51.8091
36.9319
45.4804
17.4548
104.43
107.989
22.74
36.7586
30.3903
93.9867
13.2057
160.59
36.4666
36.9382
46.6088
82.8916
18.1074
55.8339
74.7298
70.2185
19.6185
30.8584
144.497
23.539
74.388
28.4568
19.1764
146.248
50.8182
24.8823
66.0516
29.5076
17.632
18.4217
67.0769
104.459
29.6672
44.3817
11.2968
24.0848
12.3665
92.6169
35.8254
56.9142
37.8019
26.671
85.0561
38.0989
173.54
47.7383
18.171
68.0907
15.092
50.8968
168.451
139.627
7.23196
49.4384
26.1504
29.0931
45.4992
28.9341
48.9412
16.4171
10.6517
9.40396
64.0713
16.9575
56.4112
26.5808
164.184
44.8779
96.8605
132.235
19.9999
47.6033
25.8981
38.0384
48.3298
52.8535
39.8507
11.0264
42.3118
21.1689
73.6963
98.7642
34.6549
63.4609
49.524
124.87
58.5156
209.402
13.6308
39.0485
45.3154
26.9545
38.9539
22.4353
34.6698
128.771
64.1761
40.3439
48.3734
91.2159
9.39065
56.9861
53.1515
188.512
31.52
30.5698
24.1828
70.9229
35.0267
22.9907
56.4536
10.8415
90.2695
96.9878
152.339
115.725
15.6882
57.8126
225.647
47.1002
7.69067
26.9268
162.661
11.3438
42.9413
38.4299
202.345
16.1378
36.9536
67.7841
27.512
25.576
22.0651
14.5694
16.8055
21.6799
24.8795
22.6227
22.9874
25.6769
14.1756
29.6863
96.7686
9.84042
46.2218
89.4725
406.726
25.8237
17.1527
38.4179
63.6915
87.5867
14.1749
160.859
50.965
9.17011
33.049
137.513
86.7756
44.6755
42.9575
27.2035
11.9954
95.5543
85.2215
92.5135
96.4749
122.082
190.275
20.0183
173.71
167.392
128.832
54.7282
11.8952
77.364
11.854
49.7305
172.849
136.84
31.9881
57.5787
31.308
87.4582
13.0209
56.3146
222.075
32.338
53.0762
24.8938
25.6143
29.0735
95.5921
15.5465
118.214
87.5266
61.681
108.389
63.6847
27.7197
40.3936
17.8973
54.7116
60.753
71.2274
46.2594
88.4206
31.4811
87.6378
20.1759
102.382
55.6616
42.9902
218.501
36.8971
32.2756
19.641
19.7047
16.1852
63.543
56.3929
40.9458
41.4769
31.8807
63.8633
22.3863
19.8504
70.4503
6.04738
9.5138
33.071
27.538
152.451
11.6303
22.6309
75.4603
68.3153
22.7453
44.7548
8.74874
27.2743
21.8444
33.0672
98.1605
32.5026
7.6178
81.0745
33.4343
145.776
32.7095
10.6234
30.976
38.4568
44.0696
20.5067
11.804
20.4722
42.7814
19.8206
124.402
240.126
18.9971
193.899
48.0783
69.3554
99.3608
120.698
40.848
52.6394
33.9701
11.1267
63.6467
42.7491
48.1522
81.5621
28.4497
78.1648
62.2617
22.3204
33.1286
134.142
55.9178
83.9535
38.2781
164.152
9.18223
19.4975
63.5071
21.7291
68.6843
50.5339
33.8385
101.952
43.8538
30.2127
45.7933
32.6235
12.9477
24.7135
18.3886
142.787
18.7997
45.0775
23.5231
24.6482
92.02
89.1299
96.0271
33.2055
89.2503
26.8076
18.5628
26.3072
64.9936
25.5231
45.8153
76.8703
78.3372
54.7224
26.0758
24.1524
77.4919
167.258
25.1043
20.8425
38.4339
202.743
98.0437
72.9759
14.452
23.8343
134.74
64.2205
21.104
66.4556
48.2416
48.5506
78.0972
59.7659
70.9267
74.3144
8.87818
46.2952
26.2181
19.9328
65.8057
36.5475
28.367
126.311
30.2902
78.2773
49.3466
18.3314
130.924
43.203
17.8824
40.9913
35.9052
120.29
26.201
50.5831
61.4422
24.0075
120.229
41.8887
65.4845
33.7886
47.7286
74.9059
97.9706
176.927
31.1134
57.9423
57.8047
64.2939
42.5268
118.249
11.2055
77.5357
89.9931
61.7143
25.3744
45.4442
53.9796
41.939
47.3991
16.1307
77.0768
7.42843
14.2735
181.17
84.7209
32.3419
51.247
77.2724
67.0739
47.6758
24.5147
37.898
86.5922
27.8091
34.1841
155.126
25.8237
112.062
50.2048
62.1568
46.4602
134.268
13.2361
171.762
106.866
53.3738
37.056
77.5341
53.0792
49.3002
50.1485
29.9968
53.9089
49.5153
41.7245
40.5371
187.051
100.811
22.0092
11.6991
66.1894
16.4714
17.564
47.4481
23.0222
11.6484
77.7118
12.6025
26.9478
18.7992
83.4901
18.2424
76.0969
83.9862
79.0439
62.0856
56.7092
111.326
15.2877
34.61
43.9021
174.425
33.0412
28.0655
49.0714
91.8058
164.98
44.1781
142.844
124.278
79.5834
47.7228
72.3838
11.5159
139.333
41.3076
161.693
55.2518
44.8483
16.7585
118.651
18.851
131.537
83.7141
31.3546
16.5027
133.591
49.0423
49.3338
46.417
76.4309
64.1776
103.419
35.4917
111.375
10.1676
23.2237
95.0423
18.4405
16.2182
47.9899
49.678
67.5852
86.8527
12.8828
110.046
44.4847
57.6441
172.307
283.891
69.7031
28.6509
81.5057
62.9407
44.7218
115.812
74.4385
95.2749
59.4583
31.1528
28.5957
78.9594
70.6161
28.2142
11.7882
71.367
39.1958
24.5438
14.1992
59.7655
44.8525
20.9373
16.2302
41.1933
3.84004
79.71
178.289
16.6938
60.74
31.0259
84.578
54.503
33.7938
20.754
32.4258
14.0407
117.385
19.4435
35.5358
44.6283
156.963
80.6313
18.5319
106.187
43.639
19.6758
10.2218
31.4124
113.958
23.5421
11.7294
89.5683
27.3407
50.0843
44.2615
63.0146
103.025
55.778
83.4267
38.6405
19.8667
26.4077
23.4912
28.5767
62.0834
60.8098
91.1068
35.3512
46.3057
17.6414
36.3308
29.3629
39.0496
24.5433
101.334
94.3885
22.9475
154.672
12.531
43.4165
32.2475
19.5329
63.8621
71.4079
71.0631
45.6713
34.7491
73.0696
15.5873
51.8156
42.1217
84.8449
171.304
27.6506
11.3842
66.2737
33.7141
50.8205
160.396
36.5166
103.1
99.2533
51.7487
20.7829
22.0056
35.7983
19.796
9.7612
14.7028
43.3689
76.7671
15.7376
76.3318
15.2585
141.452
11.7282
125.134
32.2444
43.1708
112.397
304.799
36.9647
21.2123
22.2571
22.3749
78.6162
64.5854
5.50062
54.4677
79.5422
66.4247
37.1738
41.64
41.3509
14.2456
13.1189
74.1594
86.6026
45.071
152.534
43.9654
60.8823
170.933
33.109
50.1089
17.9359
177.583
47.0693
33.5557
56.2404
31.5827
23.1634
17.5997
61.1109
68.2233
32.2343
75.6032
40.0105
22.4172
94.4857
67.5124
106.581
16.112
16.7975
24.7525
58.0945
87.8369
163.018
16.7746
178.512
142.703
98.6575
120.219
64.7775
138.307
49.6041
45.5377
28.9838
141.625
68.0136
53.317
8.27623
168.743
40.5426
19.0954
134.68
23.3452
64.861
123.568
46.9222
55.3104
47.8961
68.1367
42.882
6.09975
95.6035
44.4405
28.8311
22.292
47.143
228.26
135.586
50.8651
48.406
99.3156
76.5643
78.5486
93.13
131.439
24.9283
15.1118
72.2291
42.6533
24.7578
22.9967
73.2588
72.0629
16.9899
60.1436
22.727
87.8745
37.5405
121.379
13.3453
20.669
14.175
46.3178
21.3857
15.7823
31.1489
87.7925
28.8614
12.2477
29.4322
86.2034
74.3229
12.5011
158.437
87.9046
58.8468
8.87967
83.911
12.9238
58.3769
96.6669
68.2587
11.1533
129.206
15.6175
30.7398
13.2388
24.4788
26.6627
46.9831
94.0244
15.3506
70.9715
84.9647
184.812
49.4273
48.2171
14.4576
25.5719
22.7162
72.5145
40.0619
45.4012
54.6191
23.1289
23.6297
62.5599
37.9721
43.261
44.481
243.8
12.8762
74.0727
55.3757
43.3982
19.6447
98.5838
30.0414
33.4116
40.6087
52.0328
73.2056
121.784
56.002
54.3198
40.9642
90.6867
15.3318
15.3458
97.9978
44.4954
148.731
66.1332
40.56
84.8287
12.6366
150.549
141.181
236.626
26.8537
151.226
109.056
25.3507
167.259
18.5894
89.8102
18.3993
29.1209
54.0565
64.0505
7.37441
17.5733
65.3276
48.6003
30.1972
70.3881
22.1127
32.3601
18.7614
55.1498
5.28402
46.6655
56.6154
27.5091
37.231
68.5768
10.4382
59.3048
39.9619
72.5694
94.8907
17.5839
58.9113
38.6833
125.565
34.0372
43.2811
84.7492
77.0149
38.2547
11.8451
23.8614
88.2372
24.2926
22.0169
24.5104
62.4033
23.5998
55.0251
40.1247
23.0831
76.4791
34.5888
11.0668
12.7683
74.5219
35.1432
139.257
65.6424
166.453
74.8165
107.633
106.859
56.606
18.1574
59.3127
101.223
127.121
25.1481
140.767
170.376
56.3578
41.749
169.987
58.1668
157.922
89.2817
41.6374
17.2386
126.788
32.4073
48.1427
93.4851
112.263
18.6139
15.7
80.1493
65.3548
52.6733
10.2563
26.851
78.9707
29.5491
25.0241
10.973
89.2862
25.4242
22.7845
27.8541
13.2168
8.34005
52.0532
151.543
37.4416
32.7157
36.8485
97.0045
23.0783
18.8956
113.497
50.0986
16.5264
50.7741
56.2316
27.7874
88.9733
48.5457
60.2522
116.904
31.1855
15.1669
65.6238
129.325
22.0615
26.791
35.4056
57.1162
56.9057
43.0333
57.3453
170.795
225.064
59.8306
58.1098
33.7378
56.1909
130.423
23.4374
10.8033
68.5527
11.8319
18.2811
27.6845
9.97615
46.9101
74.335
37.1888
99.0711
81.0408
75.9777
13.3586
77.5259
78.1134
40.3697
36.0781
53.323
33.3257
45.2672
111.931
50.5058
88.7796
206.714
88.9236
30.0702
29.4989
20.949
68.539
66.2853
45.2987
26.1585
31.1018
35.5631
74.5881
29.3018
68.7944
24.0537
49.7092
55.4996
62.4602
24.3389
51.4581
130.492
64.5459
18.4827
60.1435
32.6502
26.1884
125.15
116.579
37.7577
12.1303
49.5715
60.7055
109.934
97.7362
22.5688
50.0385
10.213
50.4703
31.4907
72.5994
30.6128
93.1091
69.2395
30.1599
38.8528
15.4615
29.9282
47.346
24.4415
205.522
10.2813
47.0505
17.0779
18.8805
57.6558
61.2641
53.464
50.4564
16.263
36.4054
130.983
16.7738
29.7189
50.9268
33.1338
45.9938
239.065
60.8522
157.358
69.0831
41.9949
14.6423
44.1277
62.254
36.2288
52.8217
86.2167
31.094
60.8565
109.754
51.8549
11.7859
176.362
82.9534
31.0541
15.3125
89.2615
73.9
68.7591
58.4271
65.7344
32.3678
78.4752
32.9005
21.8642
58.9337
125.761
40.6806
31.1146
46.8696
92.2785
57.2185
94.9101
87.5119
144.386
48.0794
117.839
66.1879
55.1733
46.669
92.3165
80.364
60.1619
33.9849
16.0311
14.3998
37.699
56.4955
24.8842
21.5116
111.652
58.2086
155.712
101.688
106.821
127.252
48.1884
11.7696
108.582
38.7564
66.8884
104.755
46.5809
17.301
75.0634
39.6983
11.071
147.709
25.6497
150.662
78.1092
193.278
73.1928
21.8654
23.1742
31.4916
14.2901
16.6601
69.5618
67.484
11.4161
49.3464
63.9159
162.943
27.8714
41.9616
55.5322
135.159
17.467
48.1543
26.6902
33.7692
32.3385
43.1097
172.058
34.1932
7.15015
26.8377
22.9536
141.894
43.7387
29.7817
140.872
43.1854
28.768
23.5317
51.851
65.6349
82.2056
87.1899
39.4464
49.8409
36.2758
20.6918
16.2649
54.6734
39.6941
69.9166
93.4808
65.2507
61.2048
38.8633
55.8095
28.7081
92.272
52.6604
70.3864
71.4948
26.0207
114.466
37.3112
127.077
46.7565
82.2183
20.3803
16.8307
47.4645
46.3056
8.53976
102.241
76.0832
39.3772
49.9952
22.5035
15.4234
101.984
94.6059
34.1382
37.9716
94.8907
113.461
36.2204
80.0079
51.4263
34.17
27.4121
66.9727
108.189
26.5419
43.2963
44.501
24.2561
8.87606
27.9667
63.4023
24.6452
8.13982
24.5812
52.2069
79.2719
45.8262
88.959
37.5277
230.518
10.8747
56.2608
83.1532
63.7979
259.283
20.1042
49.5553
17.2638
14.8234
27.9482
82.4481
63.6893
16.3051
217.744
220.996
31.4726
191.66
67.9003
117.336
72.6472
49.6742
23.7774
20.4705
223.612
54.9331
43.4489
26.2846
29.7305
37.8694
34.7046
39.8164
30.2116
88.0235
50.204
5.99518
11.4412
117.503
53.9753
29.3613
11.985
43.3844
37.295
11.4086
22.5262
160.61
58.292
57.7179
46.9977
22.6378
19.2908
52.5988
26.087
44.5884
33.0456
91.4337
46.119
133.585
228.242
44.5871
27.6051
27.264
54.5161
137.801
89.9653
36.8155
85.5751
53.0936
28.7997
58.4582
113.952
84.6249
30.1053
148.924
51.2695
64.676
17.7415
71.8197
20.3544
5.81708
90.1308
18.6721
137.266
15.1227
10.6199
67.434
107.928
21.6539
53.5371
12.034
55.3918
217.449
90.5232
27.6541
53.8233
8.32328
24.4744
21.1038
33.6702
27.2825
8.94758
11.9938
24.5679
84.2108
44.3281
14.7419
37.8913
51.2631
48.1192
28.7842
53.1186
57.0347
68.7315
35.5696
94.5645
95.047
38.2326
21.9489
40.6035
47.8701
21.6084
15.9256
17.8794
13.1216
35.8238
88.1197
19.4825
34.1055
187.307
20.7931
16.518
24.9867
62.4006
151.002
14.0672
248.404
36.6659
29.3762
52.9751
33.5531
6.29925
137.83
26.9988
23.0823
40.4837
100.967
33.1535
19.4832
37.6973
58.7002
113.938
12.6606
12.9861
124.363
15.7943
37.6764
130.208
32.3906
128.833
62.1067
91.1568
46.1007
27.2744
48.2435
18.3828
86.4871
162.816
57.8688
45.4716
174.213
44.6042
72.0436
33.4795
45.5319
118.324
33.1424
114.368
101.958
28.0902
27.1518
24.7131
95.5571
109.058
101.392
22.5813
16.1462
33.9816
58.4425
12.4824
59.0314
73.7676
78.4073
100.687
111.706
105.838
42.6951
14.0926
87.7175
112.256
69.1944
22.247
83.0707
94.3703
91.4722
118.024
146.981
80.5526
25.0121
39.9725
108.906
81.1261
9.32629
30.4024
108.309
65.0376
129.683
8.41899
12.7763
51.9374
63.4606
40.4729
31.6023
30.1944
148.965
43.4657
36.8214
32.0586
54.1216
22.4457
44.8573
83.9662
22.2085
168.089
41.3845
35.5087
44.6745
14.4303
142.748
34.2236
21.8384
90.3459
162.523
39.0996
24.9306
20.0962
65.1558
367.381
73.6634
74.1172
135.583
20.0376
97.2228
61.7607
282.639
52.0893
12.1853
77.3721
93.2157
74.5753
68.178
122.955
33.4836
46.1341
71.6048
37.6756
40.1406
21.1324
96.5927
108.251
125.518
77.1827
137.377
14.108
20.2124
83.1562
19.3181
192.054
14.5088
51.5721
67.7039
40.5782
62.064
126.617
43.0885
24.4495
53.7913
33.0417
49.6572
22.2288
43.9219
54.4394
54.9099
47.9201
90.1444
20.8231
83.6045
43.8178
45.8938
98.0435
19.2962
111.794
28.2205
46.4192
17.5571
42.8814
126.996
94.9075
48.4975
59.9505
75.2286
19.8548
155.892
29.9524
125.23
44.9468
49.0112
13.2108
108.319
30.9654
20.2896
43.134
70.21
15.709
68.3807
37.0953
13.5063
26.4
46.1065
75.5929
70.7519
53.0456
90.5087
37.9287
76.4937
142.559
17.2086
30.4056
83.3933
69.8715
106.915
102.069
26.3009
81.7935
116.294
29.0858
105.027
34.2814
31.0271
34.9231
25.3694
72.3547
44.3173
17.5666
29.0605
11.1027
68.345
39.9024
94.1039
182.616
32.9288
28.503
78.0185
17.826
7.35885
25.7498
29.3298
40.9781
16.7261
31.9145
13.9185
9.31601
22.6734
108.057
107.115
53.5295
47.7015
41.4836
65.4061
105.308
74.8674
35.1036
57.7836
163.368
56.6062
62.3024
202.99
69.897
73.5528
131.383
28.9278
49.1988
114.589
97.308
10.3261
88.1154
108.035
172.35
34.7094
22.95
25.3684
212.649
138.278
29.9237
38.8867
29.0683
63.6471
11.576
7.29792
29.2355
164.099
30.3387
14.5845
104.823
49.2829
14.6979
73.4606
16.2355
18.4456
48.4992
27.3125
55.0848
48.2936
48.4315
25.2409
83.4587
51.2189
17.319
90.5814
213.654
8.02457
37.5622
48.0871
24.9461
62.578
60.3913
24.9731
110.008
41.1554
56.3278
22.0033
43.5534
68.0999
70.2253
31.5842
13.6483
20.4258
38.0918
71.9995
28.6197
50.084
55.2421
15.8079
44.2816
21.3043
21.7422
77.3566
77.1176
19.6266
79.5605
61.6692
55.6215
117.485
51.6763
110.667
144.3
26.9468
142.615
21.2554
78.0344
27.1899
62.5889
14.7328
122.967
22.8725
15.1718
42.0308
24.7534
50.0949
65.1866
53.0995
68.6767
38.1517
34.5252
24.09
23.4016
58.1925
107.585
59.6579
57.5147
106.675
27.1098
34.9488
20.0399
16.703
150.956
40.6465
35.7683
78.853
130.545
50.0972
48.2313
42.0612
99.3293
31.547
49.0375
27.6073
12.4299
74.0005
101.93
42.309
66.1656
89.7874
16.2503
35.6299
72.9988
53.4842
81.3148
38.9453
32.7202
21.6637
134.84
24.6144
39.6672
53.8786
23.9563
27.6127
160.329
36.279
30.5929
39.0464
39.8065
57.561
57.2967
53.351
58.4102
68.958
39.0185
148.948
115.123
87.0356
41.7346
75.0872
47.697
12.2287
27.5472
29.1557
30.516
35.1886
183.329
41.4158
53.331
22.092
103.807
20.5139
117.598
132.913
51.1227
132.403
195.743
94.1505
321.531
86.205
45.308
43.2954
91.5771
83.8183
72.6694
51.3466
57.585
88.7918
96.9043
42.9108
63.327
94.1958
49.8837
21.2488
30.5398
70.8933
82.0743
34.1986
37.9213
30.2883
23.9202
37.8047
69.8806
182.225
53.6271
85.3997
93.3802
34.4162
159.828
71.5394
35.8332
13.6421
74.0331
48.1977
82.8686
33.4314
68.5789
26.7192
36.2583
12.3327
57.8127
50.1482
44.0388
16.1473
65.9411
52.7934
94.0103
58.4626
45.2935
45.6502
133.625
7.87594
69.3054
35.4609
80.3034
42.4507
78.3969
56.3537
198.857
36.3788
36.7151
40.2213
134.423
92.3098
15.7525
36.3504
21.2016
37.2512
87.3287
70.1298
57.8631
19.6282
45.6299
36.432
71.177
53.3164
16.299
68.9331
25.1763
21.0357
18.3452
117.346
41.737
84.6086
14.4995
32.2928
10.2931
23.9993
186.079
68.1737
103.664
7.46712
16.6486
10.8546
46.2567
143.171
236.691
162.887
108.679
54.3346
125.564
30.0013
95.9682
18.6337
65.9461
105.119
31.0412
66.1367
34.3607
66.2798
121.342
117.864
31.468
56.6426
68.0787
48.0263
40.6416
40.9272
99.2852
62.897
78.5769
40.5999
64.6828
16.5747
53.012
41.8688
15.1417
18.8316
106.296
85.1823
44.7583
101.943
25.3185
64.8354
107.714
153.98
16.4548
16.2378
79.7286
38.2304
21.6977
133.25
26.1924
52.275
21.0841
31.3548
58.3414
122.763
65.0379
71.7591
50.2304
42.4967
52.3555
32.297
25.3834
44.2248
51.0699
41.7333
51.5284
23.7195
53.0477
38.574
13.5003
47.8597
118.037
22.1857
53.994
30.4209
60.4225
35.6353
30.982
79.4345
43.3464
33.5086
69.6533
39.9842
41.8468
50.8265
20.491
7.22212
37.0388
10.1635
39.2737
74.94
52.9598
49.6122
131.479
21.4626
48.3191
77.5288
23.8189
21.0609
94.8622
37.6648
49.148
38.1451
47.734
22.8633
17.8696
36.6132
58.6079
43.2278
36.659
19.0667
57.9423
116.574
20.8199
25.459
41.9243
32.1061
168.598
90.689
48.2123
25.4034
49.7214
24.1965
63.091
30.473
29.804
11.3805
92.5307
74.2916
22.8013
13.5745
42.8665
87.5635
193.339
157.445
60.1837
64.6471
25.4417
19.9558
51.1141
11.8267
15.1673
68.5248
24.6819
72.0149
56.8141
56.083
129.315
54.4529
57.1255
152.385
42.5413
37.9056
50.2425
29.237
81.9268
49.7373
102.204
88.427
12.3783
26.3749
38.7762
8.6629
36.5545
129.796
66.9261
17.8698
178.569
174.779
92.6681
20.2346
24.173
26.4468
128.681
52.4974
273.958
77.9027
71.2682
12.1095
99.4993
13.5536
34.1807
58.5072
15.7889
16.3393
21.5988
34.6733
151.327
17.0662
56.1384
31.1692
66.3805
80.936
108.463
48.8384
35.2595
29.6595
14.1236
26.1039
145.697
13.7754
13.4238
250.967
14.9639
166.205
43.5188
50.0699
93.2008
73.2543
14.2579
58.7835
125.965
20.6922
89.5617
32.4522
112.059
162.444
19.9375
18.6571
45.3152
77.6422
20.5222
35.349
139.249
42.5403
28.4037
122.69
58.5167
140.308
27.8354
30.3103
19.2588
94.8007
8.72457
35.5387
6.83425
30.7738
39.1212
26.9689
22.35
26.4817
74.7365
43.7479
109.303
54.4475
14.2917
220.337
170.587
52.2695
62.1253
17.8615
47.6644
86.6926
48.7805
78.7109
40.4256
58.058
101.301
129.977
11.5896
61.8499
69.3744
30.3108
32.8121
37.0526
68.8136
12.726
46.6875
16.9294
93.3375
60.915
80.0957
23.1953
67.8685
51.6943
43.0834
9.43169
22.5192
19.8217
230.997
49.2966
35.1062
95.2653
170.43
67.1407
28.4885
46.4505
61.4054
44.2797
26.4509
141.228
12.8546
51.007
16.5669
19.246
77.1726
43.3644
44.1449
18.0801
7.06522
27.6116
23.9044
165.111
64.8115
33.4632
34.4415
29.2121
87.6983
103.039
95.8594
19.0022
19.7781
54.7004
73.5204
37.239
52.9306
127.724
63.4994
35.1051
16.2209
69.8266
64.7289
187.629
246.117
81.6864
42.0465
27.7396
33.5738
67.7223
26.5842
88.3346
35.1409
10.5918
67.9216
88.5939
62.0222
186.971
122.837
59.4406
26.8067
180.894
44.9988
36.5005
17.4019
70.4978
34.2767
46.0681
16.1856
41.3729
20.9758
39.158
208.612
21.3347
29.6618
80.0717
39.4369
33.4665
38.6935
28.0201
293.518
26.9426
24.958
22.5552
40.3261
53.9571
63.1871
9.44319
30.9554
61.5005
16.3632
54.1924
170.777
34.4547
35.6222
13.5973
104.693
26.6896
27.7816
68.348
66.0852
23.8004
19.4278
46.7207
79.645
10.0919
21.1353
27.2853
127.54
62.5764
72.734
33.0142
42.5217
71.1121
14.0138
40.7275
29.8215
40.4074
70.4312
20.7409
22.0618
106.624
177.997
33.2706
6.58597
54.6922
90.7845
89.4241
73.1349
37.0017
89.7715
18.9277
43.7055
48.2928
54.2878
7.98774
34.0088
116.579
17.3337
29.5407
68.8123
95.7574
39.4817
275.15
31.8802
52.4602
43.1248
77.9566
29.0646
39.7992
102.122
30.6902
15.0833
39.638
62.1021
45.8975
16.4897
63.9164
14.0702
144.991
94.0338
21.5386
95.8612
21.3593
36.3583
22.8357
100.127
24.1422
62.3666
36.817
43.3831
19.2624
10.6158
33.1684
22.3252
47.1377
20.8886
30.4339
22.7214
62.5354
21.4596
54.9789
22.8176
78.8096
29.8684
15.9871
213.18
110.268
36.9489
25.4809
36.2121
120.928
22.2582
14.0975
14.5797
9.60413
45.709
39.3809
90.521
96.6239
215.721
22.4213
22.9663
58.6767
28.3104
174.286
57.8432
129.896
136.198
91.4372
92.8009
51.2369
99.4
129.248
38.5078
46.8775
82.9164
19.263
41.6948
5.77689
10.13
12.2196
136.254
14.6864
104.626
27.254
50.9448
16.4706
33.1655
34.0446
16.0874
44.9888
16.7648
43.808
134.47
26.9879
82.3009
84.8109
33.2846
117.273
45.7567
43.8121
44.9171
23.6759
91.0724
18.4356
83.8889
60.6848
52.2656
94.8785
20.2105
109.214
28.6663
16.5895
80.7207
81.6816
99.7447
27.3562
83.7054
7.1432
24.6892
39.4087
67.9004
22.9655
267.597
104.325
150.993
38.073
89.1862
12.4523
29.0833
46.3563
27.6854
46.1433
11.2116
5.82547
15.8901
76.2123
30.6474
30.791
47.1687
8.33682
118.199
65.0174
138.498
31.9323
155.864
17.0044
33.9673
39.5875
70.6918
18.1456
73.2046
69.0503
12.9099
149.168
25.0277
21.5801
29.1919
123.003
118.409
25.1304
28.8327
59.8619
16.936
38.435
11.7187
5.40635
36.2271
62.1019
71.8732
17.2755
18.0537
64.3807
17.4758
104.462
14.8431
161.357
42.2234
77.29
81.7257
47.7528
76.4748
101.731
25.7043
58.8109
26.6102
62.6745
103.605
87.8009
49.9277
76.6703
26.748
41.804
133.713
31.2226
22.9294
68.7394
28.5124
163.997
50.224
62.5821
64.1425
23.4214
106.263
44.3551
61.3011
121.676
29.505
21.4437
43.4347
13.2234
34.7262
30.9544
36.2471
64.8046
43.6513
35.4899
42.4076
24.9795
33.9177
38.9557
140.337
59.1498
85.7923
22.4263
82.4971
63.2739
107.767
25.6755
30.2412
31.1889
8.2938
78.2145
19.748
10.7188
13.6953
30.2549
46.4708
27.7232
45.5896
38.0876
25.8375
66.3662
24.0182
76.4334
247.567
20.9334
42.1297
47.3925
63.1068
27.0091
9.16744
68.0528
59.9802
102.339
29.8507
15.3808
10.3563
38.4964
43.9502
65.0989
57.2373
125.728
245.736
12.8511
188.418
115.468
98.192
25.3313
76.556
22.7721
21.314
57.3415
74.7234
53.7859
38.4516
28.0788
19.5241
42.3479
26.7274
46.2215
94.2211
104.681
72.074
118.766
25.2343
68.737
14.6522
38.7878
20.9707
32.4237
48.0879
51.0155
50.9283
17.7066
32.9525
21.3025
79.5776
23.9557
6.50132
27.6533
61.17
58.9187
73.8258
19.815
22.7449
168.651
35.97
54.2343
61.2716
34.1183
14.8433
35.4598
6.22964
13.2577
61.3719
31.4459
67.1787
39.4066
70.4764
62.5197
131.36
45.6944
20.7353
44.5154
16.2429
42.9512
23.7073
45.9228
34.3339
18.2293
103.503
57.9471
84.7
27.1103
121.779
37.521
79.9808
78.0789
60.6972
21.8394
38.6364
30.8912
28.6448
9.28455
38.2878
78.4804
123.045
55.2102
29.4465
143.012
40.874
59.4193
84.3537
74.0034
82.3525
57.6961
125.725
52.139
163.661
33.1462
22.6786
39.9666
30.2845
16.1543
12.268
34.197
18.207
49.4181
31.7376
38.7093
90.8508
12.1761
38.8664
6.61067
37.14
10.8223
22.7779
13.9818
61.5903
62.8938
71.2007
20.0248
102.682
39.0133
18.8812
12.4817
45.3662
111.659
105.536
25.0757
37.8636
28.3943
17.3586
15.0911
72.2762
135.113
30.1073
80.8971
35.4323
286.849
133.437
75.7223
17.815
115.858
40.6083
23.8197
102.219
178.073
84.1471
15.8299
11.7724
25.2082
61.5494
53.9254
63.573
44.9487
44.442
39.0347
16.5744
196.549
11.062
28.4282
15.0844
106.727
40.6365
54.5292
23.2008
44.3415
34.7877
34.7117
131.249
37.4359
67.8408
21.033
41.3484
23.856
36.5114
42.7602
14.1718
157.435
43.4026
21.2793
60.6462
21.0449
123.714
26.1596
30.4421
32.8681
217.172
14.872
31.4158
8.22729
61.5773
217.481
27.7187
86.1559
54.0287
72.2039
9.60459
25.1509
43.7402
68.3497
36.9732
29.5842
122.808
46.0761
34.4475
19.5927
37.8192
33.9783
36.8324
26.7235
29.9669
38.7564
19.743
50.9099
13.0737
32.2871
54.7665
24.9872
42.5384
63.874
56.2229
55.7705
37.5259
13.7559
19.9566
48.3685
74.7347
224.527
69.5205
31.0432
30.7921
21.5759
74.5954
101.81
80.4856
33.0205
20.1032
100.177
24.0144
82.722
32.1228
44.0149
91.8725
15.0642
33.0208
40.7644
19.5651
75.0095
29.4378
41.7193
40.333
82.3505
51.2733
18.8355
82.0794
112.834
77.9084
29.0595
25.0865
20.6286
53.3125
12.2293
27.038
47.8913
67.7442
49.028
12.1403
45.0489
86.2232
53.485
198.35
38.4998
9.50649
33.4839
18.9195
107.717
29.563
26.3796
5.92059
31.5778
27.9739
17.6374
314.072
191.539
137.911
80.207
93.4401
41.4024
42.0294
47.3898
70.5643
224.74
180.27
27.597
136.582
43.0948
38.2396
133.316
18.219
29.6173
38.1787
41.1955
102.768
40.6648
15.1214
50.8816
91.2688
12.7179
67.6781
33.4757
62.9761
26.2039
18.8045
116.791
128.595
30.9394
64.0669
59.0391
21.8342
45.8188
12.3013
12.8576
120.58
36.9938
29.6487
59.565
51.1856
31.5998
25.8165
23.2845
20.4138
97.992
25.5489
67.3614
16.3778
213.036
76.8085
21.3036
35.9162
12.5592
36.3889
21.9079
20.8112
44.3059
16.4084
23.4122
41.8806
28.2798
19.1353
46.2875
17.8763
33.6222
47.7689
5.65323
17.6082
62.7008
26.3108
39.843
82.5017
80.4685
62.5699
50.0313
19.2487
107.205
92.1669
35.9751
35.2111
25.5187
58.3265
43.4449
60.041
67.9342
17.7926
67.847
97.9686
421.406
67.9207
107.919
76.2013
28.776
11.8427
26.1994
72.5847
74.7409
56.3618
107.337
35.5957
31.9753
52.9376
40.0136
58.0667
34.3665
127.558
21.2394
50.0375
97.5008
25.0388
31.2059
14.0494
54.9509
63.5575
48.7728
64.2161
84.9903
28.9336
95.3947
44.6243
114.895
81.3281
92.7178
107.065
199.601
32.6647
76.7864
72.1306
28.8829
57.3913
93.6971
18.1302
36.7313
43.2937
176.331
26.0684
62.6175
42.6114
11.0516
20.4589
16.9716
62.9382
87.496
50.878
40.2203
33.7115
54.3694
16.0654
26.7767
23.0169
38.6726
44.227
24.2405
30.8285
56.5714
64.4207
90.6517
89.197
66.5777
35.3366
53.7954
62.8361
34.6867
76.033
24.6802
37.7496
16.1976
105.302
39.5913
106.652
34.008
13.902
44.8679
38.2461
41.0208
49.7203
84.9927
43.1077
79.91
60.0503
18.9307
64.9428
14.17
126.687
45.8187
12.091
29.1834
21.0224
42.2129
123.603
34.4659
94.6014
32.5565
15.1607
72.4056
31.3666
115.197
31.5732
43.6674
86.7235
42.9841
24.1556
15.1446
166.854
64.6575
68.4242
170.701
32.2778
53.8065
30.0278
25.2124
46.6492
108.998
12.9592
151.221
89.9161
128.097
43.7627
64.1185
41.684
88.5062
48.575
30.9593
35.1642
96.3968
28.9373
4.48286
21.2659
18.6534
23.9857
64.2287
138.497
36.0363
52.8458
118.393
44.3124
32.4336
16.1716
61.698
75.0113
41.8288
65.7169
61.9954
35.6539
64.8464
32.195
9.76527
53.7319
44.1576
212.84
32.2167
33.6189
30.6931
32.1403
22.0311
43.6515
18.2419
48.6732
40.3215
14.5253
80.868
81.0403
87.2944
71.7447
39.9507
96.5644
81.1813
57.9834
37.7717
34.3737
56.812
20.6379
122.461
15.6872
38.5045
62.4114
44.2253
26.8092
86.8088
65.7125
26.5442
129.559
218.419
28.364
8.13583
24.9987
88.0554
23.3806
27.9445
27.0949
57.7773
15.4264
53.7893
115.753
74.2851
36.2573
111.004
99.5466
88.4287
14.7547
20.5507
26.9559
40.9653
106.56
36.6629
12.2604
79.0372
46.3659
29.4781
6.80165
26.2913
32.7803
16.3876
36.5363
18.0667
17.2196
24.3976
5.64366
9.43496
30.7981
44.4681
33.1994
89.106
84.0924
44.4206
54.0195
39.5665
16.102
13.4963
36.1736
16.4536
72.8169
124.232
128.723
50.6992
6.88999
62.0659
90.2672
42.1953
110.517
106.475
84.1637
57.7919
37.4247
15.1377
36.6376
16.0369
8.75272
20.9692
21.3172
9.07772
124.928
32.6153
33.3768
22.5527
69.8985
67.3944
35.5188
32.9827
63.3328
61.6409
58.4973
106.243
31.1021
32.7983
28.9868
63.3983
26.9089
23.3941
23.0127
93.0904
135.5
41.4882
36.4534
20.8399
31.462
82.8166
29.9359
208.987
40.3454
24.04
124.744
97.9049
216.364
16.707
7.97234
37.2541
32.3683
47.6922
30.8106
19.6836
29.8747
37.0923
42.6119
42.0381
20.672
56.6864
34.636
105.013
21.6455
105.631
78.1574
115.224
46.902
26.857
156.954
21.7617
20.5908
14.2828
98.9699
47.4219
14.7676
27.7616
109.97
25.8808
198.2
11.072
19.2387
51.7594
69.8421
134.394
119.091
51.529
25.1962
96.1684
47.8841
25.1632
18.022
57.888
38.5401
213.716
33.7289
30.1918
56.3165
56.5063
75.9107
113.657
67.0104
74.6364
143.005
9.2899
21.2996
176.514
7.66412
97.9611
11.5631
47.8745
80.0482
128.437
97.4451
22.0985
21.2811
9.89264
45.7472
169.09
32.978
23.0193
41.1949
19.9898
72.823
53.7023
19.6889
113.686
130.53
33.331
157.799
65.4784
44.4542
14.4259
55.6104
50.2772
14.7001
105.095
56.3717
42.3549
39.8057
28.0284
42.3321
30.3601
158.761
97.341
17.0477
96.1356
152.491
28.6851
13.5468
82.8728
100.151
88.1252
71.6826
83.6744
41.1391
111.347
11.7965
31.5809
52.7822
9.22093
191.062
101.534
34.6225
11.3395
53.4729
35.8723
22.789
19.7955
39.644
47.6798
39.5207
174.328
17.8267
98.5689
11.0694
115.883
64.6387
132.847
202.612
66.7878
195.647
23.0099
22.7885
74.0388
81.0254
11.8292
81.5118
45.0957
66.2212
63.2852
35.0171
74.4712
78.697
25.7071
17.4577
76.1205
33.0989
18.4145
19.3542
91.7463
15.0371
53.2738
29.4418
78.6534
27.9466
32.941
26.5842
24.2164
54.5327
78.371
72.2184
43.2869
26.9396
26.796
26.5659
178.102
30.7546
20.7914
38.2516
73.276
27.979
34.3232
125.728
74.9142
96.6897
20.2764
24.8048
57.2517
85.3417
54.379
25.6267
18.4584
67.2396
61.7478
29.4324
32.6264
31.8268
96.5974
44.892
86.2014
21.0206
30.0422
32.317
14.3022
10.121
100.222
21.349
53.4694
65.7734
135.138
19.2242
98.2022
65.7076
178.602
19.3776
44.5427
12.0119
103.095
70.0901
71.3446
127.12
41.6305
11.5539
64.987
77.0078
27.9422
29.7275
89.408
77.8488
11.0907
109.935
16.0898
224.747
29.7844
31.0302
104.952
31.6118
31.2132
19.1173
36.4961
83.3117
59.5957
13.9456
26.4113
21.3814
97.8391
39.925
65.8541
74.0859
19.3828
17.0395
52.8065
55.745
22.4897
38.605
21.6451
50.9661
136.217
47.9231
42.5604
32.9781
36.4777
9.53196
88.5277
77.1119
42.0682
37.0729
48.1041
76.3374
61.0094
93.0071
96.9339
29.2826
10.6675
65.3935
48.8708
55.9348
40.4802
57.6744
49.3273
27.6666
47.9502
119.238
33.0932
35.4748
60.6705
41.0081
15.6216
11.3442
17.3945
20.0227
31.3238
35.4126
31.564
35.3223
17.2322
23.8232
35.7986
13.8529
178.562
6.0593
28.1068
239.432
51.608
69.4811
124.958
35.4021
23.6956
264.033
70.5944
25.1159
33.0501
20.2378
11.8955
49.3394
16.2461
36.4104
58.4839
82.681
68.4369
30.1699
60.9875
91.6124
52.4149
15.3445
28.1714
19.3672
20.5939
47.5592
54.6034
26.7743
25.5488
68.1497
27.8615
38.3083
52.352
49.1251
112.21
10.467
57.651
82.7219
114.646
30.9095
34.2276
41.0621
64.2616
11.1495
27.8958
107.347
47.8981
44.6048
53.5597
24.9129
106.508
144.687
15.6531
69.9737
25.0771
40.6107
27.9107
21.8844
17.7496
17.3368
63.6199
22.5183
15.8966
116.223
14.4905
34.4888
97.0183
36.5865
97.195
14.7158
46.5852
38.1461
43.5424
15.282
75.3731
40.6471
22.7405
75.6631
23.8258
113.031
79.7253
19.6411
53.1617
68.6509
35.5917
65.8858
48.385
16.3096
202.237
85.025
76.7348
72.4527
58.6848
114.69
15.9131
11.0813
20.5069
48.8565
89.8471
60.8847
78.7292
118.158
102.296
32.0825
89.0945
44.4233
15.5482
66.3026
46.1842
52.9005
40.6608
103.965
177.124
134.319
28.2239
44.8396
82.584
7.73133
29.5712
90.2843
84.6327
61.073
98.8028
28.383
41.8302
37.698
12.0372
83.1691
45.0433
11.2483
51.7496
54.0846
93.0821
80.3626
27.7271
25.0146
61.0388
73.5911
10.1761
39.0686
5.89334
62.2952
27.2606
65.1535
78.5505
22.1927
29.9542
114.61
70.5295
15.7771
19.2702
33.6277
93.8499
52.6759
28.7553
130.789
67.5252
70.7931
79.6392
130.761
20.6989
39.7406
33.0777
35.0827
59.6729
39.9947
59.1188
36.9959
14.2128
67.5048
71.539
182.489
312.999
84.6319
59.1045
29.6561
38.1878
21.1439
13.325
36.6885
59.6984
37.7184
23.2667
39.999
25.8926
88.6202
39.9482
30.1764
8.95663
50.4056
47.9284
12.3226
142.397
16.2736
26.129
80.0185
65.7261
93.609
26.6898
25.779
33.7994
38.9253
32.3417
94.6607
24.0976
122.618
38.1658
14.6612
39.121
6.9623
47.4849
26.5099
59.3708
10.6034
86.5773
19.8345
50.3209
32.5515
157.523
71.6732
42.5872
22.5808
124.524
202.86
101.92
20.2163
29.3469
105.761
19.829
72.517
66.6463
20.5689
38.3483
68.7762
71.2756
92.9896
148.869
11.4406
22.5461
73.7842
85.638
107.846
93.856
24.1006
38.6949
68.9999
50.075
90.2918
56.5235
21.7225
12.3768
24.4751
19.6027
137.211
158.775
25.5574
29.6467
86.9794
32.2667
28.1297
68.6692
63.2163
54.5139
75.7142
58.8394
53.6932
41.6379
31.9317
62.6352
29.4834
128.248
8.18733
61.3853
23.601
57.3643
52.6041
41.2174
41.5536
82.0396
58.6342
38.0468
55.085
28.1795
82.4304
57.4668
150.817
130.486
16.31
58.7486
76.2819
89.7729
61.8347
7.52067
15.1585
40.3267
85.5693
29.2024
89.085
64.6076
37.1288
77.4841
15.4923
12.8586
44.0483
13.4566
63.9519
16.1403
22.1533
18.8486
19.2996
34.4696
41.6588
45.1526
155.671
74.9184
102.697
50.3908
39.9108
18.388
22.552
46.4029
30.0895
17.0599
116.366
45.977
154.851
54.3615
57.2384
23.4053
16.1995
15.4336
20.029
53.4802
62.0271
30.5759
90.5962
64.8995
94.7821
36.0202
24.547
45.7913
16.8015
55.6489
51.0394
33.0571
24.2981
33.8581
38.6586
20.0273
62.8566
31.5043
8.50997
132.915
204.196
59.6359
17.7105
5.9417
84.7703
76.8142
34.9762
61.2654
19.6097
16.9699
77.8187
32.9147
107.815
34.2724
75.4847
14.3327
40.0454
31.7804
64.9905
62.6743
50.7172
35.4709
38.9269
33.5774
162.953
130.202
35.0853
58.3242
155.479
61.644
8.81504
35.3593
124.153
52.4497
18.904
27.5662
75.4291
82.08
22.8799
94.0492
22.2767
70.833
26.9497
31.5564
17.51
74.6352
19.1998
66.8923
47.4331
29.8315
32.0849
36.7904
101.663
31.5607
57.7079
119.222
83.0913
15.9097
53.4963
46.7965
89.1873
15.8714
32.6603
177.84
71.1696
106.453
87.0327
150.184
204.54
54.1446
28.2577
70.9902
25.7627
15.8482
33.3615
40.58
187.468
44.0399
26.2159
27.1046
59.4218
139.933
30.2785
23.8256
60.3424
45.3008
73.8172
20.1165
28.6341
52.1393
39.7394
38.4124
9.71785
24.6468
82.298
136.646
29.1872
125.501
37.4855
15.5721
72.8186
57.9389
88.0876
6.40224
30.9478
37.4401
109.438
74.4078
54.1457
178.005
15.57
27.095
18.9633
96.7586
82.6141
62.5724
57.9682
15.7973
27.4874
53.5532
63.0586
26.4764
26.2527
83.6113
19.3156
39.4458
11.9758
24.1911
129.445
42.1386
39.8932
51.7164
109.111
72.9745
46.0351
45.286
19.0136
178.037
33.0182
132.258
38.3234
34.0728
73.7548
114.035
54.6258
59.2208
21.0622
56.7809
34.8997
19.5498
45.7368
25.6102
27.5283
35.6552
57.1343
60.4529
24.2677
25.3712
50.4884
25.6183
50.0448
90.9072
77.2886
87.6731
16.0752
38.502
79.3953
41.21
11.8922
19.8243
62.1179
30.9114
46.6277
37.5557
29.0526
54.3798
228.041
78.6017
35.3499
241.662
38.3802
23.4649
85.06
28.5826
42.2808
47.7058
23.2318
117.142
84.3058
31.5159
46.6425
70.0876
34.6722
20.0018
57.1061
42.5077
53.4197
122.695
143.013
162.904
18.3534
20.4138
144.865
47.2338
108.696
79.3419
26.3245
221.923
95.0383
101.906
97.0539
16.8281
22.535
15.0015
158.095
6.07328
29.5352
28.5335
90.9105
67.2498
48.2539
37.4353
20.3108
32.5858
19.1267
8.51062
17.6853
42.1226
72.7407
19.6094
14.247
42.173
31.3864
62.5363
180.362
20.7906
35.3416
36.2745
85.3931
34.9734
29.4495
148.624
57.5895
13.266
38.8194
27.3171
138.958
56.883
61.1561
18.2313
71.0775
18.2058
127.687
45.1031
84.1348
7.48965
52.8542
21.6861
11.7759
87.9604
18.9694
9.9354
177.682
74.0943
10.8547
158.011
72.8904
119.101
35.6122
24.3133
9.14667
41.7696
56.0649
24.3999
63.9797
72.6852
27.3545
41.6206
26.6185
13.0805
68.5518
24.8625
15.708
15.8708
66.4048
20.6229
28.0274
29.4782
20.0678
158.989
19.85
21.5331
26.373
35.1711
68.1028
39.3346
37.1341
82.5194
211.967
73.2478
66.004
29.4866
55.0267
40.8611
27.439
26.0232
43.669
91.5616
123.187
13.8165
16.3775
17.5846
41.5415
31.656
86.7496
15.3397
22.3826
113.618
45.6147
54.4978
40.6777
25.0202
15.0222
22.5258
119.029
38.0511
75.8818
53.4455
81.5974
9.07343
31.5129
63.2087
15.4968
56.1319
16.368
126.164
149.887
107.154
18.9554
42.5419
34.7493
38.2043
131.245
24.3886
56.6465
22.8656
27.6855
35.8305
71.1797
51.4351
6.99269
25.9436
67.769
57.7083
277.166
133.905
8.28499
21.6233
31.1983
31.5387
83.8222
15.4712
68.9913
42.2839
24.2337
14.8689
73.0512
42.7609
73.527
57.5124
58.0198
10.0414
23.532
15.5546
90.8042
78.3091
62.2477
15.5754
44.8756
50.0657
17.2214
20.3436
207.85
203.718
19.733
76.0526
32.3132
44.3273
45.1461
62.1359
72.7003
66.924
29.8391
45.2533
76.6792
57.6366
64.4867
87.0615
67.1766
20.6925
90.8382
83.4117
13.7248
48.8582
62.8576
7.4154
41.3634
22.2321
30.309
76.7988
62.283
29.1558
89.4567
24.7282
43.8421
12.8281
33.521
40.3284
26.0264
35.3787
18.6363
129.787
48.7232
15.3709
15.0958
48.1873
17.0401
61.2813
24.2822
33.6892
288.054
24.3792
64.8392
100.156
62.728
51.3333
148.871
155.226
39.3098
123.434
27.8985
17.1913
15.7248
56.6941
10.514
173.436
25.7138
118.752
18.8468
12.2516
23.1173
39.6717
66.4469
18.979
57.6593
96.6718
37.8284
84.8367
56.0887
84.4432
17.6412
25.7181
26.8129
29.3624
40.7719
25.2785
41.4999
54.8451
9.1583
120.878
51.8156
26.3754
45.2297
36.5489
57.8384
7.4865
21.0573
20.72
23.6623
12.9866
30.9897
66.446
33.5761
30.8435
16.3571
45.0046
59.9674
36.4026
6.34017
66.8258
145.971
29.3893
38.5701
12.3958
6.50021
18.2248
50.0272
197.985
8.81576
39.3201
28.3983
146.257
44.6432
27.5213
54.4005
144.054
32.1364
44.8511
55.5581
26.9523
22.81
53.088
101.196
25.3793
39.6523
131.483
27.5345
171.941
51.8041
16.1377
53.9933
32.8065
65.3812
66.1022
73.1531
45.8204
135.678
13.2491
65.2298
38.2448
7.99561
96.1576
19.0324
13.115
39.505
17.4801
32.4454
10.2694
30.9732
112.291
160.302
15.8025
32.6724
31.8711
53.3599
54.0488
50.1166
267.84
32.008
59.6608
53.2267
47.0493
116.956
44.8288
52.7815
60.0883
55.5162
42.2601
31.0812
37.4958
150.49
69.6327
20.3456
43.6507
32.0609
17.1116
151.439
30.1058
13.5966
9.73395
55.6321
38.1331
10.4343
14.6031
19.3274
34.4306
29.7724
69.2085
78.1991
184.385
55.0946
14.7695
21.8513
12.1088
46.9332
54.5829
54.5691
52.0627
94.3176
18.4813
22.7598
17.8202
47.8603
38.1316
32.4762
56.6114
62.8435
25.2776
27.5495
32.9806
178.256
39.2449
85.1695
50.629
21.9264
10.2944
92.9617
17.1125
57.7809
63.5824
24.5805
18.6451
130.837
41.8971
17.6198
31.9919
6.61138
28.6938
42.6668
60.2324
31.652
28.6381
42.9928
7.69898
46.0211
39.2401
59.3088
68.1409
88.9477
61.4165
44.4606
50.31
82.1153
14.8706
118.539
60.2921
25.9204
156.229
35.0697
89.238
70.2774
19.7071
40.1533
8.32766
33.3956
38.5741
69.4737
94.1271
159.935
39.9282
122.975
141.708
46.1113
42.7004
20.9332
48.7735
105.571
39.5448
24.1183
60.918
14.6514
376.558
48.572
67.8568
16.0056
24.0099
180.121
124.728
101.157
12.1698
59.737
35.3871
34.0578
76.5115
25.1673
74.799
36.6675
71.644
114.551
138.326
21.8204
23.2646
21.7149
28.4916
25.8185
18.4892
36.3233
27.0503
17.9092
41.1185
11.9981
137.536
70.9873
53.0965
30.3321
106.05
20.1051
40.6535
256.332
53.3012
29.6629
17.2275
91.7067
51.823
10.9308
26.5865
37.4673
17.0228
38.9724
101.512
31.3688
37.3151
64.0931
124.308
54.3778
8.80029
49.9447
36.4751
63.5363
121.984
35.2756
106.405
28.1806
26.5442
11.9187
84.3251
9.81004
106.019
67.6983
27.1926
27.7737
15.4539
61.4714
35.477
16.8088
51.3384
27.6025
89.9063
79.9615
36.7403
108.103
208.647
39.2149
58.1576
16.2244
36.3695
40.752
89.9863
26.4715
76.9118
48.8579
34.6155
87.0211
67.2086
77.2775
52.792
57.2521
70.2709
55.8139
22.5339
21.0849
14.7955
79.3275
43.0757
35.1446
72.2694
116.022
8.24726
42.7684
33.3543
138.417
24.0557
19.9913
16.1465
95.1955
18.8317
47.3102
35.9734
86.8478
18.985
164.565
58.8122
32.6531
18.0419
45.3786
84.7512
25.4867
198.428
14.5866
9.78297
180.867
21.8498
30.9507
40.3758
60.757
45.6771
25.1384
36.4026
22.6471
24.8397
18.4737
14.2377
38.88
82.4577
9.08354
10.5312
17.2178
62.5613
64.9417
96.923
52.9918
42.4898
13.1327
54.6877
17.937
62.0744
95.5248
45.38
10.3944
189.161
53.2268
32.5249
56.4713
75.4605
38.7462
37.0537
40.1405
172.422
69.2967
97.693
16.9992
14.4575
93.7823
12.855
18.9229
176.707
38.8594
31.1952
25.3035
7.59299
50.9186
19.521
10.0641
48.4938
14.367
63.3296
11.6144
48.379
94.7903
52.8128
41.3349
80.541
29.1797
82.73
152.992
50.9674
15.5335
39.1359
113.102
31.1323
107.927
15.2528
72.3088
50.4813
48.4746
37.3498
22.009
87.9822
27.967
32.9038
35.7569
140.361
7.07831
57.4624
33.6286
23.3318
55.5556
84.2813
17.6936
30.1924
92.733
12.4618
55.4875
113.464
29.7281
70.9912
32.2119
105.486
72.8986
26.1548
89.8225
38.6027
30.1729
179.952
84.4332
20.4906
74.829
10.4607
60.9161
218.334
85.0949
42.7879
42.9172
27.6233
143.073
17.031
28.1479
13.5245
65.4652
29.4911
171.317
96.161
76.6265
20.8907
32.9447
15.9585
28.2139
8.85262
16.3541
59.5642
64.036
32.3369
36.6178
82.8905
39.5957
84.8992
41.4886
83.9604
32.1116
111.986
69.0528
106.733
46.6353
81.3116
11.531
63.0204
132.315
22.0234
17.6528
48.8637
29.5681
20.5809
17.6877
25.8711
28.6473
32.3098
69.8633
191.597
39.5209
111.491
99.1606
62.2876
57.6923
25.7177
34.7727
14.665
56.2384
54.5248
22.7011
159.027
17.6519
17.6399
50.5269
36.9609
42.0039
29.5629
75.9506
33.5833
80.4681
38.2758
20.6869
23.9356
50.823
43.1801
85.3427
76.8436
26.2518
54.5749
18.7679
35.7755
13.4125
79.0532
47.2138
130.666
119.266
45.9925
98.0038
111.179
6.16235
8.66354
33.2233
115.607
111.892
101.771
40.5747
17.8303
48.4609
53.2173
14.3625
100.933
36.5068
37.0518
168.737
46.1656
78.7513
27.6156
64.7951
156.242
22.073
74.9585
54.1759
13.0892
35.9146
52.0956
110.973
78.9504
53.9176
83.6245
149.881
40.2389
19.2165
68.6702
37.7549
51.9304
75.3379
112.476
127.876
34.0189
95.7898
45.139
20.265
50.121
73.9456
58.3174
46.2836
48.5355
92.2031
37.4592
73.0878
28.5404
82.9554
45.0975
20.8046
7.17951
34.4716
56.5142
11.8323
12.3434
50.2111
49.5975
73.8547
50.5076
11.3876
22.8307
18.8334
48.068
25.4432
82.692
96.1443
34.1159
37.3719
80.6502
42.8046
9.36045
34.9935
18.9476
17.3804
57.0441
93.9606
58.6154
139.55
47.4728
71.2295
82.3925
21.5326
42.7046
27.457
32.7017
108.719
39.8851
48.3453
37.7406
95.0293
22.2906
14.2241
34.6499
38.9736
37.9581
71.9376
63.9935
113.949
25.9344
24.6247
65.1383
68.0115
209.187
56.9117
103.91
24.7805
123.844
27.8178
21.4671
48.5879
94.9457
22.6708
27.2809
113.171
59.5952
21.5275
15.0192
36.1089
37.9997
51.3741
91.3041
62.5122
24.1707
22.2854
58.929
50.2016
11.6144
58.5903
39.3182
25.6271
101.024
22.2326
18.9488
35.5532
49.8637
45.4946
35.7116
59.0938
28.5446
92.2518
14.4517
44.5507
16.7868
32.0396
34.8577
7.54112
14.8542
133.834
49.8546
46.0506
35.458
24.2282
59.7593
84.5478
75.0574
19.3513
147.619
107.249
8.91035
36.9142
85.8222
22.7328
14.2527
21.5181
17.8044
66.0697
11.3459
72.2309
20.5614
40.9243
19.8648
22.8833
43.3494
56.6612
36.2238
47.1363
45.1145
15.724
73.862
73.5001
66.2299
25.4683
65.5684
79.1231
117.69
129.148
84.681
60.1391
12.8491
11.7888
11.4185
71.741
91.5115
162.93
81.2187
45.2772
37.015
19.472
138.798
22.3531
17.6451
52.2028
36.0446
57.724
31.2557
65.9706
43.5636
106.827
44.9216
52.7794
34.9021
55.818
28.4096
22.2133
23.8087
79.7027
33.2166
23.2601
36.5151
21.5833
68.0177
62.7643
134.358
23.8485
18.4036
228.47
83.1936
31.5122
12.4776
41.8079
22.9326
88.4299
53.4804
13.3264
36.5911
84.4355
59.4079
59.5969
20.5054
74.1027
105.151
52.6021
35.6601
71.6129
43.5619
29.3088
84.093
171.461
25.3055
91.5143
55.5067
26.9878
106.864
20.5228
121.467
22.4721
26.1308
45.2056
20.3061
17.4996
68.9041
20.3739
54.3776
95.1459
27.3409
11.2785
44.1653
23.7695
77.6169
27.2975
49.9136
59.0931
57.8764
34.694
21.2897
21.2897
16.4641
72.0089
168.747
25.3992
134.465
13.1243
13.2124
16.2503
101.571
52.9179
121.825
50.2788
18.1771
27.5357
60.3906
43.6175
19.8512
40.1663
96.1039
50.5348
66.1457
38.4828
45.2534
62.139
19.661
14.5188
26.9696
81.3358
131.631
42.7067
46.3193
6.86316
95.5996
16.0066
15.2379
42.9403
59.5811
88.0573
138.489
75.9265
23.0164
86.6312
62.1875
22.4779
12.6016
112.402
57.6539
49.4082
39.8955
93.5814
134.592
21.4557
159.774
22.5243
56.1672
156.238
119.054
50.1135
12.9823
60.1595
89.3719
10.2582
19.7142
101.137
32.9988
47.9753
127.703
21.3421
26.044
92.1897
61.2782
146.41
66.1292
29.9267
21.9449
58.099
33.4793
9.7049
113.212
35.5843
14.8535
145.909
28.4914
35.749
26.65
38.7227
70.5908
127.228
75.2926
37.145
62.9981
34.3005
74.364
53.0351
32.3254
91.6783
14.1717
14.3598
64.5446
74.3154
19.7213
24.1914
94.9334
14.8474
110.841
24.8979
118.256
11.445
46.7023
6.91648
90.78
46.8118
79.2769
40.867
115.414
86.7348
42.8474
127.64
34.9084
21.0679
13.034
62.1455
7.65395
34.8028
122.126
10.8614
63.3458
34.2688
129.181
82.7439
44.7368
31.8354
22.9424
15.7058
15.5318
11.7022
10.8101
34.7437
35.6365
31.8079
96.8018
11.6233
30.2846
34.6545
24.3869
83.4355
88.3703
83.5202
40.0199
69.5374
79.1491
51.7709
31.2158
67.7855
14.7752
78.5225
18.5063
51.947
44.6499
35.1931
39.6735
48.3082
12.1077
60.16
43.0343
22.9895
299.682
50.2023
72.4697
32.1227
40.6789
80.3234
112.396
6.92301
31.5143
6.17972
39.4289
36.7513
86.5734
107.043
71.9668
28.2787
178.103
125.738
28.8207
192.652
60.2806
49.4595
50.8443
18.4662
57.5215
181.72
50.4173
52.3174
22.5534
11.5655
26.0278
74.247
64.3464
14.4675
106.862
35.7242
81.1538
75.1591
78.8645
209.029
71.0915
33.1876
17.5525
29.1478
66.8226
73.1452
80.6358
49.399
36.5469
233.43
87.9501
75.1121
14.0073
44.2667
40.9313
13.6207
83.4941
13.3128
279.495
54.65
47.7146
46.0654
37.1089
35.9318
107.352
33.2392
21.6788
14.5839
128.809
37.9975
85.9964
101.282
14.4638
11.1151
17.2646
68.7389
11.8018
47.9293
87.6072
36.3672
64.7317
34.799
19.0198
7.44958
8.83642
61.8887
47.9978
82.3893
37.17
12.3893
35.42
30.3814
86.3959
59.2185
26.7234
205.159
92.903
44.9101
17.148
74.3615
89.8979
24.9731
53.5365
24.3471
68.9881
24.3289
56.1467
216.484
35.4779
200.834
76.43
72.2774
30.9782
25.0729
112.504
65.9095
60.6945
19.1106
302.218
74.8616
108.959
11.311
8.83033
9.52237
54.3514
66.6597
52.8485
12.8838
16.8055
67.9227
122.805
74.0308
122.496
20.0445
151.207
27.4692
17.2387
14.6639
22.212
37.9888
114.962
39.0105
123.416
52.7328
100.721
71.8213
109.755
67.3232
67.2556
9.71077
146.523
38.1128
19.4866
64.6819
43.3166
59.5181
67.3198
177.93
28.3666
28.5646
137.396
49.789
31.7142
45.2308
48.5954
42.4373
25.3879
10.2203
128.587
27.0005
168.739
49.6859
69.3754
90.6017
40.2426
30.8855
104.458
146.211
54.3143
130.823
43.4963
22.6275
32.7486
40.2494
59.924
130.184
24.9825
29.2773
96.1618
36.1076
45.5456
92.859
13.9316
150.38
35.8156
65.7405
39.0329
17.5047
185.954
72.4543
50.4577
122.508
36.6514
56.773
24.9217
11.89
14.3278
76.5431
25.177
60.7033
29.0404
34.6586
23.8403
19.1531
150.855
40.0474
26.5458
155.277
26.5636
70.4721
51.0434
96.9238
52.4756
39.6073
48.6498
81.0541
56.6999
64.5644
34.5508
28.1325
6.63501
23.8497
27.9631
103.425
217.453
96.2226