28.6333
30.0187
13.4022
31.4875
6.56135
106.682
20.1242
39.8119
6.80065
7.70176
36.8472
86.8111
5.47802
33.5242
33.7628
12.8004
15.8773
32.7534
36.3705
2.57545
38.9752
102.317
2.04892
74.1327
14.1244
8.14418
4.60324
5.14355
5.11421
17.4879
21.1745
26.3793
12.9485
7.39095
9.11546
74.8349
84.2918
12.3574
3.00503
82.5719
5.26018
55.8105
18.8592
5.74531
27.8971
6.25129
6.12795
64.5436
8.27352
82.4138
3.38671
16.7389
15.2099
23.4387
19.2101
34.4283
73.2977
71.3513
14.1638
28.0908
7.57648
16.5839
35.8021
5.7964
8.56941
8.94717
10.9436
14.1502
15.0974
18.1675
10.4781
15.3162
16.6426
40.0698
13.457
9.26183
24.5848
50.3574
8.76105
12.2135
5.06554
11.7667
4.50696
8.65353
20.4137
18.2305
3.89094
18.5858
45.3252
16.3221
37.0511
21.9159
22.7425
3.43848
17.2024
13.9935
120.466
36.3134
10.9689
26.5033
21.3433
9.70127
16.379
6.14015
3.27477
4.95062
55.7381
7.52087
4.68756
11.2222
15.6353
6.01692
16.8604
26.5771
6.60423
19.9377
16.5485
18.3888
10.5583
5.09035
12.039
13.726
37.8088
12.1432
17.6889
5.46622
19.3669
39.3118
38.2403
6.42945
12.4327
6.07984
3.63392
7.65789
11.5373
5.9736
14.1236
28.9599
32.3112
4.22102
6.57804
28.6065
4.47001
18.9149
35.7996
3.89038
11.2775
22.2258
7.62479
24.7623
21.8187
37.5776
21.7641
6.97386
4.13633
66.6697
5.83169
3.03006
31.4517
56.2021
46.073
2.55961
22.6755
61.6489
26.0831
59.2618
21.651
17.4438
30.9859
38.8865
8.28214
86.6117
23.5459
16.2772
6.54154
27.917
8.17193
6.86927
6.16256
58.0336
13.597
10.1776
35.9402
10.0627
3.46878
10.2454
13.5716
29.5593
1.15859
6.79168
7.87072
76.4991
29.447
22.6972
17.9875
7.11801
7.4712
2.0456
19.1205
4.22524
8.39917
30.2073
60.9458
33.5958
28.9574
18.4806
23.4991
29.2279
13.4323
2.82135
13.0341
9.71306
13.1701
5.45409
47.7238
63.5475
1.68763
23.8545
42.0657
1.48603
5.11825
8.05248
13.7692
3.1505
51.6465
44.9548
7.65895
12.9897
10.5274
10.0452
4.88743
6.30736
14.9548
2.93658
28.4941
31.3597
9.49176
8.7411
10.872
64.8753
9.44185
13.3065
11.522
11.187
1.40467
82.6595
23.0919
29.3706
14.0308
26.5062
1.64788
2.6244
56.2601
11.5662
1.3156
60.6836
16.468
49.0072
19.1386
17.5083
156.922
24.0101
49.1258
23.7444
20.1598
8.94102
12.396
17.7124
4.58221
17.3769
18.7661
4.68823
38.7087
50.1102
48.6139
73.7179
52.224
48.0329
3.22536
2.30691
1.75495
31.7864
21.594
166.171
1.09398
40.2513
4.92154
3.61095
38.6828
4.47395
60.3494
18.0623
9.78134
32.6177
38.3476
6.15838
18.0708
3.54897
3.9379
156.244
28.5198
9.05734
17.6808
21.7352
4.10383
9.27116
44.0776
44.3148
8.22761
7.15927
13.3402
17.5509
34.4019
33.461
13.9422
4.55516
9.90168
17.3254
18.6135
5.06807
20.7524
44.5283
5.32666
62.5264
16.3043
19.6679
2.33965
21.0083
42.5688
58.3498
26.2753
1.70141
16.5657
28.7298
38.822
12.8194
21.5989
20.7876
48.905
63.0027
14.5152
40.793
8.42194
6.70937
27.2438
19.1342
32.5625
9.9153
23.2508
13.8995
12.3741
67.4836
46.9699
27.7215
24.8915
11.1299
51.2282
72.5595
1.23287
3.22981
49.4034
40.383
1.40526
15.5349
17.5725
45.6159
57.7174
78.9979
16.8664
22.8065
14.0692
18.5467
16.6084
7.24504
18.6982
26.1779
40.0534
12.6078
10.2012
20.57
12.8835
89.1669
46.1398
5.25406
5.55119
43.8155
19.3732
9.64071
17.2948
5.33415
59.2762
4.18876
35.5967
3.41593
20.462
6.2312
13.1786
11.1159
15.1215
7.15766
10.7319
6.09191
19.6141
19.9041
11.5915
41.711
4.19587
13.7866
0.990315
9.12044
3.0762
15.5209
3.36275
4.68708
12.9092
10.6044
131.832
84.3086
38.0335
47.7553
7.04183
40.458
25.9388
14.0307
65.3295
48.701
29.049
24.2582
50.9771
6.94241
23.8666
6.38021
37.657
3.25026
23.4191
28.8018
56.9915
50.4718
2.38556
28.9997
66.9471
1.04355
11.467
3.13233
24.8273
28.9018
37.0381
36.302
10.7001
12.7453
29.8338
25.1768
3.88948
26.2007
23.7597
10.9556
31.4975
26.2069
15.7743
16.0794
40.7823
14.0469
10.0671
10.8928
6.97801
22.03
6.59033
48.2873
7.7833
4.2562
34.4292
4.33161
14.8931
7.70841
6.93318
4.09494
6.65595
35.247
14.0794
6.21475
27.893
53.1959
25.6705
33.4481
24.6669
14.6043
27.076
9.16371
3.50608
14.1786
97.1933
25.0233
10.8449
23.3001
6.23931
18.9326
10.075
9.51721
16.0061
12.5304
45.2096
2.47619
25.9655
1.85234
11.1464
3.86742
15.3337
12.3453
21.3297
35.4002
18.018
27.0255
15.2205
28.861
48.7914
1.90358
8.34273
14.1697
62.0503
1.57802
58.9775
6.03722
49.387
9.36865
13.575
20.7091
16.577
11.4109
6.71194
17.2593
4.04715
4.0072
57.8872
21.0862
1.58976
1.46143
12.007
4.55629
23.2127
51.1114
18.8095
38.9168
20.6488
12.8562
5.63993
28.3558
22.7866
25.5057
5.2033
27.6966
10.3039
6.11536
4.43529
15.4881
54.4299
73.8326
9.646
4.55544
4.78884
30.4269
20.5394
21.1145
14.8019
6.87748
24.3959
58.5612
29.2118
23.8128
41.545
9.73247
11.3077
24.0397
32.9109
8.55393
9.10789
5.86654
1.76098
27.4849
25.6016
26.0024
87.3862
18.8532
17.2657
73.5616
22.8324
47.1655
11.0818
16.8387
8.4701
70.1433
1.14443
20.5801
3.01534
54.1073
73.1141
31.0209
26.8069
4.2131
20.1488
23.2712
12.3061
46.3792
23.3772
4.06293
8.70045
48.0499
17.256
2.4111
57.3589
41.3919
59.1932
1.53964
32.2211
6.69701
3.94118
28.1311
24.8886
31.8491
2.92278
6.2494
5.81803
18.8596
32.4257
7.05445
11.388
36.3517
9.97286
87.1389
1.8367
7.73236
14.1017
9.72983
4.71032
17.5987
4.11648
13.7312
16.4942
21.7967
3.25108
2.59616
13.1256
9.7038
0.533909
15.5762
9.4061
9.3576
13.1237
25.5667
16.2891
1.1758
25.8387
13.8546
9.0244
6.48775
93.8325
15.11
14.255
15.9487
21.931
13.9864
31.5004
38.4024
25.0513
3.59647
27.5802
23.6966
8.66652
7.3936
41.1746
19.9258
51.3585
5.75146
10.2768
9.91657
4.82214
1.3898
62.1549
77.3423
26.2588
48.9047
31.3629
16.52
2.23862
29.7435
6.3061
48.1978
10.811
7.68107
42.599
48.8827
12.4825
17.8098
17.9252
25.7954
27.1887
32.3257
3.04529
49.6908
45.8845
66.6142
22.3203
16.434
26.5247
12.1461
13.1544
17.8151
9.32023
1.97975
10.1602
28.9474
15.7906
14.263
32.2512
9.54183
4.87018
14.9701
17.465
36.9894
3.59802
1.31786
44.0416
25.2391
28.4112
13.6273
5.63384
20.2892
28.5082
14.1409
8.3703
16.3365
12.3392
26.3131
9.14013
6.60016
17.9057
5.32632
89.5372
4.17485
12.9608
15.588
8.28289
8.54163
28.3167
9.62966
50.0923
22.3962
24.3593
6.51708
14.1014
17.4197
18.4279
4.74241
25.0722
11.3478
32.2865
6.54707
24.2778
57.9692
51.8862
4.69879
11.8479
13.6994
13.0745
37.1303
13.361
35.926
8.96435
32.2488
34.8539
21.5637
16.8707
10.8755
28.112
77.6406
4.94863
14.8458
13.4039
64.1223
47.9175
20.3867
6.6863
17.2962
7.1593
21.7344
8.86946
49.1782
12.1061
6.21881
3.99473
16.295
5.63729
2.5965
16.4191
27.3433
66.6903
23.407
11.8964
9.4799
52.782
17.7023
30.1631
44.6207
12.8391
29.8744
16.505
29.3017
2.94279
42.1089
1.663
15.0797
4.09822
18.6712
12.5985
24.2302
12.5114
16.8479
2.01642
30.0769
20.0332
18.0781
12.7142
31.3993
30.2987
12.9249
39.2067
7.60984
34.2033
7.96869
18.4905
62.4437
37.2949
55.0678
71.6233
11.2184
22.6733
14.9483
30.7952
6.29207
19.9166
19.4895
45.7262
3.35711
11.8263
50.4888
4.53908
47.592
76.5603
20.7864
28.4373
13.3773
2.68282
18.9586
26.194
12.363
41.2934
20.2568
2.29581
97.6406
28.4793
19.5003
6.8498
16.4762
5.16054
25.8377
7.29072
9.44317
8.02716
26.5644
47.0715
7.39281
86.6669
18.5206
74.0968
6.28125
2.86438
15.591
78.8424
6.0685
165.053
4.25052
35.5752
14.8323
10.471
69.1871
57.0301
17.6979
8.89594
8.10929
12.2316
7.07012
2.75574
33.843
87.081
0.861208
30.7099
24.9326
118.764
2.85022
27.8968
26.7088
59.0181
13.0593
36.4158
18.2316
10.3283
89.0209
13.6309
23.9674
33.8882
53.799
6.91869
5.814
21.9124
20.2557
10.322
19.9207
51.2368
11.2267
61.6402
72.7678
7.57249
56.5493
69.6603
48.5666
24.6778
14.6774
21.2483
7.72979
29.5877
10.9621
24.7307
2.2183
59.3353
22.0103
7.15097
5.45905
106.692
13.1072
17.595
42.9462
37.3565
42.2198
6.4026
50.7492
21.9844
35.5832
8.64021
79.0123
29.8059
9.65816
4.24364
128.366
31.1302
98.3816
3.77663
20.0523
20.0353
72.4909
78.0688
54.8484
21.1878
18.4893
5.79209
2.08965
17.3124
7.61311
27.4691
8.97275
42.7685
21.2065
32.8899
21.3379
8.67159
54.1313
5.55995
13.4574
28.6028
10.7074
10.1414
43.2058
26.5852
6.52806
3.73945
65.0103
30.1994
26.7106
32.6788
15.9364
21.0416
5.95311
56.6865
15.6
0.212067
14.4845
78.8075
6.21652
23.5956
5.71092
15.1194
36.169
16.2179
44.3184
7.73182
34.8196
55.5318
110.391
51.8935
23.7139
52.0626
29.8049
85.6333
34.6752
44.7461
23.2447
41.7754
41.5818
5.81549
24.9939
52.8827
34.591
23.9276
14.3442
18.0162
126.586
76.3799
42.4902
1.60449
39.816
27.5799
28.7215
6.87845
13.2232
22.1391
12.9226
9.81608
19.8241
11.1283
13.3282
105.94
12.5529
36.6838
4.35613
33.7832
13.1993
16.4494
9.8032
3.20356
14.259
5.05467
3.37272
69.0905
9.42141
3.68082
24.0932
12.6391
6.08578
7.24626
9.70972
39.931
33.0168
33.8556
4.25786
38.8492
61.9488
67.3442
48.1031
4.43939
10.456
13.235
31.9455
31.5351
31.1539
12.947
6.29691
1.89591
10.8045
6.99014
8.91905
3.38423
10.7069
41.9265
22.1887
11.973
4.52876
28.6696
5.51002
16.4836
13.9258
87.294
22.341
21.9652
72.0381
10.0573
66.5765
16.9045
17.2004
13.0931
24.4178
28.7528
27.466
10.9988
3.0534
35.7009
29.5473
6.04951
71.9263
7.94966
24.2281
27.8966
24.821
20.4822
18.7454
24.5298
7.86303
7.79513
6.55594
17.4345
36.469
14.6776
110.693
21.2165
2.64162
59.0893
68.5078
3.82741
16.9866
13.3393
40.5213
13.2233
9.69321
11.2909
92.8977
6.05775
51.5986
52.973
6.68284
0.680164
45.3383
17.7005
14.5081
10.393
13.2884
14.1014
1.71031
50.4038
36.3356
2.41332
12.6384
28.2996
6.72325
18.8154
21.21
22.9458
10.5331
7.01683
11.4511
8.09917
13.9993
41.471
8.88914
7.35285
33.4872
23.0967
2.84128
5.9008
63.2604
40.1903
8.43421
10.9073
2.10762
3.57319
48.2673
3.25108
50.754
58.2608
45.2599
30.7732
8.94724
1.5177
22.306
13.2904
11.4788
4.23479
3.66687
59.9107
19.6599
74.4353
30.3096
0.93114
5.62532
36.3865
26.4782
6.32426
21.6671
14.8871
27.4285
33.1854
16.1852
10.0426
15.2663
15.7737
7.38556
17.618
5.02886
22.077
46.1675
50.66
20.5504
78.9551
19.7032
20.4095
1.89321
2.79944
27.4783
9.28666
2.65483
21.1471
23.6134
24.1442
10.2254
46.7539
9.24827
6.83506
14.5414
6.92874
18.9743
35.6801
17.7453
49.527
4.36146
10.6586
1.23794
75.334
24.3207
12.3715
21.6234
4.45497
19.0431
10.1062
7.65365
53.3112
17.9611
11.911
36.9732
13.312
17.8327
73.2977
3.91217
3.46245
16.637
50.2287
46.4109
24.842
32.611
4.41972
13.4488
5.60552
22.4391
70.3285
18.0052
6.72927
17.3363
36.9576
6.46897
15.4323
41.8629
25.1833
23.1144
8.92477
21.0597
26.7708
2.37945
9.97211
3.58538
39.0111
60.3622
35.0504
10.9062
10.7265
22.535
37.2399
20.798
10.8732
24.9415
11.5038
20.3895
8.95109
27.0025
26.2835
4.96098
106.335
48.3852
3.79747
5.86767
22.3912
26.4902
46.7152
21.5748
7.87363
21.5464
37.5044
30.8222
63.8013
30.5015
20.7214
7.99308
5.94566
34.6894
3.03571
44.3062
27.6647
6.62856
12.4312
54.8351
27.8427
23.1241
23.8608
58.8585
11.6603
24.72
22.6854
31.7811
26.8449
7.93204
20.5468
27.0712
4.66086
12.0074
13.814
7.22145
7.82436
43.9595
8.31843
18.8619
8.77515
42.5517
38.4952
19.1296
16.8112
25.5884
46.2432
28.7821
9.98676
30.964
11.309
17.9833
30.7401
14.2135
10.7634
55.1463
23.9074
15.356
9.7053
36.482
5.40798
4.32428
49.9755
30.9733
53.2106
4.69315
29.7183
1.66892
37.2177
6.77422
9.62828
14.9688
65.9096
4.18276
53.6967
37.2392
30.2362
32.8261
24.5121
12.8238
8.14408
16.5097
39.1678
15.738
63.3275
6.01991
11.3929
23.8904
44.4149
8.55535
19.2304
7.3438
27.5423
15.3574
4.68207
5.41512
9.42343
3.52915
61.4436
6.09526
24.8022
10.5478
5.26718
31.0815
40.1758
5.97047
7.71458
58.1981
56.4693
6.16532
4.99629
21.1583
26.1804
11.2029
44.879
45.5557
7.72474
32.9249
52.3176
72.5083
37.8501
5.134
2.59618
88.1577
16.8622
11.9539
7.60019
57.3308
2.44312
43.2573
7.16358
25.1571
10.8779
6.24466
76.7436
21.2705
8.73242
26.7053
20.5656
11.5159
17.0038
43.3316
36.6979
39.5319
41.9565
50.2687
29.6951
4.91166
15.1548
60.1618
32.5786
7.19367
19.1026
5.63106
4.58353
23.103
6.73133
3.38256
8.13174
69.2629
5.97512
11.3867
24.2094
7.93445
18.664
18.33
27.0466
68.6333
54.4064
12.7161
136.081
38.0388
44.764
3.75985
56.4681
18.7719
44.0429
13.7841
3.34955
7.02291
27.586
33.5243
3.89885
23.0828
38.7229
67.1366
11.7578
19.7349
12.6692
33.5269
22.2201
12.7744
10.7549
8.67013
7.0819
2.65945
20.6751
42.5152
11.8991
60.2986
43.6632
11.9219
2.40768
12.8126
47.1812
3.87826
24.0515
14.2165
42.7764
29.5023
9.6118
3.07245
10.1614
7.11329
62.9585
12.7536
20.4524
106.313
5.18655
26.0666
1.25392
24.0425
11.1437
9.39265
10.4851
123.76
27.3366
12.2641
42.0887
8.73047
12.9901
37.1402
68.7133
31.3238
8.34613
78.4821
4.8136
13.5159
26.0491
11.0231
26.9123
15.8683
29.5947
31.5403
6.85814
9.20923
11.7261
22.8009
14.6833
54.6442
30.6084
58.1655
50.8832
12.6067
14.326
22.8554
57.7254
5.1841
27.7749
57.7513
7.30826
45.8934
16.1311
4.45673
41.0453
60.8415
7.52323
12.5263
86.0791
7.10003
1.73096
92.3513
25.0491
16.4205
4.44795
10.5205
91.7256
2.97823
20.6522
30.647
26.7494
65.7458
1.90708
5.46605
7.37299
26.0908
34.5449
181.06
3.16858
3.18276
13.2949
57.1568
1.84368
2.03772
9.00405
5.58461
2.78691
58.4859
26.1435
21.1469
26.1478
44.6082
22.9401
10.665
19.755
22.5916
5.74822
13.7588
21.1397
40.086
7.20083
72.7469
42.5724
2.24204
47.4316
35.2943
3.85305
53.4752
7.71855
15.1568
16.6033
31.096
75.504
9.54748
11.305
48.7685
0.83156
25.2247
33.2846
111.996
11.0573
3.68465
7.23027
21.3143
6.84287
26.3704
55.7062
15.5401
17.2489
52.2545
19.7776
16.5665
8.91591
22.8515
25.6454
1.28795
38.7923
75.1048
2.75466
9.41518
6.79608
12.5356
17.6962
63.6005
51.9189
19.1979
50.6595
4.35521
28.6587
1.4104
44.3486
8.06755
39.2988
18.436
70.4703
20.3607
39.4824
26.565
4.60114
6.12824
19.9665
20.3742
5.24753
4.08491
24.4263
12.0363
38.7291
44.4047
7.27182
5.07943
2.16498
12.193
22.0942
8.18785
20.1592
11.2704
14.7797
14.3374
8.51913
16.6565
10.9292
31.3858
7.68906
6.37634
8.62324
74.3144
23.6995
24.0426
1.87642
12.1722
20.3754
12.1866
22.1087
35.4003
76.3376
12.7631
13.4986
4.37955
39.8719
5.64441
12.4306
20.6046
12.964
6.41028
84.2272
12.8558
12.6842
10.743
4.7603
4.73694
7.81626
38.4176
56.4263
10.9044
11.7105
41.0606
31.4887
14.2767
18.9216
21.1148
6.22352
19.083
75.895
7.24294
40.762
3.91007
32.27
116.072
8.80267
17.4138
20.55
25.6743
2.28479
60.5389
11.0124
42.5904
20.4508
25.1375
23.0225
29.3464
49.399
64.8485
20.9278
4.90737
28.7381
42.2646
24.373
15.9206
22.6674
8.28145
99.8451
49.3459
32.3117
8.66012
44.4148
8.30844
36.1949
5.73426
3.73256
35.3096
37.9668
10.4204
16.0244
24.308
34.1184
8.47947
14.9429
13.6007
3.58106
31.2856
10.631
52.2477
27.269
44.6405
23.0591
6.60007
34.641
4.4278
13.3953
32.3128
33.1875
28.1901
57.8685
58.2979
1.6484
26.5476
74.4195
7.94786
5.27488
3.19504
3.52558
2.79
60.7323
32.3088
13.655
6.0382
39.2223
22.5292
36.6657
34.5764
6.23087
92.2465
8.37549
12.3722
22.5448
26.3332
18.0305
3.60441
7.67564
2.93472
5.38362
19.3097
9.5358
15.5373
14.7837
4.73371
69.0778
38.8671
3.52667
30.593
53.4345
37.06
22.5651
4.46642
3.63267
25.0409
61.1147
18.5324
5.21785
3.56761
8.74749
4.5059
2.56401
10.3808
6.05495
21.6768
18.5396
33.8337
33.1915
18.0469
4.68649
31.5768
40.1306
25.8555
33.7494
13.4376
47.4877
2.51703
7.70059
7.95051
91.7649
5.3291
49.6884
6.56007
15.3204
32.1019
11.2243
36.6418
18.6009
17.1408
23.0556
24.5484
50.9552
41.6066
30.1797
18.4034
88.4739
59.6047
28.3049
27.0851
26.8817
24.2241
36.5933
12.4602
21.7623
21.385
23.9473
22.8245
22.8314
97.5659
43.7028
37.8283
15.0544
40.0091
39.1622
27.7123
5.41352
13.5228
95.8775
86.2653
23.0406
57.8869
20.815
33.143
57.1479
2.59585
4.76699
17.1828
10.8842
6.53974
6.86436
37.4366
9.18715
84.5371
19.0895
8.32315
5.54328
5.04402
10.7163
21.6941
19.629
23.9556
51.1266
4.66871
16.3392
7.65424
7.58042
3.05689
7.15696
18.6976
9.08841
4.57342
60.4873
35.4749
5.931
8.24631
22.9872
30.6647
9.10487
5.01734
45.8279
72.5869
37.1703
7.80546
7.54657
122.712
12.8072
14.6171
46.6231
4.23832
28.4897
3.78981
8.34858
7.33322
6.40066
22.1971
55.6966
41.8188
22.7334
3.70598
12.352
31.4703
41.5741
7.21001
87.298
7.49264
39.4712
33.945
47.7632
8.33617
6.39626
37.0183
36.194
43.5955
27.3025
3.67691
62.235
91.3638
8.67119
5.97189
24.0466
22.9533
52.5499
18.0394
19.9165
8.29202
20.3893
1.72719
24.7885
82.3809
57.8795
35.2699
32.6918
22.1826
46.8431
11.9718
12.0615
14.874
9.92797
25.6206
3.43453
10.9802
20.521
11.3259
8.67573
57.1702
3.30075
8.04157
26.4899
16.6312
61.9206
6.7527
3.73921
6.53821
4.06836
23.8504
20.1829
63.3908
12.6671
24.7127
42.1567
54.1618
104.714
16.7962
7.38636
30.8984
3.63044
9.12211
9.37392
68.8248
14.6883
3.86418
27.7363
37.8792
51.4321
78.6217
37.6699
15.2305
17.0064
6.75098
22.2294
12
11.2853
15.7496
7.14645
47.842
23.7469
18.7039
34.1354
1.99193
78.7175
15.0189
15.5463
9.31012
43.287
67.7665
4.27736
12.234
48.9333
12.3549
3.49773
19.2001
29.0497
3.39318
12.1962
49.8627
41.1908
9.94382
15.269
29.751
29.398
19.0203
9.26485
21.0619
0.933163
64.2628
44.6038
14.1884
3.74352
17.4363
30.2046
15.2218
17.4314
8.45724
44.5907
15.3439
2.87286
6.65923
12.02
5.10641
17.0611
7.98059
46.6832
44.7783
9.46724
70.9205
3.86184
25.1909
31.0848
14.0255
43.8576
57.8843
87.6904
15.2118
23.2764
42.7451
13.1902
4.61159
15.9526
21.8263
20.164
8.18683
37.0676
17.0076
8.8275
37.3882
4.36631
10.7477
53.3336
22.7366
82.8831
33.5885
23.5306
3.5925
6.28038
5.39617
23.0107
34.2564
6.39782
30.4256
7.85906
28.1251
14.2924
17.0085
22.8555
10.6403
23.1351
11.977
40.765
23.5941
10.8914
18.9734
6.21637
23.1772
35.9245
10.4632
6.99075
51.6651
14.373
68.3946
42.8966
5.64432
52.9235
15.1496
10.3476
15.1196
23.0131
10.0426
74.9069
38.9982
7.48192
17.0678
40.7209
8.09814
50.3288
6.43443
26.3723
4.57536
51.5631
5.83176
8.30455
4.77811
28.6308
9.31349
88.0636
18.5096
5.56352
16.5431
3.27317
1.62329
2.15307
44.5546
17.3493
38.9716
11.6453
36.3096
26.8404
31.8895
9.58974
31.8091
5.14713
6.19118
10.4878
3.69456
6.31927
21.3532
1.38688
101.099
30.5631
4.28424
26.6367
13.6718
13.6555
14.0512
10.1577
71.8718
30.0481
26.5706
23.0184
51.7835
15.2279
15.2862
36.3795
4.79664
9.89681
10.6328
10.1733
25.6435
32.3185
28.0513
10.4266
45.4091
36.5317
12.3541
58.3686
110.401
21.5561
3.11069
4.21358
116.061
12.4106
25.1133
17.4928
48.7883
9.07488
37.3804
35.8999
36.6277
21.2493
23.3119
19.9953
12.6839
15.6458
22.5698
23.2625
8.60049
1.42085
17.391
23.5067
24.8903
19.8986
8.3269
3.56541
43.8783
17.0677
25.9767
23.1582
17.7187
54.3332
4.31791
12.7588
6.39838
16.2512
27.6421
15.8154
6.60723
43.621
18.3443
13.7936
23.2623
28.0855
29.6179
17.1252
11.7116
8.04877
12.9123
38.4052
5.78271
25.1791
33.9464
19.5839
3.36136
73.3762
31.7448
16.9115
17.3959
47.1213
19.9027
45.0223
39.6498
13.6052
63.489
1.64926
6.44203
18.5177
6.43184
23.9491
49.5267
20.4329
4.49749
12.0604
6.53219
74.324
6.18023
25.3639
1.39782
58.0027
1.68396
35.7969
6.80546
13.7635
11.6895
41.0252
5.55718
90.783
49.8574
46.9405
36.3324
3.16566
121.532
43.9643
39.3558
105.751
40.7192
7.93434
15.5319
7.32754
29.6288
49.894
14.5632
115.543
3.73134
5.34819
7.42817
13.8564
16.4554
37.8601
61.5786
38.0292
9.12353
35.1814
10.3546
2.29797
14.9666
16.0404
18.6667
17.9655
45.261
5.13625
29.2668
52.3793
40.5693
50.5674
7.99251
28.6938
33.1859
2.71372
24.1393
30.3285
12.8227
4.15993
45.953
9.49843
5.94578
15.5519
36.8591
3.57107
7.10792
22.7791
31.4287
27.2157
42.7237
33.8624
35.1988
12.3898
62.6748
31.1193
15.1381
9.56145
5.3178
21.4584
53.9843
41.808
21.6611
5.7628
26.7754
2.08512
39.3749
22.3724
7.527
21.945
13.4372
10.6445
8.65669
12.2341
10.6837
7.19438
81.9363
5.84355
12.3468
24.1282
40.4378
53.5283
32.6829
30.1399
44.1279
2.43866
15.9035
23.0123
22.3445
4.46123
31.483
9.00992
9.6724
10.1576
4.46905
37.8307
5.08232
15.9509
4.01345
5.50264
20.132
26.219
49.4398
58.5261
34.8485
16.01
25.144
14.0978
91.7746
16.7631
11.4131
3.82828
3.99551
14.9751
15.085
15.2683
81.3054
15.2018
9.63352
34.2465
29.2313
6.88639
30.4206
23.8297
48.0835
0.784668
53.3113
3.73571
59.5924
64.7653
10.747
5.96132
11.676
7.5338
45.0436
40.6314
40.8543
37.2909
22.4828
34.3992
54.4172
7.70714
32.8281
34.6019
11.7161
31.1075
10.4866
10.7591
9.86493
42.5415
12.8874
10.0877
28.9291
9.47635
11.4781
28.1338
4.3583
37.8743
16.275
29.4373
5.91691
65.9779
25.0881
9.08669
39.5725
2.70706
14.5364
0.990966
17.6653
55.3713
15.7865
0.703187
14.5956
5.138
5.21413
33.3148
1.05202
8.34985
6.01793
31.6673
3.49053
50.051
23.2514
34.3293
51.863
4.26724
49.204
65.7841
1.34634
12.6921
34.4097
6.46754
1.70826
30.4148
30.6296
12.7273
28.5959
11.4703
23.8119
2.59068
3.61094
13.9383
1.9711
38.0485
24.7276
7.45123
20.1127
7.98817
42.7133
8.08964
42.4632
3.45526
57.0979
21.2195
2.63897
29.1482
17.9325
4.62256
3.93386
27.1782
14.1545
2.23717
26.1038
10.597
11.0288
54.5682
14.6859
12.5784
33.1585
6.14511
15.7241
28.5744
2.09787
8.4376
13.9646
4.34342
30.9101
11.678
7.23676
1.17437
41.4371
8.01613
25.6882
23.7058
49.2035
5.97824
6.00175
29.6491
3.97224
12.4873
17.319
31.5117
2.32873
3.86348
23.2056
31.2929
16.3532
4.47357
21.9722
49.239
12.8593
22.5982
4.59976
2.76872
22.2142
5.15934
19.8769
54.9358
38.4831
12.6584
9.2473
12.366
1.25778
23.7544
31.9848
16.4493
43.2373
48.7374
69.4817
16.9547
8.3153
4.9619
17.0801
54.8359
2.50649
54.6763
16.918
24.2627
20.5324
83.4161
1.23446
6.12912
4.38226
24.4257
14.3587
57.3407
20.1995
11.7571
6.48218
5.46603
8.7315
46.6188
5.359
55.3154
43.6927
115.668
30.3369
41.2673
12.0293
59.1579
24.0927
25.223
66.1763
12.0313
17.2772
3.56573
55.8938
26.2621
6.3329
53.1704
22.5441
19.6041
120.799
32.7176
6.40611
34.9249
4.02199
9.29765
78.882
18.1865
86.0151
89.5681
2.27541
10.027
1.97408
47.1065
2.19576
20.4599
11.7604
39.3361
1.39062
46.0869
3.09856
26.6948
5.69885
10.6059
9.22527
27.2239
28.6526
42.9761
130.73
55.1052
33.9263
2.08078
17.1941
20.93
33.0412
22.3768
36.1583
44.3799
11.5712
77.6007
35.3188
3.94292
7.18717
28.871
55.4575
34.2445
7.09268
2.91405
25.0823
18.4522
7.16486
7.36301
10.6576
11.6231
3.65746
45.0817
42.0138
5.59497
8.78066
29.7431
2.77213
39.7141
5.99147
78.9185
35.8074
168.927
3.98231
18.0839
40.2811
25.0115
96.6172
11.9852
120.64
14.0099
3.84205
2.41557
2.33968
4.25476
27.5425
13.0503
26.2765
28.2082
46.8824
24.1436
23.1983
32.0313
17.5704
29.0789
11.6559
29.1327
1.93875
3.5028
40.7826
2.92468
13.2962
11.3271
16.4388
11.5956
24.9128
12.1784
57.0393
72.0489
15.2795
46.191
2.06339
23.4747
91.2541
42.6553
65.8762
45.3551
77.3088
38.8891
19.7774
20.6713
18.3305
34.8229
48.6539
76.0806
4.94373
32.2596
50.338
35.1858
14.6882
60.9241
40.0163
11.9397
28.2519
13.5957
43.3773
25.349
60.1444
46.6406
10.7513
153.255
22.2893
50.3523
15.1948
8.93446
4.2159
67.0756
26.0498
27.2149
32.303
12.2681
14.1657
72.3024
22.0294
44.1039
12.8626
27.1546
32.6122
16.5029
66.3308
2.42671
45.5972
8.73006
9.49482
65.2987
46.355
5.09047
14.3819
10.8834
21.4527
8.40403
19.5863
63.8273
23.0314
9.62436
27.5094
64.8965
62.233
12.3275
36.0411
16.863
16.7426
30.7386
2.42069
45.0693
42.8845
14.2696
7.43521
2.27094
19.63
19.1638
7.74345
40.7645
44.8669
31.9062
0.5906
16.4262
88.8835
40.8394
26.6275
14.2063
14.9041
12.555
9.66914
2.80007
36.2346
118.013
46.6069
6.43007
35.622
11.8275
10.2452
23.3631
2.3456
6.67883
20.779
5.60062
80.7915
16.1933
33.4727
60.4713
11.7682
9.1072
57.7475
14.2473
1.71484
11.3481
36.3896
85.2533
19.6437
1.52845
27.134
68.338
89.9798
10.9748
25.8615
6.15448
5.12071
23.6825
9.415
10.5655
26.0408
30.4296
132.365
30.3611
12.2731
11.1499
51.3397
14.1813
2.98479
4.97894
23.4496
85.6866
60.1963
42.8058
14.2457
22.6548
10.184
7.95889
93.3434
51.9292
5.27955
55.9678
37.6354
23.7084
2.6373
8.73253
7.31004
12.9692
8.53723
20.5389
17.6061
20.2973
8.03502
18.0011
14.1255
50.3772
10.7913
19.2294
8.50581
19.4585
28.3595
25.7165
0.703892
9.47725
15.8832
31.5002
6.16793
34.6512
17.812
6.48599
72.3021
3.11847
28.4692
22.7418
93.0179
31.4499
54.2994
23.3154
10.2657
15.0992
44.5713
21.2925
4.12206
16.2436
15.4768
26.3303
19.4002
78.3395
24.0609
32.3484
15.0984
4.25832
38.8394
57.6224
27.8063
11.0205
59.1044
33.811
76.6586
17.4016
65.274
23.9982
17.7127
12.5652
11.1826
16.2881
4.50335
21.7
47.6926
14.6274
16.6512
58.3348
6.5958
35.1168
28.694
87.7386
58.6859
17.2
43.8561
7.04639
95.9339
35.8018
24.163
9.05371
2.19804
26.4987
20.4899
11.3845
56.7898
9.35628
24.3632
2.84515
10.3069
8.21417
21.515
126.829
28.636
8.05102
5.45184
12.4005
25.4025
97.8813
13.0693
9.1104
12.0368
5.33971
7.53329
6.41908
3.27027
6.3525
4.60935
6.34922
24.8226
15.1357
62.5141
27.1252
18.0739
2.83299
51.1959
13.8722
30.694
48.5808
7.7018
15.4158
8.45886
4.38583
31.1424
9.94177
9.14938
43.513
48.482
16.0598
5.63732
30.0667
16.2681
5.98919
1.46338
13.3532
15.683
1.41096
15.3675
7.79022
23.4168
107.768
3.0275
6.20846
7.85934
2.24878
26.2296
46.3599
11.7895
36.6748
28.6149
7.6698
73.4942
3.64268
13.9787
32.5472
32.6114
7.27264
10.4732
18.2662
40.8782
31.6513
10.929
2.57968
32.4238
21.6803
21.4461
20.6504
52.8562
3.80242
65.0504
21.7924
2.34282
88.7657
19.2869
18.9224
2.25219
30.1321
95.3593
30.0188
16.4771
25.4264
48.567
2.95575
53.7841
1.12556
2.18345
29.7336
15.4942
3.93392
14.7635
3.89704
17.5603
27.0808
4.18371
65.825
12.4829
6.1945
73.26
36.6454
7.36354
53.4845
9.79558
8.06557
10.1475
19.1814
23.7862
24.323
21.9806
13.5199
36.4031
18.3844
2.81663
18.7948
30.9331
62.3173
21.7395
25.6895
9.88656
17.641
18.5898
15.8984
7.37484
42.6587
54.5994
2.55093
20.1074
15.9073
33.8094
18.3184
12.2731
50.4967
35.8079
4.33523
3.01557
1.81192
22.1361
5.95136
6.10548
20.5025
3.23927
26.6918
8.7532
18.655
11.9708
5.85734
24.1434
9.39422
10.5389
3.37462
6.86435
22.8004
3.76465
68.5582
4.35592
19.5723
22.56
5.09253
58.7181
54.3528
11.0628
7.4018
18.8204
9.28852
81.616
35.5375
13.4362
5.08427
2.72062
5.97101
16.3436
18.179
34.3289
68.8129
6.40093
21.4041
85.9081
6.79707
15.2363
10.2492
10.3926
24.2842
14.2087
17.9977
83.6385
8.92931
26.8316
21.6391
26.1673
39.3669
21.4148
28.3572
11.5004
14.8466
50.7989
10.5631
4.56278
31.4896
10.451
19.9997
6.95921
15.8285
44.743
1.42601
28.252
10.1415
6.7893
52.2268
33.1739
13.3384
14.9576
4.35334
38.9824
15.771
34.008
10.057
28.382
28.8253
17.45
8.36635
46.7834
7.34287
38.4172
6.32644
49.213
4.29205
20.6555
9.71694
90.1139
64.2021
17.1998
7.00587
36.7578
13.3074
16.125
33.4611
13.2514
14.6652
48.1731
33.4788
27.5064
37.3741
75.1212
78.5725
31.6303
2.59074
46.5946
37.913
19.7241
46.0796
28.0557
43.3922
9.40094
17.3774
55.7424
1.3935
1.82578
26.1422
5.40916
15.4597
14.1149
10.3327
60.3721
9.82812
2.54472
4.52113
1.3542
4.41932
3.52014
76.619
9.30955
18.892
49.7696
2.97005
4.96346
9.75598
62.529
7.37421
7.64995
29.8911
2.9975
17.3563
3.48242
16.3583
22.0778
8.22171
12.6378
32.5048
42.8648
25.6904
35.43
12.2759
17.741
31.6192
62.2544
31.1818
68.0229
18.617
1.49361
12.954
80.0345
27.8715
16.9997
46.8324
18.3831
57.3102
7.04944
3.23005
42.1125
5.29047
34.4949
2.41975
71.1517
10.9067
31.1415
143.387
8.73309
1.78998
14.06
19.1173
4.20027
80.4557
8.6618
110.311
46.0531
72.3397
29.1424
12.1365
109.611
11.4015
21.177
33.8749
6.67121
32.566
19.634
14.1249
20.0555
18.4008
35.7832
6.22693
34.939
4.82125
31.3008
18.0669
37.7394
20.3679
24.2251
18.2018
2.98057
11.6178
23.2967
56.2796
6.93537
6.15718
26.0568
5.38416
8.11876
9.53342
13.3779
5.37912
48.509
28.8421
40.1947
18.8605
29.8741
35.1005
8.46641
6.56014
9.54982
12.2792
67.8912
33.3163
4.74061
19.6512
49.5811
40.2237
29.3544
4.7243
29.3389
53.1199
26.7556
33.8698
12.8404
28.5373
7.28677
11.0947
3.00154
13.6288
25.1465
37.9926
4.39571
124.006
31.2193
10.3003
52.952
47.9533
13.0665
21.1631
18.7068
16.0994
16.8382
80.5249
28.0173
52.377
43.8895
13.8845
26.4165
4.64949
33.0952
15.4276
11.149
8.10255
15.0181
33.9926
6.57186
30.1005
40.58
41.7059
16.2256
77.8899
46.8154
13.9589
6.81414
22.6846
15.5842
36.1631
52.3493
6.27901
7.2311
41.6346
5.53822
8.41073
130.579
15.5321
9.4077
36.0414
63.9557
7.52103
7.49861
24.0743
4.81205
19.6173
50.9329
45.9926
29.1898
33.404
7.15389
50.8228
6.54085
6.50279
28.9984
21.5495
7.22434
16.5855
30.2106
15.9099
13.6086
24.3223
27.2815
52.6528
5.90519
8.98596
39.0903
18.2784
19.2618
5.2348
12.4353
12.5033
10.731
73.2592
11.1154
25.0971
16.8601
10.9796
11.2901
31.4326
58.2255
40.4606
0.984164
6.91171
35.9584
38.1048
17.5229
37.1001
11.1942
54.8607
49.0879
1.10269
1.67407
65.3433
17.4222
2.4829
58.1805
0.64187
82.1662
3.2871
41.9959
68.6028
12.7944
8.93523
57.3495
67.2794
6.22963
24.2695
11.4405
18.839
11.2605
37.2134
12.0955
16.0235
1.08205
6.16908
44.1255
28.4621
4.8192
15.4844
66.3718
6.03161
1.05202
4.35993
9.69458
22.4842
15.7988
30.7381
9.83446
28.3918
3.96811
43.4949
32.6691
34.2506
8.74279
20.039
4.77199
13.4292
22.5282
14.359
6.92477
53.0134
15.2727
41.939
6.27195
60.5486
6.50237
22.3374
28.2242
18.7767
55.1023
15.9589
5.98818
20.871
11.014
4.90973
8.40703
11.0317
7.98631
24.7532
39.6875
10.0495
17.9669
38.4003
30.6527
41.0132
23.5631
4.18353
23.23
137.458
28.8282
2.50132
30.8705
81.6095
5.54217
19.6662
47.9585
37.7216
3.61285
7.2406
27.7849
1.07123
17.0026
9.90393
16.555
63.9193
15.0234
34.8594
61.1872
12.575
7.5696
3.06121
7.65737
5.51223
23.1807
14.1769
1.66424
10.0904
25.7637
10.0645
76.6169
7.67782
7.0268
11.9028
13.9575
3.7608
2.98085
41.4228
7.26335
20.8382
52.1252
12.1746
13.3428
3.12334
17.0527
17.0117
28.7783
58.2487
41.7105
8.37912
33.7974
53.1757
46.0471
4.06681
15.7156
42.106
10.8982
25.5271
5.84153
19.5109
11.1497
7.65564
35.5671
9.67267
37.7515
39.3575
83.6
30.9629
11.5948
24.9555
19.7655
85.4855
5.73321
4.78504
18.9633
52.315
7.88551
5.49839
29.0045
2.59514
6.11871
2.08332
17.7962
6.59134
50.6711
78.5485
50.667
10.9886
28.9493
19.1261
4.19497
52.3828
47.6086
24.2866
6.88443
82.0107
21.2751
33.3099
126.944
21.859
54.1625
84.0755
10.8732
3.34789
8.85665
18.986
1.72499
46.0987
60.437
13.4312
38.9165
38.0388
54.0152
24.142
18.87
22.2448
5.36668
9.39803
2.00471
58.3371
47.8607
15.0164
5.82575
9.35758
5.09286
21.2122
11.5209
24.7174
5.53433
40.3155
15.1787
15.3198
32.3753
36.4323
37.298
16.0797
101.678
13.8238
39.5229
10.5793
9.23368
28.2315
18.807
10.2943
41.1186
19.1809
57.7677
10.8862
16.3625
5.89278
6.60395
15.0591
10.6955
107.415
32.147
19.4015
62.6495
106.784
10.7019
25.4411
57.8219
28.1962
12.143
7.26686
34.9579
14.1231
14.4714
14.7059
5.33229
51.3552
30.0909
17.662
26.6122
1.73843
13.1466
21.7032
10.8512
29.9695
15.3804
9.48332
11.6981
53.4055
21.6593
31.4361
34.8065
1.41865
20.1919
16.7286
5.34271
0.522841
27.4613
4.38334
11.5926
10.5266
12.218
26.85
12.463
7.67148
13.7429
3.93815
5.1249
53.3576
9.20777
18.7745
7.72099
47.6838
27.7319
11.5653
25.8843
48.771
14.0389
64.8229
6.58925
12.7069
20.2841
21.1398
10.5169
18.1659
29.81
35.5427
14.977
6.36068
20.1412
8.77411
74.6071
30.0412
13.2467
16.5783
12.7406
7.25302
17.5845
15.0128
25.8497
25.3813
10.8953
5.68536
15.9876
26.5659
34.1141
2.46866
48.7823
17.5843
20.9024
30.0432
30.7885
59.8474
29.702
13.933
23.9851
66.3082
12.994
17.3046
43.0351
7.07697
3.74574
51.8946
44.7398
6.63114
17.8823
17.306
1.42609
79.8304
39.5103
23.0403
34.2352
49.9502
37.699
34.1734
2.5752
38.3831
13.7833
36.5116
8.47205
8.31458
2.39609
10.4582
4.04326
17.2908
14.8217
35.784
2.11168
33.3082
55.5688
32.5105
17.5309
23.3123
6.38113
52.5757
40.3965
5.68911
27.3045
9.48576
70.9841
46.5659
3.10768
13.033
40.2641
70.647
5.41221
10.1581
13.5865
40.2668
44.454
37.082
5.05783
38.6979
31.6085
14.6115
37.4542
9.23752
8.13307
19.8171
3.81901
6.25142
16.8442
22.7069
8.95745
13.3796
58.9936
6.52744
18.8549
4.71624
43.5798
40.3175
109.583
39.0239
3.8004
19.0873
37.4266
3.09607
12.9491
16.8004
3.85069
18.9341
19.0609
14.8617
64.7199
24.2655
31.58
19.1716
7.55122
15.0628
53.6106
37.0289
13.922
4.64712
27.0059
22.0465
3.03139
4.09922
3.67933
43.5159
29.4284
45.2569
17.0559
25.4438
15.3546
3.87904
5.92999
23.2523
4.71475
60.2905
29.3414
9.92081
3.75972
9.25399
39.9574
8.57479
50.9133
27.8583
8.75912
17.1366
17.2989
33.7689
8.40303
18.8423
3.93021
4.27601
14.9687
13.715
24.3006
1.82137
17.6906
7.32538
3.16524
17.8358
12.7353
9.7707
48.2307
19.5462
79.4545
28.8547
29.7063
28.7343
16.5736
62.4172
48.3482
37.5446
3.03551
33.5049
40.713
10.1722
9.51973
4.14888
0.731159
11.4497
12.8096
1.23108
7.34945
37.9671
120.822
18.0207
77.3011
39.5604
24.73
9.45032
12.9929
26.3728
27.9126
12.218
13.0848
15.1992
157.78
7.93298
11.0189
31.8568
70.516
9.80695
60.929
8.01707
5.74325
8.55869
38.4986
10.5217
3.78049
3.37666
8.76016
7.58941
45.1345
30.1679
6.48656
11.1764
26.7151
51.8493
2.94449
4.7333
12.2452
36.7123
9.55207
52.312
5.19396
6.33955
11.6774
29.1447
10.5195
1.78829
24.5484
24.1508
23.6974
35.2067
26.945
2.55998
59.7894
7.74801
43.4642
4.66051
68.6587
52.6316
8.73807
61.3966
9.55824
27.2758
72.3612
2.88095
12.2711
12.6751
39.3299
73.9342
17.4552
12.8761
44.3992
1.07503
5.86416
8.85878
43.7233
5.62341
2.0075
38.9246
34.4205
18.0383
41.5201
24.3402
26.4916
13.6056
31.9979
6.60917
22.2685
32.1108
3.79209
16.2361
2.64766
21.1073
6.86473
7.12473
8.1415
5.3796
48.5102
30.9054
53.9933
20.8065
17.8002
10.8546
13.7003
6.5448
15.0512
27.0665
25.9916
24.1489
44.9435
49.6808
5.99691
19.8425
11.7042
8.44747
15.2018
31.0078
32.2772
8.84908
24.7758
15.3701
2.8598
14.3478
8.91314
33.1961
5.42489
68.5986
9.82861
7.53636
18.692
19.1731
19.9658
54.5126
9.57066
40.3209
11.7279
26.4342
31.7427
16.774
76.3294
140.378
39.5436
2.78522
32.9705
11.3151
107.928
4.2841
13.6547
2.72995
24.9649
19.5224
10.3494
70.7178
39.0824
18.9323
6.32791
3.99742
31.3458
17.3249
59.7298
12.5912
14.6269
14.8035
3.55246
5.27287
1.94561
16.9069
22.8055
3.73409
23.8359
3.06476
35.0139
1.77269
146.57
26.999
15.1308
12.3941
32.5438
76.8023
9.55145
22.017
8.69715
20.0036
9.53504
19.0946
18.0498
7.65989
50.9514
16.8901
17.8942
33.5441
31.9459
26.0575
48.7834
6.29138
21.1381
36.2502
40.2425
9.34261
3.57927
8.66196
47.543
11.6821
17.6844
6.90452
29.1397
4.9229
7.21472
30.0649
20.278
23.6073
91.5373
24.5483
15.4829
12.7432
24.9855
9.7673
7.49176
24.1419
24.6122
7.30777
41.3957
10.5365
5.4873
34.5476
55.1545
22.3736
55.2497
36.5188
45.4414
61.3636
46.9466
19.0002
82.0735
3.6404
9.08215
22.2429
40.8615
24.424
34.7845
37.7405
2.99606
14.2149
12.4087
38.6032
35.0594
20.8959
6.9782
30.6553
66.1672
6.49683
18.4087
5.71524
11.5549
7.78656
6.28827
32.2649
3.61354
6.37013
9.35599
65.9282
43.1431
30.8637
73.2254
1.7827
30.0191
2.09744
14.9738
5.6953
30.6058
8.13742
67.6055
8.90778
5.67709
21.1341
7.25013
28.267
22.7809
8.49656
21.2377
7.60209
6.53667
13.1514
14.2622
14.0046
12.6389
27.3781
48.5494
10.1575
6.91292
18.3546
19.263
25.9008
45.7199
22.1407
12.1884
30.1063
34.5613
7.97256
7.28594
76.3283
34.9651
74.6555
3.22367
21.902
6.46315
58.2458
7.07577
12.2685
14.5722
23.4507
28.3818
50.5342
17.4722
22.3819
10.4587
29.7706
7.33783
32.6349
10.6938
41.872
103.265
30.3124
10.5579
12.081
11.8938
14.0628
5.34542
35.5281
3.67612
39.4521
16.0568
50.8547
22.0265
6.28517
12.5119
6.53454
33.0943
4.56773
1.58694
63.51
36.0063
35.1733
7.55175
28.447
15.2674
26.5793
4.20378
10.1777
84.1076
58.7612
23.6427
35.5426
18.8665
28.4561
17.0475
20.9846
25.1346
2.43343
31.242
18.0441
18.9629
62.6732
2.85859
5.02633
43.8952
29.5766
2.75416
31.1593
46.7356
18.4437
3.03103
6.17483
21.2124
6.42383
57.4933
34.6388
4.15726
30.2912
7.73402
46.8671
22.4391
40.0049
13.9636
6.45286
16.9006
5.05784
14.2686
32.8993
10.1228
1.92468
12.1336
28.4094
29.2493
48.416
34.8336
44.7578
57.1681
24.9516
34.8547
5.98495
8.87832
10.7843
60.6308
2.96751
5.51992
10.4824
22.5799
22.1265
6.78696
1.06385
12.9996
3.43913
32.15
3.31334
12.0782
8.83648
7.62342
9.59458
43.6625
8.79796
44.3892
2.2583
62.8376
19.6942
34.2146
4.35339
5.61554
36.0755
7.72578
6.30564
10.6282
22.1989
27.1094
3.94257
10.073
19.1016
17.8195
42.7457
56.9631
13.2745
5.54215
24.272
38.4126
9.04025
23.7283
0.780759
65.8273
5.3594
4.69103
7.15084
22.5328
34.7705
35.6248
14.85
16.4361
35.8221
55.7854
62.0956
11.8184
8.35022
10.6926
6.5988
13.7693
31.9499
47.2293
27.2635
44.9149
47.4086
3.32156
46.8649
7.69197
8.20589
40.4641
6.26509
39.3365
20.0469
17.0792
4.61318
23.1186
1.61523
20.2788
10.9024
61.301
9.83897
36.9857
62.9605
84.2601
7.05282
7.07468
11.7953
130.671
10.7185
9.30307
71.286
12.3458
7.96307
21.4922
10.4299
12.2653
12.2084
10.8253
7.43959
7.45207
76.2924
16.9588
8.55033
110.421
41.7152
9.09976
80.6991
68.1961
7.64865
65.0206
44.9167
91.068
28.6687
19.1447
0.918356
77.7464
53.3772
58.182
7.02245
1.57167
8.48674
6.85635
3.68158
45.2976
11.6189
6.78643
138.346
16.0055
99.5725
34.147
65.9021
24.4505
24.452
8.65864
42.9589
42.7415
19.7633
25.7313
17.4822
82.6458
7.89502
24.1415
11.9311
29.809
78.8431
22.6706
6.85636
21.8271
57.3686
6.96951
5.24434
67.9251
15.2022
21.1082
12.8312
17.3936
50.6324
59.8431
8.16439
7.8577
102.099
21.252
46.8634
17.6477
8.14887
10.2788
8.4518
5.70382
3.02131
9.51677
5.55172
33.4893
14.3101
23.989
26.1708
17.8952
6.65603
4.72361
7.01681
19.7674
6.50831
32.7008
1.55753
65.2732
86.6421
3.38687
7.51208
78.1042
13.612
12.8018
19.3162
24.2203
25.8087
16.374
25.1568
13.1565
32.9489
13.4381
5.76427
67.0733
23.713
36.4852
6.15612
23.3748
20.0776
22.9664
5.44675
23.6839
53.8339
3.04987
21.3388
50.9153
12.7529
7.25451
35.5237
17.7168
18.8043
29.9851
16.6343
39.5656
3.35539
5.22321
12.257
21.6986
6.62229
20.1594
4.66711
9.25802
10.4596
7.45516
6.77531
36.4382
24.955
13.2538
47.7528
13.0141
16.4043
20.3615
140.536
19.3473
32.5329
13.9198
12.6086
8.19754
33.3208
26.6245
16.9088
29.4437
12.0609
60.1584
21.0226
14.5451
6.77171
3.82314
16.8668
15.7064
58.6508
2.89647
16.1614
11.3951
30.3791
60.9469
14.8604
173.893
50.1153
3.28071
20.3816
33.5776
1.80796
14.3005
26.2574
18.2398
10.1672
4.39822
9.8706
86.7998
72.0018
13.9016
31.5012
32.9853
49.7534
9.23188
22.8917
4.99222
47.7499
14.7119
29.2284
26.4342
68.6387
12.5665
28.6765
3.63227
7.11142
62.9319
7.32282
30.0592
40.7617
5.37015
28.8987
12.6618
8.81393
90.8683
16.197
64.0038
35.647
23.4225
49.7917
5.79927
14.3576
110.581
35.4003
16.5373
3.48136
92.3898
26.383
13.3005
12.9444
20.1401
30.0991
39.4583
23.9438
11.4149
62.3385
3.26956
4.97967
67.2999
14.6254
29.2463
6.75322
13.4042
16.5797
8.07066
3.14008
17.2242
6.67124
13.3651
13.8495
1.60049
4.6825
25.4564
1.37584
67.4213
90.3271
42.1544
22.9941
27.7528
8.35111
3.63269
38.8803
9.44703
4.73028
24.0847
22.2398
10.6087
2.20111
12.4621
21.2423
15.5976
33.5862
12.3412
12.067
32.8109
14.5865
37.0773
6.30665
46.8944
40.1254
8.0218
5.29592
28.9678
4.84524
20.1136
7.58821
16.4826
32.0003
55.0075
130.552
17.0585
10.0171
20.0999
11.9538
18.2089
5.63552
8.59265
62.3602
46.8987
27.8522
7.77239
29.8516
27.2298
31.4064
65.698
21.6282
19.9373
17.251
16.3819
39.0262
6.93425
46.7081
32.2631
25.6341
20.502
12.7398
24.2162
38.6711
25.4204
17.5432
47.5896
31.7115
10.9144
12.5427
14.5653
21.921
21.8247
2.12405
3.15036
14.206
15.1619
10.5047
5.06617
37.7185
8.85871
24.1385
17.5983
3.80721
6.53695
45.1053
20.0988
4.34797
7.31801
4.5709
0.9465
7.99256
22.7992
40.0518
30.5053
9.71076
11.5477
4.60106
20.0627
28.1687
11.4935
8.05692
14.2331
13.8578
8.97542
29.2804
29.9555
6.11936
18.0017
13.1753
9.78329
8.62692
8.46875
9.58874
4.13757
1.96396
52.8626
9.19637
7.09894
7.76851
21.2876
17.9727
9.31809
18.5071
8.31848
5.72282
8.33394
9.90634
3.41366
15.576
51.3642
15.8166
19.3934
55.9222
15.4949
20.8366
7.23398
29.7941
39.0912
24.2458
8.71119
8.68085
14.8161
1.70064
18.7127
37.9505
9.62368
24.2901
54.267
14.6277
12.4877
26.6625
3.70243
12.1166
8.66804
12.1834
9.96215
12.4118
32.8261
6.02004
33.3145
18.938
49.9249
44.6838
3.99262
85.987
17.7652
9.63864
7.50013
30.4769
15.1216
63.1606
7.8418
9.91655
6.95133
39.7264
36.4885
76.8904
10.3099
8.4633
5.46886
28.1861
13.2302
19.3328
27.3928
12.7129
5.39097
6.66472
23.9177
12.9204
3.69189
38.894
15.7826
83.2074
6.26777
26.8893
17.5024
13.112
9.21229
18.0021
30.9601
5.1174
5.73417
11.0626
16.8343
9.66007
11.5172
4.03524
30.7176
77.7571
12.1155
19.5955
59.019
47.8805
56.8417
5.5538
6.28812
34.4293
14.4744
6.9047
33.2752
16.0867
92.4517
15.1114
50.7562
28.2764
26.6725
9.78201
24.3519
22.042
28.3784
50.0115
24.5199
48.9818
6.70384
76.562
7.6495
57.9942
18.7853
8.74015
64.3207
9.3563
68.0053
6.96785
4.36662
31.1698
26.866
24.2959
26.6983
6.81661
17.0385
3.46737
16.6088
16.2959
23.0153
8.47424
8.44763
18.0417
27.0298
13.4054
4.51002
31.6961
9.70347
17.4304
53.2355
6.00401
27.2761
68.9427
26.4846
93.938
90.2961
19.2311
21.911
90.9306
11.545
36.4348
11.4092
25.9911
17.4214
35.1849
12.3289
21.4147
8.41845
23.8059
11.7947
16.3709
5.70455
14.1911
8.39291
50.1897
4.32741
3.07031
17.8958
37.2543
29.0528
6.29443
10.3834
8.63211
19.421
4.1754
3.86815
53.9253
167.017
6.53396
7.8867
9.98724
13.1692
0.80413
24.7653
77.2842
4.73934
59.4248
31.7587
43.1125
26.0732
16.2032
20.0362
6.84443
11.7063
8.50056
38.1296
39.0306
7.30941
32.2643
8.2257
10.7728
16.7543
25.8103
17.0758
8.29617
65.3816
66.8898
22.7965
8.04471
50.4647
31.5526
71.4415
9.88069
15.1108
13.561
38.2419
27.9704
22.7321
71.1049
16.3216
88.8261
12.476
20.5937
48.0867
6.73222
12.7406
30.7949
83.6983
69.855
7.52896
26.3385
22.2366
89.1849
12.3022
8.45842
27.137
9.73508
3.4245
18.7815
27.4836
64.0629
23.0632
16.6361
13.089
10.7248
9.23559
74.3195
43.4105
4.19553
22.4192
35.0152
16.5476
9.70826
27.9025
4.33424
0.970451
3.40346
6.02953
53.3682
57.4806
14.7157
24.7625
25.6687
3.93882
9.08515
20.2278
9.87108
36.8112
42.7232
23.6198
25.1468
12.4955
76.4836
36.0244
4.40735
12.6112
43.7163
14.9865
10.5428
31.3322
8.78591
14.4263
13.8776
74.1223
21.1437
11.7191
34.5804
23.7945
2.32367
10.8409
47.6539
17.7782
26.469
35.8638
40.9362
7.43672
9.94489
35.1811
12.1554
2.40852
37.6366
5.10175
6.10164
35.9556
17.964
27.9651
6.96476
64.8282
48.4784
30.498
63.2006
9.09978
12.057
10.6103
41.5694
20.2568
7.67039
28.7555
4.00181
15.2282
106.134
29.6164
8.41672
5.16349
5.06612
35.658
62.2479
8.9689
32.8763
14.5987
13.4849
3.76952
7.4867
4.25584
39.4655
9.06201
13.3481
0.897697
16.7564
7.32252
10.4964
5.2779
15.0858
57.1049
21.6662
56.778
64.5707
9.58961
19.2326
72.4004
0.679557
28.507
67.1499
11.4258
6.2552
24.5475
27.4655
73.0645
17.6419
40.9678
11.5099
32.4435
2.76417
30.1851
8.5419
29.4119
17.6923
9.22148
7.67971
23.387
11.143
9.75472
26.8984
57.3918
30.2362
4.39558
6.42059
26.1276
7.74072
15.4912
34.4448
11.8654
41.6933
5.01571
15.6293
12.7044
3.56855
18.4823
21.5135
23.2867
43.8858
6.71477
7.67275
23.5046
15.7552
14.753
21.9208
7.02625
38.7037
9.5232
14.9045
28.972
42.5845
20.4723
11.1265
14.3274
100.906
52.8104
11.119
11.1249
26.2539
48.4503
10.1731
2.08551
20.1817
14.3373
9.65695
52.8144
124.565
21.2517
3.41402
29.4474
8.28916
8.71644
86.9201
40.6709
34.7027
27.4698
26.8162
4.04891
6.69037
10.9357
2.79473
5.43221
16.5002
34.5383
12.5631
24.0961
3.46943
2.33674
9.32835
33.6555
37.3001
136.887
36.9733
40.4876
4.98651
10.2338
5.5881
28.8776
14.7117
3.65664
20.7336
24.8956
57.7729
11.1995
18.9082
54.3249
5.78446
43.632
6.96475
4.58203
6.72513
27.21
71.6781
40.5912
28.2929
71.4903
10.5545
12.0982
7.81441
65.4622
39.1922
19.394
30.1855
13.9558
17.816
12.1261
2.44678
7.58868
23.1164
41.2229
16.3595
19.8066
4.49085
47.5421
8.42792
33.3266
7.78789
38.1248
15.6909
2.17229
25.7862
8.13578
1.75483
9.82028
39.9991
15.5997
1.86172
9.0018
35.7701
13.6275
3.31919
11.5706
48.91
67.8064
7.72973
9.83573
93.1755
0.52357
32.8045
22.839
15.1088
84.4804
4.98715
37.9282
3.43738
10.8583
15.311
24.4044
35.6224
4.37774
11.9926
12.2279
10.3678
17.052
29.5294
34.0396
6.36172
9.70431
3.56108
90.8798
14.7094
18.8299
9.54618
16.0806
5.97691
50.0593
7.28209
23.736
51.1635
104.209
17.5087
38.6596
107.353
34.6638
23.984
10.4867
36.1629
25.8729
17.9252
5.49204
9.07146
2.16951
4.44252
35.5487
34.772
29.4389
4.36684
48.1693
10.0944
20.2994
64.1605
12.2194
12.1387
18.9639
51.976
3.49982
8.95887
18.1897
85.9259
23.8874
21.6304
4.91031
12.3494
4.15836
43.8426
19.3004
14.4629
32.667
5.04772
31.2501
11.5874
47.4739
31.7285
76.2116
17.0472
5.00638
16.9283
32.3494
79.492
112.982
4.15123
3.36427
43.8705
40.1149
28.2423
71.7258
24.2025
3.70676
36.1126
11.4338
34.7582
63.5096
5.96105
11.3671
24.2965
17.1753
23.2385
20.8501
42.2432
24.0995
16.2525
2.43832
10.5618
3.95746
8.05765
16.711
18.1855
24.4083
16.0143
25.1896
3.37202
27.1254
8.09965
22.9742
6.61778
32.3649
40.0047
7.64309
47.5492
17.85
8.9222
32.6008
20.838
19.5042
40.4372
32.1269
74.4553
3.24758
13.4078
3.95379
19.2527
16.6511
4.64711
41.9946
10.0361
82.206
65.519
26.0628
24.2196
1.59729
25.5139
14.5796
16.7676
45.1256
2.87458
15.9143
32.2375
109.709
25.5317
10.227
17.7578
4.06774
30.2564
6.60351
3.28605
10.9088
52.9802
4.54528
14.9568
43.0949
17.8026
37.7182
24.9709
35.2187
11.125
41.3836
25.9026
2.79288
14.7587
20.0754
49.9365
15.2779
55.3024
5.61283
99.9761
2.50898
0.66018
19.304
6.97858
10.5281
12.91
5.72061
4.74234
122.072
82.4717
23.0662
22.7152
18.4409
26.7929
8.94425
31.9249
5.09684
5.24564
17.3208
19.6662
61.8823
6.0176
7.04514
25.046
3.34143
18.644
30.5371
22.8808
5.90128
24.8243
22.4194
84.4485
10.0674
42.1125
20.2787
23.5662
69.7971
6.58091
17.169
29.4895
20.368
47.9472
33.6969
9.63691
43.1982
8.28803
10.0166
51.6854
73.8287
15.8452
4.67438
25.03
9.85239
105.522
24.0147
2.08567
1.87533
8.90956
23.2093
21.0104
13.9266
7.02492
21.7945
22.6536
8.25354
8.35386
28.3538
40.0714
22.8219
15.9416
10.4345
34.6721
10.5511
14.8621
29.4946
7.50692
12.4662
11.4129
10.2678
13.3602
6.94307
66.3344
6.83867
3.53938
10.1532
8.34888
2.19497
6.42176
12.1409
21.1786
26.0354
9.57588
6.44004
18.2009
8.65192
71.0581
66.9476
12.927
11.2948
16.7571
6.15371
15.6474
37.8164
101.302
32.2735
5.7759
11.711
5.49731
48.8973
27.1229
8.9565
40.5686
15.7821
12.3755
74.1509
9.83889
2.26532
54.0964
49.947
5.59188
36.052
10.0097
22.2139
22.9713
14.2017
9.9387
4.35974
19.9132
25.9618
30.7081
40.3568
10.4077
16.2043
7.47731
70.1656
32.8625
39.4763
14.0757
1.11817
32.8473
7.2416
30.0958
45.6218
11.3015
36.2585
9.21053
10.9503
26.9593
7.62462
23.0597
82.7915
45.4894
21.3462
4.2435
15.2448
31.3809
8.27779
4.91951
40.1394
7.45102
26.3681
117.91
3.82702
21.8885
6.56707
10.3296
9.11805
1.77038
58.2566
9.01434
32.1924
6.79159
123.247
2.80726
13.9614
3.56472
39.8556
10.1634
16.2778
41.4381
40.5152
22.6882
29.3954
3.5036
22.3495
4.19411
15.4729
18.872
41.0019
21.6577
28.8658
6.45624
25.85
36.9572
26.267
9.49377
29.0175
27.0877
17.5732
42.2998
14.7583
9.83244
22.0182
22.2976
18.9979
6.26423
33.7141
12.6807
14.4947
7.38155
50.1655
22.1811
5.22655
6.12082
38.0752
13.6512
9.12828
27.2997
13.9347
50.6422
10.0552
47.3646
43.9214
18.4133
74.0259
78.261
17.2056
39.6985
21.4098
13.1826
3.87161
4.03566
71.2368
23.1599
20.7407
6.27719
66.9372
10.0325
28.0812
11.5683
13.7588
12.5535
23.6896
7.98696
3.61959
52.8972
28.1577
6.64472
7.00532
10.2707
5.17468
75.043
28.5699
16.0404
15.3413
10.4339
7.10659
7.47987
7.15827
28.0901
57.1751
20.8405
71.876
9.08833
3.66036
28.2735
11.275
14.4294
5.30333
18.1452
13.2588
30.5379
9.65687
35.3263
85.8876
17.8953
53.1389
33.5103
0.605596
10.0584
3.00119
2.23278
59.2707
39.3643
32.9865
42.4812
48.1077
106.199
98.0877
35.495
32.1531
9.27883
22.1532
10.2815
6.39065
31.878
36.7295
74.9099
13.974
59.3716
41.4185
60.9478
14.4503
2.69351
46.1732
12.7066
16.7474
2.75254
26.0629
18.3903
17.0677
37.9319
8.12169
7.98252
3.09376
20.9815
43.8224
63.325
7.25373
45.7307
16.1939
10.5745
20.4711
20.0094
19.4734
1.84662
10.0921
78.7305
5.5476
18.931
121.637
8.30806
6.92613
26.8279
37.3436
8.86608
42.5359
9.66372
6.92929
12.5992
57.3276
15.169
79.689
6.00453
16.9017
20.8972
7.16706
52.6346
14.0573
19.0918
26.5708
3.12342
7.56743
9.81306
57.8522
8.70345
13.3782
32.7213
16.5184
14.5866
70.2893
17.2271
12.9522
1.81703
43.9774
23.6085
30.0784
34.6842
53.8899
23.3679
2.84611
14.9193
75.9729
11.706
57.286
3.67655
3.60212
59.548
6.31982
20.0715
57.8886
5.48547
56.8143
0.956796
11.4281
3.43191
54.5133
10.6021
17.6263
21.2646
11.4035
57.9882
74.0058
23.7364
13.9229
11.3575
5.54096
15.6299
12.0179
32.7837
10.8485
25.9044
31.1676
26.5372
9.83861
12.7795
20.6352
4.83415
1.03551
89.5124
16.46
5.72489
29.0317
23.175
48.5289
5.3606
15.1563
4.32793
3.75687
6.77907
16.3494
24.4929
12.2872
8.42947
18.7415
6.26988
28.1181
118.243
27.848
1.40005
8.29994
5.09002
86.1898
11.0922
15.7717
9.93722
17.7047
13.9186
31.537
38.4538
34.5942
55.8329
7.90886
24.5693
13.1732
20.8992
21.8187
27.908
7.07443
36.2813
19.7956
8.43959
6.43683
19.4934
29.8888
11.9517
23.1575
39.6129
12.7463
29.6036
6.82599
8.96063
20.0975
70.747
40.9316
61.6115
57.7878
32.0801
22.4253
78.6303
11.5858
35.3205
15.6854
17.53
22.573
33.2521
11.273
21.4258
15.7539
8.46859
15.1719
14.4075
5.62628
15.6403
20.1144
7.49482
51.9029
18.5824
4.60263
14.7354
5.5503
1.44329
23.9929
47.7209
3.29971
7.29841
46.0999
79.7592
1.82981
11.1284
7.91006
13.5951
12.4457
33.4736
45.6548
54.837
72.787
9.82332
25.7413
22.4807
34.1542
38.0989
24.9165
26.229
25.8125
8.60518
6.36655
13.2339
27.7563
5.41224
43.3756
44.3754
42.1697
52.1141
79.959
38.223
45.4438
4.3343
29.2
42.1765
7.11189
4.27488
38.0227
11.1689
7.53008
20.8786
142.094
43.6812
4.89185
9.10971
29.8224
28.4032
40.4299
44.3242
2.29512
30.6696
2.62974
9.55399
11.9787
37.8511
36.7871
34.3724
12.8891
8.82164
36.864
16.0977
4.44278
6.42128
17.3944
12.9534
12.6754
68.9579
8.63401
10.7347
6.03804
33.9169
26.4314
11.2954
7.22497
92.754
72.2511
3.07137
37.8278
89.9596
93.8117
22.6599
48.2825
4.23278
39.9711
31.4625
59.9316
19.095
7.89818
8.5416
14.353
2.6579
20.895
14.3351
14.0215
23.9157
0.547244
27.9436
5.51099
65.1884
22.4827
87.0532
26.6235
2.77364
1.83762
7.46728
36.3055
45.0619
21.9438
16.7788
19.4979
18.9135
26.5714
10.1549
1.4909
22.8105
78.4696
25.0287
2.48191
34.7903
43.7106
21.8463
61.4742
38.7985
53.512
35.9151
3.09805
46.6737
41.3177
13.0827
7.48907
4.9746
5.28681
4.94711
23.679
12.9333
18.5814
60.3528
36.7201
6.26608
19.7434
55.2767
34.0668
47.9435
58.7378
7.44833
46.2054
15.2682
15.8866
1.80419
14.7768
33.6762
6.02006
17.5223
3.05204
36.015
23.2483
16.3324
9.19871
3.84752
48.3509
39.1287
25.4679
30.0881
30.5996
21.8225
5.37577
9.53652
9.08002
24.9039
6.02382
7.4733
22.6497
30.0218
12.1907
19.3916
11.0125
4.24059
20.4049
11.2426
41.7032
16.7944
46.4962
5.53117
12.777
44.1223
7.52893
62.9766
17.8673
21.5944
28.8976
5.6659
40.0473
27.4218
66.5633
32.5058
59.7803
10.6893
7.43343
76.4029
24.1607
2.27747
4.18072
28.7833
5.38367
34.2096
30.9125
51.4891
10.9231
7.57773
15.6832
4.47756
1.54873
24.9956
24.7584
16.3739
40.1977
13.9517
15.7837
25.0372
30.6638
56.6397
9.31671
8.72444
54.5723
5.34405
11.2127
5.78405
4.76069
16.2484
6.19195
33.0926
7.51074
30.4804
21.6576
16.848
43.5661
11.5909
10.4875
23.2905
2.15517
95.6522
28.4773
15.732
27.1703
19.8878
52.7721
9.38999
10.8491
29.707
14.8615
10.9143
5.53422
8.51344
2.20428
6.55279
103.838
51.4153
8.47903
55.9686
6.88738
8.74944
7.64767
5.3268
20.4933
121.817
36.5037
32.1378
3.31847
45.859
4.68265
63.9664
4.81894
18.6388
35.0772
10.0631
25.7265
20.3587
26.7365
6.59707
6.43215
19.8638
49.1081
10.0385
37.9187
12.3898
25.1716
28.75
8.07109
83.6892
19.2013
57.124
1.98255
24.9814
4.60332
21.0507
15.4196
5.93975
3.22176
8.08398
21.285
58.8201
12.1628
20.3397
2.4882
3.60806
40.2092
15.1401
105.556
20.8037
21.918
12.1574
8.70467
5.43285
3.46171
104.615
27.8673
26.5051
21.8708
14.8047
4.33254
53.268
19.0062
48.3613
13.5764
12.0288
91.0215
24.2282
11.4658
36.3774
28.3868
38.5977
33.0467
24.2092
24.7114
8.16082
26.8389
40.0217
15.5205
4.37317
49.5731
91.2771
69.9397
44.8018
23.7206
2.89356
12.3594
131.523
20.792
21.3533
25.4417
5.721
5.33382
4.5041
39.1895
34.1796
27.8918
20.2369
4.51171
26.1172
35.1546
16.747
18.8718
17.7853
7.52276
41.6031
15.7924
88.8671
1.81002
36.8122
3.97036
34.8442
7.52989
46.8139
32.5588
10.0655
8.72699
68.7023
3.15382
16.9868
163.438
6.78222
4.2985
6.90844
11.9129
23.7422
15.8217
33.8216
15.1217
18.1263
25.7768
9.81476
12.7291
16.5287
3.73629
11.3507
10.5441
20.4468
23.5608
4.04227
38.3167
17.8637
8.61441
1.2747
3.3321
5.26225
7.68548
25.7829
1.85812
103.28
4.33893
40.612
12.392
28.3307
86.5568
22.8633
9.4198
26.2531
15.865
3.93835
85.1772
11.5534
38.5192
0.825108
16.9721
14.4592
19.5189
0.76328
72.3286
50.8822
12.042
29.9172
31.674
4.78029
16.5747
21.2339
6.19136
84.5821
47.4382
31.5595
37.2659
17.4548
24.1367
11.6733
16.2478
6.86373
8.23275
7.95052
40.0644
5.65231
11.2491
25.5747
9.47007
120.594
15.9106
42.1154
13.8193
34.8599
75.1516
8.82321
65.8113
9.55502
28.5875
32.7369
53.9757
27.2611
34.8052
23.7866
10.7819
23.2783
20.4535
23.571
52.0364
18.7126
48.0798
18.8588
10.4507
10.6359
6.52174
80.1078
12.2652
24.7899
11.3035
14.7175
17.0906
15.5207
15.6058
2.75701
20.6116
104.041
6.35221
36.1047
62.7423
37.2495
36.7156
27.7593
71.7862
12.4594
4.5366
5.51994
6.61581
22.4541
59.4815
42.6484
13.0333
2.11094
16.5714
9.62737
2.46046
19.2752
21.5679
28.5378
36.9356
9.16842
130.021
10.7414
43.7203
43.9712
32.793
10.2187
28.1016
8.08215
4.15292
5.01479
7.66926
17.3257
3.93
5.39842
33.4552
17.2884
84.8184
16.0153
8.73441
3.70112
67.1401
28.4774
25.1082
8.01571
45.643
13.1181
7.35054
43.1447
3.8314
19.8453
5.04222
3.00122
36.366
20.6214
18.8442
13.737
24.1916
87.8001
52.5369
60.7138
38.2293
57.4102
15.7871
66.067
44.9966
9.13776
14.7271
2.08065
9.76399
16.6805
19.4623
8.38408
40.8872
2.13401
7.33154
26.6466
3.62296
16.7576
30.8702
15.9625
81.3938
37.6079
24.4964
17.5292
8.74698
1.47984
14.8915
3.24676
5.85456
102.289
43.0693
74.1701
9.68413
5.72488
17.2312
17.3972
43.3508
45.0931
24.5693
88.8886
3.33335
29.3664
32.0498
63.088
17.4941
7.20458
59.6181
27.7301
10.6579
31.0543
90.1827
64.8676
45.0638
20.8189
58.3401
5.55803
6.34312
18.1379
15.1325
27.0103
24.1581
12.0855
5.72058
18.0516
17.2811
50.0096
10.7525
28.6969
9.40658
15.1811
12.7754
12.0045
2.8398
4.17488
7.12932
65.5795
12.4043
3.85694
34.9445
11.4615
59.0184
26.1446
54.8421
4.10538
7.0888
17.0844
31.0859
6.94502
2.01171
4.13089
18.1801
5.93584
17.2799
52.835
44.3096
103.519
5.70172
21.1153
21.7382
43.3014
40.0903
39.927
9.81551
31.554
2.42371
10.5237
23.5752
41.154
44.1382
19.4585
5.58616
39.006
42.0459
57.8085
25.163
6.42384
65.7948
50.4981
47.9793
83.1307
6.14757
23.0433
9.68692
44.4146
13.6503
1.92682
90.6832
18.2834
35.6556
5.17783
23.5553
28.4769
5.40413
95.0458
30.7562
32.5199
44.995
4.76487
41.2164
2.18259
38.4627
6.91048
19.3059
13.7796
25.3863
20.5828
5.91363
10.0442
16.2725
18.3599
44.6977
10.4651
5.37733
61.2783
17.9616
75.5091
11.7514
15.4384
52.0621
17.5508
69.1351
22.4397
37.8425
10.2667
62.388
11.4856
9.14498
10.4592
4.02889
14.6962
13.0987
14.1705
8.88673
14.9882
4.17562
28.4721
7.24171
2.8895
31.1675
43.0923
7.77537
5.48079
10.5672
15.0364
28.3688
8.56707
49.2963
5.24667
16.7197
5.42096
42.1736
3.01149
26.7803
10.821
19.6795
8.39646
28.9998
10.8772
24.7667
1.49397
72.0117
49.5805
26.8821
18.0022
19.1414
21.419
47.9265
33.3598
6.92779
30.4854
18.5175
12.1471
1.97819
34.39
55.2188
4.6088
14.0532
24.2373
9.18026
93.9
23.3177
92.3191
24.0182
6.22661
17.8885
14.8708
23.8425
15.4808
22.5143
15.9509
108.566
5.97553
61.1085
11.1328
16.1019
25.2468
11.8457
53.0749
8.476
99.7472
4.26365
11.9721
11.7401
5.71166
26.0589
19.4094
20.1805
3.92584
34.2279
6.27056
25.8542
23.0205
21.7026
22.9242
67.7297
48.5727
9.39519
0.825068
9.3532
10.6925
8.82923
49.2921
73.2105
5.2605
32.3199
35.2362
39.8779
8.3558
30.7665
7.60779
10.25
16.1302
23.8628
21.8509
28.8699
2.90731
2.97607
13.599
9.87902
8.1482
52.6945
13.5688
12.1018
5.98744
42.6438
3.10147
5.90499
4.34119
3.5882
23.0762
8.78424
20.4398
47.1625
38.2887
20.9361
41.4431
2.86162
39.4973
3.2869
17.3375
35.6414
9.95243
20.7912
49.4402
20.5526
20.9365
1.99981
14.6484
16.2648
30.9814
8.1322
8.62449
68.7315
19.087
30.1683
17.9128
35.9345
24.5454
69.9522
4.34558
40.5502
13.985
73.479
52.2168
11.6031
44.7273
41.2523
26.8095
16.9659
27.8736
10.8025
41.1879
2.94099
3.39499
0.974168
12.861
11.5429
52.2528
16.6957
21.4248
41.9813
11.2611
105.06
6.65499
35.9857
13.5723
32.6065
18.8777
14.9238
5.93954
137.284
10.9296
2.72578
22.8063
10.0192
23.6132
7.78643
28.7741
11.6851
39.123
27.6627
9.85515
7.51716
16.1184
11.7146
22.1384
32.0304
32.0964
3.98844
9.66493
7.73233
5.0505
28.9144
2.67844
16.097
10.0277
15.1572
31.7642
5.08343
82.4835
25.3875
22.0032
29.6854
72.8955
22.9203
25.9722
8.20211
11.964
18.1528
92.5069
137.423
2.25364
44.7127
3.22309
15.0538
5.20499
7.03003
7.85482
12.594
15.2406
48.7397
6.94373
33.172
46.9845
39.6243
22.2541
17.2105
58.0841
12.8682
10.4017
5.67363
29.4536
9.85533
35.0917
37.9761
5.59323
6.55519
18.283
19.9839
11.6122
44.9799
37.0233
4.19861
25.5271
22.6713
8.29825
5.45384
10.071
7.45787
20.2017
50.5688
16.747
2.25455
13.462
82.8648
141.64
28.5423
26.1572
25.2308
34.2966
27.061
36.8299
31.9705
4.36464
4.56607
4.25387
20.1918
38.7327
13.9013
25.7086
111.335
98.9648
7.15225
54.339
16.4739
21.8771
10.226
17.845
20.6178
16.8829
6.56295
31.6078
3.71596
33.2638
40.4552
39.9808
32.5413
22.4861
100.296
46.3609
25.5734
47.4138
44.8916
6.97363
26.3095
55.7483
93.5894
21.3024
4.74335
37.22
3.54264
2.69511
10.1791
33.4181
21.1125
2.20928
8.87816
33.4919
71.2612
36.7104
26.6284
13.1781
33.7855
17.8492
35.7675
5.44768
36.294
50.6965
38.333
27.4808
8.74536
10.2829
20.3689
18.4058
33.1316
14.1553
105.304
19.3233
16.9345
6.52165
44.0853
44.62
14.1712
8.61791
9.66304
15.9898
3.34674
15.007
6.26358
3.10233
14.9845
92.5603
59.3097
14.5939
12.6698
4.60812
28.4112
9.72324
38.5281
2.10383
17.1431
65.0178
17.5158
2.71476
8.42034
17.0601
16.6818
8.20143
2.50364
10.11
57.4638
25.9924
18.4157
6.4398
2.95416
30.2706
4.9019
8.8132
26.258
8.08834
1.99516
150.027
13.3914
33.4196
8.0042
9.11647
15.0702
16.2123
28.1345
30.97
25.8345
26.5416
7.57647
18.42
2.15825
5.14051
16.0078
12.5507
5.01184
4.20804
51.782
44.5255
44.9883
18.2091
86.7183
7.91796
15.954
11.8555
19.1086
8.0279
30.9232
3.66799
17.983
3.57747
18.7777
8.57025
5.77047
4.97727
22.6515
3.67801
4.88192
32.5202
70.353
8.03168
40.5723
16.9746
31.8823
44.2999
52.3594
3.28659
20.0092
75.7977
22.8871
14.047
8.9094
12.1483
17.2591
15.0628
82.311
38.4499
39.2923
4.90465
26.0225
33.5445
21.1862
11.3469
13.6249
14.8036
9.7509
11.4578
6.4835
3.0527
25.4774
19.5703
7.69046
67.1764
11.6515
7.73663
50.3435
16.0134
68.9091
24.1329
13.6404
4.46431
16.5104
21.6119
61.067
19.1203
71.2403
7.69166
46.8127
4.11728
23.4893
21.1355
39.5269
6.68664
2.09771
8.93677
15.8469
74.9402
6.3002
89.3239
8.8114
55.1391
87.1535
5.2125
6.94201
27.8801
69.6078
19.7505
14.2751
9.2186
2.67953
30.9793
5.81859
13.0456
13.2821
3.71739
36.654
82.9856
29.4555
5.37458
9.77122
25.1635
24.5456
5.39561
43.1103
25.386
12.3363
9.99687
21.1874
14.344
21.8221
32.105
9.37022
15.1049
37.2147
15.8366
28.5439
3.40977
74.3237
0.487611
84.2419
11.4218
11.2545
1.17592
12.9327
33.1475
87.6209
0.399038
17.8727
13.9161
4.06691
43.3855
35.3043
41.1911
11.5387
50.8374
1.15249
31.9783
4.71577
23.5525
14.4898
8.93931
17.438
20.9921
14.685
14.5159
12.127
11.6759
10.4822
64.1544
6.24835
12.8119
15.8598
77.7635
104.872
25.7451
8.79851
24.7366
11.058
49.2256
17.5123
20.1854
34.0575
62.4806
4.91752
26.1206
42.17
73.8053
28.6562
7.04698
9.10953
29.4337
6.65081
8.23581
5.00058
2.93853
65.5294
27.1892
75.7628
59.271
56.1661
21.0277
20.2962
6.04135
7.43565
26.7521
23.6014
71.9864
25.3991
43.7034
60.6153
7.21634
34.0278
12.5673
1.76143
20.499
72.4911
8.18536
38.2568
86.6599
12.8522
10.2035
21.3153
98.4357
23.7371
61.699
8.36706
4.57339
19.3678
7.33161
3.5662
62.2254
1.60069
3.44913
32.0126
54.1016
12.1893
18.012
41.6849
1.91992
23.737
6.61792
68.9403
33.1114
2.12512
33.4598
6.54657
41.7953
28.8831
4.12949
35.2321
22.2649
25.1061
10.2552
10.4287
21.7417
3.71424
89.3045
7.5007
59.3504
22.3766
4.66989
16.0662
8.92847
8.3266
2.37903
24.3464
46.3897
18.4334
35.0598
30.9731
9.14529
11.2035
2.91812
4.84388
8.17616
94.5866
33.2816
4.07058
61.9131
10.7315
8.37585
4.7763
6.39243
35.3728
3.66782
63.8211
2.26868
9.05939
29.0637
26.3524
56.4462
24.7781
24.0542
1.62072
6.24815
43.986
16.5091
27.4153
11.8363
31.299
20.6962
3.55619
11.9278
6.0233
3.81949
17.9516
16.5855
41.7919
11.5993
22.8117
30.7336
3.99863
6.1463
8.4734
12.4046
2.13103
37.3606
33.1912
14.9167
18.8258
38.0715
32.5407
12.4973
78.5927
1.37966
1.14686
10.4937
5.28288
19.3436
11.7956
9.0472
13.2978
5.60204
60.4151
19.2383
14.2305
29.3146
36.4064
66.7174
20.7637
31.5164
85.8329
20.2414
4.6288
3.92451
16.9186
19.7084
3.27838
4.63223
151.396
39.6195
8.0221
7.01011
11.2465
90.451
16.7423
18.8015
7.75196
8.87105
45.594
10.6849
129.567
116.314
24.5489
41.2195
4.36118
27.333
17.2106
9.44146
3.92705
13.4548
38.2927
3.451
3.93933
19.0787
23.8893
22.8816
4.57291
41.5315
6.87756
5.13108
29.0061
4.8516
48.136
14.2274
22.5873
37.5105
30.9592
29.6606
9.83165
15.6391
12.5681
24.8793
34.7273
119.269
31.2196
129.278
32.7534
15.5912
32.6112
6.36639
20.9446
7.67233
95.9818
43.4784
9.48983
15.5333
12.5083
26.7558
26.0695
27.9973
34.7179
21.5675
23.1611
7.51635
14.5702
7.33935
30.4684
129.397
10.0136
6.2204
29.64
7.95586
25.5893
3.75375
25.2201
9.93388
44.6481
49.3642
7.19856
6.61351
7.88933
41.7855
27.7492
9.40126
14.3047
123.836
3.08851
9.73788
6.39681
125.499
23.8445
3.70384
73.1032
2.90696
4.16328
4.89986
4.88979
11.0526
16.9892
36.5752
14.7941
46.3482
50.593
12.4895
49.927
2.15389
10.0793
18.199
9.99331
29.5701
29.5421
25.4179
23.2684
20.087
13.7017
26.7977
10.7674
56.3271
44.0132
6.26698
16.0015
21.2266
4.71061
101.093
39.6509
15.0982
59.3888
15.8143
3.38572
50.9362
70.3652
36.4165
41.2012
11.4551
18.2336
85.6548
5.03244
56.0506
12.2297
27.6862
21.9173
9.26316
14.1492
23.1487
6.40834
4.08156
97.9669
21.8738
33.2157
37.5642
6.92876
46.6222
12.5642
57.1601
86.0279
14.9063
8.46808
30.9029
3.76594
6.00019
106.658
21.9602
9.10898
37.3413
22.8285
25.3828
66.8212
10.826
24.2704
15.3378
44.9101
67.8437
52.5496
4.78073
16.3895
6.66905
18.6904
13.1068
57.9267
19.7581
47.7685
43.7572
48.8536
8.29471
2.30836
39.22
12.512
22.5
39.0179
4.63381
12.7141
7.10269
14.0729
65.7221
39.1655
6.73582
2.82505
1.2696
17.1918
41.6643
68.8313
13.7014
3.34045
74.4599
3.5927
30.7287
19.9279
124.028
18.5635
13.5608
13.9067
2.94671
30.4212
20.431
8.36531
16.8081
32.4583
28.2158
59.0307
80.8862
5.86133
5.19385
40.1801
19.3055
12.75
30.5268
45.1487
14.7333
4.5718
3.56969
32.2911
53.277
30.1034
21.7336
15.6989
1.88796
13.6303
35.103
53.8463
28.636
22.3177
6.57008
3.84103
13.3087
16.1098
10.861
31.5116
8.91289
84.8989
37.4033
53.2572
10.6055
8.41084
22.0666
27.6699
11.6447
13.7907
3.21188
5.02356
8.41668
58.2877
51.5537
19.4333
14.5094
41.7366
24.2727
16.358
17.2371
49.3678
11.217
7.84205
69.1256
13.1363
11.8073
15.1676
2.50797
15.6147
18.1012
29.6079
31.5976
38.4993
18.9291
29.2634
8.95259
9.65315
22.7678
24.7513
48.274
10.4281
114.139
11.0776
53.0667
2.44485
4.39155
19.8423
29.5188
68.9189
105.963
20.7684
14.7634
19.792
11.6622
22.7882
21.6689
75.4685
64.776
7.69115
14.7482
35.7955
50.6163
51.807
12.3738
16.0928
5.40476
2.10651
24.4253
30.714
4.0273
21.2577
27.3474
4.73075
16.6647
2.92771
2.35352
5.31406
46.497
24.3067
3.61877
29.7355
30.8054
18.6044
11.6439
67.9814
25.4546
34.6318
63.0781
33.1646
17.4546
24.4987
52.397
9.15485
20.4621
20.1735
29.5242
28.7599
14.5835
22.1124
48.9628
10.4387
75.7939
5.30364
10.6805
37.559
25.6815
16.9652
20.4574
5.52835
10.7836
20.4639
46.9424
19.1588
24.5246
38.2913
6.47935
44.7397
10.382
21.7626
4.05196
9.82702
27.6075
31.2401
28.4502
10.6919
81.7122
83.7233
16.6297
5.62769
40.7516
18.5853
35.5366
16.6908
7.41085
60.1331
26.8743
12.5781
30.4145
52.6478
57.1471
4.0955
51.8835
3.68748
27.889
2.91208
27.2484
25.3061
66.5326
13.6558
54.3045
17.0372
16.1689
3.52046
44.9149
2.61021
8.86061
12.9267
14.6938
20.9793
37.5439
5.78765
57.0908
40.8568
12.1238
7.92326
23.6501
31.4842
48.1153
21.4885
3.6688
3.82226
31.3713
11.383
37.0251
20.8401
76.914
25.6313
46.3464
76.9801
23.3679
20.8975
42.8316
7.5316
10.5632
14.6347
52.9562
3.43466
19.6254
8.22591
6.79082
31.0102
87.5689
17.0662
40.5178
17.0241
2.12003
5.07636
9.20339
5.82258
8.18405
10.8961
20.9651
32.413
18.6506
8.14657
54.3222
19.6604
84.6347
7.1951
18.1444
26.72
15.0174
18.4259
49.8952
20.8699
26.5284
30.5067
11.2056
11.0448
11.5879
2.85742
12.5165
4.18021
2.823
14.2091
43.1711
37.6973
18.4412
5.16439
10.9582
37.1084
34.7198
26.8885
5.80996
5.56818
58.6549
40.9978
25.4397
26.3288
4.98043
15.7496
21.1218
4.02204
2.21821
92.7458
9.84258
17.0349
28.2537
54.6469
2.26621
65.768
17.2906
13.6377
10.5662
2.68498
3.67871
10.1279
8.10166
20.2072
45.2334
4.75359
27.6357
16.447
19.4649
20.5361
27.7705
3.20367
12.0289
10.1142
17.4469
41.5213
7.07338
21.9057
4.20265
79.8331
7.32893
16.7589
36.4301
47.6421
46.0654
14.1186
5.33504
8.9719
71.3762
31.2262
3.91656
9.97853
12.0774
66.812
15.3282
15.3665
22.5042
20.243
29.6163
87.0018
145.892
14.8676
13.7699
15.2133
146.788
20.2372
3.22593
14.8164
0.831835
33.3832
19.8135
70.1713
13.706
15.9294
105.042
13.269
12.2116
11.5867
6.35302
48.1031
67.638
62.5344
50.1889
33.5812
1.4466
66.8739
7.75808
2.47641
67.0191
36.6169
10.3923
5.68214
29.8434
13.473
8.21154
91.1755
37.6358
8.99759
19.6193
23.6055
65.926
24.3321
4.55609
23.6352
89.9766
16.2214
79.0314
11.8903
7.01124
32.0263
3.43105
6.33917
17.1011
40.982
1.17277
8.3394
26.197
28.775
8.70381
9.84692
54.6146
17.0606
34.2976
5.4507
4.77319
55.0442
25.792
14.6056
69.5665
41.028
5.07877
66.3054
12.5059
7.2821
3.8339
36.537
7.1746
31.9478
49.6381
38.5891
15.0108
24.6412
39.3554
39.2193
25.7145
7.48697
9.55405
53.3652
55.0953
17.6738
44.3786
7.5787
78.8053
53.0744
20.3981
16.6403
41.8557
44.2125
17.8214
6.30057
26.8742
10.4702
60.9978
14.7358
3.37323
69.1879
24.6173
39.2529
40.1339
5.61507
10.1648
23.2113
11.0107
3.90872
15.7589
23.388
71.4807
11.8917
12.7707
53.5806
33.3498
2.55919
6.40523
15.0893
20.444
6.3995
11.7466
51.0289
45.166
144.037
11.2387
16.8367
31.5021
45.7984
12.8171
32.9288
83.8727
3.36565
5.06538
32.7962
8.50026
8.71802
25.283
25.5434
25.2418
35.6591
5.05633
26.1166
21.1929
2.72678
71.4051
8.56864
3.79656
71.786
9.70957
21.7397
83.4868
24.6722
54.5984
58.2498
5.40197
76.0652
40.7467
20.0452
68.2889
18.2505
3.12637
29.9531
12.3875
7.37617
6.942
8.65653
28.4599
58.8378
7.14326
4.6419
14.6074
34.4596
49.7426
28.8512
21.0473
4.70879
5.53612
16.8075
16.1599
13.1271
100.96
35.6829
7.8149
25.4307
7.99282
94.7197
29.7735
16.1602
26.3144
11.8017
12.8729
34.5418
27.6985
2.65765
6.30056
9.14492
11.39
2.28322
24.8002
9.64974
13.6404
51.6991
3.02072
10.1747
13.2461
75.5976
22.8307
5.59649
11.7931
4.14124
21.0803
20.1469
15.3397
4.76172
49.2071
5.48481
45.3514
15.9038
29.8013
62.2491
30.3975
57.0007
13.9166
67.782
13.0032
61.2851
79.3534
13.6343
3.0529
66.9203
6.36816
37.0432
6.63774
20.6867
28.0057
2.99847
117.216
35.1191
12.604
11.4918
81.3844
123.298
20.8423
8.99549
10.8182
84.9991
111.229
4.21525
10.7387
24.892
9.43336
10.8507
15.2509
1.70308
24.3061
7.97522
11.4351
15.5488
67.6704
38.9101
51.6569
3.63192
11.8085
42.1114
40.3164
12.5812
89.104
26.8983
46.9768
11.6053
6.31661
29.4894
48.6133
2.27426
4.37967
25.2407
19.5991
12.5874
7.76027
6.73527
21.6718
13.9402
7.0389
5.73409
46.2097
86.4777
54.8209
5.52708
15.2361
6.41357
23.4547
13.2985
13.4854
28.0681
11.8765
55.4378
39.6188
24.5568
26.8113
34.2352
1.12765
10.9652
7.42411
15.1657
16.1965
9.36956
1.56383
46.7131
15.4219
0.571536
7.43584
62.2105
37.8241
18.9141
21.4624
22.3517
8.51511
14.0224
8.34788
44.1401
44.0296
2.55958
5.78473
16.8819
12.8463
17.1003
17.4283
18.9576
2.3261
28.7353
26.9332
16.8357
19.331
6.27299
3.69207
6.80457
20.7793
13.7281
49.278
23.5529
6.88651
2.6963
51.503
12.4613
10.1865
6.00446
32.7676
1.0905
28.6741
35.104
5.45002
29.92
11.4324
34.6255
8.72199
22.1498
10.9733
26.2024
20.1704
47.2578
42.4604
3.11615
27.2159
4.90343
18.599
23.163
16.3305
19.1307
36.9333
10.0307
22.94
18.4942
20.8763
41.1359
63.4303
37.3798
6.7092
14.1836
17.5366
0.935657
2.23452
25.0161
5.25505
119.845
37.1538
18.4448
54.4231
34.5714
43.3015
38.1862
23.6946
22.0369
1.69574
5.83002
35.2067
6.43574
90.9784
33.1561
41.165
1.68633
7.91338
9.71004
107.957
23.1029
21.8415
25.3727
44.222
44.5355
22.5055
4.83851
8.56819
24.3031
24.6322
31.3453
1.07196
30.1972
4.84167
5.43574
18.5693
34.5117
6.50996
3.88438
24.7184
6.08127
36.8585
3.29491
24.5289
2.98357
22.7429
15.2461
50.3597
96.6284
9.11079
15.8664
12.5064
21.0382
48.4572
1.97737
59.0533
83.0432
3.5602
61.9088
7.2337
25.5144
14.197
1.34815
35.9402
66.9637
29.9398
18.8756
23.2373
30.2758
15.0181
54.8915
32.6353
5.77509
14.3077
7.35289
36.6865
21.4016
33.6257
40.8538
15.0321
3.4789
12.6051
1.90813
10.4496
7.64233
39.7162
14.9951
40.1045
4.88116
2.47265
21.6699
6.37554
24.5549
28.922
18.3467
27.9092
38.3237
19.7484
7.09413
70.7595
6.44389
38.5739
5.423
52.745
73.0558
12.5133
15.6869
4.51976
153.188
23.2643
10.7313
15.6239
2.42141
47.1865
7.02518
19.27
21.806
50.8582
31.6136
32.3763
25.7313
112.029
12.3025
112.304
9.92809
15.7706
24.4933
33.8772
15.6579
31.3699
64.516
33.6894
15.6516
47.484
13.7854
20.4353
9.57841
4.34535
3.54781
6.84834
0.52205
7.11281
5.9289
1.25541
16.272
1.88232
5.81723
56.8378
11.6155
36.3255
37.2138
12.1196
40.9128
6.19773
38.4854
32.2569
13.6274
5.3086
34.0273
7.21925
45.9224
43.074
19.9293
50.4609
20.8719
4.89448
13.1254
1.53137
14.5046
46.8583
35.2839
44.6135
4.64828
2.97251
35.0922
6.14777
14.8284
8.98383
23.645
39.5128
13.5412
13.2468
77.4865
10.9462
2.52971
53.0087
20.9411
12.4252
11.3838
26.6829
13.7124
39.7498
2.08396
9.85508
44.8683
10.6787
9.041
33.3817
20.599
34.5184
8.03294
12.402
16.5296
8.33419
3.56924
28.0443
49.4367
23.351
69.5728
30.3454
11.3438
8.55795
4.63377
58.3864
67.6916
20.0813
19.1178
9.71278
36.2888
18.797
5.40083
5.94643
14.3384
69.1476
57.3961
35.9866
45.6491
8.92248
11.2345
64.7352
3.53911
30.9229
20.2015
37.2398
12.9902
42.2552
12.6112
27.2387
26.6885
12.2186
13.3347
29.0983
10.0258
9.80287
5.99829
11.8378
9.61057
39.4175
5.40619
3.69231
19.2517
12.0055
22.1646
8.43875
5.96595
36.2379
25.7357
73.5322
32.0575
39.3141
45.0893
11.8122
25.4569
24.2629
13.9905
140.427
7.47704
56.839
3.52906
15.1014
31.0644
35.3045
26.6108
35.3366
26.36
4.4744
9.85688
49.6009
73.9451
15.9047
52.3154
29.7693
24.2811
66.3414
18.968
2.38646
78.357
12.9934
1.52691
28.8485
39.8842
16.5814
13.845
4.30277
1.98942
27.1005
55.5
1.79434
35.8601
5.16452
15.498
92.7135
10.992
29.2968
6.34831
26.7578
112.866
53.2776
56.1196
18.8619
13.242
46.768
26.8563
23.4056
4.97692
53.0844
25.3638
6.06366
32.5662
11.5279
19.3314
4.63755
14.1725
15.3204
9.84955
130.32
4.64873
45.7729
14.2658
50.1284
65.4137
8.42847
13.0283
102.368
11.205
56.5021
28.9546
10.988
9.99895
82.9384
30.0238
4.11403
14.5471
16.1925
99.969
28.6871
13.4545
6.71085
22.5764
27.0432
8.77972
30.386
8.22886
69.7746
4.1208
52.4741
21.6402
31.2534
19.1831
8.24486
11.3232
34.2142
5.37477
105.99
5.00179
4.44614
15.4013
55.1271
14.6422
43.3256
15.3416
55.4545
3.51303
5.5965
52.4419
53.5237
6.60283
19.5738
49.054
63.5398
5.39317
95.7383
8.46712
10.8149
14.5408
25.3313
131.028
7.17579
7.08552
57.4711
22.0021
3.1687
25.7798
10.3816
52.4803
16.5579
63.6873
9.74032
18.1856
6.94036
5.33301
23.6346
7.51626
10.2531
24.3442
32.4119
27.5238
13.1655
6.67386
45.7479
9.16167
29.9115
20.8269
24.3108
25.5539
2.17551
52.1023
30.3791
22.2206
4.02545
25.0747
19.0504
1.12875
17.4736
8.01579
16.8347
9.27482
5.22858
2.18737
14.861
4.73098
45.9939
11.5803
36.9623
20.8828
11.0735
8.36974
4.81502
125.109
23.0823
6.93297
60.566
91.4977
20.4386
26.1529
37.7805
3.89156
26.2854
7.57006
34.7409
4.41716
42.7511
15.9851
12.7215
8.63637
77.3295
5.73138
6.59929
36.5437
10.3108
14.7733
34.3635
47.6635
21.6576
14.3342
3.31556
18.7237
17.5536
15.5249
1.52614
16.922
16.5549
14.5528
20.5632
17.4222
38.4836
65.5914
33.9135
29.0711
46.1085
45.9592
4.41208
1.99387
19.6254
33.2255
66.9999
4.81163
15.0981
7.66105
25.7603
11.9254
4.32191
6.41849
16.3253
3.80748
4.78879
33.1527
10.7056
8.53844
16.2404
23.8336
27.1322
2.4503
6.75848
5.27314
34.1867
14.7431
50.3605
24.4639
0.916051
1.24385
12.4143
14.6522
12.7843
11.6373
4.24432
35.0155
32.4304
12.0362
31.6194
48.3019
30.3348
39.2084
5.2266
4.72106
40.6802
42.9471
11.6643
10.0605
19.1285
33.6409
38.3259
15.5296
34.8289
1.97939
40.4375
19.1192
13.9325
1.69768
13.3638
25.7508
4.79674
18.5501
14.3772
12.866
13.2351
5.98569
3.39584
19.8751
68.3588
23.4948
22.7869
24.912
17.6081
18.1428
26.2692
14.0151
63.1202
35.225
50.3539
11.85
16.9272
2.04922
39.8791
25.3037
22.9172
14.488
24.3198
7.33596
54.9037
13.7689
14.9175
6.15359
6.84052
6.12902
48.9255
38.6798
4.32508
10.4451
29.9608
7.30892
19.1244
11.7381
28.9878
17.3826
3.07693
5.89133
13.9192
35.3267
18.0167
57.2915
16.9297
78.1397
6.80628
3.71964
16.1877
25.478
28.1604
20.0127
4.18212
2.39444
38.782
45.8469
14.9859
13.5403
1.35783
26.0747
44.2776
5.36985
52.647
8.30208
10.1532
23.7516
6.97265
4.32009
80.0773
17.2727
31.3283
10.9338
12.4475
91.4632
130.961
21.5508
25.3235
33.0971
15.9126
12.549
9.69258
77.0906
2.91905
5.28897
4.01902
15.1948
2.68503
11.2906
34.4853
18.1456
23.7259
4.22763
17.2059
48.2905
12.2913
13.0623
5.28437
34.971
5.0004
8.06255
8.13507
34.0449
12.8999
28.6374
43.9371
9.29431
25.8927
9.85546
27.9891
18.1683
11.3593
59.2298
39.8054
5.68265
9.75881
14.3721
7.6432
77.5605
15.2471
16.0074
41.6453
80.3836
7.26295
7.54346
3.93104
124.836
8.44738
71.9696
36.1926
56.1229
17.7708
19.9784
18.3411
12.3891
25.9892
13.9372
7.97727
35.612
3.85986
71.6301
1.76126
19.3382
60.655
18.4984
5.55546
3.47376
16.8918
15.7208
2.74933
104.04
8.94699
5.13689
106.776
3.18203
43.7074
15.3654
3.25256
7.77144
22.4137
22.5599
35.9039
8.02015
3.97453
36.2078
5.83619
46.9449
5.14836
66.8447
32.8558
35.3773
8.45231
1.76011
17.5306
7.99771
5.48244
49.2628
6.46336
30.133
11.7074
10.2179
25.9952
7.6198
16.6229
46.6754
5.86334
13.4229
38.0929
50.332
2.92347
14.9095
1.1225
11.0748
8.09405
116.334
76.2351
5.85603
21.3201
12.5849
21.9327
22.0078
7.61551
43.2883
24.9477
104.856
16.9884
22.563
73.1716
36.8137
7.45728
12.8902
12.4837
26.508
20.5213
42.1233
8.23893
34.1296
5.65283
7.61306
6.40089
3.92447
20.7188
9.4334
55.649
33.5286
32.0557
76.0388
25.5886
1.1232
35.6032
52.2738
6.40843
11.018
36.8788
6.07448
14.0793
39.1521
8.996
29.0812
7.00364
8.08124
9.86395
42.039
54.4226
109.516
22.7882
18.2609
56.663
5.47099
47.9772
77.3523
4.2374
30.2549
7.8262
124.612
16.6776
2.06647
17.2575
11.6859
4.8699
4.77538
45.3659
13.5645
31.6299
23.8126
10.9354
4.23643
5.91908
31.1957
71.4021
30.6994
10.782
5.04135
30.3503
9.83612
44.9733
46.8887
40.3958
6.04394
38.5446
75.1447
176.383
50.7334
6.10428
8.37474
30.8193
4.85783
25.1931
1.41685
114.27
14.8166
13.8974
75.1018
19.4145
59.7879
7.76023
23.5614
7.96405
4.86978
138.056
7.75115
13.037
36.4129
9.35175
2.62502
11.5766
16.0097
16.0524
7.04292
5.04986
1.4214
21.6908
8.70939
6.6407
27.8045
14.6042
52.8554
12.3526
9.2501
6.29553
6.853
51.8321
46.4335
8.60261
6.41457
37.139
28.3656
39.4979
29.9686
22.0159
28.2607
23.5127
24.4556
21.152
22.6987
53.8405
11.3805
1.71263
31.694
21.6686
7.82609
12.0187
11.5405
69.8481
37.0781
27.9288
49.5509
3.82505
46.7728
42.6862
22.4191
44.3301
2.36027
5.06122
17.1008
8.5449
14.1482
5.51604
12.2811
14.3067
33.0448
2.96721
22.545
5.16848
22.4323
7.31644
23.2271
40.7847
25.1318
50.3706
13.6018
1.49657
10.4844
49.4617
14.4963
22.4637
21.8936
19.0047
105.127
8.43748
13.4861
14.1405
45.2629
3.26365
39.9961
4.26697
60.5985
12.9923
10.2024
33.2584
2.56732
11.4096
64.238
28.6313
35.323
27.289
8.98764
8.63335
25.6328
5.38896
17.395
11.2128
31.375
57.4975
20.5153
4.07741
7.9034
23.2917
4.00701
21.3672
23.0718
4.70182
14.6062
47.2992
18.3247
13.8438
25.2442
46.7839
43.4575
46.3576
70.2622
46.6463
18.7949
3.70538
16.0515
47.8312
16.8702
41.4274
5.38439
27.9772
27.8813
10.6177
20.5375
45.1237
14.1966
18.91
52.1941
39.7765
35.1015
4.65961
10.3013
6.58189
68.9748
4.46766
40.9492
39.5433
4.98135
6.27891
3.5128
6.48557
11.047
33.3899
18.9051
4.61413
44.8928
16.5332
2.66196
50.4502
13.5562
3.29453
8.81884
44.7195
5.9909
5.93692
4.3321
9.95858
11.8592
23.2257
70.1901
17.6681
39.894
46.2201
14.1273
9.26869
9.57796
6.94089
67.0164
10.9627
38.3648
25.2227
31.235
25.6868
21.2279
7.69241
16.7516
30.694
35.6238
19.4114
22.6338
3.79018
12.9105
1.47949
4.2015
6.57065
16.3408
11.7694
36.2593
79.5372
13.0024
11.4851
41.9229
6.42846
7.54666
16.3315
6.88046
21.2685
6.12209
32.7211
3.70174
11.5913
24.9901
5.34352
19.3032
26.7426
8.23611
5.85883
9.1287
3.49484
44.4989
6.60112
16.4023
29.2484
0.968305
11.2126
18.6609
22.4512
42.3067
24.0315
5.63648
12.4547
91.3601
21.2987
3.58488
4.60847
93.4861
42.8705
4.28963
2.15153
25.9724
27.7046
84.7242
12.5851
21.0156
12.7915
25.3496
108.534
22.2722
23.4981
24.1152
28.6496
6.40186
43.8122
18.5223
7.12878
14.2852
21.2945
19.7671
5.63465
7.46713
33.3314
1.90178
15.5752
54.5738
9.44829
2.90995
14.4196
54.1931
20.0958
31.317
4.25524
16.8946
49.5578
17.2429
48.0953
20.1711
14.2942
8.58283
17.054
23.7679
36.6425
7.10168
2.30052
19.2461
54.4141
10.4048
26.0763
84.1101
21.2184
16.3051
22.2672
34.7638
5.72074
31.6074
30.8584
36.9096
26.6842
27.77
21.5544
20.7798
23.7857
29.4346
18.7087
17.7589
5.58055
69.1643
15.5017
5.8655
31.3223
52.9199
5.90865
19.7078
45.995
46.193
39.6768
13.2249
26.6844
54.8275
12.9473
17.0698
64.1335
9.14904
16.786
3.0324
27.9728
20.1241
42.1854
34.2387
16.0276
28.0851
5.51371
5.77522
9.17477
26.1784
78.9919
11.0272
22.699
32.3766
8.20681
11.0734
68.9232
1.37862
28.6633
49.1618
15.2513
10.6481
20.5077
49.1207
38.5747
16.3734
21.4559
20.5481
30.5698
15.4539
40.3274
12.4468
5.80415
36.1188
12.2026
4.57658
23.2372
10.1817
8.33115
2.12969
18.8575
8.08868
17.7556
11.8846
2.20222
35.9769
63.2203
71.8719
33.7922
38.8419
47.8248
25.4537
19.1438
21.4241
30.8899
23.1147
31.558
6.21212
29.2412
13.8699
18.9481
25.9098
98.4229
66.796
12.4048
29.7691
43.4484
22.4476
15.4274
42.188
4.94625
11.9131
5.24018
13.0853
39.9624
30.202
7.47079
6.28174
66.3233
66.1513
25.0874
28.309
6.10621
32.4536
17.4196
15.0055
9.41259
3.66563
1.24962
29.2031
29.4552
46.1152
4.09116
33.9006
17.102
19.1968
7.43788
49.6556
13.0384
14.0002
31.2857
11.7393
31.1707
14.417
20.5246
49.8602
34.9703
17.1714
12.847
6.45832
15.3704
19.5847
11.5665
31.4048
108.24
11.7514
5.78577
2.8524
53.8911
38.9075
16.2007
9.42574
31.8609
6.66742
14.912
11.1291
31.342
28.4282
23.1283
45.3752
33.4492
16.5399
6.42577
12.6788
70.5776
14.3114
6.00621
13.6117
44.3616
25.4646
20.4433
18.8304
6.48922
76.919
12.091
9.35481
8.011
22.8951
4.8279
46.8002
52.6429
9.26674
22.9094
9.98014
11.6311
13.134
75.8303
8.04177
5.73182
10.302
61.4002
36.2609
18.1135
23.0199
1.46981
55.7478
10.7156
5.50653
22.2831
13.6445
25.4117
8.71993
9.08266
14.2929
39.3281
20.6674
19.1373
30.665
23.9045
42.938
138.673
44.0258
52.6386
24.1595
15.7729
22.4675
20.9808
40.2469
3.24135
40.0568
11.0362
2.23305
30.0038
13.7366
13.0762
6.04423
42.0885
17.728
19.8037
50.5642
19.9075
14.7576
14.3608
4.97607
34.1167
71.7627
21.2831
78.0826
24.0758
108.181
9.99802
7.43265
10.1152
50.97
36.3523
54.6118
8.72079
56.7131
25.8937
12.6909
33.6051
22.3771
33.9601
58.0615
38.8758
30.0755
11.1544
30.2972
15.7121
54.547
24.2105
29.4223
30.4308
5.50102
74.4143
4.68718
49.0084
13.8003
23.1696
34.933
6.5061
21.4904
18.9827
33.8693
6.65589
4.90807
8.515
24.5939
29.8728
5.86341
11.2537
6.25361
7.95515
5.94904
52.0273
12.1974
7.09439
14.151
17.9213
7.13132
34.6992
29.1832
25.4937
32.1715
11.5801
46.8201
17.4963
18.9801
2.21832
36.7402
4.09915
6.20767
22.3576
10.1397
10.4431
3.03819
9.07808
17.531
4.11118
4.03203
45.7681
11.8267
5.54223
93.6294
9.42311
5.05711
7.06969
138.24
3.11286
6.77075
48.9093
20.5558
32.9401
56.3103
1.52019
21.4629
66.3209
7.85743
13.2385
21.7381
1.03627
3.22938
53.8082
12.1874
0.0842373
93.8654
28.6683
5.65617
12.6058
17.5373
14.829
20.4149
44.5241
9.68396
39.889
56
6.04181
81.7516
59.3975
25.5446
48.1869
13.7504
29.83
43.215
11.0969
10.0152
12.7905
3.86545
73.0882
4.0007
17.0305
17.1894
4.33217
35.8212
32.2413
45.9885
30.3187
35.5118
6.97717
60.8713
15.8725
6.55767
4.96323
24.7243
93.4319
15.5171
24.5801
5.1611
1.45556
4.58749
27.9117
14.0988
4.00087
8.49727
19.1034
25.6473
10.5471
29.2121
8.06039
10.2436
4.92409
26.7074
72.4221
6.52144
5.60038
2.68178
20.1304
9.23213
4.78143
22.921
21.1621
17.6181
26.965
15.0258
10.4051
20.0449
17.2483
31.6124
10.1887
40.5763
91.2013
13.9177
29.0805
43.8671
32.3608
4.46286
11.7088
12.2156
3.10675
12.0789
42.3251
50.5468
26.0466
22.9172
96.8832
32.042
59.6997
25.6383
18.355
13.8191
25.6829
27.734
3.54307
7.9534
85.2935
24.9925
61.3576
42.472
3.78455
12.017
24.6237
10.2098
44.545
5.78845
35.3699
36.2678
14.679
16.4235
9.88717
26.9013
35.9624
6.37711