29.2522
59.6989
25.373
52.4261
75.751
25.3885
50.9725
61.8717
18.9776
52.2826
28.0638
44.6224
38.4683
51.8014
31.6743
35.591
18.1096
44.3746
17.7743
35.192
11.8253
24.1703
35.3106
15.6383
47.463
50.5267
66.5545
22.6402
51.6089
45.6651
27.7941
60.0053
28.2808
13.7643
16.4086
23.447
15.6196
23.8318
43.9576
34.2689
7.24209
11.5448
12.2774
47.0564
14.4398
21.9755
31.2179
59.1405
12.1435
44.9924
32.6014
21.8078
87.8859
65.4248
72.7107
38.727
27.9394
58.0993
57.3826
12.7984
18.7341
25.6814
39.6728
25.5023
49.8723
21.563
46.9374
73.285
121.538
4.97206
31.2705
13.5971
33.6448
8.50595
41.0939
29.6374
24.6993
71.0648
29.5704
50.8453
13.1963
10.7322
156.175
38.4015
34.2212
41.733
39.5117
91.6122
36.0221
17.6175
25.258
34.0327
66.5077
24.7419
32.6065
22.4312
41.8436
36.4486
33.0042
31.2329
57.5136
27.2391
29.2111
32.3786
34.9602
12.2581
20.0774
49.8468
117.19
54.9712
63.0457
29.3505
26.1153
47.9495
73.6326
10.731
65.7282
30.7046
35.0547
40.574
22.6694
32.8651
98.1958
68.7454
28.1818
17.592
25.3449
26.7279
33.2121
56.0277
30.5243
87.6692
26.1002
8.65661
118.359
20.3933
15.3534
32.5314
24.1973
13.489
36.1186
28.0553
29.2952
46.3398
26.4754
64.1551
21.0866
49.2262
25.6395
22.3165
15.7401
15.1622
24.0799
42.3679
51.7494
25.4024
12.5987
60.0873
44.4475
29.9728
37.9102
7.42363
21.0311
15.8729
22.9784
29.6195
53.2713
32.8873
77.9963
16.9289
17.2479
74.7699
35.385
6.09887
67.6605
82.2332
36.8193
64.7581
37.916
29.8288
45.5042
61.649
53.2799
17.5955
16.6979
34.6813
11.0035
11.0537
26.0538
56.3286
70.6096
28.8067
19.9652
40.7205
70.1799
10.4932
111.427
16.8374
53.0692
66.3553
33.4429
28.1907
18.5709
32.046
79.1773
26.4276
20.7542
17.2602
17.994
15.8449
30.2256
22.0785
63.9384
19.0707
56.5514
18.1578
143.037
48.7088
79.6273
50.4695
24.1751
14.0594
28.3528
77.1668
14.1069
41.4312
18.4378
22.8827
69.552
29.4302
6.54579
40.8779
23.8257
89.6741
40.4662
30.2984
21.2734
11.7668
29.3228
11.7535
8.34597
18.3786
22.8314
64.8653
49.7683
79.0851
59.2556
25.4784
35.5063
28.4623
18.4034
8.64998
126.437
69.1774
43.3706
61.961
40.9933
24.4477
19.4921
42.1895
44.8677
16.8531
64.3239
34.9181
16.2082
27.7605
22.9046
16.4873
69.1877
20.0282
9.0843
44.426
18.0042
28.79
35.3016
9.58628
90.1066
35.4126
60.856
34.5469
24.3907
22.5959
58.9287
13.9131
50.3364
24.2771
9.64814
35.316
9.49511
12.2039
43.1703
20.1369
15.7315
76.0292
19.0109
22.2903
24.4746
15.6408
43.7932
98.6838
71.6595
21.3479
85.7492
23.2106
39.7298
19.9503
18.7036
15.1063
34.7879
14.7963
65.1387
23.9221
17.0099
29.2476
32.2871
82.126
44.432
32.1641
28.5306
22.0394
12.1496
39.1181
29.6715
134.638
23.9263
35.9764
27.2481
16.1663
44.462
36.0374
21.6119
8.94587
39.0673
29.6646
37.5635
17.4095
22.5772
134.732
30.2211
36.9672
25.9475
27.2623
104.646
40.2595
55.6605
32.2316
37.7634
112.398
24.6529
29.0705
90.4893
12.5141
75.8357
34.7771
53.5431
16.518
62.447
12.291
30.9705
23.1193
15.9178
10.8149
12.5099
31.961
130.827
21.6785
86.6751
34.6812
16.8858
121.206
42.6418
43.3017
51.6839
43.3699
11.6834
15.9257
19.1393
22.3127
40.9019
18.3776
44.1663
28.7906
24.3232
37.3727
37.5279
47.0095
34.7237
42.2435
62.8461
34.903
21.7688
22.3086
30.4247
33.4974
25.8328
60.3007
15.3017
60.8869
22.2212
18.5266
69.8093
51.0681
11.605
18.9825
11.061
63.499
62.3496
106.202
43.5826
48.1967
10.5759
31.5229
64.1206
128.423
65.4464
121.489
20.3297
76.5062
48.6328
43.4283
26.8914
12.2539
11.0731
15.2204
47.4557
31.4982
91.6021
64.553
17.1306
34.5879
28.4784
26.9137
44.1138
13.1417
8.88958
32.0767
16.2754
28.3439
45.8486
22.335
56.752
35.8754
58.7454
10.7075
26.3036
68.8835
31.6183
23.4758
22.435
54.0092
54.3837
295.259
32.1092
33.2907
107.309
22.7509
98.1162
48.5775
15.5882
15.6573
11.4538
22.4244
21.7682
46.7947
16.5411
57.6691
39.2824
13.0692
26.6093
28.0605
77.9516
44.8939
6.72918
58.0649
18.7894
74.951
17.6303
46.3279
11.8807
33.5732
31.6467
43.618
45.309
18.4373
44.5472
34.8735
40.1999
24.9458
16.9447
32.3178
62.9478
71.855
38.8265
49.6649
41.3143
40.4286
57.0007
52.8935
61.6895
16.441
30.7709
43.6779
16.9187
22.7711
25.2258
69.8129
12.7688
27.4431
22.1657
20.2169
23.3429
92.6269
6.9349
12.1486
23.6962
15.102
98.0909
71.0159
57.8656
22.711
68.7295
17.1426
87.8965
11.222
26.6285
73.02
14.365
21.0145
46.3673
5.07822
18.4059
54.5332
34.3809
8.37953
104.451
34.351
113.309
94.6024
33.7779
73.1911
29.1131
9.50144
16.2169
23.6891
18.2571
19.4997
15.0433
30.6003
47.8201
45.6318
41.8594
35.9871
23.5398
65.0379
39.3217
47.2588
30.7608
54.2718
22.2642
26.8515
33.1989
47.765
40.4516
87.3794
16.812
16.7735
20.1085
15.6921
64.3765
40.1021
14.6252
38.2476
40.5802
75.0366
45.905
38.7924
49.1352
30.1572
32.8065
72.9949
60.7673
41.9633
20.3646
20.2427
36.294
16.4073
43.6196
92.8059
70.7895
29.3344
46.3682
11.0667
22.0739
28.0493
59.3471
26.4135
26.619
61.6867
35.2131
20.5919
25.9527
17.2381
52.9987
17.1944
30.239
9.74456
24.9422
11.7928
48.6374
44.8198
5.93835
35.8602
100.651
32.7948
19.6329
44.0003
24.962
70.5782
35.1969
48.4503
37.7918
22.5731
100.891
38.9109
26.4372
28.0044
44.8531
49.4654
83.2324
54.2254
42.9956
17.7068
19.5339
63.9359
49.3837
36.2552
103.221
21.2218
36.8316
97.7413
31.3306
40.939
25.0165
28.9705
46.4133
59.7897
82.8114
61.4373
35.6338
9.06871
23.4575
18.7655
21.7717
34.3395
37.7461
36.6388
68.5158
34.7617
49.0966
20.8108
13.6745
18.8058
16.628
62.1794
25.6452
7.9342
21.7328
41.859
33.3596
39.2761
63.3621
60.992
21.234
35.1655
6.89841
39.6093
80.1026
15.1963
36.1887
37.7214
36.6912
18.4637
16.656
33.4051
80.2405
20.9044
50.7455
19.4337
55.748
33.6477
51.6937
18.3752
16.1073
48.801
25.1203
11.6998
64.8863
31.3963
55.4445
24.8833
65.516
52.8184
65.1171
50.5746
24.7305
34.0062
21.2701
39.1979
45.1148
79.0427
34.2924
79.1901
12.84
51.8825
15.2186
15.7378
6.78472
85.2965
47.4205
52.5575
13.3442
15.3859
27.1912
21.9156
78.4885
35.5882
70.1485
33.5491
77.5458
18.2445
29.6263
35.1051
52.4223
46.7051
20.0791
26.4467
20.1878
78.2866
34.4114
10.3338
14.4472
29.1378
8.82635
140.266
46.4723
9.13627
23.2163
39.6374
42.7271
28.9215
101.92
29.2302
24.0937
62.5777
34.4246
25.9394
15.3608
36.8004
14.4766
48.1452
13.012
30.2256
20.9268
19.8746
68.7829
15.2363
29.1766
63.7643
16.7473
64.8768
16.6707
32.794
24.4118
60.3949
41.7218
9.30981
114.807
56.3294
12.5525
17.7773
32.7604
37.1637
62.9969
33.8968
87.566
55.1932
62.8129
14.8878
13.813
52.0236
11.6679
18.1562
22.3738
22.4041
62.7848
12.7541
42.3184
33.1736
19.2711
62.7617
26.288
21.4886
18.3587
25.2469
26.6072
18.9494
41.8421
18.7889
78.8425
26.3918
55.429
71.2089
48.6762
48.6178
26.0306
55.8744
23.2602
24.6269
48.4634
31.7223
86.8773
44.4202
7.67503
15.4943
63.7639
40.2307
152.561
7.70211
39.9486
46.9799
91.9125
40.7822
39.5976
68.1635
31.3598
21.3595
21.2076
38.7184
28.8575
46.606
22.6382
15.1231
20.1642
169.159
54.1043
7.1054
90.6816
10.6741
62.8103
31.3212
123.456
49.1365
37.7023
25.606
36.1981
31.3119
21.5925
6.35593
25.956
28.1303
28.1197
70.4492
149.564
28.3909
40.5624
20.5755
7.67992
24.6002
45.5985
66.0422
28.5475
33.678
13.9288
35.221
66.6276
13.0837
23.2358
13.0953
67.3758
36.9493
67.4184
47.7057
18.492
36.3062
36.7974
12.0695
35.465
22.781
23.6322
38.69
42.3522
78.5713
71.8625
17.657
13.0689
79.6304
60.2027
57.7327
74.888
8.41884
70.3274
14.4916
30.4698
22.8558
158.011
44.7009
25.1979
54.7699
14.2498
72.8033
48.0156
14.3831
57.0852
14.2677
24.3544
25.8369
33.2098
26.6519
23.7378
68.9288
49.0984
31.3572
15.0559
116.94
37.1325
14.7398
71.2416
55.8877
56.0062
10.6805
31.1761
11.0854
10.3518
26.368
14.6227
194.824
24.4322
31.2604
19.8231
53.1411
81.5163
74.331
36.9079
64.5166
26.5195
22.2753
73.4473
22.6136
36.4871
70.7996
46.8613
35.2672
17.3265
14.9075
35.2808
42.252
13.1001
39.1698
46.6151
31.8434
45.7665
63.2783
29.6928
7.25644
56.6098
41.9115
25.8707
151.341
21.7156
9.22381
30.2466
15.8354
94.707
28.113
33.5235
46.9376
16.4116
48.5455
36.2421
13.4772
37.3049
31.8391
64.7543
90.66
25.2087
53.3759
46.3893
12.1145
62.0541
26.5325
44.177
43.7903
16.6007
20.4077
19.0148
20.048
18.8778
28.8989
41.4408
48.6672
7.86573
10.2658
14.2967
68.8538
8.92192
24.4484
85.7749
26.6623
21.5628
42.4374
14.4487
100.781
52.915
82.0375
24.2401
13.847
58.9568
19.7428
41.151
12.3965
25.1059
30.4778
38.9893
29.1051
20.3788
94.9138
19.3433
8.07569
14.9706
11.3522
80.5383
27.4755
52.5246
36.7661
14.3234
47.0125
55.0296
24.0939
11.5479
72.9419
20.424
61.4467
33.0769
42.0554
15.1145
18.1039
26.4951
69.6768
18.8481
20.2609
12.6126
36.1508
27.8272
22.491
21.8437
48.7854
8.70817
69.7649
62.1331
41.7684
72.109
27.7458
92.6347
15.5184
79.1801
19.2429
35.8239
35.7497
88.1784
51.1991
10.4711
79.561
35.9826
47.2012
25.0562
25.5005
27.906
22.0241
15.371
18.4886
9.33482
63.2937
34.6844
19.3725
106.094
25.0749
36.451
18.9501
47.315
24.2025
19.3964
36.3748
30.2791
10.4624
28.5082
21.1587
32.8943
65.5128
38.3232
86.5416
58.652
19.2316
46.0327
43.7919
11.5641
31.3532
52.6523
29.9887
20.0154
34.9895
27.4271
96.2705
10.5996
21.0532
9.73937
96.9902
20.6199
10.45
12.3506
22.5617
82.9487
47.8669
62.9874
22.129
57.2862
31.8063
51.2695
33.4254
59.9064
61.4761
38.5311
68.2171
49.9109
17.4119
51.006
30.2046
47.8411
14.997
27.2409
12.2037
22.994
38.3639
61.2124
17.6736
57.231
14.7468
32.4157
27.1731
17.5137
48.2595
9.27508
8.19525
20.278
18.122
16.9758
14.9566
9.79429
21.9372
18.0863
80.9754
6.50666
55.3918
44.3094
47.0575
74.4477
54.6187
34.845
20.5099
88.7783
46.5566
47.9151
20.1171
18.075
49.1847
18.854
43.7448
38.2767
14.8127
86.9695
32.9185
62.6359
37.4904
34.8823
13.9696
56.964
27.369
12.4212
9.96156
14.3548
42.3854
19.565
29.6862
40.4223
24.9905
6.75721
12.2951
35.5087
13.4695
17.1956
32.4375
20.691
22.3038
15.4131
70.1502
63.078
69.9209
10.2112
21.127
44.8164
89.6398
37.1947
72.6512
14.8405
12.0742
43.229
106.436
20.6759
52.4066
102.312
18.1777
84.9899
22.8179
18.1478
71.387
103.02
57.2183
52.9487
33.8879
21.3809
92.5911
27.8705
22.906
16.423
38.662
56.2662
15.631
25.7645
27.7481
75.9604
70.3232
45.5986
35.4216
25.8875
21.5199
55.7689
97.341
35.2033
55.0295
24.3379
16.6007
23.6349
42.1343
41.5141
16.3135
24.7102
47.4255
54.2625
19.1259
31.2961
25.9157
21.5741
7.2193
55.9989
79.3358
45.062
10.0209
19.6094
25.7749
21.0165
16.8093
64.6342
12.4344
47.4734
15.0557
22.385
71.1656
9.93107
12.0151
15.8558
34.5796
32.1665
46.9297
15.481
59.1125
13.1203
57.8476
19.0534
9.50136
60.2497
35.9008
20.4752
22.0067
87.0517
20.9387
13.778
11.8081
86.7557
17.8137
29.2713
20.9829
30.7125
32.8036
32.9881
8.68518
15.202
19.182
13.7333
11.9384
100.923
43.3437
19.592
66.9307
11.5448
22.4338
114.961
18.0522
41.301
114.189
32.9791
35.0703
10.8611
33.2667
14.8777
59.6087
44.3211
25.4472
32.8273
45.5512
50.4319
27.9383
77.7407
12.0231
48.1224
40.014
31.1825
11.8899
57.2384
34.846
26.0213
27.5536
28.1374
45.2883
57.0447
20.0529
73.6134
10.3302
24.6179
53.7475
37.8945
51.2819
78.8038
9.37143
34.9613
23.2235
41.3472
30.4804
18.0646
43.5386
57.8401
47.315
72.9061
23.2795
18.0659
146.517
23.4674
65.0985
32.8296
107.01
31.727
18.0669
26.7483
14.1235
38.0119
43.946
26.4598
48.9942
69.4338
28.7185
16.2393
126.458
17.692
7.74951
13.3387
20.0292
31.7315
28.2633
22.0231
101.155
57.5585
18.0584
51.2509
36.2558
22.3724
97.5679
19.724
40.8353
59.0521
24.8957
28.5802
17.9666
32.3875
40.6241
22.8689
12.563
20.363
60.2289
31.0786
35.6048
20.6227
23.7283
72.2917
10.9927
14.2359
26.3665
38.408
38.7973
34.6579
17.139
34.1202
11.623
49.4295
23.7256
51.8524
91.4479
72.3913
28.0809
21.6327
49.8913
17.4967
21.5362
14.7522
20.2935
35.8735
22.1765
30.2816
38.6421
55.7441
34.2843
50.4691
21.2303
28.3346
47.2374
47.3102
29.915
13.4055
18.9629
29.044
62.7158
36.7866
44.2111
17.3385
30.765
23.8057
19.8463
13.4873
18.5784
27.0908
11.0403
39.4755
53.8124
94.9178
54.3742
90.6828
22.9308
105.691
36.6107
14.6
28.2166
31.4144
51.853
45.196
17.1754
39.1273
59.9576
68.3621
19.0901
15.7052
7.98938
10.3371
42.4122
93.0882
25.6271
31.897
31.1636
19.2774
17.3605
10.034
12.4983
27.4118
33.7936
13.8188
42.9814
40.8233
34.3966
31.2124
14.4656
21.4927
22.9651
14.3785
19.5699
10.7248
49.1845
65.9083
39.7788
28.7421
69.5252
25.6151
96.541
43.3536
56.45
17.8464
76.3739
18.3556
34.7813
39.9218
22.1512
23.6095
73.3009
20.3561
22.7088
54.6896
76.2564
23.6262
22.8735
107.729
11.5328
33.4323
30.2576
62.8607
51.6285
24.8512
33.5893
18.5006
18.7049
11.0015
48.5258
59.6955
29.4487
12.9005
32.7691
35.9112
46.8957
49.3335
75.5888
10.2948
41.0194
33.2636
30.0786
80.0604
24.2074
90.2307
33.8634
18.6646
17.3695
24.2796
30.0179
29.7702
67.1193
27.4456
84.4857
39.1796
24.8697
43.6943
26.6816
71.2264
36.2996
22.7826
25.1412
74.5829
16.2531
44.0937
15.5033
84.124
40.2494
31.0613
25.4784
66.8933
69.5416
25.9604
52.138
22.0189
91.0958
29.1782
8.62602
21.921
171.907
30.0302
63.9973
27.8245
33.228
36.7442
23.4852
92.548
85.5858
20.3254
53.8855
25.0256
36.591
50.819
18.0406
26.3539
21.2492
78.5919
12.7037
26.2691
48.2118
84.5258
63.8216
15.3208
16.7637
49.0742
62.7501
11.3513
46.4495
47.6731
43.6033
29.4986
19.46
121.85
80.139
7.93947
25.1354
12.8471
89.5835
22.6332
36.8387
75.8341
34.0276
78.7011
48.2809
24.143
44.5838
86.829
50.3601
28.5487
18.1876
39.8364
5.49221
80.1046
31.5158
74.381
34.871
10.7061
27.2001
40.172
8.70123
13.4883
42.9369
35.4709
17.0086
39.144
13.7234
94.6142
24.7924
24.4731
24.0237
68.4551
39.5074
38.4125
81.7723
29.9514
20.1178
18.0611
32.0567
46.176
26.1191
19.269
40.8586
32.5655
21.8804
17.0171
35.964
25.9166
33.742
20.9622
19.6408
45.4143
20.3981
39.5048
45.7473
15.4578
33.7388
59.0176
91.5345
13.5318
49.4927
22.3836
55.5387
10.7546
5.75972
85.3979
32.4973
35.0241
28.1497
17.6224
67.6928
22.4195
23.8293
16.6402
10.8982
10.7045
48.5256
16.2506
24.5483
13.2484
18.1122
43.5773
58.9402
37.0605
12.3314
22.5859
55.1353
246.038
11.2491
124.682
52.2656
33.5652
39.5207
41.1044
27.6477
21.1351
53.837
48.8696
17.2042
36.5276
69.4606
23.1482
33.2508
20.7941
24.2452
19.0849
20.3805
58.1332
21.4797
24.2725
19.1658
135.339
23.3834
43.3644
13.3306
27.495
15.0871
119.807
24.226
29.8631
10.3165
16.1339
101.888
10.9449
75.405
27.2319
19.5878
129.344
17.7555
17.6101
18.3256
8.67012
42.2982
21.1756
41.212
70.6966
73.1495
12.8327
35.8623
13.371
33.2098
89.8748
36.0109
56.5173
95.3907
19.9963
28.7183
37.5551
44.9509
40.3849
52.9583
32.4372
13.237
44.9109
46.0329
19.8431
13.4233
47.5743
28.608
20.8309
14.1307
60.0619
19.9386
8.52375
35.5966
36.4936
23.868
23.1009
34.3311
17.3765
8.12252
24.6845
22.9683
28.8549
85.7581
14.7842
25.0745
17.6737
33.9377
76.0979
33.1026
20.671
17.424
45.8614
40.2929
49.5274
31.6873
19.2379
48.1611
23.6025
61.5942
40.2898
42.0187
108.188
39.8895
22.0189
56.1338
16.905
41.0832
24.6895
84.5861
24.3747
75.6872
50.0946
10.0739
79.3571
39.2086
21.2892
56.5981
10.9457
15.3059
86.9454
38.6712
47.4427
54.1885
33.7121
28.6466
99.8678
24.5158
19.0354
23.4831
23.0045
21.9801
19.0353
87.3558
28.573
18.7563
40.1542
15.7758
53.7394
13.8653
57.3891
16.4883
15.1523
18.7928
19.3437
32.135
35.1281
116.897
85.3911
55.4988
35.7054
46.9175
13.1728
43.3544
14.6097
18.2637
19.9338
14.2979
18.2853
36.9449
40.0044
10.6216
88.4024
43.7606
17.2909
72.1902
29.2024
64.4367
12.8792
9.72196
122.147
31.4287
83.6197
34.2378
35.7795
77.0224
26.4897
29.8427
32.8163
81.6578
48.638
8.87856
73.4624
16.3957
62.4324
36.4699
42.9131
14.0025
45.5667
56.9782
20.14
26.021
88.7631
69.5138
31.704
34.0797
18.977
73.0567
22.0445
83.4608
33.4144
74.5025
13.442
40.1596
23.1386
20.4687
26.0874
38.1525
29.9827
33.6852
18.6258
42.2008
66.7829
38.4277
37.5179
40.9991
27.8253
56.205
7.64193
59.0344
74.8331
38.7328
15.1735
28.0944
26.1873
18.7112
16.8426
83.1325
37.6653
28.3312
20.3451
9.50516
34.7473
22.5542
39.8038
20.9046
12.1723
38.6883
34.6183
33.5506
29.5876
47.7154
57.4348
17.7228
12.4696
28.377
117.6
61.0742
22.631
36.4415
55.9788
58.157
31.8577
29.6207
39.4219
132.89
20.2374
12.7396
94.3025
51.7511
20.454
53.4654
18.0081
49.8619
59.5105
35.7489
23.2075
35.9275
21.7764
13.8635
29.3327
7.27904
31.0024
13.4298
25.2953
25.8982
50.308
63.823
27.8346
23.7499
18.1653
132.545
38.5282
25.0504
21.7379
12.0123
27.1807
20.8612
24.9773
45.4473
9.02227
86.7255
24.5554
55.2143
46.4138
26.8812
51.4923
36.2163
46.3848
35.2084
65.0673
41.5603
40.6132
39.3376
131.695
9.88586
19.5788
10.6455
66.2623
11.742
36.1886
46.032
12.2257
15.149
115.161
18.4996
16.5529
42.7582
17.4207
9.41201
20.1854
37.1954
7.87208
17.7931
93.9728
34.9124
44.0705
68.4991
10.3573
41.8668
36.5217
28.85
21.8007
30.486
21.7986
21.0583
41.4511
28.8287
41.0579
17.6218
73.4513
34.5273
64.6865
39.3966
14.1101
55.8677
36.6915
29.2439
53.3342
18.216
41.4976
40.5773
97.1493
38.3657
54.2992
26.3565
75.8161
17.6659
35.5731
72.9975
92.1102
25.5246
17.4931
29.9216
17.0663
17.7758
91.0854
98.5298
66.1567
37.1027
68.2858
21.3275
63.913
42.6187
14.8413
8.86843
22.5196
25.9163
100.649
38.7027
88.6104
35.6032
79.5836
13.0453
21.4007
73.1254
114.438
12.2993
34.7651
25.0261
11.1211
30.2497
35.3241
15.7068
41.1135
71.4649
27.8497
41.8686
31.4718
62.748
45.3503
65.2772
46.7605
15.5664
60.7593
22.6074
28.3
41.4489
60.5643
19.1593
36.0123
18.1299
88.8035
24.802
108.309
29.8202
7.21294
52.5835
18.2912
31.9229
76.0549
35.405
10.4392
13.2941
30.5837
45.7167
14.1193
21.7298
25.5942
27.6613
35.1797
53.7787
23.4704
119.955
26.4415
15.7517
129.772
81.6882
31.9832
81.7925
33.6101
109.288
30.9459
22.65
13.8442
89.397
21.6855
26.5125
62.3435
62.7413
15.8747
31.3615
36.7971
48.5225
76.4577
60.8405
22.317
45.534
22.2411
12.9947
31.6896
50.3039
50.4473
92.6961
29.9448
54.9995
34.0843
21.5301
16.1366
46.0191
51.375
12.2418
12.7011
13.4575
44.3875
21.427
34.0211
46.7578
21.7355
27.3524
22.8396
32.3449
28.0976
78.1206
48.437
92.0892
28.1947
26.2315
11.3201
44.4076
39.9179
55.3962
17.2029
16.2022
109.153
22.8369
46.1259
16.9614
35.25
74.3725
43.995
113.415
5.60596
30.4573
56.2001
26.6773
83.0293
46.8746
20.241
83.551
40.891
19.512
49.0137
39.8563
62.9974
19.0947
16.524
46.3821
23.7378
10.1902
28.9223
55.4726
71.1918
98.0167
42.523
11.5296
63.2744
21.9506
14.4453
11.5931
18.9964
32.0803
22.7883
47.7435
30.6537
7.10374
111.561
8.36859
50.6033
72.4207
15.7946
46.5442
19.2257
195.752
16.2215
41.8078
36.6404
12.4952
23.7107
20.4126
25.0491
26.0997
82.9602
48.8485
91.5713
17.6046
23.4486
15.4963
84.6699
18.8703
9.21208
34.0943
15.021
34.2473
24.0651
77.5281
35.1533
17.7898
59.3261
70.3287
48.2158
78.5341
17.9489
13.2244
25.7195
57.6056
50.6715
23.0224
26.2539
28.2786
28.3279
39.8951
21.6378
9.49382
31.7032
108.004
14.0376
12.321
29.9509
29.7453
20.2634
18.8114
110.271
21.9151
38.142
14.1175
23.2284
20.1522
35.7929
68.5742
61.1257
21.658
36.0092
28.6692
15.8313
59.969
46.4284
25.2771
51.346
43.9795
23.9766
40.2879
98.5045
14.3994
142.518
13.093
28.0183
32.7379
22.632
47.0559
51.1312
37.0443
27.7927
44.8148
47.656
44.5897
55.1353
14.5017
113.976
35.3518
15.0429
37.2354
47.9629
51.8523
31.9782
45.8258
72.9
15.8403
38.4245
24.7377
24.0209
57.4058
42.3829
23.8552
26.8343
35.3114
15.3019
43.2697
22.3274
13.4207
24.5505
34.2457
27.6831
49.4984
30.1595
49.5727
30.3295
26.4945
68.1499
91.9846
82.2728
27.4883
12.5733
36.1169
55.8557
13.9533
61.8557
64.2529
53.5759
74.4133
48.5143
28.8339
26.1416
20.6317
9.13768
21.5801
8.68735
30.4416
25.1969
25.6253
11.5585
13.4315
56.2192
26.0543
38.174
89.5382
32.2427
121.872
129.229
29.673
48.1486
9.63638
47.0542
26.4312
66.4519
26.7311
76.8001
14.1537
31.676
28.9135
88.7949
34.2429
32.0386
16.1127
8.18833
44.8335
65.0467
54.1513
19.0056
32.8151
28.7886
67.1907
42.9068
84.0991
23.366
36.9179
66.5504
31.4768
24.901
25.0941
108.964
21.6532
43.4886
34.2506
35.3743
30.9135
67.0461
22.3211
46.3712
37.3073
48.1831
10.0387
73.5362
49.6357
38.7692
64.3421
70.714
39.9404
30.1998
46.1071
28.1005
32.4712
32.7116
54.3283
37.9601
50.7808
42.8622
33.7547
34.1042
28.927
29.7543
68.6601
14.1855
22.1237
37.6563
28.6221
16.0559
66.3641
55.3284
57.7535
72.9157
38.3764
66.9919
69.9167
22.8495
18.191
25.1459
36.0721
26.4769
12.3653
64.826
27.2159
25.1
18.5068
46.9154
17.6709
90.3501
35.7238
76.2389
65.6252
110.674
9.14202
18.2157
25.6084
50.147
19.265
12.1417
23.8071
27.8724
28.6116
67.7635
29.4036
104.015
29.0508
12.7127
41.326
84.0403
18.0946
18.886
69.6847
10.9648
31.7914
33.0138
36.0096
31.2268
51.4234
31.8481
52.5203
18.0752
12.5823
24.3183
18.2783
68.3256
13.3138
17.2
12.9382
21.4029
84.595
19.3092
51.7378
23.0782
38.9838
23.6252
79.6428
8.36559
25.8598
78.2793
46.174
28.7365
24.8152
22.2695
46.8625
81.6419
51.7928
20.9556
21.4708
29.0555
18.0743
13.1346
37.127
48.3972
15.9353
36.6065
28.2761
38.8797
59.6156
20.8172
70.3673
14.3212
70.8757
13.5384
19.6138
28.5156
50.6063
36.5946
22.4482
77.1987
49.5072
68.7416
50.1165
17.7932
128.27
15.304
32.557
30.9883
25.6604
45.0316
59.3272
27.9138
80.6865
29.2275
24.7632
37.7569
15.662
17.1514
19.9689
36.4336
62.7585
116.456
38.7874
35.3426
14.675
24.0846
36.5433
18.805
45.0866
20.2835
36.9371
47.7985
13.0748
29.7681
27.532
102.018
76.6942
88.9469
23.8514
27.9547
29.543
54.6513
17.8129
22.8808
65.0017
26.9346
15.7347
37.7627
33.1108
33.0006
29.798
39.0694
55.5765
30.0874
45.5312
43.5041
39.3659
20.428
33.3582
72.7219
11.7882
24.9115
27.1757
10.312
32.8714
18.7599
34.1471
19.6061
19.7184
54.5107
46.4422
44.0758
46.4855
66.9819
28.8097
31.8867
10.2671
33.5142
45.9733
34.7791
31.2575
63.2429
72.3325
35.6546
16.6472
57.0929
50.8781
51.4936
55.4872
32.7043
44.7423
12.3346
39.6111
10.5114
79.9906
39.0231
27.2227
27.5536
41.9667
26.5038
49.7384
127.914
59.1085
42.2964
61.9902
14.1135
35.3532
44.1603
12.6334
70.7404
28.1722
22.8005
62.1729
39.8078
44.7566
24.8423
19.5712
9.75539
21.7087
140.798
66.0471
34.2351
26.4216
7.11159
49.161
17.473
22.6632
16.5333
14.4066
60.434
96.6242
82.9695
24.4875
48.6809
22.0633
59.3015
32.7173
20.0317
116.25
98.2715
85.6267
34.7874
33.3959
44.2509
18.7643
31.1082
64.4888
23.4938
13.5057
22.0218
19.0877
38.0788
94.6622
11.6544
22.6173
17.5954
20.6935
8.36112
9.86266
25.0951
18.4153
20.668
11.6842
23.8024
10.1823
29.9035
27.1952
11.666
54.2224
41.5893
15.2872
15.0643
42.769
27.1633
47.4867
42.613
59.8828
17.5409
69.4262
60.9997
25.2541
14.3209
34.2601
36.1446
21.1577
57.1884
12.8825
56.4369
51.1097
55.2935
98.7185
39.5319
14.4754
38.388
75.1764
68.1079
68.4803
37.3567
96.3007
32.738
18.3595
31.1887
125.659
32.0814
39.1739
44.0262
71.6197
37.2835
23.4109
17.4091
20.9627
43.0222
34.2928
60.8064
97.7271
25.3597
30.9833
19.609
65.5446
14.1853
44.3792
23.9635
77.0099
36.6465
60.8567
13.0623
22.5314
219.655
15.4245
33.9408
60.0045
22.5094
14.4836
25.034
43.9997
49.041
53.6453
63.8666
9.31204
21.8555
29.1565
33.59
21.2776
25.0211
11.0517
65.5399
108.305
48.9442
47.3848
28.8984
33.9939
27.8707
26.7362
32.1947
59.564
15.4187
23.2826
49.1258
34.1676
28.509
53.5145
31.7292
31.4736
26.9328
79.72
20.0802
38.739
29.746
48.4493
42.4219
13.4043
32.5144
24.8351
70.7386
19.4538
20.2607
50.2248
21.2164
39.5305
20.5196
102.695
69.8221
34.4637
44.2149
60.4
23.8054
48.1836
20.5477
12.27
58.905
33.9817
51.2701
12.0775
37.4918
5.43926
17.71
83.9194
10.9243
13.3399
45.9414
35.4556
57.8699
37.9719
13.7376
39.3751
46.3177
38.5195
62.1122
68.7699
100.623
61.5871
27.6072
84.1794
36.6683
30.5074
25.3871
48.2184
12.6185
21.3998
46.598
23.5742
31.2253
42.4472
45.111
26.8155
14.5282
26.3031
18.5159
31.6731
22.7719
15.611
46.2248
16.2347
16.9548
45.1744
50.2945
28.2193
47.828
38.0941
48.5382
30.7341
40.3842
9.80675
34.1705
36.7898
49.901
13.6487
12.2368
19.9585
20.8775
52.3933
89.3184
60.7897
11.1191
22.0841
13.0108
111.209
18.4337
17.2547
30.9564
26.3012
15.8371
29.8099
20.5105
31.2013
103.143
21.5703
15.6516
61.6375
51.0483
60.2888
50.557
43.5593
31.1146
19.2236
20.3179
31.4192
39.4334
33.971
37.456
70.2732
16.6972
47.9456
35.915
12.8081
41.2051
14.3335
23.5401
27.5586
37.7298
34.7149
39.8566
9.63751
35.6964
17.6245
57.6387
62.2607
6.18682
54.689
37.4388
53.7352
18.6607
95.9192
38.598
66.0779
24.4669
51.5289
27.8615
17.1144
22.4016
25.3164
27.3473
54.6245
43.9515
14.5738
10.3801
46.0078
102.026
48.5121
41.6439
60.4105
39.2678
39.9823
59.0981
70.1495
14.0856
13.2165
48.5324
26.0148
64.2219
58.283
12.4038
34.5404
13.6332
13.7569
17.4201
6.97192
8.44133
77.4919
57.0527
16.4659
24.8379
31.5004
55.1419
39.1624
58.5496
17.1945
22.882
34.8911
15.893
47.9369
54.3297
21.9246
32.5962
21.9272
57.2918
93.4245
12.6903
66.138
12.0193
57.6887
36.0839
29.7814
35.1862
22.3001
29.3933
38.6686
16.525
32.0519
14.17
7.75379
29.3789
43.1254
43.0657
16.89
23.1458
75.6843
34.3983
30.1197
23.1935
27.406
64.9763
52.6031
21.242
8.82847
12.3331
17.7483
75.6628
43.4266
25.744
54.1836
43.4111
14.2511
39.6656
53.3067
33.6523
11.8235
17.4997
19.7724
17.5447
36.8592
20.2217
29.7183
52.94
62.3605
27.8456
67.2273
20.6895
20.9532
87.1821
31.0299
24.7403
24.1753
42.8273
13.9183
23.413
18.387
19.374
29.7056
164.194
62.8168
31.443
15.1713
21.2079
27.3847
13.3298
18.5293
18.6286
23.4373
103.488
11.8224
24.9165
25.1572
10.5793
81.2639
18.1607
12.3409
39.5432
16.3605
9.55408
147.383
25.9969
85.3462
60.5376
20.6614
38.3251
30.0981
59.2145
47.4589
24.3317
38.9793
56.9627
36.1224
36.0383
62.2748
16.6053
46.431
24.7007
57.8265
50.2518
20.4112
31.3426
29.1904
21.0577
24.266
25.769
36.7053
12.7221
44.665
8.87859
36.5373
6.81952
14.5797
26.4755
93.0394
31.7956
52.7211
36.5247
66.9561
37.8689
23.9612
12.1727
75.4812
37.2675
73.176
33.8181
10.2041
40.4981
22.7532
25.5947
43.9153
13.7685
9.63001
54.7563
38.0105
34.8561
20.9262
69.8634
9.12122
47.5222
41.8586
8.91394
39.2564
26.7738
21.8787
14.8573
51.792
22.2472
20.9255
49.0692
11.8802
25.896
66.9518
35.5617
30.2963
46.0139
44.2251
32.3637
56.488
13.497
18.0918
15.9499
29.3354
44.1955
86.7578
78.5266
58.6692
22.9858
22.917
64.3107
26.9445
74.5864
63.8441
74.6739
34.9606
41.7229
17.6268
59.8267
33.6642
31.0202
21.4689
25.1155
73.2198
26.2722
111.178
31.6465
36.3622
36.478
18.5537
7.22655
80.7517
81.0875
43.8664
20.4505
28.4759
53.3681
53.5233
98.271
7.05511
27.761
19.3821
13.633
17.8855
21.2311
6.46108
30.7935
51.3477
20.4199
13.5624
18.8917
38.6537
10.7033
36.2562
10.4052
32.2427
38.2273
30.1991
13.166
11.5097
26.0403
47.6616
84.8906
106.94
112.644
33.2442
13.4588
13.6316
92.9736
8.48066
86.1395
16.833
104.503
34.1078
7.87515
29.9909
20.6726
52.1545
106.052
17.1059
45.4923
34.2028
12.4878
67.6175
40.6339
82.0721
17.2625
36.2177
38.5758
19.0181
27.7962
15.9301
22.9638
11.3927
55.5661
26.5594
21.2709
17.9658
42.172
72.5661
14.0731
45.6906
45.8909
36.4864
65.5421
20.1557
68.0196
14.0341
14.7738
66.7404
20.977
40.21
33.1424
28.4806
15.8487
43.355
29.7626
18
39.7358
31.94
97.7376
41.3697
25.9655
22.4114
109.992
20.8678
19.0726
43.3842
80.0204
22.4863
22.2972
28.191
4.90732
27.886
42.6475
20.8311
81.9133
14.9204
57.2435
19.4149
15.5783
28.2541
47.9094
27.1055
26.8063
30.4375
73.4292
24.7609
31.6913
20.6841
42.4394
29.9423
21.654
15.3531
21.199
23.6174
44.5264
16.6273
26.2395
5.63506
14.1684
22.1745
43.1987
35.9187
43.6627
12.5453
21.8691
18.0216
12.2832
44.9718
131.086
23.8446
39.1753
120.324
57.01
48.3637
23.1627
23.0122
12.7042
53.7487
43.6436
46.7642
27.8321
9.86469
20.1902
20.9607
13.1121
80.8034
25.665
37.9672
32.7205
13.3253
56.2156
39.0155
7.21713
27.7228
46.9862
25.1873
48.7539
14.5417
15.6558
27.6759
68.9911
34.1066
7.95152
30.6405
15.0785
43.7291
18.1971
18.5448
28.3152
44.67
54.9183
10.528
13.9081
33.0823
12.9669
24.862
89.0854
22.818
32.9571
25.4138
25.5788
35.426
47.7848
32.3701
12.4199
107.334
19.7311
32.8675
16.2945
26.2547
20.5493
56.5627
54.4055
21.7871
39.4232
39.7786
51.797
24.9816
15.5644
11.219
25.3544
37.2937
21.2319
93.7719
14.8217
12.4261
87.9745
9.2601
67.1275
149.66
68.0508
17.6771
69.9077
23.3829
54.5692
19.2844
67.8871
19.2264
35.4834
29.4845
21.9941
47.1617
29.4493
62.4049
56.7186
73.1027
43.4809
70.9248
57.6779
69.7602
11.8509
33.3717
16.0231
25.0204
35.8798
90.5873
35.882
22.322
32.0489
26.2149
112.87
19.9967
17.7203
16.9845
13.9727
23.0102
40.3056
100.57
20.5273
35.1384
15.1171
34.9104
30.092
64.0681
35.4736
8.72962
94.715
19.5903
8.69513
57.3535
30.7033
50.4126
46.8117
60.9018
10.746
15.3176
50.4837
48.7661
39.032
118.55
106.576
57.7533
36.115
29.6971
35.1051
27.6705
31.05
12.7779
64.432
41.0018
11.8365
33.4833
60.2337
56.9117
47.397
79.5783
24.549
8.42859
75.2883
54.2449
78.6582
86.0164
23.3448
46.9059
25.507
22.8786
44.6195
80.9423
51.4717
14.7258
45.36
26.2717
12.4322
56.5463
75.7767
77.6336
91.4007
21.0889
43.1226
52.0407
55.6852
18.9806
10.8766
16.4717
24.1197
9.35645
32.6995
38.9111
45.25
59.552
24.0753
24.8757
52.4232
26.7456
37.1642
69.4407
18.7652
37.553
71.2971
15.9339
47.0665
34.2852
46.1791
55.5163
23.1732
39.0377
54.4637
95.9099
13.4726
40.0556
37.3174
37.2786
25.5604
130.355
50.6437
18.3167
36.4599
83.2643
30.5649
22.9017
18.9603
10.1473
71.5016
56.7431
18.6907
23.1783
43.4936
40.3498
33.9446
65.9137
25.9402
94.845
28.966
38.0979
25.1418
32.9076
61.1842
34.674
47.6364
32.4513
15.205
17.3197
43.1234
88.7613
16.0191
9.62348
13.324
23.367
12.1572
18.9126
39.1887
27.0678
86.8331
30.1553
18.3957
14.5651
16.8123
62.3122
62.3309
65.7353
47.8794
37.162
39.0318
36.9549
124.348
33.7572
30.4662
55.1477
64.9896
41.5115
32.3366
45.9464
30.4261
12.3554
35.9459
45.9847
21.1679
8.00734
120.933
35.0273
18.4644
45.7372
20.1626
18.0672
39.7361
40.5142
18.5589
23.5679
36.9274
28.0158
34.2364
106.038
39.0579
68.6143
17.2248
21.4498
90.1391
33.1368
22.0476
28.2482
25.3044
49.0232
18.6949
28.2478
26.4675
18.1484
28.088
9.53259
25.6795
31.3636
21.6193
50.5646
62.1345
53.1913
41.7322
21.783
47.5693
15.5557
37.9841
25.0951
34.2743
33.8253
105.003
43.1638
45.6763
39.7778
60.359
19.1272
28.4233
13.0043
75.9143
134.404
34.8231
8.4434
64.3419
16.469
6.87557
97.6857
68.4251
82.6809
18.7432
18.2169
27.8716
52.1728
46.5684
14.5153
57.5926
37.892
108.04
24.1456
21.8663
32.5203
23.8152
37.1843
51.8459
21.2338
15.9538
16.8553
59.7681
62.1672
57.1229
11.9882
19.5812
32.7112
78.1231
10.9884
20.8111
19.0105
16.8458
14.0713
17.7722
28.0756
19.8227
23.7365
29.2072
17.4107
22.9122
11.0651
48.9512
32.123
21.1188
27.3527
18.3125
36.1634
16.7983
61.3625
29.8795
9.65004
47.7261
15.7433
56.8394
15.9724
19.7517
44.7764
18.4995
53.4718
25.0943
96.0566
16.1949
24.4693
61.4055
10.5546
12.3527
185.456
52.5701
106.42
60.1249
29.6037
21.8338
20.7242
32.15
25.7344
39.1263
23.4645
11.7716
18.9993
33.2389
71.1252
14.8717
34.9133
33.0766
34.6186
63.7194
33.7383
32.8378
12.3004
29.0227
28.3509
44.0406
80.824
51.0249
62.4946
13.6091
52.4989
17.5556
58.2674
31.2036
49.1639
53.4508
45.0445
39.671
113.192
7.97594
59.9748
14.5514
51.0371
102.167
26.994
12.4617
16.5483
76.4237
43.5448
86.8557
59.2293
11.9361
6.74571
9.02651
34.6883
10.457
58.7703
23.4884
28.6902
37.5979
96.586
29.2366
29.4319
7.52903
14.4409
52.7433
44.5569
28.1623
15.3621
43.0673
29.7609
39.8968
18.3426
39.236
121.65
22.1579
30.7542
56.5895
42.4534
45.0262
105.111
37.9261
25.2843
55.0301
8.95867
19.3662
67.8251
33.4562
18.6594
64.1316
43.3928
33.4501
38.5815
43.991
45.6645
22.391
39.5573
55.1484
22.6839
68.2355
29.677
67.2969
19.1195
60.7516
36.6142
19.747
33.9147
15.5598
70.6614
33.0268
29.7414
21.1859
27.6457
39.1666
41.7543
62.5268
21.3333
45.4786
16.1805
22.5527
75.2733
20.8749
59.2677
12.5746
44.3031
44.737
40.6997
94.1609
10.1906
69.9919
107.585
27.3702
18.8457
86.3204
22.8885
32.1018
30.1007
128.132
17.9722
30.197
41.9112
46.4486
47.8765
23.8132
15.1486
31.8954
48.3879
30.2251
37.2457
16.3867
34.3072
29.4557
37.6374
64.1919
94.2693
47.2158
20.1472
15.6737
23.7272
14.5432
23.0257
45.8222
11.8965
18.8947
190.774
28.8611
21.4719
44.8842
29.4726
21.3432
33.7419
10.8787
14.0952
20.2318
27.8905
8.02931
22.576
18.8463
50.4868
7.92224
23.7261
17.8332
22.1692
33.1392
11.6165
18.6889
32.6539
22.1926
69.812
46.5967
27.4095
78.1839
61.6292
31.348
97.5213
16.5299
20.5391
33.8956
23.1071
89.7114
15.1966
96.9628
28.3941
56.7084
46.3948
52.7587
30.0179
23.7111
7.92695
42.1965
31.0161
18.1544
31.839
20.6331
21.8269
16.6199
20.189
32.2294
19.6346
12.3731
48.4602
69.3712
13.0342
29.8293
35.8792
82.8563
30.6981
31.9037
51.5596
27.5324
19.6025
23.3097
20.4394
40.1229
49.7398
67.1697
17.4273
13.9511
73.9172
23.3362
20.8822
34.5642
18.0988
110.097
24.5663
18.7028
46.4045
34.294
28.3949
19.8501
10.3892
9.69276
41.7049
38.3153
20.203
40.7148
38.6101
24.3149
13.1442
7.79817
16.3178
9.85301
38.3502
38.2706
23.5574
24.4655
61.1067
39.5627
88.3476
9.18974
54.042
20.3823
59.3412
20.9145
70.2397
67.2213
14.2945
22.3015
39.7497
12.3104
22.6583
23.5275
17.6054
32.5425
44.5813
9.63094
79.7053
66.8014
21.8614
28.4779
31.9088
11.1696
29.8924
66.4831
49.8843
34.8509
42.1761
60.0778
56.542
28.2728
45.7393
27.492
61.3066
15.5078
28.7605
34.7216
41.0858
41.0672
70.0129
7.56451
46.6155
27.8656
9.45198
19.4106
35.1048
18.4504
35.3353
10.607
58.5129
47.4652
27.317
54.0524
17.6142
15.9819
70.598
34.8977
17.6499
95.8519
50.4753
41.031
26.8601
40.0679
28.4899
45.6963
8.40717
57.4682
23.9101
22.2318
24.9905
14.1301
45.1131
97.5404
27.8147
15.3413
46.2308
37.904
25.7944
63.7822
36.6176
9.43039
30.9747
25.6876
52.6295
54.8675
11.5995
65.4226
36.1986
64.6833
17.6026
33.2011
23.6821
58.6143
25.4868
60.326
14.9967
24.532
15.2438
31.7454
11.6908
61.8465
22.3386
32.6192
7.58463
39.207
7.84664
14.6693
39.2826
71.706
28.1885
65.0356
39.3693
21.8654
27.1312
15.527
34.8685
51.5683
54.6605
11.3461
18.7534
40.2524
16.8789
45.1624
6.43778
24.4865
21.988
28.1103
15.7687
68.5951
42.0544
50.904
25.5181
72.9292
31.1355
76.5317
26.2502
34.7606
27.8027
13.4118
41.6701
27.1193
40.9575
9.65214
47.5221
52.9653
16.6446
26.7356
25.202
19.8983
29.2085
45.0729
37.8608
37.9758
28.2388
88.2458
5.57771
46.3484
53.5116
40.264
20.586
53.923
21.4644
35.9711
48.5277
64.5372
28.1821
44.5842
21.8532
17.1708
20.9209
50.0312
23.3569
49.4969
19.9028
19.518
15.7272
84.7347
9.96011
21.3059
35.9988
23.1138
39.6005
12.9688
32.4384
49.0738
107.937
86.8334
26.4866
24.0246
15.7214
12.1159
26.8619
50.2221
43.3373
11.3333
16.9713
74.5351
51.8381
55.6416
24.4041
10.8658
9.33731
25.2479
34.1647
23.0153
47.3275
51.6946
36.9509
20.5184
38.7427
38.0006
27.1491
15.8003
22.9427
41.4809
13.9737
34.9304
67.2
81.224
47.7653
24.7555
44.2408
53.7357
19.0819
39.8702
47.9437
20.4998
58.1434
23.186
11.9704
45.7105
32.3626
59.7363
18.0977
30.3111
18.5209
23.3536
21.218
36.8596
59.1974
80.6499
21.9003
18.6054
24.2535
8.5279
42.4123
36.139
25.4104
38.8972
44.4393
22.7018
86.7707
36.7441
28.5241
24.9171
16.6036
23.0567
51.3783
35.3765
73.15
77.5648
135.263
48.4847
36.0135
30.8804
30.2806
68.2063
92.7963
12.9909
41.0018
16.151
27.0159
42.0994
19.262
83.2711
34.7884
75.233
65.8431
77.9621
57.3567
22.0475
38.6051
84.3646
37.6845
36.9398
35.3197
20.9625
10.7312
36.3624
12.3978
87.2824
18.7823
17.5238
11.0765
27.4937
75.2775
16.4983
31.5921
45.7463
34.7887
19.8783
11.952
30.3999
26.8083
28.2642
95.9049
23.1168
13.1644
18.1586
37.274
14.0306
19.826
43.3445
53.2653
49.9847
30.216
11.735
17.736
7.70341
25.8713
54.7397
26.5374
21.2916
17.4235
17.614
96.8218
57.033
23.6927
26.3699
15.6775
21.2729
8.71026
30.9918
68.4929
50.6769
33.4983
8.15011
22.1066
32.7684
152.618
12.0619
8.88544
30.4707
35.014
25.1618
18.668
23.0553
41.4231
25.9222
31.3543
34.6638
51.2884
25.2966
23.2884
19.5935
35.3186
33.8062
59.0278
159.406
111.727
93.5382
24.6581
54.6111
15.9075
36.0187
23.1836
11.7557
24.4827
16.5188
10.7052
28.5482
34.1387
31.2074
31.4175
25.6996
30.5051
13.5895
8.52198
21.694
34.432
40.6645
10.478
22.817
14.6806
53.8603
33.0065
44.1573
96.2053
21.0096
30.9615
20.8349
60.2314
38.3186
44.2104
17.7627
43.6666
15.6756
18.4185
68.3833
75.2031
25.7164
9.4039
22.8477
31.7524
14.5665
46.1598
80.2405
41.429
73.4086
30.926
23.4935
11.4411
20.0358
11.5944
42.8732
54.2201
7.57595
18.6266
33.6987
63.1599
25.5556
14.421
17.808
45.4869
27.3425
21.4645
33.8235
66.8141
191.016
47.894
42.191
26.1473
46.3731
88.6933
53.6263
26.8367
18.6505
136.498
27.623
18.9581
67.7784
19.3934
30.336
31.4955
66.9399
49.686
22.3555
36.4582
45.7936
78.5815
42.2767
13.4842
66.8159
31.4399
67.1164
36.9496
40.2205
22.0404
12.8718
17.208
62.2827
25.7779
25.1195
16.7317
26.8951
46.9004
23.1906
15.5168
72.7585
34.9807
47.6998
64.5378
21.9145
16.6518
30.8603
35.0536
45.2391
22.7485
28.2582
32.3331
27.3005
56.3895
7.23129
43.0996
28.9429
17.7315
10.3634
17.5068
33.5218
12.5024
30.7755
23.5458
38.8807
55.3235
26.0875
18.3584
41.1816
11.6424
51.2455
23.5127
19.0377
93.0659
31.6903
36.9292
6.9864
29.5789
31.4216
93.6052
26.136
20.023
78.9513
15.6583
15.6671
16.6682
44.6109
17.5087
10.6394
62.4511
40.3954
36.4038
31.8281
42.8101
34.027
28.0966
28.9888
40.9303
84.9404
74.3463
31.1294
89.1037
54.0635
67.5414
54.0121
50.0272
33.8504
27.3283
43.1707
9.50438
46.5661
11.4017
28.7443
12.4101
86.3101
8.56983
13.8658
13.0671
35.5956
27.8194
15.6313
6.60721
65.0768
35.5521
29.5917
21.581
52.8467
102.867
18.1999
44.8804
163.245
44.5676
53.0768
69.0289
93.6836
103.126
25.6299
38.0215
9.2014
29.7807
40.0317
47.5947
64.3944
17.7516
9.75383
36.9716
39.5944
23.1288
56.9104
21.1468
18.3419
40.489
26.2141
59.3285
121.202
108.921
42.4816
10.4576
30.1638
20.69
25.459
16.4989
10.1585
9.71991
96.186
45.811
12.4789
33.7853
28.3974
74.1667
24.6807
36.2517
46.3398
11.9624
25.5287
16.1521
24.4642
24.2464
22.0975
22.7156
86.446
40.357
32.8536
22.0401
14.1733
30.7488
69.014
58.6613
34.3057
27.3913
31.4903
56.5079
50.2898
30.2081
69.0101
46.3224
69.4412
32.2287
37.6172
13.8197
8.32465
37.8565
51.7686
98.1037
14.523
23.2026
42.7735
44.4588
31.7781
95.0632
78.8336
33.6612
33.8548
10.611
16.7655
83.8949
13.6365
50.2106
88.0271
7.74312
29.3511
64.4732
23.956
104.81
24.7946
63.5817
57.3811
28.1105
28.9804
61.151
36.776
15.6522
21.1607
20.9093
7.20391
39.5495
22.6313
23.7892
39.6525
60.1172
41.6453
19.8932
20.8434
30.2384
29.3194
20.7149
15.7098
31.4755
56.904
24.3812
119.404
19.6557
68.7056
25.3699
32.2353
31.409
25.6843
43.8039
32.5063
27.7991
39.3224
11.8712
22.0841
66.5845
57.8141
38.6622
72.6154
42.8248
15.8202
98.4114
37.6792
101.46
17.6807
31.9908
65.6003
17.3637
16.8064
16.5103
11.8952
23.0537
33.6832
28.8971
18.5255
25.2425
23.4802
97.7819
91.7102
38.0878
58.7437
12.8265
14.8274
45.3511
18.5692
48.0079
66.504
41.1274
13.3269
75.3445
21.2598
43.6422
28.8809
16.5577
19.4985
16.7146
39.5338
55.238
21.9801
36.733
22.457
22.3703
76.4635
68.0451
24.1632
64.9699
11.3434
32.5534
93.7072
15.4616
28.2056
15.1682
99.4223
71.353
8.0279
51.0935
102.02
42.0042
30.4468
12.1616
16.6583
60.1704
33.9083
90.2385
12.9968
22.1201
45.7215
28.1621
50.5222
75.1755
26.264
42.0912
12.7754
45.7853
97.3336
16.9716
8.00507
29.8458
19.638
12.0603
27.8994
23.6027
68.0503
35.609
8.66864
32.4256
18.3805
19.2179
70.0393
45.5253
17.8336
19.864
47.5765
75.6536
21.9864
40.1723
24.9425
31.6767
27.2966
22.8673
55.608
26.3963
118.435
18.4299
10.3317
68.1827
13.1415
38.461
22.3268
32.3501
34.3199
31.8899
9.67567
18.594
27.1423
37.3062
13.1249
20.3073
42.42
20.3486
29.712
26.5378
34.3061
28.0166
47.1753
58.6721
87.6127
37.4269
70.6531
37.1092
38.092
16.1666
21.2185
11.0822
167.36
14.9974
13.2507
24.1582
32.6459
17.0044
16.3625
59.2678
26.3661
36.5537
72.6383
77.1122
18.2793
22.9405
9.49563
42.7629
22.5415
18.4521
35.2534
30.3453
23.1208
19.5175
9.16963
64.7015
23.2396
9.76583
11.8722
22.6228
42.4418
65.9907
52.4634
16.0037
78.2232
16.472
33.3054
31.2679
32.1195
33.0972
25.8379
89.4338
27.1401
38.4571
55.1782
47.5547
21.8878
39.3772
29.4911
31.272
30.6228
45.1643
16.4272
71.4446
24.5189
25.8123
26.3368
42.4428
44.153
25.0653
17.6055
95.8451
37.946
23.1213
25.5274
40.002
61.6621
54.6903
17.0277
29.6542
55.8611
26.8283
30.7663
131.688
87.3727
47.9486
34.4807
14.5538
80.338
22.0274
32.4893
78.3764
34.305
61.0495
21.4795
40.0337
21.1009
12.2913
27.6787
20.1247
10.5965
43.0763
39.9192
43.51
90.8397
37.9754
16.048
25.27
155.001
14.4727
81.0155
102.016
23.128
19.9325
39.298
31.7786
15.4952
55.4068
34.8643
18.3219
46.1948
47.7434
33.119
35.6967
31.0155
11.3852
19.4699
131.113
59.8636
20.8448
29.3962
43.3456
10.7656
71.4571
8.63736
25.8039
33.0345
10.7842
34.6353
91.0944
15.3361
32.2592
33.2956
27.6071
67.1606
32.2174
34.6913
21.2479
52.2773
64.6873
10.5212
75.5391
15.4175
20.9724
30.6857
19.1033
26.8788
60.4312
54.5287
34.8925
58.4147
33.3393
29.21
75.6883
40.4109
27.1513
23.6527
54.2439
29.429
21.7954
47.3974
40.5409
15.1109
17.0247
21.4483
47.1273
15.4797
18.1269
55.1222
31.89
58.5037
18.1673
42.4934
10.0407
45.5249
31.0786
34.0732
56.3908
24.9205
21.0298
72.4761
13.8541
29.3632
15.2017
37.181
62.0399
59.3563
9.8055
61.1851
33.5174
23.5719
44.7695
41.9196
19.5098
75.3301
76.7693
68.3283
21.3068
41.8988
16.5977
37.5517
52.5023
73.4141
56.7073
75.5475
57.999
49.902
14.6953
27.5042
26.2503
38.0429
50.9248
30.2461
22.1651
55.5986
29.5798
82.6623
8.20705
26.9164
22.9695
23.0219
8.00282
27.4668
25.974
79.6876
39.7841
14.4998
19.6691
15.6137
22.313
19.0336
30.6333
10.7147
46.4289
58.8931
44.3337
157.255
20.0644
26.8732
159.2
39.5112
41.4839
6.09701
41.7898
35.5805
17.1233
39.9593
30.4519
17.2388
6.61375
16.6099
34.2462
21.8359
8.48192
122.954
61.349
37.6816
20.8445
168.048
40.8339
11.3817
16.3952
37.2204
14.5197
29.7046
7.40132
34.2618
38.927
42.5284
12.1079
11.0199
13.6304
41.6219
24.4517
35.6917
19.7731
79.4
20.2143
19.4532
19.3663
19.2453
28.355
87.2821
44.8333
23.7323
34.7855
12.9481
15.11
31.5481
12.3523
40.1034
34.9229
26.0392
60.7176
49.857
59.8555
17.3687
19.1531
17.5322
25.3518
53.1585
90.1757
40.682
29.0351
42.1445
27.2916
21.6614
21.8311
20.8875
13.2897
31.3792
112.075
83.7179
14.0558
21.3054
75.4073
15.1131
19.4799
16.3369
30.8361
9.11973
25.8325
51.2823
42.5981
44.1896
58.5225
19.6748
18.4082
43.0009
29.4058
26.3864
46.2834
28.2672
28.4936
30.9687
20.5097
34.0848
25.3298
20.4088
35.5533
61.8169
25.9007
23.209
58.3382
30.9213
38.9796
28.6883
69.565
24.6325
68.3037
71.9367
28.2803
4.68918
55.0293
40.421
35.211
37.9725
25.7888
7.35036
40.385
25.3019
48.7961
9.13257
22.9665
27.0592
42.6745
33.3581
12.1301
25.8412
46.5343
30.9982
35.6564
41.0502
9.99323
19.5765
58.0071
35.0779
66.7022
16.7814
21.761
22.5622
36.7906
62.4173
37.3883
44.4008
42.7118
47.3186
32.9673
36.4169
57.1549
18.7636
57.7139
37.8867
20.6894
115.286
134.283
6.40879
43.5014
58.3718
25.2938
34.8718
34.6499
41.5306
37.5448
22.0909
144.597
21.5042
51.1376
17.4332
29.4707
36.1471
43.2549
52.4118
35.5908
13.5471
16.3138
40.4394
38.6546
117.79
44.5325
53.7432
25.0595
31.4096
30.3505
30.8508
80.4537
18.4944
11.595
11.9281
36.4048
48.0955
31.5358
12.7938
24.478
27.8002
31.7089
27.5966
32.6288
69.171
70.3558
60.9284
51.6818
8.9052
16.029
92.6587
21.4135
30.3155
29.9109
62.2231
15.3346
65.4146
36.4801
33.3701
27.9122
34.7365
44.0477
9.2451
14.9841
20.9679
17.2173
24.9602
22.7727
67.8111
27.6777
17.7498
7.71875
20.3694
23.7506
42.4071
18.6618
24.8434
36.6186
35.2879
15.7455
84.2402
25.5888
64.8392
41.6538
51.6327
41.2388
15.0102
28.6079
38.8579
55.2887
43.0054
35.04
19.2128
27.9441
100.362
31.9648
18.3435
23.7506
19.6422
64.5991
24.8653
99.6464
36.113
12.3742
54.8521
9.20688
25.836
64.0886
22.3778
23.9108
68.3458
22.7948
72.4121
26.235
29.33
24.4386
34.8189
7.96631
37.656
55.117
19.2264
45.0357
39.3041
25.1101
18.685
63.0032
46.4491
34.2632
50.7993
43.8825
15.6999
87.4265
64.0095
20.7095
15.2628
22.5524
47.0787
13.3056
32.2792
150.134
44.6645
30.9845
25.4911
31.1109
61.555
59.9887
42.1058
63.243
6.80933
27.9593
32.767
35.0288
14.5855
6.60096
22.1753
8.10034
43.8079
55.7509
26.7344
53.5145
12.7976
111.572
26.9234
23.8262
32.1856
46.0031
38.0538
44.7226
27.2654
104.505
19.9799
14.5466
32.9438
30.6817
95.13
36.5219
26.9332
42.2931
66.3305
29.0387
26.2066
33.8574
38.0175
50.7115
12.9417
49.5258
51.4501
36.4757
35.1019
18.1078
62.434
51.7509
24.9484
20.1329
14.0267
30.9859
32.5228
29.8786
27.9939
10.5655
78.6251
13.5449
44.2304
7.30077
33.7786
24.5514
52.7663
13.1657
97.8291
19.3457
29.2076
41.3202
43.4134
47.823
68.6971
13.9059
18.235
52.4169
91.2222
45.5923
44.8847
41.9405
21.254
19.4594
65.8099
32.4393
12.8531
34.6895
36.3433
64.0998
45.8783
84.7805
14.1934
22.3833
16.2072
12.2415
22.9654
31.184
79.4495
24.9767
52.1906
33.3714
24.2784
30.7423
64.5837
40.4061
35.3811
38.219
36.3886
47.7175
60.0272
100.538
72.5657
23.8039
81.0368
38.7952
24.9407
70.1216
63.424
22.1894
16.6846
89.3808
23.973
85.2366
37.1928
82.6076
21.8518
90.5419
15.8583
52.4064
13.4779
50.7205
8.10638
16.574
26.0423
26.0609
10.155
46.9749
72.927
32.4413
9.11718
8.58871
218.511
68.6722
31.7327
18.0121
18.2067
30.3999
19.706
29.2032
33.9182
20.5109
25.6999
25.9566
20.0526
19.3485
42.0044
62.3762
30.3321
15.996
11.4614
99.1893
53.8978
51.0683
47.2932
57.6034
25.4413
30.605
24.6226
39.2404
54.5122
39.131
52.2187
16.7037
22.033
13.5118
28.1241
57.6927
35.5407
69.6823
23.4356
25.6823
53.0494
91.7077
18.5446
27.2362
72.8099
57.5247
30.3115
41.9172
54.3108
40.7967
27.7306
45.7906
116.103
14.9143
65.2322
19.5918
23.0602
36.86
60.1481
16.8351
82.3487
14.3426
31.8792
13.563
46.5943
13.9018
139.565
29.8044
42.6453
157.856
40.9121
22.9932
71.5609
51.6112
18.2388
14.8232
46.927
44.3228
28.0076
13.5369
20.1215
49.6934
42.5607
26.4562
31.3547
23.5594
36.4781
30.0761
28.8687
38.0962
54.1971
22.9233
42.9368
26.3502
27.7347
66.1046
40.7022
36.7214
71.3117
28.9114
21.1256
34.7715
45.3738
29.7962
17.8926
64.9946
17.8805
40.9279
19.2019
13.2631
26.4254
76.3979
16.3599
44.5371
48.1864
52.5029
12.2369
31.9671
17.7331
44.7626
158.553
37.9563
13.0527
18.6608
32.8736
11.1404
67.1573
51.0933
17.3328
27.7845
16.2852
89.6546
19.5875
13.7482
26.3563
45.2573
22.3362
15.6682
20.6921
15.1461
55.8072
29.4449
96.4624
15.2683
45.0903
18.587
26.1359
32.5105
19.8716
9.35661
63.3382
43.1818
34.4931
63.2678
73.4444
25.5994
15.4821
21.4789
47.8256
20.1783
64.877
37.8746
13.1324
32.2469
18.8467
23.0859
24.3496
5.42815
140.755
33.0732
81.1478
9.81378
27.7453
63.1884
31.1899
20.044
62.9789
23.9626
13.7243
38.0463
13.9378
41.6665
49.3201
42.8823
16.4808
18.6621
10.852
52.4647
74.1368
19.7106
28.877
28.3446
28.527
44.4783
54.4289
8.86612
92.9415
43.6073
42.1963
44.61
39.6482
25.1251
11.1561
68.7982
7.90763
33.6636
20.2036
76.2699
13.0401
19.3712
66.4824
89.3555
42.0521
112.788
35.893
54.9158
33.0604
62.5952
24.649
92.6636
36.1135
45.8981
21.3143
78.5931
24.6646
19.267
23.7586
52.3023
54.3587
83.1523
15.7137
23.1917
65.8321
31.5746
36.2507
103.707
10.8825
16.9289
32.8702
48.4582
47.6891
27.7748
36.3285
25.5214
22.5926
50.3891
61.0311
16.8327
24.6095
19.2663
119.94
72.9352
87.2955
44.2568
4.53682
19.9477
83.3822
21.9885
13.6929
26.8694
19.0325
51.9315
37.9742
9.55039
79.1664
19.9065
69.0239
55.0533
19.4554
25.6114
30.1198
20.7772
18.0792
15.1623
36.5043
21.1689
54.0093
22.6933
23.887
56.7601
54.0272
22.2357
19.4195
25.0781
21.9028
32.5799
88.8357
31.0637
28.3925
32.5127
23.6839
23.0568
95.4639
23.1196
33.3546
39.7917
14.5814
52.587
57.6799
19.741
13.147
60.2635
41.5411
25.7309
37.1502
9.84444
30.921
31.8107
85.3559
28.8655
51.9598
4.92298
69.4355
30.5067
19.1122
36.3384
14.0449
20.8336
12.4883
18.8662
34.5707
21.514
26.8446
49.5143
20.6804
30.3241
19.2281
25.7359
90.4523
20.9421
14.8441
20.4922
27.6541
10.3215
27.1196
42.4709
55.7178
41.9803
11.5133
15.7561
55.2195
21.4605
48.7454
24.1243
23.3123
24.3193
21.0195
28.4252
34.5293
24.1684
59.9212
37.4007
73.8096
39.9972
8.74933
96.5392
38.6997
79.7095
7.00953
21.4864
4.57705
52.9444
32.5008
26.0397
20.1161
17.9402
13.1501
76.6053
16.3623
38.3379
38.8298
13.7242
10.3158
39.2109
26.1787
30.3806
16.4675
22.2699
13.3115
57.9089
15.6292
11.1978
26.1014
68.0436
44.4736
9.1351
16.6311
18.2293
54.4844
38.7731
45.9959
15.1738
47.7451
12.1719
52.1526
16.4778
24.396
20.0233
123.942
38.9614
33.6823
15.4463
18.8827
26.3934
39.5583
46.4686
27.954
54.6918
13.8076
19.065
36.5749
9.16565
15.2044
9.38454
20.7372
19.3868
13.7581
49.1199
24.9987
22.1474
35.0721
75.1878
28.336
14.1602
43.3818
7.57237
94.6547
18.337
22.4858
15.3934
56.5101
21.8861
13.8759
65.9672
42.2757
10.3484
55.6275
55.674
27.5495
42.7299
41.3254
22.6951
29.5203
101.521
14.7912
28.6439
26.6651
36.2259
37.0404
97.9435
17.7361
19.2195
35.4823
20.4987
54.3949
66.8005
26.3511
43.1027
26.7365
67.9122
12.2737
23.417
10.9149
23.2514
10.7364
39.4168
22.4104
21.2008
157.571
87.3853
21.2932
17.1683
15.0221
41.5696
28.6521
99.333
42.1009
133.928
8.27817
15.3869
23.7568
11.4033
49.277
11.9323
51.0306
15.2204
55.1539
26.7432
12.2706
17.6753
56.1133
19.2157
15.899
46.3844
31.0613
22.2454
18.1954
55.7463
22.9897
40.2997
71.3651
44.172
15.2139
112.445
49.664
91.2678
23.8651
49.2042
60.7369
27.0929
16.7208
48.0932
29.2119
15.0459
38.8435
23.3126
75.9189
47.7855
15.6148
14.116
88.3955
260.934
101.155
12.5659
16.2438
20.4635
30.4443
36.5707
18.0379
20.776
65.5927
41.6002
29.6203
10.0611
29.8341
51.8771
11.7871
92.6246
28.7105
27.3276
24.7691
34.7164
27.6338
63.9003
40.5677
62.1864
24.283
20.7179
21.5322
16.8992
12.9149
24.1871
91.3991
21.4425
37.0163
36.0732
53.1723
19.3285
59.0668
14.7144
18.6825
45.2172
27.4009
35.0739
27.2414
21.8365
7.41741
20.3129
30.5821
18.8455
57.9324
28.5363
50.4483
78.1028
26.2672
13.2751
159.513
17.4897
61.1168
35.2534
47.9326
85.3852
17.3752
85.9193
9.52763
19.1246
32.3509
26.6766
41.7346
6.4924
37.589
72.4736
70.7307
27.6383
14.4828
39.601
7.92692
62.4861
49.8653
30.3144
17.2626
36.0381
46.6175
16.492
15.2067
36.0356
23.9741
47.6095
29.9124
11.6514
42.9304
34.5769
36.4794
22.9665
24.634
42.267
16.3815
11.6284
46.0464
42.3282
29.1188
24.9745
45.3687
19.0489
35.2102
29.8539
49.9532
41.4074
54.6268
13.0237
36.4912
155.881
38.1298
12.0669
22.6866
31.1065
11.462
14.5188
60.9291
29.9402
127.083
95.4758
37.7747
66.9507
16.4796
57.8743
13.7267
57.4911
17.4696
29.6669
42.4188
46.1054
19.6976
37.9566
19.6099
46.7366
39.8006
49.8073
19.3007
11.8171
37.5417
84.0789
71.4966
17.2606
70.3032
42.5933
19.9346
26.2353
26.3642
19.6299
48.3062
17.8319
38.1783
25.7067
8.34244
34.566
51.2185
38.3071
7.25584
63.6838
15.4985
17.3833
49.6289
84.5485
29.5601
5.49297
25.7642
82.1615
53.9415
16.4556
26.0814
14.3918
26.922
64.5764
41.3808
24.4459
23.6094
30.2348
79.5351
10.7006
26.2716
32.4447
60.2556
51.166
22.5737
63.7119
19.7346
23.534
12.6591
22.3339
6.5837
60.5504
79.6666
32.1458
74.2338
23.9124
12.4608
30.3278
17.5018
14.9278
22.8225
32.3221
16.9928
26.5199
60.4123
85.0787
36.9433
16.8205
29.6917
49.0736
46.3624
24.058
40.5783
19.3054
27.5897
16.6042
41.9286
126.47
79.5818
34.0835
29.1106
25.8886
26.3852
16.7628
13.9546
31.1203
31.2202
32.4494
39.5575
70.4801
23.6861
31.1272
17.1407
21.8905
46.2349
17.4958
61.9424
45.797
24.6416
72.0154
31.922
34.6555
22.6346
65.704
25.9282
30.4335
18.9199
28.4854
43.0002
130.56
38.5224
20.3543
122.181
75.6668
31.4936
17.8481
135.163
14.2445
20.8406
64.5391
23.5143
51.5364
61.3096
50.7387
122.759
21.5952
58.3909
21.9436
21.6634
30.895
12.9308
22.9705
20.2492
41.075
26.4207
49.8428
14.3517
30.079
13.6132
34.3415
30.0583
7.86043
31.4019
15.7129
50.0244
53.783
88.5902
115.747
34.0031
24.3086
35.2615
56.6883
12.4826
40.2931
128.651
19.3127
43.4729
20.5439
26.6548
16.0937
58.7961
42.6862
21.527
37.3069
15.733
11.3583
50.8963
41.6946
17.7764
17.4234
24.8396
60.7668
21.0385
125.682
45.9245
18.6274
43.6498
22.8113
11.9818
59.8989
63.4231
36.7019
35.6255
50.4312
21.8995
43.5899
39.4627
42.8264
88.3545
18.4774
14.3536
47.3717
18.3231
89.3228
22.2728
113.259
78.6473
38.7923
37.5191
15.3098
66.0352
30.8704
25.4976
40.6232
37.4672
31.0158
13.6734
46.9195
73.4202
38.0218
21.1581
15.0423
38.8364
17.1642
48.1606
47.8801
16.7453
31.983
84.2172
71.8184
21.4386
34.2434
42.8799
48.5605
47.6981
111.665
26.265
72.1408
45.8318
57.1678
65.4653
27.2262
76.9017
27.526
24.9834
53.3958
15.0198
39.6254
14.3105
38.8261
51.0855
49.6404
32.8352
9.87593
34.8873
23.6837
22.6303
65.499
12.9672
17.3624
59.8369
31.5406
9.39918
17.3254
57.6165
27.7388
63.8558
14.3771
49.7426
72.8936
48.1155
16.1095
64.6954
36.8717
22.0266
46.7917
18.598
32.0196
41.3485
10.1282
52.5814
33.2091
23.6196
32.7434
63.9716
41.4482
19.5676
16.8609
36.2581
102.361
30.7507
55.4196
17.0157
16.6179
37.6865
41.5125
13.4011
37.8068
18.4248
63.111
47.8078
13.6937
16.8676
14.1116
8.97659
21.1276
25.713
17.3782
21.8216
145.685
24.2528
36.1111
13.1451
68.9947
13.0776
48.9589
38.0004
34.1422
27.3224
56.991
21.2641
66.8856
19.8043
28.9993
40.2638
7.92481
34.644
79.2501
24.1654
68.714
53.3846
28.8947
12.382
16.2159
71.9206
14.9264
27.0868
37.2949
26.3097
13.5353
25.5066
31.1817
42.8267
29.0736
73.1174
11.1616
17.2734
63.3282
23.3495
20.821
57.7469
81.9226
39.3302
50.752
42.5147
13.6651
46.2277
16.6582
31.2838
18.3072
47.3221
107.264
67.2326
26.4683
34.1501
32.4849
12.8046
13.7218
77.5525
23.7068
9.83608
32.1909
31.9345
60.1371
67.0289
18.9481
23.4908
54.9778
18.9199
21.6466
29.3507
23.2258
16.7849
53.7399
40.0048
20.4038
27.6039
48.3207
13.48
57.7252
24.8758
39.5403
44.3349
31.6619
9.37434
52.7715
37.4561
20.7622
21.845
38.5035
42.7006
56.0005
25.8983
34.1355
18.1431
38.6481
19.5737
9.32472
75.9441
79.8794
38.6891
11.2058
22.4275
35.7848
13.2601
21.1537
83.7067
24.2288
26.8438
114.045
30.9604
15.3679
27.1055
15.0625
38.1368
14.7786
120.016
17.0554
29.9014
29.4303
34.0867
45.6997
33.6243
49.3273
23.7776
18.9451
23.1394
17.8501
47.7596
18.7541
36.6185
59.6302
18.9696
38.9303
20.2931
12.6555
38.4058
70.1336
29.4151
25.0606
47.5427
16.1516
12.0758
85.346
21.7414
32.1573
21.3478
21.812
32.6723
38.4454
20.3206
10.2452
34.4952
29.94
22.4907
18.5902
15.4808
23.5512
46.0855
57.5304
20.3607
107.602
45.7572
37.9847
34.1901
28.2359
13.1815
14.633
60.5551
29.2482
63.1795
17.5952
12.8959
19.8467
61.9133
31.5417
31.3497
31.4124
62.7254
16.5129
58.9466
74.8311
97.3931
53.4912
16.4289
36.5736
42.3487
18.3466
21.7541
19.3308
98.3056
8.34018
53.6479
12.8732
18.7308
38.204
59.3014
56.4524
21.8198
190.519
49.1241
17.2662
14.624
19.2582
39.6815
19.4022
25.818
33.9227
4.63996
48.4744
62.7364
43.756
51.3174
39.3987
39.0856
65.5957
93.6372
59.4754
18.0765
30.0742
42.0129
34.7263
31.0443
73.6414
30.4849
81.1765
87.7613
10.4111
28.8288
29.341
13.66
24.0761
35.4109
40.8843
10.3955
70.2196
17.7618
15.7142
19.2327
26.3421
36.7457
210.842
33.3642
27.0363
39.642
41.8371
33.0355
26.3611
78.6503
29.0784
52.3872
20.8836
45.152
19.5682
29.4602
34.2222
15.8381
19.7067
73.119
23.2908
27.4974
57.7378
34.4845
43.8483
11.8933
44.9844
43.114
44.1184
43.4656
30.9534
18.2588
51.8935
37.9116
118.412
39.6615
15.7472
11.2699
35.1527
14.2509
24.0588
42.9534
61.9728
30.712
29.5703
74.5225
23.7355
30.4957
43.1213
76.4996
26.5809
49.661
57.5186
38.9887
41.4568
91.5526
26.1268
82.8035
16.4487
41.4976
27.1545
68.3064
15.2444
19.3105
23.6323
119.044
24.7991
112.604
16.4741
26.2296
19.0948
34.5296
27.2366
96.6026
14.2793
92.4062
84.1529
26.8302
13.2821
16.3137
15.0665
34.3981
32.8455
34.7586
7.30357
23.2867
24.8389
58.532
17.2069
12.6393
63.2017
21.8161
24.0449
33.8558
57.0924
16.9423
30.4001
40.8691
22.5341
12.9702
52.3807
47.9513
45.048
70.6733
17.2657
21.7152
77.9828
60.4254
19.5117
31.7543
22.2
57.7737
57.5897
61.375
23.5085
49.3362
25.5052
16.3278
54.6606
13.5288
10.6956
22.1411
44.4607
58.515
32.7379
14.9896
14.1861
15.7097
31.6984
38.934
43.945
36.4282
29.5151
33.4235
20.3815
16.0059
83.7085
24.6847
43.4318
23.061
24.9731
100.915
78.9097
17.9648
8.3471
20.3612
70.9323
20.5914
76.6959
20.7872
39.431
107.954
19.3404
15.3991
42.0946
83.7054
35.7501
50.9127
18.4476
15.9959
53.8858
90.0119
47.1154
31.2483
26.2278
57.8579
26.5735
28.6792
21.0096
20.1333
34.6219
16.8963
47.5018
23.3335
11.1091
8.02995
62.309
35.1168
36.0652
67.3912
12.6594
34.1024
18.6423
61.0299
68.4508
31.303
63.6471
32.6976
22.6392
21.6845
162.505
49.0035
27.6806
19.582
35.5123
28.1012
14.5174
17.5483
32.2623
36.504
15.9904
56.3941
61.7796
53.7748
13.2725
32.8317
20.407
145.833
19.0196
20.3471
36.8458
28.6426
16.0756
106.897
30.4874
34.6142
18.9561
73.4928
21.8907
25.2184
18.7454
52.5719
4.71136
49.2821
27.6775
53.2913
35.2196
20.4188
42.8975
8.62127
67.6836
14.4809
65.0387
16.4926
48.1205
74.8504
9.15129
30.4444
13.5789
24.901
18.7144
47.6486
60.8272
12.8807
89.4649
8.85859
73.9613
21.9448
132.891
8.26798
33.2748
164.889
26.4772
38.2089
78.9695
21.6587
37.556
99.5866
41.1407
65.0734
26.4757
25.5692
104.705
75.8023
71.2042
34.7477
23.0868
14.9564
31.4609
21.1184
8.90638
24.2882
30.9037
12.4174
89.2626
28.1748
76.866
19.0296
35.8055
46.9835
36.3749
37.0454
15.1218
59.8659
9.79442
9.25351
50.4808
13.0267
53.4069
34.1924
33.4738
63.0098
9.62668
34.1787
32.8077
16.9197
104.723
21.0988
18.3774
22.2903
28.605
15.6181
36.9474
41.8969
43.1923
80.1425
17.5567
19.0845
28.6162
14.3324
11.5244
34.5911
36.7255
26.5436
14.1609
34.582
54.2585
160.982
45.0495
35.007
51.7813
42.0207
18.2826
48.0656
38.6607
26.4392
23.2589
25.083
45.6651
31.6485
39.9648
44.4114
20.3918
20.2119
10.2615
79.4216
21.7388
18.3382
49.4794
41.1338
10.4188
55.3741
28.926
13.2754
8.13649
31.4722
16.3771
68.9423
11.3423
24.904
14.4383
30.2329
27.314
35.322
30.6112
39.9251
23.9096
69.5817
20.9827
26.4576
22.7201
19.4563
65.7799
17.4465
50.526
9.13432
27.5499
10.0147
21.0072
73.0368
35.7033
12.7024
40.4977
44.4545
56.9833
28.8262
15.9157
74.8741
31.0491
114.419
6.79414
17.0231
32.4265
87.7021
18.3983
22.154
100.809
80.9931
15.2824
40.0585
54.661
17.9812
51.1272
41.3259
45.0481
33.9539
87.1399
23.8773
13.8309
15.9509
36.0049
49.9809
64.2845
96.4107
13.6009
17.279
31.8583
146.315
18.6849
89.3283
10.5678
63.9079
68.0204
108.457
59.126
47.2162
7.23537
16.5428
20.9312
13.143
59.9992
28.3268
35.7266
88.9142
101.626
21.3081
13.5264
44.9589
66.273
51.5618
69.8537
74.2499
130.436
15.5768
13.7936
80.4955
26.6013
76.4946
23.6678
14.9029
38.8286
36.7646
46.8055
12.4839
17.5543
31.9037
54.0195
25.1171
24.0482
56.5147
36.3679
33.1738
36.0109
12.6128
49.0276
13.6799
44.9984
21.5131
70.5997
78.8793
26.3318
65.7459
8.61988
50.0204
44.3721
14.113
29.2738
58.2833
25.4085
36.7074
39.0717
58.29
21.9268
42.806
14.0194
37.1931
24.4968
16.2235
26.2326
84.0362
16.3719
34.2704
8.91027
24.8288
24.7308
14.2419
39.1664
10.1963
47.5584
14.3521
17.3431
14.2115
84.7413
47.3224
48.0562
159.681
13.7831
63.0021
27.9603
44.9604
53.0246
52.0229
35.6716
50.3155
32.8444
9.87419
23.4043
22.1219
76.2768
54.3884
40.2159
55.4493
8.96769
9.94228
35.2459
24.6008
46.9358
28.4301
16.8494
13.85
40.5191
43.4143
23.9217
47.1694
22.3926
44.1682
77.3891
46.9486
25.4782
17.4054
11.6481
22.2095
59.6291
85.2415
50.5565
31.5654
8.87284
40.1519
12.9178
41.641
67.8128
18.0308
9.51445
34.0191
38.1994
48.5773
16.7306
48.2977
34.865
43.8997
11.0809
14.2167
84.7573
20.4826
25.5195
131.842
28.3971
37.6312
35.3108
26.8654
30.7946
13.4265
53.5864
81.808
60.5267
22.5868
37.9815
8.39722
72.9333
87.6506
26.1626
21.9541
36.3139
28.0365
62.6411
27.413
27.7437
69.499
77.5966
22.8603
44.8265
18.7171
19.4981
79.2579
42.5868
25.4442
84.4779
13.4715
23.1186
10.3007
62.6943
25.3585
31.8534
70.2997
66.7941
55.1603
24.5128
34.7726
84.8309
47.8106
39.5064
19.3843
59.7051
34.3526
28.049
74.4756
50.1827
17.8747
46.3705
12.812
28.4835
29.5463
22.4122
83.396
86.4888
71.9964
35.8706
147.923
71.5815
13.889
46.6294
70.9095
29.6863
36.5364
44.6017
36.886
135.813
20.7628
28.4933
46.5584
24.0456
37.4654
30.1328
48.6555
39.9798
28.6178
89.506
44.2072
26.0336
61.8031
17.2032
18.3604
33.5129
51.9832
47.3997
86.1478
50.1349
53.7798
22.3513
21.1768
37.1672
27.1666
69.3475
41.5823
49.0051
23.4805
58.9512
32.3099
62.6448
84.462
27.8271
40.2381
62.123
64.2509
27.7641
25.8519
30.4464
61.7451
10.8596
17.1105
16.2013
29.0946
62.6577
28.8408
37.2303
36.3711
34.7383
27.5944
45.2311
13.7513
30.0499
54.3553
59.8783
51.9943
57.757
19.8494
30.4689
101.238
27.0528
26.0469
41.5574
12.703
16.9825
40.3532
17.1209
17.4869
94.8828
34.4033
42.6148
53.0768
19.3572
40.0278
17.6214
25.3633
23.9514
90.6372
83.887
23.1761
25.383
106.998
103.084
31.0081
30.408
35.436
21.6854
26.8237
42.9383
43.1656
37.137
54.0989
35.6143
79.3083
19.9361
15.5838
32.2506
23.0257
22.7404
15.473
60.9761
29.6503
24.8668
30.8715
12.4447
24.285
35.9181
46.7362
51.8865
36.5883
26.1167
55.753
88.0708
15.9135
21.6795
27.3361
7.13637
58.1221
21.5193
57.7207
16.8653
15.0553
19.9818
25.6493
28.0778
16.5839
13.2022
62.1187
19.2577
18.4746
48.2506
25.5791
29.569
46.7499
8.83121
55.9275
39.1882
16.1372
33.3732
30.3998
21.3786
71.8313
52.0204
54.9235
79.1482
59.7626
23.9195
40.8631
14.5954
32.4457
61.4969
65.3166
40.4703
14.3426
129.293
74.8104
17.8778
130.056
106.508
23.9901
63.766
40.6807
42.1954
58.4608
38.1479
18.0998
40.793
29.8443
37.6658
27.8517
14.0646
25.6675
7.67774
110.208
75.797
29.409
30.9486
13.984
36.1315
115.216
15.7182
48.9937
22.1449
42.4593
46.7728
31.3193
29.2859
89.0893
18.097
44.2192
104.089
20.3059
26.6362
18.2702
63.9867
89.6756
22.092
8.7499
18.885
27.0963
23.6123
8.61412
28.4978
74.4241
9.77937
65.0854
31.869
23.0554
27.5988
13.5337
39.0143
11.9052
25.3918
16.715
13.1123
59.286
16.2032
74.6079
49.7127
80.9884
31.0534
24.9828
16.5075
27.921
51.5254
73.046
34.8984
23.8043
23.8471
37.5453
31.7099
18.0879
14.0846
61.9841
38.4885
33.805
18.1287
98.2064
45.2393
26.5926
11.2083
30.5479
10.6457
51.9455
68.4185
34.1697
11.1545
19.5445
34.286
19.05
140.434
44.8396
63.3505
20.2646
28.4875
103.701
56.6961
15.1864
18.2652
43.0353
51.877
23.656
38.6365
41.6635
23.2074
15.5911
31.9813
21.4547
42.7551
44.8774
14.5975
29.161
10.5008
67.4718
34.1619
19.0783
16.7445
21.1175
11.442
79.8935
16.0113
13.9088
39.6241
27.3749
36.7311
8.07873
11.0599
27.6564
26.2942
37.5489
25.2633
20.7996
55.159
27.0249
8.12137
27.2509
34.0602
14.3527
43.901
67.2947
13.3939
13.7912
86.1388
66.7869
38.7555
40.4129
11.6445
53.5743
23.1964
25.3062
23.7209
28.087
61.6583
17.1198
44.2394
18.8082
18.868
60.6138
88.9341
56.0906
99.215
26.124
45.2295
34.3844
39.0769
44.4683
23.2593
44.2323
79.3457
18.2735
53.2031
23.7228
12.3203
77.5223
20.6258
26.2847
67.01
11.3733
17.4321
12.6161
36.2304
53.5927
131.584
33.1287
15.0117
22.4997
18.2987
38.8703
37.6828
33.8739
21.8267
43.2798
14.6773
23.6514
35.3888
37.3633
31.9853
51.1383
35.7263
54.3128
36.1383
40.5082
44.009
16.5808
22.3295
37.0428
20.958
30.0273
30.9981
23.1118
42.0276
41.1315
33.88
63.0397
68.9781
76.0282
81.1201
26.9143
18.1443
24.8762
101.619
25.1055
17.7392
30.9756
56.8173
9.29789
37.6128
20.3036
54.552
88.2876
25.4743
20.0029
34.4573
32.1637
16.9237
82.5973
51.3057
17.9635
21.6795
22.5631
22.8452
18.0462
11.8205
47.339
36.756
20.3579
67.5321
51.0608
28.1811
18.6697
22.1161
30.4548
24.3006
39.9293
40.5447
57.0801
25.5871
87.9166
15.0769
15.3368
68.0729
20.6041
44.4371
32.3226
22.2876
58.4765
12.6508
19.3797
28.9507
35.7191
6.27396
17.7803
30.5635
17.1208
47.9833
19.83
42.4691
108.807
20.0996
37.1613
26.5128
34.5701
27.9842
64.816
33.8813
13.1134
25.9904
24.527
30.4053
59.4582
44.4902
28.8623
23.1103
22.4909
58.1455
46.0424
38.1623
25.0285
22.1801
21.7968
74.3146
15.9968
31.3783
9.1351
17.1883
11.6363
21.5236
17.8298
9.37759
55.846
41.3142
31.7592
12.3147
16.9313
60.8335
13.5539
39.4028
18.8748
14.6402
94.4128
16.4533
9.40459
80.6409
22.506
45.2888
24.0326
20.1177
26.9438
17.6774
29.4346
21.8944
34.9462
53.4507
31.9802
56.412
34.9292
139.015
17.5769
48.0038
30.6397
28.6401
15.7571
54.8659
45.2906
24.2542
47.014
37.922
67.1897
73.3568
75.492
20.1236
21.7473
29.3918
36.5301
13.4078
17.4145
42.5005
18.6896
87.6624
48.5306
93.766
46.7113
26.8797
39.8288
23.8791
16.9359
58.597
18.8138
75.7162
15.5327
33.6392
8.96915
14.5405
23.1209
23.9963
71.1759
61.8815
73.6381
28.099
17.0884
24.2736
121.729
14.9562
18.3624
39.21
53.1482
23.4782
33.3618
17.5018
99.4099
19.0331
15.9097
33.4091
16.3881
29.0539
18.1569
28.9879
50.6209
42.9342
8.45387
21.916
11.677
32.0937
64.6563
33.1385
43.1231
69.5969
46.0131
14.5572
17.709
53.8422
59.3454
58.0005
44.9463
22.4926
31.2677
13.3328
23.5783
89.2982
8.68927
160.654
41.5072
38.2593
42.5464
16.4514
94.8602
48.0677
70.8347
10.3934
15.1804
18.7277
42.4562
12.371
62.6354
16.0279
44.6924
84.2013
34.4126
91.4802
13.5137
10.6874
58.0313
11.1251
11.2481
23.359
76.0052
12.1206
18.7048
49.4427
12.6262
11.3956
8.62214
9.54218
26.1903
20.6589
30.4477
12.5128
14.9846
41.9886
11.618
13.8878
46.7053
34.3735
52.8637
12.5746
15.771
44.2812
72.4832
76.7802
14.4254
22.4776
93.9981
60.3749
48.1144
62.9206
25.0345
13.7208
60.3527
15.8247
25.1542
39.8621
48.2195
21.6609
35.1743
45.7619
8.83582
42.9302
21.9296
23.1833
12.8807
25.2662
32.8452
46.1183
7.70802
25.8638
61.9303
9.73847
11.1003
26.7522
28.7673
30.6493
44.8501
14.2542
22.2505
9.20144
10.7414
31.2187
26.1447
49.6361
31.1631
36.9889
38.0257
13.8035
17.3232
18.6203
40.8471
25.9836
48.7304
22.1278
29.1065
55.3672
19.9946
14.9758
12.4568
16.2054
32.9919
43.5909
7.41848
26.2998
32.14
55.0578
88.9272
57.8273
26.9865
30.1972
33.5082
16.8193
29.1456
12.9771
52.0656
31.5119
19.7624
17.6955
35.1309
49.4012
19.0583
12.3155
61.1513
23.7582
23.012
22.5083
24.9462
34.3363
28.7227
33.7482
88.0037
24.2669
9.60389
11.1221
50.8704
18.3835
32.4024
15.1719
78.6527
38.4368
53.2603
18.5326
30.8254
14.004
18.287
16.5868
36.459
11.7011
80.1345
48.5504
74.9888
13.5269
37.4536
24.2978
38.022
79.5068
20.6473
30.5018
15.8055
16.0715
22.4293
26.3005
60.8739
24.344
43.4516
32.0538
38.481
136.608
48.3869
107.575
87.5182
46.3757
14.8393
32.1051
20.786
49.9269
45.6781
7.62129
20.4378
84.1325
89.253
39.6385
46.2861
9.34617
62.2052
14.3319
30.8587
70.1466
38.2695
13.379
43.7835
61.0009
39.0928
107.545
32.6591
27.5546
44.1434
61.6661
32.6197
36.2953
41.4917
31.2464
23.2132
9.37754
40.4159
15.941
18.863
59.6776
52.1187
31.6709
67.5643
28.5618
33.4507
31.225
21.3309
23.9074
15.2677
34.0885
37.9442
34.9292
32.9699
22.7948
22.7098
24.5943
21.978
37.3416
76.8824
30.3727
13.7352
40.918
94.8582
47.1438
31.1873
5.78341
20.8354
15.5932
27.1311
16.3061
50.3612
20.5852
27.0756
20.7517
15.2952
89.3446
50.8193
25.7185
13.4466
13.4939
22.7523
17.2131
24.8721
43.5748
37.0561
95.3519
18.2549
113.501
50.1046
28.8038
44.5908
31.8592
52.7309
29.7382
82.7979
18.6452
41.6865
30.1714
23.1515
74.4149
17.5104
30.1136
61.1901
20.0334
39.6604
29.3399
94.5607
11.4238
93.0073
44.9804
14.1417
13.0029
26.5176
11.0767
40.8313
50.5186
32.0908
18.7288
21.9832
89.3802
26.4566
50.1046
61.6337
42.1485
25.6606
12.9662
69.018
90.7374
57.0094
22.7947
86.8057
70.6411
13.3611
48.722
52.461
11.2238
44.2044
17.1755
11.763
14.1324
45.8629
49.364
54.8583
40.4807
34.3433
104.973
20.7332
13.7912
49.4402
72.5816
13.4046
73.077
22.2678
18.4014
30.4891
20.1086
99.856
110.31
59.4386
53.1847
51.1686
53.8419
48.125
23.2803
26.4175
32.9727
80.077
21.3153
11.6942
55.0247
53.5725
16.9267
37.1573
67.1477
74.2323
23.5739
55.6353
24.5989
58.8646
25.3641
8.70856
23.99
21.2766
10.193
18.0384
14.5779
32.3515
11.3719
43.5412
21.6739
22.3494
34.4509
49.8365
72.3755
58.7262
59.6816
46.0919
33.9487
46.8747
14.6374
118.215
53.5199
25.4653
26.3947
15.3519
34.7573
36.7373
14.6184
36.8838
5.01306
24.1113
52.7271
74.5464
47.696
140.362
15.4685
50.9708
20.4573
27.4609
12.4494
37.3683
43.9328
40.9433
27.4723
94.7255
15.0663
49.7364
33.9102
45.3572
32.399
25.4712
39.2151
20.6116
28.5989
10.714
23.2649
15.9284
10.5076
32.1176
11.0032
33.2547
23.81
31.7746
75.8154
20.7473
13.4833
7.00805
25.5898
28.4104
71.0635
17.4971
28.2918
10.6403
52.1089
60.4237
46.1965
55.9903
38.9764
19.505
27.0051
60.5338
22.3626
27.036
66.9707
18.3876
10.7946
35.4684
22.6967
19.079
17.9448
40.1491
21.2555
36.3284
22.7273
19.4185
11.7734
36.4578
59.8453
19.8215
32.5721
22.4768
44.3055
89.0495
49.9127
49.7508
18.1793
23.85
200.044
56.7507
41.082
8.41955
19.9911
56.5646
24.6985
22.4495
24.3445
20.9472
15.3199
8.48631
49.5106
51.1728
29.4778
8.72515
20.0051
75.0914
48.6321
34.1736
15.2259
23.9317
56.6894
37.0897
15.2012
64.254
20.5273
11.379
21.448
26.6824
29.3293
14.863
50.3067
21.3432
47.1692
35.3213
56.7856
89.2589
26.5026
46.56
22.6084
49.9519
100.84
40.8292
52.7106
19.563
108.999
62.7403
20.4544
66.3902
58.8195
34.1384
20.2375
19.2995
34.808
22.1485
39.0884
40.2549
12.5451
16.5822
31.5582
82.4749
64.7853
20.7113
21.8533
24.5673
17.0188
25.6264
28.8185
33.2912
20.8185
135.425
26.2851
17.2675
14.525
46.4401
75.7262
133.167
38.0502
35.1884
67.6329
11.3357
120.519
17.3738
33.3493
29.9426
84.1523
60.8332
30.8737
28.1929
6.5314
38.7626
56.8667
47.3905
66.7231
34.2131
56.2912
10.0302
23.4176
10.5835
33.8865
30.6235
103.944
10.6563
10.3184
15.5881
103.317
23.3148
15.213
59.8982
29.1229
33.0064
55.6498
29.7414
10.1787
25.5583
36.7678
31.1046
21.4906
44.2192
131.834
26.67
49.9883
20.1399
8.99665
21.9934
40.21
52.0098
12.037
36.9811
28.5427
9.84801
27.0396
40.8304
32.3953
31.0693
20.9242
107.403
150.493
34.9976
44.6479
52.2137
17.0318
18.7283
13.5266
48.3285
26.4628
19.3116
62.6093
7.48867
18.982
50.8889
15.9841
19.9412
44.6326
35.5986
56.4805
40.4039
25.5816
24.6359
15.4653
43.8508
34.2836
29.4622
54.9123
79.6465
38.2786
17.9115
21.3276
55.4007
30.8674
29.8561
38.2619
14.5593
89.2612
22.7462
20.2959
30.4232
32.3946
48.955
16.1575
56.1298
13.9064
84.2849
29.7562
21.9312
133.374
24.0393
25.7599
67.1631
21.2379
69.8676
80.7152
8.32145
27.0916
63.572
17.2768
78.0856
77.8462
22.896
42.7972
49.1768
56.009
56.5939
7.78108
23.8682
20.1729
39.1023
53.6209
37.9357
27.1126
47.763
37.7267
24.0924
26.8781
43.2541
108.369
54.5201
27.6434
25.6818
38.4137
41.7578
35.2069
70.5085
26.8308
41.1759
31.2293
13.4392
118.826
18.111
27.7993
9.77255
74.1846
26.4087
106.176
45.3244
21.8193
66.2871
12.0679
36.7432
11.1926
47.9178
56.3303
37.8365
32.8217
35.9187
85.1538
27.2932
8.94296
33.5136
39.5006
16.9595
26.3826
48.9586
28.3203
70.1039
52.1142
42.4958
14.9753
22.7845
26.2925
36.4026
56.0988
64.1115
57.0047
17.9988
27.5102
31.1427
85.3536
40.7769
30.0071
15.2177
50.7528
32.5345
35.599
133.657
87.9762
28.9532
30.1206
23.3717
79.4018
24.6629
22.2214
38.4995
24.3991
49.2303
30.82
15.452
25.974
11.1932
16.3969
51.7417
13.9368
30.9168
41.5082
78.4842
106.322
50.4034
35.773
29.1009
42.4644
18.0536
26.7641
30.4677
15.2792
43.4561
17.313
46.8796
31.3846
61.508
19.863
44.5519
65.2708
26.7103
12.3348
21.4996
57.4965
61.8609
22.7385
28.2253
51.9907
86.4769
14.5407
13.4982
32.9028
9.21905
33.7114
30.5257
40.4623
30.164
11.9353
28.2732
22.3114
39.8316
8.66652
53.0361
34.3158
126.102
110.051
34.4372
26.0738
18.2142
28.586
35.8599
47.561
40.3862
128.964
15.2961
38.1214
23.023
50.7924
84.3768
13.804
14.6058
23.0164
22.4337
30.3118
77.9386
57.5081
46.4074
62.6259
76.7978
25.1337
29.9553
19.7747
34.4069
29.6617
23.1551
30.9
10.1573
78.7366
52.8062
49.0521
104.97
47.7819
78.0221
12.3366
110.429
40.461
108.059
37.6007
55.2791
108.144
48.0768
45.8705
46.1553
97.4234
13.1556
22.8347
232.796
61.2899
34.6228
11.8144
19.4928
32.5198
20.5318
21.3157
29.8879
18.7027
148.804
52.7332
74.5359
42.133
77.3957
43.5252
19.7816
34.3844
27.4736
53.4325
20.9695
34.1865
11.1579
20.2092
6.20262
28.9911
45.5448
53.2473
11.8394
64.2191
41.6526
34.8057
22.5318
15.7892
19.1635
178.392
25.3216
21.061
7.6734
19.0054
36.7438
49.0803
26.1645
78.3234
25.4993
43.886
52.9219
33.147
20.3136
65.9674
25.3286
78.626
23.4461
73.8881
33.6018
52.9131
82.6579
16.8382
28.7924
29.4263
26.7698
27.4922
18.5121
37.6938
26.3697
47.115
55.1045
78.3241
59.0962
52.1004
35.6089
17.6543
8.94393
77.7394
87.3085
157.16
17.64
128.055
30.2009
24.636
35.2171
45.7697
24.4444
11.678
62.3828
23.1561
11.3028
15.9427
126.713
11.0814
54.9111
37.2389
46.1777
12.2286
30.2426
21.3634
43.1043
34.7945
106.481
30.7661
66.6321
20.3783
15.8762
28.1643
35.967
28.5131
11.3247
43.5251
72.4152
51.5947
30.5631
22.3887
72.5658
10.9543
21.3215
168.021
29.64
15.1916
69.4852
23.3089
76.2701
21.1832
40.95
16.3418
9.27439
114.135
99.5635
16.554
14.9021
31.1052
12.8305
19.8386
32.3872
45.8591
66.6144
53.052
42.3519
8.76597
38.8879
20.3144
67.4859
47.2536
23.8207
43.1689
19.6249
19.459
72.403
25.8323
24.0503
29.6341
13.1376
10.5217
24.2508
26.6444
42.8318
13.9628
23.4381
40.3668
7.15677
25.9954
37.4437
67.0123
60.39
36.3291
31.2967
8.67842
28.3088
54.1368
51.3766
36.5094
15.9859
64.9782
25.3061
23.0555
60.9383
38.3031
26.3018
32.2808
30.2193
106.553
13.3783
11.4611
20.099
21.5276
66.1065
19.7571
95.9449
155.173
33.8267
96.497
56.1345
26.054
64.997
28.9313
21.8019
17.7973
48.12
91.5549
14.2038
26.4458
78.7636
61.746
32.4681
50.4195
78.6148
23.0962
17.7692
42.067
40.3399
18.3767
42.7894
42.93
17.219
13.0435
25.3655
5.38421
30.9554
29.1894
51.7998
24.1502
50.44
31.5896
13.462
32.0435
66.4594
35.7827
76.0051
54.3426
28.5793
14.9115
43.2234
27.4117
17.0217
63.9849
18.8498
14.5759
73.4452
22.0621
26.0298
9.12427
9.02594
8.27096
8.22019
32.3172
75.0419
37.6277
22.4033
57.6722
90.7921
23.0141
15.2522
14.4742
12.6708
71.9139
22.5703
13.4424
49.0465
15.9045
15.3514
52.5471
94.8362
16.1524
52.4927
25.363
14.5276
21.5517
11.2586
42.2086
43.1322
41.7894
49.7448
22.8757
7.70286
42.9177
26.3761
17.5224
68.0021
62.5025
35.8213
28.2419
83.0905
54.3521
47.587
15.0107
35.0546
16.254
20.0376
24.753
26.559
12.9526
42.9549
61.795
36.0118
29.3619
21.0043
40.6203
8.08114
45.362
29.0393
31.2952
61.7533
19.1
75.4941
57.4472
28.9961
32.3271
43.3268
45.2511
23.5778
30.2991
29.7931
46.3138
35.143
60.609
57.8268
54.7252
57.2602
56.1496
39.3535
22.5112
21.2171
21.1195
36.615
10.1225
42.3401
49.9606
54.7548
17.4354
27.2367
55.6832
38.7589
32.7143
34.1903
16.7608
53.9821
99.18
80.7143
53.0734
25.6479
45.6366
16.3786
22.4477
125.279
75.9167
12.6314
29.6058
8.89134
37.593
37.7651
51.5767
19.0551
75.7758
67.4505
30.4272
52.2185
30.7451
40.6354
67.0015
28.1968
13.7311
12.402
11.4164
44.4741
24.5216
49.2023
26.9712
24.9141
47.9241
47.9006
39.32
104.978
50.8283
67.4458
69.2342
34.0236
51.2849
31.028
10.8742
14.5948
30.2387
70.9797
20.2603
84.7672
25.0383
10.2866
30.3523
21.4122
20.1923
66.589
37.1182
22.1735
24.0136
22.0239
38.5761
29.8639
27.4826
113.668
59.5073
62.8946
37.8308
51.6132
37.1439
21.8114
19.9694
19.6498
16.0905
37.6822
15.7331
35.5258
57.0762
24.9943
45.3567
32.4666
40.5872
31.6548
98.9166
39.8839
78.4055
24.4775
22.1778
23.0697
89.6189
9.11682
13.8596
56.8761
31.4189
26.5067
13.3722
10.0166
48.381
31.6604
18.3396
56.1926
46.5839
13.4649
28.1796
34.1406
27.9732
76.0356
53.0769
20.0309
20.7901
76.8303
20.8089
28.8501
41.9953
29.5063
76.319
7.78535
16.883
93.4531
29.0059
18.5288
36.089
26.3433
26.7626
13.693
22.3633
46.5149
43.4635
32.4871
37.3708
39.065
35.3769
13.9761
16.7433
21.8332
13.7399
84.2446
80.9274
34.0182
37.2387
23.3658
42.9945
50.5808
20.0882
11.4695
23.9376
16.1374
45.3519
9.97879
36.5556
50.7415
111.122
10.3896
134.627
24.5267
29.9031
25.2264
86.3236
52.8409
18.9649
30.9639
19.8098
9.45357
11.0102
14.837
22.0454
10.4229
10.2984
20.0575
57.6216
35.3602
9.9651
16.2634
41.7958
20.2139
75.9701
61.2235
20.5131
77.1318
25.2891
46.4705
14.3069
48.7935
53.5287
67.1688
115.514
45.3171
73.7828
8.9786
16.9075
54.4882
25.8622
56.8441
74.1353
21.305
35.7805
47.125
22.4295
20.3667
75.6607
8.99642
47.5982
34.7782
19.2261
57.2292
51.6785
130.022
22.1401
38.1183
12.9692
30.2204
63.7272
50.7788
9.8229
27.1813
77.1015
7.20737
34.2276
56.7943
84.5574
42.3269
11.8043
126.206
20.824
44.6885
23.0226
120.596
41.7224
26.5521
67.4694
43.3094
21.1438
6.73704
28.7465
39.6446
101.935
36.0265
76.1872
18.5219
73.5206
53.5869
50.7783
26.661
20.14
39.675
20.7519
64.6332
19.5683
16.7359
40.7189
13.9471
23.1393
59.047
17.221
22.4634
38.1549
46.6048
34.4211
33.6421
18.6325
72.6413
76.2598
35.0017
16.6056
76.0014
47.4883
9.16112
26.3259
36.9691
15.401
53.2145
14.5912
41.6954
19.5843
32.086
49.5414
11.807
19.3967
8.62945
23.4523
59.4101
33.2772
13.3327
87.7314
17.8992
13.8852
43.0982
40.5427
60.9366
30.5136
61.2204
41.4327
19.2923
47.8982
48.5879
37.1999
57.4842
72.2092
57.9122
42.5782
49.9083
52.8552
62.921
54.7361
44.9552
19.9272
64.8377
16.2356
31.8391
19.6377
26.4554
37.6856
28.625
48.7707
28.1973
29.3541
26.7353
48.6448
18.1095
10.767
23.1058
25.6028
62.2668
27.0818
36.8961
54.0269
21.7877
52.346
33.5215
31.4243
40.8933
25.3952
13.7566
33.3401
63.6581
28.9487
12.2224
33.9677
13.2304
14.0966
60.461
73.5239
40.3059
20.3496
94.2118
31.6835
67.0306
31.346
77.627
7.89989
6.75448
61.1482
86.1203
35.9249
25.7787
86.7984
21.6517
16.4578
30.287
44.6006
25.643
22.7691
45.692
33.9557
35.0176
59.0527
14.3017
35.6122
71.8157
17.1876
19.5516
12.761
32.8908
31.4
32.3685
114.335
39.9743
53.1359
45.23
10.1544
25.5241
9.31144
20.6366
11.5608
25.8598
39.7867
31.2736
11.3974
25.0121
55.9638
108.03
23.2146
51.7704
21.8207
38.0382
28.0554
30.8804
27.91
43.8953
26.2715
32.7471
37.473
11.3402
33.1631
24.9522
78.968
69.7894
21.8186
74.6294
33.6958
38.7823
18.7812
25.11
99.8483
110.349
68.895
38.8373
11.4781
41.5449
34.6397
54.6022
17.6788
50.4167
71.7447
24.7727
44.3415
30.7534
28.7314
59.5821
16.5889
24.8479
28.6882
52.7636
64.3456
14.6312
71.3616
70.8658
33.6409
31.6477
27.8688
26.064
11.664
30.1632
43.8432
21.8096
35.9607
9.32835
63.0002
20.8291
15.4161
50.5692
9.8571
79.9482
9.63097
43.0466
94.3536
13.5559
22.9424
38.3445
32.665
61.7096
21.7642
41.7927
31.8716
13.6118
55.0318
31.4645
8.42646
34.1855
17.7336
51.7428
32.1351
18.1804
30.0507
35.2243
15.392
71.2688
28.0983
9.87551
63.3949
16.7378
92.8011
77.6665
16.34
53.7872
25.2044
57.6093
21.04
41.5942
57.5864
8.72464
24.6104
45.4315
126.811
11.7046
29.4821
24.0443
39.2045
62.4293
58.887
35.9486
13.3321
9.87862
41.5098
59.44
28.7453
61.5694
26.6699
36.8178
29.2642
13.4177
34.4885
34.2778
102.848
72.7552
15.2111
22.504
49.8882
9.72737
36.6732
21.2583
52.4732
10.5164
19.6786
44.0435
35.4899
49.7219
63.6603
42.4181
21.9232
66.8292
48.5545
96.9292
17.9967
83.7623
34.3696
13.7376
9.63115
35.9986
27.5059
67.3589
17.7285
19.8582
22.0247
11.2197
85.556
11.4422
59.0652
13.261
14.8688
27.3516
34.6228
11.5385
22.1254
54.6674
12.1325
39.2534
28.5792
22.3718
53.2576
108.995
44.772
39.1377
30.3677
14.4338
105.64
45.9059
56.4371
66.4121
48.5501
37.103
32.5059
29.8709
45.0566
76.0148
17.8555
26.9875
50.8951
35.0708
114.344
39.6849
45.1535
59.9076
51.6483
8.36652
29.8621
54.0199
67.2024
74.0102
20.041
21.9159
23.8308
43.4767
20.8614
21.2338
50.673
28.3401
28.1313
13.9876
17.8321
22.7174
21.9674
118.019
14.7044
24.7207
27.6549
28.6434
48.6866
10.4646
106.573
36.8453
22.0619
7.67783
21.7838
16.9475
29.5953
14.439
45.499
51.3644
39.115
6.96663
43.7386
18.1622
28.926
66.402
20.7882
11.3106
21.6194
64.7405
10.8961
16.8419
71.4106
14.7997
22.7797
34.6222
45.2838
57.4073
37.039
43.6514
8.91622
23.5598
114.111
82.9657
18.4773
16.0802
60.3781
80.6732
42.889
44.0976
22.0703
25.546
37.4041
20.9735
37.8912
14.335
41.0205
74.5713
16.331
17.9821
88.5579
9.35661
50.4873
27.0635
70.5722
103.965
26.3044
40.9422
19.968
97.0796
11.4673
40.3059
24.1449
54.8568
68.0962
34.5339
46.5725
41.6883
25.8621
14.9985
54.0297
109.686
16.9982
124.532
52.4749
33.9541
17.7216
47.698
19.0802
15.4617
71.9209
19.3839
15.5957
61.3284
11.2207
21.11
19.9328
27.9478
29.1931
22.7326
12.4543
13.91
29.6918
20.7591
30.2817
31.7729
52.8483
39.8443
33.7002
107.853
19.555
45.0678
12.991
35.1044
90.5803
16.9751
62.4272
15.2684
81.4777
20.4805
9.24436
58.2412
13.3367
63.9565
130.545
19.6733
31.4719
17.4081
38.5472
18.7914
32.8131
52.9368
23.7703
17.6641
68.0288
27.9023
30.8819
19.2277
38.9529
28.6214
12.8981
71.4117
28.9169
121.148
50.9447
19.8956
45.9794
8.95643
14.8373
30.1248
81.1458
35.3442
56.5382
132.145
110.365
43.5286
37.1567
11.6475
9.69573
13.7522
37.8006
43.2822
41.8858
14.6622
16.3403
73.1372
11.5121
46.2751
19.3685
31.6417
43.9811
100.333
11.1736
12.8241
29.1737
99.0004
37.0876
13.6734
12.3129
38.8539
16.675
20.9346
69.0247
14.5943
72.589
12.9198
32.721
18.0988
18.9925
17.0833
31.3081
14.6653
21.8584
90.019
19.4333
22.5939
19.0624
44.326
57.9485
18.8321
80.037
78.9579
53.3593
31.3976
42.6854
77.4817
73.9261
16.9704
74.6658
124.115
16.889
26.1782
28.1005
44.8522
36.9331
48.1921
23.2259
58.5464
29.8465
67.3951
17.5819
33.7673
15.3269
36.5499
39.649
66.9446
41.265
11.6884
29.5236
9.30261
15.5499
49.1582
34.397
77.6079
100.621
29.9971
37.1919
8.65142
28.3636
8.38448
19.243
40.6728
24.9131
47.6794
56.3085
59.8917
33.0053
61.6586
43.5714
14.6164
39.0289
24.2698
37.5177
80.2255
9.33289
110.732
19.8556
53.7673
17.6252
13.1503
16.0396
117.664
16.2335
74.0274
41.09
30.1221
31.8306
23.9055
26.5722
30.7118
70.6389
67.6913
48.0912