1.01776e7
8.31278e7
3.06465e7
1.555e7
1.08245e7
2.2356e7
7.85055e7
7.79033e7
4.79423e7
7.74807e6
3.63529e7
2.01583e7
3.01727e7
4.81421e7
5.94933e6
1.11441e7
6.959e7
3.82678e7
3.38856e7
1.5611e7
7.92603e6
9.57072e7
7.3802e7
3.00351e6
8.36048e7
2.99946e6
7.57908e6
4.53666e7
904251
6.31826e7
6.86921e7
5.10053e7
9.27158e6
3.26189e6
2.30148e7
9.53083e6
5.0145e7
4.91807e7
6.69494e7
1.71228e7
2.90118e6
1.92301e7
2.12922e7
4.13507e6
9.01461e7
2.54286e6
5.67723e6
1.55766e7
1.06919e7
1.37799e7
2.09548e6
1.995e6
6.08497e7
4.30817e7
6.59795e7
1.44567e7
1.24764e7
6.65318e6
2.34372e7
4.02906e7
2.89257e7
2.38961e7
3.50985e7
3.62206e7
3.11811e7
3.38758e6
8.12091e6
9.00526e7
2.11784e7
3.15134e7
1.93059e7
2.22716e7
3.65571e7
9.00125e7
3.15547e7
3.37787e7
9.5941e6
3.72569e7
3.9776e7
1.07547e7
4.42896e7
7.70833e7
8.27914e7
4.8417e7
8.69801e7
3.10857e6
1.07821e7
5.77002e7
5.1876e7
5.26605e7
1.73368e7
2.69749e7
7.42584e7
9.19591e7
1.16044e7
1.60897e7
3.15898e7
2.93273e7
1.28139e6
6.87016e7
1.31916e7
3.25717e7
2.00258e7
6.51621e7
2.23576e7
8.56996e7
6.69409e7
9.64461e7
3.97725e7
2.41756e7
2.35193e7
6.11831e7
2.41016e7
9.25702e7
4.01486e7
7.4031e6
5.77582e7
9.0509e6
6.82572e7
2.40699e7
5.77192e7
5.66338e7
6.49075e7
7.24327e7
2.78586e7
3.94965e6
2.4277e7
6.96962e7
3.72125e6
2.03368e7
9.43938e6
8.39052e7
8.34716e7
3.28646e7
5.61932e7
4.58653e7
1.36238e7
1.06676e6
3.21524e7
4.878e7
3.67217e7
3.02609e6
6.56662e7
3.15551e7
5.94106e7
4.83777e6
2.90897e7
5.25028e7
4.86581e7
5.18479e7
4.96666e7
4.29779e7
8.65926e7
2.08188e6
9.30812e7
6.22595e7
2.15514e7
5.81957e7
3.71157e7
3.48539e7
6.20965e6
1.208e7
2.78529e6
3.7111e7
3.76257e7
1.77469e7
1.33536e7
5.39029e6
1.89996e7
9.79229e7
5.90034e7
9.52233e7
7.50248e6
3.31395e7
4.4694e7
8.28033e7
4.49702e6
6.77198e7
2.09593e7
1.45844e7
1.75918e7
2.15716e7
7.3261e6
1.25922e7
9.18731e7
9.46251e7
1.53607e7
9.38961e7
3.43812e7
2.74565e7
2.02612e7
502573
7.12135e6
7.57049e7
4.86464e7
7.37425e7
6.46642e7
1.55186e7
9.96729e7
2.36183e7
5.45183e7
1.22144e7
3.37564e7
4.47814e7
6.32907e7
3.89526e6
4.36245e7
2.16649e7
2.03714e7
6.04554e7
2.90199e6
4.2102e7
5.66564e7
631442
7.62055e7
887159
3.96857e6
6.35487e7
6.71731e7
5.20792e6
8.34892e6
6.004e7
4.37025e7
7.43526e7
3.39198e7
4.81702e7
8.94283e7
7.43715e7
6.0323e7
6.63247e7
1.47741e7
5.56746e7
5.64861e7
1.36152e7
5.91574e7
8.21713e7
7.77966e6
2.12281e7
2.52273e7
7.57591e7
3.19311e6
1.81761e7
4.37187e7
2.97497e7
1.97369e6
1.3585e7
6.41049e7
3.93266e7
3.10849e7
4.71998e6
1.44331e7
1.14448e7
9.95657e7
1.90776e7
3.51782e6
1.73763e7
2.91736e7
8.82856e7
4.92187e7
4.31176e7
7.21503e7
6.48319e6
8.14235e7
9.72606e6
2.64265e7
8.75283e6
1.2357e7
7.27872e7
2.7677e7
9.5513e7
9.819e7
9.23609e7
1.5293e7
1.78471e7
2.82956e7
4.96462e7
4.79786e7
3.49742e7
6.58454e7
403683
6.84007e7
4.23018e6
2.53143e7
4.64716e6
2.05377e6
8.80317e7
5.56462e6
3.31885e7
5.21962e7
3.53435e7
3.65149e7
6.9948e6
4.29969e7
3.3256e7
7.61192e7
4.64749e6
5.65345e7
3.84131e7
4.08828e6
125648
1.73676e7
9.25847e7
5.37822e7
8.74768e7
7.3208e6
1.264e7
1.03245e6
4.4961e7
1.22528e7
1.5782e7
2.31431e7
1.98927e7
1.94794e7
3.88807e7
1.53227e7
9.99729e7
4.36137e7
2.72356e7
6.13317e7
4.85394e6
8.72154e6
3.68572e7
3.96163e7
2.05348e7
3.2935e7
6.22384e6
2.90631e7
6.53058e7
7.87519e7
3.26334e7
1.86683e7
5.81539e7
6.97814e7
5.02481e7
8.12549e7
5.37801e7
6.36611e7
5.16721e7
3.5204e7
1.39666e6
3.87992e6
2.34088e7
2.42082e7
3.74939e7
2.18916e7
8.25329e7
7.4793e7
1.89248e7
2.3262e7
1.90467e7
5.56547e6
5.91435e6
5.63724e7
3.78435e7
2.24949e7
5.67968e6
6.30072e7
1.53458e6
7.89676e7
2.86447e6
7.27127e7
1.68741e7
5.15723e6
2.52553e7
1.15221e7
4.03135e7
3.0092e7
6.40249e7
4.86486e7
4.59286e7
2.40914e7
4.71012e7
9.22685e7
8.88374e6
4.06271e7
9.83271e7
9.64332e6
6.22073e7
1.14813e7
9.50932e7
3.09461e7
3.71322e6
3.78774e7
8.93615e7
5.96724e7
4.53053e7
531563
1.33091e7
4.59625e7
8.7257e6
9.43573e7
7.4887e6
7.87318e7
3.36308e6
6.05678e7
1.93397e7
7.46534e7
2.87745e7
1.63588e7
2.14795e7
5.43204e7
2.15201e7
8.23568e7
9.62335e6
3.99526e7
1.33009e7
7.6891e7
2.07323e7
8.9377e7
2.5993e7
1.07196e7
9.02134e7
1.87683e7
4.47436e7
2.42787e7
7.00618e7
4.93845e7
8.8306e6
44813
3.42142e7
3.0278e7
3.45168e7
6.35268e7
4.87593e6
8.69775e6
1.22772e7
7.42273e7
9.24681e7
6.16882e7
5.55123e7
8.98191e7
8.96638e7
3.64216e7
7.17975e7
2.60522e6
2.91034e7
4.93175e7
4.41838e7
1.75809e7
5.04236e7
6.96069e6
2.13957e7
9.09598e6
2.25378e7
9.5158e7
4.77554e7
1.93895e7
5.22461e7
1.48524e7
3.89911e7
7.04327e7
3.58115e7
2.6204e6
4.25324e7
5.86309e7
3.56705e7
5.30888e6
9.72799e7
4.7191e7
3.46182e7
3.25638e7
2.06321e7
2.81484e7
6.35348e7
1.19838e7
6.92494e7
9.87148e7
2.91899e6
889561
9.75223e7
1.39144e7
1.43303e6
1.83055e6
8.11819e7
9.80348e7
6.67275e6
1.60556e7
9.62693e6
2.33141e7
3.48882e7
2.43177e7
2.31609e7
1.40842e7
1.63291e7
2.64056e7
1.35603e7
9.94579e7
2.4196e7
1.08006e7
5.00298e7
3.95789e7
9.59199e7
6.70674e7
4.39812e7
3.50789e7
6.29515e6
2.47663e7
3.29328e7
7.45929e6
4.87823e7
8.89062e7
8.45246e7
4.85254e7
6.8503e7
1.72723e7
5.61824e7
2.13755e7
2.90456e7
4.80613e7
2.23458e7
7.25118e7
4.18589e6
5.07711e7
2.89133e7
9.11226e7
2.33962e7
1.47895e7
1.89734e7
4.57156e7
3.68552e7
3.44498e7
2.31054e7
3.1408e7
5.04545e7
1.84199e6
9.40013e7
9.96099e7
3.1756e7
3.61152e7
2.22614e7
1.74918e6
4.43317e6
5.66936e7
3.32591e7
2.61154e6
3.46237e7
6.68434e6
5.7558e7
5.03517e7
5.99192e7
1.82587e7
2.00539e7
4.29426e7
3.6919e7
7.29909e6
5.43612e7
4.78401e7
5.33793e6
2.91678e7
2.43684e7
3.48236e7
1.77837e7
9.13601e7
2.48627e7
6.51143e7
8.9982e6
3.9414e6
4.36376e6
1.52882e7
3.55819e7
4.15166e7
1.44513e7
1.50009e7
3.53326e6
8.63633e6
7.07687e7
1.01531e7
6.63417e7
4.33983e7
7.31325e7
5.66045e7
9.95286e7
3.34839e7
527352
4.73075e6
6.56075e7
1.30584e7
9.10537e7
1.46559e7
7.45792e7
4.8622e7
1.3941e7
1.33055e7
3.25848e7
8.5748e7
3.09869e7
4.78129e7
2.80721e7
5.26316e6
1.78801e7
2.02205e7
3.81437e7
4.86412e6
1.48402e7
4.70255e6
1.9599e6
4.05172e7
4.49697e7
5.36539e7
7.69189e7
4.78797e7
3.3166e7
7.1547e7
7.45432e7
1.32296e7
8.959e7
6.06081e6
1.08039e6
2.44092e7
7.78696e7
8.00826e7
1.564e7
9.32607e7
9.73642e7
1.45165e7
7.30695e7
5.73923e6
4.98633e7
2.88954e6
6.86612e7
9.56853e7
5.84667e7
7.04426e7
4.86765e7
7.16434e7
8.68424e7
6.89444e7
1.02203e6
1.12583e7
3.94816e7
2.8982e7
3.71197e6
9.26319e7
1.74148e7
5.26489e7
1.22656e7
1.68033e7
64092.1
1.54399e7
3.0973e7
4.93469e6
8.40168e7
6.36732e7
6.10678e7
2.24896e7
4.16304e7
3.32897e6
1.55985e7
3.81185e7
9.0787e7
1.95911e7
8.28257e7
359521
2.56836e7
3.50217e7
5.78776e6
2.3235e7
7.78205e7
3.11429e7
1.97692e7
1.87052e7
6.17632e6
3.85929e7
3.81497e7
3.57079e7
5.34588e7
8.27557e7
2.44904e7
5.18674e7
8.41263e7
5.49908e7
4.97289e7
8.92508e7
3.52356e7
3.87817e7
4.61617e6
4.60571e7
3.15071e7
6.65066e7
5.21068e7
5.53621e7
5.73851e7
2.53458e6
8.21276e6
6.14601e7
3.00303e7
3.3072e7
9.06174e7
9.05436e7
3.55041e7
1.9795e7
1.93689e7
6.79765e7
7.2945e7
5.01602e6
6.11614e6
6.32222e7
2.1943e7
5.71817e6
5.41948e7
1.69604e7
4.75452e6
5.10497e7
9.77817e7
7.57499e7
1.39174e7
3.4314e7
6.27113e6
6.65488e7
6.4883e7
5.19362e7
8.16041e7
3.01308e7
4.00685e7
3.16475e7
9.34701e6
6.48664e7
1.12489e7
2.77493e7
1.98146e7
7.34382e7
1.1069e7
9.24516e7
5.5711e7
6.4848e7
1.8566e7
8.22932e6
1.83305e7
3.80751e7
9.60416e7
7.69843e6
6.36285e7
5.08825e7
2.51124e7
4.31826e7
1.86612e7
1.84417e7
4.43102e7
9.99805e6
8.80735e6
2.26492e7
9.62454e7
6.82531e6
9.19819e6
5.95751e7
1.99703e7
4.70866e7
2.59364e7
7.16982e7
4.92619e7
3.63713e7
2.92311e7
1.15083e7
6.03282e7
5.20152e7
2.28414e7
2.14709e7
9.09461e7
7.42128e6
6.63011e6
5.07183e7
8.50167e6
3.03059e7
4.02788e7
1.38646e7
6.50233e7
3.90289e7
3.21367e7
3.27002e7
9.95846e6
2.37117e7
9.40473e7
9.4791e7
2.38072e7
5.82981e6
3.29415e7
2.00313e7
2.26891e7
2.39509e7
1.56083e7
6.09764e7
1.75226e7
6.9243e7
112170
1.41595e7
9.78323e6
5.63616e6
6.04265e7
1.43137e6
1.00683e7
7.58335e7
2.84747e7
2.21502e7