2276.9
957.31
641.884
1124.31
1007.62
188.228
312.561
70.5273
457.189
593.527
264.038
508.024
501.61
259.458
192.13
456.387
1984.78
71.3382
190.726
429.104
769.456
242.49
562.328
827.016
460.249
289.321
1450.41
1880.71
576.005
560.19
115.426
612.201
164.592
422.173
445.508
320.549
2329.08
137.636
303.923
758.065
4141.99
970.779
1170.71
364.565
270.367
392.069
178.199
1207.83
241.12
597.796
468.183
1275.42
132.025
611.844
128.211
99.744
349.947
842.035
596.484
652.639
158.456
1458.53
576.705
3631.78
556.032
289.796
1466.8
344.978
754.881
142.498
880.163
1638.8
795.026
1340.77
101.338
199.687
217.439
746.654
987.563
302.984
484.182
343.177
495.805
570.243
1228.56
298.874
1666.77
436.875
437.138
200.057
270.209
256.798
572.93
103.563
1026.69
924.941
2254.46
502.468
247.87
640.252
491.848
102.915
2002.94
269.697
354.119
958.923
2158.96
964.184
1746.37
368.809
1410.9
107.984
385.017
916.185
709.379
370.866
1063.99
964.54
364.077
696
243.301
1088.44
419.589
744.712
395.769
476.368
511.362
2158.36
187.762
181.89
1008.27
308.689
891.155
342.049
193.307
629.288
654.014
770.379
450.44
246.836
1206.43
584.833
815.058
928.943
1150.52
296.519
879.087
990.099
1233.83
743.63
138.15
301.501
1740.45
594.471
470.828
234.29
101.472
556.482
338.735
900.171
879.288
404.29
309.247
1006.95
761.176
183.138
238.376
835.104
331.782
139.806
177.266
138.617
435.114
543.46
186.024
1463.9
1477.04
1667.82
1519.71
217.985
441.492
527.701
683.224
547.945
258.197
705.343
376.018
280.329
1051.35
790.039
595.08
299.576
457.33
253.849
493.607
346.562
475.301
315.163
1686.91
539.26
221.589
1320.24
1271.59
669.906
172.195
199.926
514.854
441.685
295.829
561.063
940.532
179.184
268.47
671.531
241.659
1242.74
285.453
209.536
184.957
880.126
1079.73
320.313
1605.12
387.903
192.915
748.589
2622.31
831.321
355.918
1038.18
452.208
674.398
2000.79
544.174
805.479
1607.8
529.793
585.33
693.201
873.809
254.179
272.798
146.179
276.715
128.482
188.834
245.173
103.039
1106.93
1055.67
1733.09
2738.89
941.858
595.276
932.916
247.397
422.283
671.028
327.048
316.141
932.068
169.128
452.481
1306.03
2849.9
379.786
640.239
112.2
461.332
289.849
1003.75
1844.65
214.97
1009.3
2668.93
325.769
721.849
516.057
1041.52
161.993
286.396
1519.89
596.156
675.502
849.717
333.341
411.042
610.856
1317.68
394.771
225.31
333.381
242.279
389.045
867.725
355.93
788.177
1229.86
141
757.763
1011.99
1926.54
649.462
298.553
205.66
704.66
295.605
189.275
358.095
2368.85
177.886
241.457
2170.08
135.663
519.726
731.479
136.209
175.09
886.951
194.038
662.072
365.763
238.324
1669.11
641.487
817.745
481.705
977.576
722.437
1774.37
982.882
776.11
624.563
108.766
1115.85
243.758
1041.49
1511.76
1525.53
512.372
1411.69
776.525
557.876
520.174
1210.02
109.889
1752.79
191.843
455.334
394.546
220.879
167.523
508.921
948.2
212.884
864.171
178.136
3656.77
165.086
177.977
278.162
603.305
300.934
551.433
303.413
227.473
403.997
296.016
95.1227
665.088
1022.96
1039.14
791.903
96.4424
303.194
384.413
133.298
1616.59
299.898
609.865
915.634
527.655
957.295
1822.49
261.385
299.735
1335.57
683.469
353.173
181.669
314.356
635.229
196.537
258.214
157.984
466.061
826.523
1547.55
152.156
350.436
4635.34
650.273
527.935
770.684
1216.46
1407.23
117.188
308.561
248.396
234.642
110.694
100.998
221.645
516.18
2413.15
134.519
488.067
1024.55
176.374
316.523
1404.98
160.115
193.929
778.78
489.499
1168.78
138.548
341.116
348.887
110.578
987.14
573.25
86.0729
1100.63
393.141
1929.84
495.951
1902.76
158.279
758.074
128.161
352.224
535.94
113.677
802.282
108.267
659.991
246.946
511.669
574.97
2276.22
884.13
450.625
376.256
763.507
950.711
165.675
351.549
816.056
184.597
636.882
439.372
842.536
694.638
1380.5
137.879
319.267
733.594
430.309
109.026
406.415
1282.99
433.497
826.184
124.26
165.159
3424.62
1596.24
225.492
191.764
234.959
429.775
993.106
330.766
361.579
778.423
452.389
583.387
569.281
809.193
285.627
322.201
458.296
1951.57
1059.92
347.679
152.388
406.263
905.091
947.728
973.959
210.477
601.753
1043.99
244.642
1838.24
676.103
809.686
446.517
1014.13
45.4903
1833.5
589.599
259.335
597.56
327.801
620.119
1109.71
462.755
1657.75
334.76
363.999
906.925
77.6669
158.092
913.123
1811.89
342.995
213.244
488.83
194.531
246.056
420.045
544.121
2319.06
358.352
818.423
177.161
263.729
677.326
1333.82
385.1
1130.72
483.375
343.259
669.149
3063.63
191.313
231.782
2203.73
469.315
918.105
185.467
1090.82
683.606
410.364
1996.33
1320.12
305.282
1626.87
881.237
710.139
1849.87
2769.01
120.07
150.539
769.356
1029.9
166.346
1207.02
618.142
438.5
1360.44
2272.03
1819.23
1336.08
182.792
1840.58
577.854
153.672
163.566
1032.03
387.144
1613.38
487.554
178.35
2191.9
299.231
241.33
959.466
2342.55
343.363
1440.72
161.802
976.661
1498.33
600.746
1475.71
691.568
393.397
978.616
982.858
1614.03
532.886
773.973
580.444
425.231
2901.38
811.242
229.264
1054.18
564.275
1559.66
428.906
217.957
256.401
1432.75
315.467
575.294
383.964
1678
259.556
895.73
1664.91
1524.16
1224.95
628.601
243.125
208.789
702.614
601.145
1053.64
214.842
365.198
1766.8
326.086
592.812
390.239
255.286
819.884
90.9664
286.277
528.534
531.705
466.543
425.787
562.694
524.293
1953.02
284.721
1352.31
285.12
2788.46
733.574
599.476
1317.57
318.781
1931.23
62.4758
671.396
569.398
1355.29
321.806
1512.71
1634.47
1179.81
97.4732
403.364
419.194
547.634
806.477
870.807
246.288
474.479
218.354
245.171
1120.65
294.167
764.185
206.918
135.531
151.442
338.53
302.747
476.8
207.431
713.476
946.33
618.806
448.851
233.708
638.085
1436.27
832.957
529.035
896.672
1045.72
537.569
830.809
648.588
1382.82
261.53
810.366
336.589
1417.86
1453.7
979.602
404.686
570.503
489.407
1211.61
818.081
1125.15
251.238
123.582
1007.23
558.967
638.565
1048.21
391.658
1462.59
108.292
1611.77
953.272
770.543
495.422
794.068
344.46
722.088
450.313
678.134
1078.8
513.492
349.807
156.323
166.987
181.751
150.024
414.89
1621.54
1096.52
1699.2
470.303
262.512
96.0407
1092.98
1136.16
1801.73
481.603
587.362
1757.78
632.704
630.236
737.482
287.779
1272.8
520.634
296.768
185.06
823.695
888.908
243.89
235.24
182.01
132.553
558.279
272.569
790.718
422.817
285.214
503.751
660.481
333.179
415.216
912.67
657.649
230.223
836.914
748.135
1044.7
1009.25
183.9
152.308
683.475
2312.72
1388.06
690.1
409.966
2356.79
921.897
512.211
205.93
652.117
1686.46
633.189
1771.04
408.885
275.72
131.586
1532.28
246.319
756.2
606.577
120.086
3933.28
563.125
309.045
194.842
1079.96
900.829
274.747
494.756
75.9077
188.162
593.384
337.42
467.28
1761.73
162.2
1147.64
698.456
417.577
94.6053
779.769
153.109
639.012
307.732
253.086
1582.39
1761.12
492.938
420.32
939.542
3658.31
167.063
370.419
1184.82
909.866
135.266
1067.51
413.892
217.952
333.487
1091.97
155.923
1374.9
103.907
225.686
565.351
2647.9
763.659
1026.5
581.968
2208.54
372.164
179.298
189.145
417.096
286.611
1609.63
174.032
395.556
1321.43
801.718
208.84
375.625
566.47
781.768
704.213
1616.35
475.898
490.271
1260.49
1861.67
288.686
370.423
312.462
514.985
102.763
1690.87
178.773
753.014
1129.74
361.58
352.221
1856.58
98.2137
468.845
1015.27
141.722
1024.85
404.478
1346.23
217.534
423.267
363.527
195.529
265.49
373.848
461.513
548.159
433.502
789.684
776.327
173.971
340.381
695.751
403.985
1611.6
209.664
752.025
846.988
1919.27
669.601
198.194
1340.03
1360.04
1465.99
563.88
2222.36
2108.02
346.716
1650.98
141.804
204.745
786.749
530.314
834.477
379.289
745.907
655.018
104.872
230.328
680.329
940.082
1458.33
2179.8
81.8343
1400.82
589.658
227.564
244.538
1644.08
438.178
164.262
82.3362
276.748
232.473
418.601
1660.5
1166.18
228.19
1735.06
641.394
257.267
887.647
357.573
3414.68
210.003
2048.67
206.221
2611.34
1423.6
170.678
97.5264
349.201
284.777
795.285
305.878
1079.67
649.977
130.793
533.349
732.704
650.013
340.737
559.992
844.901
345.926
1644.71
440.87
650.827
438.239
1056.97
410.143
166.02
137.862
352.904
390.474
823.136
312.865
311.018
489.661
1484.44
780.997
319.3
97.4511
1045.78
770.299
303.427
221.985
3949.28
247.938
1041.55
677.753
728.862
224.528
89.1737
488.038
447.835
1812.98
999.337
923.72
148.44
448.355
565.486
2500.13
681.28
1446.65
409.315
117.504
247.915
709.766
233.441
439.348
1013.36
1773.07
193.507
267.99
454.224
569.801
122.51
275.746
176.402
698.882
169.089
1840.63
268.397
1925.02
452.682
491.084
472.986
914.66
786.406
986.165
110.483
828.065
170.455
2606.79
596.174
116.728
2032.02
1094.44
141.734
2380.15
874.988
340.941
327.512
958.709
696.685
2477.83
149.844
4571.6
1255.21
919.312
1129.09
1063.02
1091.41
270.004
160.01
1460.75
2382.14
769.314
181.067
533.992
1151.07
160.663
225.685
333.254
342.231
772.138
1082.54
189.218
492.706
374.848
2087.49
144.767
647.905
636.965
272.895
1692.6
331.251
520.804
1724.34
131.333
583.717
939.275
338.871
322.242
65.2225
407.376
530.132
332
94.0966
308.108
228.748
309.764
437.092
208.395
362.527
611.445
423.137
933.736
1111.6
288.548
1732.26
831.007
485.159
391.431
246.724
2057.13
109.719
215.471
174.354
104.511
300.923
149.767
643.245
230.102
217.886
515.474
543.442
881.923
111.052
1106.4
160.215
436.937
929.514
982.538
1324.03
471.474
157.803
241.835
1322.16
399.474
157.14
1217.91
855.064
180.204
259.533
858.372
180.895
339.714
171.38
319.056
372.17
1084.64
241.999
573.602
80.4073
424.458
807.69
176.744
555.136
891.71
278.121
548.196
2970.21
496.464
156.856
152.453
498.785
377.915
288.374
243.621
1417.29
491.09
1500.2
202.508
829.891
244.643
297.582
1244.5
919.933
279.921
300.435
358.139
1616.65
919.541
530.153
383.106
438.85
339.869
262.502
757.117
539.939
2307.95
2394.65
482.528
1013.99
470.643
169.739
706.336
130.833
734.503
314.498
149.333
657.294
432.952
1307.54
1049.98
147.371
1488.74
572.612
635.11
143.933
510.457
585.853
688.141
1239.63
210.234
1581.85
400.988
223.236
214.945
757.996
291.826
268.794
230.911
247.808
378.349
715.174
807.796
709.166
476.855
590.633
594.715
1305.78
225.04
1232.42
126.732
81.0096
625.202
1038.13
707.024
1265.39
144.725
823.496
420.941
162.358
1199.47
473.729
99.8575
1388.06
237.252
423.457
182.567
537.495
1406.55
496.406
536.601
583.784
734.392
832.037
1297.58
829.89
544.095
1142.62
182.923
988.722
613.455
505.445
684.363
183.93
409.646
266.533
653.856
288.749
170.086
154.091
989.068
799.473
441.797
683.516
734.328
588.699
458.61
147.944
3319.12
885.204
145.251
225.028
301.495
1853.28
1651.91
291.028
1929.18
298.372
170.112
502.865
781.623
351.093
674.986
138.789
192.598
3663.56
505.302
831.709
253.959
3136.14
691.259
976.309
2365.56
462.194
718.568
477.368
1445.83
856.586
900.645
835.894
656.612
208.386
336.44
142.987
1878.68
328.306
210.599
418.915
1120.53
405.46
425.034
240.077
149.199
233.33
214.968
331.152
1174.8
1134.68
772.638
615.691
509.791
388.041
1489.57
364.562
87.9812
778.881
423.007
250.242
368.711
551.338
382.685
417.992
334.086
636.022
699.366
90.5281
2107.55
283.854
907.435
435.701
358.212
3518.54
495.351
1126.26
629.555
758.658
437.928
261.026
215.044
302.724
517.633
736.205
481.099
513.962
506.628
784.452
434.324
653.778
1231.19
1198.56
229.151
446.572
666.425
368.684
861.594
1986.1
480.73
255.628
1061.23
739.353
687.921
113.061
280.322
399.322
354.67
953.815
1067.19
76.3598
181.419
2429.3
195.646
377.451
345.509
289.812
930.633
369.565
289.692
681.565
1554.66
192.914
388.319
267.45
397.732
1652.06
246.599
834.789
1503.25
977.22
1010.07
116.064
736.225
104.132
2087.29
1290.3
538.524
1951.01
948.978
153.209
231.896
775.884
1394.49
259.893
415.73
995.833
248.018
1306.35
84.309
521.16
208.716
1971.64
390.682
596.114
256.603
487.879
335.327
670.89
330.564
774.179
805.646
624.946
945.649
588.202
1041.72
340.117
1179.1
289.451
1106.79
970.985
333.109
231.644
1051.36
303.142
174.203
557.78
457.414
417.392
746.506
211.272
841.788
103.961
588.743
134.97
1381.53
286.838
425.503
1077.12
978.943
440.6
286.096
213.863
169.693
302.566
225.009
216.881
276.669
731.12
1201.25
2533.44
423.162
301.908
218.674
1123.93
802.021
638.623
205.478
517.439
1420.01
1967.61
2702.22
135.12
213.526
159.349
554.215
90.67
276.863
185.396
544.055
482.333
130.062
387.137
128.736
468.956
679.037
1332.32
163.58
377.367
180.155
242.253
361.775
153.993
673.586
356.233
667.801
710.12
317.046
1563.95
360.314
660.81
679.929
361.273
458.757
136.59
2030.05
513.286
788.938
76.5805
1234.47
784.092
128.902
765.803
528.223
1163.9
1098.91
1040.7
480.513
108.62
1784.81
939.1
586.638
327.597
708.455
924.424
1102.63
247.714
604.084
2067.4
105.294
681.472
466.441
269.354
512.901
270.711
1172.88
154.149
1813.18
948.325
400.807
726.795
233.241
222.354
968.622
167.096
797.182
641.005
151.335
1078.9
931.94
536.4
1097.66
517.476
285.773
344.733
298.438
1027.58
2322.68
1376.48
2278.52
724.237
1230.16
290.06
371.321
1793.76
767.491
2411.71
113.588
322.504
897.46
1017.47
426.903
551.345
209.009
539.705
1216.26
628.639
443.019
1352.67
107.246
600.75
462.925
156.207
377.128
700.221
195.522
322.009
337.606
336.252
1143.6
154.365
156.085
729.361
690.862
761.212
130.913
809.411
81.1594
133.155
110.603
292.666
179.229
554.796
891.624
1078.95
556.812
659.388
374.176
1671.43
449.553
1057.54
471.471
154.108
219.695
400.685
558.637
174.626
315.141
777.781
157.461
469.197
563.748
335.699
868.729
756.002
263.011
421.685
2329.28
366.607
725.774
1988.92
202.055
216.288
162.47
195.857
98.7547
1527.24
1654.53
579.448
1137.75
1241.75
2870.23
298.385
441.601
460.506
484.895
595.748
228.858
282.121
235.862
495.809
935.689
684.588
821.024
337.753
361.959
1737.14
707.663
492.531
880.297
223.517
994.602
351.653
270.01
398.238
1517.97
117.994
186.002
614.259
790.443
241.266
3574.36
190.3
364.904
491.061
519.289
1049.97
1020.27
1351.33
129.216
218.667
442.31
141.743
204.023
1522.46
284.676
738.811
1097.21
382.405
949.234
432.733
163.69
599.66
1940.92
637.693
195.838
821.334
172.001
774.692
2153.4
615.203
1985.6
596.198
4784.12
571.494
1615.36
469.037
1079.48
736.682
562.315
109.095
304.872
1268.52
1070.5
464.055
945.514
167.61
147.099
861.311
449.669
249.374
282.051
332.325
2549.81
3221.4
478.877
468.758
216.45
588.42
290.603
655.72
459.135
579.499
122.222
370.976
715.924
93.5075
653.499
3550.4
1302.07
384.983
450.59
1144.12
1279.86
877.678
137.261
436.718
182.677
155.195
618.486
1767.89
421.382
1775.33
2688.81
1183.69
314.373
531.894
457.933
1189.53
162.082
486.152
291.916
290.362
227.187
258.913
275.938
2163.48
731.711
902.57
723.114
1045.82
154.667
395.315
1494.81
179.205
695.329
2054.82
225.518
1264.49
337.017
486.693
120.655
571.344
121.877
426.129
862.463
227.056
1348.02
210.225
313.122
95.9435
991.93
196.594
731.546
804.109
1020.21
320.083
245.804
934.39
626.932
851.741
372.813
968.993
152.78
1251.35
2836.39
757.331
739.774
223.105
2471.41
287.402
483.958
1557.16
306.076
241.441
1004.12
627.815
85.1942
1760.35
235.721
79.2013
783.91
459.863
660.408
805.007
68.2061
570.574
292.525
717.633
283.162
448.274
1176.96
135.555
705.941
1560.12
546.624
995.301
906.298
877.3
665.872
1339.51
3704.53
141.393
416.755
431.245
405.673
1985.56
1445.58
589.576
84.5159
259.037
1291.75
212.933
332.232
125.799
219.837
650.446
219.13
1479.33
809.783
532.278
1258.62
666.341
201.596
414.968
79.4783
989.819
2387.57
138.351
654.411
1464.78
209.733
1033.86
509.454
212.57
260.838
212.047
214.534
1933.59
456.447
1083.18
245.05
114.551
340.249
1006.08
253.954
514.935
263.149
278.531
354.661
753.409
110.593
880.522
1004.99
1271.77
1337.07
187.969
186.239
231.729
538.845
590.895
452.902
148.998
547.09
187.626
111.115
663.603
2011.26
1273.75
327.827
386.792
865.152
3124.29
193.109
100.865
855.046
708.691
189.084
741.612
767.304
90.1543
598.993
226.044
129.193
496.317
328.876
220.567
229.487
996.712
1510.97
1394.05
1301.85
101.273
1320.29
154.263
606.424
580.124
318.675
259.451
615.707
448.447
738.04
265.308
709.872
1564.78
400.98
2704.01
1057.61
196.432
614.359
329.932
1110.9
863.245
627.27
1496.17
840.518
472.555
110.969
116.448
177.169
227.257
341.035
425.919
476.382
868.385
455.911
1337.96
318.858
1451.37
221.809
542.739
717.375
423.674
129.104
1099.4
542.308
2364.85
413.046
128.18
152.329
334.612
279.62
1034.36
1540.13
83.3872
889.582
358.974
489.784
192.261
785.503
518.448
889.513
240.394
2263.41
595.664
210.482
3631.2
387.67
709.446
373.775
148.788
654.102
383.444
576.162
307.086
190.232
962.195
636.137
227.811
230.4
141.04
921.108
224.497
514.175
1263.84
546.069
710.311
88.4429
502.894
970.072
1709.65
196.672
1478.42
110.241
352.253
517.027
305.866
497.025
1117.58
1025.85
308.616
349.664
546.984
833.47
1592.68
869.646
995.34
1675.84
1392.28
1756.89
579.884
255.816
376.468
667.035
655.848
257.176
239.236
1083.66
894.801
764.251
296.716
1116.94
1898.95
1090.31
326.663
1242.19
1451
944.693
1415.08
2655.28
424.796
242.048
349.02
540.904
580.92
626.962
164.037
1798.84
509.519
495.12
435.868
583.094
208.631
293.911
969.641
148.404
113.039
80.1705
472.744
413.602
879.132
277.366
93.9076
739.41
1186.94
97.7705
637.572
878.617
1325.75
950.02
628.07
375.402
228.215
78.8796
515.221
556.561
236.815
471.564
762.493
289.752
157.786
373.733
396.047
259.519
504.278
993.133
119.699
735.177
945.014
527.953
266.913
287.781
1243.04
139.602
1231.83
391.475
262.625
527.42
1440.38
891.879
543.449
458.221
1160.65
676.638
165.115
347.669
367.723
231.494
920.016
3037.36
442.857
246.094
832.871
586.428
135.564
83.7309
688.702
1575.91
246.704
906.737
3669.06
530.834
297.542
904.028
1327.49
127.526
1248.88
324.242
402.234
517.589
672.107
459.054
80.7805
290.759
1556.08
1067.85
116.326
1441.98
186.293
857.078
266.677
640.853
214.743
471.603
887.913
71.2651
2467.12
769.129
1006.08
1737.15
598.606
555.152
133.041
467.409
149.646
782.719
424.158
280.794
716.362
363.749
590.133
75.7874
171.272
328.944
208.569
1815.92
274.599
190.153
661.494
1107.38
645.709
304.196
728.895
1727.39
3112.57
165.479
456.246
465.704
376.152
576.571
1889.73
122.738
670.16
536.33
869.964
4948.38
337.589
589.013
1008.18
1463.05
192.505
307.752
1225.4
881.789
1302.31
315.399
196.274
1275.47
348.919
411.41
229.611
625.773
1131.3
442.176
2683.5
2165.57
686.313
667.9
658.989
607.512
2230.38
719.71
306.532
152.127
254.195
155.401
240.39
277.975
285.245
710.112
202.719
392.041
138.571
113.769
832.328
332.349
667.088
404.48
370.44
760.251
649.992
929.09
497.335
1296.39
967.115
1344.01
1365.46
443.485
326.934
406.649
95.762
1080.94
407.462
915.415
201.453
1934.66
401.295
426.322
991.165
73.1386
634.286
2006.51
580.267
259.929
129.035
426.046
579.658
514.151
1178.64
100.064
522.239
475.43
209.933
345.144
366.78
1019.77
241.946
343.785
2159.81
1242.8
564.234
334.486
324.388
693.572
248.894
347.792
128.804
1280.26
339.94
278.123
623.376
304.304
1541.38
98.4524
488.592
100.813
1089.82
955.286
606.288
379.969
516.349
679.467
564.297
1007.37
267.549
154.604
1055.75
906.087
1080.32
338.4
901.371
470.395
725.915
629.335
510.499
738.849
936.497
238.746
310.103
1602.69
391.161
513.132
48.3729
1488.65
386.634
209.285
279.871
523.895
632.491
1708.91
1475.03
216.553
317.436
936.991
452.237
732.18
1044.69
353.248
770.685
264.665
1347.71
306.783
410.777
1357.06
787.962
128.565
128.084
1391.04
693.462
78.4473
268.823
715.098
482.357
570.729
1475.54
577.034
284.602
277.472
317.843
632.304
1450.09
1117.65
596.117
392.704
442.182
210.101
490.999
588.157
112.49
253.53
1295.51
574.877
447.719
1451.37
412.135
247.983
98.8823
846.905
122.934
1473.86
1200.12
224.268
927.26
372.273
1852.31
1860.84
1698.04
2356.27
385.633
1611.31
937.098
144.057
189.383
367.114
261.15
358.35
2296.35
736.236
461.376
1130.15
278.865
200.128
1507.1
1574.54
429.147
414.722
1768.88
1063.92
249.471
2051.32
2582.37
656.135
60.2995
113.32
896.274
563.64
443.832
100.973
242.141
1769.32
1149.05
483.562
357.512
685.857
172.75
1150.21
442.602
788.535
929.597
253.677
1583.77
862.372
1024.9
509.785
915.717
362.229
659.213
679.369
265.539
1363.42
235.918
74.7212
286.162
372.389
289.451
116.922
472.358
193.74
170.637
697.867
1406.36
531.311
960.796
549.155
800.339
1123.3
316.176
766.095
822.932
95.1069
1207.79
1286.4
687.375
333.489
1876.97
226.815
2626.69
62.8745
336.364
62.8925
250.979
336.749
431.379
274.033
154.704
188.635
1017.84
174.04
302.276
167.285
678.265
162.328
842.671
569.525
96.982
677.194
1737.01
1109.16
1373.86
312.46
547.809
353.518
745.872
254.95
180.592
119.068
930.058
297.067
688.895
231.984
163.569
1131.07
937.562
678.315
1418.61
687.535
746.2
146.305
945.585
707.798
829.464
736.872
1231.36
1150.68
442.354
304.926
228.424
242.685
202.641
383.646
1131.95
135.314
90.6976
1521.16
1594.83
331.107
884.747
602.153
427.234
860.531
2970.61
847.83
903.709
780.193
356.401
2124.02
140.673
1374.31
341.051
541.468
456.308
844.6
498.597
1297.59
484.031
1255.35
573.788
2041.09
2079.67
483.583
131.399
119.846
119.52
206.483
289.743
134.505
1722.57
394.745
2158.73
223.818
381.615
756.551
287.821
276.269
302.443
599.351
96.2289
908.175
232.259
795.028
1411.71
775.778
602.274
410.626
1603.67
2378.15
832.882
141.431
599.875
243.116
98.5203
154.237
95.2761
187.781
459.893
372.038
500.419
2779.82
2352.33
905.052
2027.93
253.714
436.831
1712
1480.23
345.747
123.496
982.316
223.371
1026.25
165.08
983.824
305.037
439.004
446.3
127.024
830.305
236.956
1212.89
779.011
356.177
249.431
282.567
541.076
1427.23
2284.26
167.893
466.574
224.655
214.346
448.576
494.1
730.808
1523.04
407.344
560.84
445.994
149.956
1129.71
1190.97
143.719
1110.07
150.32
2027.25
981.393
1004
991.552
309.617
1832.39
126.504
683.059
341.653
945.176
1000.25
199.268
541.961
407.724
1766.51
534.535
500.202
667.538
437.285
522.622
1007.58
220.628
454.391
507.955
225.938
528.894
1621.04
268.396
620.704
472.342
181.693
304.481
166.091
385.672
493.462
989.47
852.465
631.911
512.5
266.011
221.78
354.583
865.911
391.755
2812.63
146.634
815.809
484.421
1271.98
775.739
457.33
587.034
1902.07
993.188
1258.35
1479.52
732.157
426.153
601.431
1125.6
1511.08
490.319
2492.26
588.802
1414.62
344.163
699.006
137.447
485.508
492.427
586.321
395.931
183.177
744.227
873.232
1736.14
1479.17
238.267
1001.53
807.434
228.445
656.826
1140.74
1255.35
862.899
1136.01
49.9218
405.302
532.688
1690.8
226.478
410.701
603.539
1395.55
356.56
97.3733
896.003
392.053
144.645
1180.41
807.432
226.707
412.62
277.228
455.644
1106.52
179.755
774.241
748.67
229.286
113.601
695.108
433.088
413.739
329.185
452.099
1999.77
301.81
1279.53
1743.98
1685.24
1319.44
1016.46
858.22
427.429
192.319
376.238
1200
1363.36
1204.24
71.2836
1079.61
316.713
1667.8
560.293
873.505
462.808
518.311
510.871
880.745
745.41
181.098
536.632
1252.23
281.845
697.884
238.988
1421.77
1489.06
1100.83
305.049
1094.24
2560.23
350.7
226.937
1353.07
131.625
255.865
1567.85
366.576
1093.06
221.381
238.055
174.747
90.7594
194.171
1329.98
1054.69
162.075
560.554
435.653
910.163
1292.79
571.525
1054.75
642.928
84.6301
604.377
1863.85
899.741
501.487
306.965
146.024
826.205
431.758
120.092
335.792
511.108
2677.31
382.501
547.651
428.993
99.5234
506.588
349.459
1344.86
452.03
820.058
151.437
372.997
719.179
604.42
727.92
184.839
688.903
185.182
457.32
222.589
1098.38
656.389
115.558
1970.88
1152.53
613.301
1831.45
1420.34
404.76
188.914
912.133
1102.7
551.124
434.714
592.206
885.306
180.719
632.72
889.796
181.632
718.666
117.284
203.83
2130.69
1416.3
2315.29
1963.75
1350.17
345.742
504.084
520.903
138.453
271.781
302.919
547.435
191.494
1169.33
460.94
300.958
878.699
400.437
1507.92
2008.16
597.128
449.77
483.536
730.534
182.933
155.794
699.341
195.923
320.598
234.543
423.044
379.038
147.557
474.834
2303.79
999.34
704.354
349.47
344.454
1146.47
510.878
182.774
369.131
793.351
108.074
895.106
667.269
1229.3
482.541
375.457
108.201
384.712
372.486
198.861
189.669
1461.08
184.017
193.025
163.156
513.322
777.243
179.934
1155.85
579.457
504.882
311.62
1071.57
461.609
394.759
1178.51
2201.02
1441.2
931.848
229.367
1329.49
105.794
819.928
126.177
1232.23
1836.59
133.261
666.561
420.079
701.225
769.012
526.516
220.063
93.2381
876.018
109.936
186.235
798.17
267.287
1267.83
65.1659
541.223
94.2196
514.347
272.964
216.995
1033.09
357.99
466.503
715.775
154.598
486.866
543.702
537.526
350.26
208.805
662.818
323.098
807.612
499.549
341.475
469.974
95.6629
134.986
1200.16
1061.95
548.913
288.684
1164.07
161.714
558.474
548.71
884.54
821.223
274.663
509.777
2182.81
184.249
713.011
536.863
243.432
232.208
759.64
1027.71
537.524
1363.5
384.844
264.938
89.8213
130.666
1154.39
177.596
777.82
313.418
499.957
111.149
150.047
249.98
1091.99
316.027
487.134
223.546
324.489
785.005
540.57
617.597
919.459
1156.27
882.084
659.772
1557.57
328.632
3773.14
490.306
240.148
1050.2
597.637
291.071
887.718
549.294
367.951
358.311
711.584
384.547
1206.65
521.834
419.217
295.178
523.956
118.207
553.706
3013.42
55.0669
838.246
81.2614
576.786
384.479
1706.18
906.957
146.192
1452.5
771.265
519.354
1582.18
1718.51
246.899
1917.52
278.794
2108.84
422.724
3903.11
1197.2
662.33
336.501
184.731
304.771
1021.9
251.455
1166.53
1911.61
331.008
1379.65
268.286
364.185
1567.03
749.881
616.71
73.3529
760.835
971.8
269.81
1880.1
315.626
353.332
1947.3
890.451
958.823
580.807
442.586
551.847
370.612
790.837
1203.74
841.649
1161.55
414.387
694.333
1141.22
964.339
2057.1
599.222
706.635
1077.4
256.163
1175.97
546.217
234.58
852.267
134.217
230.127
1344.96
598.096
596.644
161.279
577.588
1127.5
282.676
439.222
603.849
483.414
453.393
3830.72
1637.04
659.18
3375.9
1439.87
1781.84
476.623
584.187
593.841
391.708
278.379
675.071
1148.56
720.539
892.448
808.202
307.384
192.537
108.854
518.419
84.1019
264.308
1819.91
529.266
1545.93
1178.57
166.705
413.74
480.214
280.074
186.437
1474.11
1788.49
225.784
423.92
153.468
119.536
507.067
632.146
226.964
320.685
416.012
674.931
308.391
404.196
281.164
1189.36
1057.83
1270.99
888.94
577.423
146.134
568.604
65.706
1839.16
391.89
110.557
636.095
921.615
1051.44
1442.78
1722.87
1938.54
630.858
1572.95
185.889
945.08
349.561
1182.53
660.758
252.858
199.273
1545.42
1058.29
429.342
1343.96
464.645
1115.82
1139.33
273.376
442.911
1619.19
119.352
231.739
227.371
732.631
649.366
997.333
730.825
236.811
351.746
1552.46
1879.5
638.479
197.53
125.256
250.965
427.494
1423.19
970.469
856.615
913.458
2652.65
806.959
1092.81
289.866
693.481
371.567
798.584
1160.89
897.728
150.932
851.606
735.095
528.384
2888.48
1526.81
814.295
1028.41
113.634
480.433
613.093
633.748
327.792
157.126
386.138
131.113
377.92
151.139
621.523
296.618
334.913
1507.34
601.519
2012.09
83.0784
616.465
150.167
210.587
783.657
95.6896
782.736
509.397
787.602
677.784
196.536
400.368
478.558
144.957
123.268
471.505
1530.58
85.6954
323.883
742.802
137.397
1746.65
465.84
1210.31
1115.52
766.014
786.952
3279.23
431.205
301.083
520.379
1042.62
413.436
171.392
751.628
389.439
206.029
485.998
272.007
502.451
913.605
724.97
795.127
1508.42
1072.04
1885.45
177.407
1403.91
437.375
535.056
493.767
218.014
2036.43
240.964
144.35
457.925
842.433
695.389
174.857
1385.11
1142.18
784.533
3658.9
1353.26
322.064
1274.93
498.347
260.678
809.224
290.578
529.175
146.637
229.772
1044.19
670.854
633.434
478.714
1055.28
441.308
531.915
1854.37
165.553
422.927
482.61
45.3539
560.303
501.778
400.086
402.621
204.713
538.119
269.302
1232.74
1758.8
243.247
1479.89
704.089
362.627
83.6497
229.411
929.973
85.5709
2262.31
1651.89
272.559
457.471
119.23
383.848
235.588
603.57
694.361
1081.99
148.194
1778.93
1015.11
1948.63
530.459
1296.43
274.004
410.29
142.968
353.675
2094.23
161.679
452.641
162.737
1972.01
199.996
493.119
269.282
605.243
957.031
500.53
2133.07
993.505
487.006
567.063
789.772
561.826
1579.52
964.172
1884.65
1955.72
394.55
374.553
823.084
762.838
450.821
1157.84
1114.36
467.147
509.4
2792.25
1840.66
376.774
955.709
124.671
109.835
250.361
910.438
594.515
394.312
581.136
272.296
824.347
604.227
215.604
129.258
726.621
130.827
1180.95
711.04
147.015
789.12
433.016
504.776
119.312
799.198
321.662
715.917
217.243
1441.15
483.397
562.531
2280.73
1166.59
379.944
1177.48
260.755
132.888
692.717
170.21
743.484
259.659
1095.02
170.722
1501.75
377.495
649.496
1412.61
2316.48
1504.09
229.195
302.29
497.13
632.957
745.403
2999.71
392.712
263.35
1193.49
376.301
1428.02
143.368
1014.64
239.552
1443.76
352.614
117.108
157.718
254.083
280.464
376.853
348.686
147.14
645.186
523.713
386.844
298.483
414.77
374.99
380.359
285.389
2115.62
1150.08
2712.68
154.293
1487.21
1266.3
390.562
1735.84
855.443
1405.25
1384.33
108.365
631.006
388.358
179.023
391.356
478.605
1384.79
117.06
343.984
110.231
4080.06
407.428
93.8281
314.624
592.57
934.1
334.767
395.422
368.49
444.769
537.205
422.292
1592.41
167.875
265.585
835.584
942.352
319.056
721.4
133.615
353.225
266.605
232.626
2529.75
2497.6
1138.76
2671.9
123.215
289.095
190.901
540.802
910.791
598.364
1337.41
236.597
235.856
587.89
221.184
996.628
106.453
683.624
206.963
384.475
1042.95
379.698
1163.16
718.609
479.244
610.436
346.108
353.841
880.99
166.04
883.774
1064.1
270.058
3075.72
336.175
459.109
656.58
2299.09
141.207
169.25
2199.98
194.123
136.782
495.52
1897.19
112.929
507.228
1105.18
2403.23
552.948
529.515
796.153
112.542
466.149
647.166
941.613
428.414
624.835
1785.93
439.423
899.548
1505.66
1364.09
474.379
2082.69
524.639
500.622
385.31
1325.95
2506.28
457.597
86.0623
633.37
501.044
345.598
634.069
448.837
245.109
439.267
377.526
139.687
928.406
762.061
239.999
403.012
1512.79
235.872
1174.24
761.158
741.176
286.193
224.673
737.853
193.219
149.233
93.4756
1550.96
1166.83
399.949
580.046
158.407
197.807
99.0706
601.338
975.508
597.951
1654.83
792.759
1031.55
741.345
268.042
374.708
1372.4
591.114
323.306
438.952
130.904
1157.65
128.553
735.071
1170.57
418.999
783.085
508.458
1225.25
402.808
255.924
553.595
302.97
238.23
595.846
1014.39
207.18
121.837
342.908
206.626
343.179
1053.11
382.739
1355.88
1634.12
424.558
254.276
1156.88
873.085
424.321
349.617
435.602
145.192
970.041
148.665
397.906
327.472
456.153
341.077
1552.55
189.198
608.629
3068.86
1440.07
740.137
1026.41
869.467
1156.86
320.498
247.314
169.301
275.889
163.661
236.914
409.575
282.857
547.588
719.78
282.685
390.096
949.26
344.676
1664.3
1229.28
129.253
1062.48
758.436
988.602
346.496
576.258
541.854
1125.47
664.655
1117.91
309.297
197.233
348.483
993.526
677.376
620.48
384.644
277.65
176.128
190.703
335.047
429.219
668
478.887
140.929
573.602
2773.26
343.046
2179.33
831.178
1345.76
160.712
1640.27
499.692
142.681
668.151
593.827
241.608
1562.54
1391.5
191.063
818.307
505.404
1465.33
464.786
1387.6
443.845
401.438
276.859
1464.14
166.408
259.427
2072.28
649.239
139.234
639.436
191.878
766.974
821.573
109.421
833.144
778.217
156.096
290.351
474.973
121.371
1102.34
432.288
890.976
120.092
433.298
425.636
928.459
926.025
805.963
247.355
1865.63
4138.35
220.923
341.496
455.847
947.153
108.991
264.244
204.869
870.532
410.037
668.959
1078.66
1175.79
215.252
1744.11
834.626
341.54
488.3
238.905
396.11
453.744
350.717
703.682
137.25
407.185
139.915
421.287
1036.78
183.749
202.93
1105.1
1129.89
92.4497
301.54
900.986
934.478
297.211
246.177
357.013
269.896
190.159
309.45
360.059
687.549
1169.88
410.673
587.845
108.164
327.631
203.668
429.697
252.913
284.99
1134.78
1065.63
1711.66
813.948
1508.21
134.233
515.033
477.937
227.358
303.953
395.357
345.018
155.231
375.488
1216.41
1246.19
773.006
105.684
1153.14
2400.32
2183.25
635.032
756.413
465.536
594.721
1280.29
992.101
495.059
382.636
385.414
935.51
1886.94
339.521
883.498
737.592
663.874
630.82
264.849
164.89
184.85
835.729
226.111
544.675
866.816
634.774
96.3994
770.878
2288.71
379.478
778.262
525.912
1207.31
1161.42
1035.59
132.147
928.431
161.797
581.199
486.431
708.152
2896.48
634.535
544.004
891.916
540.573
286.991
1287.79
1259.61
2056.54
866.185
134.544
361.073
1558.53
858.249
1073.14
662.594
1232.61
476.441
2108.17
491.315
829.849
506.006
202.707
1637.91
124.566
882.68
305.08
206.361
273.291
1717.86
309.806
388.823
504.793
64.2825
574.383
677.113
346.652
265.874
840.863
272.87
744.986
630.829
478.18
875.235
301.963
163.052
722.849
963.706
1793.06
552.415
142.42
552.427
353.155
453.493
1124.34
1880.24
364.811
376.431
645.639
166.269
505.364
890.483
117.658
530.329
572.534
171.666
156.285
503.515
173.803
1786.63
229.922
549.747
710.279
659.623
2635.37
103.667
951.518
575.853
593.066
301.537
153.878
134.748
623.221
1309.19
1570.8
629.497
1354.16
129.882
174.045
206.942
350.929
304.653
720.783
317.437
833.611
1032.7
2934.47
841.512
860.38
428.101
1621.71
234.964
1102.88
692.624
848.395
571.12
582.731
284.508
732.013
2150.28
176.939
2148.49
277.287
240.922
549.891
985.188
121.718
1078.13
620.575
393.55
616.776
220.053
761.176
1058.25
1641.36
144.29
481.289
245.77
185.389
517.774
253.399
1623
2145.2
825.005
166.273
582.745
2288.98
113.525
707.824
966.331
449.511
172.685
498.163
450.519
136.387
1045.3
1117.15
2154.65
532.239
57.6483
547.538
1177.32
320.656
983.236
1058.99
317.881
507.669
333.647
120.599
181.873
303.187
105.996
853.161
544.048
105.286
1654.91
435.12
416.061
109.301
1393.61
1274.34
411.565
387.718
248.344
3239.95
463.984
578.278
694.91
1114.96
753.331
1273.3
154.856
401.848
583.007
1634.72
251.612
119.075
136.28
468.794
1136.32
185.661
308.919
377.799
1072.98
517.045
610.234
686.991
1172.24
1726.28
264.49
224.339
1227.67
745.077
176.806
138.937
748.915
919.867
684.961
897.135
318.025
93.1731
958.2
1974.96
1244.72
1949.06
806.647
419.292
118.151
913.835
3264.88
813.71
666.367
1176.87
1150.65
594.849
301.883
532.537
184.661
971.252
247.684
2146.58
1815.78
1198.66
1208.45
327.122
111.471
222.977
1017.83
392.447
591.358
129.063
86.4157
341.444
609.026
651.249
1208.95
647.294
1235.05
457.451
390.081
2195.24
1382.9
98.8156
609.151
333.926
356.495
131.88
593.61
396.019
247.774
699.234
1719.16
2292.86
142.996
553.748
435.419
454.182
517.079
124.712
7715.81
518.587
406.961
118.66
1079.12
1787.36
1941.88
646.738
403.343
426.757
998.038
700.837
214.803
171.326
2458.36
360.878
1463.11
400.478
277.73
271.505
286.966
1063.31
371.164
120.657
329.683
613.559
856.023
485.239
1720.22
1532.9
233.157
124.173
112.686
1479.55
1389.94
469.216
1031.84
683.431
194.553
737.418
2190.87
304.703
2892.57
288.295
306.738
2506.27
490.649
170.924
104.907
213.094
72.5012
2287.42
1057.72
521.014
338.122
1008.08
971.989
1782.15
881.189
341.32
358.118
883.303
1149.04
219.866
172.779
176.099
500.437
1595.77
309.496
588.542
270.201
518.344
2076.25
1077.45
727.968
2739.23
463.228
726.243
585.838
359.2
441.223
1161.85
1405.19
646.51
72.9607
456.927
1177.9
154.412
718.989
210.411
319.449
1309.14
159.619
3092.63
1112.41
1157.2
247.967
693.104
932.859
132.794
334.581
163.853
248.521
286.042
2959.95
228.518
653.864
614.166
367.276
1057.01
625.546
716.127
444.346
266.713
628.11
552.823
1588.94
2501.22
432.696
1368.81
1309.86
1636.79
816.062
183.79
849.782
286.582
227.455
793.545
755.769
807.359
791.748
117.21
301.459
801.126
139.637
2923.19
213.335
710.604
332.305
179.934
777.038
602.947
949.29
412.808
1341.96
1463.53
359.087
448.913
279.311
128.366
150.983
1426.52
858.144
71.2252
112.824
869.175
566.576
672.239
125.257
819.086
257.086
226.458
222.432
239.711
316.502
1279.88
739.383
1260.47
1312.02
609.25
1836.28
774.026
1765.48
509.869
764.742
653.036
994.424
938.373
1813.05
1430.67
2449.74
427.632
179.642
1439.41
421.125
989.41
212.845
394.572
569.32
123.183
470.577
534.458
1124.5
328.565
600.532
1254.95
233.826
140.67
195.697
580.217
1919.54
790.138
487.006
2432.26
502.765
562.258
744.118
1470.19
469.915
749.456
1078.25
454.68
1235.03
427.569
1335.77
1721.53
289.727
1787.48
1437.6
245.019
103.962
344.025
534.924
1076.84
1485.45
1422.75
1004.67
978.583
506.548
706.25
144.742
117.878
557.894
1207.05
113.646
1289.54
548.909
1335.64
273.403
219.965
182.43
3284.96
533.217
512.174
294.164
323.139
341.646
461.494
3420.05
55.9512
523.092
93.6744
1134.07
509.981
360.154
701.29
688.741
1330.37
308.278
140.966
252.91
187.963
181.692
693.91
676.555
556.969
142.297
523.961
2436.02
724.306
1042.65
1233.84
232.267
1000.05
534.254
474.003
182.039
695.8
226.232
479.974
181.992
308.119
922.171
270.793
791.691
262.796
479.066
365.532
1602.43
660.948
352.076
629.293
246.7
920.023
531.654
323.998
215.052
1050.8
2918.99
234.652
198.807
768.325
431.221
820.707
624.577
542.365
155.808
334.963
1461.27
85.7628
1102.05
671.382
1764.66
1585.65
204.553
345.892
240.069
1296.79
1607.39
1118.83
136.501
177.125
173.73
414.857
2779.65
431.856
160.957
999.391
201.893
200.97
137.276
233.956
1974.01
533.631
227.92
147.972
1095.9
623.422
2511.8
292.308
1729.87
193.437
603.723
100.897
882.162
638.54
581.449
642.345
1382.72
783.673
1526.63
155.722
741.462
364.884
735.424
533.961
249.878
158.816
195.809
785.605
843.944
599.831
393.918
757.604
2489.01
1045.58
1129.24
1478.79
597.133
2040.22
608.992
331.594
489.878
168.012
755.043
765.388
417.349
205.404
576.879
1172.59
603.142
1064.06
688.346
1787.4
717.081
171.202
1464.21
1045.21
908.678
381.56
194.517
181.633
493.883
643.562
829.583
914.959
1083.01
1700.26
449.246
514.137
125.093
461.477
810.788
343.65
847.819
192.116
97.9171
300.263
224.801
242.947
2056.99
1053.11
926.465
447.151
241.482
614.896
287.369
379.196
1082.39
370.353
1006.98
278.211
562.045
371.726
239.997
850.567
760.952
816.586
373.361
348.192
66.609
344.116
392.183
1027.56
263.792
882.682
144.257
416.42
767.015
388.047
368.025
429.437
270.128
229.529
1455.97
428.599
192.766
1165.75
143.208
182.716
314.868
828.921
1535.48
767.968
545.567
592.687
238.158
895.985
117.564
2008.09
337.596
113.414
388.002
819.619
349.476
641.256
831.961
1268.48
162.047
970.598
362.462
199.738
1013.68
971.325
281.563
94.9013
1806.89
345.558
244.945
150.166
1268.77
1260.9
156.299
198.345
524.293
1706.21
743.721
213.846
284.107
1016.23
4001.69
473.806
1038.46
87.9058
1060.33
218.109
794.325
293.512
577.992
201.389
414.643
576.082
290.64
803.15
565.336
429.063
687.964
1720.26
863.716
167.792
595.651
1466.9
867.485
311.209
1492.77
118.991
227.328
1064.31
183.735
1534.22
563.422
728.067
1019.76
1524.56
1270.63
2608.63
787.056
2099.97
820.227
258.123
927.919
423.773
4027.61
314.493
349.358
260.032
162.327
605.924
990.873
893.984
1011.31
1130.12
467.756
314.541
568.887
286.59
1327
446.309
881.216
562.701
967.043
257.821
1617.48
1036.46
875.217
277.876
157.77
1026.66
110.616
510.484
1169.8
266.003
1344.76
1138
236.197
180.409
351.735
334.291
74.6254
156.307
2444.55
240.153
325.633
1031.87
101.682
913.478
1031.92
493.746
176.941
889.411
707.02
728.983
798.644
2649.39
339.411
677.267
680.747
772.039
991.898
357.461
840.546
922.441
1390.26
585.815
1404.08
334.326
316.746
235.885
819.142
123.738
1545.38
681.668
1127.54
3658.93
2395.53
178.006
548.334
1462.86
413.354
1227.49
1585.75
533.399
927.381
512.987
537.269
2556.81
1856.66
1330.7
859.433
926.123
502.363
1457.2
862.432
935.318
749.794
972.33
1372
260.586
207.241
485.882
229.269
698.07
434.099
245.479
327.79
1973.57
98.2951
465.404
514.566
118.384
973.904
288.906
208.212
382.89
93.7826
2530.13
172.871
933.803
192.223
505.918
581.409
425.281
419.942
503.662
106.968
1017.67
1080.49
99.2008
999.434
638.237
339.477
442.479
263.158
450.888
855.791
3504.55
272.528
614.764
1286.5
2192.07
1792.29
330.738
385.384
280.868
898.148
266.232
4164.22
887.872
457.687
3309.16
709.026
897.921
1265.18
486.075
1247.11
1183.05
254.83
222.979
962.759
190.894
957.951
115.08
2107.28
1154.41
2397.48
659.101
1559.04
2233.47
203.85
243.949
267.036
685.068
446.836
320.419
445.663
888.978
1403.53
1213.22
239.427
588.676
926.77
263.827
269.957
1106.96
1164.55
358.699
364.599
468.09
1593.51
628.817
377.173
148.053
482.995
2506.9
415.644
709.949
510.412
797.388
381.348
1093.06
576.247
384.669
952.862
868.405
225.683
1214.44
3151.28
340.62
163.389
1143.79
136.633
344.775
812.598
2259.32
176.681
749.944
183.724
488.813
528.609
1353.3
1354.83
433.46
4383.68
264.256
299.285
527.488
974.097
417.002
127.124
187.429
636.946
1177.05
339.774
299.022
2126.89
1173.45
223.115
118.492
2220.92
279.713
271.646
448.076
524.581
1000.59
1523.18
342.926
323.434
1134.02
744.348
1567.92
1003.78
291.171
256.485
229.853
423.077
179.749
229.54
820.765
519.952
209.433
1246.26
239.234
599.905
167.638
379.774
1385.73
82.604
578.875
1345.4
210.999
1332.06
1412.86
1065.58
755.237
983.913
876.34
338.123
148.295
439.601
371.472
831.634
373.147
306.762
300.002
494.428
304.753
243.862
122.619
198.548
1243.93
87.6761
226.354
3826.59
388.782
631.67
1600.8
1665.49
1904.65
370.506
1636.3
323.602
1303.55
318.058
126.022
2378.68
754.325
842.808
444.551
879.994
2159.5
524.913
582.875
962.053
1565.97
97.2544
796.499
335.909
309.635
289.407
783.281
748.505
412.374
2994.08
411.346
1447.34
250.5
2412.18
546.559
325.262
690.093
1119.28
1000.9
1252.66
526.853
184.455
1068.29
555.206
807.495
991.979
676.532
271.639
736.092
485.86
763.902
451.392
2030
519.301
600.74
1333.29
1752.87
356.356
845.032
518.866
165.789
1516.53
1856.3
731.332
743.112
209.818
503.305
1737.06
430.91
290.461
508.386
402.351
821.019
610.657
707.441
867.567
134.215
63.8043
509.365
941.994
624.884
204.716
1335.61
647.17
648.497
624.868
736.238
437.641
151.542
385.273
398.16
576.121
234.528
1304.93
764.064
281.521
1682.99
1741.75
126.272
531.363
1867.04
473.466
599.001
977.532
344.478
160.859
994.488
1872.6
230.284
533.031
309.059
191.128
668.196
416.359
319.675
1773.88
80.5648
104.033
211.487
914.92
287.191
1691.96
246.549
388.443
3718.04
198.89
292.274
202.328
492.107
279.431
1425.84
1216.39
1032.75
1145.07
340.163
154.075
1124.7
544.193
555.294
145.444
877.811
554.862
388.311
857.023
140.026
305.335
1423.3
1406.45
420.111
368.065
180.529
907.141
805.245
333.192
273.795
623.55
1236.95
407.562
992.559
861.413
273.315
1257.97
985.019
645.789
1457.49
851.011
1631.03
218.513
1562.85
493.046
323.328
2951.91
1145.37
361.42
573.69
669.841
117.784
162.401
361.322
648.792
551.838
549.022
583.437
151.73
167.633
380.903
507.846
382.437
1146.22
1522.59
637.273
637.89
139.891
204.624
710.002
152.358
104.209
219.694
113.135
538.204
812.865
255.346
328.258
672.791
819.58
687.516
528.036
401.921
229.931
377.419
165.969
568.931
466.207
1671.18
279.082
696.971
210.584
3357.44
223.682
451.501
849.632
506.541
285.929
197.155
263.7
335.624
588.36
114.467
450.913
141.867
1027.23
133.106
116.515
263.286
286.382
381.335
65.5567
870.609
439.484
651.063
235.991
372.016
527.977
986.605
654.748
671.288
433.292
1305.43
705.327
513.008
1844.35
894.774
349.903
490.213
2653.02
684.27
74.345
996.867
818.302
669.397
305.39
1259.83
394.994
180.897
496.28
162.969
656.731
1077.14
581.335
666.961
533.183
955.981
853.302
916.816
83.3696
189.044
244.568
1048.8
1943.78
259.193
506.774
741.369
398.57
856.509
2036.82
125.737
650.633
2189.23
249.518
154.201
449.663
605.741
227.179
655.892
1215.51
851.884
160.005
1779.78
351.22
1047.25
173.087
299.334
1891.27
646.81
379.077
449.049
1163.47
96.9567
379.739
750.53
313.837
3353.47
488.421
685.042
1037.56
1079.04
106.881
767.79
265.288
154.911
250.888
512.227
435.555
800.231
454.715
563.861
437.366
241.491
329.061
380.035
277.532
1439.25
242.988
224.988
414.518
204.718
107.801
342.542
560.322
545.111
684.88
201.223
368.905
149.311
298.328
388.544
1165.34
639.032
353.19
559
482.16
91.9284
148.724
403.424
292.26
1565.49
1396.79
322.244
877.832
370.296
476.538
2236.94
449.572
278.355
622.273
169.57
299.89
186.761
897.987
330.314
1175.72
184.484
1463.2
870.683
700.43
244.16
539.925
936.56
912.845
1073.94
366.957
1177.02
1416.46
895.685
908.332
84.6001
205.554
132.519
249.757
258.566
135.904
2348.24
532.547
445.989
570.864
692.076
1346.04
337.502
653.675
191.444
1684.87
455.035
102.132
234.001
1305
299.52
1384.01
1040.43
1510.66
242.581
583.528
245.187
112.678
1660.38
1708.24
1837.74
285.671
253.661
156.176
100.079
278.594
956.272
176.021
802.683
641.794
1665.25
1433.32
548.812
1729.52
977.12
3392.17
741.062
805.8
754.649
362.953
1617.44
88.7463
1046.99
655.236
1125.24
1530.25
408.623
86.1416
2990.34
1426.89
1301.72
927.794
904.548
635.089
184.125
199.747
1246.01
1120.41
366.64
389.929
1013.31
485.804
473.498
1221.7
2393.55
1010.09
525.816
294.748
135.795
226.887
150.094
720.985
460.226
294.209
128.488
1163.84
1052.07
544.193
838.512
269.064
342.269
765.155
608.391
304.231
305.613
311.815
871.402
381.454
2407.89
83.9638
1649.14
158.636
102.368
127.172
488.646
313.474
873.929
507.961
471.904
304.791
350.829
283.43
2484.66
601.409
240.839
379.955
577.085
231.565
760.895
308.627
156.109
858.834
168.7
128.347
116.556
397.859
237.398
622.771
1012.31
633.994
259.804
827.188
345.953
795.496
578.497
399.553
181.62
527.31
932.598
338.765
2638.21
2151.94
1035.45
109.485
169.741
804.101
668.729
603.479
665.665
916.219
131.355
1063.44
123.709
140.814
515.557
521.924
1233.57
99.5374
1724.1
999.382
1052.73
245.247
1543.84
516.47
420.132
266.963
3178.92
474.656
727.672
1473.2
752.989
353.867
204.102
395.416
52.562
673.265
2207.03
881.473
197.594
1021.31
259.952
1938.09
444.193
1501.79
451.319
1008.23
271.936
202.119
447.575
309.575
380.889
1257.23
345.022
84.7931
407.445
88.8872
210.805
852.789
277.423
285.848
3878.47
793.02
1087.11
891.152
437.172
167.776
603.687
105.679
381.558
126.993
86.272
713.623
969.531
481.137
987.944
652.042
239.683
434.252
591.434
140.745
2558.63
208.154
500.823
1003.74
1122.83
839.868
443.839
412.518
159.09
332.112
265.654
692.702
1835.41
622.801
318.108
85.0159
133.87
755.268
1688.6
76.5585
116.235
1945.15
344.38
1035.86
531.993
285.911
849.549
553.591
436.132
222.778
72.5767
1649.79
100.307
619.389
508.075
560.605
1074.97
358.118
449.33
1471.44
261.304
467.89
594.395
85.381
532.783
770.256
82.0067
732.716
368.722
718.719
206.514
89.8801
349.062
408.303
761.074
1363.2
3218.18
1621.88
416.505
54.5591
529.919
434.815
190.846
474.544
336.841
350.194
149.16
363.765
1473.29
1157.94
644.043
364.046
432.855
794.952
615.466
1433.22
428.674
482.833
1325.62
1028.9
1215.57
260.057
138.249
589.552
1006.62
333.187
1403.86
162.906
136.076
280.603
717.702
373.347
1124.29
269.978
459.839
622.665
545.135
375.698
914.3
1850.47
129.794
1208.73
1045.2
115.683
956.04
704.166
203.229
275.864
483.402
911.96
146.188
884.987
329.502
109.49
455.081
160.085
994.221
208.514
266.251
794.771
928.864
458.609
230.266
2638.12
3461.18
342.261
369.344
191.544
367.001
1418.97
434.709
346.667
285.508
154.88
509.236
1402.06
951.09
311.041
165.192
614.824
280.607
163.662
451.445
1008.1
369.868
475.894
1987.22
1094.78
1176.48
299.026
611.126
185.342
506.721
2376.34
251.85
453.185
1934.37
1145.74
303.916
181.288
1007.19
155.276
2058.6
253.099
419.44
259.476
1242.36
252.184
223.346
1277.92
985.043
156.763
662.038
241.25
1584.04
89.0988
125.145
552.81
2934.89
713.338
792.805
697.576
2106.59
1139.13
476.973
383.64
384.869
468.708
412.76
439.704
389.416
1691.21
581.55
1076.9
244.697
546.459
633.824
441.301
118.855
515.107
608.612
734.682
123.526
126.547
534.825
446.561
131.884
485.971
839.855
1192.25
411.909
707.771
918.625
1481.47
309.533
614.816
288.811
616.783
2158.25
1092.66
734.256
192.914
666.574
270.31
425.893
469.339
204.053
1391.08
431.717
445.577
216.657
188.497
193.488
1734.76
160.899
1663
1965.54
812.615
1133.74
1744.6
521.987
573.893
1064.53
981.227
51.1645
672.526
1441.75
157.904
834.458
600.274
962.473
576.95
826.128
784.814
582.805
217.479
248.665
873.024
105.683
124.522
173.34
1750.1
408.025
467.555
225.334
372.978
206.584
217.042
247.328
190.965
953.021
236.727
617.754
88.6573
736.763
422.192
523.414
137.616
751.706
567.735
1924.58
971.449
799.206
340.369
237.389
137.163
238.459
3249.12
412.629
248.219
1370.91
919.596
403.541
569.105
1805.49
1706.33
254.832
263.063
353.55
682.083
641.66
183.076
146.127
1038.54
702.183
513.036
437.189
709.084
3774.39
171.813
229.184
281.544
930.81
1731.59
2006.64
568.995
277.925
2636.78
162.957
395.803
632.463
99.511
563.355
1285.51
281.886
447.699
214.661
326.038
324.333
1466.7
149.777
508.916
483.171
845.829
230.735
620.555
493.549
1533.13
558.277
562.203
531.541
1736.96
1152.89
227.931
77.3163
530.286
595.121
1967.32
797.863
821.056
945.055
368.101
244.78
1202.88
261.594
369.662
701.348
133.781
231.248
531.884
248.39
216.606
361.693
170.113
838.909
199.91
465.339
256.992
854.619
713.692
175.679
1205.86
676.324
2414.99
664.63
889.635
893.474
982.803
279.202
1408.92
2248.34
872.061
1105.55
581.149
340.544
428.581
1426.7
616.87
970.457
2014.98
862.599
503.839
330.069
484.146
190.863
600.122
94.8691
1250.52
545.162
413.178
656.796
491.478
220.322
78.5964
412.211
574.524
259.394
224.656
716.867
519.123
554.052
503.108
1171.16
2042
4505.98
243.446
277.144
918.676
64.1542
424.606
79.2292
321.236
1244.82
401.863
1901.47
486.87
1027.82
152.901
709.81
1218.5
1161.28
1435.69
726.531
841.203
300.142
45.5812
1351.16
1547.51
278.553
392.108
1194.09
418.979
639.7
559.307
2247.88
2136.84
976.146
255.283
210.581
314.648
1177.6
2411.43
150.566
415.097
430.247
236.492
1557.66
322.836
1129.73
914.498
187.68
2524.23
45.8397
1522.19
2261.43
441.96
185.011
3940.11
527.294
71.2195
430.339
185.479
579.974
303.301
937.554
1018.94
1508.59
274.733
1210.47
328.983
212.902
251.309
882.97
1192.19
1590.57
1483.9
72.6615
1188.43
845.447
142.92
556.475
1507.57
853.932
151.273
1360.61
644.237
472.228
539.437
148.755
3453.32
503.908
158.395
1226.39
455.135
462.805
237.029
292.873
525.249
1059.31
1494.53
331.536
251.285
159.628
562.593
331.069
940.643
83.1311
250.238
354.895
256.819
508.579
913.448
4661.9
257.67
1829.45
410.445
122.522
162.703
1271.85
1516.75
1956.19
771.255
154.575
323.07
529.252
169.171
809.194
457.087
1867.58
382.887
894.867
482.868
113.656
971.799
112.096
295.789
1761.58
206.651
388.446
1028.76
260.883
468.344
1778.53
394.79
236.18
173.427
625.928
2004.32
1673.52
2045.2
1953.15
182.619
534.41
217.636
232.079
274.889
1400.32
112.668
565.627
1066.38
205.039
225.907
522.679
528.518
495.2
607.075
173.769
275.654
1550.8
540.605
2061.9
932.331
441.87
919.969
319.039
1053.46
1306.36
752.026
673.897
589.618
616.681
514.918
1017.7
238.442
1508.54
478.238
241.957
356.648
802.043
2809.37
1442.53
172.587
694.617
1097.27
1334.2
92.5542
200.866
5384.24
1318.64
640.124
655.716
1942.5
84.814
458.563
265.881
325.681
1143.24
343.141
332.607
375.373
196.263
1363.1
747.729
286.61
204.754
179.234
308.225
446.131
980.196
1091.31
367.943
589.202
136.021
713.377
851.516
947.699
1016.58
1457.2
919.665
261.596
191
1411.89
629.415
140.97
415.253
1490.45
2652.87
482.465
1191.8
242.584
2042.77
577.789
1495.44
804.043
750.869
328.431
159.322
365.243
1857.41
135.055
779.611
1752.92
780.486
110.814
215.059
1167.55
218.644
691.732
509.497
678.858
2090.17
385.989
287.565
1159.15
698.181
2066.65
525.732
186.63
591.63
2990.78
160.017
1566.94
359.336
252.837
1454.12
344.061
621.892
552.927
369.039
344.699
326.032
725.758
502.66
126.82
202.546
243.357
614.983
1068.56
910.569
452.879
185.422
227.198
155.699
82.4631
507.107
441.073
302.221
372.072
1607.98
279.173
210.031
194.449
591.725
601.067
117.941
897.742
425.034
704.186
478.875
288.133
525.378
216.601
314.256
1683.31
1147.58
453.599
199.593
152.182
202.372
573.97
294.907
700.194
189.732
1331.32
1014.25
874.293
1249.06
270.867
309.974
1093.94
1020.82
1125.73
365.952
378.74
936.073
1189.38
803.767
627.109
508.894
493.733
1037.15
97.0955
967.863
706.985
164.994
209.595
368.443
94.5692
108.644
67.3673
322.802
572.267
762.996
1021.08
685.44
1359.9
479.564
274.85
1480.03
277.276
280.316
387.911
3188.58
1653.65
211.523
880.612
269.526
377.13
1117.54
1072.26
1284.23
1344.41
514.984
572.934
427.011
998.017
527.506
211.896
232.216
255.371
80.4815
121.892
648.394
304.139
803.531
1379.53
216.78
1606.3
625.802
198.234
182.976
725.5
909.632
201.987
1149.02
437.671
219.153
2137.59
374.192
1843.15
652.664
691.157
281.647
530.948
872.952
954.915
172.396
692.231
1483.93
817.319
1585.02
1294.21
536.496
435.71
2788.49
865.215
1817.49
715.774
254.665
158.936
670.909
755.255
1117.19
355.615
465.531
812.206
271.447
638.959
705.77
851.351
443.404
530.828
80.4634
405.933
1686.8
647.43
1134.23
531.862
422.029
250.368
119.604
3227.83
785.997
362.763
1691.13
284.007
311.395
171.291
1783.17
523.453
1885.44
202.717
656.769
756.345
1446.44
118.851
556.07
990.768
190.583
649.156
1346.32
656.277
373.359
1210.58
619.44
580.323
519.495
996.164
116.599
1375.23
220.271
990.404
966.281
187.127
176.75
595.566
641.431
441.101
449.874
320.045
485.425
327.669
109.157
375.872
1508.28
621.494
492.229
556.515
408.192
2011.49
1189.82
826.415
788.148
427.611
1349.87
241.13
914.436
591.225
480.166
772.099
402.043
516.515
1828.24
755.509
177.588
251.278
271.525
1537.86
1027.06
308.144
344.764
930.369
1731.98
668.218
1096.28
568.345
98.8698
1594.61
269.575
2050.59
920.103
264.863
189.195
2787.27
721.108
437.731
586.41
381.988
596.422
2481.75
262.076
1559.11
932.506
792.981
570.451
689.291
516.686
282.929
1161.63
831.867
305.34
708.013
632.146
1453.9
543.751
1489.5
252.347
589.561
562.458
387.853
690.632
321.863
926.861
2038.55
418.565
433.711
1227.74
281.206
264.006
884.247
315.364
385.496
582.254
863.109
180.512
725.864
270.226
1114.53
567.575
1923.25
605.615
4209.03
542.47
305.589
532.85
1503.36
388.168
606.643
1131.04
707.07
106.818
288.091
691.743
486.659
511.688
496.657
1140.53
413.12
247.061
3254.19
417.886
80.9772
520.069
129.671
162.829
406.45
152.443
200.527
671.309
1622.14
1007.15
855.055
218.374
1574.85
520.369
1051.1
116.844
375.833
3096.74
701.374
424.179
165.888
153.353
502.197
267.58
423.59
229.303
567.522
229.181
882.107
881.423
1425.39
191.641
322.05
322.788
771.464
156.942
300.257
630.773
373.501
714.833
486.974
297.282
404.872
128.333
514.934
820.547
935.412
428.69
410
119.38
624.398
322.936
711.895
1826.28
939.128
1642.31
1021.64
2316.15
462.462
636.854
545.582
700.084
1852.86
416.595
948.726
121.159
535.656
474.035
711.296
1804.59
1416.99
447.099
244.85
1525.6
1301.44
1132.69
402.59
534.809
252.368
3097.98
478.656
481.491
878.5
96.9609
285.575
610.388
1391.85
190.658
719.082
267.584
379.004
670.996
415.996
583.999
800.821
1398.49
297.456
1153.87
784.033
798.647
239.2
1362.28
781.047
343.574
208.452
277.142
164.094
830.847
1182.4
223.788
1636.57
626.964
722.3
1268.1
205.585
387.498
611.556
438.69
1169.39
1791.3
377.687
1391.13
580.507
1402.63
129.343
789.65
829.189
533.459
669.553
400.176
256.999
1278.65
1292.5
86.2319
1141.02
460.416
312.305
162.547
600.372
1849.04
251.094
429.978
479.031
163.296
1743.95
150.716
721.423
228.732
516.628
396.435
109.369
2127.31
920.61
1317.63
246.13
488.973
769.165
1302.02
2111.34
91.9276
348.902
409.992
859.06
1083.2
778.646
628.652
162.288
340.309
1085.19
209.925
550.229
370.342
1125.43
1213.34
385.599
311.979
1118.54
2923.51
865.858
1086.6
929.559
240.747
519.416
80.6094
206.712
441.251
676.565
1563.36
641.582
258.438
181.26
1168.34
1783.09
291.568
364.828
431.798
180.553
410.182
2328.32
200.129
220.131
1377.79
74.3563
382.308
273.005
592.242
907.243
1191.36
1447.15
393.472
852.267
107.411
110.695
304.471
886.637
374.261
216.126
108.827
93.6551
490.072
1267.31
438.519
341.88
55.6197
949.355
601.204
457.53
1068
774.388
564.449
1198.95
56.5317
297.966
394.716
1185.5
907.228
932.271
177.407
445.213
363.429
675.844
721.317
948.854
1250.82
1538.3
1050.03
675.596
2246.36
57.2587
490.24
251.923
110.842
441.693
811.304
435.303
646.746
236.812
1352.39
711.716
398.084
202.674
522.277
639.418
148.347
1712.56
383.638
221.505
118.662
2266.3
110.794
284.494
240.62
955.741
179.584
131.792
432.271
294.636
304.514
155.378
486.043
496.428
607.521
2586.67
637.402
458.613
236.543
493.314
734.432
535.633
858.217
485.353
2027.84
238.461
382.723
957.621
264.102
296.975
1214.68
730.631
141.319
1432.82
475.223
1072.74
92.5937
121.116
743.768
756.271
595.61
361.818
3516.74
1061.52
205.631
1419.4
163.25
945.827
610.957
534.809
484.685
334.693
3244.61
1414.23
63.8272
142.341
437.272
303.164
2690.03
483.063
1121.47
840.022
131.586
1485.69
398.762
188.677
565.387
345.137
277.035
247.051
152.652
51.8135
752.667
342.486
513.007
198.798
752.385
109.902
1407.26
289.74
631.344
119.791
663.471
693.303
1036.44
1387.04
405.941
208.651
268.467
289.046
145.017
810.389
2495.89
266.454
167.095
995.518
252.669
79.072
372.391
1265.42
237.676
571.446
428.517
1849.93
1241.53
212.518
344.026
768.445
381.715
358.423
431.842
1330.6
891.915
528.032
271.531
1993.78
214.777
1719.19
1770.72
444.305
620.523
926.361
776.474
182.214
567.154
459.346
952.174
1278.85
86.8209
1494.21
95.0938
185.808
487.021
2890.91
522.759
175.488
716.53
1545.6
1187.11
2579.85
1216.31
619.296
122.88
197.43
213.196
187.014
799.42
758.54
247.137
604.786
1899.31
87.5265
242.667
315.989
259.315
1273.18
225.027
178
917.035
326.135
899.214
279.682
896.225
559.757
604.171
992.265
1145.24
511.724
725.277
783.695
292.357
702.207
259.092
897.157
1021.54
341.711
1014.86
1530.36
656.284
380.341
458.642
2001.93
719.383
3181.61
918.241
1638.98
113.674
663.797
75.168
169.56
786.174
366.979
453.957
267.502
195.1
196.901
658.913
363.135
1223.85
735.015
181.769
375.969
259.157
1156.09
910.988
1078.89
267.697
1377.04
375.426
533.947
415.004
540.881
819.107
1034.99
695.171
798.336
693.218
590.52
410.135
199.846
487.749
621.629
171.045
170.328
394.402
380.433
216.382
2287.03
401.65
689.459
2040.53
610.226
285.589
424.953
164.213
173.691
681.705
1354.95
1171.17
488.838
194.041
181.285
1548.79
1286.5
859.366
406.708
508.642
315.721
408.131
1714.81
811.439
465.305
1502.89
462.689
199.832
1078.15
1408.45
290.181
523.859
331.04
115.178
2318.86
1000.43
116.328
1046.31
995.419
974.024
495.892
1284.49
270.304
370.322
510.874
394.817
703.022
145.358
2359.93
1047.98
484.974
613.104
77.1614
402.248
1174.3
518.176
547.589
1302.14
364.457
584.958
813.502
612.106
431.015
1410.29
663.338
1504.35
587.981
1336.06
441.201
174.933
826.357
758.395
587.632
217.164
488.128
604.996
187.722
2060.68
1403.41
395.505
186.76
1738.48
1460.97
929.409
486.967
290.305
824.397
1388.51
580.726
203.343
560.919
424.854
166.119
389.459
202.318
1039.78
859.842
610.461
945.18
705.676
694.398
613.19
642.523
399.957
405.51
971.982
94.3066
602.744
723.563
142.266
176.438
1175.33
126.139
441.208
337.513
1448.73
404.559
869.763
1397.27
894.602
778.372
96.1198
763.274
352.675
591.225
984.192
149.573
274.262
456.178
153.508
202.342
239.061
451.028
447.197
904.873
362.122
199.947
1078.6
453.925
178.975
1946.75
1348.57
1262.8
196.124
158.578
1222.3
512.771
365.871
941.657
326.123
216.029
356.189
907.446
981.272
370.662
728.516
363.778
1286.97
353.343
367.923
289.963
200.398
331.874
564.986
950.705
1045.97
113.212
557.218
1109.5
718.779
443.314
572.559
130.339
205.513
867.202
429.972
1597.64
567.408
569.555
340.552
1677.88
230.478
489.269
318.83
850.944
1052.45
704.486
337.856
500.886
178.635
934.746
830.068
148.677
338.088
188.691
39.6905
819.883
660.899
1428.45
2235.29
970.563
1440.44
335.515
367.987
726.552
1071.61
492.556
171.126
200.293
257.898
285.041
553.298
1444.58
266.435
352.214
1422.35
243.483
428.987
1071.52
815.765
260.376
361.465
1857.51
394.856
841.545
450.485
227.56
377.8
232.135
535.204
3488.6
1252.08
471.821
90.3163
1209.34
348.455
325.005
125.83
210.34
720.011
102.62
423.469
181.953
269.24
2259.97
790.285
118.898
401.242
778.729
469.447
843.932
392.292
454.891
748.792
248.498
418.984
301.939
239.203
317.35
663.765
839.247
92.7477
755.879
262.926
1018.63
1075.8
961.846
583.747
313.813
585.733
251.286
736.848
875.271
207.506
769.861
383.894
170.341
1147.56
201.852
2247.8
441.7
87.0386
364.403
302.315
1030.53
1604.03
628.507
762.375
472.943
769.644
219.469
821.922
545.14
2026.06
220.618
249.765
800.205
764.345
1087.36
204.327
106.891
213.529
285.872
717.027
3432.66
241.714
279.787
586.76
343.36
325.996
838.244
951.858
1117.24
448.068
724.204
413.528
90.7578
402.365
292.48
832.599
1686.32
377.866
94.8969
612.4
1676.56
1163.33
244.715
358.982
1032.32
1053.99
1078.29
481.947
1156.54
49.0395
250.359
372.43
783.75
432.026
1376.86
822.943
1128.6
561.456
264.756
461.155
526.207
1716.05
229.219
933.195
1193.59
125.133
623.794
62.017
1779.13
181.7
122.284
1198.42
647.434
1369.56
286.022
1680.91
324.95
161.182
164.875
226.346
144.888
305.503
228.308
519.283
1139.27
143.722
103.603
578.807
181.527
139.612
1919.66
2422.7
1278.53
674.406
299.937
1444.04
1297.16
1766.6
1817.1
2054.6
655.108
2354.18
221.496
444.185
448.102
1287.08
101.238
118.666
205.857
236.181
701.836
1320.11
244.745
961.833
936.108
491.224
495.118
747.628
264.753
226.193
309.88
861.132
1245.07
335.8
134.235
379.88
527.127
83.3499
369.762
643.178
916.044
504.602
485.843
402.822
1063.5
783.57
1069.9
412.568
333.27
1088.75
803.41
639.015
202.595
2037.38
462.992
304.351
564.255
1207.7
457.7
2065.4
270.041
337.846
179.083
893.237
126.9
875.777
125.866
597.412
1575.64
121.012
312.535
3194.53
973.355
280.569
744.138
1520.76
764.597
1848.29
1131.56
257.686
352.004
353.434
237.11
292.28
744.595
374.322
541.914
327.013
343.079
136.241
640.73
81.8658
1215.62
431.474
435.532
82.4214
1154.5
368.509
1110.34
1572.49
1445.81
770.085
1927.31
365.735
577.599
1504.64
992.435
168.277
1022.82
478.347
795.035
770.895
593.459
159.661
478.034
826.984
70.2483
2397.95
1819.46
539.154
749.391
849.535
700.068
689.8
4113.75
480.926
426.078
328.638
957.47
236.748
495.446
598.758
101.987
191.266
1696.33
740.819
1295.65
609.773
727.616
514.914
746.658
219.615
400.788
686.354
490.658
925.136
1759.08
404.451
670.825
350.952
174.412
591.697
243.899
361.132
2368.48
316.643
536.642
1663.51
125.745
392.843
444.24
353.98
440.374
186.323
1955.14
481.358
248.134
1765.73
199.106
960.482
535.321
905.318
471.005
1548.21
2017.95
171.101
860.822
662.563
853.678
849.165
351.534
590.549
822.31
225.044
292.112
580.32
320.742
462.853
903.046
218.551
593.478
1344.29
854.571
244.809
911.644
1725.43
673.209
100.29
662.633
2134.67
2365.72
1498.88
2636.17
1770.38
827.149
807.496
217.507
251.553
616.099
1141.52
165.859
322.139
988.27
1001.76
365.356
72.7039
503.196
441.309
220.83
612.21
1699.66
159.523
177.296
1561.33
1705.76
199.889
711.322
701.591
1667.17
1125.03
997.064
94.7964
345.096
220.725
217.882
125.472
709.966
510.866
82.3847
589.464
433.573
152.136
834.741
1587.13
556.06
252.925
472.987
665.042
192.439
714.864
785.282
430.336
159.172
699.229
300.511
424.833
119.568
84.0038
397.484
284.175
530.363
758.815
480.237
793.349
1081.96
464.375
1485.89
396.113
102.105
295.17
698.833
1185.93
357.956
262.394
363.957
451.685
355.425
263.766
1107.74
662.845
1673.57
315.535
1173.47
385.218
495.587
1291.32
311.417
444.962
248.027
1235.97
419.992
538.079
335.769
269.055
260.742
172.83
822.133
188.565
407.087
161.193
1098.61
224.287
1184.97
458.419
1211.36
247.931
2390.55
901.436
362.286
1276.46
690.902
351.576
1400.41
289.518
468.709
627.572
854.64
988.422
903.219
238.795
3991.97
2407.93
658.675
294.573
736.478
100.931
1069.74
720.543
542.187
859.076
275.22
1129.16
1087.59
805.278
736.995
877.809
475.104
766.357
208.375
247.072
399.996
701.116
1521.2
194.744
167.735
930.872
189.867
408.998
1306.78
53.8786
513.113
253.568
310.714
282.182
389.444
505.5
459.779
122.778
258.63
1320.5
144.067
346.279
212.04
193.881
106.853
565.503
1225.31
1750.33
1141.66
1660.99
1523.69
174.364
2887.17
181.068
248.197
1172.57
402.579
114.758
432.199
538.839
540.987
551.793
163.141
800.615
122.368
310.525
980.619
201.064
567.537
940.398
315.066
451.545
502.384
895.351
191.414
305.258
284.514
201.43
414.88
504.254
711.447
174.272
1020.42
186.531
1653.27
942.25
921.159
2062.43
1666.16
467.679
185.477
510.941
313.267
373.31
546.591
3107
385.857
797.781
1444.49
650.833
179.728
787.774
595.395
624.111
245.505
365.851
899.316
692.111
273.008
2047.65
1295.26
264.942
515.706
913.891
1146.93
1540.34
102.63
86.1243
2913.13
1505.32
1829.21
931.688
879.261
579.088
244.781
81.0259
116.315
327.111
734.11
654.096
839.519
875.818
906.392
698.539
648.68
176.629
416.987
550.409
1984.09
729.229
540.846
550.078
867.639
299.721
3920.32
158.259
430.777
127.339
594.676
420.844
1487.58
650.824
734.557
144.702
461.092
219.954
378.923
232.168
533.509
424.364
611.205
432.786
889.883
578.468
222.846
1367.6
433.507
375.753
712.613
442.381
217.415
1052.21
601.575
834.919
290.292
1352.55
928.905
489.684
206.021
1089.85
145.431
936.596
730.471
334.61
391.166
2090.15
2626.37
992.18
362.505
2448.15
351.692
1285.79
752.094
2052.1
86.7027
261.187
93.1481
232.321
195.847
283.087
570.213
604.322
232.238
393.862
423.969
1103.37
509.646
1534.01
686.47
893.133
73.4868
631.011
309.902
180.013
108.909
269.244
2047.52
408.377
535.676
1144.09
562.575
1166.31
308.934
1115.77
671.413
1126.31
707.204
256.463
1447.38
624.877
51.9603
1609.06
999.434
661.086
2791.99
271.496
671.344
843.539
671.244
349.82
254.728
579.225
1214.29
826.657
174.273
1232.63
193.147
671.896
129.514
1021.13
236.334
1186.59
486.325
932.003
183.457
573.367
366.871
925.441
298.652
80.3827
2035.27
932.291
1273.28
194.843
215.115
119.883
669.243
200.114
129.435
285.87
275.365
779.094
696.856
319.395
120.553
2541.82
334.441
210.511
244.338
525.56
625.204
795.366
244.064
850.738
391.502
445.696
1185.84
256.634
1612.55
822.19
414.017
299.73
88.1117
746.846
595.099
1024.08
479.052
1839.32
304.85
328.888
138.538
929.705
420.033
255.457
1173.33
2248.66
135.922
516.649
1405.37
1390.91
3141.46
308.492
301.37
1967.02
332.392
226.957
764.104
151.539
317.233
315.998
339.956
172.735
344.125
207.995
373.772
1227.3
324.254
338.053
135.485
805.181
200.274
397.2
170.662
140.536
466.904
272.884
243.932
318.793
188.501
366.312
166.179
924.986
796.278
1073.15
592.417
511.05
355.136
333.146
2018.56
914.123
209.546
152.927
316.836
147.783
1466.75
173.468
834.075
944.682
423.084
885.612
447.282
362.193
540.454
278.269
238.104
2793.46
44.5739
197.595
3198.01
251.567
496.19
661.386
1692.41
286.891
201.126
381.85
1015.69
1766.71
329.849
512.407
2563.27
100.517
835.975
231.951
412.534
153.636
665.835
454.438
158.147
562.585
1752.1
276.86
682.54
641.642
153.208
107.003
1332.52
558.387
176.897
563.089
144.161
222.595
232.375
257.385
822.274
1034.42
145.876
894.074
187.307
370.822
180.233
1027.31
760.306
279.362
241.831
390.623
779.337
423.64
311.296
174.778
125.986
1008.17
191.546
1631.5
306.339
378.888
136.731
141.518
558.847
812.999
850.952
373.713
187.388
685.838
229.87
646.042
929.645
245.889
103.419
873.1
690.054
121.911
1293.32
401.133
153.948
3035.53
180.613
1607.85
167.215
520.451
1700.15
505.667
258.102
1653.07
284.705
502.72
257.121
835.037
620.815
67.9399
221.714
348.985
1217.85
898.394
741.831
526.202
388.736
283.973
59.2769
484.245
1682.11
782.586
1673.06
326.84
719.359
201.597
1977.29
721.231
330.973
557.269
196.536
1287.81
200.017
677.294
811.533
133.483
220.66
472.454
372.871
538.047
1616.62
975.968
129.596
621.581
546.068
333.203
415.908
440.368
153.735
449.776
1115.28
826.705
2137.08
876.437
529.947
167.39
190.926
449.441
217.036
103.512
158.746
438.048
142.103
214.66
510.354
866.887
432.968
2303.15
426.645
611.513
1031.83
1933.98
123.909
126.176
544.745
1605.38
417.108
484.325
543.301
1062.92
803.423
166.262
1254.7
784.103
543.121
459.809
153.278
1511.42
211.757
186.792
458.725
415.474
866.454
542.562
376.46
1620.94
2640.05
1000.1
710.399
1351.6
412.552
311.863
1712.07
668.479
657.258
289.147
198.754
391.879
1490.15
1155.83
1364.88
355.346
369.502
700.015
330.048
1215.43
346.321
286.433
1014.33
398.956
274.145
440.342
355.701
426.114
1542.25
109.731
3407.44
430.275
1631.73
361.64
1031.99
201.124
486.479
384.906
1600.21
461.02
542.61
2321.14
557.018
122.201
770.84
352.953
337.655
959.672
641.602
2469.93
1259.66
146.446
184.44
1823.18
855.99
524.859
213.742
435.568
214.006
1396.48
168.096
559.767
136.187
844.121
80.3331
518.507
276.717
1334.73
513.538
487.021
802.634
91.5143
649.932
317.396
234.533
168.011
127.71
1458.64
337.087
497.14
549.973
132.337
308.966
1239.7
395.939
2386.75
2077.79
431.122
631.79
269.675
281.861
767.665
638.181
757.016
911.079
1263.08
750.366
126.028
540.637
62.0247
327.318
438.69
1238.16
517.205
1518.48
329.432
1268.82
270.175
655.914
1230.85
884.03
891.566
346.603
215.176
2109.42
135.964
510.268
410.857
852.303
248.815
141.989
284.569
1564.44
721.901
509.645
1126.05
387.486
1585.02
686.767
1329.82
129.511
1321.43
269.975
52.8123
371.013
576.096
3311.68
507.767
942.275
160.318
420.343
552.911
878.215
807.086
426.131
2278.54
1047.51
193.04
393.909
311.786
198.246
473.948
825.245
761.429
654.151
456.01
189.251
438.503
1387.48
1296.39
265.332
318.793
231.756
497.406
1076.07
828.651
339.528
427.741
108.932
213.255
743.371
350.793
216.392
791.371
1610.9
427.509
304.411
151.56
737.656
2605.77
321.499
415.081
241.458
283.911
637.047
142.277
870.95
462.508
1332.96
124.413
401.355
3363.34
396.823
574.161
642.341
130.454
188.548
131.067
3103.49
122.559
308.162
82.381
1030.28
160.048
259.538
445.271
578.172
799.831
1011.72
420.434
649.857
502.566
480.296
731.8
259.469
451.862
303.27
826.064
1777.73
1406.32
426.593
783.395
791.816
1811.22
1682.61
211.328
381.913
646.349
1346.48
630.278
98.3758
519.894
170.257
359.094
104.079
1157.66
1266.15
308.664
576.596
1335.05
1647.62
363.148
1509.36
476.265
1026.93
633.486
717.916
213.492
192.273
232.962
338.165
2444.13
716.437
1229.19
957.889
770.205
566.365
546.752
1706.27
364.062
1116.48
322.211
101.361
1913.89
980.097
610.622
546.311
64.1862
313.349
159.543
148.141
468.286
1627.72
371.366
1181.48
169.461
1854.94
385.81
143.044
185.143
477.195
1283.28
263.603
1306.57
289.185
1304.61
713.52
574.904
1299.71
1343.48
1625.05
166.346
677.135
629.719
419.762
589.911
385.33
633.175
2158.14
1298.41
697.012
585.358
1112.16
944.384
382.059
1154.38
448.433
206.677
830.169
598.588
335.881
301.111
248.936
97.604
715.2
415.43
560.84
309.4
660.8
267.991
542.111
1531.31
557.685
252.266
2786.5
578.726
685.185
2066.57
252.66
214.478
2466.59
767.113
244.98
2152.23
923.599
173.485
575.579
799.425
2096.21
1144.58
966.096
458.26
113
690.942
461.892
545.654
342.814
133.976
281.244
626.877
398.911
384.394
532.808
335.51
1015.65
233.952
791.755
434.348
76.7557
1628.22
519.183
334.502
1617.86
352.25
1669.28
459.758
219.707
736.368
1414.67
218.548
202.321
245.694
493.536
296.263
284.348
339.185
402.072
354.619
1095.83
128.786
1666.33
796.329
248.81
379.155
559.023
496.775
583.238
1675.13
2735.05
1309.34
749.995
903.318
854.306
669.2
171.038
1715.43
2220.09
1649.06
1957.9
182.982
648.693
331.677
1200.93
311.446
356.997
686.412
367.659
1437.11
76.37
646.359
725.007
1108.56
429.551
360.849
188.542
287.331
748.022
1240.55
587.926
635.309
246.804
870.348
104.828
213.915
249.171
960.678
253.507
1259.01
139.929
606.774
594.826
1355.97
104.278
868.152
219.976
364.636
429.579
1446.8
357.39
308.311
302.571
216.427
502.793
822.88
254.542
334.985
197.831
346.272
605.405
1140.4
248.771
918.579
593.187
293.204
1090.62
1007.71
126.301
856.224
996.044
857.501
618.488
448.512
220.83
1317.61
165.446
490.28
145.944
180.665
104.367
225.211
490.847
519.127
522.78
1165.78
2455.66
1154.44
1983.6
286.023
115.966
402.636
1062.76
162.01
998.512
1796.57
615.825
2039.34
1111.54
300.208
151.171
319.139
575.594
484.684
451.148
1010.21
350.454
297.229
239.791
763.674
1999.03
1148.54
3337.13
810.584
87.1951
229.243
993.074
428.227
2031.7
1594.2
1500.98
441.934
196.052
2259.7
1090.89
1504.71
1204.87
887.091
792.859
1247.75
351.391
433.725
208.518
388.127
706.189
229.752
389.887
172.032
322.249
684.403
284.199
258.779
100.231
806.676
949.282
410.24
714.172
378.421
1140.9
647.193
1671.79
2055.36
514.799
185.208
856.7
2381.09
432.993
947.468
249.638
1171.67
1659.53
344.48
424.766
68.9979
461.998
200.796
273.345
1079.98
312.229
1806.38
594.279
288.791
535.355
1099.88
297.412
875.951
337.589
555.039
742.37
385.161
1892.93
434.319
556.079
279.694
114.483
183.609
112.708
1608.11
1165.07
321.744
470.293
249.435
621.702
1841.71
504.873
388.038
634.788
626.773
1111.24
1267.16
150.94
301.967
1885.07
308.028
457.032
201.206
670.851
401.417
2020.72
1285.31
1492.44
1809.63
417.726
244.175
923.249
442.078
865.641
365.749
177.726
287.862
730.914
169.409
366.081
118.927
998.247
555.99
1100
653.773
326.064
845.219
522.289
2920.12
695.435
911.355
373.972
814.113
292.877
500.575
657.723
349.154
266.556
420.009
487.015
263.503
140.092
96.0647
93.8864
155.938
166.337
619.505
68.5395
573.209
407.044
410.227
965.944
988.135
509.373
678.074
747.432
966.162
252.581
635.146
3376.03
339.223
652.264
213.274
1824.56
2990.51
976.38
401.471
337.974
223.488
1839.67
1757.2
1163.16
1311.91
771.83
1638.77
2425.01
139.294
934.597
490.661
280.136
167.074
325.899
407.363
1217.61
698.874
702
2150.74
501.465
140.367
1663.96
1589.14
288.402
2249.56
268.796
295.295
1419.18
471.7
163.879
572.612
731.189
957.696
761.884
114.175
361.515
849.808
1048.95
1143.85
1908.42
365.761
228.909
932.99
367.253
999.026
493.875
745.267
486.47
308.579
584.452
981.327
145.198
940.478
66.5434
323.869
524.821
1576.64
466.968
240.372
2011.77
432.734
900.525
450.687
1388.49
239.369
207.566
318.805
467.534
164.528
305.961
653.955
1524.49
1598.39
113.004
697.515
2109.64
83.2749
1092.92
582.863
247.455
531.089
1057.73
581.487
250.986
1138.16
680.756
408.504
413.543
835.673
553.512
863.303
458.183
1639.12
592.65
1065.63
562.288
600.535
141.773
436.86
763.079
465.51
345.156
302.348
1567.77
209.635
1046.46
538.244
303.177
320.122
939.874
713.579
184.992
275.683
735.71
359.154
965.864
421.453
1464.56
703.094
464.631
1169.86
589.269
799.064
318.276
1029.69
216.22
1915.47
393.303
1062.88
1101.05
1959.68
554.015
127.404
591.325
260.447
361.028
590.389
896.701
368.687
1313.86
420.82
332.784
1242.11
369.959
178.568
157.891
289.818
1119.05
267.137
306.757
140.197
570.191
283.702
1156.44
256.538
1092.58
2086.84
1430.48
609.785
891.862
785.971
664.774
543.782
644.541
208.788
556.399
1079.59
357.927
489.871
272.95
114.732
345.199
297.266
464.957
1645.6
2716.7
1014.72
1153.12
448.968
368.076
1103.14
243.9
142.414
2060.99
446.699
1305.81
1022.96
293.131
201.318
874.799
508.466
883.556
1020.12
320.009
241.56
702.592
212.002
318.704
1290.74
104.813
597.81
890.187
2799.7
844.862
474.611
299.228
42.4479
798.88
586.564
1102.07
1571.01
276.294
145.714
1187.14
1162.44
3562.64
208.058
1797.93
378.928
1464.15
831.283
593.071
420.73
242.416
389.592
397.158
357.851
315.879
1188.61
163.827
280.563
433.942
242.769
603.126
202.004
678.011
884.032
150.981
561.633
631.085
1441.82
370.473
1497.53
153.641
400.249
175.452
214.311
574.959
976.991
447.692
947.492
619.273
767.337
196.666
387.069
1132.36
148.915
260.804
883.293
387.087
2071.76
273.618
766.674
59.0792
338.591
474.646
121.788
1209.83
308.812
1227.77
385.773
401.758
1026.84
1505.19
1143.72
342.612
645.482
1067.7
156.606
566.812
143.198
109.247
1479.16
112.14
1373.73
568.388
1592.05
172.039
195.214
1234.28
260.185
161.798
326.899
499.117
379.959
437.675
251.399
326.783
296.97
223.263
616.482
535.674
311.06
330.315
310.517
359.622
553.899
710.016
445.719
1432.91
761.719
298.32
1485.86
1555.74
832.84
450.456
857.213
700.22
368.797
2363.13
2547.44
824.657
197.518
353.256
584.992
118.758
161.426
1675.98
2068.15
554.982
577.983
1206.26
394.089
329.982
864.065
311.015
198.833
813.613
169.713
1039.08
1112.55
108.846
366.705
1075.33
951.839
460.249
335.403
1827.12
1430.56
143.589
761.485
353.032
645.06
297.256
773.393
233.897
158.893
58.6045
1028.85
369.127
107.915
1687.87
1318.95
766.22
992.265
255.364
939.105
521.221
232.148
858.321
637.761
150.986
185.008
492.886
179.042
112.754
447.174
271.393
484.211
1182.6
847.595
674.874
400.293
625.42
147.661
594.666
1263.68
1239.36
416.643
284.667
149.513
541.315
831.969
343.893
130.907
216.374
534.114
1540.7
354.293
688.785
1486.05
999.629
511.791
1495.03
102.074
521.071
680.878
470.85
1246.69
271.785
141.825
1323.1
324.196
247.513
264.936
2460.36
476.86
1148.58
313.495
500.433
988.027
279.783
266.037
1015.45
193.383
350.332
1258.39
1355.07
3174.82
355.98
338.505
721.654
244.276
436.298
1157.32
161.916
961.889
117.646
1028.94
536.648
72.7888
1355.6
180.778
203.14
237.226
223.059
251.673
435.957
667.505
253.146
630.168
2769.23
1926.75
952.299
3653.69
913.624
549.17
144.029
1805.87
709.206
276.579
365.209
144.342
571.049
1251.25
292.49
1777.19
175.051
1305.63
127.109
2038.95
981.604
1479.08
526.491
112.958
816.122
174.607
146.055
120.173
894.991
322.302
2646.48
188.195
220.142
100.216
193.898
828.095
207.593
387.087
777.246
430.653
234.495
645.176
812.569
1692.19
214.579
471.49
1538.45
65.6107
1746.01
638.645
391.212
212.368
436.914
163.033
1476.01
950.357
892.631
369.162
1945.32
437.487
442.454
310.192
270.434
260.621
1705.57
679.663
1815.94
525.206
381.723
1396.78
162.177
560.765
307.305
896.352
427.934
114.056
286.569
119.872
1184.39
283.154
652.671
1259.26
474.835
352.22
617.445
820.093
424.285
822.242
1051.69
593.701
620.28
724.523
376.248
1066.29
175.051
164.762
1387.77
722.706
260.914
898.477
410.55
162.239
456.865
547.775
221.153
253.752
1268.5
613.801
271.509
177.17
1638.02
610.791
479.983
934.428
274.586
654.54
643.874
460.725
2406.9
221.714
709.779
97.3373
379.941
202.467
131.301
1231.04
692.082
171.113
231.978
367.39
256.548
268.3
448.021
879.03
1339.69
850.753
639.487
315.918
1363.8
518.285
639.988
599.033
345.127
1075.74
171.566
967.256
1049.19
201.924
1178.39
994.792
160.919
991.668
471.281
2021.48
131.771
145.429
880.767
794.782
259.905
1948.04
1658.59
867.121
335.695
286.641
1216.52
2380.03
295.217
116.211
539.958
926.73
469.945
1702.56
198.818
240.931
1518.94
833.117
196.851
921.991
471.653
936.535
206.21
2154.4
272.936
1205.3
314.799
114.077
1370.76
987.9
863.887
291.753
976.362
186.623
811.447
307.839
708.633
148.203
786.244
254.942
592.81
886.442
1269.22
590.57
200.12
884.488
187.238
575.376
1358.35
514.1
410.372
464.887
163.117
192.256
71.4656
684.908
912.747
2194.39
1142.48
2550.26
334.276
1267.15
870.219
1502.29
1641.1
827.258
765.282
384.857
2930.71
208.066
108.155
1810.57
368.587
394.368
550.729
146.277
747.085
353.703
419.346
1529.15
242.455
1065.64
184.016
1666.06
146.011
196.188
1516.25
378.934
131.071
146.475
418.937
1357.96
1003.54
295.443
871.08
490.891
977.974
327.699
433.054
229.856
215.402
1804.8
1219.02
686.904
2349.56
329.858
145.977
1091.88
418.575
193.87
2231.34
358.227
1105.52
125.43
729.691
426.594
349.104
1228.47
319.615
284.436
2626.24
313.484
1344.96
923.218
682.796
1140.94
469.59
1104.37
113.425
1641.05
830.832
96.4269
912.649
356.132
265.107
203.48
564.975
259.789
487.196
745.957
2229.07
367.619
359.365
402.993
243.525
432.155
701.709
1394.42
326.939
271.479
533.53
255.954
678.458
564.207
405.036
118.31
479.057
373.125
1376.45
83.9442
503.005
952.332
1246.16
908.288
1865.74
573.114
725.248
540.715
114.904
562.449
528.257
1485.89
744.17
219.696
931.077
1115.46
283.056
314.569
168.247
180.003
523.318
508.319
481.275
895.41
523.009
273.932
562.978
117.351
1615.38
302.713
883.937
240.351
1137.85
766.778
609.607
175.298
659.887
251.241
126.764
512.953
294.846
363.048
89.829
1613.1
335.099
1066.44
318.544
286.417
1297.44
481.135
73.4846
724.091
302.093
271.346
187.792
1757.02
80.5696
1031.3
387.178
69.2512
2519.88
497.819
127.1
625.746
1027.82
210.416
3439.58
410.682
942.099
423.381
1362.43
277.862
505.211
222.834
184.619
192.363
1978.18
1716.99
210.836
309.185
1740.93
480.896
403.933
324.639
348.599
153.944
287.79
190.515
1074.06
148.958
471.077
2084.5
279.333
688.693
333.963
248.932
584.327
54.9537
481.981
156.039
164.357
1550.82
246.45
1133.8
545.949
126.829
907.317
1804.44
1125.31
301.91
256.92
844.981
1065.89
363.105
547.146
194.416
240.211
372.342
361.301
610.763
534.659
530.129
406.122
249.411
1694.42
1407.16
749.207
253.56
2196.39
789.544
1211.53
454.615
433.426
1165.13
417.132
300.928
628.463
224.162
237.579
455.407
1081.38
464.72
928.638
526.887
472.333
200.236
722.328
191.37
529.448
604.666
1423.16
289.126
1066.35
1188.24
176.887
347.204
348.574
338.807
1144.11
485.153
2958.79
858.615
231.964
1093.86
271.296
1375.4
127.122
209.131
572.609
433.329
1806.48
545.493
408.91
109.806
597.443
289.209
2510.92
405.043
1400.86
432.239
632.995
180.821
994.308
707.374
346.808
2462.76
634.985
1077.04
415.892
620.173
456.956
1006.09