3396
5222.92
187.872
388.297
1264.26
744.182
2715.23
337.711
1584.24
1719.21
780.569
1848.79
498.986
3216.5
1550.73
20431.6
105.014
3456.24
4366.07
101.067
1297.77
2103.83
2033.41
4478.93
1699.4
1667.96
1894.52
1401.85
2811.91
1436.17
1937.87
1329.83
2217.83
1626.85
445.345
799.235
3685.94
3203.66
6098.99
1163.37
1606.32
3955.48
1670.93
402.761
493.63
6104.75
6682.93
4049.24
1210.84
394.448
529.068
608.872
1393.26
1956.01
187.131
2386.37
4968.94
2487.84
813.678
2652.07
3841.1
48.1249
760.865
7938.98
2211.15
245.799
194.601
3531.91
12056.4
799.6
125.297
2088.02
1474.21
1197.9
4693.91
3090.97
1425.27
1210.98
5686.38
10604.7
1045.6
280.709
1214.67
1238.7
3072.68
1576.08
894.635
2258.67
523.669
2910.55
5227.21
271.712
972.608
48.003
2733.58
906.552
8124.31
784.608
151.305
1716.32
681.492
2233.03
3085.21
4346.26
3886.41
4563.79
4394.11
3185.33
606.758
1711.86
351.525
1177.99
1716.74
1741.38
2992.52
3822.02
140.969
287.207
1469.89
270.875
4763.26
768.139
252.041
744.006
2151.23
4786.75
1912.78
1143.17
11280
2631.39
1933.33
400.419
1277.91
3092.73
2724.29
659.684
2963.9
4457.56
3186.62
2380.89
3720.31
840.267
2606.22
416.463
955.649
1537.93
2656.75
6237.28
382.209
211.313
909.866
7655.81
6836.8
2317.08
2126.22
3652.81
717.212
85.312
2030.35
926.041
1130.38
3323.15
2215
87.6946
795.516
4991.99
2787.15
8353.63
820.719
3382.79
711.325
9789.44
6560.69
862.159
2235.33
3713.8
3823.18
714.121
440.025
2502.17
6937.02
168.999
2747.81
3373.83
268.493
2667.97
2994.14
6457.17
2184.23
1542.09
5267.98
1003.55
6032.01
443.356
2267.65
1789.49
204.54
2713.81
1333.45
1449.88
920.257
2962.01
1038.24
788.802
538.491
6762.23
667.963
1646.88
1824.07
5386.82
577.709
2478.54
3130.41
10298.2
31.4631
3184.61
509.325
2835.02
55.1309
214.952
662.59
2764.44
1450.58
162.093
1327.07
639.935
6383.08
555.125
251.906
3022.64
379.109
660.303
1216.01
610.106
104.644
362.807
2744.01
845.613
201.394
56.3041
8533.27
362.394
4413.16
2109.93
2214.87
1439.92
50.7113
1039.48
1534.78
4323.18
7330.69
5090.76
6125.93
2243.06
10692
7427.9
2026.37
666.672
1516.84
298.537
491.281
184.687
5224.9
3063.49
437.348
780.611
254.508
2660.1
649.762
667.46
2759.33
252.496
206.328
5795.03
1182.14
680.433
1676.99
2516.2
2054.53
6430.18
2644.28
4259.69
825.013
917.203
444.282
1805.84
7853.37
720.042
2397.43
601.188
4790.54
3500.69
361.9
180.676
1756.82
2988.39
2394.4
1216.19
975.637
1310.07
3801.85
2190.27
2925.44
378.871
605.027
1198.34
195.424
54.0495
5334.4
847.946
2687.61
9344.95
3267.4
1998.75
390.536
4924.06
3144.28
1124.96
450.95
2127.26
1326.53
2368.83
385.367
1117.01
2889.4
574.074
368.562
7358.4
1812.66
2077.06
598.063
580.933
574.936
4372.4
157.104
461.295
1112.08
5411.86
9220.41
4967
2173.21
384.74
878.051
1433.39
1436.81
6183.64
193.638
474.306
2684.69
4408.36
5736.68
3708.26
1733.2
808.1
3234.93
7243.31
95.2165
399.822
108.797
2829.28
1659.13
4959.71
3751.55
853.019
872.127
902.549
667.663
511.581
725.172
2444.25
191.53
2103.15
1078.24
2353.28
1005.5
3352
5385.32
1431.25
2336.57
8147.2
4087.61
4403.16
1175.84
37.4344
2008.36
9046.84
356.295
2115.42
1004.62
613.112
2361.32
143.377
4026.82
2233.01
1007.1
1107.35
485.907
428.802
5166.79
3491.22
3624.84
836.027
3163.8
352.885
840.59
4780.99
5129.54
4960.39
3573.01
2394.75
4060.42
917.89
3697.57
1087.58
343.498
3549.81
3396.03
295.384
269.429
3125.87
7958.48
3408.33
4265.13
7278.44
572.668
14533.2
5747.23
813.678
7828.45
855.549
2870.29
216.038
757.304
452.45
3040.12
337.626
1192.95
1841.59
827.163
2467.74
505.961
784.465
1398.89
3251.52
5489.74
4546.18
4455.6
1558.29
2593.2
1086.63
3586.18
3270.68
763.777
1156.72
3206.95
563.853
576.678
667.642
445.239
1876.93
2115.23
386.196
3178.69
3981.67
3017.48
1342.75
2326.34
2241.47
76.7514
797.153
158.173
9451.14
5706.78
5627.37
707.24
71.817
2220.69
2122.7
99.3517
6072.3
169.432
2344.82
4490.06
80.9792
304.447
2283.05
2530.47
2193.46
497.964
1854.93
4701.67
359.771
3587.11
1861.21
70.2215
11660.1
929.223
1348.98
2952.08
4037.54
134.393
3195.27
490.738
372.318
183.403
779.135
2154.41
1169.06
2960.04
1967.86
236.627
302.223
991.637
3115.73
3364.61
5227.18
343.707
2686.41
1804.73
376.334
1291.1
92.4636
707.071
280.197
7448.61
1268.57
6344.02
2324.35
7449.45
497.471
345.496
9660.2
1250.48
2203.92
5179.04
737.861
9276.86
230.151
985.948
1808.19
240.872
7674.78
798.984
3281.57
303.977
672.295
3103.01
1074.17
2562.57
3302.46
57.0914
4772.83
3090.74
2373.61
1689.64
1805.91
183.232
1288.56
1384.86
4144.84
389.853
6897.69
829.694
1224.98
440.15
2016.08
3072.04
4969.82
2078.78
285.413
1157.55
4642.17
2101.17
5345.73
200.736
1103.9
3043.91
145.506
1825.08
1982.82
327.654
906.482
6107.32
1795.03
363.283
870.366
1426.11
856.721
4283.58
5834.78
10402.9
375.016
1834.38
921.89
3036.23
5853.38
982.815
9710.98
1069.02
432.443
2682.25
2485.94
482.169
6041.48
1154.45
118.484
1720.04
4076.1
1502.17
2158.36
851.391
2989.35
2125.1
2730.59
1468.96
374.663
321.891
4589.92
1593.39
404.767
260.285
1879.62
6069.34
980.965
263.794
437.59
621.727
118.621
1297.16
525.596
1651.6
1576.68
2465.57
183.933
2338.11
4918.35
569.479
568.234
669.08
855.274
68.7287
4162.51
877.444
2509.24
124.914
1373.77
3318.73
1511.94
318.139
882.739
2915.95
84.436
3273.62
2568.7
2083.27
875.323
230.326
1653.56
178.739
1290.99
391.854
7082.11
2322.83
92.1059
6385.88
159.808
7407.29
1991.19
4975.4
1232.09
699.493
1132.42
2212.79
113.423
10612
1925.3
3976.62
8559.64
1257.57
107.772
1361.71
12131.1
908.248
2261.33
2012.5
330.282
1023.56
874.745
587.176
3794.98
930.25
22.8396
830.306
397.722
2967.12
4725.91
753.576
2639.94
6081.71
246.686
2065.06
934.911
1257.95
1510.42
3062.73
2450
243.553
396.295
2062.86
2866.79
1601.07
931.418
146.548
59.3636
1455.86
6230.77
1453.48
3854.74
1387.21
727.74
1004.46
414.183
402.647
573.875
1181.48
2443.69
1225.12
7034.45
1854.83
2080.96
455.156
1456.9
3299.46
436.326
1622.07
3317.81
9874.95
376.62
907.677
2044.39
5739.59
1083.97
4341.76
3567.48
1593.19
767.924
1821.87
1567.19
1880.99
794.016
689.394
5200.27
649.074
4787.06
1092.5
244.213
5232.27
1626.75
9706.08
1424.41
3573.9
2109.54
1697.66
155.238
2484.04
3669.78
5583.54
2023.39
648.566
1438.29
3351.64
1011.26
2434.49
681.732
1330.8
567.219
1182.95
3802.52
3495.4
316.317
421.853
1134.21
238.649
1442.16
179.98
1044.03
202.714
2477.78
8348.15
569.064
1065.11
6282.61
1281.84
2143.11
1705.88
676.078
1013.34
2657.09
1621.67
4695.58
3236.5
197.974
1562.63
205.957
746.425
438.367
890.695
1888.64
743.36
5205.54
1958.83
446.706
3638.99
550.612
1035.08
2027.68
520.288
4669.52
5000.33
309.127
3341.83
1569.44
1456.24
1181.85
988.929
514.954
163.365
482.923
4829.51
1830.04
3578.63
3329.97
2610.33
984.71
717.768
4644.96
5536.86
2575.72
52.571
446.842
1337.28
314.251
4756.64
1122.78
762.373
2269.06
1937.74
530.45
1269.53
5300.87
5999.81
178.114
1078.41
780.693
9277.25
3333.04
2163.93
4941.06
2944.9
2127.42
811.34
2674.82
1284.16
1114.02
3653.07
2566.79
355.785
1609.95
2463.11
5287.38
717.909
626.022
302.305
1464.3
6118.57
46.3804
1967.8
3746.66
273.807
439.869
6865.28
9960.24
1531.95
207.317
55.8389
2266.18
602.203
560.283
6342.32
581.936
457.157
352.133
1257.9
5869.69
220.661
178.727
4943.28
1004.64
87.8204
1523.77
1849.84
3289.24
128.261
527.345
320.645
4373.26
737.062
701.557
890.257
343.407
1452.82
755.41
2794.73
3779.32
92.2497
893.114
178.697
5880.1
441.348
1471.24
1221.22
1687.14
2832.57
9381.35
1374.97
1084.39
6129.25
340.272
7797.75
1090.6
578.125
1832.33
690.922
5860.3
1481.19
1665.15
1260.17
1441.66
1702.16
1976.02
2548.76
2794
2042.06
612.605
1681.45
230.817
1727.06
1686.75
4844.58
256.842
3086.43
695.08
597.063
3545.13
822.469
834.03
10478.5
924.356
1471.47
248.607
3186.84
2527.25
2017.45
2245.85
1828.16
2039.15
3671.28
3980.07
215.455
3263.95
783.009
2330.33
2527.97
769.012
3960.17
1324.62
2952.38
782.727
4980.63
3351.52
401.76
130.38
781.196
849.812
833.369
5042.49
666.665
6994.49
7657.36
1967.34
828.097
1496.39
607.294
31.2641
999.9
975.131
3032.4
2532.65
3261.24
5318.21