183.092
44.4341
139.755
94.3681
70.6653
28.7136
60.1599
26.5696
138.038
51.1106
90.7801
100.009
310.129
112.36
36.1117
76.0962
87.6512
125.198
118.321
61.5222
69.6221
179.066
37.4688
74.9367
52.767
51.6145
19.5436
114.831
46.9573
243.973
71.1777
558.509
34.2627
30.9612
291.536
29.7732
67.8971
53.114
527.8
87.6413
53.2676
54.5167
88.2423
16.5737
80.6392
71.8596
80.5184
40.6555
46.7073
59.0372
82.4401
59.1018
30.2229
23.7498
54.3956
128.83
50.6919
51.1683
43.2786
187.926
390.036
144.23
133.666
76.2988
41.377
75.1451
42.6268
50.2322
87.003
133.138
172.004
77.0692
80.9171
45.7294
126.7
271.142
123.666
51.3565
64.6665
73.7428
57.239
97.3826
166.136
130.688
50.9191
30.4208
342.635
54.359
427.11
36.202
32.9671
39.2638
47.6553
43.985
44.5866
48.7202
35.2655
174.051
180.745
234.694
145.288
98.8465
42.7153
177.931
46.8166
127.669
31.8199
75.4378
69.2989
90.5989
98.6284
57.1963
82.9223
64.4119
234.15
27.743
134.544
29.486
18.2714
59.1411
78.2362
105.34
44.8388
43.846
86.7525
160.089
60.8784
119.813
179.222
158.398
179.105
49.9787
184.472
99.1499
33.3578
107.727
143.704
138.56
23.6757
39.438
173.737
76.7273
101.088
66.2213
152.583
109.172
27.0145
147.308
78.1908
140.767
192.086
87.0667
30.175
42.6451
36.997
80.7082
27.88
92.1774
213.268
47.3993
195.468
106.494
41.7179
245.762
141.71
83.2982
127.42
29.6774
141.494
265.67
114.737
188.367
114.577
262.328
85.6916
63.3653
151.035
157.162
135.989
103.669
112.477
166.859
116.454
89.8654
57.6221
148.807
90.1267
188.708
34.4051
147.426
119.725
87.5939
155.411
95.7553
34.7967
91.281
75.3959
69.647
78.8858
39.6445
82.4845
49.2214
124.202
80.8052
137.073
174.456
56.1655
215.303
91.26
60.3371
19.2268
39.9154
42.7967
130.509
67.4704
42.7484
36.6142
21.0505
101.441
36.6531
127.924
71.3604
103.197
275.821
99.8806
130.24
126.645
138.025
97.3392
44.2694
155.194
76.0471
128.131
145.063
121.332
188.387
53.1528
36.5848
62.9157
75.9274
96.7685
67.542
15.4564
102.477
71.5943
188.206
42.3441
124.327
59.9641
109.897
105.009
151.481
98.2014
203.291
20.5047
452.244
57.3999
24.9495
247.825
50.4497
168.897
53.9093
120.433
316.673
59.8849
136.481
157.942
258.217
215.139
142.543
227.603
45.0351
23.2412
150.711
90.9925
47.8126
70.0338
62.2862
51.578
77.061
28.4923
106.011
121.146
105.66
53.6563
104.652
129.223
60.8283
108.963
38.2559
81.7879
18.0594
76.7831
39.9677
88.4083
19.2406
139.736
101.19
410.965
85.6993
289.158
178.239
32.1261
99.9615
87.6804
95.5549
245.861
198.898
149.625
13.8541
45.046
122.521
48.5383
250.761
29.5968
30.6667
38.1351
52.6453
104.949
52.3572
168.198
129.614
190.161
194.429
46.1103
112.055
270.046
165.743
40.4355
54.448
147.611
111.496
71.3673
183.858
102.978
63.41
43.0816
62.8567
43.6069
386.586
107.169
31.0101
58.3952
132.782
263.154
97.3655
100.908
66.6112
114.256
62.4248
69.2643
155.114
103.062
63.7343
129.226
175.189
96.3395
86.4749
109.707
39.1156
97.0845
210.542
33.1986
131.296
76.5628
25.5086
90.743
93.4778
39.9317
93.9694
143.412
56.423
51.3506
354.127
42.683
134.314
155.407
125.06
15.0182
45.8318
45.978
67.8269
114.323
46.8934
108.736
40.5468
110.417
31.4836
94.59
255.961
60.945
112.978
121.714
172.313
15.4952
26.0673
109.365
79.4605
68.2824
34.0178
98.7724
89.8562
121.677
173.305
56.8802
73.6506
137.452
167.583
75.5505
26.6169
151.233
65.398
171.694
41.6011
52.251
86.9314
82.6664
235.32
59.9446
48.19
81.0934
105.416
141.443
34.4299
103.831
264.01
217.859
115.013
130.623
174.249
265.615
219.451
264.777
71.402
117.691
187.684
84.1785
283.435
46.6589
73.4996
69.2747
133.245
64.5207
138.623
68.6173
172.182
31.9144
75.5282
51.6814
157.728
98.0473
138.307
86.6542
88.2346
48.3173
120.588
45.1452
37.4696
44.8623
114.213
44.2872
85.7723
39.5329
67.787
77.8441
151.733
45.4563
35.0319
24.6008
307.316
163.799
80.5022
23.2188
102.381
50.5591
62.7986
67.3167
32.5329
127.576
110.92
77.0191
212.425
34.4577
74.3657
282.079
43.9314
137.25
118.171
153.46
195.304
112.452
66.5436
120.237
71.8987
68.703
42.5888
114.739
303.298
47.4288
39.1074
36.1375
171.686
63.1274
97.4646
142.504
93.2005
346.967
114.346
27.4814
266.295
66.3786
163.835
30.7712
152.393
76.2667
28.113
22.9347
30.6115
27.6962
65.0506
63.748
198.896
23.1098
71.5156
113.872
51.4937
97.7131
100.509
82.9079
133.948
99.7761
74.9156
59.2398
112.155
52.1563
41.9651
92.4019
89.7363
66.1109
131.929
68.6865
35.8774
38.9542
172.713
65.8826
279.526
91.3647
62.6434
42.5961
43.9673
73.274
150.136
96.2748
82.2598
134.069
76.0125
226.518
60.6757
246.586
65.6019
96.1668
65.5319
42.1714
91.2996
110.412
372.041
102.5
88.9849
67.2686
88.2554
44.7738
177.988
113.319
50.7859
113.35
312.849
101.034
49.964
58.6171
33.5131
70.772
273.603
24.1364
44.5424
104.571
100.688
151.06
167.794
220.425
138.631
59.3756
70.4326
42.8341
78.2786
72.2817
18.6392
114.419
196.476
165.389
97.8682
56.6322
102.89
66.0503
77.1102
179.74
105.923
49.7852
28.5517
35.4284
24.2684
114.156
33.0865
43.9132
53.9994
136.784
100.091
146.591
120.638
55.2937
30.702
203.442
150.137
43.2422
38.4847
101.179
89.8043
74.4938
52.1632
110.782
57.119
141.599
26.0232
227.458
173.558
42.9181
79.7245
60.3124
113.943
68.5857
118.875
204.414
37.6035
200.387
34.441
250.816
18.9349
90.7032
110.84
201.836
34.9216
66.6908
260.934
12.204
49.4699
178.586
90.4264
112.649
75.7443
72.5847
103.311
35.6211
105.562
41.7442
118.476
39.7035
94.262
25.4021
27.0852
65.1374
83.2142
70.3205
68.175
70.7075
58.3228
208.908
88.6554
410.172
106.984
84.8698
71.3037
50.5125
70.6446
63.2587
116.905
153.105
45.1214
111.343
49.0924
154.165
67.0261
198.07
40.6985
133.201
98.5584
69.0146
52.981
92.9244
59.5147
63.3573
41.3014
30.65
98.7865
55.2968
94.8019
32.5811
107.132
179.087
42.6783
42.3949
134.902
50.4642
27.916
39.8641
41.7893
15.9404
161.762
41.0108
89.2722
131.461
118.046
35.6373
24.5161
14.9864
30.3582
164.74
298.917
104.216
133.334
80.0126
94.107
336.562
48.7925
127.083
29.8957
164.521
94.5393
47.8022
73.4138
53.9832
146.509
110.699
186.903
35.8198
132.199
131.331
79.7704
118.753
90.5183
96.6933
96.7061
246.266
42.7515
52.186
72.4506
56.4249
143.121
112.755
68.8092
30.2694
33.6511
458.61
43.2931
178.638
59.9854
33.2395
42.7526
42.6691
116.344
112.324
112.102
245.298
150.934
68.8464
71.0235
201.361
48.7832
182.483
71.6428
132.269
40.6961
39.5784
238.659
39.3167
47.5073
200.009
134.972
142.029
73.7869
268.209
47.811
258.411
148.8
275.02
61.5567
22.1092
36.2224
39.5996
155.559
156.585
180.498
93.0175
68.4685
47.5048
245.011
83.0699
54.1631
126.254
50.6821
150.28
24.042
87.2578
39.541
18.1531
116.213
72.9919
69.8005
147.802
42.2445
53.932
176.968
107.52
37.497
24.6577
222.974
73.3264
245.035
95.527
61.1038
43.0531
146.935
72.8632
47.6008
278.819
49.4622
74.9849
98.9009
79.5715
90.7599
81.1407
148.461
191.855
44.8638
83.4117
76.6416
82.5416
159.851
137.712
141.926
138.267
170.931
20.315
50.5065
45.2901
19.3099
153.405
151.318
62.9154
55.0119
26.6494
59.2768
244.427
71.8263
60.3965
51.806
45.4742
45.5594
60.0271
276.71
14.1436
43.3629
72.4447
24.625
98.9844
33.1654
57.2696
180.387
49.725
105.569
133.588
79.4212
17.3883
12.6825
176.496
39.61
54.7516
191.547
39.43
38.1089
201.782
30.986
73.3459
158.34
95.119
88.8237
44.2358
104.481
83.5193
121.647
49.2953
225.698
37.2845
61.2202
129.024
109.246
49.0494
33.0188
26.1386
166.163
95.4617
58.4049
39.2975
286.636
115.413
115.182
79.2049
116.871
119.795
187.606
60.0202
25.4534
163.445
71.6773
45.4268
19.8551
77.0002
66.6457
152.729
167.044
104.955
114.556
344.563
89.9015
111.698
147.316
71.2869
84.9013
59.2882
55.8465
61.0853
66.0994
79.7657
110.304
170.328
55.8085
41.6862
22.5463
262.719
100.193
287.834
46.2339
109.441
113.779
71.8203
70.3725
73.2613
187.846
60.8586
163.345
248.921
41.6753
71.2884
47.1178
36.4497
43.008
115.8
319.801
161.664
46.4987
195.875
52.834
36.281
41.2591
127.743
138.557
49.5915
46.8461
84.7234
240.966
218.716
230.509
73.5374
54.6739
109.104
63.6925
158.656
45.3116
178.364
92.7267
443.592
181.825
87.482
97.4385
101.898
94.7558
71.8589
37.005
64.3152
183.928
81.6227
34.2004
103.064
35.2972
79.6854
50.1794
139.269
40.0683
71.0246
50.5899
27.7005
10.4945
26.2116
70.1431
58.0694
386.184
106.708
60.8612
23.4602
45.8936
133.159
42.8048
118.242
92.5261
115.189
100.323
241.411
35.2959
77.1575
47.5269
39.0502
168.845
142.787
68.9833
70.6593
42.985
96.2062
83.4144
65.9456
83.233
35.2993
99.7725
73.5123
110.837
100.499
29.7255
103.168
94.3884
40.024
77.4714
109.015
84.6878
65.6764
27.9699
40.0478
89.0682
271.107
73.196
59.1937
86.874
202.553
48.3084
107.156
89.9581
34.8117
212.096
297.582
251.756
39.3479
73.7835
33.7093
168.539
52.8482
46.607
323.255
46.8274
234.548
53.3598
74.3283
177.197
372.681
259.488
91.4255
255.131
46.6894
123.476
158.221
50.0913
140.7
162.599
265.01
70.3441
69.0058
121.284
34.2685
81.4647
48.9427
27.138
44.6187
130.948
85.2017
193.266
336.356
174.469
114.584
58.4535
85.532
146.546
203.978
52.5613
78.5024
134.064
96.4612
33.8187
21.4119
24.4887
172.129
285.662
34.0519
155.932
110.738
132.901
64.6838
109.24
61.9188
417.73
85.4271
63.4521
19.2557
25.3045
106.907
115.262
50.6238
172.048
82.0929
77.9566
162.763
296.581
141.92
57.0657
29.8862
149.202
76.0624
184.04
150.754
76.4879
105.581
120.141
82.3043
55.1996
34.8448
66.4876
148.568
56.0338
137.202
129.977
59.4683
80.8444
224.277
96.8824
12.5492
89.3714
22.2507
32.0375
36.2384
38.5038
113.648
82.741
31.6712
231.166
46.0243
118.45
58.8051
55.1043
61.9809
16.1365
142.153
37.8254
77.0114
75.9762
76.1831
136.131
114.21
52.9621
188.11
55.0556
54.7689
19.9008
43.6555
77.997
297.928
49.5144
92.1308
62.3243
73.918
115.089
47.0665
85.5274
30.6495
213.725
144.358
29.8676
29.1796
97.57
129.505
159.985
222.287
101.331
89.6551
32.9307
35.0896
51.2472
151.09
53.6265
51.7374
157.92
34.101
65.2192
268.812
232.102
37.9763
186.718
110.931
31.5825
103.44
152
184.537
100.163
33.7394
79.6643
61.9061
17.1367
174.779
68.93
175.321
38.7413
48.8772
78.2729
20.0201
31.7679
115.922
120.797
407.446
53.0723
34.2878
164.023
17.4875
24.1613
228.286
56.2883
115.226
57.3147
57.394
33.4254
111.348
34.9541
44.6815
37.3937
149.513
57.1324
210.647
87.8836
41.6717
123.526
299.175
38.5998
39.6098
74.7273
262.866
104.907
70.7532
23.4283
58.582
185.389
103.877
13.2722
35.4362
94.6107
320.377
388.61
237.106
118.846
148.646
21.0636
122.403
60.1098
258.391
55.9621
93.7007
109.193
70.7597
38.5315
98.5793
318.082
38.5538
76.3873
121.904
359.055
77.1279
285.188
51.3366
98.2732
39.222
166.623
38.189
11.1695
44.6729
31.8961
45.5522
32.7423
80.2763
88.0582
57.2204
137.282
136.491
56.344
75.9421
144.869
168.218
106.63
179.175
43.8634
57.5189
52.1678
89.628
155.045
105.692
131.243
212.935
133.305
44.1384
40.7794
260.649
61.2817
55.72
57.4435
506.785
40.7001
124.248
96.4152
108.648
56.1576
121.407
138.446
30.7546
73.9984
67.6535
28.6146
114.66
42.0791
62.7713
360.909
57.7002
268.087
173.773
27.4017
114.545
47.2613
108.504
69.3218
91.9287
38.1072
103.133
123.764
128.931
156.198
86.755
28.5069
27.5841
25.7768
61.2612
47.0289
56.8526
51.1393
153.134
53.965
97.1471
136.707
20.0656
74.0183
349.66
89.2203
60.7016
190.595
61.2372
166.84
84.9223
123.36
62.9507
28.6399
27.7381
28.5978
87.9631
38.9016
55.9952
35.9921
21.5945
88.1055
46.275
55.4756
128.629
68.4034
85.2907
167.918
112.498
95.336
77.6953
65.4691
66.0931
70.4974
89.763
24.8394
69.0546
76.7569
23.4656
104.304
97.2308
29.6497
55.47
106.911
70.7125
141.867
83.7536
151.341
92.2947
45.706
166.061
46.2379
93.4494
40.5832
41.5176
136.263
192.693
108.725
71.4612
96.9265
96.1423
166.77
121.567
362.229
145.712
92.184
58.1341
156.182
173.963
84.3947
222.2
39.4515
56.5921
418.374
139.632
82.5264
50.018
35.5826
28.0036
71.7388
64.2963
79.8704
113.372
99.142
47.8966
81.4241
86.5995
53.4866
35.7365
42.4111
169.004
56.628
122.36
36.6959
101.038
216.342
144.025
44.5174
104.833
118.844
119.871
126.415
60.8471
209.314
178.15
23.5609
84.5373
140.194
147.809
88.5492
30.0525
152.941
49.2456
67.1927
82.6489
80.188
118.572
150.513
119.392
23.1139
175.007
37.7334
40.0609
180.312
39.9484
48.9349
34.7011
133.225
76.5213
68.4093
158.816
68.3672
63.2784
43.4669
110.569
55.2891
122.957
59.91
72.6302
31.9105
22.6614
53.2162
46.1534
90.5561
40.6953
41.0316
113.974
40.1477
21.4878
445.684
237.923
114.607
98.4307
34.0715
254.285
72.3643
246.967
115.206
100.763
74.6654
214.129
96.8756
31.3514
123.787
33.3767
28.2249
108.501
47.1904
40.5211
39.4687
79.245
94.8349
94.9042
126.109
43.6042
57.9595
134.649
98.3969
33.9901
168.304
43.1096
151.981
135.24
119.779
201.538
70.6743
29.226
146.598
39.5035
121.242
195.755
135.976
54.1962
171.693
254.115
129.627
176.725
59.7772
62.572
89.5692
60.1539
33.0789
35.5796
156.756
55.1407
176.797
60.4325
39.5602
68.0711
24.7267
73.7434
52.1829
88.9339
36.4563
183.724
30.1921
84.8994
46.7428
61.7889
230.666
127.529
124.461
96.4071
220.899
31.0599
204.953
56.9512
133.321
167.297
39.8703
192.48
123.974
35.4302
173.481
272.893
35.7258
17.6897
62.994
17.9602
83.139
165.591
48.2797
52.0617
40.4143
41.2833
188.06
32.1185
76.2255
87.3937
75.1964
33.4658
115.713
18.3203
177.515
72.1736
123.857
114.36
70.8245
53.0983
78.2536
204.513
72.5576
169.776
139.303
162.36
22.8434
41.9977
520.557
111.52
63.4169
96.961
73.023
100.035
40.1807
167.97
28.8944
90.0487
42.2041
60.3123
59.6247
27.0478
179
25.1713
286.346
74.7715
76.1507
185.142
122.493
50.879
44.0075
58.6306
73.2424
88.1273
63.1912
44.8542
33.4541
180.202
75.3741
92.2354
74.8755
113.524
345.018
75.0389
46.3287
65.2785
130.354
151.774
162.254
42.338
93.5249
140.196
97.6276
121.312
140.574
153.67
75.0087
120.383
29.2918
102.886
126.488
134.573
337.482
79.6654
40.035
188.125
106.725
281.17
98.8203
25.406
305.173
33.2766
76.3114
173.873
45.3413
77.513
25.1037
40.3451
79.0157
42.544
118.122
43.9279
114.384
35.5612
342.754
435.045
91.9608
33.6507
42.3651
77.6545
64.3315
38.0632
59.1381
38.2325
34.307
40.625
145.722
287.029
35.8027
73.8998
64.8043
108.238
63.6619
36.5621
58.0303
49.5699
132.039
42.1559
33.1694
492.244
193.961
52.093
74.5117
98.192
58.937
174.431
294.655
98.0202
110.008
43.203
232.552
102.643
49.1156
96.7383
132.044
128.052
19.9974
93.1682
210.58
155.903
482.894
75.3421
21.4188
41.4022
64.5256
85.2333
62.8526
35.1167
108.793
40.1238
103.496
55.2924
219.241
162.921
67.892
201.375
26.3603
117.429
52.6661
48.1718
28.0528
64.0166
58.4581
203.933
100.52
51.9203
131.575
68.1743
74.2942
29.1367
89.5346
109.189
48.5919
67.8457
27.2121
112.298
219.876
61.1301
117.054
102.959
45.609
149.398
41.3611
34.7944
110.873
173.725
42.7367
58.8796
77.8063
50.7322
41.3546
377.821
50.0669
135.882
44.6686
114.533
40.6558
199.858
213.195
35.3907
24.4394
84.3587
226.388
56.4756
297.028
180.236
134.131
26.1291
137.012
120.709
45.7646
30.4033
43.362
54.1381
88.7718
119.363
24.0137
39.5618
55.9929
86.7989
113.431
62.2521
80.7347
149.12
14.983
119.688
108.06
47.0313
193.284
318.732
329.924
71.5742
91.5721
47.718
155.804
55.527
26.8591
45.2412
40.5092
173.808
78.8661
27.9624
29.4774
92.792
164.269
148.116
51.8882
129.544
55.1384
36.6653
47.0148
145.15
20.1044
129.927
76.129
47.9457
41.2571
40.0397
58.1947
201.854
98.9274
139.926
17.378
67.4139
43.1012
51.773
58.4298
75.3514
229.114
40.1486
254.363
200.973
153.388
89.0862
60.2833
368.693
107.956
110.481
131.264
130.886
178.806
33.1412
35.0642
87.5772
192.781
42.0358
83.7396
14.1531
98.4211
116.565
44.774
62.2731
49.6173
60.2175
51.93
103.606
130.29
17.1055
142.78
114.889
37.767
221.742
60.2553
34.5734
58.5668
14.8516
147.109
80.8134
71.9162
61.5577
128.357
54.773
86.7307
42.2557
420.449
111.751
131.66
161.591
59.0102
405.001
105.499
15.4043
84.9164
201.745
232.189
51.172
27.7957
90.4719
167.404
76.6278
443.629
131.291
58.7262
233.74
185.157
137.68
132.913
177.58
130.015
144.792
90.3557
55.363
124.946
312.65
36.9134
115.614
235.565
42.6414
205.456
68.8174
162.413
245.392
88.3875
179.227
45.6265
48.3787
168.637
136.776
402.998
177.453
37.3238
58.7023
51.3335
26.2801
50.1065
60.5717
39.2485
128.633
89.7833
38.7889
159.279
21.4515
92.5477
81.5119
79.2018
127.891
70.4449
201.56
65.9446
192.788
164.396
75.5222
35.1351
65.8147
89.796
119.321
45.8975
71.8769
240.219
60.4182
33.9024
43.782
62.4805
27.4176
77.9413
252.46
24.8913
69.0276
86.6813
46.398
73.9384
31.8559
164.262
42.8112
68.6952
45.4755
80.5132
30.6331
34.3112
99.0229
97.3462
209.772
95.7133
17.6431
58.5112
115.524
28.6336
178.869
84.1312
33.6134
95.2991
84.4304
184.894
154.474
87.6308
184.892
48.168
124.739
11.1337
27.1778
96.2646
36.8015
70.9649
24.5979
43.2392
56.5355
252.478
18.6234
41.5635
29.6873
53.717
39.2709
71.7561
158.625
27.177
367.541
138.178
119.859
73.3018
86.6633
81.7295
50.0148
144.93
38.0868
69.0816
116.365
55.1363
99.682
292.78
81.3815
37.4677
78.4346
113.575
39.7421
91.7348
63.9314
157.5
404.729
113.278
108.541
39.7551
115.52
176.584
141.115
28.9249
98.8452
39.6758
92.3857
64.5096
42.9932
72.0224
66.2974
167.723
130.916
84.6076
51.4352
58.3832
13.8115
29.7065
75.3145
108.712
25.3849
68.2842
72.2481
41.1721
80.938
212.148
101.575
72.1092
104.928
58.3787
62.136
199.365
175.121
30.9986
92.6076
129.481
44.2921
83.0348
90.256
112.048
36.4894
182.754
27.7693
71.2674
178.216
42.3857
309.17
89.2997
47.2993
38.8897
59.5282
45.3374
81.723
96.0261
48.4103
28.324
49.5164
195.014
40.033
191.033
54.1688
57.4578
46.0124
145.965
86.7227
18.0821
303.846
97.4155
154.245
42.3481
122.226
97.7026
153.93
28.0274
40.2884
101.99
33.718
177.993
118.689
74.6514
32.6659
82.3037
46.6357
77.0875
47.6278
88.2935
77.9958
59.9167
35.0032
47.4479
162.061
77.2905
45.1342
182.746
188.763
182.313
60.0897
258.414
200.243
97.481
42.0756
42.6738
113.504
44.7118
21.3284
66.5101
37.118
222.862
54.2136
126.944
70.7031
73.6889
41.2218
28.4258
179.542
28.7415
164.067
92.3959
158.263
36.652
69.9514
91.0767
473.694
44.6457
164.522
27.7499
27.9842
23.4789
123.385
33.3974
22.7855
30.3625
145.115
34.3035
69.8709
492.91
78.5099
92.4537
162.65
91.053
25.8829
51.2873
73.8402
40.488
121.441
155.847
94.1484
77.2027
98.9612
76.6394
73.8732
38.2206
114.324
31.9839
17.5755
42.3278
40.2736
103.479
384.818
36.5097
148.696
163.122
88.2425
76.0461
82.0518
47.9242
110.786
83.8439
90.6399
70.6994
136.854
199.256
44.5274
305.388
146.516
82.3586
29.9898
291.854
29.2317
222.561
88.6221
68.8733
19.4414
31.5118
110.11
82.8977
112.356
165.723
220.848
50.8318
51.9112
176.228
99.7789
72.4913
112.759
70.8667
145.947
78.5191
192.7
59.4645
136.043
71.4228
55.9757
80.9798
88.8428
136.677
89.4819
147.086
55.8132
74.9527
120.294
97.0101
60.483
94.1233
47.0272
37.6713
94.2677
123.422
82.708
69.0002
228.339
136.223
93.5709
105.293
41.3058
230.673
143.829
28.99
12.2337
135.128
10.7957
58.8354
110.45
79.0834
188.287
23.1611
215.594
90.1101
72
158.504
181.712
42.6966
80.0995
48.4811
290.36
200.931
35.5236
141.669
199.845
111.957
95.3348
64.7896
60.1331
75.1073
100.37
196.528
36.6952
43.6856
209.793
168.765
46.8812
97.2557
62.2242
53.8415
69.8298
188.848
28.3542
85.5197
15.1815
50.3711
112.043
52.0781
60.735
76.9619
46.5947
65.6716
154.788
40.754
229.514
66.5492
72.6008
110.275
178.668
43.58
125.099
99.6809
65.4285
163.521
147.177
101.889
154.636
134.725
307.918
64.7017
102.94
42.8836
52.2863
126.407
59.9399
22.8126
141.274
137.946
42.8823
156.641
27.272
197.772
145.998
24.0254
101.492
49.0498
242.977
59.4092
215.946
178.22
47.7321
171.735
107.264
59.5817
109.623
109.784
72.8263
87.5427
543.394
78.6458
60.2818
37.5095
47.6924
39.7016
113.545
33.8237
116.962
62.5662
51.4853
30.4775
44.2107
64.9918
390.949
23.522
412.88
40.8796
102.276
35.9994
46.3061
27.6812
20.5255
75.5804
95.9369
143.167
26.3039
128.397
133.028
42.2485
166.232
277.382
29.3557
62.2673
64.2376
79.7265
41.0722
97.5876
66.6259
308.737
185.499
97.6549
48.5307
183.837
56.8074
116.779
202.313
83.6964
42.3329
71.6687
73.7226
29.2483
63.2359
114.928
46.3818
60.6549
104.723
66.2157
162.745
96.5162
23.3202
135.778
135.74
84.9834
71.6634
13.8144
64.0095
64.5367
59.7073
31.9807
70.7084
94.4848
171.304
43.8323
96.7779
142.153
190.819
226.659
211.941
34.2986
173.707
64.5702
49.6592
16.8597
101.815
39.7122
55.7717
65.1707
61.6885
196.141
146.247
50.3144
50.883
84.4412
81.9388
100.902
59.1079
53.6661
121.769
82.4152
86.9888
61.2649
83.3315
102.758
34.9164
33.0576
120.911
146.769
57.1845
41.9964
261.349
79.544
70.3591
60.3191
40.0528
89.8181
69.8632
179.346
104.851
344.251
39.3589
49.8625
239.307
128.772
310.962
52.9825
179.41
100.679
43.8527
45.6439
251.765
86.6761
70.2844
34.5306
217.383
124.512
245.028
83.2504
66.1249
20.0774
22.7171
75.8877
35.8344
54.2896
62.5114
185.839
66.4388
141.742
98.8579
71.4388
71.6678
36.5382
219.474
27.4504
216.097
138.59
27.8007
165.718
36.5371
90.6626
39.4028
179.631
71.4922
112.619
30.0315
285.642
392.413
39.5198
55.6681
58.2649
235.763
68.2668
71.0992
58.7031
64.8855
111.01
132.674
44.4728
54.2192
349.227
40.4881
143.954
99.6336
74.1074
70.3039
82.9935
240.398
346.025
62.7767
93.6902
150.025
188.793
149.131
88.4563
23.0347
60.6571
102.713
33.3066
108.038
154.292
21.3625
95.1346
76.5257
61.3848
105.413
98.7757
60.1844
83.6256
178.974
13.9199
52.8286
115.358
516.823
42.9136
144.542
32.2212
69.375
75.3949
136.895
197.568
60.8044
88.2402
79.3453
54.7582
109.555
21.4341
65.1335
67.3084
67.9448
154.279
101.265
149.054
40.4284
178.465
117.363
67.2379
71.5367
60.8533
98.4618
104.939
104.443
246.047
151.426
173.84
77.633
30.9524
272.853
138.343
71.4337
162.344
61.3115
75.8601
73.1187
171.799
113.569
109.763
161.757
57.6826
60.268
78.1105
148.524
117.76
122.497
36.3079
49.5295
35.7047
115.066
186.653
95.1778
98.8557
49.1612
79.0019
216.021
124.831
57.2403
68.6086
88.1582
53.0706
130.011
112.074
66.6656
179.541
78.8582
11.2066
74.9657
111.566
77.3631
86.9666
105.837
43.445
182.064
128.801
90.0772
54.2178
24.2619
94.7373
379.507
176.447
64.6281
26.5468
64.3333
27.7028
193.942
73.1881
148.551
40.6676
137.207
70.3772
32.8477
495.805
68.0647
136.464
31.7501
61.557
168.76
56.711
69.6056
92.9333
233.347
53.6867
72.3321
52.493
48.6536
22.8702
130.428
104.064
224.593
118.77
55.4429
109.091
76.5696
75.3593
116.487
141.887
25.1337
104.256
27.7465
50.7745
200.816
50.1504
140.763
78.8143
56.6248
188.984
90.606
86.733
76.7597
121.963
49.0302
31.5848
33.2529
41.7322
86.0318
37.2033
41.8888
54.4206
139.716
125.701
90.9751
169.484
43.404
33.2119
31.0954
140.372
118.678
126.612
35.7115
98.33
14.466
77.424
112.545
51.0335
144.589
183.109
168.539
18.4027
267.348
36.7299
107.988
114.719
60.2761
161.003
14.9451
241.762
140.051
92.4428
34.8004
191.546
60.5699
25.6037
40.0766
183.544
51.0742
386.557
82.0117
191.797
298.452
49.0418
137.704
274.584
135.203
87.8916
86.9775
40.3335
261.63
94.0821
22.5723
23.6751
146.801
61.4968
247.135
444.505
109.589
150.624
28.502
65.8075
51.0397
68.9637
47.2284
250.196
54.3369
34.4524
88.42
76.8582
80.2319
64.185
27.8876
20.2021
116.242
86.1024
43.5481
239.075
109.692
514.969
96.4047
76.722
69.9772
95.8255
40.3664
59.8693
27.8384
106.235
37.1006
42.2659
63.6359
65.9809
19.6818
191.335
78.1452
300.489
24.4309
146.971
212.937
107.824
93.5838
51.7221
46.922
46.7602
152.507
13.4842
308.538
35.0929
81.3523
35.8641
32.8096
77.3
99.1809
48.7036
142.406
89.907
181.968
47.298
32.9211
87.1524
48.5561
175.417
170.578
113.645
73.6821
86.4039
170.985
33.4375
54.1401
71.4853
103.677
44.7322
71.3068
61.4998
55.724
35.7867
62.8451
86.5868
85.1854
38.2957
80.1179
59.8513
75.1568
76.3596
87.9668
31.7664
135.637
233.393
182.618
86.0976
34.0635
70.3789
99.4434
193.735
70.5396
86.4507
80.1437
94.9341
105.39
13.5051
207.315
48.5223
52.2397
273.939
102.439
51.1788
47.9152
16.9924
242.507
166.189
75.6991
31.8061
15.0462
96.9769
49.4533
32.1819
192.487
83.902
116.454
97.8143
100.475
90.6315
90.6652
104.574
85.2664
23.9827
235.436
104.346
95.7235
120.05
139.229
121.093
51.4581
130.295
36.3865
22.9773
109.542
53.6388
52.6624
39.9021
37.6841
86.8926
82.4954
52.6488
68.4508
74.4658
115.1
65.0974
23.9634
19.1222
59.6271
157.464
60.4704
56.4755
94.6543
41.9647
60.0437
63.2206
93.2528
43.2826
82.5868
40.6588
53.8655
20.0738
182.731
79.1247
97.6563
109.784
32.1446
107.979
74.9409
90.7792
38.1152
62.3095
72.463
59.7337
101.814
52.4532
136.86
39.0348
37.3719
46.2651
39.4489
21.976
74.1162
467.941
157.282
48.8668
96.6563
37.666
34.0523
30.387
89.2979
106.63
127.491
38.8229
103.061
232.214
91.3874
146.909
62.3553
31.9934
137.041
145.293
70.1191
79.9216
43.5922
185.164
65.7414
99.1875
161.536
65.767
91.3859
142.343
239.405
78.6098
36.0325
48.6763
173.324
65.6336
65.2233
36.6472
39.9636
41.254
74.5675
101.388
149.79
93.2039
67.4772
175.776
87.1119
34.8705
29.92
127.567
52.6623
126.479
56.8418
56.1316
203.96
38.067
54.2064
128.136
229.78
207.633
96.6149
147.756
93.4679
58.8506
89.2948
159.352
195.438
115.927
199.053
77.0756
60.3674
23.0809
281.329
191.92
19.3355
135.022
79.0045
106.782
144.752
15.573
111.346
61.3249
466.066
39.2887
110.731
43.1338
98.8666
205.63
60.9928
108.547
333.053
101.558
48.7709
98.2717
29.1469
31.4476
107.919
61.0348
173.077
37.7128
32.9497
109.773
202.834
65.8646
48.007
20.044
65.1188
61.8012
33.4871
101.882
127.115
63.2464
143.558
59.9858
70.2739
22.0632
76.3596
78.2272
46.7565
39.6712
41.9144
101.413
202.776
174.029
54.9351
235.427
102.266
429.078
80.6258
32.9471
59.4755
26.1881
45.753
50.9529
93.5044
33.6188
122.165
109.396
72.5893
117.745
77.8638
112.693
158.676
88.5613
16.7187
50.0653
250.094
153.478
182.09
43.5764
165.437
81.7132
197.456
138.46
36.557
64.6231
64.0278
43.9909
157.493
143.542
51.0381
158.13
71.1739
51.752
76.3362
27.6531
151.459
96.7709
85.7458
48.1556
81.5474
87.1962
270.003
91.015
51.0685
108.266
24.5132
112.946
51.7967
289.939
24.9411
39.7143
100.849
151.854
32.4292
37.9647
164.18
139.458
77.1954
230.147
34.0108
199.153
75.3489
80.1542
36.8841
196.797
97.4511
49.4394
285.363
81.2352
382.424
122.527
123.703
147.508
174.828
21.6114
101.28
101.786
143.261
62.5277
29.8461
92.7577
135.128
74.0774
64.7431
111.482
199.657
129.317
83.7888
156.914
168.06
64.2218
33.5524
298.932
68.493
40.8401
230.658
158.927
50.7133
26.6345
54.7072
74.3483
15.7979
52.683
221.741
123.13
29.7832
107.243
89.0803
405.822
163.645
100.912
141.467
26.5969
149.99
67.6933
109.176
100.075
139.221
276.619
81.6837
44.5429
85.955
241.438
46.8909
219.753
62.0557
57.0982
80.1028
36.5023
54.3561
94.2123
151.943
50.9946
82.0796
78.4238
106.573
217.075
120.331
277.474
120.038
167.084
99.7236
98.4482
139.258
119.434
54.5446
183.482
120.393
57.14
175.513
144.478
124.1
72.0379
17.634
219.429
339.508
102.092
82.6788
75.4859
84.9061
34.6582
50.4117
134.981
182
51.7838
32.8377
109.355
228.035
139.258
60.0638
123.891
51.6514
156.589
44.312
22.3448
137.413
38.0349
22.8073
145.848
119.475
53.7674
30.3022
26.7675
32.129
72.4359
195.821
43.2579
42.7602
259.124
58.711
200.299
38.4259
99.7741
72.4002
74.0365
82.8268
113.551
36.2321
94.9207
203.221
50.6434
227.438
50.2479
98.36
62.4479
43.4332
119.105
74.1892
135.318
273.904
121.584
145.918
63.8458
98.3947
145.638
68.0084
40.0474
26.4825
89.6357
66.0772
73.9106
273.818
44.7462
62.0878
61.7908
209.034
130.732
168.952
41.414
68.1738
54.1425
119.912
56.6953
27.6218
77.5555
87.964
346.626
144.838
52.3204
185.917
123.383
553.026
85.101
31.8914
71.5188
40.0549
117.545
33.4318
57.1106
86.2696
34.2555
240.079
59.5315
71.3159
246.098
207.256
250.583
139.919
35.121
115.006
17.7233
49.2688
117.357
31.7688
54.3067
203.77
329.83
42.1386
161.576
209.388
44.3594
79.7941
70.8262
67.5387
123.297
126.413
80.5871
202.893
245.093
69.3477
129.185
83.3995
97.1981
81.9588
89.5563
141.188
97.9636
47.1363
64.4829
43.7159
49.523
95.5436
81.4712
96.637
29.7099
123.781
231.023
51.4542
164.068
92.3104
97.6497
59.0966
84.4351
106.28
179.459
47.6468
36.8486
104.375
31.466
219.282
21.0403
126.896
80.8823
121.392
147.759
54.0194
70.7038
239.328
166.612
192.061
49.9884
300.608
229.801
94.8377
77.6218
12.303
110.86
115.665
323.187
89.3796
172.347
103.584
153.08
98.3428
205.699
78.7916
83.9067
70.5255
324.171
20.1767
58.448
252.316
68.7227
80.0338
183.012
108.375
60.9466
171.997
83.5966
103.522
44.2556
183.122
296.794
66.8997
51.3323
202.207
58.5478
246.58
29.2503
115.047
88.9384
65.1102
46.0848
44.991
51.8236
40.6991
145.938
162.47
166.165
291.175
88.5638
36.7266
71.5522
106.865
48.6858
257.486
106.676
19.6693
51.3862
37.1924
136.716
35.6925
43.0793
214.843
76.8565
117.717
88.7056
66.2968
178.568
48.4617
86.8412
33.0097
39.5636
143.471
24.1913
64.0477
28.6573
62.0622
71.8249
46.9806
53.2241
15.7943
30.708
178.339
72.5944
269.752
22.7351
63.4767
229.396
254.577
108.605
130.18
60.3554
36.3231
144.349
459.356
181.373
247.193
215.62
335.961
153.283
238.321
358.261
45.7788
78.3885
30.2831
54.3333
51.2391
43.968
135.51
58.5515
120.8
100.033
235.532
31.3987
123.091
61.6022
178.778
57.1483
125.955
62.643
53.7679
75.9645
45.3312
53.7278
148.319
29.082
100.006
89.8375
113.197
136.403
28.381
164.05
52.2269
144.652
262.091
78.8778
41.5906
24.4057
142.687
155.34
70.9114
113.256
51.0928
40.1551
21.2753
49.5204
47.0311
241.684
288.132
63.1708
61.4181
150.335
27.9517
132.07
175.54
56.2944
111.994
136.747
118.182
126.586
33.0332
124.78
37.872
94.4361
80.5876
78.2845
134.199
126.906
135.616
70.6565
202.527
95.3308
59.2703
68.2631
55.106
169.423
36.089
98.5836
99.8235
20.0669
41.087
85.964
69.7073
154.589
133.859
80.3813
326.198
82.0503
54.7859
71.2066
28.7859
38.4077
63.0016
208.771
118.24
126.843
90.2646
55.1865
158.912
79.6249
112.853
92.8049
36.0406
134.329
27.4085
136.282
106.294
26.8455
302.773
250.442
115.198
144.829
38.1921
54.9973
58.3262
160.744
93.5133
42.3117
28.3855
43.2361
34.2005
28.7367
66.4212
108.809
54.2235
56.255
95.6278
58.0853
59.8393
105.281
70.8555
113.273
69.3398
59.9637
78.226
52.7566
54.4782
77.3115
75.6802
302.284
95.6728
331.075
45.3511
36.9279
54.4851
169.493
19.7499
28.1959
44.8018
196.952
70.278
90.1668
130.067
234.492
112.814
51.3888
32.8906
329.867
177.816
79.1217
32.3013
270.789
66.6449
107.016
178.425
113.28
73.1731
81.5001
63.7789
71.5129
26.0085
35.0306
63.7812
245.386
89.4989
120.362
48.4425
66.7042
102.749
97.865
96.3224
44.803
23.1528
101.608
49.2363
83.6929
38.7537
52.8035
146.491
109.598
31.1317
99.5176
60.206
248.188
131.637
87.089
99.2135
202.939
41.233
87.5533
29.6037
115.578
55.0179
303.978
57.7279
62.1108
26.0007
146.488
76.2299
149.167
18.166
143.717
208.388
85.6306
281.239
73.1578
152.418
181.781
129.139
33.2828
35.5489
53.5155
76.0603
53.4117
119.374
153.499
194.196
38.6179
73.1869
209.533
243.285
191.107
37.1739
71.2822
35.4282
50.8805
30.8554
138.58
48.5423
23.7354
88.1893
93.5893
91.5864
111.151
192.236
77.1265
187.996
85.1304
91.9638
116.763
30.9388
84.2747
89.5665
152.555
163.543
437.115
51.5963
26.871
78.7715
228.707
41.5262
148.299
86.16
250.93
126.703
77.1737
112.488
79.6636
101.249
32.5412
143.743
94.8227
39.5243
20.7679
126.809
170.78
75.0038
169.676
60.4002
132.48
99.6178
55.1552
260.403
53.6722
83.3813
18.2909
69.3775
33.7577
179.761
101.75
37.8398
33.9968
32.5246
74.6449
46.8193
118.45
105.189
33.1037
71.7848
40.0358
224.576
133.588
42.1368
108.269
50.2694
23.9772
71.6481
65.7577
251.345
85.5171
79.7935
120.45
67.0534
119.643
109.438
159.434
121.858
24.9812
79.757
203.726
30.9658
26.7303
46.4922
16.5946
121.081
177.811
58.4326
67.7717
53.7365
65.2902
57.1649
200.322
65.983
45.8881
113.388
89.7866
76.5333
59.387
120.838
104.294
36.9799
114.02
140.894
120.591
38.9053
77.9994
64.0409
169.809
25.0882
77.5254
194.537
82.8722
70.3594
50.9029
84.3994
25.4974
46.3185
85.2171
142.742
104.15
149.39
165.094
51.4228
49.8396
75.9931
84.6535
52.3048
20.5133
198.845
61.8741
386.136
149.067
33.2876
29.3926
156.251
130.899
33.9884
49.1288
25.4668
216.845
146.523
207.091
34.6895
97.5261
71.8062
90.6607
93.6255
459.309
60.1012
153.066
25.6233
22.772
32.1567
150.379
117.47
53.6044
18.5786
64.4028
247.71
78.9407
41.8171
297.037
78.9746
46.8395
61.2357
193.717
83.5604
46.2162
133.899
91.1311
43.4806
107.57
97.9449
48.9734
80.0816
88.4922
31.509
59.272
47.2919
192.44
299.311
29.7133
89.7517
104.017
64.0242
118.9
67.0555
49.8414
38.2911
186.995
33.0453
90.5857
48.6123
123.192
180.064
49.696
89.0355
47.0424
68.2206
30.949
152.927
206.518
83.7552
76.3276
18.8252
38.0109
28.8053
124.936
172.337
224.288
96.8883
90.9724
223.236
81.804
189.871
298.44
40.0948
166.72
106.475
63.6201
29.3008
60.0424
86.0938
72.9725
75.5178
99.0317
60.833
112.689
66.0312
114.056
66.2698
52.4747
224.387
50.749
64.077
120.924
278.738
233.921
57.6169
108.631
162.548
147.6
102.68
209.223
63.3401
340.28
77.3293
222.706
41.2476
199.604
44.2549
49.2969
22.4106
125.369
75.6951
57.6148
97.3927
38.665
55.947
201.477
33.6112
78.2238
69.2868
156.756
67.9174
39.4145
159.145
39.5376
45.3978
135.18
86.6587
103.018
227.364
51.6619
125.589
134.327
200.321
102.506
38.7133
91.9529
67.2537
176.293
37.3425
46.0197
60.0658
9.73566
190.871
182.772
82.9865
141.637
61.6767
172.432
183.9
41.1622
179.132
57.3357
26.3629
43.5335
43.1153
145.672
37.3448
88.185
34.7271
61.324
18.8172
173.31
97.7745
68.5023
15.121
235.194
122.619
39.0464
68.1274
53.0768
203.9
32.2247
47.1911
33.0035
70.4397
103.831
68.0456
163.115
68.5252
260.47
29.9247
100.319
145.336
43.6564
66.7896
166.189
38.863
185.594
90.1495
57.4199
20.5669
97.9557
155.33
41.0791
83.5323
222.596
79.9712
88.502
119.583
288.888
205.102
48.2187
125.705
42.2124
59.9399
64.5169
167.311
34.978
72.8726
76.6609
52.1271
88.6885
37.7622
207.925
97.0493
30.0329
85.6526
49.1995
88.4966
103.053
92.3491
178.32
303.525
48.3501
174.605
35.2358
63.5238
42.457
94.5902
112.736
119.464
297.678
47.6335
67.9828
21.3348
79.6983
85.8855
74.3764
109.613
75.8039
132.02
121.57
98.4261
90.8338
96.5489
192.051
67.0206
19.7277
126.331
96.8909
60.8451
65.0733
129.08
164.334
153.996
65.2108
126.773
90.6391
199.184
42.1873
35.2796
130.915
183.066
178.025
89.1212
64.1419
67.2798
75.5269
96.7664
238.602
103.112
35.0024
335.579
104.301
108.761
32.0647
60.6453
45.1046
414.24
107.065
241.946
42.7012
97.761
163.86
106.272
61.6178
143.508
109.322
56.008
31.9016
149.882
72.4892
198.246
84.771
175.176
77.7449
55.2852
67.8528
147.682
83.5355
233.537
309.851
43.4285
30.3733
30.4012
75.7726
40.4757
153.351
116.276
53.5866
101.672
67.3064
65.0831
168.492
28.6153
57.4105
153.925
58.4175
64.6938
29.9218
91.4158
117.763
95.5522
224.33
67.0374
252.191
94.5178
300.158
42.1251
140.654
194.475
49.7782
40.6958
52.8972
71.1319
177.88
215.303
176.079
183.435
274.528
55.871
196.618
34.9811
23.7832
257.506
92.8959
52.9018
79.6524
222.36
127.562
77.3528
119.825
142.806
197.656
46.6129
238.442
114.494
151.971
116.211
161.69
39.7062
76.197
102.844
91.4591
169.958
28.3672
142.207
92.3494
53.0126
33.5612
146.701
25.3139
73.7308
39.2332
39.104
11.6464
79.3461
35.6701
250.547
105.75
54.1629
102.558
31.3193
21.0915
206.304
20.2122
174.147
63.4261
32.4297
53.1368
50.6357
132.909
84.3789
42.7558
159.454
27.0067
54.8758
30.558
44.9987
52.2419
98.4885
173.145
60.4265
127.807
50.4723
55.2995
124.82
259.855
241.41
119.252
31.0663
35.0332
72.3196
89.4608
59.3278
25.9049
40.7159
66.7591
174.533
49.2942
106.07
142.514
137.713
148.546
199.354
85.928
113.774
28.0323
43.8525
136.599
79.9193
38.9205
18.0274
135.222
99.2425
76.4772
57.8879
66.3474
126.84
55.1189
52.4018
81.0696
31.319
32.6332
21.1266
460.553
118.647
418.176
35.389
128.762
67.2069
85.7017
58.9995
28.8525
42.2538
145.619
139.48
104.112
80.596
42.2199
312.276
36.5601
92.127
59.7316
132.985
44.2961
88.5419
76.4447
25.5498
158.939
31.2597
30.2193
212.292
50.7291
216.054
68.5776
254.827
14.967
27.9776
322.529
123.128
123.398
34.7595
70.6441
39.4637
306.488
40.1688
122.626
110.295
17.0748
92.081
64.202
74.6122
201.808
33.5341
59.7626
339.57
64.6683
91.6183
100.627
98.3191
89.0092
249.743
30.6868
171.343
49.5907
44.4181
64.0688
109.384
129.381
101.213
105.629
70.3568
97.8433
154.513
74.5101
158.957
62.8508
37.352
29.3161
66.2006
54.8861
173.169
67.5523
63.8763
79.6287
105.484
144.706
72.2739
412.32
80.4039
123.514
122.423
58.5525
37.4804
313.275
81.943
39.4713
113.229
271.47
352.454
18.9028
156.865
196.551
110.105
104.202
21.2674
376.85
150.415
149.232
186.057
96.0341
122.973
47.335
173.843
197.173
38.2814
65.2432
22.9874
31.9743
84.9262
58.4811
155.19
38.7432
71.4373
52.7348
87.6981
94.4133
172.102
40.2836
23.7902
133.293
115.991
58.8638
69.8858
88.7865
39.8843
103.917
217.488
75.366
29.7583
179.836
42.0592
98.5122
134.156
141.664
152.742
61.3376
31.0732
72.4254
77.7985
45.5911
93.4678
48.4919
134.669
153.807
54.1185
81.8918
51.0614
30.6035
42.192
134.27
53.6745
51.5726
111.243
100.549
186.973
101.996
167.254
129.564
43.5694
167.831
26.4302
136.638
74.2036
82.4892
23.4431
59.2936
139.674
44.8649
92.1455
55.0832
103.752
79.4325
70.3561
200.302
71.8452
131.714
49.497
53.2828
38.8408
14.3613
157.766
96.2705
153.119
48.7447
49.9058
50.6045
308.07
51.8078
50.5031
229.926
196.953
71.0692
152.62
21.1528
99.98
158.586
136.357
318.072
39.5572
61.2233
49.0255
76.7382
40.9931
86.1509
158.702
152.319
147.748
94.8057
78.542
30.5436
43.0452
43.86
75.9313
155.491
218.603
181.113
113.912
32.6781
196.006
170.737
66.1306
25.4859
58.8164
482.735
46.0796
86.927
109.444
66.2247
134.199
265.752
88.452
97.4159
113.944
56.1241
57.7543
50.904
82.5562
35.8669
20.2974
75.7857
164.499
96.2362
401.815
196.739
80.4199
9.44472
37.9552
57.2498
237.504
77.5782
126.72
47.4087
312.645
91.2326
417.195
134.256
101.884
86.9791
115.09
190.565
20.8918
130.342
289.038
55.9703
43.8761
43.2008
64.8701
106.133
103.725
215.281
77.4453
107.24
76.3701
37.5345
192.357
40.3112
228.154
60.4184
34.914
250.819
104.16
80.2365
155.517
92.9322
77.0053
93.3987
70.864
131.639
30.6723
90.8162
80.424
453.684
105.304
60.5727
86.6133
115.631
255.426
102.235
59.1016
85.9426
20.9315
76.9765
93.3759
90.4901
102.656
149.308
82.0514
239.597
149.113
178.59
47.1017
33.0308
89.963
135.582
90.0434
135.144
74.0564
81.102
105.463
74.2535
22.6654
106.72
243.278
139.485
131.574
59.0393
88.8532
34.9955
69.9992
148.595
176.46
178.567
21.3533
95.207
473.756
46.1768
131.014
111.672
57.0949
72.1678
49.7644
34.1228
118.284
94.5844
143.87
90.6669
177.133
190.6
33.383
133.744
151.465
117.138
50.6309
36.0327
129.361
119.331
87.6617
41.8266
102.904
76.4849
28.8955
43.0411
121.204
24.8031
405.363
21.4579
49.7335
472.775
43.3698
48.5718
84.7251
51.1686
224.941
65.1755
41.7697
147.811
53.564
85.0685
120.382
84.3812
72.976
145.458
25.0564
101.786
61.775
101.509
47.4724
42.1438
24.1459
70.5199
42.828
239.436
87.2398
231.417
19.8773
189.947
44.1386
49.1247
214.059
66.1517
50.0964
65.4301
51.4651
48.3872
65.0014
100.034
140.195
190.085
250.113
34.8292
40.3408
85.4325
139.408
124.697
42.6928
36.2253
126.445
34.2841
25.3125
65.726
55.0789
76.9123
34.8863
94.2858
624.392
79.6846
128.742
68.5027
166.712
169.698
136.976
42.2722
82.3046
18.4894
153.872
50.8179
55.0047
176.681
351.418
107.195
53.7994
320.76
138.368
152.394
62.2311
35.6794
122.84
173.386
62.5028
20.5142
26.588
152.171
147.972
52.6959
64.4496
97.8273
163.002
24.9186
66.1397
34.1935
189.435
206.184
172.409
43.3795
152.166
41.5126
89.2039
174.337
52.1762
48.1889
128.273
32.5178
216.648
63.3271
41.2449
42.9252
375.575
262.365
109.048
107.19
144.201
126.606
220.715
20.7307
46.3299
79.8764
106.429
129.844
42.7349
32.6545
55.5081
63.4634
52.854
278.707
167.362
50.225
57.9605
84.7243
128.165
62.4514
167.425
180.421
123.282
62.9821
115.761
36.0324
318.653
24.394
29.6571
59.7945
42.0596
128.673
111.051
48.7104
51.418
139.53
166.427
91.3488
68.8811
179.35
45.4277
16.455
135.08
76.2382
23.7871
148.461
161.278
157.048
292.653
109.097
42.8547
43.6826
156.124
115.639
96.659
104.441
74.5719
67.5459
161.824
77.1921
73.4634
53.0355
63.3194
41.2008
41.1603
210.856
184.807
348.715
88.9552
278.159
77.0917
66.8392
127.26
69.6449
79.467
93.1058
184.977
90.4028
43.1335
58.8551
189.451
123.204
58.4813
79.4019
243.63
34.2609
15.4832
106.925
76.1866
86.7572
111.321
183.529
54.1317
194.69
42.645
102.954
232.166
123.538
193.433
26.9481
95.6801
389.708
71.6055
86.3773
48.6213
56.9577
101.606
49.7775
75.9451
102.755
37.1933
87.6874
22.3362
148.428
84.8294
27.4121
106.762
101.101
242.522
153.989
34.6419
133.659
175.998
117.217
111.443
43.46
88.272
36.4185
448.829
121.441
137.071
72.5587
79.242
32.4348
93.0323
65.7108
58.4915
93.964
34.3964
43.0085
117.505
80.0566
41.3603
44.8396
18.0791
68.8707
30.7838
366.816
137.394
32.418
73.679
26.8178
119.177
83.2162
230.639
25.6837
42.7561
115.642
114.982
171.551
84.6231
58.9223
222.631
26.1635
61.6312
35.7129
39.0187
83.3046
88.5965
39.395
224.848
125.116
84.7505
61.1287
147.055
44.7315
224.536
70.1295
59.4392
155.365
123.054
65.4885
81.9695
31.1495
66.465
53.4815
26.4842
129.331
20.8503
161.274
113.474
51.3282
144.644
251.063
174.437
75.5498
145.556
202.774
42.2284
195.599
51.2204
158.547
42.7814
77.5887
52.8214
56.8939
126.932
27.3055
87.8098
198.255
102.039
41.973
91.4741
52.7495
221.783
95.2929
251.741
60.107
249.742
201.718
53.3491
293.155
43.327
30.2912
69.0105
54.0251
144.433
46.3534
161.029
197.932
155.395
59.9515
67.3047
160.07
260.285
102.546
121.628
91.1904
96.7104
139.735
83.9187
198.723
29.0817
39.3323
138.679
30.0823
178.992
30.4875
40.4913
53.986
68.9852
164.238
195.022
219.394
26.2407
46.5859
69.8392
86.3054
23.9782
78.4893
63.3025
98.9679
119.135
26.8047
364.774
66.5582
56.4097
50.8545
41.2295
244.038
214.38
188.28
41.6713
42.0395
109.932
213.777
102.265
56.7451
77.7856
81.7124
31.5138
331.886
316.481
35.7975
29.0582
110.356
73.9529
125.174
206.1
60.2198
212.618
153.3
74.307
231.568
38.4151
44.5332
348.847
80.9882
103.489
66.7627
41.1689
285.773
56.0709
76.5623
102.252
58.1998
148.59
61.2774
22.5287
28.9131
85.2813
75.3999
65.0638
71.9202
73.9692
105.572
92.889
104.866
57.1192
151.677
162.601
87.0079
27.8423
110.31
80.4237
266.604
167.98
61.4936
32.9059
53.4066
37.1542
274.234
39.0044
222.881
185.344
26.1829
67.9965
82.5128
106.077
49.2565
116.397
95.3482
46.5384
40.0496
77.7069
112.078
28.6137
86.0024
81.5638
110.662
218.599
80.2219
54.0959
170.682
94.872
15.2989
21.8877
37.5705
195.315
50.0709
69.1251
114.584
36.3941
56.141
63.8813
101.399
44.1778
76.648
76.9373
49.1316
66.4685
86.7551
154.823
197.356
101.129
43.7402
46.0497
67.3546
34.1085
19.2441
107.147
29.5881
113.968
75.8357
120.445
49.3378
51.6201
152.139
94.0992
96.5248
86.8795
53.4255
137.076
86.4043
136.394
191.53
133.927
60.1851
76.144
33.7367
74.2435
60.7464
33.3526
159.629
59.3471
52.2775
63.7502
323.302
45.5354
238.474
110.891
71.3822
27.92
118.852
65.1584
64.473
55.2523
64.7238
104.91
53.726
69.0093
123.988
73.3419
31.1571
136.836
69.6301
139.508
68.6256
37.8367
306.898
97.4668
278.269
58.4297
16.037
180.27
58.1112
48.4535
43.4112
43.1871
70.5499
181.022
72.3058
124.287
108.964
162.726
25.6241
106.144
62.14
112.457
104.958
155.248
131.645
51.0343
56.7054
71.8093
63.846
108.751
38.4053
49.5365
79.3348
188.319
33.7898
33.199
33.8649
36.4948
69.5014
55.6623
33.8389
36.4695
59.2436
125.379
99.749
124.327
37.1232
132.066
141.483
79.407
31.853
173.802
39.3192
24.683
134.626
118.637
65.8774
48.2762
126.783
40.0396
46.4444
35.2236
140.254
49.3912
184.312
58.0908
189.925
233.004
122.219
90.6732
75.9594
143.383
44.9792
74.25
63.9562
73.1456
94.4253
20.2943
85.0671
386.761
68.9627
92.6358
27.0371
66.0655
36.4847
48.143
80.4197
264.787
24.6947
152.239
264.895
30.0002
120.508
29.4255
60.019
139.906
71.2765
306.282
120.87
174.93
94.3121
17.6332
164.838
41.3782
69.2851
32.834
144.815
55.2087
420.539
79.4679
128.581
51.6275
116.947
90.2851
105.65
107.733
272.218
78.1007
202.959
42.3402
20.3002
160.958
136.328
80.4946
173.414
74.6463
82.8368
76.2902
45.2378
18.6141
105.87
94.5957
21.4563
86.6207
193.516
208.486
18.8951
41.6332
95.1069
69.7078
214.927
16.0281
109.692
151.907
112.584
61.2648
199.586
55.117
27.1285
99.8795
81.6535
67.3041
125.652
114.39
92.5598
77.862
115.226
36.9215
113.261
129.788
43.8983
186.78
86.0756
146.655
110.551
244.895
300.555
187.644
42.6091
36.6718
24.2271
154.696
229.481
101.911
137.643
86.2441
397.411
167.705
101.647
53.0905
105.451
60.8934
57.3553
96.4091
168.506
59.0786
98.2904
237.038
232.029
119.638
356.52
48.4274
96.3983
67.9376
31.7134
31.6816
220.044
150.472
49.1325
174.666
24.4956
233.49
268.731
131.506
62.8048
144.62
32.7282
202.314
47.8665
118.005
50.4251
75.187
79.2067
36.2609
102.805
221.059
83.443
66.312
24.948
62.9189
69.9226
324.818
58.7017
179.059
150.518
38.7875
111.784
58.2185
107.211
107.839
183.003
34.0853
68.0034
100.258
112.218
116.627
49.2907
119.18
154.177
25.7691
96.1332
261.476
186.14
104.914
175.401
24.9875
40.5441
104.708
48.5874
27.493
95.407
63.4758
254.431
52.8093
134.03
20.0804
93.3395
52.0822
236.741
110.662
85.9714
68.0744
204.829
181.745
124.551
18.1564
69.1847
42.4484
39.9344
164.494
18.2634
108.603
53.1958
47.8545
94.0861
110.73
78.3797
112.095
51.2188
58.7299
45.9112
133.809
146.786
143.546
167.651
42.8249
28.5584
87.9416
45.4868
49.0048
188.537
21.326
31.6605
73.9949
53.2659
80.1646
97.0428
65.8899
131.112
198.152
342.618
57.8499
222.81
58.3378
119.385
103.224
200.124
36.4224
93.0152
47.7035
31.1005
136.353
31.7847
58.7217
209.459
134.147
43.0228
39.3274
58.1094
60.3586
70.2458
135.465
84.9257
76.1574
29.0516
44.486
83.2003
72.072
50.5249
171.453
66.1977
61.3017
56.3092
191.014
57.0372
58.136
164.623
28.8775
58.8539
31.7759
86.9984
79.5179
65.4127
87.968
180.883
187.66
189.049
54.6306
166.408
100.356
34.5789
141.44
41.9217
29.242
76.19
57.1387
237.959
249.267
83.2743
195.442
20.6614
118.221
64.6592
99.214
315.056
291.835
54.3561
193.789
108.811
233.915
201.029
17.5545
30.0862
90.3968
23.4349
19.622
120.843
188.685
107.351
25.1879
40.5962
88.3875
41.7123
94.7505
69.6165
131.265
29.7231
83.9923
366.152
94.9183
41.4629
181.102
104.333
29.174
93.4904
36.7036
19.4054
127.373
79.5738
47.4352
31.0166
34.776
163.26
147.447
139.315
63.2845
120.01
47.3255
68.1367
35.1291
31.0892
159.378
110.686
124.07
79.8136
47.6917
59.574
287.1
409.569
45.6405
79.7736
207.882
114.669
153.905
152.589
179.651
86.4945
99.1933
164.156
31.307
177.118
142.806
41.8173
44.6827
30.5277
55.3872
68.7507
83.0127
118.214
38.1543
225.245
58.7511
54.8668
74.7131
256.192
25.3925
136.979
42.9213
40.5106
80.4166
66.3513
138.605
60.6382
113.532
52.1348
72.7743
38.0622
150.878
38.8039
23.6
154.818
92.0765
170.179
467.649
200.864
31.4106
73.8953
107.259
53.3403
199.869
193.709
118.308
219.648
180.644
130.685
44.308
53.6339
103.539
427.429
15.2918
66.4773
190.222
53.1329
106.6
120.335
32.176
216.595
167.147
136.361
74.8312
202.819
27.2452
198.873
32.0678
26.3426
303.342
63.4594
51.572
84.4096
53.0926
140.545
74.434
131.244
165.864
25.9639
109.536
33.8599
61.0027
125.103
83.6496
80.5229
120.121
33.9402
35.8058
60.9873
148.28
81.9555
25.4669
86.1092
97.3102
62.065
41.2516
191.246
108.334
84.4671
47.2789
39.1062
243.742
80.8862
82.1334
66.121
133.029
209.647
30.8762
21.7448
178.682
42.9283
47.1177
171.407
395.19
182.158
80.9591
269.238
84.7734
121.373
31.1677
129.02
76.6153
64.7292
203.371
161.453
419.856
96.2141
37.9295
56.2269
158.978
56.643
75.4237
96.3347
55.2011
427.479
95.0019
74.5983
83.7493
65.2207
79.2703
152.651
37.9801
139.688
116.155
68.1086
57.3418
187.404
78.8553
38.7702
130.957
120.807
175.949
166.161
187.449
83.9739
92.4252
19.7139
19.0092
83.1773
36.4344
237.5
94.5158
23.4178
153.501
412.937
91.9306
264.662
26.8318
70.4624
176.956
135.282
52.9451
68.7234
47.1336
195.415
222.425
77.8666
79.8228
64.1016
168.237
125.627
43.3599
196.613
35.7059
13.1643
110.147
161.141
221.378
71.6109
67.5387
81.9261
78.9486
74.2589
100.139
95.5668
38.5413
27.7775
111.327
63.1757
39.9548
232.796
38.4274
101.922
165.298
110.998
36.9338
30.3594
78.4572
32.2709
88.2257
241.815
141.144
313.503
70.3018
101.661
128.148
37.9762
30.5087
45.2893
129.397
248.218
111.928
42.8094
127.654
16.986
59.7666
240.12
129.677
124.63
90.7749
43.2614
22.3321
123.831
77.1503
75.5546
46.1076
195.626
14.6396
26.8528
55.5631
112.711
178.519
34.5397
91.9456
161.884
43.5574
51.4512
23.8046
35.9207
56.4857
214.531
18.5668
74.2584
154.394
175.763
113.906
71.2097
112.859
18.6802
61.4296
297.097
212.759
31.5751
117.619
102.1
75.4075
190.173
66.7113
28.9914
124.987
54.5073
57.1553
82.2075
440.932
219.123
322.118
68.2222
200.926
25.2648
87.663
145.47
59.0197
95.7095
114.216
24.348
207.149
225.344
284.961
29.138
106.468
77.5047
74.0621
40.9664
63.5329
180.039
119.901
189.487
150.887
157.013
41.4719
104.761
132.014
76.041
172.54
57.4765
57.6161
229.071
45.6018
73.2657
105.19
119.653
122.8
217.85
37.4728
257.548
16.3337
32.5458
261.03
47.6951
122.903
93.4784
100.733
54.944
118.887
42.7083
22.6925
99.6473
47.7096
175.658
185.698
129.965
109.881
38.0318
43.4545
58.8164
46.1848
85.7565
97.0939
87.1772
64.6008
261.907
192.099
15.3728
176.087
16.1047
225.249
231.963
70.3478
53.7319
129.056
46.5005
37.4252
106.605
75.3292
39.2435
23.4912
51.2725
27.2843
139.552
285.712
39.9279
117.964
146.379
56.0168
87.2044
190.627
445.713
83.4989
64.091
116.057
78.1534
43.2398
103.899
140.9
99.9378
50.1004
35.7909
110.445
77.4667
78.1909
57.9063
54.8137
164.285
86.0686
104.072
51.638
132.85
15.9184
58.1815
134.932
198.033
32.7353
89.8648
144.578
188.627
55.8982
27.6603
54.7247
339.066
70.8773
111.878
54.6127
86.1377
20.763
187.044
54.666
62.6887
97.7621
30.5957
196.15
97.4125
90.7885
178.632
63.3107
110.042
268.436
57.0728
32.4031
74.2579
71.3494
39.0534
180.868
38.8808
39.97
107.91
223.231
122.941
39.8889
44.628
114.744
207.602
335.311
271.525
93.7426
94.6964
66.7911
59.6997
40.7302
111.002
39.8504
13.7462
89.1274
124.417
215.875
39.7561
27.8139
64.2303
74.1315
28.7414
62.83
77.3558
88.4587
34.7075
75.0004
43.8891
40.3398
32.7442
267.007
62.9086
121.869
137.665
111.323
84.204
30.9677
86.1575
59.7864
73.0768
95.8162
53.7058
89.4913
55.945
26.9475
110.14
48.2589
78.2651
66.5243
92.4544
52.2882
99.8441
61.0431
87.8165
87.9237
69.5137
22.7651
50.9623
97.6161
72.0291
57.3816
300.188
67.2428
90.0353
146.79
31.3342
46.1865
35.511
35.7723
34.2062
40.2392
60.5548
98.849
73.9943
103.849
161.988
111.714
102.672
152.914
36.8169
126.399
63.4639
318.634
74.9073
219.347
152.297
18.6696
124.595
64.6684
59.1891
59.3733
40.0983
95.9145
174.419
62.414
41.8004
96.0683
216.499
49.6165
173.282
185.599
484.071
137.016
22.4536
46.0189
83.3605
291.801
97.4548
124.076
40.3606
183.203
162.663
204.295
46.7022
19.7482
225.301
44.6731
47.8217
49.0608
48.7476
107.259
74.536
100.905
203.081
71.2009
46.7681
51.9523
178.964
47.0886
31.5647
122.825
66.5888
67.6448
107.312
32.4895
110.331
51.7807
102.924
105.766
47.0393
41.9906
48.7722
73.7346
49.8047
21.5183
80.0995
164.959
67.4548
109.561
163.572
38.8828
79.1089
39.8127
122.902
58.6121
315.804
49.1062
64.0735
61.4528
59.1273
269.994
51.3869
44.0848
134.385
39.2855
50.7973
302.686
129.883
39.8358
120.225
204.76
77.5666
61.0903
45.3217
150.833
185.484
193.575
48.9878
29.2768
227.79
83.8436
137.225
203.214
19.3717
101.021
52.3308
147.327
46.2737
49.1651
192.363
65.9213
113.957
55.0784
63.8607
33.6243
17.7614
34.8482
101.098
23.485
116.11
36.8843
29.7526
110.374
213.993
79.6683
52.9184
108.108
200.443
71.1401
57.3734
39.0817
254.521
43.8985
117.654
34.3131
33.7554
40.3352
238.573
114.579
37.5826
177.513
35.4425
38.4536
194.782
201.225
103.827
32.9145
45.0889
36.9245
39.9248
228.752
321.922
41.4774
39.2529
69.8882
77.5398
133.18
191.355
95.532
68.4746
144.922
42.1863
79.2453
296.613
60.5386
71.4179
189.042
101.831
55.8865
42.4827
56.1115
219.384
58.0125
102.182
120.634
118.657
178.717
73.0674
20.7512
67.7199
141.884
353.832
55.0762
100.852
46.5752
86.0996
113.484
162.196
100.724
32.3223
25.1153
107.517
35.584
98.2157
53.5788
48.8294
299.347
195.783
92.1254
97.2434
55.5147
149.483
39.4651
160.841
53.1529
154.979
62.8783
76.8024
54.3527
75.0381
121.934
38.9332
44.8082
66.4213
82.0439
78.4701
86.3742
229.302
42.8714
26.923
71.2826
92.9147
66.323
88.174
400.806
147.728
251.785
197.927
102.241
179.849
345.118
160.52
48.9649
109.876
110.221
45.0218
62.5132
165.803
188.089
43.1117
58.1155
88.5343
112.24
51.8549
281.919
173.17
47.5524
108.258
73.7826
162.047
103.871
73.8809
85.8162
102.353
40.9382
55.5875
132.37
242.642
304.745
142.73
89.492
329.129
62.265
67.8953
109.267
36.2947
40.8313
140.547
133.505
39.9328
54.9237
397.762
134.245
36.2699
108.333
169.477
103.059
201.348
173.087
217.467
138.22
82.4223
248.761
48.2022
77.3533
49.8311
106.569
65.6871
190.687
35.2997
55.0243
86.1617
67.0863
140.051
25.1342
64.3639
122.592
88.9878
41.7507
67.5228
70.9864
87.3916
124.87
167.186
208.21
75.1977
120.548
163.517
249.981
38.6597
35.7422
40.4843
55.7577
33.8509
212.121
37.7238
16.5355
62.4651
34.5366
68.7709
52.909
45.6935
66.3183
21.8447
67.7354
34.9814
63.5896
71.564
51.0408
134.613
216.827
47.3807
109.979
20.5377
39.6419
244.502
29.2225
30.6888
29.6334
36.1123
200.601
116.355
47.3403
60.7925
125.974
153.088
73.4586
33.6257
211.484
103.472
104.553
116.264
117.612
79.4824
161.844
264.629
145.393
141.791
73.3255
54.3646
34.9587
123.692
41.7889
58.0634
115.875
119.097
55.3106
60.2892
304.875
105.129
55.0811
27.1112
28.0064
169.453
89.362
138.758
223.728
28.194
82.7792
121.709
77.7389
65.9395
64.9385
74.1147
143.749
85.2262
185.577
54.9051
303.219
243.6
24.4787
298.215
74.6393
149.329
67.6631
41.6889
20.8303
79.8225
39.9239
101.306
181.148
117.99
76.1181
87.046
32.8331
122.122
24.1969
146.159
55.418
238.949
35.5599
24.6857
111.55
32.2998
96.8648
58.1111
44.6768
68.5752
96.553
196.07
38.3656
29.0739
55.5079
117.225
51.6794
44.2315
37.2524
101.68
106.934
56.7444
64.8569
58.1059
76.8089
32.5007
71.2942
33.5817
46.8225
32.6423
35.6714
182.963
236.87
61.48
64.5062
21.1645
102.746
291.816
95.1923
140.106
44.7823
132.166
101.508
119.065
136.065
35.2261
36.9739
99.3197
48.3908
19.7527
246.282
208.587
207.936
47.5386
121.079
13.1422
83.4428
70.601
22.9084
48.2279
77.303
18.2123
117.927
35.9535
85.3599
105.032
184.333
71.7181
423.735
46.0815
50.5232
120.615
270.936
52.3306
116.804
223.512
56.4643
45.1173
284.868
171.389
66.1522
182.555
132.295
19.6526
44.2526
239.652
119.211
69.7811
77.7851
66.9396
61.425
373.973
119.24
405.442
195.328
138.779
78.6183
84.4117
59.8875
52.7132
152.641
29.8512
230.786
36.1951
27.5496
17.9307
39.8991
115.292
36.9678
59.4465
34.2027
160.378
54.8441
55.2568
33.1134
115.954
210.162
68.037
75.5258
51.2542
39.9353
114.693
59.487
134.38
197.59
78.6364
130.137
101.705
36.9644
126.674
123.429
232.548
22.5356
32.0078
28.9695
176.096
174.381
41.2229
104.775
37.4537
60.0004
24.9471
47.8912
150.326
23.6276
209.178
80.4048
45.6884
113.475
164.814
31.3958
58.7324
36.496
17.7481
72.2868
34.9666
38.1682
382.818
43.7919
48.1622
32.6984
48.7444
172.319
141.128
72.0122
237.521
196.977
46.1292
24.7751
42.2939
266.609
26.5416
83.2529
301.124
196.27
93.0869
36.4716
95.3354
120.296
67.4861
84.9176
80.1626
32.7497
215.545
55.5283
52.9345
58.8429
79.5892
45.4931
53.2403
46.7236
105.195
92.6208
139.562
226.794
212.725
204.469
457.6
127.254
57.0033
59.6069
296.168
98.6859
78.0023
107.597
169.368
146.408
45.9675
136.485
26.8549
77.1977
34.7996
110.933
128.309
137.819
106.751
209.277
78.3089
80.9123
73.0963
39.9178
47.5952
126.055
24.576
181.609
25.8364
109.907
18.8874
78.6269
52.2008
131.927
62.719
77.0211
20.5717
58.8928
34.4665
97.9867
49.1861
63.7295
90.9148
61.4378
237.993
130.863
62.7532
320.012
56.7786
202.9
64.3924
267.858
126.254
38.0837
164.811
61.4736
61.0915
72.6202
72.9625
24.3593
133.334
75.1342
63.2774
54.6525
278.44
48.2876
77.7138
138.473
49.3712
40.482
64.4665
75.3259
122.924
41.004
233.272
186.001
89.437
62.3424
132.312
56.7419
43.2202
27.3252
82.3656
66.2295
83.2697
134.088
16.6002
149.245
20.0918
269.733
31.722
141.414
14.9989
53.0181
62.0953
165.129
86.9144
338.617
30.3502
320.744
165.102
127.279
181.38
58.0411
150.368
75.1933
41.1603
25.4996
114.229
84.8344
68.4027
56.5453
184.752
50.7504
47.507
49.5168
143.16
44.324
123.946
54.2411
223.87
91.0502
71.1517
47.5146
45.5167
14.0851
26.201
86.0459
137.467
173.501
28.9086
96.0697
54.6461
58.4681
234.191
219.301
121.59
124.586
235.161
144.335
128.189
99.3848
62.6602
147.909
99.9101
151.993
95.4716
95.054
64.0614
108.943
185.964
76.5732
24.0534
165.603
124.939
40.5984
88.3504
76.8755
45.2632
166.473
71.3412
26.1175
90.5957
181.819
35.4765
293.835
45.4962
53.2603
50.1502
116.409
86.9658
49.6098
50.8014
196.65
97.8406
396.815
35.4245
69.5996
79.0485
48.4401
223.164
85.2591
126.384
154.551
73.2102
106.797
142.109
47.5481
48.5777
162.697
258.232
105.223
62.1766
55.4905
51.8375
164.461
77.2161
145.797
39.5671
127.47
189.459
31.4972
54.2894
91.5465
113.006
21.1663
97.5734
83.9313
136.836
39.2458
63.5244
54.6548
107.451
201.6
66.2357
28.1976
73.1523
123.764
46.0845
149.056
119.311
62.9731
39.3866
107.68
50.9663
50.7286
189.279
63.6665
52.5627
74.5899
150.795
41.0131
122.724
90.6241
43.4143
61.1682
52.5993
75.776
175.267
111.06
87.2213
91.5994
22.7923
63.5555
51.5958
63.5876
44.7857
10.3803
168.637
33.3462
41.2104
48.4977
156.421
41.7443
285.301
83.2127
90.1742
285.089
142.017
321.09
44.9217
61.7179
65.0899
48.1548
123.399
143.952
124.828
60.7838
66.4312
108.108
81.861
51.2941
46.4191
25.0758
67.0457
74.9049
66.7862
59.9737
186.892
88.1279
95.1454
37.9428
194.843
80.9438
124.434
80.5456
72.2173
61.7744
35.8637
134.294
51.0072
124.612
117.648
24.6568
43.3845
10.0517
119.958
152.653
31.9673
59.4733
23.4335
54.8952
40.8665
144.141
36.4445
51.1409
119.938
44.4217
48.2207
88.6061
28.9327
106.81
54.1709
66.0595
44.4312
88.3977
45.5723
31.2125
59.8495
37.0642
50.5408
109.814
105.273
39.8467
80.7332
54.9932
65.6753
106.231
205.229
84.2188
70.4538
201.763
163.566
71.3744
301.7
173.532
101.047
61.2035
74.6977
82.382
343.967
83.1199
64.0357
95.0056
115.345
96.6353
294.422
136.407
70.4669
208.834
98.5431
200.574
48.5418
70.5383
82.1748
95.3886
67.6937
81.1136
86.5558
54.7326
16.4616
41.5301
126.97
85.2609
84.296
224.082
68.1003
316.08
192.148
91.36
530.392
78.7782
107.339
24.8069
22.5744
151.573
98.4868
82.1622
201.941
79.3432
92.1638
113.859
55.4449
28.6129
90.8579
59.0794
265.966
169.781
41.8089
134.954
233.651
37.1332
345.387
146.519
191.291
27.8394
43.1847
58.7191
35.5917
291.765
76.1315
111.952
102.048
68.5044
66.5409
104.893
123.567
122.191
65.6593
43.7578
38.8299
100.464
29.7766
173.215
105.711
141.299
43.5492
86.3325
130.821
71.3744
39.9088
183.128
185.222
73.3097
166.534
229.494
52.2112
16.2389
50.7582
97.8759
87.7668
88.1707
202.88
237.855
45.8445
71.1357
60.5843
64.6472
36.7088
140.222
107.03
273.135
64.6298
129.319
149.631
83.745
151.644
34.6646
58.4502
202.111
163.983
109.266
29.4283
66.9181
80.0378
86.4878
122.568
163.801
33.4952
141.404
95.8149
110.15
176.581
139.15
48.0823
97.1746
236.258
45.4383
12.1703
274.729
30.3418
198.251
67.3009
260.883
187.313
76.0552
199.458
107.567
216.524
49.1735
64.9332
259.713
180.798
38.706
104.458
140.022
108.959
18.4242
100.874
70.9152
130.111
122.844
85.199
54.2383
172.441
102.595
20.0948
104.629
57.0779
37.552
64.5118
107.593
73.0889
27.1787
34.6935
84.3649
58.5042
79.9736
46.4216
82.2448
73.3825
50.9919
194.599
216.234
56.4661
122.974
75.5856
138.571
77.5818
65.5357
106.76
30.7648
126.474
82.7672
58.6225
78.1867
44.0465
72.0827
74.2195
135.795
98.1971
103.438
28.9399
178.438
280.375
39.3126
83.9638
51.435
49.5204
53.261
55.1171
33.7088
142.102
123.087
44.8475
53.086
44.8506
46.6817
129.346
82.1417
49.1154
41.835
211.656
74.0736
56.228
67.402
132.807
103.319
36.1431
121.05
88.3578
136
45.4557
91.7932
190.34
129.569
168.075
106.493
79.3402
126.682
96.6893
116.732
128.439
217.332
217.584
80.3735
34.2887
160.188
50.9492
162.271
36.9892
282.973
34.2344
90.7544
79.8832
55.5821
28.178
27.907
73.5159
128.662
152.146
156.592
218.164
106.133
259.2
62.4244
39.3235
65.5081
25.5147
47.2703
165.434
132.272
60.9196
121.527
60.9882
178.251
85.4475
90.773
83.0563
140.433
279.219
48.3386
66.9914
165.5
116.637
50.1191
86.4945
140.912
41.3527
227.419
19.4266
101.998
171.8
289.358
60.2678
69.5167
81.9039
53.5018
108.217
65.2317
75.366
59.0443
19.0128
178.218
60.4784
28.2301
161.298
220.279
294.95
45.4676
118.922
86.9802
41.3685
34.3143
283.284
73.2823
88.9337
227.3
110.902
66.2337
45.6741
281.496
349.853
155.917
134.146
78.9177
66.9032
338.908
156.428
125.009
119.075
44.76
104.339
74.4034
71.858
111.136
89.2061
30.5329
116.757
96.5636
257.463
19.2668
188.543
164.972
286.663
38.1923
107.755
64.3244
254.901
221.899
217.666
29.9906
66.6758
50.3507
47.2093
45.6765
54.7549
269.529
41.5855
134.985
77.6036
165.074
67.8561
136.09
221.427
51.7865
121.005
39.7523
84.6748
84.0785
106.262
58.6024
13.9388
78.0024
27.5219
24.1769
50.5991
80.9511
80.9648
82.7084
163.463
78.3719
49.7128
222.19
70.2423
298.214
94.2818
82.2721
59.1993
38.4489
324.967
101.192
42.4537
34.7843
205.867
57.8801
99.745
71.988
89.8697
124.296
75.4145
87.7763
162.719
144.651
34.063
41.1648
94.1536
41.1268
108.195
52.829
65.9107
192.681
55.1102
136.769
88.3
46.6258
31.6114
58.6033
285.514
30.6525
424.609
64.1783
221.389
127.994
17.9642
26.0331
155.202
82.6849
124.275
372.84
63.3426
167.49
181.983
82.2507
49.0324
40.0915
64.7463
38.5342
54.3514
685.286
206.606
93.6718
81.5716
32.42
30.6752
54.6062
126.915
17.934
42.653
100.258
19.901
93.4837
96.8606
117.112
134.3
205.996
51.4689
486.156
33.8503
52.102
126.908
238.95
46.9125
205.996
96.9507
34.3543
337.949
226.635
149.623
119.436
38.3937
105.944
58.8898
134.338
177.834
65.4206
87.3567
33.3186
148.373
24.7569
130.051
245.833
85.3314
51.8534
116.708
72.4179
58.9055
287.692
124.107
95.2508
66.7408
200.489
110.16
86.0358
42.9281
47.8282
55.0798
142.467
79.167
189.726
24.4468
403.172
34.8605
138.239
87.788
104.466
82.7785
216.25
164.751
86.5589
35.7828
42.703
140.747
96.1443
120.57
61.7796
96.0791
91.1707
40.2383
69.6839
101.01
24.9855
90.7216
142.43
117.174
298.569
23.0049
257.934
70.378
92.068
110.76
41.0937
48.2407
39.2877
57.3175
33.506
52.524
120.912
132.213
137.448
197.852
146.55
31.1937
26.4688
38.3025
81.8681
68.5995
383.653
73.6714
189.009
51.5105
70.0432
73.8306
69.5281
46.1915
81.4838
226.879
458.089
47.8956
73.223
109.194
50.0931
122.486
120.482
76.0766
84.1389
144.961
43.5701
164.93
54.5405
44.1244
68.6222
114.833
62.1218
72.5812
181.119
35.579
46.7528
38.7264
65.1561
120.985
56.5878
40.1112
61.986
22.711
89.6328
153.02
57.772
60.7958
37.9294
55.2415
304.707
108.66
228.166
142.995
57.445
75.659
29.1469
67.1478
52.1964
92.5073
112.095
93.4464
175.524
174.35
37.092
99.4333
299.774
26.1968
111.093
30.874
116.922
54.4969
87.6877
62.1002
70.0952
148.122
42.1131
177.768
22.5509
145.996
54.8872
39.1992
140.917
148.328
57.2813
179.252
59.9425
199.929
82.4473
66.4674
434.054
104.392
187.121
71.9011
181.91
48.8285
120.739
141.406
57.4548
153.861
42.6377
50.5605
153.093
31.6586
116.506
99.843
103.8
28.1497
102.223
24.3567
58.1811
57.1074
64.2653
103.329
14.5382
76.3971
60.7023
201.032
132.89
82.3823
109.945
102.338
78.3466
157.858
31.7168
138.898
386.66
85.3334
401.425
19.2189
163.594
50.3771
105.292
50.8337
71.9786
129.772
19.8543
93.2766
111.398
102.593
53.2345
61.3921
296.109
74.6464
31.0885
20.3725
39.0949
215.076
258.621
130.469
181.102
76.2212
60.6934
116.387
34.4647
190.783
56.9356
36.4343
44.4138
69.2895
61.9092
246.902
46.4558
46.4453
60.9536
196.678
76.3982
146.666
118.544
17.1404
141.218
74.7844
152.723
224.078
33.669
112.053
97.7061
42.8618
331.037
27.4432
208.327
85.8042
55.5574
36.7208
42.4547
55.6831
53.9903
98.2542
99.8494
33.0419
30.3056
94.027
91.1115
34.3192
344.279
106.198
268.921
61.4962
208.646
38.2415
105.561
151.371
43.769
46.0566
36.353
101.941
115.604
22.04
143.587
46.2199
42.8101
77.0273
112.611
151.124
39.8611
27.9112
57.7865
52.2414
35.9466
83.852
150.153
181.488
53.7362
75.851
19.2464
76.0587
127.098
177.129
26.9693
35.1741
85.1431
30.1914
67.23
50.5405
42.5307
132.63
23.6569
119.005
160.88
102.331
45.4216
43.9014
49.9891
154.832
160.038
73.3297
21.9312
225.827
60.8125
461.011
51.8129
28.1471
18.2365
145.477
31.8838
157.001
73.3982
184.467
262.456
175.792
81.042
74.9531
33.8975
30.7937
137.05
149.633
117.659
49.9381
42.8713
110.9
125.327
123.931
22.8446
18.5792
96.1446
81.6663
306.602
41.9069
156.765
59.6995
71.7774
68.9557
116.254
54.2902
92.3512
53.2345
27.3295
106.718
126.13
68.9187
191.336
32.219
158.69
64.4549
153.042
34.9881
75.9576
31.9803
133.328
56.0486
60.3669
71.8747
69.6945
49.5317
181.207
101.584
171.395
62.7031
72.6161
71.2302
78.5028
100.748
64.0598
96.0417
40.8513
154.607
146.602
106.046
431.311
234.505
55.2362
55.9577
162.352
38.7671
109.929
34.9711
102.188
72.6333
26.804
57.8903
105.641
53.7038
111.116
136.299
43.2477
50.1319
125.647
56.2269
97.1332
25.2902
121.131
145.106
399.313
161.482
185.364
82.4406
77.0921
97.3511
96.2161
299.786
18.4063
59.962
26.1965
71.2094
132.286
237.95
64.67
117.845
224.262
38.1197
55.8231
89.7382
118.748
96.0411
112.384
105.788
112.955
98.7994
89.0237
55.1358
16.8217
40.8414
248.917
156.226
194.537
49.3268
49.1473
56.853
32.9346
22.2967
53.6343
38.0711
41.1818
24.8137
44.689
178.936
89.0375
90.6455
123.637
23.5374
40.3287
116.105
118.492
111.755
102.773
43.0774
123.842
37.1013
38.4295
47.0158
120.256
45.8789
117.012
28.6539
31.0557
112.897
46.4427
59.9312
231.79
27.8461
140.767
152.647
77.0637
112.977
118.955
101.983
54.8901
100.048
33.4131
60.3149
147.963
64.6169
89.5868
48.97
96.1115
121.486
44.3078
33.6169
100.433
153.48
345.864
145.988
354.848
129.732
228.576
71.075
178.13
196.072
58.1266
48.5874
46.3336
68.7929
117.219
76.6251
201.188
25.8983
72.5594
27.3085
128.319
138.767
27.6204
94.428
203.901
71.5268
116.348
228.469
198.395
115.438
190.987
148.025
173.311
109.77
71.2583
83.3416
118.184
279.225
35.8457
57.6578
91.722
327.818
57.8287
81.6632
144.832
139.918
101.268
40.2399
35.7819
57.62
59.2767
68.173
36.927
212.517
52.914
78.7277
71.3136
115.276
204.039
35.8171
77.4653
22.3572
43.7946
150.116
78.3708
31.1618
44.1178
127.152
110.365
57.3284
29.6793
135.241
50.709
58.2629
99.8344
87.4768
69.9745
37.8123
241.923
183.103
252.139
179.178
65.9548
117.452
46.5098
69.1076
103.626
49.26
34.0252
175.735
170.097
60.9257
199.65
225.284
50.3521
81.9535
82.8174
173.815
69.9419
62.7738
45.5442
172.447
109.731
72.2751
97.7073
217.608
141.93
100.614
75.9114
122.257
57.8196
384.019
75.9437
66.4715
39.3675
134.802
193.404
47.476
141.404
102.783
70.3975
87.5726
100.284
34.5075
146.26
99.5515
28.0852
65.9872
32.2798
22.2137
96.3407
49.4814
78.1807
23.2351
82.3568
57.7475
98.0065
32.59
67.2167
43.0485
94.6423
133.177
26.9473
73.562
38.2512
16.3598
64.1109
115.728
42.3692
57.908
56.0115
48.87
20.744
319.912
65.0636
63.9111
73.5423
78.95
85.7544
49.3949
85.6993
68.1225
77.2832
45.3723
100.11
34.5937
240.716
74.7192
378.205
95.2094
112.741
63.1359
484.706
100.4
28.8367
99.9302
54.3744
132.97
43.1891
64.6447
175.901
14.2755
138.144
50.047
138.37
98.2246
200.425
272.698
236.871
154.859
134.577
46.1704
55.7421
28.9986
143.373
63.296
113.063
91.9073
112.263
93.1993
152.805
56.1386
57.7822
41.0778
191.716
47.388
42.8811
64.1376
223.168
80.9781
67.2949
297.322
47.6401
37.2446
187.791
44.3654
104.011
237.95
56.4853
189.628
220.181
33.3478
69.6405
200.219
23.0115
187.75
39.9138
42.5838
105.065
45.7066
48.6444
22.3997
77.4625
239.748
110.473
69.7762
19.5817
133.07
109.406
146.508
88.8045
108.083
198.477
128.494
187.816
183.179
71.6841
182.938
92.7611
117.756
94.7509
40.6887
52.7787
92.2613
55.3612
38.4326
109.725
67.2114
122.186
25.3185
90.7942
111.457
86.5135
44.2039
28.2338
34.5783
33.8379
172.528
38.5655
44.6473
84.1885
98.9119
36.102
24.2992
19.9663
127.663
110.951
26.9707
46.7736
92.3892
54.7271
53.1705
60.4837
37.5491
23.4628
21.9421
73.5913
86.9393
134.708
41.8324
151.962
193.274
92.18
134.581
74.7523
20.6405
66.9296
46.8119
26.7891
77.958
35.9726
78.5093
303.512
112.022
112.524
104.346
84.9172
56.1393
119.834
55.3478
70.3584
158.827
33.1001
423.04
23.464
171.261
64.6682
142.117
521.731
121.697
176.799
65.7582
103.076
23.4415
81.8939
85.9178
372.814
28.6923
86.9221
52.9395
127.298
35.7757
66.632
56.7129
112.909
103.469
21.349
67.2794
57.7492
86.9305
69.1452
134.911
45.4895
254.419
172.631
58.9321
95.0286
46.5615
56.9654
180.476
45.655
159.624
111.339
175.716
106.971
209.233
74.8959
38.9786
116.554
34.3383
60.6334
107.185
47.0425
47.164
123.196
21.2343
162.422
108.909
41.1631
133.092
164.617
88.4219
21.664
219.353
183.864
53.5175
64.1031
138.858
73.183
32.1547
52.2279
101.169
53.2183
65.7821
71.6499
325.111
55.6705
82.8506
68.4367
166.829
127.98
188.091
79.9918
277.373
29.9857
234.243
46.1815
69.3261
19.1874
86.2623
44.9043
77.9831
136.617
58.5197
155.201
20.3317
64.9435
42.7066
357.18
30.5072
88.1403
136.956
41.1087
82.2873
155.209
74.281
279.401
130.514
53.3686
47.0828
100.6
139.061
59.8354
49.5953
53.4165
55.3843
97.8642
197.234
251.41
54.1121
172.082
53.043
388.629
182.894
150.637
93.9941
53.0327
99.0322
76.4731
341.925
154.879
25.5786
122.741
42.6264
75.8145
43.8935
101.679
81.4132
58.0518
207.4
37.7829
74.5193
166.871
31.1384
180.831
70.3195
65.2782
60.5208
151.006
40.9897
58.0818
115.356
23.255
62.6765
384.016
215.22
39.1253
52.0171
201.082
44.8405
14.6686
60.916
71.9622
39.721
34.7591
129.935
82.1513
197.045
64.9065
147.202
41.9932
51.3792
163.771
151.916
56.3881
97.0996
208.064
16.0965
146.586
119.327
22.5268
130.325
33.8297
54.9254
150.878
65.6505
43.6606
71.7065
48.7844
76.2545
99.2631
103.822
70.3459
123.97
182.482
218.878
26.5224
105.253
16.5934
114.368
51.4275
133.722
66.5627
114.426
173.195
103.339
25.9474
67.2072
176.413
212.448
76.6234
41.1364
41.7327
237.112
51.2333
119.635
110.181
41.962
38.043
135.306
112.285
19.6573
116.038
57.4258
75.6161
54.4977
52.308
114.194
262.731
49.7819
99.3654
101.963
335.678
38.9597
27.8066
86.8618
62.1884
130.364
78.4125
140.646
54.3066
75.6859
327.21
90.0957
108.331
228.768
42.3208
148.423
59.9515
177.065
39.5946
47.3216
133.198
55.9959
32.5139
59.8228
157.351
199.305
39.281
380.011
50.7852
54.1142
82.1221
88.8365
149.95
84.568
37.1814
80.5907
239.786
99.7365
127.007
102.11
49.6444
48.5641
69.5084
319.554
175.446
49.5959
204.43
208.767
31.7122
218.21
43.3585
134.861
205.198
85.1602
103.358
53.2366
58.0694
98.5553
258.391
145.953
64.6043
140.158
25.5628
18.8809
93.0007
79.7027
69.3231
123.504
102.712
93.7302
51.8144
163.746
23.098
76.4744
74.9146
221.154
108.201
95.6629
75.9191
42.4715
114.373
42.7694
158.934
123.445
27.1648
90.6935
26.7438
45.5395
83.0453
173.811
59.3025
80.2851
82.2033
48.1695
49.015
64.1679
144.971
75.6466
121.289
97.4051
81.3746
66.2409
115.855
519.023
173.899
167.492
143.47
21.8708
38.6787
141.355
130.064
138.18
59.5315
102.59
33.4925
119.172
176.494
124.252
90.5219
38.8315
32.8268
96.4771
131.794
72.6724
68.038
117.474
114.832
60.0145
69.5432
97.9508
458.608
192.183
52.7841
109.314
91.4525
283.56
96.2546
23.5141
61.4857
63.3864
47.2359
29.5538
499.588
92.7885
227.003
164.367
107.026
64.4144
76.2967
71.2402
138.224
31.0946
41.9557
164.637
53.1269
211.842
36.8749
42.2581
104.626
26.9489
44.7401
82.9692
33.47
61.9804
155.622
38.6203
88.1776
30.3607
42.4154
205.947
58.9782
53.0863
93.7498
28.2085
52.873
101.535
40.0377
49.9753
150.812
109.415
254.514
67.3336
27.6385
51.805
459.832
127.855
204.069
77.2437
59.2381
59.1559
143.4
38.2957
64.0398
223.563
34.6554
47.7179
35.7329
212.16
198.868
44.73
96.4174
102.229
50.8821
23.2416
25.9543
70.3484
51.5758
30.1363
112.179
64.6263
153.922
101.152
82.4529
39.8424
37.7044
72.6508
38.3221
23.8294
60.2559
203.43
49.7892
96.7508
18.2981
53.735
23.081
61.0532
26.6985
180.037
44.4976
68.4921
346.103
33.9598
321.745
47.1463
293.644
38.2754
205.935
44.0793
126.027
293.673
54.7572
52.1071
51.6528
131.687
205.104
35.0506
39.6269
32.1101
96.6543
49.7923
84.427
176.96
89.6622
224.856
130.722
44.6993
45.5867
158.434
92.1028
138.243
57.8487
201.651
25.3243
69.9201
158.218
81.6822
45.551
88.2198
28.4368
203.915
76.8445
50.7631
77.5995
75.8236
170.088
47.828
126.957
96.7788
24.907
234.72
34.2771
106.687
173.356
29.2418
214.167
99.4694
351.837
75.0733
98.7711
29.1647
338.016
78.2443
75.3312
93.1842
52.9553
37.0434
90.2188
62.9587
50.1187
32.9308
116.36
206.127
36.2293
90.9104
348.103
98.0244
75.5487
90.358
108.845
42.9754
229.772
108.831
21.5284
220.997
75.164
31.6749
76.1754
144.472
130.518
218.413
108.895
53.3184
171.683
18.7942
77.21
89.0178
57.1351
39.6171
176.999
152.476
107.599
51.0761
135.211
98.6194
60.4999
21.5322
102.085
93.7473
363.034
166.255
19.9854
98.2753
42.8466
147.26
285.902
135.81
142.895
54.9186
80.6525
101.115
293.903
67.9266
85.4504
368.642
76.0392
94.7735
39.7201
63.601
148.157
51.2027
61.3334
114.168
211.264
46.8373
58.1971
573.489
184.722
112.836
80.8637
47.4319
24.123
104.929
112.283
22.2777
210.008
391.904
69.9603
36.0226
467.203
150.203
241.129
18.89
55.8914
177.106
137.722
91.587
95.6597
155.735
131.466
67.9261
166.321
222.773
61.6868
25.107
80.6434
49.4695
215.645
37.363
59.9029
17.3833
31.7438
79.8588
35.741
380.481
17.6535
50.9943
69.1587
97.9788
85.2068
250.829
51.6448
361.545
38.5444
65.3721
291.146
121.502
45.3305
38.4691
27.0913
38.0938
54.3994
45.1828
22.0662
85.4208
107.106
109.345
59.2195
125.486
67.5208
268.837
168.044
182.058
206.578
316.781
98.4196
105.475
33.3085
86.0011
55.8144
131.811
57.4291
136.334
120.826
158.877
177.146
49.8474
165.991
44.4644
132.108
38.8457
58.6217
130.589
132.751
29.8824
105.622
23.8718
101.146
70.0463
186.703
60.8237
35.2065
205.61
90.6238
37.9125
65.155
27.743
62.0049
28.6364
67.1438
125.883
40.4307
66.7007
47.0313
100.677
76.3125
249.681
122.558
32.2338
40.9973
21.5118
48.907
55.501
286.57
59.6368
50.4802
44.9069
72.5197
110.282
78.8889
100.839
77.294
52.9319
29.4466
107.63
33.5329
61.0422
173.896
44.6988
106.48
205.589
80.7709
149.439
97.1599
94.2799
172.272
17.617
75.7071
64.5455
111.475
32.6252
24.0274
115.334
73.8287
30.5024
89.5823
129.705
27.1981
209.734
32.9545
85.1299
91.3808
118.531
288.921
83.5063
169.559
59.9169
98.7681
74.894
35.0256
164.461
55.5529
195.725
40.269
188.586
23.0815
39.4024
50.7517
131.872
62.6164
101.603
76.3679
395.182
116.661
79.5555
137.742
94.9692
82.4438
49.7843
61.3169
65.4932
51.823
28.6705
93.0102
66.8058
163.203
49.7528
44.7068
73.3329
177.841
66.9807
195.461
56.2097
71.9555
53.3538
143.486
181.782
17.2997
37.4105
97.5663
136.604
78.5412
340.509
38.0871
276.997
111.921
29.4981
81.5965
51.0746
88.0572
93.7892
74.3914
84.8396
124.813
67.0593
43.6432
30.4281
52.8957
38.1887
73.4601
179.648
58.9081
115.355
78.3329
142.159
165.323
294.654
89.6175
96.1126
184.877
34.9149
53.4977
74.6108
36.8112
110.965
65.9267
142.832
125.304
21.012
149.75
26.4099
41.4708
58.9425
171.055
84.7532
25.5454
64.5421
123.95
49.5572
94.6118
168.321
23.4894
49.4605
123.706
571.875
31.7723
156.084
27.1994
74.8306
23.6432
43.7075
146.397
82.1273
13.7867
167.984
119.588
82.6553
88.4397
135.236
14.3526
48.4121
21.0053
478.636
73.984
96.9861
35.4222
29.6047
50.0716
37.7681
65.2714
183.904
105.005
161.439
61.0409
250.282
55.9317
169.029
65.6517
220.752
71.8682
224.17
24.6711
166.206
110.821
143.608
237.356
133.105
229.709
110.905
40.927
151.692
32.3634
37.7442
28.104
47.2548
83.8053
36.3112
329.436
31.8412
48.7298
171.232
268.645
65.7051
52.3494
190.456
25.6067
245.309
74.2724
204.55
48.5136
67.0299
66.1466
36.9079
35.594
96.6478
40.5397
143.654
34.4914
40.3246
166.307
82.638
69.5305
106.644
42.5812
58.6885
46.518
46.7251
242.658
79.3194
106.926
81.6081
110.144
52.4766
15.6512
198.347
29.1088
144.503
58.4126
119.323
108.24
60.9196
99.1353
25.5747
58.373
20.9008
94.2581
19.838
40.6718
52.9977
69.2058
72.568
151.62
31.813
41.2209
134.176
93.7372
55.0565
59.7373
31.5502
143.918
59.7305
24.478
91.132
120.708
38.8355
39.3599
47.4897
105.164
82.8057
238.493
56.8757
318.853
162.918
48.6505
130.96
47.3715
138.702
274.929
134.314
165.175
36.364
70.4566
57.3315
145.073
32.7612
123.894
223.406
25.0255
25.0663
410.111
66.388
89.8684
33.6772
44.6438
83.2464
38.5624
140.554
37.5964
46.057
105.836
139.803
37.5139
26.4428
41.1528
109.312
29.7024
76.8031
89.1345
110.796
61.8607
148.084
123.921
65.057
92.9452
69.6396
163.141
11.1418
132.417
81.7021
39.8158
14.7524
330.98
47.3571
89.8088
41.9925
180.965
29.3146
79.1972
152.368
396.589
40.5445
56.0693
35.617
197.608
93.1042
108.487
422.035
84.711
73.0926
49.614
36.5249
115.99
147.393
287.339
182.997
36.8938
261.416
118.056
59.2977
64.6519
62.8415
74.714
160.143
39.2511
65.7189
28.9323
150.945
95.4703
90.4721
76.7211
191.178
100.701
78.1713
58.7681
107.572
232.654
29.2064
54.9462
66.332
47.7982
41.0319
91.0807
115.339
106.095
66.5473
86.0258
17.797
80.9193
108.769
156.308
80.5706
17.5947
34.9672
54.8549
131.574
43.9615
111.327
322.746
57.3639
62.7525
32.8612
27.8983
114.271
64.4905
135.85
65.2383
173.589
77.0552
326.576
174.076
58.9929
43.8602
57.8898
85.777
55.4632
105.019
137.927
121.798
150.23
79.9604
37.7429
49.3778
130.082
70.7455
30.8759
46.1712
86.0729
97.3491
158.463
85.1124
52.339
60.5075
80.6136
114.251
129.02
109.702
83.9205
60.2465
91.4907
64.0168
52.8515
143.191
23.4595
216.553
26.512
78.3924
74.0938
79.1044
32.8783
19.9259
43.8513
129.868
61.4028
132.137
44.7783
30.0429
103.832
173.908
62.6567
126.212
52.6972
43.8419
178.694
104.719
44.5077
231.063
117.118
52.7586
69.6614
436.645
21.7741
18.7326
94.8618
281.905
95.3759
35.6704
69.4886
162.473
80.0764
93.8664
93.3789
191.364
42.2662
33.4022
105.825
34.1904
91.0725
220.042
103.464
236.999
65.3775
42.9466
82.7513
20.0866
77.1978
86.4791
49.2971
141.312
94.4258
187.076
41.1133
49.2377
223.938
96.3657
50.0177
43.5368
63.1535
60.6599
45.2406
52.867
31.395
63.879
46.0218
66.7918
47.4228
85.413
173.125
125.084
58.1371
279.943
56.2631
26.8546
57.6603
69.1738
161.787
135.575
107.022
19.5626
40.5447
138.741
42.4641
71.7266
62.0579
73.0207
80.6379
94.7042
66.8381
36.5046
48.3411
86.1626
194.952
132.711
170.62
151.618
240.093
35.8372
87.7688
153.281
132.633
33.5682
50.9025
50.4795
30.8253
89.5492
80.4714
24.7113
39.007
58.1334
112.958
34.9405
210.01
44.9008
78.9937
210.261
79.079
80.7877
82.1358
129.067
68.6976
125.386
113.527
71.4671
53.2537
130.31
33.9417
76.5883
76.0839
82.3216
72.9577
29.1621
106.753
64.0937
195.82
44.2778
94.3517
27.4869
29.3956
36.7623
195.285
51.2098
67.0032
94.1162
73.1839
31.583
294.859
50.6285
64.1907
469.939
249.046
80.3111
136.534
41.1921
72.0466
68.5504
44.8141
166.188
98.6695
35.1963
99.3737
176.803
69.8246
270.762
52.5549
143.567
131.007
166.966
68.301
427.34
74.4887
74.8979
231.194
140.917
60.6771
44.9207
44.7542
219.976
55.2697
62.4588
75.1076
63.7927
95.3176
73.7941
20.266
63.3824
70.0658
29.7749
293.108
35.8282
87.0031
145.011
21.9773
84.9047
32.3072
71.1557
29.382
427.456
17.6584
65.8215
231.389
152.293
79.6147
132.073
66.3208
57.5278
48.1524
145.419
63.8165
20.8261
67.4938
194.138
33.1527
95.316
78.1246
42.0154
52.0382
69.0836
127.223
218
126.868
66.9409
194.198
184.307
52.6145
47.7082
185.533
180.372
93.9339
265.4
51.9669
321.032
37.738
182.109
82.9732
35.0515
53.5302
97.3044
105.683
108.343
94.7355
137.094
122.252
116.026
60.9933
57.9706
106.86
209.26
209.386
57.0022
36.9516
32.7848
52.0909
81.3338
84.9453
94.0049
79.5219
82.4401
66.0593
204.524
116.178
103.366
29.8034
35.3154
248.93
202.727
135.182
61.7531
146.724
38.4762
43.7339
23.9188
114.093
157.646
268.495
55.1638
122.151
39.5088
91.5682
109.701
62.3783
32.7833
165.5
67.9443
48.49
21.1445
30.2052
87.7708
212.741
62.9655
77.5298
289.879
30.7617
57.9957
125.153
19.3387
27.7613
91.0226
44.0892
71.8961
51.6031
33.8956
77.8495
106.155
158.528
37.2026
47.1105
113.123
13.4895
272.304
116.247
93.0883
56.9972
18.6458
102.145
140.57
70.9514
64.3873
249.7
43.0492
213.919
59.6451
93.9321
204.421
59.7304
46.1026
140.757
91.728
83.7868
203.771
41.7201
43.1592
38.2995
57.9578
243.698
53.5524
271.779
55.1495
87.364
220.018
60.1324
155.114
43.4194
59.6837
153.176
59.6308
39.7923
39.5277
152.575
24.597
48.1985
74.6735
55.9201
30.6162
67.9568
64.7191
61.692
106.262
175.392
31.2279
108.231
121.915
100.38
245.772
38.0011
135.158
65.1099
146.418
62.4686
196.918
49.5581
128.866
41.4095
87.2535
95.7896
144.377
137.862
112.099
91.3975
173.639
250.889
115.917
100.205
47.451
51.312
66.8528
35.0865
59.4278
47.1256
78.7643
349.668
74.1628
172.531
205.072
44.4892