1439.93
93.9675
133.894
1566.49
572.324
243.538
1773.4
456.028
494.182
269.108
229.59
2456.29
47.8787
371.759
70.9815
302.624
169.812
957.19
752.73
837.653
478.691
326.836
224.674
314.728
1427.15
815.52
954.294
1545.47
969.289
395.946
33.3632
1062.65
185.854
801.029
804.733
421.643
206.492
321.149
1488.51
183.824
1984.23
703.311
334.53
841.798
886.145
2037.6
742.249
800.213
1125.17
1734.89
912.149
839.624
756.281
1140.16
1643.73
17.3955
667.176
572.617
1128.4
951.247
805.471
1068.13
565.935
1641.13
430.949
141.985
187.568
218.812
534.182
312.153
631.545
1109.17
2202.11
925.97
2580.53
443.469
965.132
1589.75
662.75
1692.72
1550.16
845.689
981.87
757.641
328.747
418.633
588.288
2053.69
122.24
106.543
253.009
278.379
742.061
296.875
2339.27
2029.42
536.864
767.378
935.274
688.034
1239.26
858.244
2239.85
836.429
560.493
612.136
665.765
875.368
827.73
2159.66
913.063
1143.28
91.5697
345.211
1612.1
221.646
1402.63
398.085
59.794
105.777
1184.08
734.691
107.774
99.3391
1272.05
509.532
687.803
45.0038
395.413
1108.84
71.3735
955.708
295.068
260.593
207.823
2214.18
111.494
2202.89
2948
465.045
1527.48
1126.82
1219.62
1145.66
375.301
562.406
427.826
119.48
200.423
910.25
148.856
293.59
2083.14
468.627
351.961
56.35
680.931
1758.65
2236.59
255.389
1425.94
49.8264
1463.48
875.371
3017.75
1223.77
1058.03
377.254
135.737
29.7357
181.763
51.5806
153.229
1439.29
640.348
379.932
218.652
411.866
1060.27
141.261
240.45
1284.54
494.511
261.782
19.9243
1193.65
1487.25
1389.57
114.757
863.349
316.137
241.05
179.514
1666.41
685.649
237.037
78.4087
1889.67
633.652
1249.49
334.819
350.378
1343.07
213.471
237.918
393.438
482.816
102.239
1700.97
1580.51
215.631
356.926
170.193
985.547
1045.74
2107.72
118.206
106.725
965.879
506.226
135.346
1231.62
903.589
509.183
761.078
1106.75
1016.42
2682.77
383.379
1551
1315.3
2301.49
768.346
3409.46
1214.01
1013.98
150.62
845.04
406.368
143.617
2186.31
497.583
563.731
568.13
4076.89
298.138
634.464
1451.77
1788.47
535.263
96.6106
626.475
40.6036
461.297
354.75
1186.09
180.455
967.343
1381.14
40.8924
2967.85
653.49
2043.3
183.286
1007.51
2110.01
33.1064
452.353
166.469
955.599
104.8
1142.51
572.707
579.123
35.0992
396.784
570.426
661.71
1706.33
952.612
1386.36
1381.61
1013.75
137.126
1719.06
628.62
206.442
1112.15
262.324
324.418
2079.32
1343.32
1373.05
807.972
1547.86
66.9732
171.993
402.257
412.45
43.2451
846.389
988.017
793.745
217.979
583.105
994.601
697.595
694.542
101.755
473.133
1562.01
1957.54
206.823
4118.82
798.433
1146.29
1059.67
2412.81
2200.41
717.759
1425.83
828.776
402.607
981.891
147.602
848.188
386.243
220.126
1893
2085.28
167.505
3180.57
42.3571
74.3282
1584.85
207.836
2179.42
1333.75
325.646
1011.37
2781.23
1720.57
603.92
280.018
551.931
654.242
499.016
160.492
608.719
289.247
1599.48
531.919
204.557
94.6911
1011.43
3700.11
659.406
182.29
797.87
636.191
600.069
1779.14
78.1018
1217.27
118.896
586.687
414.035
3113.66
57.9053
711.464
350.454
1135.84
610.409
436.428
488.537
37.9989
394.742
236.15
822.887
777.981
693.267
199.388
2953.5
506.662
3208.68
497.868
460.84
2034.72
255.504
356.054
1201.52
569.541
1139.77
740.462
984.994
157.378
349.986
534.929
1706.42
614.448
203.221
215.527
72.8601
435.048
1547.91
235.471
1403.01
471.979
583.772
3541.89
624.436
310.732
843.733
379.736
1845.88
1895.42
470.576
371.293
284.986
475.014
357.728
302.659
217.572
470.495
764.387
1002.8
255.594
1109.21
130.767
18.0838
345.576
694.413
558.042
948.582
37.6945
154.692
716.461
119.577
1334.77
1266.75
1076.29
1394.29
913.601
1522.83
883.429
597.877
1712.73
1518.6
100.923
136.626
1091.41
118.772
773.844
249.645
832.04
1056.7
164.121
821.661
1060.17
1619.81
585.876
1276.81
466.164
391.322
116.23
2593.33
352.598
2558.6
826.843
282.775
184.899
733.852
239.655
1243.55
91.898
1073.26
1625.24
465.131
62.6101
642.456
1552.14
145.664
617.313
102.569
819.703
1674.14
73.889
1299.95
334.517
771.513
643.737
1289.76
1690.17
1395.5
516.684
249.241
1643.49
153.68
381.181
52.9714
224.089
1220.94
414.003
980.464
1421.78
1365.2
1459.39
548.876
1951.65
645.52
1205.33
615.697
3060.45
329.525
67.8396
144.161
1286.74
469.348
159.768
340.469
450.735
33.3746
87.0884
1469.57
1727.06
2232.86
1118.47
974.999
1308.06
648.085
839.575
1229.83
292.288
1589.4
33.9371
120.097
86.1661
789.704
975.187
134.372
310.836
1151.58
750.325
1205.97
785.988
72.5398
507.7
358.33
340.668
515.984
1716.17
831.978
1511.19
2068.52
773.572
877.163
945.447
2514.69
56.2725
267.82
496.705
598.606
673.775
1224.82
1251.09
103.946
1612.91
189.665
1476.58
1226.57
498.633
1951.29
543.673
404.807
1150.05
694.993
560.253
417.807
277.224
373.003
632.787
167.574
788.104
554.861
396.044
153.942
207.862
127.008
286.115
286.809
1324.62
1162.65
1587.73
391.689
429.077
14.5246
275.05
4547.09
1411.72
513.718
1420.56
1204.29
219.937
796.494
915.823
174.873
584.291
130.062
273.73
593.463
1715.05
70.6571
1667.76
187.92
615.231
1088.26
1298.48
1013.09
441.495
472.692
4495.27
3786.67
3213.64
357.036
2578.6
1084.43
2823.2
1400.8
143.596
1095.76
1355.36
148.229
146.632
2426.34
1642.29
1855.94
909.79
39.428
178.412
992.277
1824.54
59.4677
3227.95
262.676
549.433
578.513
1097.8
640.629
249.3
384.415
1626.72
988.59
46.9914
2624.48
485.514
396.461
4335.83
225.621
109.996
419.272
136.691
838.423
3256.46
3443.71
125.45
118.391
282.228
833.65
569.36
1382.14
432.696
775.058
35.3386
62.8826
278.217
723.399
368.744
654.986
55.6642
85.1955
149.509
1189.92
1398.02
1236.18
61.3254
4710.89
240.243
553.474
176.49
32.1888
177.577
85.8283
3980.75
1646.6
1326.17
2111.93
173.054
516.647
1238.75
139.078
59.2655
225.883
1108.3
71.2329
643.089
1398.3
371.832
2029.91
341.937
127.651
61.1006
1736.51
1610.89
743.007
695.807
487.507
7670.39
1391.72
538.907
2258.2
75.2917
53.9404
737.36
950.189
621.944
1148.48
91.5842
718.017
1442.16
1973.14
767.63
1408.94
201.197
6185.52
496.839
124.515
160.523
161.541
925.334
866.904
155.98
190.533
350.337
45.4414
1623.22
910.321
188.45
2044.68
1034.65
235.514
39.96
1461.34
488.695
269.044
115.041
103.999
309.856
348.111
54.2023
611.26
615.13
268.109
214.302
255.195
326.062
1021.89
1188.27
3246.42
584.92
214.008
2738.51
606.249
712.175
44.7212
219.901
1123.77
662.196
513.026
217.737
439.945
1638.21
796.599
300.764
3109.77
279.448
653.534
886.972
1198.21
205.645
1515.59
956.576
155.633
1483.57
31.3556
435.965
905.998
256.254
428.722
1651.98
1604.85
3876.59
818.251
697.473
463.613
323.581
2012.14
183.017
197.972
470.039
44.2186
345.924
306.406
763.232
1144.51
552.857
90.3002
2125.94
211.031
328.326
814.134
1193.53
507.97
554.353
671.384
259.431
149.576
706.186
4964.68
1642.49
91.1256
816.992
654.942
579.761
791.665
490.543
267.958
657.15
2002.34
297.006
838.745
424.076
1575.76
1624.06
1644.18
481.99
1014.58
1698.81
633.779
891.249
382.091
147.587
2351.35
2375.13
236.476
122.555
685.588
971.071
876.918
535.094
813.426
1508.87
891.681
836.527
850.228
1054.76
1086.38
294.435
2595.61
175.264
651.811
776.733
2773.07
1104.12
470.72
843.129
1051.74
446.84
377.144
1321.45
132.485
1613.97
481.679
264.392
272.35
44.5568
2436.67
83.7628
825.483
903.212
535.03
2894.57
218.93
560.274
68.7797
1051.03
163.309
417.251
158.295
147.483
740.833
1200.59
2595.22
60.6652
1369.16
3008.8
1158.26
357.245
388.522
494.252
477.97
604.382
85.3303
395.804
1042.64
357.099
439.64
2581.68
889.941
691.763
495.767
315.233
1113.18
723.099
1163.96
106.529
257.249
1150.16
843.862
220.433
131.866
766.701
103.402
627.034
1425.7
364.314
176.793
54.3325
894.04
1189
796.661
2257.1
326.904
110.752
228.64
396.312
289.244
1454.1
6505.42
674.578
37.9604
126.302
945.922
1219.88
550.85
368.838
215.522
179.668
2098.11
34.7216
553.416
587.465
871.839
1733.36
665.063
734.304
96.7052
132.34
411.728
317.805
281.231
352.7
646.064
359.482
65.1175
383.366
1310.5
453.619
714.672
106.012
141.503
1127.63
50.8124
1645.14
661.555
142.867
286.174
1298.1
690.235
1762.53
116.569
160.984
381.721
92.4481
490.937
636.97
1068.71
738.953
63.2357
146.662
735.688