303.997
105.108
75.5744
56.4872
147.905
70.1487
120.388
40.1699
147.727
144.112
81.092
48.5818
20.7152
60.2948
35.936
92.4888
241.39
40.9723
44.1421
41.0176
37.1852
115.633
84.152
88.9707
274.575
27.7217
73.6135
46.8271
61.3289
54.3205
32.224
98.8892
66.8828
24.7785
24.8822
34.6911
138.51
85.4279
57.5352
95.3814
80.0153
67.9843
20.5795
30.0332
33.5388
115.608
246.855
61.1909
115.858
68.371
52.5299
31.3738
158.883
70.3616
64.2008
164.227
21.3075
38.6027
34.1011
194.562
61.506
30.4609
101.159
211.564
108.563
45.0532
42.5568
50.3272
95.0606
23.5353
172.571
66.8705
123.914
55.9498
79.2374
121.955
17.4467
75.0431
121.693
49.7336
43.3476
37.5478
109.119
76.1691
39.7447
78.9985
127.281
69.6116
41.2373
231.652
70.7434
19.8167
129.548
66.9433
60.691
23.8958
247.254
31.2403
146.453
194.937
20.396
94.1374
102.733
29.431
52.1044
26.0047
37.2872
53.3461
72.6137
125.914
78.9178
59.1273
44.5642
52.4162
166.478
127.386
43.3476
115.811
17.4315
71.0332
271.461
48.6389
24.205
80.4466
37.947
78.7641
46.7025
123.308
69.8745
77.2277
55.317
326.131
81.8941
252.303
25.6356
290.406
104.558
50.6598
246.352
15.1582
112.038
68.2484
156.66
101.222
132.12
65.2771
150.509
69.8543
71.7238
84.9211
35.1912
96.5577
139.986
248.294
61.1324
75.5317
42.0981
60.4156
42.0077
54.6299
31.933
51.4297
30.2381
99.2699
89.9263
135.271
46.8444
78.5617
42.9066
48.7037
52.0669
22.9323
54.5269
104.136
241.328
53.3308
70.5405
99.5138
38.9136
94.1899
53.3215
110.731
154.937
69.4057
17.7261
31.8814
113.529
65.1907
17.7549
64.0535
14.87
57.9438
50.1778
92.4811
231.529
33.1452
168.933
30.1168
112.828
24.4844
36.7958
180.858
46.2072
34.255
69.9636
129.178
57.7562
89.804
87.4957
18.8873
40.0969
38.0246
57.4886
26.8219
216.538
87.0031
84.7193
49.0991
44.565
140.75
129.567
74.4542
46.0568
186.343
48.9146
90.4004
27.9057
36.0058
32.2711
35.4629
90.4934
68.5589
88.0021
90.2698
50.4384
15.6975
54.6952
182.15
64.8316
257.774
178.602
27.2254
121.403
170.366
52.0923
50.9834
154.085
67.9997
35.815
135.683
87.4782
86.6452
156.519
38.9665
93.5732
102.212
73.1391
48.4786
111.551
9.0823
25.0933
285.686
37.2684
26.7644
80.0352
139.669
35.7475
39.3656
30.951
31.0401
145.797
61.8105
32.8358
71.1135
27.0481
37.211
83.3013
72.9871
137.746
141.305
142.918
79.7988
38.6182
27.9686
16.6804
54.4452
17.7746
21.573
243.074
105.303
105.985
171.14
74.9301
50.6629
54.4833
67.638
45.8876
26.5994
57.229
417.369
399.963
196.709
104.225
50.4408
164.166
159.944
45.314
177.436
20.5584
174.646
29.305
44.209
37.4423
12.4867
43.5883
85.729
143.562
153.867
55.2284
88.438
47.4903
30.4094
59.1246
37.6919
124.011
41.9995
61.1658
91.5807
133.306
220.599
31.7763
159.901
33.4827
94.8968
49.9405
107.983
90.072
26.3021
24.7712
273.805
94.1084
32.3903
38.192
78.9716
46.4422
21.863
46.0009
47.9449
40.3616
32.6844
187.623
66.9442
31.6559
46.0076
302.903
147.985
37.6617
148.323
18.6868
40.9143
14.1192
82.6506
59.4764
28.8052
58.5121
77.3326
188.269
43.8548
118.598
287.545
41.4649
54.339
26.9897
74.1844
90.9589
44.8518
52.0691
33.2401
75.1397
148.295
112.427
145.161
34.7148
17.4622
61.1675
37.014
64.6575
30.0885
62.9834
28.7626
307.137
131.016
46.5822
42.4346
79.6952
44.4973
140.45
24.0855
40.7107
78.2147
55.0101
55.7551
37.285
157.206
61.74
100.655
107.142
49.1095
67.5182
37.512
28.2296
47.0606
36.5953
91.3937
26.9598
203.08
36.7634
19.1088
21.0024
33.8352
181.344
56.8666
25.3193
60.0925
123.701
194.59
45.8004
55.1823
17.4678
32.9979
40.4478
34.1698
87.7264
43.9961
104.94
255.119
89.7126
87.2192
73.1292
37.101
84.9823
66.1602
117.601
144.54
46.7924
63.8494
89.1314
99.6022
118.172
38.1039
88.4569
96.84
192.906
33.1302
182.075
86.2752
67.136
88.6481
24.8087
86.6909
86.0151
52.8595
104.821
49.3122
18.8852
225.642
49.1793
89.5474
15.6062
196.672
30.0633
44.5627
80.8349
28.6215
29.3493
117.188
57.4103
22.5738
37.7762
193.01
22.9674
23.1107
25.521
22.926
30.4843
110.311
67.9802
83.3831
63.8997
140.2
172.251
68.728
123.316
206.289
20.8231
21.3379
32.4637
67.5271
74.8065
96.5526
98.6393
37.2629
33.8917
79.7703
15.9715
52.1026
79.1245
133.754
96.4207
68.175
102.732
89.3965
77.2611
97.6406
15.5386
81.5231
76.3852
317.728
134.763
40.769
15.1431
155.424
62.8954
32.3981
75.3648
76.011
75.6544
50.681
57.9197
36.1793
150.616
45.7141
49.7679
42.6601
320.455
149.577
40.8154
106.842
85.1031
85.2204
126.702
163.233
27.8191
34.2914
38.1066
80.6626
48.7005
90.2362
209.467
113.562
41.4143
68.2746
45.6338
96.6358
126.978
93.2427
56.8826
53.5832
128.61
73.0966
100.121
181.159
85.3774
125.312
86.7028
111.416
77.5902
31.6632
100.563
21.3024
74.3806
79.8541
95.3602
122.274
49.2867
34.8416
18.6892
76.8604
37.4329
46.0676
61.2005
70.9102
160.446
94.0164
13.863
47.7948
154.257
73.3369
39.4181
48.692
41.8017
107.642
132.838
50.4196
154.998
86.9304
58.6503
325.021
92.2569
61.0972
21.5502
49.8428
47.4038
22.7025
162.312
21.3696
57.8334
49.658
203.148
207.331
136.182
51.825
85.4663
80.9248
142.465
33.9746
101.714
121.077
125.777
103.251
74.7855
230.278
49.7733
151.254
30.7739
114.387
114.884
59.8468
145.422
114.305
152.885
203.543
26.7194
42.5642
37.1175
64.0962
80.4922
196.691
24.5991
18.7508
29.0608
72.2486
60.0581
157.057
84.0858
37.2135
74.7057
35.7926
145.193
20.8891
14.1753
48.773
47.366
60.5311
168.803
168.357
114.545
74.5627
48.7403
166.263
69.4387
166.116
104.757
51.1207
53.3499
40.7693
79.8599
102.989
26.8448
43.0712
18.1327
13.4374
68.8909
49.2959
246.914
31.1322
96.234
108.453
63.118
120.645
36.0158
62.92
232.008
122.112
70.3601
74.8226
26.4675
42.3768
27.794
115.437
31.566
62.4134
116.622
44.1253
103.929
51.9291
117.76
241.224
19.3229
55.5895
59.9456
131.047
55.3126
194.587
58.0894
40.3636
47.1852
58.3779
69.7969
78.8962
56.5445
71.4281
59.733
43.8203
41.9434
69.1618
51.2931
71.1942
115.001
46.3092
242.747
94.584
41.6116
57.8838
127.724
93.8881
75.198
27.7446
13.7722
36.4301
18.7209
88.2227
97.1042
58.4179
320.619
72.7098
82.7193
37.4887
20.2367
69.6173
29.6458
38.6308
38.5299
85.3165
66.2359
47.677
45.4919
85.7945
38.0286
128.049
35.6468
89.5835
39.3011
19.1816
42.2608
154.812
30.6502
24.7163
89.2868
23.052
80.3101
142.839
81.1927
80.8351
115.101
58.6906
132.321
107.493
105.277
26.6781
25.2913
40.6398
24.4293
190.935
80.5079
98.8602
88.3816
63.5954
49.7869
98.4589
66.5374
167.452
26.9762
36.1225
39.3838
40.4273
122.881
46.2493
138.439
111.365
18.5531
77.2794
74.1059
68.6035
41.3489
46.6172
81.6554
46.5843
301.471
24.5974
38.7527
42.0964
49.5182
115.107
229.372
24.1684
78.6957
140.667
61.6556
49.7512
21.488
86.8663
337.428
98.1123
82.3822
53.8489
27.4814
71.852
21.3291
28.45
200.929
247.852
55.3856
118.412
44.67
26.2373
47.2017
35.127
103.506
79.6434
26.8351
56.3033
97.8285
48.0636
71.574
104.876
142.837
73.2032
51.0314
70.2129
91.9364
109.254
82.1466
87.2611
240.672
120.113
67.6061
226.307
36.2046
73.628
163.842
178.093
57.402
30.483
36.8262
64.4047
99.9528
81.5263
52.467
73.0531
42.2723
17.3169
33.2848
369.853
165.281
79.1027
270.068
120.426
86.8941
127.563
111.321
38.018
51.7873
16.9631
49.686
38.1184
20.735
151.177
52.1809
48.557
76.0866
142.515
64.7197
134.069
58.4276
23.8565
117.477
28.1527
31.3962
68.4797
96.2692
26.2833
118.085
42.404
51.5915
70.0769
24.9685
72.352
65.3356
25.352
66.3215
41.408
70.1041
23.9903
184.843
114.246
106.62
41.2969
79.9142
81.416
42.2201
25.0946
62.145
67.4331
71.4014
13.5399
23.9212
119.924
153.207
55.8269
70.8514
191.693
66.0787
57.4326
78.8424
154.568
55.3043
82.5371
201.052
30.3997
89.1856
43.632
87.9254
72.4932
38.5479
68.9581
192.699
50.5947
78.6862
35.7128
31.7135
122.722
19.2791
83.6836
230.235
163.054
29.2375
92.1851
134.969
44.6213
34.5981
50.6666
75.835
226.804
30.7847
27.1378
182.319
167.577
38.9528
309.864
52.8245
33.2876
192.73
62.4809
141.68
71.4312
160.477
133.008
64.4911
53.8052
166.787
33.0371
138.194
232.112
106.812
69.0844
154.697
16.0586
43.498
49.8178
105.058
44.869
199.477
53.2528
34.1892
62.7864
37.4315
104.979
95.0375
45.9633
18.065
69.5893
315.872
29.9345
77.5726
216.521
30.2261
122.199
192.174
243.489
131.018
79.0218
51.1292
128.776
49.076
30.7695
102.317
108.268
76.7653
42.8363
40.5422
35.1344
54.5115
56.3185
63.4549
63.4651
31.847
117.287
21.8083
55.6685
29.0133
200.984
94.7805
81.252
28.4203
221.864
98.3508
26.0015
87.3888
111.222
87.347
38.8155
38.5654
68.5809
113.964
36.8644
36.8646
38.5893
98.9357
66.4703
38.9948
77.6896
100.967
93.442
43.3944
89.9158
46.6993
35.8658
60.599
56.3851
30.9968
32.5869
275.57
85.7127
19.484
53.5492
153.158
44.8502
121.705
45.8088
201.212
175.344
67.1342
104.917
45.7681
88.5018
45.6304
145.046
173.676
42.4273
44.6745
77.9981
121.181
44.6936
88.5662
121.084
120.123
18.5159
35.3851
21.9316
60.6015
26.3953
49.7847
192.213
223.488
160.833
36.6415
90.2205
129.722
220.535
40.0655
31.2735
142.126
114.749
30.3309
61.0072
94.0102
44.6365
36.2115
41.9242
93.1031
69.961
83.9104
159.659
79.0589
30.3032
36.4662
31.4214
111.58
45.8756
35.3904
47.8826
37.9867
146.666
109.897
44.0845
209.932
71.9751
33.769
101.959
196.214
49.0725
26.5817
308.539
16.8859
147.067
76.8932
54.2171
69.0787
116.155
109.874
100.1
22.6842
32.8005
49.8634
81.3493
70.015
61.6644
118.543
140.286
68.0445
84.3083
50.3733
148.656
66.134
194.193
32.8403
55.1937
270.079
35.9824
202.9
49.1385
47.1998
37.4564
61.0266
56.7838
123.695
126.779
35.6048
29.0985
18.1562
43.733
193.89
60.1599
81.8481
61.5295
175.288
141.734
191.686
99.3711
85.1667
42.5375
11.6441
46.2335
13.0711
146.331
27.6259
97.8607
42.7736
44.3413
54.5565
59.1004
163.862
217.711
79.6715
99.0384
350.926
128.74
125.918
71.7984
29.6484
86.4042
57.4101
81.8952
130.67
168.073
100.114
60.1675
81.6213
78.4974
64.2525
64.3213
22.5247
19.3748
138.172
114.616
119.528
163.011
11.8988
36.7644
89.5637
110.507
46.6524
69.8987
56.2681
155.304
250.24
170.324
216.426
84.5107
105.573
41.4262
31.178
81.6756
60.7621
36.2864
64.9601
132.271
92.9215
69.8536
81.1753
16.696
94.6312
44.4616
87.798
52.1902
59.5727
185.741
86.7492
127.81
40.1514
43.6663
41.7617
144.24
66.1141
37.2731
192.517
37.159
82.3
77.0888
26.5511
26.7759
56.341
41.8249
50.2837
63.2312
46.5508
180.17
54.3487
250.421
117.489
43.9424
172.264
129.569
116.352
32.723
107.803
74.1262
115.884
179.378
51.4599
49.7696
54.2168
212.966
64.452
107.737
62.6632
122.207
24.2933
15.2537
62.3451
210.942
80.709
53.5689
48.5486
190.08
107.057
102.508
77.9134
117.528
48.6019
222.572
148.858
71.7417
45.9704
47.1803
102.46
195.982
147.738
19.6032
13.5699
34.1811
46.8018
29.8953
154.112
107.885
123.597
18.5354
123.256
27.6141
42.3564
99.0025
59.6806
24.2756
55.8683
346.904
101.649
91.754
57.0859
24.7652
142.364
38.9249
31.084
129.644
115.314
86.4452
129.727
174.501
77.7465
72.1659
30.2118
63.3583
117.866
59.9374
224.943
35.5953
268.694
76.2923
130.995
145.339
28.4129
72.5926
52.9886
51.8901
72.3277
52.6522
44.6604
52.9823
28.8886
88.0396
37.9013
115.682
35.5638
65.1248
95.2834
56.5651
24.3809
50.6941
65.078
57.7697
90.5877
18.8281
55.3412
34.6493
18.9866
64.6215
46.0733
31.4482
54.2467
256.264
93.9655
116.647
36.4425
77.7338
41.6526
30.0257
30.3275
15.8989
39.5165
54.0256
99.2192
63.7539
18.2897
59.7819
45.7416
113.988
56.766
71.704
92.4141
76.8945
75.2758
106.631
22.3773
34.4507
18.4191
32.7505
58.9399
43.2494
28.3018
58.7786
128.839
80.9049
70.9242
76.8873
125.13
85.4934
162.59
135.276
39.1486
46.809
45.2739
44.8468
17.5029
105.005
35.6365
32.316
247.808
82.3883
71.4198
56.456
54.6139
37.9711
85.4061
40.5929
34.1818
46.3293
64.0565
59.7676
42.0584
22.4455
52.9324
29.2748
27.2693
42.4823
142.787
34.0787
46.951
15.2745
59.0007
50.405
53.6984
12.5273
76.2953
153.183
37.9701
70.6154
71.3603
14.1167
44.2316
84.8231
85.6196
103.755
28.608
130.166
61.145
78.3335
133.087
49.2711
31.2321
50.4525
81.0976
40.4206
182.333
87.9006
67.4334
177.465
28.9236
43.0562
25.8222
29.7169
108.978
24.6438
28.1212
198.155
68.3325
103.252
173.762
37.8686
241.597
78.9497
40.5606
41.2122
168.937
62.3288
167.767
127.711
147.666
46.4428
23.0815
156.527
142.079
133.832
127.363
77.6098
36.1812
55.9224
52.2969
71.756
96.4256
43.7384
128.637
46.9728
116.276
49.4544
125.928
70.7758
32.892
16.3139
60.1905
175.002
118.295
19.0526
59.636
63.8791
191.05
36.1413
62.8597
39.2723
130.102
48.4359
24.7239
61.1093
58.363
34.8063
81.5262
241.225
23.6659
75.8843
38.3204
128.129
45.6557
49.9362
110.183
45.8374
76.9209
142.718
137.733
113.567
34.9744
30.7132
153.714
41.5181
113.901
57.2689
41.9728
67.9567
163.268
62.9249
69.6909
29.1998
39.8972
86.6479
102.22
32.52
50.2351
129.702
37.2077
53.8933
38.2353
99.1747
53.6866
57.3067
50.1891
20.72
99.1077
53.644
32.9969
178.274
32.1589
43.8738
123.112
145.349
134.358
156.215
98.0865
93.4884
27.2045
28.6963
79.9044
66.7893
126.689
25.0536
44.3953
84.5888
40.1861
28.4768
63.1077
21.7088
29.885
57.2593
166.595
52.497
43.467
48.495
63.8945
115.717
120.41
56.4973
54.874
190.081
258.263
46.1975
45.0385
40.6521
50.1324
92.4018
175.208
111.292
23.7424
147.823
167.547
86.6362
70.8334
133.968
17.5716
130.308
249.105
78.7034
126.812
89.5094
62.4286
27.0616
83.9315
52.3728
58.8272
83.4021
22.7384
71.4946
35.3988
40.4889
46.5543
63.6405
52.4383
88.0576
71.4613
115.026
22.9242
48.5544
45.8017
178.254
74.6483
85.2715
160.862
25.3242
86.532
51.9574
141.577
77.6302
25.5556
82.2497
41.0095
126.171
262.885
88.6485
202.186
84.935
50.9472
75.7864
92.1733
51.1801
84.2621
50.4257
76.9788
27.996
56.0324
115.878
37.9075
25.651
88.9626
42.0047
28.9263
62.1261
199.294
76.9921
73.908
55.9361
99.7501
163.774
241.983
221.073
41.2929
128.741
47.8705
73.071
37.0719
19.1554
18.9746
18.6583
93.8392
75.7329
190.278
31.0474
77.1907
65.1385
89.6443
112.321
24.069
48.4121
47.0246
44.2862
41.4428
48.4188
70.6184
71.8595
38.1683
29.5334
67.4695
33.3268
28.5958
169.19
52.2688
48.0902
111.154
158.771
40.4021
64.502
54.8294
155.194
71.4546
49.2509
86.9107
202.13
83.7989
57.0458
12.7031
81.7003
113.192
41.7752
41.1967
132.334
53.028
213.92
72.1252
48.6366
98.1199
82.9501
70.4558
41.0837
58.1526
21.2327
138.194
57.9728
13.8022
75.4629
34.1323
91.3979
36.5648
164.529
39.3746
71.446
86.8113
63.165
43.6364
29.771
162.246
18.6097
15.982
104.711
95.9946
51.4636
46.0441
114.513
102.391
20.4187
93.4916
87.6403
88.8471
194.597
77.4228
91.1329
61.4272
54.9364
98.8321
40.4837
30.1208
29.4491
84.0286
32.5455
54.4604
169.744
224.549
69.1515
113.738
105.639
41.8381
27.4629
111.333
48.3437
105.479
59.4808
338.226
71.0728
238.556
119.087
165.967
62.4182
53.736
76.27
93.2705
163.248
145.848
19.6542
78.2718
94.1042
170.908
75.1857
70.1823
97.5266
46.6043
70.637
20.6232
65.1882
58.0502
11.9737
88.0486
35.796
114.811
45.4213
240.301
345.11
27.1311
271.046
32.0069
62.767
79.2213
34.8335
71.4253
83.3813
148.442
71.0036
238.527
37.9593
103.108
256.279
32.0927
229.095
99.0579
44.1198
63.1539
26.7043
38.0462
58.0528
39.7696
96.5771
87.9329
69.6642
44.586
55.9072
116.43
155.976
37.6722
69.4507
180.524
121.715
183.892
148.681
38.1968
56.9845
32.2624
91.6743
53.4277
110.543
135.168
42.266
95.4631
147.13
60.0061
112.048
43.8503
136.786
64.8214
78.7654
14.8797
111.914
29.5129
90.6178
72.1583
72.6842
27.9949
133.362
120.978
176.924
16.3214
16.2623
103.576
13.3735
44.6625
181.469
137.612
42.1347
52.7762
40.9191
47.6848
88.0887
34.1121
49.718
74.1488
19.7369
25.1117
111.911
55.3302
178.752
115.802
122.9
143.813
24.5262
124.156
82.7915
33.4496
14.1675
66.252
43.6209
73.2035
139.582
36.1397
57.5385
77.9512
71.3692
63.2512
60.5556
136.174
43.1781
63.2383
101.146
22.8328
37.1404
27.1414
13.8411
44.3681
123.2
28.775
119.669
178.029
170.07
50.3098
33.9486
180.511
117.598
51.6178
21.0603
232.384
53.2534
65.8357
74.0241
85.1508
327.524
44.563
214.425
90.0563
83.1228
35.2066
115.572
68.498
145.361
82.4387
19.5296
38.4587
99.4084
96.7659
29.5126
26.8486
59.182
112.922
34.6263
141.575
124.766
49.2529
63.1458
161.55
46.6744
70.699
185.012
232.474
55.3058
77.9835
41.0622
115.081
331.193
89.775
83.2851
83.7822
36.1111
106.692
48.9797
37.1782
42.7787
78.8507
270.981
55.4403
95.5674
68.5436
90.038
70.7256
56.2245
57.4125
66.9565
67.3419
23.2526
57.8013
96.8749
22.7985
22.3848
43.8134
40.2405
99.0348
146.577
166.854
39.0253
80.2834
51.3423
289.177
38.4652
70.7609
113.246
26.8492
44.3171
30.1366
72.7991
85.4438
65.2534
123.875
117.371
33.4187
163.456
87.2924
162.461
37.7923
93.895
28.95
50.2933
48.2573
204.462
171.336
70.2703
20.9516
48.4278
56.2738
114.962
105.05
22.2073
311.075
39.2336
51.107
79.6332
74.3376
22.3536
56.3409
75.0896
26.4603
25.416
232.682
25.8367
275.403
54.8154
29.8009
85.4388
27.2967
80.9449
31.9114
53.8128
34.7593
102.613
20.0444
280.438
42.1056
154.504
84.929
36.6956
163.6
187.555
132.673
122.81
110.474
38.9214
77.4021
175.441
107.315
144.204
23.8435
35.7586
59.8959
33.9355
202.217
48.3332
232.091
55.3566
81.4004
46.9951
64.4349
100.806
160.072
52.9981
62.0286
129.455
133.638
197.154
106.717
96.3439
110.174
97.6584
20.9197
68.4724
253.063
118.191
93.1367
52.4355
101.189
36.4647
65.7762
26.7874
94.0051
39.2614
31.5935
83.5591
35.6523
145.403
16.7813
25.5575
16.8766
229.673
76.1054
110.075
89.7306
41.489
197.52
39.6689
121.728
49.4064
111.799
18.3437
45.8929
154.32
62.4296
66.5194
68.9425
45.6876
58.2947
16.3901
66.9469
93.464
80.9311
58.4781
44.7952
40.3263
185.233
52.8918
44.2751
73.4375
48.3789
39.4831
56.8223
34.0504
141.674
222.874
54.252
51.0897
44.2068
145.445
107.216
12.7103
96.8976
42.2935
20.739
74.5112
92.381
43.2092
74.3627
13.8215
23.3781
85.9491
35.7688
38.1551
15.1376
91.1458
42.477
134.381
121.417
43.8743
40.7502
74.249
73.0331
75.5034
173.681
94.0314
36.1614
54.6066
128.418
106.352
38.0663
50.6154
131.844
68.6712
27.159
32.2761
61.6194
116.845
42.3026
34.8174
121.582
134.865
50.2439
52.7134
68.5893
65.6384
36.7295
61.9507
27.0107
104.976
75.4426
90.5561
36.3159
59.6783
37.7835
61.8416
56.5396
39.5026
28.6057
90.8649
57.4744
105.626
59.4905
128.58
138.3
114.907
224.454
142.746
155.295
110.499
33.3396
49.2367
249.672
65.5741
77.4847
121.454
185.382
147.509
27.6983
48.0576
89.2095
181.575
121.598
46.4491
131.922
106.79
60.9795
34.5892
111.037
87.9933
54.5787
109.766
18.3453
91.5135
29.1179
21.1458
84.0815
30.665
120.356
101.346
91.8032
51.2732
131.177
24.8631
199.276
35.3745
49.3293
158.263
12.5048
120.812
49.3426
67.336
53.5106
44.8116
37.3415
42.1246
246.155
170.368
123.461
33.9924
79.3121
28.8621
73.9792
30.893
93.0787
68.8698
71.6731
107.86
153.652
166.232
92.4084
51.3798
449.659
179.085
38.2775
84.8985
77.0331
60.4726
46.1173
108.095
108.698
16.3011
63.8325
66.7474
56.1404
259.796
86.3661
33.0574
102.101
51.2652
45.0347
47.3923
62.2251
64.9717
270.348
31.7711
35.4007
78.1528
180.805
172.154
147.948
22.2537
14.0236
133.833
107.916
138.81
142.446
113.654
54.8765
27.0616
50.9545
113.129
23.2945
46.063
56.1327
80.661
46.1581
76.5744
46.3939
53.5868
52.2647
38.1661
63.5106
127.944
140.043
40.8024
90.1579
101.268
57.2606
36.7844
137.731
32.891
15.1812
41.9543
35.973
31.0623
258.055
82.8346
107.153
86.2953
149.764
31.7767
10.7305
170.453
19.5519
112.854
167.648
44.8874
115.01
69.7029
31.4256
101.528
69.7525
19.4646
30.4004
85.4288
100.959
55.2228
76.7738
35.0187
41.0356
84.9859
45.5309
50.3789
88.3848
27.2202
131.162
260.535
64.5075
61.4016
26.3445
31.5132
286
61.6609
34.4697
39.1264
27.0108
24.203
100.072
285.236
37.9822
60.8798
46.5837
254.533
138.274
9.62812
79.1015
110.788
23.6836
60.9503
95.7496
52.5538
44.6799
55.5738
155.351
46.8332
16.5107
115.054
131.83
45.8059
88.4049
76.5764
36.5719
66.1399
98.8594
55.4287
11.5913
167.284
80.9744
76.4993
17.954
84.124
63.1909
43.499
38.5342
10.9333
16.2461
62.3482
37.6787
39.8484
127.235
36.4495
36.7723
62.6394
98.9675
30.2549
80.2818
163.756
195.05
25.6072
70.1352
45.6518
64.0463
84.94
108.837
34.8409
35.9053
73.677
68.2159
9.63569
101.349
39.8286
72.9452
19.5766
33.6087
212.126
45.3435
49.9356
51.0039
37.8457
79.8577
31.0575
94.8198
44.7008
121.859
31.5224
28.707
37.0995
44.9009
25.4181
15.4468
63.4693
36.1274
86.8429
41.1174
94.4524
26.585
46.3016
123.844
131.499
84.0029
23.677
92.1766
43.2802
30.7544
81.4295
89.1599
171.434
133.789
97.5635
48.0971
138.868
61.5672
150.588
120.846
105.734
92.9763
331.165
153.546
109.163
95.3736
69.9929
98.5394
209.69
32.9758
131.731
23.1367
15.0642
308.713
158.847
28.712
48.3274
127.6
123.519
15.4656
35.9804
79.619
51.9514
86.4426
55.2378
50.6748
78.3511
98.0259
68.6945
65.504
191.905
46.6739
70.93
23.133
86.7207
71.947
33.1126
44.4591
26.5175
111.644
68.0317
24.6837
88.4991
67.942
39.8297
125.62
113.998
118.09
50.6256
139.83
93.9019
29.7135
45.9594
71.3867
127.017
103.39
51.8605
90.394
34.4849
62.1812
73.4618
30.0743
85.3325
80.0413
90.0324
380.362
20.9154
19.0377
47.5481
183.969
43.8771
58.3661
108.874
112.372
14.8116
45.4954
57.0349
81.0434
117.355
31.1737
39.0416
51.2287
43.512
13.888
62.0709
46.0414
78.6481
167.352
96.3772
29.6375
150.681
26.7057
102.65
63.9067
53.7378
91.0734
96.7654
72.6123
170.879
64.4857
36.2453
109.438
115.231
86.0199
84.6363
83.652
90.3425
43.4046
268.556
75.1562
152.951
27.6149
19.0805
98.0773
78.4374
39.0417
48.0092
125.274
145.784
34.9598
144.617
213.41
46.0094
70.5558
79.7761
27.9772
68.9331
39.8517
38.6911
29.1459
70.0868
55.7143
90.6882
53.8357
65.7584
49.554
59.2535
60.8241
95.9807
193.333
153.883
30.7073
26.7488
307.429
260.028
74.4504
36.0402
140.854
61.0155
54.5717
85.4827
57.5479
28.1797
254.332
153.515
30.5177
23.763
44.4866
56.0523
19.8876
137.182
15.2939
109.792
65.2965
145.538
25.0493
39.5237
59.5661
93.5468
34.7625
25.317
57.9696
95.0996
69.95
120.546
62.1579
26.6123
67.5752
62.1993
33.2446
27.8218
297.817
14.8273
97.6721
24.0323
37.9255
59.0936
97.3724
82.2466
49.0951
43.5385
243.225
83.7688
49.8645
207.254
37.8845
39.7436
29.1783
48.3887
280.094
101.032
39.3734
137.091
52.6743
48.6232
34.3436
74.8891
223.394
142.525
130.694
165.5
159.983
121.37
47.2355
94.4227
86.8516
97.4555
111.735
61.6729
137.368
76.9084
47.9659
165.302
151.259
67.9236
81.4011
32.3536
75.6718
79.7504
42.1398
38.6064
93.4622
21.96
15.3342
128.683
165.942
94.169
66.7805
36.0411
57.0036
62.2678
82.3109
30.4308
64.4817
19.1215
48.6546
159.688
106.374
82.7283
48.4035
81.3382
57.591
119.405
84.1566
47.7325
34.1135
65.4677
115.583
103.154
50.5431
111.645
34.6317
38.8369
40.515
48.2545
67.8051
24.9446
74.4033
18.8764
52.1706
39.8419
57.849
24.993
138.417
84.864
56.492
53.7012
8.81272
69.5844
59.3059
129.943
79.5972
19.9024
39.3143
194.581
258.134
17.3342
127.504
97.1357
13.9442
12.3219
40.2938
127.652
44.9629
44.315
119.375
46.9066
25.1467
227.695
73.9339
174.674
32.4753
23.4502
90.4717
169.622
62.2258
83.8808
71.0326
34.0987
64.8225
84.2202
216.506
218.354
41.8149
68.9929
59.3037
58.0925
39.4304
85.3937
39.1432
28.1831
143.747
30.4873
50.9252
59.3261
39.2386
59.2928
31.3737
88.7871
311.555
58.0481
138.211
14.0023
33.7144
85.8634
44.1211
55.691
60.6652
79.6566
84.0866
311.904
155.333
26.5889
81.9246
75.5568
63.9416
45.0703
127.827
55.3078
52.5562
123.838
46.0823
46.5814
133.52
39.5207
61.4338
190.745
33.6067
64.4311
28.7499
87.1655
140.317
63.5713
10.5689
56.6845
146.804
24.0522
50.5998
268.28
133.253
34.0827
49.2951
74.571
55.0837
86.7624
21.5645
104.535
205.012
120.177
79.8906
22.6405
117.089
152.084
69.8325
34.1601
95.0791
60.5123
32.8559
123.326
32.3597
216.195
72.3408
17.192
161.223
51.2868
125.657
134.842
102.02
25.3206
116.454
455.692
87.0555
65.2827
18.8869
29.8509
91.3661
153.631
42.055
44.9393
43.9411
203.914
168.428
38.721
91.0239
86.1029
148.375
161.096
60.7509
80.0302
42.9071
14.5228
87.0588
121.639
56.6248
48.6894
17.457
36.2353
147.483
105.985
47.0916
37.8067
173.937
269.934
42.2466
51.1156
73.7707
152.388
25.5572
58.6723
38.178
73.8549
70.1413
47.9931
20.9992
132.342
107.933
118.094
29.7198
92.9402
106.926
87.935
208.477
46.6832
208.96
197.691
89.4167
34.6065
138.953
44.7887
57.7896
171.725
94.0382
28.4
88.3101
51.1089
37.455
30.1757
69.06
150.659
103.096
15.2396
41.9858
84.7023
212.268
82.596
50.5952
88.6861
63.8362
18.4732
51.6202
191.518
76.9743
241.285
40.6985
142.371
90.9487
94.5284
33.6667
100.02
36.2843
198.333
80.6842
106.572
85.1455
115.773
194.018
69.4971
80.8537
19.8627
57.8805
52.8948
122.925
46.5618
34.7633
37.7675
62.615
158.905
76.3996
65.5714
118.003
42.8752
15.7437
48.8253
92.317
48.1496
61.5949
38.4294
89.3254
273.968
86.3612
71.6207
133.809
50.587
60.7943
99.8737
183.518
236.604
43.8262
18.8688
109.986
37.1325
49.6372
47.4295
18.2714
82.8847
70.2358
75.0944
58.5961
27.4808
87.6506
53.7137
28.7358
57.8062
57.2023
129.286
73.0435
38.6602
183.929
56.4106
84.4707
58.4039
37.2738
76.7317
71.5235
78.3805
77.6069
88.9522
98.3659
59.3333
51.6616
14.3523
23.2052
83.7502
430.445
55.6759
68.4559
36.5447
71.3752
137.189
174.285
215.109
73.6063
39.1264
78.4332
284.062
21.1347
46.6263
60.4904
59.8798
82.5886
50.4927
88.4571
15.4343
58.4561
146.276
65.0498
36.5138
27.2226
103.358
65.3999
154.707
49.8887
43.5854
36.3719
81.282
31.3964
141.473
21.2795
42.2304
46.9792
95.9892
55.9022
46.7569
34.3192
45.9958
12.8043
45.7295
78.2308
66.2132
29.7598
74.3021
24.7729
26.5599
130.759
131.324
44.8354
53.9979
124.999
106.946
23.2589
35.4165
69.0805
155.927
127.872
185.195
20.6701
210.849
25.5056
96.2168
17.3997
41.6556
133.216
58.5248
33.3658
65.6944
15.6976
243.819
53.301
130.967
97.3335
61.2151
93.3352
34.4313
33.5861
61.0175
58.6202
21.6692
78.0453
89.8489
124.63
43.3997
51.7231
98.626
24.8464
75.7676
19.634
66.7151
53.4153
95.2077
115.364
135.738
100.709
27.9049
135.381
48.2382
155.471
172.928
76.3738
79.515
81.5336
53.491
20.4961
408.727
193.547
56.8074
50.4773
75.3023
118.79
61.086
60.8187
77.9638
161.338
259.49
31.1773
41.4473
71.384
56.8268
13.4306
100.959
289.483
261.328
31.7433
39.2551
133.814
241.367
39.1732
42.6154
45.0446
28.3388
86.5422
51.5484
116.519
64.9044
87.5824
86.1829
103.899
53.9259
133.108
26.0399
21.3068
120.585
25.8969
47.7169
30.6569
207.084
34.6907
41.8714
93.1928
55.7779
57.1535
39.8101
85.0515
112.33
287.256
67.0821
221.557
57.9932
153.822
38.5938
40.0285
111.874
85.4792
47.4861
58.8397
115.239
64.904
90.0595
82.972
81.6773
129.832
168.609
27.7583
75.1626
117.007
32.2587
49.0139
51.9632
84.4483
44.5942
47.8778
182.201
142.881
41.4785
29.8791
27.6365
151.492
35.9916
216.336
60.1013
52.5349
53.2748
51.652
26.4542
52.903
67.1028
52.632
66.1779
92.9654
21.9736
70.1228
100.814
52.5479
46.6038
65.8882
138.97
59.1888
119.278
216.836
152.963
23.9477
48.6541
77.5341
48.2822
197.351
61.9294
24.0623
98.321
86.2812
19.7801
151.418
164.705
76.9226
80.2577
24.1926
33.2463
74.7106
172.518
128.414
43.9532
80.4011
46.4625
168.494
86.2529
33.8616
58.0709
86.5842
80.5471
89.0845
52.1542
144.316
75.016
45.7981
123.519
109.912
212.97
88.4684
69.9585
256.23
41.4407
92.4125
52.1139
49.3322
50.2519
210.076
217.877
91.4152
21.6025
186.196
239.7
42.4678
31.5905
147.034
215.337
168.939
192.526
142.035
40.0173
124.77
49.575
44.7638
159.429
56.9184
71.5028
42.5613
18.5881
38.7521
23.5574
66.0438
146.588
102.675
122.241
115.559
45.327
102.707
64.7307
22.7532
11.9508
188.398
20.9993
335.24
124.493
100.395
71.3291
78.0007
181.457
108.449
119.914
77.3277
27.5569
133.479
334.644
37.1123
49.8909
15.0296
39.5711
42.0726
104.535
37.2705
235.49
142.955
73.7671
91.1639
113.062
77.7271
25.106
97.5427
45.5508
71.637
105.366
130.563
155.154
59.251
15.5897
24.6754
116.85
64.6679
72.9211
78.6738
31.4235
110.514
46.9882
98.2531
87.9095
132.179
108.158
57.0979
48.3647
173.725
68.101
37.2812
21.7781
43.3143
59.1802
107.367
25.8709
41.858
248
112.188
63.8774
33.8426
33.9235
82.8594
60.5453
120.244
141.49
47.3293
31.6612
61.4576
18.8691
153.72
22.9651
39.6088
27.819
24.2849
266.535
110.965
82.9844
79.9177
27.0054
44.4449
60.756
59.1932
130.454
77.8161
41.5482
41.8806
27.9308
311.044
40.213
73.7836
54.0904
115.543
165.166
102.985
64.8834
133.847
84.6219
70.6118
23.1141
31.1772
120.66
43.8333
93.9225
71.1159
80.6517
200.929
156.649
43.2692
83.855
52.4736
45.3865
49.2049
53.9142
25.0451
80.7929
52.852
47.0017
30.1867
145.506
61.7242
34.0983
86.9546
102.631
232.596
38.9019
75.4065
48.8454
75.8435
49.9121
72.4583
197.857
69.6921
38.4563
29.093
26.0948
78.418
196.829
131.183
69.5898
94.7061
31.9074
73.5029
12.5902
113.169
53.5445
69.4699
83.4985
63.1149
190.099
46.1178
235.76
13.5809
83.739
132.147
95.3744
152.326
62.3966
80.2525
168.584
41.2059
67.0832
91.776
122.135
194.91
51.5711
22.8998
44.3595
123.194
89.9838
28.5533
61.8329
107.874
78.8947
73.8473
344.319
119.405
37.3503
111.028
18.7817
15.5213
95.4202
67.2437
191.336
15.6492
67.2831
94.8079
152.307
34.0073
22.4428
49.4407
13.0649
22.6159
59.4178
215.118
78.98
123.418
51.5572
73.0452
37.4982
29.8319
58.9257
53.2607
54.1665
152.025
29.4238
28.9678
61.5716
90.5649
156.799
98.0741
167.344
98.0959
65.951
33.1848
132.61
27.6169
40.4655
45.318
58.0849
44.767
200.535
105.884
34.3103
78.3898
28.4609
57.614
37.179
40.3512
183.005
58.4644
91.0768
53.5425
26.743
35.8463
80.2577
168.71
87.173
13.5221
23.5407
155.028
87.0161
74.4645
54.2018
149.725
73.3506
76.2036
153.547
64.4418
78.3346
17.742
47.7947
132.316
84.3527
62.185
17.2454
46.5616
160.578
86.8539
95.0077
67.2059
50.8747
40.1509
61.2824
162.72
110.302
154.892
106.63
142.11
37.1901
154.016
85.2631
156.484
21.0061
84.2863
90.8283
71.2803
125.203
102.495
132.662
38.4476
36.2625
56.7159
38.5868
31.1936
98.2496
135.06
48.031
90.9627
117.459
106.679
58.4732
83.8437
34.8574
184.086
67.4491
218.107
98.7167
239.007
224.27
60.2985
182.636
166.841
169.079
37.838
116.225
87.6016
85.3647
44.2037
36.2512
27.6953
25.326
33.227
20.6628
76.7474
68.6294
45.7749
68.2398
85.5842
82.4237
50.2825
19.4228
81.5224
25.7332
180.879
15.244
108.406
156.163
96.5265
173.034
196.162
49.9591
38.5693
56.3596
74.2455
151.387
187.294
34.0193
98.2048
16.4245
189.188
30.4978
45.0121
66.8954
63.5203
96.6841
27.9366
92.0216
90.4586
212.925
34.8533
91.023
47.7171
114.509
83.9526
50.8528
112.218
106.895
170.71
53.1539
33.745
84.3613
37.8246
67.2573
33.3172
48.7633
115.146
29.3656
182.205
112.965
101.599
88.9777
158.674
344.925
38.3893
67.7232
81.4528
106.305
38.7976
30.4615
105.264
32.8099
26.3023
62.0179
34.1403
195.475
98.67
103.373
123.994
157.192
79.617
37.0943
67.452
20.752
25.5337
42.9892
117.454
112.453
45.0041
42.02
54.4684
19.6989
40.5252
80.4301
114.784
46.2566
126.65
51.0618
102.836
55.5623
94.0019
106.196
226.554
52.3238
191.966
53.7827
94.0091
75.1342
118.081
92.1991
72.6313
88.0529
269.308
18.4794
43.1006
171.314
122.91
55.938
64.9642
34.3564
96.7712
102.271
56.69
106.02
19.882
86.9624
121.335
49.338
68.0934
30.9008
37.239
51.0421
85.6172
46.893
76.1319
150.097
78.5741
34.3093
57.5895
67.0281
75.145
197.913
64.1019
36.8156
105.098
111.756
151.825
124.404
19.077
104.486
117.185
155.248
57.2947
28.8975
195.29
84.8886
13.8962
47.7227
120.217
32.6865
152.697
105.457
46.1947
26.0039
27.8068
89.1137
84.7148
77.8435
45.2535
144.856
188.978
66.0638
65.0697
54.7536
29.5424
21.5337
32.2128
38.4535
337.188
53.6242
286.464
35.1079
22.1726
50.0424
76.0667
148.498
29.8861
93.4312
45.7033
62.2549
121.277
117.624
33.0471
28.8457
45.8216
70.9514
53.6551
32.1036
43.8322
67.0382
33.5828
85.3158
49.4397
61.865
52.0642
148.268
227.407
65.9869
100.715
38.0201
40.0639
89.2221
94.7838
22.2025
13.0945
111.486
34.1602
164.149
23.1553
85.6472
71.3115
58.2294
133.358
78.5209
243.335
74.6506
55.5188
99.6696
71.1003
72.7702
176.896
107.423
23.3858
62.2728
35.4701
125.929
37.9974
22.6998
132.506
17.739
101.962
35.0164
169.681
49.4741
61.567
70.0612
211.6
82.8691
41.8183
110.727
123.721
48.8076
39.7114
97.9387
33.6872
168.045
102.02
40.7114
91.5265
28.6368
118.368
43.8514
66.2404
80.2511
92.6102
87.6551
158.693
140.23
61.8775
54.6837
66.0907
20.1024
79.8342
29.7263
69.0902
144.252
38.3221
30.879
62.402
14.9236
86.389
79.7878
209.548
11.2014
57.8534
16.5211
69.8039
37.3029
72.7307
140.294
48.1321
24.8731
98.0134
210.009
101.245
163.349
76.6901
38.667
262.517
66.7705
100.784
116.393
43.0551
92.4626
138.076
33.0426
190.153
47.8447
212.285
131.694
23.8201
42.7288
83.868
27.617
248.242
102.315
49.267
50.0852
30.6644
64.2089
24.5615
110.461
128.5
56.7487
63.2892
23.2682
26.483
38.8753
122.143
71.0097
76.5073
51.3922
69.3684
55.275
36.8417
84.3011
199.966
37.2941
100.688
84.4832
75.5005
95.0053
180.537
65.3895
74.3014
57.2858
64.5992
13.7338
96.5979
32.9036
188.133
45.4311
100.365
144.249
56.9677
133.575
66.4261
27.4053
170.098
83.0022
205.965
42.4451
19.0256
228.299
122.406
93.3967
42.9805
133.057
64.7172
45.5811
41.1071
73.3492
90.1673
103.355
51.1165
19.5648
103.079
149.873
22.4408
76.8159
151.197
47.407
110.22
78.8624
120.4
33.9993
140.946
130.656
136.011
208.135
155.563
37.9782
137.45
59.6141
83.3798
64.7488
107.207
71.1441
344.407
116.302
144.73
71.4466
69.7564
60.3695
105.361
57.7292
39.8803
48.4539
74.1474
54.3762
28.811
195.091
44.1944
83.5417
72.4888
111.387
51.3881
168.252
31.8487
142.222
69.1913
92.8556
21.278
108.836
73.1842
49.4849
35.1693
120.633
94.5265
137.291
53.5275
59.8028
103.62
95.1396
80.0836
10.086
64.6342
35.6159
80.5245
183.064
185.029
38.7559
89.373
80.7816
128.475
81.1084
142.846
172.226
131.578
17.4877
115.842
93.3109
118.757
89.2588
93.0726
75.8119
115.149
43.3044
46.2902
98.6429
49.5783
66.5369
71.3725
14.4574
29.6336
163.265
78.0772
30.5556
98.5357
153.701
72.8578
157.195
88.0591
87.5433
143.988
78.1158
311.712
86.4593
38.0807
115.379
113.114
19.2328
24.723
27.4408
32.9368
175.188
22.9993
131.177
203.403
59.9774
48.9355
52.4101
43.7093
62.749
20.6369
71.8104
78.5523
27.3135
88.3238
51.1218
33.2811
126.226
69.2105
51.8306
253.782
85.2005
61.0572
62.7468
145.073
47.4981
33.0783
51.1303
82.7227
163.794
58.9228
142.92
73.0965
55.12
67.2594
147.694
102.804
32.4966
217.813
52.9974
92.7721
64.8456
118.828
99.5618
73.2392
234.252
15.8134
243.969
47.7753
97.5476
57.8566
199.052
124.553
82.4427
41.5295
60.9181
66.3522
152.441
41.3716
45.4663
77.5048
52.4732
66.8252
41.056
47.6036
46.5926
42.6097
44.4166
131.238
112.676
318.827
13.9461
99.8908
56.254
107.372
41.3457
60.096
40.8237
81.5025
34.2108
57.5459
152.842
112.019
36.8995
65.2654
37.9449
227.936
54.5025
45.7312
87.2459
37.7857
222.585
43.1194
185.146
110.582
154.223
119.057
63.1154
58.9968
13.8895
55.589
40.519
75.2203
207.007
53.9802
17.4176
26.728
33.1816
45.7062
53.8149
70.5782
47.7171
77.46
18.475
109.662
57.1363
64.8497
53.1729
214.037
109.207
102.236
94.3411
117.247
59.2639
77.5364
88.9376
41.405
153.707
159.079
122.181
84.2692
32.8612
17.8704
28.8272
90.3994
134.914
86.0872
110.597
294.89
162.698
76.0571
136.847
174.264
51.079
221.121
25.5364
120.64
49.4481
8.69101
197.523
169.149
210.598
31.8852
63.0217
141.253
237.22
145.959
66.7352
99.2797
62.5613
281.326
135.53
212.919
195.853
45.2648
66.328
40.5158
28.13
92.679
44.1759
23.6643
69.2307
70.7178
41.6186
72.256
30.9457
53.4412
101.824
43.7915
109.685
50.6812
15.0558
199.382
27.3709
73.0458
167.359
83.1222
106.464
66.8528
58.0713
145.144
132.159
109.791
54.3989
88.3776
55.0981
144.258
38.9091
67.3732
189.629
185.467
75.1688
34.5877
124.824
133.947
89.273
28.3878
29.5101
12.9413
48.5721
46.3537
33.1178
100.313
97.9833
46.9846
29.7499
36.4416
28.8854
12.7294
223.794
75.7073
166.451
53.7454
70.0905
106.53
114.993
108.443
77.9273
157.563
89.2438
26.4397
100.53
58.8442
84.3807
63.7115
133.023
89.1502
22.6516
78.5554
40.493
33.0429
14.8032
25.217
185.799
87.4453
32.2964
94.9899
98.6746
25.8397
97.0919
114.36
22.7873
102.457
79.6544
85.4617
164.059
35.1759
42.4218
85.9174
119.698
91.2385
54.2344
107.062
86.9728
21.3582
159.496
49.2032
28.2862
66.8268
112.427
65.3351
102.69
59.7647
69.331
123.215
64.2032
96.7462
43.6073
155.186
69.9828
24.8271
39.0575
64.0435
231.059
82.2625
70.361
56.083
51.0668
83.9627
25.4764
109.187
37.8779
25.2597
97.2174
44.1836
46.6411
43.0643
113.876
70.9121
146.598
64.1326
71.0312
78.8542
161.282
100.726
39.5454
81.2624
67.8142
35.4085
89.6196
42.7987
100.986
27.0943
127.253
43.684
50.7647
30.8112
186.29
69.288
141.963
51.607
191.93
29.5327
64.5736
106.32
312.255
34.4546
103.145
17.6044
47.8115
71.1383
78.6685
216.869
136.601
90.3738
25.346
95.7339
23.3513
11.2294
90.2805
41.8297
64.5125
40.142
74.1574
56.2524
91.9375
94.8858
21.2564
103.706
23.4285
29.7376
40.4383
15.1545
69.4682
33.1052
110.371
25.0226
72.371
82.7326
119.632
45.5498
84.1873
37.0896
41.9623
34.8642
62.6255
52.3678
120.942
45.6254
20.7598
76.21
48.5534
58.1932
91.0588
177.203
167.972
176.776
54.512
88.2063
131.497
73.4038
37.9637
113.415
40.3472
31.4519
27.4922
210.786
21.3251
28.4567
41.5131
153.016
81.0468
89.2853
45.3013
46.9209
36.1988
98.8187
128.151
89.3408
200.97
194.003
39.4744
39.3783
249.626
65.6956
21.4471
105.745
136.909
49.9577
134.007
38.5387
45.2204
50.7835
44.2441
174.812
65.7636
86.0944
14.3825
85.7871
176.791
83.7022
75.3532
151.68
57.2874
73.7223
117.502
21.3656
80.9115
28.9569
40.4432
56.0393
54.5738
227.871
62.3811
41.1313
72.5265
48.3697
34.3938
24.3922
139.457
202.839
36.1802
153.268
98.9688
95.9393
41.2597
21.1051
55.9126
44.3528
22.7958
104.378
96.6125
24.4718
103.251
87.0945
44.9612
112.391
48.5676
68.4163
153.208
24.3051
89.7612
70.6101
64.4024
24.4907
79.1994
55.683
62.4351
102.956
42.4377
50.8103
68.4956
26.0068
143.572
23.9667
39.6498
97.2839
33.3099
38.8489
135.007
59.0741
174.624
14.896
45.2121
119.9
110.362
35.8751
104.677
73.5738
41.0659
86.0639
90.0382
35.5447
49.8933
79.7048
83.6442
86.9505
15.7653
42.2718
44.3311
18.2047
103.195
83.3636
19.1254
32.2392
81.8411
363.838
157.51
80.9929
172.974
48.1576
98.3209
60.98
60.4974
23.3161
215.793
136.829
149.625
174.285
101.456
275.136
51.3455
27.8932
213.176
82.2051
77.9487
37.4614
49.9788
135.949
81.1797
115.608
39.6661
40.3774
28.0523
47.3252
104.286
156.908
281.333
41.3984
79.5399
74.4247
94.2692
77.38
55.9866
139.7
95.1785
35.4223
85.9612
74.7568
106.11
58.2115
174.95
52.3368
131.387
38.933
131.37
28.5906
43.9324
74.0475
156.948
110.782
97.9112
59.9236
154.094
124.931
19.7247
121.26
92.4279
115.15
73.1063
85.8721
211.842
110.28
177.918
21.3534
64.4323
38.2736
45.4657
43.9951
77.3634
61.8581
16.3636
115.933
177.465
78.011
78.4826
136.578
45.3469
32.793
19.8306
92.7759
64.5729
121.459
163.064
81.2978
58.6396
33.759
168.851
64.9887
41.8666
38.9638
57.7516
93.5716
64.1592
79.1048
74.0128
53.4568
74.5439
72.0061
81.407
124.644
20.4269
86.5988
67.965
25.9065
49.8107
23.526
75.9002
67.5736
25.6472
74.2695
45.0091
41.4603
58.8781
42.1341
27.3331
103.399
154.392
71.112
20.8515
125.699
82.2774
50.5686
61.7844
95.8209
64.0823
213.767
115.499
128.403
58.4648
23.6151
15.3936
16.9889
30.7339
103.043
45.9738
78.3929
75.5587
37.9059
20.6662
109.791
213.538
122.008
30.6454
63.8626
36.4921
96.9089
113.01
56.8802
19.9738
112.682
181.123
11.7096
128.387
81.4502
152.094
25.8857
57.0925
184.927
107.279
144.458
47.5666
40.2533
197.843
174.899
109.494
48.6371
70.7598
71.8029
85.4183
50.2866
82.6111
203.806
127.666
305.073
178.298
34.9454
65.4476
82.9159
56.1104
63.4786
26.1537
199.13
111.183
43.7486
42.6311
32.8312
141.127
47.6755
18.6201
237.73
28.3418
16.9446
122.751
153.434
410.447
33.1816
82.7416
33.637
62.4703
185.799
38.6422
64.1737
121.079
25.1695
156.793
65.4919
68.9896
108.297
17.7138
64.5937
92.3884
51.5598
85.4234
77.5264
54.7026
50.7905
84.7242
65.4455
84.2607
81.7383
32.1822
191.805
67.4115
20.6087
111.721
53.6051
54.5854
92.6623
35.746
192.809
122.211
47.2495
70.3351
25.5877
52.2923
229.016
61.7299
37.7974
22.4553
111.667
109.338
77.3229
286.911
165.013
34.5933
41.2854
99.061
57.9381
49.5276
81.8562
137.908
136.462
32.3862
114.445
46.7351
34.7965
85.5784
157.28
44.6011
163.739
44.3779
56.5422
48.8215
130.786
23.7034
38.2852
105.693
45.8904
49.0675
29.9443
26.6453
63.0902
33.4293
85.6651
29.3879
96.144
70.177
123.701
67.0452
104.131
224.993
30.7724
65.9949
22.7604
66.0273
22.444
40.8759
70.6857
102.767
121.357
68.2604
44.6573
73.9784
73.7636
106.869
59.6848
58.6049
25.2009
74.986
22.8934
102.758
102.139
84.9421
34.8819
63.0134
54.9499
158.333
75.4601
64.789
144.35
81.1939
58.8207
79.5795
85.6453
49.8412
66.414
77.8272
88.2948
23.8666
76.0212
138.308
75.1719
83.3378
200.479
172.241
112.9
77.7131
33.954
92.6089
150.525
79.8707
116.711
14.5015
166.845
37.2896
93.5513
169.987
47.766
84.5298
148.088
34.2472
22.0252
41.0047
68.6515
222.511
48.3629
91.5527
66.9453
103.33
311.193
77.1765
62.9589
108.859
167.64
46.609
59.8606
74.7643
163.514
43.9446
19.5977
173.156
70.1677
29.3296
61.007
46.6102
23.7829
112.162
12.9737
68.6738
120.202
35.2812
127.545
92.9397
128.447
120.277
32.2054
55.7961
79.7784
136.356
70.2493
34.7225
29.3236
49.8876
158.654
37.2409
135.294
21.6958
54.4652
139.417
286.939
83.3213
107.036
28.5639
58.4308
60.4781
200.453
123.237
53.6027
102.397
108.428
80.5877
116.226
250.341
26.1965
47.7826
33.0081
82.4967
56.6362
120.466
106.116
69.1595
140.131
89.0564
52.6443
30.3885
16.4323
53.5061
253.324
53.6059
57.8028
44.2884
54.0844
82.2588
25.227
65.4962
59.3908
67.3766
50.9938
45.7586
25.6896
64.7149
43.6732
47.3564
59.7679
61.9934
27.1543
147.435
80.4802
75.7559
141.105
68.4894
130.404
52.7367
172.372
66.1722
152.312
57.4408
127.356
98.1727
33.5297
40.5018
52.2544
69.6977
33.322
38.268
25.3125
95.9448
79.9585
192.291
41.3166
45.9936
92.1626
68.9094
65.7029
77.3711
114.187
68.3745
126.792
99.3661
43.0561
33.1226
177.644
30.5788
37.3374
84.5227
57.1335
68.3903
55.8549
25.8775
39.1509
29.1751
54.1338
111.502
42.8511
145.84
77.1403
172.639
58.8558
133.034
46.3738
22.2346
51.3145
28.5207
51.1967
73.0338
32.1116
142.505
41.6128
195.15
125.792
73.4439
141.254
55.3034
54.916
142.065
14.7117
105.909
82.2387
14.8136
61.0377
123.724
96.3287
80.4709
13.2818
17.3284
80.9047
88.7467
45.0647
209.013
31.5133
41.4484
50.362
77.2701
94.3996
107.954
140.59
30.3226
131.916
43.7168
68.4672
123.111
139.468
24.7617
156.284
59.5379
111.523
45.8799
22.6145
44.6705
22.9726
22.6742
84.0256
96.9531
114.437
95.4123
36.5171
44.8285
88.2911
67.9209
95.126
153.062
26.6104
39.6725
123.86
67.0803
17.9411
61.2385
105.226
112.589
48.1456
28.8993
142.307
21.6441
25.6596
49.4812
76.0857
48.5752
94.5935
104.74
24.1038
130.715
81.91
33.3491
16.5088
71.9267
77.0451
89.8087
44.3789
40.0097
77.0461
57.7594
30.6917
23.534
103.114
51.4145
40.8343
45.1424
79.9992
27.8377
45.4756
97.6184
137.085
61.3351
35.2741
41.5582
72.5422
54.362
56.4963
160.74
35.2202
56.3849
55.6407
48.7022
187.99
71.8484
80.3158
110.966
106.561
133.132
68.1521
49.6464
72.17
57.4083
28.4046
32.6743
29.1213
143.802
61.7455
69.074
142.422
43.1083
30.023
132.053
50.1855
28.7947
65.9634
39.4589
31.4494
44.0438
19.7643
18.7758
151.445
19.5952
76.2324
94.8952
116.431
384.566
37.9636
73.1948
35.8019
163.356
81.0126
20.4762
50.9894
21.3506
58.6625
29.4064
64.1467
37.3516
55.244
36.5686
126.077
98.4203
18.3813
117.467
262.459
53.6447
36.2964
111.057
71.3681
51.2495
96.4201
161.398
66.4432
32.2662
37.0072
60.2305
80.0247
46.0788
177.805
111.916
26.2002
113.393
28.6615
37.2894
136.875
62.8027
54.1195
99.7114
67.3047
145.138
66.6068
76.856
81.7621
22.5431
66.2353
28.8948
100.951
171.67
252.778
19.4284
51.138
66.8917
34.956
50.3439
72.4991
65.3829
214.605
27.3502
70.8623
82.5268
105.857
38.0703
82.2649
72.674
144.798
89.3161
33.8584
104.795
150.476
36.9341
17.295
51.5887
38.2146
60.5291
94.8125
99.609
91.4032
23.4896
79.3132
60.3828
11.2195
116.596
62.2446
30.1738
42.7838
38.0374
197.162
31.3861
100.819
50.106
44.002
81.3774
48.6131
40.1509
111.589
107.506
76.9413
141.848
29.2458
152.516
78.4311
74.491
42.7153
52.1368
175.992
87.1956
47.8104
45.7036
83.3882
185.947
126.94
52.0848
95.7472
67.6249
13.8624
224.193
180.716
127.788
41.449
58.4031
89.4037
172.52
55.5322
122.825
166.808
140.715
106.918
30.9439
139.938
208.092
40.617
28.98
35.1143
70.756
268.033
18.5173
26.9517
78.6089
36.7832
96.6791
63.2161
65.9031
67.3629
32.6388
79.552
88.3766
68.3077
29.5763
54.691
30.5938
43.2104
33.7135
73.0996
48.0059
70.2517
43.8427
33.784
62.4915
93.936
54.6478
31.217
84.8399
152.471
107.562
29.0154
24.2033
51.8051
47.5325
51.2038
52.4127
64.2977
111.345
54.9232
229.034
53.4403
50.027
38.2379
117.373
98.1006
100.515
51.9337
49.8734
27.6475
23.5976
42.8923
78.0573
51.364
21.2198
59.6618
205.673
49.6797
82.9916
21.1616
56.2407
178.309
108.488
74.2378
134.189
135.395
20.6544
95.5309
101.144
115.64
20.5093
52.1045
51.7417
48.0394
113.388
99.1683
25.4372
34.8549
50.7108
78.9909
30.5263
21.9912
118.436
36.1672
117.86
34.2496
137.566
26.4826
82.215
97.3965
34.0267
184.489
23.0288
45.2827
240.277
41.2868
199.22
89.9442
50.6812
108.583
31.9427
64.3603
82.2006
99.6065
21.5109
82.0142
29.3352
33.1979
60.8948
140.405
55.0663
57.1195
71.9989
173.454
65.1677
25.0767
15.1392
36.563
171.669
21.6873
106.281
41.6497
21.7804
72.4916
110.871
40.1781
55.6984
72.6693
102.693
65.765
197.147
98.262
45.1447
143.846
262.891
107.991
107.962
132.01
110.111
123.025
32.9375
78.4546
114.985
35.2093
112.258
129.916
74.8751
38.1117
27.1817
28.5369
193.644
162.633
61.1044
139.801
47.9753
183.6
63.3457
68.5707
143.221
31.4414
51.2039
62.3255
54.9284
75.2885
89.242
55.916
90.461
46.0088
86.4362
67.5455
207.475
52.6149
126.585
45.9382
66.7202
110.244
247.79
62.1021
31.0281
44.275
252.046
18.6146
47.8297
30.7023
115.136
148.594
29.3096
43.091
26.1512
118.665
196.921
89.4787
53.8676
61.8425
108.084
37.3889
124.882
57.939
75.5006
38.5006
50.0442
289.472
20.9644
27.1216
25.5049
20.8328
40.3244
60.9249
155.306
25.3816
134.033
146.576
51.6534
15.7937
156.607
59.8613
55.8173
66.7447
166.96
84.4359
16.2473
96.8749
61.0399
41.1966
48.2008
36.6134
60.6814
274.08
43.9371
32.2922
197.985
42.7915
112.228
21.7084
100.197
57.9579
89.7499
36.492
27.4696
74.2461
60.1172
118.706
78.98
130.834
55.253
21.3105
52.7399
27.7556
31.3565
81.2292
27.3413
40.1947
31.8675
236.122
138.532
31.3128
93.9613
105.504
20.5283
58.7276
50.6251
38.4138
74.6761
174.414
80.5779
149.66
59.4409
58.2839
26.53
114.344
79.2057
81.2228
50.7437
21.6907
51.6708
52.7414
29.2517
41.8407
171.111
135.464
63.2816
48.7751
137.124
35.4889
30.0872
38.9732
55.7747
66.3746
111.857
62.4217
104.119
624.2
14.8736
62.6503
121.988
34.4959
67.0637
106.588
40.8563
39.8742
383.371
169.586
189.483
72.7583
59.1963
73.4219
23.7447
28.2599
90.2379
87.2177
73.2677
43.9408
29.0067
23.0126
27.425
17.2515
56.1003
28.5258
124.587
65.0527
222.814
88.9866
17.9792
189.392
68.0135
64.1507
22.2249
65.5852
23.0503
67.1257
77.4547
102.766
131.34
52.7122
59.7605
102.274
61.8293
33.2767
177.626
26.5033
56.057
63.0163
31.7049
54.3681
59.5626
29.2236
138.43
33.2748
35.8896
106.866
228.929
51.9073
68.3904
69.8279
138.165
155.124
88.9828
185.051
184.201
77.5352
55.1178
83.0614
100.319
41.752
39.78
49.8959
27.2031
446.807
38.0368
24.7973
55.9656
24.7959
60.6865
32.4793
304.093
51.7089
104.289
181.789
123.931
59.3625
121.336
90.7139
100.228
123.146
87.7669
177.958
52.262
107.734
33.8305
84.0566
117.715
20.5048
63.0055
12.5214
103.27
78.7804
47.3934
132.169
42.9112
55.4615
54.788
47.1832
44.3405
112.809
92.1433
137.128
69.9124
62.7004
26.9371
51.0981
28.5462
52.5285
29.5273
168.745
74.1791
24.2143
55.2237
49.1267
64.9563
133.408
25.4573
30.7291
41.5004
240.988
45.6918
293.056
147.588
17.4386
22.3121
142.982
164.008
35.8375
72.6588
86.2796
16.0775
64.0379
35.7477
170.9
158.374
32.1475
118.531
81.3781
101.809
49.3598
15.5229
92.6939
26.3
49.6402
119.584
36.9053
85.0164
108.949
32.3505
119.127
61.0165
135.091
342.015
32.9248
100.313
58.6452
118.542
76.5539
257.195
56.1029
49.6341
132.937
125.531
21.0303
140.222
107.766
89.5505
64.5232
94.377
79.527
46.1814
64.9134
30.1
131.617
131.037
83.9382
44.3628
62.2133
23.602
204.732
41.914
43.3005
134.904
40.4584
75.4185
40.1062
39.4373
36.0143
63.5305
36.7095
54.3893
38.3107
33.3457
121.626
78.5686
190.22
121.475
70.4459
35.0609
53.1191
113.353
41.2014
339.477
120.158
27.7161
44.4083
68.223
27.4963
62.049
76.3175
110.189
45.7819
81.8869
129.317
52.457
56.7116
59.9019
25.2972
88.8745
54.1137
83.637
24.3916
90.031
58.4199
100.786
122.358
194.333
72.8633
17.2108
174.505
19.3049
311.625
87.0289
112.418
65.8952
96.1473
64.9026
45.3142
158.259
246.294
38.1799
67.4489
161.857
50.3175
55.0572
243.273
83.6766
167.225
34.3873
60.3895
63.8923
90.7974
82.9694
93.4862
39.0668
29.2765
97.2279
46.0107
30.2692
63.3551
36.2484
98.5811
108.077
59.0932
121.431
90.5564
52.4601
41.6915
41.4667
159.962
37.3026
80.9977
133.64
57.118
47.0013
32.6404
17.2237
128.617
83.507
86.9918
97.9615
42.1106
31.0208
100.48
41.2814
51.5129
124.26
15.3384
70.5498
31.9538
81.5515
45.3146
87.2368
139.982
337.516
182.873
13.1339
22.5734
117.619
61.5507
14.1689
126.745
68.3553
65.7126
66.2189
51.7631
13.5212
64.455
182.396
192.426
72.7274
52.0132
124.191
30.4224
128.616
74.8077
68.1991
47.696
226.704
33.6702
99.6455
106.184
15.0798
50.1739
35.7024
37.4835
29.2437
18.0633
82.4906
29.5569
133.376
277.935
79.8287
152.175
275.753
48.3587
156.509
86.7679
174.627
41.9868
50.0456
78.7806
34.3871
8.38665
110.963
64.9308
32.6573
87.1628
50.6307
27.662
24.9371
70.1104
53.5369
63.1665
121.397
75.4126
32.2988
37.2009
65.8704
58.7857
27.5516
107.851
64.9585
47.3497
350.259
151.913
23.1552
36.4648
37.1197
61.0501
68.7495
70.8223
20.5521
28.7279
26.9376
43.2171
46.4645
29.8872
18.069
28.8481
50.2431
78.2464
99.7569
151.168
166.959
93.1906
48.0188
158.089
166.691
72.009
57.1155
76.0227
21.6493
176.702
51.074
51.9167
57.8312
93.8693
85.9454
27.5025
66.2649
47.979
116.002
58.1874
52.0523
163.103
22.1424
25.7574
152.071
79.9701
127.891
54.4247
26.7053
76.819
105.903
88.0172
73.4182
23.6546
23.5906
100.622
29.1053
24.5835
31.8769
39.1139
204.14
16.0115
82.6287
154.328
115.422
35.5711
135.533
25.3542
44.2354
87.1398
144.514
47.6985
43.9558
250.653
18.5456
83.7699
83.8651
70.7076
79.68
70.8009
107.191
191.115
30.8307
57.4073
25.8889
83.2238
20.7004
48.2107
69.2753
47.9842
60.4255
119.693
29.944
42.6662
133.045
44.3763
27.4159
49.6785
99.444
151.525
82.716
58.6159
69.8919
82.4235
139.923
64.0439
61.6507
83.8865
91.1495
46.8712
116.556
81.6516
142.642
30.2197
46.2035
48.2667
63.6083
15.6124
112.633
348.959
130.978
191.621
43.0111
55.2707
68.9073
67.339
79.0457
41.3581
205.695
54.3851
43.5735
179.436
91.3597
44.1227
40.7634
71.215
191.358
58.505
146.319
70.2566
35.5352
119.606
195.559
61.0974
32.2371
40.5559
37.2762
62.2002
76.4015
136.319
319.883
358.193
254.974
44.5664
180.388
66.9582
98.6055
110.401
247.552
27.6441
64.6635
106.496
156.563
65.3461
85.5656
46.4863
24.7989
39.9181
71.6551
87.2145
59.373
56.952
97.7656
144.365
16.3885
104.079
142.039
99.6605
141.128
173.873
53.082
58.7008
95.4252
206.581
96.7484
31.6684
93.2141
41.8068
116.566
76.9829
131.589
113.784
98.6085
23.7274
143.461
114.258
50.8676
218.721
80.9116
55.021
45.4992
28.6957
64.6555
84.0258
59.5635
91.0693
52.2655
48.4685
130.159
73.7014
55.5332
32.3509
84.946
36.5038
152.084
32.3562
99.0589
177.438
112.967
52.0099
55.4356
28.6233
42.1175
156.779
46.1398
56.5955
233.539
96.0633
45.2558
149.35
72.5537
58.4378
68.5644
112.092
183.809
29.6556
58.0002
28.3878
44.6096
19.5678
226.184
41.6302
50.1296
179.981
46.4415
31.4721
132.009
49.2141
153.268
86.9776
80.9239
100.882
105.785
65.95
38.6696
129.899
34.1077
35.4445
129.162
104.067
163.145
27.095
121.129
102.918
40.9562
47.5169
40.7451
23.1327
19.0155
90.0497
37.983
94.8157
89.7656
21.4326
33.1228
56.4799
23.3458
162.27
225.534
99.6889
56.8596
191.222
43.0823
152.776
94.455
121.087
42.538
81.4318
68.7034
85.5975
51.2953
38.9821
83.1996
82.6477
39.7808
53.1139
226.358
54.7081
144.616
38.802
115.882
257.595
16.2886
255.809
73.7482
42.6373
31.4257
18.2953
46.9024
77.3479
68.5805
28.2429
60.7221
29.0002
90.8763
41.378
110.616
37.9827
189.832
37.3963
55.9429
36.8041
119.472
80.0835
89.8002
26.7551
47.5856
47.9587
41.3586
29.6009
232.855
28.2247
294.427
91.4861
65.8197
112.934
123.777
81.447
38.3667
87.7705
32.5699
63.0352
133.196
183.336
100.743
64.9165
142.272
187.471
165.182
152.961
37.2282
60.6744
67.4881
132.575
17.5302
67.7367
84.3136
95.5255
165.915
62.8877
64.0119
107.169
35.9876
31.4808
40.2439
17.1306
48.5482
141.09
196.375
91.6596
111.434
74.6103
39.9989
76.5497
125.867
29.2587
73.1875
98.6723
78.9527
136.239
60.9011
120.32
128.457
43.3573
66.64
40.5667
170.816
81.7612
148.717
37.0179
53.1352
18.115
33.7549
69.7122
116.68
28.798
162.165
77.4308
57.26
75.0379
19.4084
56.7263
61.8935
26.3854
118.1
118.244
57.3274
113.167
217.679
67.7733
295.899
81.0472
80.8963
208.901
43.3835
122.223
56.212
87.592
170.57
198.35
60.1752
189.733
251.942
256.91
121.494
221.119
44.9439
71.5401
54.163
239.054
83.3388
52.4041
29.8406
37.0094
47.1858
74.2456
83.2602
174.511
110.6
36.4646
70.2114
41.0497
340.982
79.0632
59.1175
51.8362
18.3986
58.4428
41.9599
185.593
43.9801
72.17
55.6852
88.3809
128.788
237.763
37.5502
274.627
61.0476
66.0587
59.1902
43.3291
68.2896
219.629
145.062
37.6263
209.718
21.8342
46.1352
41.2378
154.077
65.588
243.158
26.1597
57.8283
78.648
57.2235
20.4486
32.0834
37.7998
32.1107
87.0253
42.7561
99.1771
23.0914
77.4964
39.847
33.3626
30.9181
29.9014
276.425
74.1762
57.9365
67.0953
85.4166
18.5938
96.8874
61.018
56.1326
160.414
63.9489
118.697
28.5597
20.3405
34.5261
113.44
26.8594
57.3861
39.3187
20.2306
25.6538
47.0159
79.9551
136.269
113.226
47.5672
38.875
101.332
117.105
57.0691
84.9491
269.437
78.7817
49.7994
30.1133
49.1347
22.7123
51.4159
65.5488
40.4219
128.368
71.6828
55.7723
37.5196
133.869
47.2874
149.018
48.4811
169.705
22.2795
45.553
73.8093
77.2435
27.973
101.77
53.3467
65.2495
42.5729
162.543
89.4854
93.2392
32.6536
219.938
92.7406
72.6459
116.295
216.672
28.8378
89.1396
32.6266
87.7247
15.9569
37.8201
53.644
117.057
37.078
44.0331
72.4654
247.733
149.383
163.461
37.0053
107.258
105.576
100.415
36.0026
56.2097
26.1627
25.0031
60.1772
36.1207
63.9432
80.0485
143.858
27.7878
81.4703
55.3587
206.777
91.6821
81.4419
63.6001
69.6656
44.7333
27.0519
64.9943
39.5606
124.046
61.6207
59.1979
31.1589
169.403
18.5595
59.8251
92.3353
120.306
74.2825
29.6413
185.398
26.8309
143.914
133.186
53.5761
59.5317
58.1011
62.5277
93.3581
35.9626
49.7187
16.1322
107.793
47.8337
151.86
86.6743
190.878
30.3547
29.1083
75.7172
69.6935
74.9489
73.3103
126.721
56.5897
81.6406
70.2365
235.918
298.034
50.0845
54.5379
43.2356
82.6579
76.3585
106.965
18.3617
104.359
56.6498
94.1879
36.1514
43.6702
56.4397
25.8207
108.768
94.0839
159.671
153.669
21.7433
48.3668
27.3789
75.8004
46.1161
30.6115
129.137
48.3053
70.566
43.8206
34.6425
182.324
97.9689
124.467
62.4091
41.2665
221.616
22.7229
96.9769
139.349
31.4621
58.2537
25.5751
64.6034
91.5902
200.645
38.119
106.945
191.23
59.3078
53.6511
64.4859
19.9099
51.6538
24.4975
61.7235
35.4854
96.0849
39.4831
98.2072
37.9431
28.7128
97.9658
61.7026
32.0147
56.3258
156.434
82.0498
56.0494
186.855
33.1276
53.9443
25.5232
48.7432
223.14
46.9815
258.684
52.4738
16.326
47.8626
34.1493
24.6722
66.2629
26.5347
272.297
74.868
37.5693
149.93
146.12
65.5489
37.9488
112.014
62.0924
27.6804
25.9553
13.3897
120.663
20.4192
85.8771
65.8318
11.2705
29.9755
60.9174
114.178
60.9132
41.947
89.757
73.1483
44.3063
43.038
61.3592
72.232
47.0895
88.5624
61.0894
49.4819
24.2962
76.951
148.683
62.5855
44.931
143.653
17.9416
56.0128
48.8223
10.6947
55.4029
309.452
54.0088
39.6828
35.4805
212.162
95.7036
39.9067
92.3023
35.8865
61.4109
48.7566
140.364
57.2675
62.2655
46.7403
69.7759
76.7011
144.737
101.655
124.598
88.311
75.3861
20.0017
96.8172
73.5288
76.1011
101.063
19.1326
30.0353
35.8949
177.558
72.0794
98.5704
124.905
114.635
37.4755
33.0811
162.273
100.062
164.019
21.3369
40.0605
119.714
32.115
30.0492
56.2341
40.3744
29.344
46.7045
47.7557
73.7591
33.2827
166.678
63.5658
37.3076
50.3074
24.4
70.4725
55.22
42.9698
166.813
40.116
66.8694
107.043
29.4508
126.636
43.0209
63.5987
61.3309
111.886
37.4676
28.3105
210.71
98.4469
135.769
39.7756
39.6663
112.324
69.8449
64.8465
166.167
92.6101
76.2138
54.8024
18.9637
177.146
96.4324
152.246
53.4232
74.0817
48.5603
30.2763
79.1833
325.641
71.4527
55.9563
86.9889
142.528
108.665
33.5458
85.4847
88.2795
55.6651
42.7933
38.5423
44.5397
50.9412
56.6363
115.458
19.0526
33.4413
131.739
96.9093
139.347
53.3604
43.4632
97.0114
135.277
96.8086
84.8504
69.0437
141.047
92.1981
25.4631
247.399
93.7044
103.554
30.1653
94.0825
151.241
53.2755
54.5833
43.6923
43.3725
20.2113
62.4333
77.9402
99.1565
121.683
106.863
81.4293
23.7376
68.2829
64.962
35.4653
109.24
125.352
48.2897
75.2825
81.3009
114.683
210.938
59.7845
73.3798
123.459
116.934
80.6383
177.5
59.3447
46.8581
100.662
185.188
59.9728
91.2601
236.115
17.1906
114.04
124.842
58.0836
36.2032
106.071
58.3938
81.6521
127.75
78.9483
54.1112
68.5154
55.3184
107.464
35.1222
155.164
15.3282
43.4046
96.0755
83.8964
44.7219
77.0774
44.9104
69.3519
80.0066
98.0392
93.9727
30.1849
34.0124
40.735
105.011
22.2266
42.1542
27.6064
45.0632
40.367
62.515
108.903
104.783
87.3054
32.3989
84.4453
54.8619
50.3214
53.8329
70.1196
91.4347
32.0267
28.6785
59.278
101.856
70.0847
73.8324
97.447
45.5179
65.9674
180.119
35.7396
58.3366
68.0438
118.555
79.7775
33.6337
40.7219
39.9126
188.597
156.981
221.905
76.4247
58.767
121.831
49.287
124.979
49.4109
28.4709
92.0223
82.7072
89.4124
57.7593
191.522
104.036
39.9644
106.126
95.0863
73.0446
38.006
22.2976
75.2912
81.8313
105.731
30.2781
73.5146
398.096
155.982
37.3576
27.6628
101.119
21.7083
140.267
127.233
53.2431
62.701
147.814
71.8569
53.1694
174.666
55.0486
63.26
41.0531
102.762
69.6975
81.5202
118.081
73.415
74.4024
22.8223
61.69
55.3148
25.6225
40.3132
85.6203
59.0162
67.2465
104.344
96.4675
164.317
61.0452
58.8332
154.901
76.8752
36.4927
110.154
43.6843
40.165
44.4071
152.621
135.453
74.2797
58.1893
75.5445
145.726
56.8372
43.4176
19.5078
122.156
23.0971
26.5564
172.277
184.453
146.387
19.0331
107.266
65.4926
178.184
151.513
47.0974
21.2094
85.8434
18.7294
86.9939
39.4558
29.5602
87.5232
66.5004
99.2826
43.0572
66.2159
175.212
122.308
43.5423
78.819
281.944
100.177
148.564
137.349
156.167
44.7963
97.7787
68.9402
112.355
159.691
230.251
38.1506
225.061
73.6372
104.494
36.2075
47.8679
103.045
36.0104
62.4355
107.605
109.236
134.249
144.536
27.6479
213.988
307.914
55.5182
33.8993
118.997
150.451
24.1607
81.3407
109.308
40.3408
149.275
97.7927
145.665
67.1449
85.7735
77.8619
115.831
45.8702
39.2594
109.697
61.0936
71.3685
203.76
84.8651
127.07
40.1691
88.3252
340.2
57.199
113.8
171.814
15.491
52.9261
13.4254
16.6649
42.6109
44.351
106.209
141.268
62.2032
92.9789
41.6063
18.9398
24.9023
44.5588
72.1921
44.2515
55.0925
43.1795
55.9054
219.061
63.1346
143.943
46.4145
106.056
80.0407
94.951
85.4895
44.2476
94.1987
95.9683
82.8918
61.3342
217.608
80.6114
49.804
87.5344
121.272
109.492
47.6774
119.071
40.4374
33.1909
209.21
71.1792
101.346
132.603
242.085
37.4729
153.368
84.0287
454.476
200.246
35.8769
169.226
42.5211
65.0594
68.8937
191.45
99.5233
41.2171
130.503
56.8209
58.7675
66.7068
154.744
35.9861
98.597
82.0532
107.98
91.7029
48.0302
58.0317
74.5888
71.1298
190.777
77.9097
52.8533
147.029
44.138
33.1799
25.1274
44.9296
39.6246
159.885
96.3195
145.618
26.7479
69.3355
269.851
254.393
78.901
106.931
64.3946
54.2014
59.4818
107.72
52.6019
65.6212
32.5092
39.4697
110.913
32.9157
216.707
25.4521
48.7888
177.973
65.4087
45.1619
63.4468
51.3229
132.728
30.9168
18.3929
224.186
55.562
64.7938
138.232
34.9766
36.8817
109.145
84.7006
37.9317
82.9191
97.9689
119.661
32.8402
201.908
53.5892
20.4596
350.573
28.1461
65.6649
21.9931
43.0337
206.915
96.8541
29.057
29.8942
30.5651
154.772
123.835
71.7909
162.754
98.6211
72.5503
63.5222
77.4606
41.7289
166.269
53.9651
110.177
188.077
36.9751
53.6471
60.2146
46.1086
55.1328
45.2644
124.085
96.7264
306.112
201.711
41.0189
131.362
34.437
30.5898
15.7691
51.4624
55.1528
181.27
73.8429
50.2538
44.1549
76.7582
75.7728
25.8472
48.3382
38.746
28.1833
128.97
97.428
16.0333
111.602
119.196
79.854
40.6273
53.3326
214.284
50.6054
60.1807
100.409
95.0123
32.2002
43.6182
104.978
19.7717
25.8806
90.1276
118.482
142.176
79.9244
47.8284
24.6846
104.831
81.0279
162.229
74.3573
100.174
400.896
73.6031
58.6589
210.897
66.5127
127.092
192.473
102.242
78.2615
58.9146
101.419
135.711
72.8689
61.7456
32.5557
49.7327
178.451
194.122
49.875
120.049
129.617
96.5512
135.303
67.4442
92.7067
45.1141
92.3678
26.8242
52.7519
73.0735
114.965
48.1745
69.4114
32.5546
93.0724
65.4857
44.2215
32.8704
55.1364
107.547
62.1496
45.4632
157.378
90.3105
45.8762
70.2401
53.2835
127.5
76.9786
60.4568
122.608
57.2657
28.5237
44.0069
271.386
49.3636
120.596
27.3734
87.4939
30.9443
28.5382
152.414
94.8995
55.0052
128.455
70.4089
14.996
35.6695
28.239
14.7101
32.399
175.298
50.2442
290.624
73.9659
33.7716
46.0484
80.2726
23.9176
111.06
63.0798
87.4091
166.496
36.3234
11.5534
45.1366
83.2015
47.0805
71.4041
109.153
226.279
28.2415
28.3307
191.895
76.0507
79.1037
30.5997
21.8268
102.789
48.0598
77.8956
43.69
132.348
89.73
31.7013
108.759
68.1411
57.5768
23.1898
65.801
104.426
144.514
21.5857
15.9352
156.117
166.236
124.651
46.7303
48.8174
105.916
149.375
82.8834
39.083
158.353
35.4614
67.8091
71.5834
64.1293
107.282
118.019
26.0476
56.12
94.9113
50.7368
170.85
142.669
31.9792
101.529
54.4112
78.755
53.2047
24.0634
84.0368
170.995
67.7056
54.661
28.9169
102.5
60.5289
69.0423
123.877
75.6241
79.8147
18.4302
46.3303
50.7339
74.0209
13.2131
77.3616
114.811
73.1632
43.4336
64.5631
46.5682
68.3538
184.629
16.6662
48.9564
60.3889
181.297
112.1
21.8178
111.318
86.5911
54.3889
247.343
54.0937
35.73
45.8266
208.887
55.9516
219.158
63.1223
36.4584
132.438
64.8413
35.592
88.3691
172.189
28.6301
37.9803
98.5139
108.483
33.9463
171.32
101.986
23.6168
115.509
68.5837
88.8735
118.007
116.162
46.2445
74.7513
138.325
36.4651
61.2332
26.156
73.6139
59.3881
43.4992
44.2266
29.4337
71.8357
105.726
54.1869
38.3383
131.018
57.3835
106.966
33.8329
126.277
114.046
85.6961
142.982
50.6071
38.051
64.7508
34.6956
38.3745
51.787
35.3667
96.1688
103.136
27.4462
191.122
55.1377
20.0115
93.5127
18.8694
41.0141
84.6992
240.765
55.7371
42.6573
26.9225
54.3398
35.9754
91.2786
70.5031
37.0635
37.2173
92.7813
34.0382
253.459
28.7104
67.8501
40.6484
47.2711
42.9412
33.4309
29.8184
74.4215
90.2741
35.9202
38.1176
61.3762
53.8195
59.6101
64.4409
49.0875
24.045
50.605
75.2174
97.8374
68.5947
88.2916
76.5811
72.9353
54.7736
136.289
76.1648
63.516
46.1328
93.3153
43.9788
28.5696
75.5282
179.699
52.9646
45.1327
45.0075
67.5033
87.9669
127.886
101.432
53.5141
169.084
94.0895
35.702
111.318
12.756
35.0443
90.7526
200.819
82.4907
125.747
35.2309
57.7976
69.1133
154.182
213.839
15.8997
65.6389
90.0903
110.618
111.378
32.9976
117.688
48.8869
44.4591
86.8983
66.7092
18.1615
32.0655
63.9207
32.2052
62.2921
30.0889
242.589
119.72
101.386
48.5503
34.9849
20.2011
135.469
92.7735
92.3247
28.3179
156.164
37.7592
65.7482
27.2587
109.998
92.8907
76.0074
45.4252
59.0685
108.602
141.163
58.2688
46.6505
45.2927
25.4957
155.876
49.9418
56.4061
503.597
205.075
22.0992
58.5106
51.26
50.6739
53.8136
92.4327
77.5935
239.7
277.678
59.363
87.8403
56.7624
48.1277
79.3058
213.308
35.0243
94.0806
134.741
131.207
97.5055
79.0826
84.8521
45.1283
65.3921
54.8667
33.406
134.201
97.5572
31.5347
55.9734
149.225
78.9433
130.824
46.111
37.3165
83.7947
126.152
27.6624
58.115
217.514
113.38
28.881
60.4592
26.8685
142.97
61.4276
135.791
204.107
51.6875
34.9322
51.5129
99.2502
71.0258
40.6254
82.5206
107.023
102.512
53.7531
49.4473
88.0665
51.3717
31.2052
148.141
118.24
93.9333
76.0501
154.045
85.3286
111.309
40.1951
88.6632
37.7421
44.0674
33.4348
110.73
30.3631
74.4764
105.268
69.4592
70.0443
64.1156
56.3018
31.5395
44.0834
66.573
21.0577
16.4399
46.0287
188.121
149.697
436.839
158.383
65.7437
113.861
41.8125
38.5505
125.784
53.4059
104.264
11.5539
117.913
92.2068
79.7197
56.1677
60.1559
94.7002
62.2924
62.844
54.3818
186.957
52.1575
30.8642
66.3351
43.9507
82.1806
385.461
24.9816
45.5709
83.2504
30.5431
103.624
30.0763
43.5934
154.705
39.5045
141.532
40.897
61.6505
37.1704
61.5273
67.3285
305.045
64.9018
119.656
79.19
58.4532
37.6045
27.5443
195.341
102.307
70.3194
46.7187
26.7103
163.654
74.097
184.944
68.6887
97.3008
88.2237
48.4544
78.0443
52.0298
99.0715
70.1723
38.9337
166.287
240.717
54.9644
61.3871
36.9879
48.4181
143.357
45.2228
43.4319
167.629
66.9213
38.4316
40.9081
53.1614
16.1517
114.086
20.476
63.2674
190.167
57.0659
33.2838
145.282
176.414
68.9774
58.7726
32.4724
26.9882
46.8291
20.471
47.9189
35.2266
23.3051
54.7752
167.277
56.8346
192.944
53.8354
89.6098
32.8731
206.053
18.4146
99.9942
31.1416
134.198
76.4227
131.643
42.7589
25.1299
162.411
124.985
118.303
89.5934
26.6776
35.7217
20.1225
59.0562
23.5388
102.487
87.9451
85.9774
12.0742
18.6155
64.4117
84.2564
150.354
194.461
31.9104
77.9412
110.237
191.009
22.2463
69.443
103.893
125.247
67.1605
51.273
57.6341
60.3115
86.5368
39.4614
104.382
33.2965
129.729
89.6557
43.3495
230.898
67.2989
53.6782
87.2315
84.7939
64.6365
96.7764
33.7835
320.678
155.409
46.2417
124.625
70.5809
65.9514
28.0289
59.1138
100.81
85.3688
88.4623
45.0928
27.4449
27.3991
99.8565
45.1828
11.5294
47.5169
69.4661
60.4579
229.251
196.662
80.6234
89.2217
48.6196
99.5586
144.86
238.318
108.204
169.601
35.1582
33.9011
32.6473
71.5973
155.426
37.9201
92.7653
75.1845
331.489
137.415
119.751
101.081
45.9313
21.7128
54.3632
151.701
52.158
32.8469
86.2237
132.802
83.8313
98.7099
17.5284
99.3218
167.512
310.891
91.027
25.1803
73.5003
74.4163
106.904
72.5841
58.9182
59.8821
69.3544
61.7654
48.0401
43.7482
33.197
56.1785
24.5121
38.8639
50.4769
89.1558
40.2851
68.7345
56.1116
85.8753
60.6544
116.664
115.198
42.1252
86.9652
90.0433
136.743
19.9157
95.291
60.3722
67.9957
32.246
76.7991
50.521
99.2501
100.233
164.489
73.3098
48.6843
154.887
74.9893
43.48
104.783
23.3067
67.7029
96.5521
79.2856
163.384
33.6256
111.222
64.6315
21.3594
86.104
53.5573
101.809
58.5507
96.253
52.2387
40.2672
46.3748
57.2303
116.527
52.4195
229.344
94.3461
20.9378
82.5146
44.013
22.0914
192.135
27.9659
51.2367
38.4545
31.4876
63.7785
168.955
114.711
144.061
69.379
106.921
248.519
222.762
257.686
77.3643
179.48
179.306
28.4629
309.074
184.846
87.2342
48.6535
36.5439
47.665
75.39
51.3423
76.2891
26.5343
52.8871
57.5172
88.1866
99.3411
133.069
79.4218
22.7552
53.9158
149.07
125.825
45.627
49.8334
77.7955
101.306
191.774
50.384
65.3314
67.8431
57.6833
151.146
65.2331
227.151
99.485
85.7484
48.2948
264.43
103.685
45.8972
146.526
112.251
107.57
55.0332
252.76
52.3217
24.2494
40.512
91.1657
40.7014
73.4589
183.914
31.866
185.849
122.563
21.8953
64.8544
25.9698
75.0207
207.485
20.0803
158.949
91.9498
13.3222
53.3753
30.154
61.3271
12.9087
74.9318
152.143
81.1417
175.304
81.2911
42.3769
58.1357
140.226
36.5751
19.4136
157.046
18.0027
99.1069
88.0686
99.8819
248.008
39.5096
80.9927
193.77
45.4854
141.335
17.6622
243.817
16.7588
151.116
114.699
32.6512
25.8877
22.7752
69.9978
103.174
164.177
82.887
40.104
85.9235
77.8672
26.2266
108.202
162.882
223.723
61.4213
129.929
41.4707
181.44
62.508
91.4609
25.7518
115.508
137.065
42.0501
35.8963
58.7366
140.669
253.306
132.031
72.9357
46.7675
145.805
48.6923
115.292
60.9344
35.7961
36.5755
33.8509
57.8552
47.0939
178
30.1597
51.3713
24.7198
58.0138
37.4659
90.0058
42.2833
75.5564
61.3467
55.074
157.218
67.1335
74.3714
32.0403
62.3861
13.1518
227.169
204.152
77.5454
58.7203
37.1261
116.542
34.8325
166.88
67.945
64.5647
79.1013
127.196
82.7935
53.2739
74.513
148.669
192.96
90.0745
143.898
47.0384
66.8992
103.345
38.4736
50.8947
48.934
242.96
73.1311
36.9993
22.2964
37.0404
45.8789
129.664
20.3756
53.6105
66.6569
67.5542
125.845
43.906
109.907
99.0944
162.888
161.886
37.5706
19.2619
193.642
122.64
38.814
47.9212
165.691
56.5023
119.101
76.708
22.3663
65.5988
24.2613
38.0796
142.807
34.7167
115.808
22.2969
81.8521
65.6498
136.958
68.7834
77.7028
118.397
126.077
98.6734
22.0156
101.383
49.7599
58.1003
56.0637
93.8754
36.8616
64.811
20.1839
45.7683
68.9656
232.025
48.9835
21.8473
92.8894
27.6065
80.5943
56.3454
97.5357
57.8149
162.21
19.4075
98.3339
30.6952
84.4564
34.125
39.8704
81.0663
25.5486
73.1781
153.178
29.1354
30.5373
32.1225
23.183
74.1807
66.5503
21.152
80.1238
53.8268
143.277
26.1279
98.4067
130.905
66.4743
104.9
20.9242
156.299
103.14
46.436
35.4537
53.9372
33.26
18.5708
51.731
29.8728
159.694
392.11
52.2106
81.9653
49.8751
32.841
91.0821
242.052
47.9756
59.031
37.1154
83.7342
81.5617
76.1097
43.4003
127.984
158.767
26.1129
37.6799
61.1766
53.7276
30.3383
66.858
216.935
67.0922
93.4523
71.684
111.399
80.441
44.1427
28.906
109.44
157.002
79.1432
175.088
105.297
42.1007
32.8463
42.9174
93.8085
30.7628
169.348
98.719
298.786
46.2495
41.5621
182.147
44.5209
88.293
203.646
47.6339
96.0458
76.336
149.878
143.091
103.532
54.2794
54.8146
42.6399
38.2887
108.984
29.4485
44.473
74.0488
90.1899
132.29
83.4854
204.223
124.396
148.014
41.8992
32.1974
142.532
38.3296
109.953
143.774
112.647
66.6594
33.1676
166.275
50.8057
20.0508
87.3265
39.4822
49.7977
193.548
84.8719
99.3664
37.6808
221.958
75.4966
52.9155
114.548
18.358
33.2194
182.754
40.6776
70.7997
35.5166
39.3267
73.0831
73.6096
54.5786
24.5909
22.5653
50.9603
18.2897
178.518
14.8754
48.914
374.541
33.3758
63.6784
86.2857
63.0996
143.058
185.495
71.5645
17.0256
46.387
31.4069
49.13
84.7903
54.359
69.3996
189.727
50.8061
77.1148
124.604
27.4272
32.9821
64.3408
135.958
80.1267
26.5359
38.8631
100.608
156.419
70.8709
33.8826
184.986
14.5291
158.086
58.419
66.9347
26.644
85.9544
32.1591
39.0539
34.8126
39.6755
110.664
97.4929
162.772
48.4605
50.7619
126.234
53.7701
145.189
53.5332
221.531
84.2453
59.1693
45.326
47.3711
69.6877
106.863
54.6065
66.6747
34.9889
30.5001
229.118
26.3643
32.7563
26.7636
56.3256
42.5255
47.9906
208.61
46.1439
174.886
56.1232
40.5223
102.603
23.3388
38.4353
58.0386
37.8433
157.37
143.797
187.043
43.8368
78.7303
24.3029
216.417
161.763
31.1453
42.5415
32.32
18.3737
217.707
92.7182
56.8963
100.394
30.8167
15.6901
93.0235
68.015
108.643
44.3557
56.9708
67.0968
233.813
29.3775
165.628
89.3196
44.1272
196.264
72.5284
80.7961
64.2009
44.4975
56.4404
15.7387
80.5789
28.8852
81.1541
227.732
75.9297
80.651
50.0491
157.061
27.0975
53.8352
146.795
25.2248
58.8133
30.4146
157.934
64.7905
327.352
19.1126
27.3802
189.289
83.7265
170.204
27.5376
44.2768
73.3197
69.549
176.956
46.4303
39.1596
40.5149
212.566
41.591
57.9517
196.347
157.926
75.7624
102.277
194.08
173.103
45.2131
115.832
215.103
77.0964
61.7388
62.8105
247.174
41.3862
104.676
65.9967
22.2042
23.8183
54.9958
32.1755
75.5887
33.7285
280.322
53.0793
24.5325
236.856
32.7233
49.648
38.6153
238.358
82.4042
32.0168
120.614
61.488
64.0902
419.342
30.9428
62.9513
82.9957
79.9968
26.7837
34.9976
27.5291
27.2624
93.7115
60.3656
70.9156
24.3634
149.614
46.9675
108.011
115.947
59.4735
74.4364
79.7685
104.47
28.6437
161.094
99.7518
142.505
80.2497
33.6708
97.1419
45.857
10.7064
42.4159
35.0487
95.8436
151.102
119.033
24.1165
20.6642
69.7212
130.84
78.0518
57.712
83.4454
43.9912
130.607
80.1066
117.381
117.525
37.1755
57.6715
61.8963
32.1678
79.1548
121.238
207.22
181.196
144.2
147.296
41.8696
64.7934
263.817
40.308
55.2096
56.3427
189.371
170.028
198.046
67.6352
101.998
71.1347
28.2373
56.8113
21.896
69.0832
32.2697
16.0861
111.177
82.7765
44.3981
333.343
79.8606
53.3066
80.6292
107.259
65.8305
155.701
62.4166
264.269
27.1655
44.2158
108.681
86.4216
50.2479
77.3238
54.1656
80.0416
65.4549
44.9905
33.3366
50.8167
79.5742
29.6418
83.7446
55.6194
99.8553
163.408
47.3569
46.9307
40.456
27.1506
80.7128
23.4694
38.8571
86.7375
116.94
192.404
108.808
36.1483
84.9872
82.9283
65.5064
56.2928
81.6999
89.6008
92.6437
159.632
100.504
80.0051
84.9346
68.474
59.6932
136.975
41.084
227.695
66.9093
94.4324
19.5108
59.2059
46.9574
162.034
43.5281
108.987
30.4579
41.2788
48.0464
53.1389
91.4451
67.3867
50.3705
32.6842
26.5017
75.1748
55.2826
66.8411
24.0056
62.2622
31.6855
71.1696
15.7526
33.7288
329.039
35.4661
168.123
41.7587
78.6292
121.369
133.05
76.1967
195.115
95.9328
74.0963
66.4866
44.0001
66.2146
123.013
15.983
10.5176
182.206
219.114
51.3982
71.7617
108.481
77.5312
50.2124
85.2059
164.919
110.166
79.0938
63.6073
38.9647
29.3947
28.9259
59.4939
68.4436
48.448
34.075
25.0606
18.2283
198.289
46.0752
93.0212
97.774
130.41
71.557
129.077
19.9117
39.0888
35.913
280.272
42.8732
197.522
96.7079
33.3875
177.709
54.9818
26.7262
75.4993
103.173
30.9011
55.1417
14.2096
44.3451
39.5792
77.0087
84.1863
59.5227
33.1172
28.4659
76.6526
99.2507
103.66
94.426
84.0292
25.8788
211.759
82.3334
221.142
58.2858
42.7599
25.3811
113.352
90.617
76.5548
104.584
136.413
106.92
31.1853
194.596
93.3536
103.463
49.0661
58.2479
47.7887
55.6664
36.1025
13.6306
47.3583
57.2778
103.903
38.0622
35.7021
151.013
67.9654
95.9678
32.281
62.0903
86.2842
128.949
119.847
60.2278
37.8886
68.5299
31.5067
36.5798
105.588
89.3237
178.794
94.3988
31.5066
83.868
73.2084
43.4783
114.161
152.769
78.8506
86.3002
68.2087
111.766
39.225
83.97
124.651
87.2954
31.3769
244.161
48.4724
158.379
259.542
23.9146
91.2296
20.0826
37.8906
160.403
90.5107
127.053
67.4363
104.215
126.875
16.7532
90.9637
72.7535
46.6257
24.2777
38.0839
33.5811
157.283
52.6748
24.3064
30.8192
21.0842
163.533
74.6773
36.7784
101.124
74.7587
58.7307
246.148
55.8126
54.5067
56.2332
41.6739
29.0818
28.1524
45.2133
116.301
131.055
60.2725
66.1763
56.3127
202.529
32.256
74.231
44.299
49.5819
113.02
45.3557
187.837
22.9316
36.2045
162.817
276.48
99.1916
75.2908
49.7499
74.6366
38.6931
41.7255
171.568
89.6682
44.0202
63.8076
64.665
31.6378
93.2739
86.1971
161.182
28.8054
46.4375
62.8908
21.4549
52.5783
20.287
68.3518
124.84
92.1231
116.976
120.744
52.7217
23.7816
39.894
63.7723
26.1704
281.692
22.022
72.8389
51.3524
67.1403
184.214
208.015
46.559
30.47
94.5569
65.958
60.4559
114.846
178.95
185.058
8.55031
119.5
42.2576
168.675
101.072
69.9292
120.694
91.1305
61.0523
32.8116
45.1669
82.1215
203.441
45.602
172.79
71.8773
29.0333
73.0712
29.4789
43.2567
23.419
226.29
76.6736
96.9349
101.414
35.9602
47.3769
119.656
107.432
55.8473
171.198
13.7009
51.3105
36.0014
98.681
23.2791
104.933
48.168
81.7664
264.6
53.9225
49.0126
36.0864
68.7861
78.9988
34.5928
92.5732
80.0787
99.113
52.4075
17.3628
57.1956
27.2931
33.7417
55.38
50.8976
50.5906
126.072
127.703
80.2924
192.932
171.088
113.841
145.516
62.4096
35.4247
56.699
175.643
27.2723
128.054
15.6645
68.7996
35.9306
29.5179
57.5222
112.28
29.1461
47.2407
92.5711
101.482
106.253
140.548
150.335
180.514
61.4149
19.3529
43.0873
35.8352
163.72
169.814
82.0823
194.091
148.492
51.9334
151.33
566.664
51.9431
57.4297
141.645
64.2908
64.867
230.138
24.1584
59.8023
66.3944
119.049
79.0097
247.112
72.4861
134.912
66.2263
85.1856
122
30.6021
93.2289
125.59
28.054
141.615
38.946
102.936
109.782
52.9261
55.5619
63.0849
44.8986
42.2864
47.9838
17.4024
143.44
23.2742
243.289
70.7379
46.8736
32.2681
44.319
85.7224
174.317
34.637
114.609
172.983
72.1195
19.0018
35.5013
77.5096
40.4729
145.752
100.403
66.6988
79.7713
61.9704
32.7498
219.452
28.2151
19.0592
68.4599
125.728
87.2217
44.3975
9.74915
57.8338
77.4404
56.7546
39.3159
83.4549
70.0468
59.7903
132.726
135.756
163.001
43.4826
29.9638
30.9421
111.704
100.442
199.644
70.2263
73.1688
36.0229
76.0132
87.8484
165.835
54.0196
15.4393
58.1266
132.302
41.4189
88.9011
78.2737
26.4831
19.1984
41.3982
34.8254
143.707
237.247
225.798
147.987
34.438
93.2978
31.7585
39.9652
81.5388
70.4182
51.89
31.826
56.025
554.755
79.0755
18.2297
294.413
110.508
114.615
32.4962
112.673
51.1399
73.172
262.306
111.066
71.1982
137.328
33.284
55.7045
105.26
323.459
95.0441
57.5048
50.801
23.031
81.3489
76.1194
73.9913
71.3172
55.736
102.065
58.186
141.395
127.851
86.6028
107.697
45.3537
103.428
165.954
59.7551
125.856
30.8494
62.6612
65.0317
157.278
249.759
83.9273
83.2385
22.5046
39.089
30.8844
79.3563
81.1487
32.0936
166.409
124.052
56.8313
64.9735
83.9646
119.255
49.4506
32.4371
29.8993
27.3248
11.3564
31.8242
84.0385
41.7089
78.297
61.7008
201.248
60.7963
67.3637
66.5711
94.6372
62.9846
48.4684
265.83
29.1245
49.87
314.07
172.871
108.373
44.6301
74.1523
52.8578
87.163
22.0855
18.9959
51.7245
140.012
31.4249
22.1441
66.9194
52.4166
157.321
76.2688
65.6355
65.2567
156.824
50.9733
39.8632
66.3384
146.443
33.2913
50.0868
76.9094
86.9992
67.1834
133.103
33.4804
31.36
76.4489
73.6684
201.267
65.1736
77.5744
28.1392
82.9746
79.2679
87.3094
191.557
103.132
23.7709
75.3598
109.68
86.1042
78.3602
207.122
46.1266
40.9872
55.528
48.2733
43.2753
49.5327
104.851
381.013
160.088
89.7359
27.4904
45.9832
64.8869
57.0122
33.1359
97.1896
48.5113
135.915
26.8788
79.6747
31.8795
96.3241
16.7384
40.274
24.5151
135.83
55.1532
114.072
61.9203
56.7765
102.755
87.521
31.5299
68.805
165.663
77.1814
72.5749
89.9233
87.8516
31.3756
115.51
85.5476
55.5087
108.803
93.2871
96.8624
79.0171
73.7844
16.4066
66.7062
44.974
53.3075
87.2142
65.0391
78.9029
66.6414
253.162
89.8958
77.5949
40.7326
15.7936
144.796
35.9064
75.5392
148.384
128.166
100.555
71.8278
97.4096
40.4752
45.7154
37.8226
71.22
37.8903
172.869
126.065
37.1618
41.2101
37.4955
158.699
80.7254
67.0056
123.688
104.71
130.299
32.9896
43.4029
110.383
161.732
56.6666
323.407
109.477
57.2578
125.124
87.7931
65.7365
17.9118
54.3893
71.1495
60.6508
124.693
221.087
155.787
115.816
53.6459
39.4653
33.9121
30.1215
38.1006
19.7314
53.5769
114.802
47.4954
80.8238
210.007
65.9496
71.1941
67.7434
45.8787
45.0434
63.2612
90.7235
106.472
93.6542
69.1376
45.325
28.1641
49.2107
91.6694
28.123
57.6123
57.7507
43.1434
386.901
50.9974
60.2498
62.86
42.3855
96.3898
195.961
165.101
53.1007
77.5775
139.483
102.432
62.9116
33.3875
60.8162
21.4338
38.5023
52.2135
83.7363
113.149
14.7261
91.1021
42.7586
103.809
73.1208
212.92
72.2989
58.5595
36.4837
51.0991
54.6899
35.0528
24.7928
99.8008
40.2684
337.121
75.9169
176.182
21.1641
102.954
54.625
18.017
138.614
116.438
33.3557
62.4393
38.6598
57.3159
66.42
44.2671
52.613
99.4844
45.1432
16.7595
27.1457
139.385
51.7016
123.341
98.9611
46.3252
80.491
172.645
75.9188
30.7522
33.1382
289.825
52.2326
274.268
30.9096
18.4333
148.041
17.5718
176.423
74.1126
33.5183
30.7813
73.9745
48.0101
32.3726
40.7265
62.8257
154.262
239.168
77.0946
63.2797
47.424
55.3006
163.797
334.673
121.84
55.9132
35.3012
81.797
227.637
29.0685
270.271
89.5485
140.786
12.9146
21.6692
114.357
37.2869
50.0975
105.971
69.8552
49.0884
43.838
114.471
104.336
21.7589
38.5826
187.475
68.7569
52.6006
59.0146
50.5691
343.76
58.1134
76.4156
268.639
283.213
54.601
38.7989
27.1935
190.009
133.019
27.2577
81.022
28.6622
19.799
93.0176
28.8029
58.7407
102.584
27.3011
54.9673
89.649
254.967
68.9939
162.452
32.1151
73.279
32.4709
76.4494
49.059
222.176
166.077
88.038
30.7505
21.1339
42.0959
63.0747
146.97
50.018
52.553
150.804
53.1965
118.769
151.484
38.7069
37.4191
30.274
58.8195
67.4885
15.259
102.493
15.5879
36.5338
84.0691
54.4552
31.2744
76.15
371.48
222.422
46.1359
150.48
44.8112
152.322
99.4447
90.8501
44.8725
43.9502
64.3091
71.4948
130.874
191.18
117.845
206.932
27.8289
94.2745
101.527
109.76
22.0303
39.8912
76.2216
41.7687
35.0975
69.1356
41.3592
53.3654
143.504
90.2754
83.6642
92.2784
96.9205
28.6836
84.4019
29.4033
76.5293
90.2784
55.5825
26.7554
36.9892
189.422
195.62
30.1665
48.7232
70.2954
88.6184
59.6971
42.8467
110.984
105.412
123.543
119.557
85.4423
34.2063
79.8555
51.3389
63.9516
236.288
55.1187
41.3142
124.155
73.6566
366.44
95.3487
43.2232
125.223
43.2309
106.527
214.909
167.051
134.762
47.0293
37.3893
68.07
78.5991
71.9918
67.1149
109.106
112.569
106.995
169.97
244.147
161.086
81.0917
144.088
89.3486
57.7522
39.9168
51.3198
30.0877
68.465
115.681
115.88
140.456
73.5356
50.5572
42.9687
70.5402
42.7538
131.576
144.44
18.8036
76.963
144.908
73.193
126.784
136.128
48.2251
22.5821
30.1498
145.448
75.8128
50.3412
117.608
55.1403
188.82
66.7002
77.3482
37.464
169.736
23.8189
24.7707
102.929
37.6737
36.7055
55.6423
56.8468
82.5431
15.0322
31.039
39.869
56.6644
103.869
68.3864
48.9688
44.5197
44.2974
153.588
106.112
448.75
80.5107
35.461
67.2453
39.7596
262.517
46.5966
46.8941
66.5167
36.6035
282.321
168.589
27.5068
229.852
192.488
108.56
125.456
274.348
73.5301
100.695
60.8305
315.532
130.93
31.8188
106.142
101.017
94.4333
28.0239
24.7228
67.4571
35.0148
72.3758
23.2933
36.963
57.5746
136.508
117.345
20.2517
204.01
53.5589
26.3896
40.9842