12.1223
22.6607
11.8315
33.0989
22.8232
40.9689
13.9774
7.46569
16.793
46.8452
17.9418
8.62593
15.9244
17.3531
6.81261
24.8548
12.716
9.28041
3.0596
5.38449
10.2811
7.21503
12.2763
7.07466
8.3146
12.1978
13.9398
12.7394
10.3288
21.3915
9.6288
11.5598
39.4249
3.69061
9.67917
9.3018
25.1535
8.42338
4.17848
16.9327
11.6664
16.4579
12.8051
8.51372
8.80414
20.2315
5.22885
27.3969
24.4856
26.5839
13.6502
11.2115
17.388
25.7046
11.7063
17.6681
23.2727
6.23295
6.63217
6.10662
9.71483
8.06359
35.2199
9.37934
4.92711
8.03209
21.1527
60.1319
11.2518
20.0872
34.6361
7.02967
15.1529
6.76394
18.8628
47.5297
20.4607
23.8275
6.14445
5.97556
14.5459
22.1227
34.1118
60.1458
6.65517
10.544
35.0556
15.4988
10.1088
10.4177
5.64791
14.7323
8.94897
26.8563
15.6097
10.6823
14.5458
6.18689
27.9891
10.2175
8.45321
13.275
17.509
15.3826
6.54092
9.09675
6.17744
6.45103
15.5715
20.7597
19.7766
5.22852
8.85719
13.2479
3.56253
9.59906
15.2673
15.0235
13.2344
14.1414
14.4034
4.66515
9.14667
17.0058
7.50842
8.27312
4.55562
7.3389
34.779
21.6102
8.08014
19.1855
10.6699
34.8674
12.188
11.1649
8.95156
35.2199
16.2536
8.55049
18.3562
8.60028
11.8557
12.3015
6.10604
10.3539
11.3113
10.3096
27.6149
15.3177
8.28479
6.84787
5.66574
25.2053
21.4092
20.7514
20.5942
4.3172
7.76424
45.9466
34.2429
13.6146
6.53594
31.0262
9.56496
10.9133
8.15311
15.2652
7.77935
7.16986
10.4632
20.0123
16.2722
8.91331
28.2754
16.8897
6.12272
9.50524
7.0799
9.63251
22.7477
15.4229
17.861
7.25281
5.99893
29.2645
10.8433
18.1034
24.6825
39.5977
6.32339
11.8415
8.59723
13.8479
9.31453
13.8184
3.878
10.1527
12.6744
16.1384
17.4587
13.0049
10.8438
10.7216
18.6877
22.1738
36.8759
21.8003
18.8852
19.0318
24.0082
15.9931
12.0242
36.5719
33.9813
9.1293
15.2259
10.426
20.945
5.69363
14.3836
10.0279
4.64769
2.44881
7.48258
9.09604
38.7533
13.6622
11.9376
33.4095
12.5361
3.05057
5.60084
13.9547
22.2321
30.7387
15.4639
11.5949
7.69896
13.7257
10.822
25.3049
12.9105
11.3186
8.67759
19.626
10.8326
7.84423
16.2581
9.24212
6.8414
32.8245
38.0517
8.10453
16.9139
19.468
11.7594
13.7331
49.595
54.3765
15.5709
20.9912
31.7749
11.6283
11.905
11.0314
8.62561
8.45118
8.06268
9.72819
13.3609
16.4951
8.13639
5.11322
39.9589
20.3758
11.6262
16.1531
23.5991
27.7656
13.9537
13.0729
5.8612
18.999
27.634
8.00736
22.1822
7.18675
13.4854
12.6829
40.7494
10.4764
6.61253
9.86997
14.832
20.9496
18.8923
6.72115
12.6765
22.8036
12.6969
9.59223
14.8366
8.26255
11.4039
31.1828
27.8628
9.66289
13.5075
5.24876
12.1832
13.6695
9.62523
4.47235
9.60436
21.3506
10.6978
8.31972
10.5451
10.0275
12.9371
17.1208
19.6176
48.2878
7.79106
7.32381
26.2425
8.9249
17.2111
6.68225
27.2745
41.1332
27.0053
36.0507
22.1486
21.4309
15.3424
17.9384
5.71162
16.3582
20.1495
7.41544
14.2087
19.678
3.40563
9.64361
23.9177
11.8097
11.1155
16.1561
6.88996
17.1443
13.0333
10.5427
10.5099
14.0619
9.14752
9.60256
8.39077
10.0198
3.45817
35.48
9.47654
10.6511
25.153
7.58927
14.4978
6.88288
6.16406
5.53738
17.0742
7.48836
24.4703
8.98128
19.6136
5.92601
10.0651
39.3718
19.5655
18.4677
10.6811
8.53556
17.0319
9.97083
23.4632
12.5407
7.04033
7.48449
8.8753
6.33485
19.9022
9.11083
12.5964
16.0899
21.4792
14.8017
16.4315
14.9017
9.95466
19.786
11.5766
3.84029
28.3505
17.9758
23.0736
5.63639
25.3604
11.7168
11.055
22.0529
8.67607
12.5788
12.2631
14.6776
10.8088
10.5021
26.5712
10.8692
15.9547
17.1115
7.36981
14.6714
21.6932
15.6098
20.2478
16.8722
8.73949
30.5687
5.88738
8.11186
17.2292
9.61054
72.2915
3.02048
10.4464
6.68099
5.00562
22.0398
39.3956
17.1712
7.82588
5.73987
22.2567
16.0981
13.5039
5.48026
8.4714
12.1118
3.26643
21.271
12.2717
21.4565
5.45198
17.209
12.2146
19.7785
27.711
17.1808
21.2534
22.89
14.4773
11.5353
7.86945
7.92182
17.9219
10.2612
19.9396
5.66817
11.2063
19.6677
12.0355
8.75744
31.1404
20.3319
9.40679
6.53309
10.4171
6.69388
36.2263
8.53749
4.56195
15.1306
13.8629
22.5926
7.24167
3.47103
4.78152
3.76544
31.7375
26.6159
5.88061
34.054
21.7938
19.1647
6.99336
29.071
14.8299
31.2953
18.6609
10.9253
13.8992
47.2559
23.7323
9.67468
21.5514
6.81046
14.418
16.6534
11.2651
8.94793
5.22833
16.811
24.5423
6.18582
5.5144
9.25133
17.1925
19.0539
13.3106
6.95128
8.04257
13.3615
15.3966
17.374
12.6496
14.3089
11.6195
15.003
54.3362
8.9495
8.53835
39.3101
14.1946
11.4603
14.5158
13.7603
18.6425
19.3071
3.1815
16.5115
20.1408
12.5621
20.0952
5.67011
21.7193
12.2033
13.6609
13.6311
33.7776
21.3348
17.4555
8.21587
45.1543
11.921
10.7229
5.62691
19.8542
16.5173
21.0796
13.0587
7.41183
18.6443
11.5819
10.6002
5.21606
6.80955
3.27799
7.47983
22.6403
24.6428
6.04145
18.1916
6.38281
10.3518
16.7675
20.7864
21.6733
14.0033
25.8439
17.2059
5.75332
51.3474
33.8223
4.038
33.748
19.5764
4.82181
9.96594
3.5965
10.087
7.92733
9.22273
7.93914
6.25737
16.0631
13.0096
15.1124
15.026
27.9147
8.40718
10.981
17.8284
8.96252
38.583
23.9589
21.2659
23.2857
7.72459
3.5018
8.86037
16.3017
8.90703
12.5887
8.6725
15.341
31.4377
28.9805
6.1903
30.5102
5.81127
14.0758
17.6274
17.9067
16.8775
7.81607
11.4335
27.0587
14.5802
4.70317
20.5937
21.5062
10.151
21.6887
21.7209
12.2425
7.60093
12.3659
18.5406
33.4739
7.51023
12.4924
10.194
6.37712
33.1207
17.4989
9.90967
23.945
14.1374
4.31925
5.22388
9.57354
19.4823
43.5568
12.2023
6.03012
28.8479
8.86282
9.13684
9.95441
11.7061
8.62462
31.5593
8.93225
24.3199
17.9267
6.23882
14.2511
16.756
12.712
23.8481
5.69512
7.5456
5.86973
41.9534
11.3572
17.9624
35.484
12.7583
18.7621
17.1316
25.6462
35.9194
8.15407
4.9068
15.1723
22.337
10.7445
6.47211
17.8029
2.10287
15.7427
4.7973
21.6901
16.9859
16.3802
13.3411
12.6785
15.4883
15.9694
36.5348
15.7816
14.9934
17.8776
12.356
10.5392
9.84948
5.55551
18.6662
4.94181
23.879
28.5103
21.847
5.21598
12.3978
36.7281
15.9062
23.7377
4.87298
31.4256
5.40124
13.0839
20.9448
45.1529
26.3127
16.8005
13.309
16.7967
5.91447
7.53747
14.8243
7.87739
6.23825
34.1972
22.9092
5.31847
16.9662
9.54946
22.8037
4.25737
9.91427
7.64298
8.51489
17.7158
14.4598
14.7366
13.344
14.6386
42.5641
5.02641
4.49187
17.9434
4.82495
10.6267
33.0012
10.185
12.1262
7.11601
23.3993
17.2861
9.203
5.11184
5.16536
9.84269
6.89542
21.2454
4.22759
6.14445
12.7978
10.7516
23.3324
17.6335
9.01641
11.0591
4.01485
10.3457
12.8398
7.05981
4.81289
7.10469
9.96243
5.94315
12.4976
23.8535
15.3302
5.10679
7.7784
15.7163
28.0768
15.6534
13.8385
8.98879
13.8263
16.6028
6.14
12.0018
7.41592
58.6993
7.85133
40.3541
7.56836
20.8215
9.64867
6.09224
12.0708
6.30708
6.43744
19.3524
7.45984
8.98115
6.67995
3.73426
5.55445
12.1047
16.8541
9.0025
6.20704
10.0458
8.48888
6.42886
5.35677
4.68646
4.59259
14.3105
9.54307
13.9551
6.47777
12.0055
4.28977
15.3922
4.0723
11.9504
7.20621
14.9914
2.26065
6.72617
19.4825
23.0691
64.5048
4.90956
3.50684
6.27834
8.18719
9.42978
12.9643
3.95544
14.6557
5.12046
23.2229
12.0397
14.5845
11.9712
26.0102
15.8056
4.87998
12.4788
8.46804
16.7224
2.75919
14.1832
8.09782
4.44885
14.3613
18.1896
23.7177
13.0918
12.2926
5.82465
3.98564
13.6925
26.9605
18.1933
29.0273
12.8099
16.6345
18.068
12.8286
8.54871
9.81118
10.5179
27.9092
15.8583
30.2546
11.1179
11.017
15.5683
10.3116
12.1332
6.47412
15.4738
5.12682
7.59797
28.7152
9.58817
7.31185
5.50063
10.5686
12.9281
6.19186
19.9457
7.66894
38.7036
12.2063
9.23281
11.5017
27.6082
9.05279
22.2551
14.8597
2.75284
22.8613
22.7087
14.6233
14.4798
8.62446
24.1902
3.47033
11.429
11.5748
15.8187
16.5885
34.2654
23.0834
8.24899
28.2784
9.26083
28.5212
16.4439
6.90628
17.352
12.088
6.33554
12.8987
11.1398
6.93824
25.9289
9.40886
17.9399
19.4689
19.6829
11.7788
5.82424
7.7866
7.79087
24.5196
8.83471
12.8738
6.05534
16.5882
20.6101
7.67797
34.5038
28.4458
7.32843
11.7461
23.5212
32.7203
3.90897
28.8289
6.08112
8.28847
7.37219
4.15074
29.1434
19.3253
22.5605
17.204
30.4447
13.1943
6.01463
13.8871
18.8273
26.7852
4.19881
4.93562
8.7801
10.1903
10.0625
24.1626
9.10991
9.11747
22.2259
8.50723
10.176
29.7856
9.49294
12.3498
32.0674
11.0466
10.1968
21.5366
3.70228
10.5129
37.0728
3.99587
5.1889
13.6553
4.35174
7.42262
4.56954
6.79357
23.2618
12.0581
18.0487
38.2159
69.6361
23.3062
36.6807
3.27506
21.8058
24.2067
17.928
18.2757
5.61041
19.9136
2.48083
22.2755
19.2266
27.4275
27.626
7.75316
8.40972
24.5532
19.3124
40.7001
5.00767
8.9744
11.2678
8.89864
17.8922
4.02509
5.01885
15.4387
16.8067
9.28689
21.7998
11.4515
13.8369
7.89943
22.6851
9.10418
12.8022
20.8719
6.80115
24.3907
5.4079
21.1219
13.5186
4.17964
12.679
15.4384
25.3835
5.73067
4.04491
5.83436
11.9205
13.0932
20.8022
4.49143
7.22061
9.42187
21.0916
30.2336
8.67081
15.4364
9.7579
14.6683
38.4191
24.9911
25.6878
5.09174
26.801
57.9157
16.0234
16.3175
11.9639
6.88413
5.4563
11.2184
40.6618
20.9597
11.9722
26.1566
12.6566
27.0751
31.2631
4.45698
7.46215
20.9838
27.2125
4.60774
14.7138
10.8534
12.4751
41.4752
14.2766
11.4541
25.0908
15.0692
8.52407
6.85298
45.1522
3.26436
4.71165
18.2342
17.8432
12.7584
8.6358
10.6836
5.16118
9.25074
8.62649
32.593
12.528
16.6444
37.8803
12.888
31.6725
12.5709
4.54989
13.4005
25.7027
8.25587
19.934
7.15194
4.77853
20.5016
41.2193
20.8412
21.0046
39.4955
8.34341
10.475
12.6187
7.79527
14.8943
15.3455
16.5402
10.184
13.7264
23.5797
27.0887
39.959
39.7315
12.3923
5.35378
2.49462
24.6834
8.41929
10.6707
15.8134
6.25495
5.46932
23.5411
5.5673
27.2408
7.86646
56.2701
6.31631
4.39683
8.88448
23.3158
19.5315
23.5974
4.38532
24.0864
10.2
18.6569
11.1228
11.8365
8.79399
11.1184
9.95021
25.4633
13.6144
11.1009
16.7529
12.7782
17.3412
11.5655
11.1405
24.7351
15.254
7.99237
7.09263
18.7802
6.94939
7.70917
28.0504
9.82525
38.9961
6.38014
5.28278
13.4707
15.8788
16.0011
29.3207
3.72462
12.241
18.5974
7.5741
19.2795
11.1885
7.91797
17.7486
14.2662
5.00576
5.23421
13.1844
27.0068
23.9437
6.24287
10.8069
21.2146
38.4971
38.5151
11.8293
7.76432
20.6735
24.9244
13.4806
12.7285
27.3062
23.5653
6.75386
17.6513
14.18
11.2954
3.56889
19.8746
7.16233
11.8626
10.4946
1.99714
11.7488
13.0917
27.3454
15.5179
6.16169
6.6978
18.7492
18.022
42.7377
20.6325
8.44274
21.9989
45.3701
9.21807
15.8873
12.0856
4.72043
8.9412
36.4725
23.1441
17.7354
24.6094
51.7038
6.65522
60.0569
22.0237
4.41551
9.70541
33.2569
3.8112
16.0646
8.93402
5.54832
15.0147
34.5819
7.50287
15.7341
5.81614
5.47078
27.3052
9.00047
19.676
10.837
24.2448
22.8217
31.2477
11.5093
25.5666
18.1352
35.4288
12.9011
4.63893
22.9153
29.0685
13.6562
11.1724
22.0632
29.8035
78.1379
8.84604
21.9015
11.0583
7.31611
17.734
15.4048
21.8773
9.69723
10.6171
28.7335
24.1522
26.735
9.88074
11.6827
30.6834
14.6616
9.71776
12.7642
11.4603
29.6582
15.9313
17.2143
5.93685
5.90183
25.7523
11.2848
11.1842
14.8591
15.3424
6.66744
18.8108
15.5681
4.64996
8.42954
17.7992
13.0649
37.6133
31.8736
3.91575
7.23315
11.7158
10.7556
9.40431
18.0967
13.4642
14.0694
10.8819
5.36608
21.4813
7.93634
6.87098
12.0431
55.0063
18.1721
9.78286
6.51043
6.85083
13.5638
5.9011
4.90005
7.70322
27.6674
6.91993
5.40098
41.1531
23.0911
25.1215
12.7868
10.3924
7.90333
15.6376
25.3637
5.10032
6.2236
27.6747
21.0207
15.005
15.493
14.9021
11.0115
3.23656
22.2006
6.8184
5.098
16.9132
14.961
10.7988
6.53012
40.3535
16.0508
6.11912
9.84625
6.95787
11.7602
8.7534
7.24277
8.42461
7.98219
13.1414
12.4383
22.2077
6.89515
3.46094
9.06604
17.6846
5.78083
19.1748
17.3257
17.2864
16.6349
13.8095
14.6866
7.12904
18.5922
20.1891
25.5723
14.8251
9.48691
11.7915
55.3321
5.82285
24.4518
19.8331
13.0352
5.59571
6.02658
14.083
7.34041
19.8908
13.6184
22.3203
8.80824
7.14271
20.045
8.47876
3.87162
25.5178
18.085
15.1442
5.65471
6.33167
4.95746
4.40111
27.6211
14.0306
8.69629
6.09007
9.09908
27.8409
23.4862
12.2936
24.0827
15.7149
6.91246
11.3706
12.3562
28.4993
9.11504
7.97756
5.39688
10.9248
12.7982
9.82345
15.2204
9.33806
8.98154
16.5532
28.0163
15.3036
16.9104
5.73987
10.9121
11.5859
3.90283
8.75866
5.55507
28.0448
7.28004
5.49311
5.88592
5.58444
14.2202
13.2487
16.8475
10.878
7.03067
15.0779
9.09684
39.2144
5.41722
21.8325
10.8115
13.0223
9.08129
18.9914
5.57315
14.4174
9.51008
17.9214
5.08198
11.4219
19.3791
10.5582
10.5022
11.8175
11.9791
21.1848
18.1878
6.9385
9.87437
31.5991
5.86964
12.2758
37.1997
13.1556
13.8533
14.6673
12.8035
13.4169
12.0272
21.0232
8.80037
12.4637
14.6142
5.69426
4.69333
12.6105
4.65492
28.409
11.0904
9.04831
31.4877
11.625
4.41822
3.72499
12.9417
16.8579
18.1292
11.1547
12.0232
23.9533
13.0996
9.76055
11.168
19.5384
8.42165
12.8173
7.33244
4.80569
13.3613
7.05889
12.0482
11.763
15.6424
30.1117
18.1198
11.3665
22.4028
9.72559
5.28632
23.9525
27.4551
8.56726
4.94036
11.7177
5.9309
4.80209
17.0108
13.4793
16.1797
6.67184
7.35987
14.1463
14.8064
41.6094
12.2788
12.9536
9.31234
20.0984
10.1038
15.5046
8.8416
10.5822
44.2618
6.49688
28.719
14.5429
17.8084
5.95751
4.91372
12.0182
12.7399
5.7774
37.0177
14.6193
7.86369
18.8169
24.4044
25.8024
13.593
18.513
22.0124
17.5142
18.1753
19.509
11.4584
19.0325
2.8457
35.6266
46.0006
7.24741
42.2944
4.25796
15.6918
19.6325
10.1769
14.1402
10.6386
10.4341
3.80135
11.6203
7.63127
21.3602
6.54631
9.21557
10.2631
8.49469
17.033
29.0481
10.4006
22.3641
9.07418
9.44863
7.66723
8.09625
3.65591
17.7899
12.8687
13.9741
11.4821
17.5192
6.36103
22.9244
35.1025
16.6459
11.7029
5.37174
11.274
8.46281
16.2745
9.43345
24.2594
49.7837
6.58001
19.5671
12.1033
4.84128
14.7745
21.9692
16.3087
3.20106
15.3657
18.4175
6.97876
15.6892
15.6144
31.5942
22.8085
22.5509
9.61366
9.00851
34.1299
13.0753
4.24157
17.2429
17.548
11.1234
9.83321
16.7856
21.3375
14.8426
20.1663
19.7753
19.6052
8.84188
28.7208
9.05356
17.9759
6.85132
16.493
24.2912
9.87701
23.1361
13.8912
27.8169
7.34897
25.9907
18.6588
7.73677
9.23499
15.7967
6.88524
9.93368
10.3278
47.1698
6.61803
8.17524
26.7442
11.9484
14.8697
6.23149
12.5251
29.8894
11.6535
13.511
13.5232
32.618
7.83207
10.8229
13.7236
6.27663
14.0469
12.6743
13.5161
18.7167
12.813
25.1678
17.6334
7.86778
8.70918
28.2417
6.72708
22.3542
13.4626
11.6433
4.1762
12.5233
5.4261
13.6383
61.5641
24.4647
34.6295
10.2236
33.2597
12.1435
22.2566
3.81107
24.5939
6.77444
19.8771
9.23033
28.9844
31.5496
14.4664
26.6049
23.2366
21.2922
8.31304
23.2064
6.77678
43.6947
14.6825
11.4067
32.7745
42.7938
34.1115
8.70559
8.30216
2.77261
6.61831
16.5495
22.0426
17.8605
12.153
4.00903
22.1706
10.6769
25.7673
17.3217
10.0204
28.9558
6.6119
23.1692
50.5241
17.4908
9.28351
13.383
20.3771
4.99879
24.4959
17.8243
22.8665
12.9022
41.444
7.59692
20.4581
10.226
8.07546
7.21277
11.276
15.4761
46.3895
8.97817
30.3426
7.44407
11.9216
13.2774
6.39434
6.06962
17.4616
17.8027
8.2811
14.8808
54.1986
13.6594
16.7304
21.0738
16.937
17.9
26.9146
37.4646
15.1102
10.9694
6.08029
8.03855
14.1718
23.7508
34.3916
20.1378
25.8685
18.1032
6.90512
16.861
13.0716
25.7595
2.95707
6.71784
32.0531
5.33562
22.2651
11.4492
14.6922
21.5306
4.87042
9.20503
47.7518
4.30908
6.94308
11.4696
27.681
34.7773
20.0984
7.77078
34.0105
28.672
7.78141
8.07216
19.3437
29.7399
6.03571
13.5101
28.5877
13.542
60.7354
19.5162
20.9191
8.44934
29.6584
13.8185
3.25445
14.4166
44.1043
6.84761
13.7208
31.2719
14.5096
10.6144
7.20678
18.8225
14.4614
8.19853
7.5725
4.57931
16.6443
7.78987
18.8756
7.35503
22.4991
48.6371
31.0025
16.2258
33.0526
5.29667
43.4676
7.4632
11.9833
23.2687
9.97057
24.769
5.05846
49.0891
17.8566
12.4487
13.025
17.8049
14.9602
7.30126
17.6736
7.2718
31.8736
13.3754
12.7844
36.725
11.4931
11.9496
12.6531
9.41177
33.2809
9.30719
18.7991
17.912
48.5651
10.3521
7.48997
11.0387
17.7068
28.6494
17.2687
28.9007
19.7906
5.18836
17.3799
18.9376
13.9525
3.0185
8.44381
10.4914
38.4749
13.6358
2.46006
22.8705
14.8462
18.9427
5.02521
7.08995
11.644
12.7401
13.709
22.6614
12.6565
12.5498
3.04399
9.01909
18.4105
10.4222
18.4813
4.297
10.9773
7.99338
2.81304
7.23083
3.06493
22.0131
5.73295
10.0049
11.8712
17.5202
22.1147
15.4446
6.95203
16.7698
12.5144
22.5534
27.8452
18.291
5.60158
18.8775
2.93434
20.8329
9.03509
11.0109
14.5027
25.3529
15.4783
9.2929
8.64074
9.76035
12.4464
24.8393
21.3611
8.52497
16.8209
9.48454
18.6017
11.3613
10.6263
26.7554
16.9347
27.1976
8.27175
19.8847
26.1566
15.1889
14.8213
38.944
16.1465
14.0529
5.77813
4.68557
25.3509
9.67359
19.9297
15.3885
4.24533
22.252
27.1277
4.91861
34.7172
9.83682
7.48699
6.25584
50.8594
26.6909
12.1037
22.0109
25.2581
3.20346
21.0098
26.5062
12.4771
11.7884
6.21662
21.3926
7.23771
4.69114
10.2971
16.8794
8.83848
5.0841
7.47114
20.7685
32.2108
4.31417
3.23819
8.20899
6.28603
20.9607
25.1897
4.39963
8.47961
36.5197
5.08229
4.72844
25.396
12.4105
15.0087
20.9766
96.5116
7.57562
10.0687
8.65775
35.117
15.2101
5.48418
15.5409
38.6965
32.2695
15.1238
7.80238
20.0228
11.8468
15.6015
14.1525
11.4755
26.6124
9.07834
36.8442
18.0408
6.91549
78.1083
8.38065
10.8569
14.2187
14.5088
16.3621
19.8601
16.2711
16.1601
3.13701
29.6028
33.2704
10.808
9.92313
35.8583
25.2417
16.4166
3.95974
4.7144
37.3362
13.8122
6.62103
13.9616
9.60025
17.5264
8.88383
34.1149
23.1978
13.6146
10.2949
15.4137
13.2444
19.2073
9.6706
6.91109
2.77353
21.7304
22.7581
4.85523
2.64963
3.70835
36.0337
34.3601
8.67757
20.7746
10.6098
8.74794
5.15657
11.2738
9.6748
24.0506
13.6811
24.6397
7.30672
16.7657
18.5
4.12161
8.7552
13.5132
14.3865
12.3265
35.1489
27.3974
10.7128
4.24749
8.39975
9.46148
5.7481
20.2966
10.2343
9.91731
48.7306
30.9093
16.8587
13.7748
32.8985
13.318
13.7071
19.5515
28.3441
55.2014
6.7305
12.2323
11.4033
19.6165
9.19482
7.98848
8.77437
8.4134
12.2952
21.6336
29.2093
14.6523
22.5807
7.88734
22.1494
13.9515
14.5117
14.4546
29.0925
23.5982
12.2291
10.9522
6.61556
7.91315
30.7474
8.88243
33.8391
16.5738
7.4236
7.92708
34.5362
8.41766
11.0879
16.7475
9.54445
12.9462
34.689
16.5363
15.9067
18.2314
7.9051
12.0458
7.87175
3.11553
6.31289
8.33831
49.4447
9.38539
14.0007
6.68604
36.1529
37.9623
16.6694
7.21108
11.0631
7.28026
10.339
6.45443
22.4021
4.62056
8.99933
22.8391
26.2712
14.7819
11.3674
15.5559
7.22515
25.7931
13.5005
6.032
9.78042
14.553
5.1
3.08124
9.06858
7.5908
9.7247
8.09588
26.2521
8.69769
21.4832
12.9456
28.8849
17.2731
9.17803
24.0387
20.6753
16.5925
17.4213
49.8166
6.14959
5.46485
6.43116
9.50255
31.2666
18.6438
10.5242
10.3049
8.42909
5.07983
19.9109
8.96788
9.76719
15.5112
23.1161
44.114
10.3076
13.101
19.5151
6.90635
32.2889
12.8742
6.27499
34.2945
10.9109
11.3312
2.61135
8.60535
27.535
28.6558
4.86274
6.9391
4.59317
9.19917
23.8974
8.11656
7.58504
26.7628
23.6282
23.854
9.22266
6.47513
10.3992
23.6697
24.1891
6.60565
7.68219
16.1416
19.0933
18.9659
6.71619
27.1043
17.5207
11.4736
7.24291
7.40679
15.1616
6.93643
15.42
3.08998
4.8006
9.00531
27.9996
26.7152
2.98739
20.7346
17.7099
5.34056
8.87319
26.3344
27.7484
8.09987
17.4117
19.2148
5.78249
8.72392
5.90312
15.9699
25.2858
7.3247
6.69939
12.954
19.0323
10.8247
32.522
10.8887
11.1697
31.18
12.4107
15.7
8.40496
17.2277
10.2561
12.2264
31.9919
14.5764
24.8425
17.1191
24.2927
13.538
6.82556
9.47415
5.63688
10.7511
11.9139
12.383
5.09178
11.1795
16.3651
34.9819
12.5695
30.9572
18.7301
15.6837
2.87639
18.6514
5.0985
4.65262
10.504
30.8279
12.8863
32.5047
6.52387
8.66245
25.5477
16.5682
14.6185
9.70127
11.7472
17.4693
22.4043
13.3957
16.623
5.87907
20.4112
16.796
49.4053
8.84254
23.4685
15.3079
13.2038
13.6024
2.84468
5.31473
18.2517
5.6727
21.0067
12.4128
11.2911
8.92095
15.0264
10.1588
10.6189
8.79092
10.9908
14.4424
7.13362
20.5795
18.4196
12.1843
20.8666
38.0708
19.8683
14.2039
6.46376
12.7974
36.0462
13.0486
27.9472
6.10073
6.80441
23.7884
3.89099
31.8941
16.9464
35.3767
16.5328
7.06292
16.2756
32.318
6.85423
22.5452
10.7875
28.4665
22.5589
8.46154
8.59684
10.0828
12.2767
34.1291
6.2699
9.83194
6.61582
11.4772
16.8806
13.9934
21.0304
11.3256
38.3265
18.2134
5.18544
16.5231
15.5498
14.0249
6.74269
7.1582
46.1102
17.8181
8.33153
11.9069
6.25764
7.86844
13.7019
35.8318
14.6087
8.35637
13.8481
45.6105
7.47148
4.34216
14.0055
1.60823
12.3227
15.9989
7.98849
7.24176
15.7076
19.924
6.58851
26.3163
10.9504
12.737
14.2679
6.30052
9.1872
6.14654
13.5144
3.3376
24.3183
6.2367
6.61288
6.3952
5.42916
5.11556
47.6523
24.7773
16.0214
13.2293
60.4078
6.88984
18.5869
34.2793
24.3686
10.2353
8.78372
21.8427
14.6988
13.8283
11.9349
9.17187
25.6625
26.0459
43.9785
7.55554
12.5437
4.6295
7.90426
19.6295
4.33302
21.2646
9.99722
14.3088
10.1144
16.604
13.9723
6.03386
4.98926
13.4837
27.0786
8.67051
12.8758
5.64471
17.8974
14.9057
16.1463
41.0101
6.28303
6.02177
21.8176
24.1672
9.61665
15.0893
8.94619
6.90049
6.82801
8.9127
15.5039
31.2728
13.1415
36.2428
16.7452
57.9969
9.39992
8.82356
36.4341
2.51136
12.9089
20.4612
22.5861
13.683
17.56
18.101
22.7876
31.3064
26.6244
11.2981
5.16127
33.0717
8.37199
8.91485
13.4428
12.8788
33.5839
10.5714
26.7154
19.0615
33.3191
41.8336
15.0827
15.6015
15.7446
7.72465
13.6145
14.1705
10.7459
5.12081
5.90737
17.7604
11.2699
58.8243
23.931
29.6455
29.1296
10.7978
15.8212
15.7669
15.2277
15.6246
11.9322
17.9025
12.5359
30.5233
21.0635
32.1136
9.35207
7.24585
7.53119
23.303
8.64228
2.32684
15.6435
12.637
14.1127
9.88688
15.0975
13.5071
13.3478
21.1376
4.41869
4.43173
33.906
5.18867
17.264
27.0749
15.2359
10.5267
7.06058
8.23503
36.878
46.333
9.34397
17.3162
10.202
21.1476
19.9847
4.81265
10.9343
13.9494
23.6756
18.8781
12.974
26.9369
29.682
16.9498
27.6264
7.4411
23.4489
23.0127
7.87031
6.79271
17.7056
23.7585
3.56153
17.3125
12.8201
13.8157
12.4731
15.2445
19.183
34.8217
23.0098
8.38518
8.44418
23.8349
5.26079
7.07358
23.7172
26.7787
17.7719
9.48534
29.7655
9.48114
20.7733
16.5663
21.6764
39.465
11.7667
14.0034
18.2809
11.5658
5.51704
11.0482
8.50644
8.75339
19.7544
20.3507
22.2958
16.3603
3.33511
7.21619
17.0522
22.4469
8.58781
9.23219
8.78365
12.3155
7.34476
17.569
11.8977
5.78669
13.9128
11.6496
13.3572
10.2952
6.92206
9.03298
11.5796
10.6019
7.55554
32.3037
21.1019
11.3473
34.0138
10.7214
12.2539
16.3005
18.444
32.9764
29.4937
13.3839
45.1302
14.3748
34.0471
6.59942
28.5604
6.20995
34.4704
9.09931
34.865
6.13762
14.7259
15.9513
10.7776
8.87072
27.973
5.40478
12.1122
11.3078
15.5504
7.97054
6.70062
21.3249
27.8977
5.00947
13.7499
27.6585
4.91741
24.2312
23.1439
14.6575
3.69244
15.2095
26.2747
25.8901
15.1391
5.25205
6.34414
8.23346
12.3782
31.6001
9.09828
36.3745
23.6543
10.4079
16.4126
21.5127
7.64781
17.6798
7.47627
19.4983
23.8703
10.2889
10.6302
21.3996
9.68842
14.9917
18.6686
15.8233
12.1616
7.85102
22.1662
11.5752
11.8635
5.42925
17.0092
7.36503
9.20653
12.9191
7.26829
3.73318
29.0798
35.2523
15.1366
7.09431
10.275
15.1438
29.595
23.0436
8.09957
12.8594
13.2368
2.66275
22.4022
11.7676
16.3924
10.5281
20.7583
12.7386
36.9397
13.5577
6.3991
18.5815
45.297
4.35042
8.43843
5.62583
8.14162
11.7582
12.2075
8.74046
13.1604
27.4497
26.8154
31.2006
24.4749
6.84969
27.2115
9.95733
11.5519
10.0464
8.67865
19.115
6.8076
19.1213
47.2032
25.285
4.18613
5.44617
23.0277
6.14027
8.66253
25.8162
7.65463
21.203
9.16175
5.99439
5.4713
26.725
11.0277
7.99153
4.85693
15.39
36.0266
22.5961
8.78046
4.24886
12.0169
17.24
12.3116
8.54673
8.85933
13.6951
21.6153
10.5914
7.68603
7.14608
5.01934
38.7748
19.5666
20.6692
8.76764
4.65362
20.2636
20.7814
17.9264
16.8837
27.0028
6.92948
38.8394
19.12
9.70938
14.0017
20.6458
20.2696
3.80071
5.44032
25.9169
11.5812
15.9935
8.67672
10.1462
15.6302
13.6924
8.70633
22.7384
4.18408
11.6623
4.54119
28.2048
12.9096
2.17742
12.5549
29.1656
12.7171
14.3903
43.6328
8.45765
2.2031
45.8416
20.5671
14.8719
22.2555
16.2399
12.3498
11.4637
9.07039
4.10114
12.0143
13.4393
8.14062
32.9187
7.70208
7.33624
11.1509
5.82317
23.5961
13.4034
11.1946
18.3752
12.818
42.4428
14.276
3.94632
5.85944
18.8244
6.14927
43.8079
21.8908
22.686
15.6448
11.0977
35.7925
18.4837
18.2615
29.4658
26.5883
23.4767
26.9396
15.7552
10.1899
15.524
16.8788
13.5193
10.8491
4.82887
9.48663
37.1515
13.3853
10.5408
11.6621
13.9577
6.01516
7.0647
33.5278
16.5019
3.45091
9.31933
9.58382
14.7498
23.1318
13.7349
8.90075
9.5742
23.2717
4.50547
6.08061
3.56735
5.90458
15.6049
8.29632
30.1856
12.413
2.75466
13.3189
18.8695
43.8214
12.9968
9.56775
32.1232
5.53949
15.0634
29.1653
17.8325
7.77581
15.2443
15.0746
4.95782
6.3447
17.4942
11.6802
20.8491
11.4253
27.4588
21.5273
6.13277
32.6728
8.65964
18.0579
6.35272
16.1996
6.21014
17.7707
11.7549
12.4127
11.9635
21.6908
12.6753
15.5695
36.2224
26.9562
8.52139
16.8767
10.1341
4.59404
9.94031
22.7707
20.1784
25.9219
2.95873
33.6176
20.8074
23.3761
24.8884
26.8538
9.19288
14.233
5.63178
8.46945
15.1821
8.19729
5.06885
17.9937
35.6363
17.6796
8.5267
6.31573
40.5561
4.99729
13.9467
30.1662
6.16432
21.6204
33.9112
27.6215
15.5891
22.4812
19.9415
11.4381
10.0128
7.34161
10.8426
11.9701
33.4489
11.055
7.14853
19.5373
33.2022
15.3237
20.2247
8.59744
6.09959
7.10271
17.5706
24.658
4.60767
9.20731
16.7873
20.5427
24.4478
15.5076
7.57968
2.85307
11.4182
12.4759
25.541
14.4287
6.29436
21.3073
16.619
17.5613
23.3262
18.9232
4.52939
22.8105
3.18018
14.0562
9.36389
16.4844
19.875
9.78513
13.496
13.0312
5.47998
19.8264
54.0308
17.2178
29.4316
8.96374
16.0601
33.185
19.6697
12.2992
7.63337
24.7215
9.95563
10.4548
5.09105
20.8861
3.1527
40.2957
4.65976
18.5181
5.52182
30.9335
18.1204
10.0994
12.9583
21.6734
17.2807
9.75028
11.0236
5.80359
4.64351
11.8042
41.4007
27.0398
29.4627
8.18957
27.0834
14.1964
12.2387
8.50625
17.6656
23.9366
33.631
8.15765
8.17178
16.8487
5.76682
17.6686
5.01543
26.5981
16.1847
9.82563
20.6819
4.77813
35.2337
20.6612
16.3251
11.6211
9.46373
14.3069
25.0678
9.62446
7.16577
5.13355
15.3239
9.24838
13.1284
6.20521
12.4709
11.0417
5.79355
26.0288
12.1862
14.7523
23.514
31.7272
30.4633
16.3482
6.75034
10.4826
8.88561
4.44423
4.51018
9.10571
12.8026
9.81608
8.3268
10.9008
22.2197
17.1306
26.8436
14.4729
8.19982
10.7216
9.6328
9.7829
28.0954
6.57311
62.3619
18.7796
10.2161
13.7215
21.7076
14.375
19.0805
32.5835
3.47723
3.68939
9.63899
4.81979
19.9553
6.97959
15.702
8.3907
9.27231
13.8405
7.7356
4.93547
6.78891
19.46
29.1625
28.8426
20.1215
20.3322
18.3268
15.4661
26.3025
29.0219
19.137
7.6558
14.3015
15.2378
23.8433
7.12342
36.7081
10.1677
8.02881
11.4419
18.8503
3.04375
5.49795
15.3228
6.50334
28.0143
7.34123
52.5167
20.5726
14.705
27.4171
15.7213
17.0559
10.6655
32.4705
16.4794
27.1202
22.772
10.9901
6.71333
6.74282
16.5485
14.7714
40.8945
10.9879
39.5862
4.32189
23.2007
12.8908
20.8961
6.56736
4.7906
19.6819
11.217
5.19624
26.2364
6.27702
20.822
14.3699
12.6056
6.07625
2.65958
10.206
6.25923
8.288
4.2733
6.29953
20.1484
4.06516
52.4711
4.93305
20.9218
20.7896
4.19729
33.7937
18.7175
17.9434
15.2643
9.67177
29.5424
10.3113
5.89807
20.7054
11.5002
17.8929
19.603
15.8932
11.5982
9.46794
11.5756
6.70167
6.64966
39.4447
22.2429
10.8779
11.7187
10.6419
15.9924
28.673
8.61127
30.0545
24.6609
13.4183
40.3931
14.8604
17.9914
11.0156
9.90535
12.3735
3.02223
13.2042
22.9445
14.8849
10.1614
5.63059
15.4227
10.273
28.9465
7.66903
14.254
28.6982
11.1122
31.5627
7.65584
17.6513
10.3256
7.01989
6.81228
32.1532
9.79759
15.4714
18.6915
27.6881
15.9116
9.93553
17.1617
11.8553
6.76521
25.1894
7.62464
14.6269
21.0111
33.6121
15.3827
14.2645
7.38073
5.36094
6.46665
7.02872
43.1831
45.9081
14.3226
4.70031
38.2135
23.4971
13.1951
9.05109
5.72341
6.5832
27.1984
14.958
7.13885
29.4345
11.688
16.5023
23.3789
6.94929
6.94054
15.2147
9.53587
16.4648
15.3391
9.2363
9.25533
5.63256
30.0442
12.2401
11.5455
11.5527
19.058
10.5755
14.09
17.1107
18.291
23.8525
6.72215
17.2264
17.3276
3.07353
15.0798
13.803
12.7826
11.7702
10.1911
17.0352
5.01766
16.7905
37.1574
10.2418
9.07151
7.44804
15.81
7.77873
18.8883
18.2466
21.9577
11.1079
7.58306
4.89743
14.1964
12.471
37.5322
14.5914
22.7462
11.7763
11.9497
19.617
33.7816
15.1007
27.1335
16.5421
20.2306
11.4993
19.5318
16.6604
8.25499
20.4452
14.7278
18.9458
14.5705
10.9916
9.7009
31.2385
6.42674
11.7474
8.7675
19.4982
8.14034
7.95331
9.55021
53.2493
10.495
10.7759
26.4055
20.6543
20.7825
10.6762
21.6714
11.5927
7.42052
17.5409
6.0444
11.0855
20.6551
13.1575
13.7412
18.7666
11.0062
4.17448
6.62097
15.7366
11.6461
15.3195
14.0311
7.36286
6.33828
10.944
4.77412
9.12993
10.7751
23.641
11.0821
21.8525
23.5453
23.3068
7.65139
8.43048
6.85969
3.94519
15.0509
13.5907
39.9086
11.9328
19.279
4.42866
7.77723
6.64325
15.1565
20.2439
13.0091
6.36309
10.7659
14.301
22.8457
27.5154
11.7362
5.28012
16.3474
15.4054
45.4653
11.7187
7.79577
9.46666
15.6958
4.46134
4.33582
15.0955
19.131
26.8729
17.5617
7.69284
21.1639
34.0767
10.086
21.8736
9.63501
15.3205
20.2076
5.22945
29.2007
13.323
14.21
7.7766
5.71403
21.213
10.3159
8.46995
5.90325
6.74401
18.5896
14.1358
13.6753
16.4893
19.3314
3.49331
5.9731
6.39338
26.9804
22.3717
8.24484
34.5188
39.1333
23.0025
17.5045
5.52158
29.13
19.4167
11.6479
6.10759
10.7103
7.58123
11.8527
10.2778
13.9218
8.1657
28.1224
22.0239
16.4687
4.24062
12.0361
28.2299
17.9453
6.17882
15.2263
3.96076
17.4389
7.43469
16.1249
12.9551
10.4628
19.8642
22.7843
20.2181
7.19793
13.6033
11.6344
13.2992
27.6013
7.05433
13.9717
32.4881
8.07939
17.4768
41.4244
17.4407
9.22126
7.29122
11.2838
4.06047
15.2082
9.73981
13.9634
23.7018
11.0332
12.7483
5.64572
23.6961
15.4445
9.15556
4.15094
21.4429
16.8804
10.8807
9.51257
34.5347
13.7768
14.4743
19.2429
21.4822
9.40888
12.3549
53.6221
9.87976
12.2574
25.8426
17.7994
9.11791
19.749
11.1388
12.7138
8.21064
11.7558
9.29223
10.9029
3.21415
21.8065
21.597
17.7307
5.59978
18.2034
9.61527
29.3766
8.35628
9.18609
21.5649
13.2395
22.7169
8.42177
5.90747
6.57581
29.7118
10.6083
16.8023
9.61973
9.18602
6.0762
24.2793
4.02337
13.9768
9.43486
6.59559
7.19944
13.5626
4.12346
12.1965
31.4412
25.7165
3.60187
10.1702
14.8526
12.6196
12.6614
23.677
12.3658
53.2537
19.3813
27.9413
18.0532
7.90434
5.01535
23.233
6.84214
12.5373
13.9195
30.4073
3.60042
7.21761
28.2213
5.61509
3.82598
8.55987
9.45992
22.1465
16.955
9.74885
11.4004
36.893
13.2818
22.5644
9.47497
5.76157
18.6551
7.12341
7.21659
6.82905
35.893
12.7002
8.28485
17.4111
7.10955
10.264
79.7494
11.3852
7.33657
7.99641
2.58381
31.4314
4.76923
19.7846
17.8962
8.42446
21.4224
5.31982
5.52803
15.1366
10.671
4.88354
3.79176
16.7381
4.70981
11.9595
21.7213
14.4247
12.1624
16.4665
14.5775
14.3616
12.6073
13.9237
19.2474
6.30758
5.80867
17.8768
4.55835
40.7622
20.933
28.9278
6.42283
11.1892
13.2268
7.6012
7.46995
8.05572
3.37262
17.6668
9.25748
11.2548
21.7723
16.3095
43.3523
14.2963
7.19302
5.36305
38.9524
13.6348
8.93104
10.2968
9.28075
2.35517
6.67342
16.2389
40.733
8.10284
10.7149
5.55185
7.28911
6.19496
10.1463
21.7488
12.4592
12.0188
3.82546
25.3416
3.5622
14.3168
12.7787
12.3558
16.1052
18.5001
14.1925
8.32051
7.27949
23.8799
14.1185
14.6034
11.7838
23.223
14.7607
10.6741
13.978
31.2587
14.9979
13.4865
12.7259
3.48689
89.5885
8.66378
23.2778
8.6796
13.2235
6.12917
12.7295
14.7046
20.815
8.18586
15.2631
11.9178
9.58772
20.6213
6.10652
40.5066
6.13331
31.8333
9.35357
5.80596
10.433
5.02266
2.14465
4.2566
24.1972
6.9198
9.17428
9.71836
4.53711
5.47138
11.605
13.6922
10.024
38.4105
12.033
3.6448
32.8697
2.46991
13.0169
17.693
14.7046
6.95911
26.9212
26.7537
9.78157
14.469
10.0186
30.6779
7.40819
7.64346
6.75056
20.5191
8.91317
13.6377
44.7972
25.3853
14.1337
7.54234
10.2426
32.8526
39.351
16.5592
10.1963
16.4207
17.3352
29.0184
4.2736
8.35529
20.1441
17.8393
21.3576
5.39939
7.64727
17.374
10.7867
22.1643
3.06229
18.6274
21.2124
7.78504
8.84977
13.763
9.65181
9.25435
32.4629
7.20103
9.92395
10.0456
27.3659
23.2301
6.26243
7.46491
15.0936
11.9663
17.6569
16.6435
4.61846
5.18156
10.6434
16.6884
7.66219
10.2546
2.58599
23.2894
6.41472
4.66647
22.4744
8.49998
20.8916
41.2015
15.6972
10.958
14.4729
12.4393
17.1435
13.7935
26.887
19.7402
25.6068
4.77642
20.2039
3.65959
6.46339
12.1759
20.3012
13.5097
9.30248
17.2745
38.3103
12.4466
16.5712
18.2005
13.0656
11.3398
12.0841
19.0234
27.65
12.0628
28.2428
12.1577
53.041
17.8289
14.843
23.8722
4.68124
30.9209
22.1926
32.198
20.5965
8.45811
19.8719
7.81555
8.09147
3.4124
9.55593
15.1203
3.90382
39.5554
21.3765
6.72347
9.13037
3.87174
8.41722
17.8217
14.964
19.1217
13.9687
12.6291
21.7446
20.7517
11.6535
9.95649
20.6273
8.46409
22.0789
38.8588
10.4151
7.35177
14.8283
9.2027
16.4866
10.5822
19.3005
8.8555
40.2024
4.74772
9.41204
8.42119
9.60043
18.3153
8.63997
21.4007
3.92091
7.24301
10.4258
6.69595
45.1952
19.0136
10.3892
15.8787
16.6678
38.8826
5.36179
11.1383
60.9422
10.3363
20.2824
12.4665
12.0016
12.3497
8.48351
12.5875
18.1668
7.42278
9.69005
5.45739
21.2907
25.1512
38.384
10.4174
14.8488
13.0547
13.3715
28.654
17.5557
22.1473
16.8375
19.4956
6.87125
14.0159
23.0327
16.9333
8.05347
11.3072
10.6073
4.24152
8.8801
10.7472
7.22064
23.6596
11.5738
59.2333
29.3667
17.8072
9.10423
9.56531
15.4921
6.59577
9.66149
4.62531
33.834
30.5013
11.6758
10.1219
13.6616
7.08636
17.9706
18.6927
32.8907
19.3854
20.7583
7.26442
6.80466
26.1576
4.266
6.68484
11.4569
4.91984
14.2799
6.58333
28.7727
6.15959
18.7741
15.9065
14.6758
27.1406
13.2022
3.273
18.0765
6.58102
21.6103
10.3463
17.4541
16.5355
23.8331
6.38518
7.0563
5.10279
15.1905
3.45331
16.7682
8.61759
20.61
10.304
11.9918
20.2086
11.7195
14.853
11.1835
16.1169
39.0094
23.2073
7.63601
18.6179
40.3721
10.3294
35.6053
26.4274
21.8357
28.3348
12.5554
6.62861
47.5128
10.3214
17.5631
5.44753
36.8275
4.73371
12.7569
3.65084
10.2823
13.3103
8.26663
6.57993
10.4148
10.7627
2.62339
6.51898
4.95175
17.6665
11.3385
12.0462
18.1254
8.52187
6.37731
39.2589
22.4469
11.107
4.72869
17.438
35.8105
6.52664
14.0104
15.3934
19.9512
17.7541
48.6918
7.51591
17.0127
21.946
23.2922
13.6386
34.5728
10.6052
14.0359
23.4616
9.07488
6.81077
6.2708
25.1673
30.1512
8.11085
8.96404
24.9248
4.60721
6.23986
34.1075
16.1389
8.7573
17.6262
4.93449
5.01559
11.1471
35.9217
24.6197
60.2096
34.1452
12.6844
9.83559
11.0418
20.8847
15.8806
16.6841
8.46224
6.53182
10.7901
8.25998
9.78917
24.4484
32.4475
14.9438
8.78198
11.0373
9.1588
9.28151
4.90422
17.6449
17.1383
20.3687
19.7062
42.089
4.59473
32.3937
44.4245
11.3668
26.641
28.4639
14.6278
16.0548
28.4727
4.57773
17.0477
6.40304
13.2906
23.2295
10.5475
26.1301
10.4453
7.35665
8.48595
15.9026
33.7304
16.9895
10.3865
32.3365
9.87919
9.53238
9.35672
11.429
3.65534
17.008
10.0412
9.25101
56.7053
23.7147
16.8495
10.8052
6.70391
35.6622
3.77141
30.2953
5.47615
4.42351
35.1865
6.213
9.5319
8.19078
11.5547
11.2512
10.4346
8.39048
8.52895
18.4193
6.55992
6.23848
13.8666
11.9281
3.59274
23.842
13.7948
9.5818
5.17926
5.86644
10.1604
10.1924
4.26378
32.4367
6.70282
17.1831
11.3023
10.6326
21.7006
8.43428
14.6507
19.7713
14.7429
5.21486
17.1304
7.58852
8.26208
24.2171
10.8947
19.4853
10.3636
8.62237
6.65258
10.8218
3.08378
14.3827
10.3683
29.8428
15.1954
13.724
24.8005
20.2109
14.4516
18.0887
16.9561
20.8356
10.3831
19.8324
12.5883
12.7321
12.3875
28.9463
23.8384
7.63828
2.4672
4.55766
10.885
5.40871
10.3806
5.10408
4.36748
29.0401
13.1746
12.7753
10.6696
44.2622
31.0259
10.7718
28.4085
5.72001
6.62264
11.8549
11.2797
8.28797
19.0899
33.056
9.28822
6.12821
14.8284
9.9608
29.941
4.10306
14.1635
15.0362
21.8155
17.3416
4.55474
8.95025
6.44954
26.1604
5.01675
16.9208
12.8341
6.67146
20.1196
17.1629
8.61384
17.0297
40.2464
9.82806
15.4936
25.8696
18.539
9.37702
14.7162
2.87526
19.2257
22.9092
24.6804
5.74677
27.2534
35.7096
28.3555
8.97719
4.70727
17.9099
21.4179
8.16938
6.33506
9.74177
21.7751
7.91359
20.1267
12.4554
39.4111
21.9082
8.74311
26.7409
22.946
4.73263
23.8772
4.89336
6.91703
10.3942
11.4278
4.73279
5.12658
8.16627
38.1718
4.35416
10.2439
23.721
16.0331
20.6334
20.2803
2.40558
14.4804
10.8217
8.69006
18.5293
7.56712
25.0929
6.50153
8.63666
4.59361
8.27287
19.2287
4.23592
5.66646
12.8915
26.2386
10.5561
12.9429
19.3691
9.56791
10.777
4.80159
14.2517
23.4616
17.6676
7.45571
25.6312
9.08108
20.1961
13.0536
14.4226
35.9544
21.0928
5.42968
11.0671
32.7028
21.7051
18.9307
18.5122
36.0247
5.52931
44.4694
15.1985
30.206
8.01107
11.6408
11.9651
7.23435
12.3132
1.75538
14.1303
10.3165
25.3344
11.6305
13.7395
20.9693
6.08641
20.2069
8.95244
16.894
19.4112
5.79744
18.7483
5.8147
11.0889
31.5638
6.56879
7.29323
8.65922
24.0083
11.6809
19.0057
6.73343
7.81688
13.4626
10.3282
8.79364
5.8493
16.0475
34.6996
4.99027
5.10365
10.0681
11.0004
3.88826
5.02448
5.58611
5.88301
2.88487
8.58886
7.71853
11.6382
9.40391
15.2354
19.1922
5.6212
33.3188
36.1889
14.8761
24.1821
46.4371
6.09404
12.1867
23.6465
12.7384
10.1054
8.43401
47.2586
9.21009
30.7152
20.2486
13.8912
23.6546
6.51484
8.59857
11.0713
4.41904
9.01538
18.7195
7.94945
18.7988
13.1642
15.6344
22.8389
9.3352
19.1019
5.3167
6.88347
7.89474
15.0126
23.6683
14.3035
5.64649
12.16
12.1119
14.5923
13.4162
25.7834
22.6499
40.2373
6.64895
14.9214
9.82494
32.9347
20.0077
8.53551
9.56187
12.484
7.87272
10.0759
16.9752
34.1793
19.2606
22.224
7.32362
16.6733
5.8364
16.9476
8.89564
9.34034
14.2743
7.82318
22.5196
20.0116
15.0899
5.75265
6.21366
7.32067
19.8321
8.2995
17.9037
4.19837
36.3171
9.81199
15.7588
12.7166
22.8074
13.5091
15.965
31.7783
7.2935
9.70514
6.8167
8.20876
39.8792
20.1336
14.8876
12.5339
11.3997
7.98998
10.4521
5.60851
11.6145
17.1853
44.2856
14.8207
5.21303
10.6632
5.93012
9.64845
33.1004
10.9685
12.0606
9.27248
5.53388
9.1598
36.1422
6.66646
8.49637
20.1563
39.1517
16.5535
24.1874
19.6396
29.0988
12.7517
10.6043
18.4855
2.00658
46.4657
21.5337
23.0149
8.41
22.2665
17.6144
6.61481
4.67982
15.8046
68.1139
10.8566
4.55626
10.6628
6.16154
7.68355
17.6103
10.3369
10.5672
43.4273
30.7898
8.22639
21.7012
17.0917
7.58627
11.5798
6.52906
9.59831
14.5407
26.2928
8.3799
30.4385
9.08273
9.91306
32.234
39.8796
6.75106
8.66997
12.9933
7.4758
15.1722
15.5471
9.48649
7.48609
19.5536
20.687
14.3964
30.6988
10.7149
14.6318
14.6724
16.5346
6.18124
7.96704
17.7439
36.9635
9.71915
32.7902
13.9272
20.0444
6.7502
12.6236
35.4148
2.86923
10.0499
17.3309
16.7738
12.3453
7.02524
11.1455
9.20502
31.0803
6.1694
4.88658
15.2948
29.3399
20.8681
6.31028
7.7701
17.4482
11.5626
16.0968
11.2487
22.7105
6.34083
28.7339
18.1091
9.41111
16.9593
74.5892
9.14233
10.3277
27.8562
13.0988
4.78151
3.73829
5.31986
15.502
14.1963
4.81545
46.3694
61.5734
13.1409
7.02971
6.01038
17.2614
1.85163
37.1352
16.8692
10.708
11.9621
20.0191
5.78312
15.3017
15.6079
25.5863
5.59245
17.1035
6.26638
2.87797
10.2145
20.8006
9.3551
14.2306
11.3881
8.80118
9.85666
16.5962
7.32014
8.41433
13.1338
10.9227
32.1881
14.65
36.1215
34.5707
11.7307
3.50837
9.78827
24.2879
25.9815
9.62652
14.1057
8.146
13.9512
30.0998
11.6381
21.0678
57.3363
19.7124
11.9414
6.9626
29.3835
23.5065
12.7861
11.6891
18.3336
51.1465
16.1259
10.6057
12.9121
7.64727
12.5939
22.1219
6.56409
39.4692
10.4949
6.99139
10.6904
8.88216
10.9319
9.39389
12.8615
5.73893
14.7816
17.1478
8.14988
22.915
18.4237
18.165
19.1208
8.61251
8.77493
10.645
6.02049
18.6292
7.76813
12.1085
25.2319
33.202
5.81559
14.3258
5.07854
11.751
14.3812
16.3666
13.8207
22.2227
3.86365
20.3452
13.9511
29.2294
16.3073
10.6267
7.67052
26.5057
12.5158
8.23562
11.1765
26.7372
11.216
18.7963
35.062
7.23067
4.55172
13.2831
19.2556
14.1916
12.9804
5.86192
15.0815
34.725
5.13418
7.73946
16.0678
26.2578
5.98685
5.24555
3.09896
6.82576
20.8092
24.8858
7.82833
4.82366
11.9837
7.36541
7.99519
30.2581
9.44869
11.8731
11.1062
16.6312
7.45051
31.6782
14.4022
10.6391
10.4229
10.5525
33.4153
9.43917
5.76093
5.13273
49.725
12.0146
6.43402
5.31659
12.3588
11.5285
16.7951
15.5868
9.95015
21.7339
11.7719
8.52073
9.09055
8.5309
28.3759
6.30089
16.6161
24.5149
10.4461
8.48222
14.8398
4.66996
10.589
8.25998
6.27045
14.499
8.99195
8.0626
29.096
16.7449
4.12544
21.9227
9.8627
6.07471
8.61936
33.0371
17.6559
25.1951
9.31011
11.9948
15.9686
8.92302
7.21697
12.0096
9.3597
15.3422
31.532
40.0444
36.1534
13.0123
11.3631
11.7013
13.0555
10.7828
15.3634
9.57961
10.542
27.3158
6.60776
35.085
6.74924
4.21582
23.5788
12.5988
22.2941
14.1712
24.169
18.2701
12.026
13.3337
22.1702
7.38324
2.71792
26.5448
5.81859
11.0084
21.228
55.9492
49.5909
10.8371
3.74791
3.84197
20.174
4.7257
13.6384
18.7044
5.13436
12.2058
7.0548
6.5
25.1415
20.456
10.8838
1.96923
8.23657
7.74918
3.52063
42.3561
24.0728
4.86026
5.70716
8.62853
15.0141
7.52884
19.9115
10.6478
3.55703
6.10351
48.4894
11.1361
16.5607
5.63517
6.43849
17.6274
6.73342
18.163
7.17029
50.5939
4.40332
19.7672
11.6944
14.009
12.665
5.19225
5.39179
5.47228
8.57639
24.1416
7.23307
6.27271
5.26117
24.269
25.0455
14.3572
16.3295
6.71815
7.91232
12.1729
15.6896
6.61196
14.4733
30.4471
15.0829
26.0493
15.0648
23.7939
32.3091
22.1085
3.45568
10.6658
15.4323
14.4404
33.1966
20.0146
7.04429
17.2535
13.0544
13.8616
11.2024
13.8236
14.6297
4.76192
15.2481
10.9841
13.23
10.4404
13.594
17.2184
11.9979
32.909
28.8475
12.7411
13.9035
14.6162
8.32836
5.10161
14.6778
18.65
16.4256
16.4306
12.9575
14.3248
5.95048
4.32654
2.75219
8.99596
10.0724
11.161
19.0277
5.74145
5.79303
6.7466
20.0518
45.0203
7.90857
29.2166
16.0735
17.9775
8.54154
5.79331
11.2704
8.69068
7.54092
3.00919
20.3462
5.68261
5.52094
13.7646
9.8152
12.2151
35.374
12.183
15.3597
29.1416
29.1117
25.2951
7.15972
7.7866
22.5733
21.2017
16.8944
4.54068
20.4976
54.8975
12.0406
14.6073
12.2539
15.6376
21.6396
17.4904
5.94272
6.78411
8.51253
24.0217
12.1678
21.7693
24.6395
5.45902
11.3178
8.23243
16.3985
17.8298
8.93718
4.24809
14.0773
13.4041
16.933
10.2264
15.4827
17.8515
7.45458
7.10323
10.6617
15.1494
19.7886
14.992
16.3392
21.9401
18.9346
16.0929
10.3003
30.0566
11.2676
22.0478
9.68189
22.9597
4.69446
7.91117
16.7118
14.0497
3.97557
10.4303
25.7484
13.3555
17.6559
16.9517
9.51151
8.47394
19.6948
20.2478
13.8133
19.5333
6.97097
11.6688
16.0335
11.8175
12.6715
11.2736
5.59238
4.78874
8.49842
12.9696
4.68018
41.2295
3.23265
19.8768
15.2666
10.2314
8.41117
19.8646
8.871
7.78936
26.5119
17.9143
8.83496
23.7091
4.48533
23.794
23.7107
36.1862
22.7602
29.4888
12.711
20.4559
23.3614
8.40572
23.4061
22.2845
8.26569
5.87293
7.28415
23.0423
13.8594
10.7524
35.7158
3.40424
8.75254
20.5859
17.2411
10.1519
9.79411
29.1232
26.1948
6.3365
15.2247
19.4331
12.1487
20.5868
13.4011
12.0305
19.8324
7.28132
4.05317
5.16388
11.7728
11.7229
9.34042
6.58145
25.6798
7.90199
22.0394
18.692
10.912
17.5204
12.7936
14.6447
18.3009
18.0605
7.01427
12.0115
10.0928
12.4764
53.5546
18.5055
12.3815
9.67583
29.4986
12.329
4.96634
36.5778
35.0924
18.6562
8.24783
23.5692
8.75098
22.2135
8.90133
28.2796
13.1144
6.1083
24.0726
15.4353
9.48953
3.92216
5.2124
11.0023
8.67952
11.0044
26.6075
5.52277
14.8214
7.12465
52.4113
31.3509
9.55061
17.3986
33.919
46.8403
15.1316
14.0839
7.87141
7.22611
10.1061
30.9644
10.848
6.98153
14.7563
11.0796
17.5128
15.1167
5.59878
7.55242
27.0097
22.4786
9.63253
38.178
12.5425
19.699
17.2798
24.6035
42.6523
14.9163
12.0074
11.1523
33.6701
21.0893
3.40982
25.9113
17.1969
4.50072
3.75924
12.9113
23.4664
18.4716
52.2305
23.3674
15.0181
31.8632
2.41452
4.64273
11.5159
25.0805
6.5469
27.2308
8.35723
26.4779
24.8241
12.6528
5.94328
5.90758
19.5426
26.089
16.4525
14.2394
5.09599
6.55685
30.3096
8.30148
11.2188
6.21392
8.57351
30.1121
13.2994
22.1442
29.7826
18.8534
7.22548
15.8024
14.9302
11.6814
7.72961
4.01718
28.0631
10.0998
16.5129
9.0505
7.01115
18.582
5.74787
15.5467
10.7989
16.7529
17.3421
20.9245
14.4463
12.0422
13.3848
19.2888
16.5309
16.2409
31.5773
18.8793
14.2307
39.1775
4.77856
4.43855
13.3361
6.76879
14.1989
25.552
9.02509
10.7469
34.5663
20.3293
14.5665
10.1236
15.1963
12.3722
12.09
10.6808
9.11627
14.6895
49.3376
5.52096
4.50544
11.7941
55.6152
10.8815
6.52815
18.8111
9.61535
6.2044
7.62548
9.50161
7.01592
11.7073
16.0403
17.9107
13.9041
5.02033
8.25964
7.76035
12.2169
8.57984
18.6291
15.7694
15.7708
15.8167
13.8828
2.85801
8.3857
9.13746
9.55984
7.94845
6.6
31.5194
10.0973
53.7129
5.12868
7.39537
10.386
14.0166
19.6443
8.41025
16.5104
5.92568
7.77587
5.41523
29.8534
10.5421
14.1173
7.72104
26.2814
19.3092
26.7275
17.7412
10.04
4.6046
12.447
7.67801
34.3668
12.8298
5.97379
6.55447
8.75263
13.8529
32.3279
7.83933
3.38802
20.0934
4.15195
10.5632
27.5986
19.3488
10.5844
3.48409
6.29718
14.9283
18.0661
10.3857
6.02947
4.52937
13.7081
19.8389
14.9652
8.11396
9.98885
37.3022
7.73699
8.17333
10.568
11.9678
11.1477
36.9578
5.64093
23.8817
5.81766
14.8329
14.8807
38.4532
2.65346
21.9474
7.76951
12.8286
18.9554
5.02734
11.7554
5.9836
23.6344
12.5205
10.6509
6.34362
9.64731
41.0049
5.23399
30.1459
27.5777
13.2387
17.5316
8.92215
17.6473
6.9635
6.64886
32.1655
24.6742
10.6216
9.07443
50.5364
16.5213
23.3906
4.86898
5.56436
11.2809
9.09738
7.15243
34.3427
8.51432
16.6709
7.9945
16.608
7.25361
12.8551
13.5955
11.0325
26.1796
18.4105
5.3477
7.72881
81.5604
22.1024
20.5347
11.0316
14.4209
28.9866
17.5887
6.64718
6.21565
9.11903
14.4907
12.5972
8.38279
16.7673
14.9398
7.38056
8.7226
10.2109
9.06454
10.8818
6.93456
13.865
12.1442
6.33317
14.1827
41.6065
42.1746
7.46793
8.42498
30.0471
4.80104
6.34852
34.2091
6.41052
12.069
16.6513
5.85213
5.49051
8.79978
30.4038
11.9294
18.312
6.4254
9.49865
13.9444
7.27391
5.77338
20.524
22.3187
9.95792
7.94603
28.9131
27.1338
19.5611
29.1974
8.75587
8.23202
15.921
4.76347
6.37488
7.84026
15.1315
7.57265
8.58849
5.10901
10.598
15.3531
13.4603
12.2924
9.4483
19.4871
3.59222
2.86455
48.946
20.2777
14.549
12.9354
12.2479
35.1034
21.165
9.04762
3.76096
11.0456
14.8389
6.46327
19.5354
7.38994
18.4968
14.8609
8.48956
6.68054
17.8467
7.33621
14.1638
7.80745
13.8358
20.9731
25.7941
6.57537
4.08833
17.7673
25.5508
11.3996
10.1011
9.20113
17.7129
16.6317
14.4269
16.4387
29.053
9.84288
22.2713
17.0472
8.07633
9.34087
7.06521
16.7376
8.49656
10.906
28.2221
6.12296
4.26653
12.2425
6.523
4.18949
17.8148
19.193
5.22259
17.546
15.8079
15.2125
9.47273
9.83524
6.70077
11.7514
8.02662
7.22578
16.1025
12.6812
7.01743
22.1786
10.3872
24.7535
6.29923
17.4184
6.85716
7.45361
8.80678
22.83
2.31547
12.3128
19.1282
14.4687
45.4156
27.0232
25.7484
13.7031
13.6022
30.6391
15.9268
20.347
18.5661
18.5752
9.79441
23.3029
9.20519
26.6521
6.79405
10.2311
37.4541
13.6253
40.8642
12.0235
8.01296
23.2792
11.2592
5.0844
21.5669
22.2539
17.2611
21.0928
15.2705
11.9324
9.16197
13.7677
26.9838
17.4268
21.3381
17.7747
7.47568
7.39242
28.7382
4.00354
14.2767
5.21969
5.13912
7.61531
20.5863
3.91172
5.86445
38.8322
41.8735
47.0846
25.9856
7.45372
6.11468
13.2402
19.3819
28.3925
11.597
29.5784
4.08673
11.5894
16.3826
36.0318
9.13134
5.40651
23.7763
32.4514
8.90572
4.77846
9.90067
7.44837
14.1487
10.2454
15.0248
20.016
12.8413
9.89352
15.0001
8.86421
12.8461
14.8905
18.2372
15.028
30.4472
5.31663
38.9002
18.7349
24.6333
11.1997
17.7295
18.8108
13.8887
38.7198
19.4931
19.6791
70.5089
14.349
2.82145
8.44564
16.3066
11.8978
15.6479
8.37797
24.5118
6.9439
14.6646
8.98621
3.93864
5.56533
29.1384
5.73562
15.9654
21.0394
23.5128
12.5818
11.4606
10.12
8.14174
32.9292
23.3561
13.1759
46.3922
7.54362
4.00074
17.7447
7.92867
10.85
3.76919
7.2475
17.5161
19.673
16.7909
8.75579
34.8598
9.38796
10.1621
20.9689
9.27779
6.6732
10.4332
15.0657
20.79
12.3629
10.4729
3.50052
9.90682
18.4048
19.8581
6.30117
18.809
18.6841
8.52106
5.64291
11.2261
19.4362
16.8636
8.49655
11.4661
6.47105
18.6271
20.2286
6.67636
26.6146
16.1376
11.6375
16.9446
19.2209
19.4342
23.07
8.41747
6.01118
16.7217
12.2659
6.80023
13.8891
9.28196
17.944
10.134
4.45773
13.0623
22.2066
27.0414
11.6741
37.9725
34.2154
14.934
10.5752
7.13897
8.0672
10.0096
14.9349
7.30702
11.5707
39.0188
22.2005
4.91178
8.83377
26.486
5.47948
13.8426
4.45338
18.3635
7.14036
19.3248
16.1755
28.94
28.2605
16.0091
12.9385
4.4683
13.6319
4.84844
13.2979
5.89705
17.3296
7.08074
18.7053
16.6311
25.8947
7.50219
24.3506
11.1071
8.28738
22.4112
16.2429
2.70961
5.28367
22.6942
16.4121
13.3247
2.6822
20.9665
10.6893
11.0826
8.39229
13.3201
13.7505
19.987
23.0449
9.46266
17.7497
10.5605
11.3401
20.0522
7.76647
5.11742
3.68936
18.5719
5.56729
8.11037
19.3218
12.6189
6.41684
7.1879
18.0169
7.0856
45.9807
5.02769
9.2416
17.8588
10.7001
12.118
6.75727
9.74585
30.1224
6.88137
8.81569
16.2509
23.4794
5.70842
7.54706
8.30886
25.4808
10.2589
15.3121
13.657
24.7992
10.0756
4.09312
26.6191
40.2809
33.6754
11.5371
28.8067
6.53099
12.2404
3.70353
11.7966
12.775
18.9558
13.4785
3.85118
8.3305
5.00251
11.5124
10.5694
11.3529
32.7953
10.465
9.01964
7.73141
12.8468
7.52278
9.80794
8.81408
27.6808
34.6453
23.1346
40.3434
8.32622
5.73805
14.9281
49.2019
9.74432
6.41961
5.34062
22.9399
25.5655
58.7279
6.86289
15.604
18.5614
12.6132
17.3557
9.57968
9.3446
28.8207
10.0457
11.7425
10.7835
7.05236
6.20661
8.29573
14.2232
14.8152
39.9336
32.0151
17.8176
7.07842
3.58283
34.6764
9.07899
4.36154
18.7097
9.64403
21.4165
16.6738
4.85054
6.15202
14.0001
6.76293
16.8148
19.544
19.8549
11.1305
7.38532
10.0044
17.6907
31.351
11.2089
16.4642
22.6104
4.52886
20.5522
17.2855
12.0835
27.9523
18.9734
38.2078
9.91458
8.24869
4.96664
4.69077
6.13378
6.72144
14.6363
24.7905
17.5871
7.91524
18.7339
12.9177
46.2857
16.0153
8.87112
7.16079
12.3617
27.4378
4.57855
21.0034
8.86174
12.2289
20.9678
8.05703
16.6602
11.2084
17.2836
11.5117
14.0325
9.33303
21.1959
11.8427
20.4815
11.3866
18.4572
20.7149
2.87465
5.27259
6.16856
12.3935
6.13341
28.8631
18.4024
11.3914
15.8397
14.151
18.7158
15.7471
13.4818
25.2742
10.616
7.87077
10.1438
18.5244
8.55514
17.1365
4.13999
11.4904
16.513
6.18778
12.1862
5.69695
5.33165
7.6757
11.3543
16.5086
12.2957
7.70287
19.4597
4.03004
19.2882
5.96988
7.61661
18.7527
12.2887
13.1884
42.5073
18.3987
3.79625
10.696
5.54226
27.4307
28.9488
11.1431
17.3835
48.8785
16.3106
7.53033
7.2368
25.2022
10.5285
8.71834
32.3425
11.0896
5.10562
8.15765
3.76735
5.64557
20.7107
10.0036
19.1553
3.25158
55.3944
8.75125
8.74655
8.88446
5.3052
18.4669
11.9025
5.94243
6.82664
13.7109
17.9351
13.4276
11.6203
13.3144
7.22771
28.8982
23.0539
5.1994
27.4302
17.1038
5.89365
6.44285
3.32105
11.7056
3.28257
7.13409
26.775
6.03816
5.24024
10.0222
21.7316
15.1225
33.503
19.2889
19.8927
9.39256
8.17617
28.3239
32.5126
22.7521
7.29034
13.9068
16.2504
16.6493
4.33987
5.8295
24.8108
8.22448
15.906
9.74668
25.0042
7.25263
8.69705
8.84999
10.8562
10.9761
18.7721
4.79536
11.9772
10.4608
23.4265
7.53057
29.6291
11.8573
15.2902
10.5995
7.74664
7.34474
18.6619
14.5303
15.7797
17.7262
7.9033
15.3203
28.2359
19.3517
5.59477
16.2272
16.6289
29.829
1.49822
6.34249
8.22007
15.8521
9.8817
4.10457
13.1119
8.18885
22.4057
11.7299
8.50164
12.237
5.41576
24.5557
16.0516
3.19351
13.1952
7.35288
23.6688
17.2864
8.74614
8.12835
11.2765
3.31814
5.85516
6.20268
8.71893
6.21496
13.4424
9.89579
9.87509
9.2045
8.47018
52.4848
8.53359
7.5686
25.4337
29.9538
9.20845
14.8023
15.1378
14.984
18.1447
23.4809
7.80922
19.2591
21.3906
6.98366
31.4098
9.62515
14.0863
11.6466
3.97959
6.34559
29.3254
34.6216
10.2879
10.6846
14.1495
15.029
9.60949
7.76164
4.31804
12.8771
16.0827
17.5283
21.2972
20.1797
6.31213
7.69895
18.8408
5.13131
11.4985
26.1089
15.395
8.82931
11.3272
45.9226
31.8815
22.2778
6.00093
15.6369
20.5566
12.145
8.63476
17.8355
16.0644
8.10596
6.64466
17.6499
35.2911
19.1029
6.05862
25.817
29.5918
20.107
10.7105
7.35185
14.1676
36.8583
31.2596
20.9465
5.77209
4.64428
11.7409
23.2464
50.2553
17.201
16.2634
11.1908
20.5867
9.31277
9.65321
4.81261
22.0006
25.697
6.09651
12.3466
13.3162
12.1637
5.4072
9.06144
23.209
15.4832
15.4691
22.0399
9.78465
29.3834
9.2069
8.10019
10.0078
11.0209
25.4884
8.93654
10.5878
39.5115
10.7538
12.4609
3.23213
11.5273
2.46253
4.2063
11.4098
21.1489
4.44689
11.663
8.54677
18.8167
10.2403
31.5332
22.0921
26.4333
14.7131
12.5268
9.72969
41.1192
16.8859
18.5184
7.48072
11.4594
10.4644
15.0097
16.987
57.1738
13.2998
26.7197
17.8065
14.6637
17.6195
19.1393
12.1452
2.40339
28.9566
17.6333
8.77896
8.6537
32.2286
13.1885
23.6382
6.28028
7.13545
12.2823
13.4305
24.7528
9.70859
12.0838
13.6196
5.7072
43.9201
11.3201
9.40849
39.4477
15.4872
15.7581
13.801
6.28415
20.5267
27.6802
17.7863
11.6429
14.1595
5.83648
22.5769
22.3542
12.3797
10.7726
17.412
17.1396
13.2897
12.8973
14.3445
59.2071
6.1362
11.8483
26.1533
9.10352
12.2113
40.4277
4.60466
16.2391
26.9162
8.19844
15.933
4.97778
20.9109
8.13473
4.5265
11.7103
5.5389
25.7631
11.7257
11.2813
11.1625
13.4076
6.35308
31.3247
27.6388
15.1573
32.6391
9.15203
4.82762
14.4925
8.4706
11.0337
3.63896
8.00041
15.13
5.36155
41.4158
13.7791
20.4627
9.44497
9.50496
3.55449
6.17747
9.26707
11.8471
5.92005
48.0139
12.3791
5.9888
12.1527
23.244
5.17542
3.58766
27.7783
9.33346
10.8726
5.90382
25.5004
32.983
3.20096
8.20364
12.2238
14.4247
2.54809
10.6884
14.9769
20.8009
8.43832
15.2943
18.0058
5.01235
5.23079
4.98244
9.58499
10.0281
7.58531
15.8261
8.39052
11.6302
5.10559
7.0282
11.7004
19.0708
19.6699
3.38469
32.279
15.7314
6.13866
21.0328
9.35672
5.43771
8.16783
25.6325
4.99853
17.771
9.87193
13.9815
39.0024
22.7071
17.1384
10.5644
2.88298
16.2541
9.48446
34.4263
4.83972
34.2259
41.5025
34.9531
35.6017
10.0351
8.36748
5.0177
6.2424
40.547
32.4
4.57697
9.25015
36.7349
6.89938
8.03642
20.0348
6.56091
9.83601
14.2623
24.9738
22.0315
20.5735
6.68603
4.36395
6.63473
22.7784
21.6324
17.3299
13.0297
44.1098
11.6613
30.9982
11.7728
15.426
7.62535
29.947
9.37188
9.49815
12.9331
6.61591
17.0482
6.58174
8.10401
24.4467
15.5076
24.765
24.1391
45.1402
3.88333
20.0795
19.5145
7.43917
8.12535
17.406
3.36958
7.65771
31.7535
17.9592
14.7615
6.12947
7.76572
12.1952
40.0768
27.0217
31.6071
8.96782
9.25409
19.1392
18.7915
16.0069
20.9678
24.3884
6.39871
17.4055
23.8251
26.1804
22.1594
6.83389
11.5438
9.59765
6.83048
39.0965
7.41446
18.8281
9.07822
3.16451
13.0164
29.1713
16.4436
2.60559
22.5416
68.6013
8.4245
37.3874
6.72883
9.78404
6.14794
9.81388
22.7102
5.36951
22.5285
12.1609
26.4678
13.0569
12.4776
7.46887
32.5463
11.1658
29.1822
15.7486
21.7123
19.3834
34.9099
25.2708
16.8087
6.78281
18.0267
14.3542
16.5439
9.31753
16.4578
17.7895
10.2969
3.80289
12.1849
4.66056
13.4016
7.56791
10.9291
11.302
20.5151
18.3107
13.9338
23.4985
11.2845
23.1287
4.27163
37.6365
44.0379
13.9759
15.9631
11.0038
34.3997
7.62297
27.0202
16.9264
10.4528
14.8388
11.2237
5.29421
6.94274
9.99435
18.5009
13.3096
8.29126
21.4031
11.6882
2.64338
11.7682
10.0564
29.0632
10.6173
5.53613
4.46536
4.61492
7.43914
13.287
9.03425
3.76765
11.4039
8.24347
5.1101
16.5204
5.24497
12.3065
27.9728
3.80665
26.4927
4.14709
3.83432
13.0693
13.5262
20.3629
26.3741
10.692
27.4995
7.85434
13.3207
7.96996
23.5535
10.8869
7.34547
12.1118
34.9396
8.85068
14.8064
60.492
5.68927
18.2135
18.7382
5.75131
11.7327
22.1561
11.6419
4.63132
10.3506
24.0104
16.6222
8.59631
6.0171
21.5507
28.4098
23.7025
3.43339
16.0045
11.1285
16.4594
19.7579
14.3338
5.28332
4.78275
5.62226
12.5201
4.9468
14.0176
22.2784
10.758
18.3002
29.3503
14.0643
14.7048
12.1549
28.5792
5.84233
23.3112
16.1756
13.8601
5.36722
14.3081
23.997
27.9602
17.8171
10.2362
10.8274
6.85535
3.63769
14.443
7.75405
10.4224
8.57201
15.5594
9.4201
3.48469
6.18076
30.5938
12.8461
9.64916
16.4066
9.92452
7.16174
12.2923
28.8955
8.0325
5.54547
7.23897
8.25366
8.60536
11.9859
8.13552
13.8009
7.50691
6.82287
4.58503
27.8248
11.1614
18.5426
5.355
3.47217
14.5283
4.29425
10.7867
5.35989
41.2822
8.17333
19.8242
26.4478
6.93232
16.7657
28.0964
12.4985
7.00342
3.83801
16.095
19.0002
4.91473
28.2678
10.6011
9.70257
63.5457
7.60869
9.46926
69.0795
29.1379
18.8166
13.7978
25.6444
28.972
10.8968
9.42384
28.5734
21.6851
3.71126
33.6339
11.3604
11.8782
7.1385
7.22791
2.46702
10.3594
5.70956
23.0279
20.4072
20.7408
24.9764
14.2702
9.93752
21.3024
24.5388
6.24292
40.9785
6.97782
6.621
18.2323
11.6322
8.5297
14.8347
11.1925
5.66361
37.9017
24.6874
6.79686
25.5043
5.62186
9.56924
7.48938
6.84405
6.35407
6.49492
9.57509
6.81395
19.3548
18.0775
27.6087
19.9656
16.3322
21.3405
7.33522
5.37566
4.19565
10.896
21.3479
13.1344
18.6449
22.4654
7.74245
38.6706
59.6266
6.26494
10.4497
12.0054
20.8911
4.92128
17.4308
6.45707
9.58289
8.76555
14.6557
8.81293
45.0188
23.7685
5.04294
6.89871
11.547
24.7876
5.47003
6.84478
10.2357
14.2802
5.99053
14.4556
2.95134
16.6038
6.91815
5.26898
34.8961
24.7874
14.6986
5.64779
10.8562
3.34816
20.0565
29.5262
16.3377
29.8182
5.47757
10.9946
20.0461
21.8103
17.503
9.98595
25.1342
10.1408
10.0968
5.92334
22.7683
15.7522
6.98678
5.35183
31.8573
14.575
37.7463
6.58538
27.1251
24.2692
15.7366
9.48265
6.10447
36.6053
12.4283
21.5883
9.71927
9.39006
13.4425
13.2134
21.2737
4.34599
6.83118
20.667
7.55086
16.4307
12.2359
6.54858
14.903
57.7585
15.3498
23.3805
28.3204
5.73817
7.13939
9.2096
5.13395
6.2175
12.9379
14.027
78.5218
22.3164
11.6626
4.97353
5.83051
8.45762
8.87154
7.43329
12.9051
12.0244
14.0686
17.3328
6.35234
19.6337
7.77325
12.1795
8.57627
13.1307
9.65778
16.2534
8.65372
6.79377
14.1265
17.9717
5.03281
4.5702
1.89861
5.55373
9.48933
27.0169
12.0543
11.5587
18.2198
7.13733
35.9725
18.0042
6.76962
9.53986
16.2365
23.9209
10.808
5.38927
7.6633
28.5847
9.98177
15.5247
8.17303
16.3344
20.1245
5.00103
5.14309
10.6653
14.3888
8.62157
19.4412
26.2188
6.55461
19.0456
17.654
10.6661
10.7168
7.9055
12.6096
22.3631
6.25728
4.54837
2.64707
31.1755
40.4905
11.7673
20.7971
36.8431
6.07511
10.7446
8.50699
7.83461
12.1668
7.80485
20.741
17.7879
10.5995
25.4138
9.38401
32.437
16.6883
6.7789
12.8463
13.2313
8.74155
2.81694
30.2818
17.6329
9.11779
22.4919
34.5762
19.7459
29.1713
16.9052
14.4653
12.6541
8.3066
48.7797
6.55945
14.7264
23.4357
29.3412
7.76089
4.88801
11.4913
18.0051
4.78927
8.78374
17.3458
22.2008
14.2278
19.0186
16.6672
7.92931
18.2971
8.27873
8.46319
5.87481
7.01782
6.68179
26.0398
14.0563
7.42228
11.0436
25.6562
6.9646
6.99553
10.7816
10.5989
13.7196
14.6465
17.9495
36.9107
14.9123
6.08529
10.7641
16.3299
8.67373
8.16345
6.72656
12.9941
17.0394
2.29352
10.9782
22.0513
11.5449
3.76021
5.85468
1.60786
17.0614
10.3096
19.0084
33.1111
4.65301
33.8298
6.49319
7.92576
3.58886
4.73126
12.2895
21.6378
33.1752
30.2743
48.5165
21.408
34.7923
30.9775
21.0258
17.2863
13.5867
11.1986
14.643
12.5485
19.8323
19.5396
7.46735
31.9056
39.0134
18.6188
9.33924
13.7862
15.6745
21.168
27.1737
19.7921
18.9881
3.85881
10.2756
13.1214
6.46631
20.1682
7.47661
11.1266
2.19915
37.9379
17.1579
17.6555
31.9982
5.969
43.7683
12.4217
9.86496
20.7961
104.553
6.10621
10.4945
11.0099
12.821
14.0413
20.158
11.7159
14.4258
34.7456
8.59546
18.0936
19.5071
35.2578
12.7201
5.01212
15.6186
26.1554
8.90952
11.946
37.2029
29.2348
16.7823
12.7973
19.0645
21.6806
10.9469
11.7836
13.4886
7.14344
17.5919
45.2771
19.7787
31.9252
14.6765
6.47793
6.7741
7.4714
21.4275
12.1122
13.4851
10.6893
48.536
4.9814
7.22379
17.2138
7.71147
24.7611
22.1485
18.769
17.2785
22.7043
6.67661
13.8105
13.092
17.5271
10.015
14.2708
16.3813
21.9832
10.7566
20.4495
9.82382
36.7235
5.29072
27.9742
10.8441
5.73216
49.6441
14.0706
8.29364
21.1924
28.4158
8.27047
6.79131
14.5163
18.3675
29.6046
37.2611
15.0302
10.9321
4.08822
8.73015
17.1678
23.98
9.68734
10.7488
11.8236
9.99033
29.3865
4.49211
6.44265
10.3876
14.9026
7.92421
8.9342
3.72719
17.9665
24.007
10.7313
14.041
12.9865
9.91968
13.7627
10.0061
8.27021
16.8511
13.9843
15.7527
18.7892
11.8408
9.80595
8.41359
14.858
11.2873
22.9931
7.04241
20.0012
15.9523
16.3933
23.8937
7.7847
21.7421
29.4747
19.2711
7.9573
2.83762
14.9668
5.7215
8.81479
15.6145
24.9827
24.228
11.9338
3.67285
66.4874
15.3396
19.672
13.0692
15.6972
25.9525
8.80395
4.77507
18.6124
18.753
19.2211
19.949
9.64852
24.2099
14.8843
5.4133
20.8212
16.8841
17.7269
10.7339
15.2168
18.4703
21.5629
11.6086
20.7382
16.8892
20.7819
15.3003
8.60287
10.8107
11.4355
8.5325
12.5403
21.6422
17.6803
5.62643
17.2404
16.3345
2.25198
8.35471
11.1535
13.4639
21.8286
29.4357
17.3557
27.0746
26.6864
7.90363
34.1679
10.4629
12.4318
18.065
7.48311
11.0099
7.61168
12.7632
19.6957
7.64991
15.1928
44.4736
11.0351
9.36312
9.24591
4.2983
26.5385
8.04914
25.0824
39.9383
58.4433
17.6663
15.9394
25.9742
21.0762
8.33967
25.4491
4.0146
16.6929
11.5768
25.1084
14.2736
11.9743
4.98308
5.80215
12.0848
20.2325
19.6745
9.41045
21.0379
12.2064
24.4838
4.27363
13.51
14.6532
4.71178
26.9115
5.01576
25.9224
4.10375
51.3368
4.07345
9.08127
24.8134
15.1098
28.9482
4.06324
12.911
25.1614
7.5657
12.0144
21.7173
6.02914
9.03461
9.563
14.1509
26.1609
7.00094
28.282
22.4407
7.29585
16.235
16.2148
38.291
20.3347
10.3354
6.22809
12.4855
12.0778
15.7265
22.3251
11.4726
18.8402
11.1294
5.96666
11.9344
14.3414
21.0473
29.5742
6.71771
14.856
4.23451
8.01746
9.99256
7.62502
5.01717
4.46145
8.33578
21.8874
8.67554
11.7509
29.5958
6.09002
9.71132
6.97319
5.84866
8.87557
23.0262
8.22574
10.9772
15.9058
30.6088
26.2307
19.9426
4.66829
3.94127
20.0268
16.4517
20.5085
29.5108
13.5824
27.9495
20.9674
6.18115
13.6065
4.04219
13.1659
12.9834
21.6068
23.8525
9.40355
11.4521
26.9999
8.16483
3.89982
19.5985
12.688
8.64644
7.47031
26.1019
7.74417
18.6343
27.5078
24.9047
33.8257
12.8549
4.66703
10.886
13.0858
17.139
4.28023
6.01149
32.2473
18.6069
34.6382
27.3108
4.32145
10.6976
14.5285
22.1907
2.80899
12.4603
6.4713
5.24584
19.2921
5.40048
14.5011
9.65563
14.5402
8.13239
11.4888
7.40532
19.9049
13.1009
13.8866
17.8197
17.0788
16.5782
3.97754
15.1432
3.79857
6.85148
5.55745
7.709
15.3926
27.8253
28.3014
18.0886
23.954
3.61744
10.0242
7.83211
3.52735
5.94306
16.4966
7.07276
14.8882
21.4087
9.15872
6.57401
9.52977
17.8004
6.4715
23.995
20.7693
19.0341
13.8431
31.8764
9.53524
7.74216
13.9544
7.16253
16.5217
37.2818
12.3267
9.09861
19.6438
14.1064
9.36
5.179
20.8808
5.30491
11.2074
16.9086
16.949
7.21884
14.0337
35.0274
16.5479
7.26661
21.7594
20.6152
21.2898
8.39644
8.00472
28.2955
15.3054
14.2844
12.4044
7.07999
15.978
4.18761
18.8442
11.0753
18.6541
11.4187
54.5735
24.7181
6.55228
9.30063
16.7263
21.5542
13.8413
7.09562
9.72883
30.3473
7.22436
49.2328
14.0841
29.171
8.15083
5.3227
10.0967
19.1728
10.403
12.1144
14.2953
12.6956
13.8464
18.4563
10.5669
29.332
5.05386
17.1752
19.6672
20.442
17.4659
6.1018
24.4969
6.97337
20.1911
6.94109
5.22855
15.6933
20.0895
6.31611
7.75425
19.1891
21.9754
5.60976
35.2937
13.1356
18.9041
15.9932
11.524
6.60836
8.97246
18.3278
11.3658
8.24301
21.3746
5.2554
7.33739
8.94696
16.3752
11.5815
28.2947
8.46061
24.7462
7.98235
16.8588
3.78132
5.68487
9.92387
25.1962
8.3447
20.4012
36.0448
26.0185
14.4287
6.69632
9.84824
8.99739
19.3001
28.0667
3.74798
11.5126
14.9771
8.63194
9.44433
6.07246
10.6842
13.6742
8.29205
5.53719
8.55288
21.0108
13.6582
7.88646
7.53612
19.2413
9.94031
6.35691
4.36547
11.5539
17.9965
18.0862
4.07057
9.28094
22.4176
13.3351
10.5271
5.89401
20.4458
10.1096
5.18296
3.7056
21.9754
10.8119
21.3927
17.2863
13.0585
3.76333
6.35602
22.9133
5.51156
18.7649
19.0338
13.0991
26.7102
37.9506
24.4254
14.7491
11.1114
7.80587
5.15368
14.6353
15.0788
21.7882
5.97385
11.6117
7.76692
16.9641
13.4912
23.4021
7.32298
5.16767
15.506
4.48284
17.0875
5.99154
6.91717
4.20039
13.1818
6.4589
14.0709
26.4708
8.93373
18.2363
9.08871
9.29828
12.2934
18.6404
15.9036
32.058
17.0231
17.7148
11.6849
20.9052
37.1387
3.08697
17.7454
14.7103
11.3719
18.8857
7.89709
21.1491
20.4818
18.3664
11.305
4.0399
23.2091
28.479
13.3298
18.748
4.5131
15.2814
29.9052
11.0176
12.5119
17.5211
16.3842
11.0787
13.1257
30.1639
27.4514
2.78573
51.0873
11.2938
20.2119
4.55204
12.009
14.9843
11.2292
18.5305
4.31275
9.28451
11.209
15.8291
17.0448
30.5605
12.1666
9.21779
4.77602
21.7315
25.9245
5.30333
12.1879
13.2206
12.8181
7.47464
7.12142
37.3132
11.3137
5.86169
10.5868
13.2593
11.2415
24.5542
11.5187
14.7935
16.8582
10.4272
47.521
21.4972
12.6728
32.1144
22.3231
4.17334
11.6467
17.2683
28.9723
5.99752
10.5679
8.21759
4.914
22.3395
35.9934
10.4629
10.6449
2.69723
16.6339
17.2269
4.15143
8.75044
13.31
31.3235
8.12026
10.6687
8.13595
5.73489
13.6333
16.6867
6.35911
6.59083
18.6219
38.1315
16.4259
5.57197
16.5267
13.3542
22.3013
12.0504
20.074
7.59086
16.4581
9.87121
22.5387
6.89232
6.06174
23.7492
11.8251
14.4546
8.14978
26.8086
17.0215
20.9482
4.47485
8.30038
9.92262
5.57368
20.8417
15.3598
7.1493
14.1469
10.2225
4.77058
22.6912
13.9815
5.06347
16.9418
15.7225
19.0104
7.68698
18.4056
5.39369
14.292
23.9781
8.78469
30.5985
20.4732
4.42318
15.9718
43.6478
4.84888
21.7229
20.564
3.79939
7.13196
6.89198
9.11991
4.67135
10.5582
13.2591
29.1626
10.9323
9.30371
5.46858
16.928
14.6379
16.5605
10.3292
5.74463
10.115
13.0396
32.7654
30.2335
18.9444
8.84112
2.32022
21.2528
8.4762
18.4031
19.0973
10.1803
4.92686
4.63697
14.3399
8.73906
5.64492
5.44108
10.5447
33.3056
4.7185
9.87296
12.1854
13.8889
5.38722
15.6739
7.23114
10.4601
54.8033
7.76649
13.9898
12.2286
16.4861
14.3187
20.7327
7.93983
6.9142
14.1217
9.38685
6.84971
5.21285
10.0804
13.3526
18.8446
6.23157
6.44079
15.0178
5.82117
10.0306
13.3233
12.0204
22.6127
14.9123
4.36877
39.7999
11.2301
10.4166
3.25293
8.95054
11.3241
4.82448
29.2104
7.58209
12.0861
9.56718
11.2058
6.662
49.2456
19.9464
15.1899
9.10492
28.188
13.1927
10.9173
17.6441
18.8354
17.3714
18.4158
8.93627
15.3297
6.75809
12.2484
6.61364
12.3423
10.7359
3.37009
14.0408
7.02853
11.8547
7.93085
6.50088
3.95077
2.56733
15.6175
11.0321
4.44206
29.7242
10.8094
13.754
7.44489
18.8533
5.27466
7.883
15.2055
20.9239
13.2537
20.0859
13.3029
8.8917
18.8294
9.16047
8.04224
18.195
33.9383
6.714
22.4054
12.0095
14.2959
10.1382
14.572
9.9611
37.205
49.8009
15.5245
47.0686
3.17352
3.85631
5.44375
15.4062
15.716
17.8813
7.75418
24.1956
7.99913
18.9137
24.4828
17.6446
25.8951
13.0215
4.19015
24.7084
9.99978
7.49597
23.4309
7.97067
9.9003
28.9021
6.41406
18.7412
4.35171
11.3933
27.0041
15.2264
13.4849
14.1036
25.8806
11.4511
45.5062
6.51806
15.6315
11.9073
15.7072
13.2021
17.0644
7.30025
10.7794
36.1552
45.9539
7.3616
5.53801
13.3053
1.86195
5.86038
16.1459
11.8283
30.4637
17.8083
9.81696
43.0901
30.6747
17.2022
6.02848
10.8294
22.1395
16.7706
18.8083
14.4681
22.7985
14.5916
7.17709
10.0966
4.77496
5.38894
16.8852
35.6423
11.7292
17.6256
2.75908
34.9207
18.1767
35.1912
25.8474
30.1034
12.3501
8.06055
16.8366
10.8396
22.5873
9.40499
14.6771
29.9594
14.8716
6.12493
26.7638
36.844
3.29206
8.36394
7.32659
16.6604
20.743
14.6209
17.562
26.9715
6.63446
10.8655
25.2631
14.5948
6.4838
10.7053
25.0863
24.8172
52.9693
14.1094
17.7394
7.88542
11.0838
6.59428
31.7556
21.3362
31.5875
6.55263
4.18558
19.9233
18.6121
8.28711
5.49516
15.5301
3.55576
30.6189
25.5256
13.86
4.24469
30.4472
12.9493
5.3139
8.67832
11.9936
11.6227
7.34509
6.31046
13.0381
5.13442
25.9944
10.1398
7.81847
6.31338
20.5193
17.456
32.1466
6.86526
11.6279
21.5931
9.7493
9.28667
15.1972
35.8154
15.4304
48.6432
6.79928
22.3223
5.05731
3.48897
59.4924
43.6366
22.4784
5.87659
13.0502
15.8309
26.7774
11.4757
4.42135
2.69593
25.2184
19.0361
13.0822
32.7699
29.3332
18.3591
7.7032
9.84385
11.7822
21.6447
21.3471
5.33221
9.32073
6.79142
26.2218
26.2838
8.9996
19.8004
10.1025
5.90897
14.4617
6.88074
29.1115
28.1559
10.5978
11.1195
19.9122
9.95108
31.7542
18.0014
8.46556
30.7252
10.4003
16.1211
5.49049
27.7226
12.6595
2.03969
16.0359
15.5581
12.6305
11.3566
8.19867
23.4772
23.5852
2.34309
18.6026
12.5208
34.2863
17.4658
16.9174
14.437
29.0325
22.3736
16.1906
13.8621
32.4155
10.4559
13.9317
13.3016
5.98565
26.3969
10.815
17.0154
5.00417
8.50998
3.28097
16.48
11.2794
8.49025
36.1545
16.3111
5.55585
15.8748
11.4632
4.79715
3.96862
20.4136
11.5165
8.10869
4.77593
20.2947
14.2079
19.9742
9.6375
28.1937
15.6199
11.3691
13.5138
5.11856
5.89958
15.9848
40.1167
11.5507
11.9132
9.84391
44.363
5.2952
4.75957
6.93987
4.27986
17.2562
7.79104
15.3242
11.5622
10.6406
12.5905
18.4574
15.1189
11.7882
22.0639
44.9122
9.93171
17.6513
5.00341
14.3825
12.2424
29.3289
3.2286
19.1566
18.9662
12.5469
4.0227
14.4958
6.15688
8.01528
21.5093
27.1798
12.2316
10.7411
8.09564
33.3176
19.2167
21.1261
4.97517
7.54708
23.9972
6.39539
8.9839
23.8841
6.37988
22.4207
17.2783
12.0425
10.2393
18.129
16.7767
12.9993
16.1864
25.6967
10.9285
16.1317
6.23909
8.19708
10.0119
37.9906
18.9209
19.6929
4.31488
19.4318
31.5843
9.71492
18.8313
18.9805
40.1777
7.91454
23.2475
9.79221
13.5268
8.34306
10.8143
11.9792
4.82771
4.49018
14.1982
5.58192
36.1171
15.5248
6.62592
6.56046
4.74064
11.6433
25.6432
8.31568
11.7998
6.52726
26.3513
18.5574
8.69362
41.31
4.33187
16.5621
12.4678
9.37418
17.5608
5.24812
7.74129
9.1872
6.9425
4.80977
26.3081
18.2359
12.219
10.9607
6.63355
24.5869
19.19
13.124
10.4735
9.25469
19.514
13.9469
19.93
12.8819
7.80443
10.1515
28.5668
8.20032
11.7958
4.89149
14.8712
18.0651
23.2165
35.8639
11.6248
5.71563
23.6478
6.07447
24.6131
41.1869
1.96095
16.6688
15.566
17.9586
12.6373
19.7647
7.13458
13.4203
9.98524
20.514
3.5593
9.74062
16.448
9.14908
3.8274
6.2754
21.1388
5.98796
27.0777
20.2645
6.02646
6.91398
35.9976
28.9467
25.9419
20.157
40.7145
13.9213
12.4593
10.5633
2.96433
19.8873
6.70193
24.3242
33.3167
9.15537
34.0235
32.7615
7.9286
4.46689
10.6326
15.981
18.3494
26.9254
13.5223
6.05611
6.35751
24.7896
15.112
12.0971
12.9566
9.87851
18.9806
20.2956
8.21462
20.4273
7.05312
7.92773
5.92352
10.5198
9.82896
5.16292
21.2299
10.8468
34.4431
8.83181
5.807
8.48002
8.43058
14.1448
19.3596
14.4419
6.98949
32.1773
7.48367
23.6209
5.64522
16.7698
3.96146
6.64147
13.9532
8.1427
12.7909
9.99758
3.54206
9.38902
10.3923
12.8281
14.944
16.981
14.8487
18.1502
23.6486
10.9713
12.3711
18.2132
13.2136
15.405
15.3454
16.1855
26.8788
10.0794
13.5488
10.1723
40.5978
16.741
23.0115
6.66119
19.3866
22.8936
26.9221
37.8683
18.7076
12.8773
28.8302
4.02344
11.2637
17.0246
9.06332
5.32733
27.3864
36.6418
38.7901
41.6445
5.54141
11.3544
13.7231
14.2371
7.71942
3.66091
3.17413
15.2956
8.23555
40.6913
32.3992
6.82064
8.83146
27.8025
19.0693
9.29518
9.81693
10.5599
25.7349
15.2594
16.9271
31.8258
31.8801
21.2564
19.5863
4.26394
36.3951
49.8627
17.6784
5.76062
20.5833
19.2438
13.0985
5.03931
21.1939
33.931
5.67683
6.05337
14.1279
12.6674
27.0992
35.3961
8.53321
12.9399
27.1242
4.11531
14.4178
21.6665
21.0804
15.9751
16.6362
16.7433
4.2548
9.74166
11.4461
6.48435
6.11417
31.2316
7.81739
4.60918
10.8437
12.4427
19.2359
8.13608
26.8637
13.2469
20.1853
15.8346
5.65667
5.48068
50.8252
12.424
3.84241
61.6942
17.1776
9.49708
12.243
9.57162
10.6242
9.42361
5.9205
15.6205
25.0478
14.1068
12.4357
12.0076
17.551
15.8644
3.71724
9.03429
19.9668
24.0462
5.73397
19.7864
11.8481
31.4886
14.7735
12.0931
7.78838
11.4387
11.1744
15.7978
26.0772
6.93503
9.52997
25.2183
16.7211
6.99113
12.4869
23.1118
12.8766
33.7644
7.4194
17.1814
8.2356
18.5272
19.296
8.06908
18.4989
9.88537
4.80368
7.27187
8.88681
5.95328
23.0512
10.4394
9.75073
5.13854
6.7818
8.38508
6.94207
17.9126
20.2837
1.83236
10.9226
26.0145
21.1221
9.50142
30.0449
9.31851
16.3674
4.22592
20.1881
11.2302
21.1163
5.05411
7.13923
8.90078
13.5141
4.27166
21.1573
43.5036
11.0706
11.8029
9.75279
14.2076
8.45032
9.28566
25.0593
21.323
30.6662
14.2871
3.50572
17.0701
13.953
15.9406
8.42676
13.6941
36.8744
11.7751
7.61303
19.1932
25.3461
15.8479
7.00129
8.43684
6.54779
37.4524
6.55489
18.8824
24.6714
21.0111
41.4215
5.71981
16.6391
34.0299
17.8724
8.14046
13.4352
5.57436
5.00729
16.6336
11.4712
10.6225
6.74799
13.2209
7.68476
25.9319
22.7146
7.95713
9.51618
15.6405
18.5474
15.4902
9.84146
4.58169
13.181
12.7081
11.7625
16.1649
26.794
14.7445
6.60445
3.37011
8.45122
1.66139
5.74811
3.18591
7.15325
6.11354
27.862
14.565
20.0546
16.6973
13.2052
20.8885
6.97164
5.75228
10.8378
8.81372
14.0679
9.52932
6.05356
9.89199
29.3636
4.49622
13.7414
14.584
20.8394
9.87494
10.6587
5.30751
26.5065
4.8902
23.6531
3.4416
17.8301
16.4753
10.4196
9.48917
6.07922
33.8803
11.7046
23.7296
15.6539
12.4958
31.4152
6.17159
7.29103
20.1824
12.0616
5.17744
19.2754
19.6958
23.9255
14.3629
36.8215
11.8976
7.17742
32.7473
18.5064
16.9926
13.8488
6.3427
20.7455
17.2996
12.731
22.7631
14.8551
13.749
5.35246
30.2601
18.1117
10.7017
10.5155
7.47463
9.40164
22.8637
25.6273
33.6214
13.3356
4.03652
27.2955
66.1345
18.3064
15.4641
7.07743
32.0889
33.2123
17.8124
17.1872
18.3606
12.0906
5.00345
14.3519
15.7635
14.6339
17.3556
16.9731
9.30537
31.5859
10.3123
6.95727
8.86542
27.8866
18.6336
17.4258
9.60431
27.808
16.5155
14.9786
42.1219
5.54892
34.2771
16.9415
8.22026
16.3774
4.91766
10.899
7.29816
3.76965
6.45786
19.7997
14.3825
20.3968
34.2474
13.6361
12.4765
13.8289
36.7686
15.6638
8.92649
9.19857
26.4621
8.5923
11.1178
8.49831
10.5046
7.8426
10.1748
26.4294
11.7619
13.319
8.75018
9.47956
22.3174
16.2036
12.766
7.88016
13.6462
21.4833
13.1552
24.4451
23.4886
4.93114
25.2446
23.6445
30.7148
2.71438
21.4197
20.8226
6.68062
10.8911
19.5087
8.8059
6.46441
9.91734
19.111
15.6553
10.8943
9.15072
3.59653
6.37322
47.0313
10.3075
22.8454
9.31617
67.8843
4.9133
29.4826
12.5023
9.5931
13.7094
9.91577
15.0209
17.351
5.34356
10.5876
7.99334
9.61329
6.17013
8.62025
6.24178
18.7747
14.6861
13.8818
10.8485
5.07358
4.7388
5.15159
22.2578
14.4453
13.4649
16.2061
15.0297
11.655
18.9049
4.69549
17.2076
7.64871
9.2924
30.0933
27.8776
4.54212
75.1432
13.6136
16.1952
11.9343
6.07438
4.80835
8.82488
16.4322
25.4026
38.3256
15.0784
21.9281
19.6741
6.38312
20.0757
4.07427
17.5425
4.05589
3.62973
11.3067
28.0956
10.5536
5.33107
34.5952
21.4347
32.9633
3.67721
23.5203
7.01854
16.6542
18.542
37.5508
48.9404
8.79775
8.82102
7.24223
2.03216
6.15601
3.6449
4.91312
3.6942
22.1099
17.0806
2.25345
9.22059
8.92757
9.15386
19.9391
5.68766
3.69137
12.0866
21.7376
20.0975
12.1619
6.42783
5.08183
4.71384
18.793
18.152
23.2501
10.3781
6.60912
15.7273
11.2124
5.63121
26.3608
32.7021
8.56309
10.8589
5.52628
19.9251
17.1078
27.2496
5.96639
7.40813
5.91725
9.6856
7.90069
6.08328
4.19228
5.70591
12.5773
21.0524
30.4519
80.9383
18.5044
41.7278
35.4114
7.53327
27.6609
6.25434
10.3809
10.1613
21.9191
28.2804
5.93928
16.1809
8.73574
7.36025
33.5618
34.7079
18.6074
7.44577
24.3055
14.4419
15.3243
10.5904
11.6942
5.12084
27.8609
28.0009
4.42254
3.72944
8.93009
17.4836
18.9628
6.68578
13.9816
14.2996
4.85696
16.6752
17.2078
7.1755
22.66
16.525
16.1609
16.3962
9.48732
3.3306
8.25428
31.5789
18.1786
8.95028
7.37065
32.9586
11.3158
27.5839
10.1311
49.4647
17.1601
13.7616
3.83426
30.8976
18.8015
12.4839
9.16418
10.8439
11.4781
16.9136
5.44226
10.5464
11.408
19.3731
19.7215
14.9712
28.8326
13.7467
11.8926
9.85619
9.34343
8.52904
14.5831
34.2941
33.1686
38.7572
6.18762
16.7954
10.2761
4.374
19.7361
5.87107
19.8704
11.1797
48.7089
4.31812
23.776
6.24328
17.4341
5.74616
17.8792
5.22395
13.9269
6.31006
14.3753
21.0196
18.7165
5.8461
28.0629
5.92955
27.94
23.5278
9.57353
13.1726
6.29047
21.7758
7.65363
22.2373
25.4075
5.09855
19.1153
14.2355
18.653
10.8067
7.0147
7.30965
24.6932
15.1571
13.1267
24.8175
7.27863
13.7868
29.0197
15.2041
36.5971
19.6528
8.39254
60.545
10.0879
5.92879
20.719
39.962
13.6486
7.32351
7.49993
8.56168
10.9848
5.34915
4.77894
8.00197
4.20221
16.156
5.81192
5.57532
13.1279
9.27692
12.9424
7.05044
17.9933
6.27637
2.1393
15.7428
2.19421
10.5525
11.8556
15.372
17.2334
6.36169
24.2183
9.62176
5.86617
16.4155
43.1863
48.043
21.0715
51.5722
18.4335
8.97942
29.6024
8.52094
10.3263
21.9666
11.0249
15.5727
31.3614
10.9564
32.4412
9.1487
8.84106
15.4002
8.87928
4.64886
23.2459
5.36298
15.2643
11.3258
5.78202
10.2305
9.32863
19.4265
11.8423
3.16033
6.58845
20.6848
9.33679
19.1536
17.5782
14.503
3.8922
23.6146
7.36665
18.2953
5.95181
44.9041
8.48494
8.77533
21.345
5.17445
9.3004
30.5942
10.2557
18.2247
28.263
9.03313
5.79936
9.25293
25.5909
31.8513
5.5409
21.0061
5.8641
16.5062
19.2073
5.04459
3.95304
4.63204
3.16125
9.11162
10.1906
15.5685
9.36206
38.3691
11.7805
22.5577
5.53037
12.4905
11.0691
30.3128
38.9608
6.76066
6.96613
17.6034
42.2085
6.23786
9.69618
20.4006
27.0127
39.7177
10.7678
13.3926
7.5937
41.2397
5.02032
26.6224
49.6345
3.92443
17.5341
24.9744
10.1731
8.35509
10.2072
23.3451
15.7028
7.18599
36.0641
4.23898
6.34172
34.8054
21.6287
10.2677
43.4244
12.6118
9.2596
6.34469
9.50368
9.07948
3.40316
4.47325
7.96798
17.6751
10.3262
37.6974
11.5067
20.7297
14.3154
27.2936
32.2292
11.5819
11.9111
23.7042
16.2605
27.7268
16.8857
14.9047
23.5652
8.74134
3.98795
11.7829
4.79138
7.01928
17.2069
8.03074
38.3705
8.22637
14.2872
12.7746
16.3477
9.81741
32.7252
9.12315
9.83175
5.61176
17.7734
17.1468
7.09018
29.2485
12.1422
9.28208
17.6682
12.0919
7.03505
14.839
29.352
8.89245
17.7593
10.9434
17.4463
10.125
10.3824
8.17645
19.4291
8.66743
13.7983
12.2059
6.3117
6.25388
22.4917
23.2765
10.5181
19.0638
17.8524
25.6464
28.3682
9.83038
19.7221
4.04845
31.5819
10.5056
14.0307
11.4481
8.27419
11.0816
3.41057
9.40762
15.4812
14.5649
24.458
12.0287
5.56399
9.29317
13.4757
14.6082
44.9294
7.00825
6.93771
12.8641
13.5185
5.62436
32.9608
7.2731
16.4735
44.8933
24.7695
37.8209
10.9562
18.4449
12.6901
12.8725
20.9294
3.07505
8.58793
29.5051
22.3852
5.99689
3.15719
12.2601
10.3345
24.3246
29.8275
22.1838
8.60629
6.87114
5.8953
38.8793
13.4027
25.2813
4.17804
21.3736
7.42136
10.8926
13.7753
7.48943
16.9554
6.7478
6.34723
17.7915
13.7801
5.1423
6.54881
14.9744
16.0426
28.0351
60.0229
8.88989
17.817
21.8687
5.70804
5.93329
5.75247
9.72849
15.2942
14.228
19.1319
14.6043
10.1565
8.98774
11.9596
8.71185
9.41639
15.0073
7.88876
12.0388
7.76432
17.2498
22.9062
11.5418
10.7874
15.4233
42.8839
15.0421
16.4753
20.7955
43.8448
31.3968
9.5509
15.0856
18.0895
19.911
8.95368
19.7076
12.877
7.174
18.5078
6.8873
7.53432
10.902
9.57352
9.64852
8.89007
5.03821
12.3986
8.87416
13.0738
21.8764
11.6537
18.8361
19.5285
21.387
13.9418
20.101
13.8287
6.88864
22.9393
28.8432
5.70742
1.75412
28.0239
6.27331
20.3359
14.5085
7.90626
18.552
10.8744
22.2778
21.049
13.0668
35.7137
20.8338
11.1469
20.8052
10.5346
21.0893
21.762
50.1615
18.0515
19.799
7.00957
7.09411
9.45122
11.7883
30.8684
13.8333
13.6924
16.6999
9.65757
12.1096
12.98
8.02719
24.817
11.0501
8.67876
7.07999
17.5712
6.73707
14.3963
13.6031
5.97046
11.4031
12.9805
22.6563
3.66495
19.3847
4.26555
5.23509
9.62463
9.04645
11.607
25.0482
18.812
4.61574
12.9726
13.2322
12.4608
29.7011
10.6535
13.1501
5.36253
7.7748
13.5394
32.6868
6.33916
29.2059
5.58994
9.93894
27.7048
13.9908
24.6075
3.39117
30.8177
23.4608
14.3974
3.74714
12.4876
5.75329
11.946
5.42143
28.745
3.54931
15.7313
11.0567
5.09337
24.8744
18.0171
9.91734
8.03461
60.2989
9.2823
12.3258
13.6977
5.96213
15.1692
5.52906
8.85825
4.34663
23.9281
21.4167
7.50662
8.65173
11.2331
25.2947
24.4149
15.2663
7.86308
13.3671
20.2225
12.7078
12.1382
6.25385
3.93587
12.277
11.8343
9.58176
18.9662
4.37457
11.9299
11.5092
21.8207
7.42986
10.7289
13.9677
11.1885
31.7823
10.2617
4.02544
16.6958
14.6489
5.01239
9.24536
9.10047
12.3363
18.5502
28.8149
28.9115
34.9293
6.4435
9.99881
12.8203
6.22186
4.2652
7.30063
12.3669
52.7513
27.4286
18.0093
44.7124
15.1436
27.5248
12.2082
20.7615
7.66949
21.1206
9.82903
28.3099
8.27756
7.29585
11.107
5.98762
10.3039
13.3193
16.5978
25.5194
6.78051
10.8248
65.3839
7.047
12.9973
11.4727
21.9708
14.8672
13.1757
4.55993
5.45853
11.5594
14.8063
7.44829
8.86362
6.34863
13.6429
13.9428
12.5493
15.8978
11.4232
25.2996
8.71964
10.9958
10.7719
17.7264
3.61711
6.59948
27.5883
13.2428
7.66741
22.0966
3.25677
13.9391
4.13714
12.9707
14.1031
5.84412
5.77378
11.4306
5.77318
5.30874
12.8931
10.3601
14.014
27.1831
6.03505
6.09028
29.4461
4.03065
12.9463
10.5023
15.3833
5.75447
17.6431
31.0199
3.1342
5.79933
10.9834
12.2328
14.2089
25.2684
9.76374
12.4512
10.2333
15.1629
4.66749
17.1373
10.8529
6.17839
24.6507
16.6286
12.232
22.1963
13.1223
10.3068
29.6027
6.49992
9.37958
16.3363
7.16856
45.5575
37.374
4.96153
55.112
12.3528
9.46609
6.42813
14.5318
3.60214
14.3774
24.8678
18.2377
39.6806
12.3309
13.4862
25.1662
4.30468
18.477
17.8059
6.13513
11.0428
57.2791
16.2616
36.9168
56.5889
11.8098
3.1666
11.4093
15.9713
11.7873
15.0093
7.85972
9.69273
13.9726
16.4934
22.9342
46.0892
28.1098
17.8105
8.65181
32.7677
4.49255
26.8598
7.31424
25.4798
19.8208
28.4315
16.5939
24.0183
12.0484
11.373
20.1687
54.4576
15.4511
42.9508
4.55265
10.7035
25.1756
18.3526
12.7534
13.1299
5.10032
3.5843
7.394
5.82576
6.54585
20.5701
11.0832
4.20842
15.8796
24.8851
8.1947
22.4102
13.5588
5.19257
9.35972
12.2264
5.80478
11.3379
8.95346
8.07787
11.1253
10.8265
4.42829
25.319
4.38689
19.4485
21.0484
15.0008
18.3154
6.94536
4.27824
24.926
15.4343
13.5121
15.2818
12.3558
19.2494
16.7186
30.3875
11.5737
11.8509
11.0121
47.3657
25.7455
19.3772
3.9245
27.0965
61.035
15.4348
51.8011
11.7724
24.1983
17.1854
3.20236
14.2119
8.16043
25.4083
19.8827
21.9373
41.3888
4.4569
30.4819
55.8847
34.6461
28.4734
12.3725
25.4131
13.7173
15.4217
21.1586
13.3659
12.9869
11.3063
8.0534
12.9799
6.2783
5.09592
8.23057
17.7241
15.7193
32.1908
8.68253
7.31758
12.214
7.75484
45.7877
8.09182