101.007
84.9796
76.6427
108.22
75.8558
109.637
52.9338
36.0953
66.5214
35.5719
55.586
156.046
238.517
21.1722
175.775
104.483
117.959
30.9453
97.996
99.1028
34.7174
48.5461
119.015
83.5733
60.0172
53.4363
146.719
56.1003
45.101
78.5392
79.399
29.6513
66.7275
67.1026
53.2065
29.1839
42.9989
33.5493
26.8789
31.323
152.53
190.788
48.8365
114.013
238.312
160.842
305.775
48.1606
18.4816
101.967
53.2607
134.663
63.0389
28.9919
75.7963
37.8247
30.0516
122.254
66.3492
28.6048
111.326
140.111
27.8145
109.886
157.089
144.974
47.2779
58.9399
99.9328
73.5097
22.2427
127.689
31.0392
147.316
35.8548
56.1695
71.7451
46.675
58.2043
214.143
50.2584
93.2221
62.7526
177.786
72.657
59.3843
32.9117
60.29
46.4546
138.209
109.384
50.9399
36.4727
93.897
37.2664
40.1519
97.2186
118.558
27.5499
79.8668
21.453
71.5188
40.3456
17.5249
54.9926
22.8337
43.1604
35.6627
24.9537
83.5941
97.9812
16.5414
79.2096
97.9029
66.9142
32.4153
425.759
32.7608
16.9004
35.7613
49.1324
64.7274
74.4561
114.146
38.146
34.9992
87.0583
76.6655
61.2494
111.259
59.8729
32.7694
14.4346
37.2979
79.0448
171.974
33.2763
44.9769
96.1694
95.0055
145.964
28.973
36.4301
85.9354
48.4729
92.9773
80.9079
45.21
28.4964
101.576
92.1854
60.3027
89.9531
30.9002
136.687
103.202
175.587
141.622
35.2919
144.699
20.5428
53.9807
24.2446
93.8735
57.5903
68.9586
46.726
199.505
141.874
15.9839
78.8108
33.7368
37.9575
129.136
20.2134
40.2197
52.5037
43.2328
26.3328
64.9328
67.4888
46.9916
86.1058
88.621
49.3378
57.7369
121.164
182.263
19.9506
54.6532
51.8016
32.1073
36.3271
145.985
76.9072
38.5294
88.116
65.1861
22.1106
44.6353
59.1755
137.543
34.8196
42.2412
165.777
108.689
100.572
44.6295
73.739
42.9449
29.5715
75.8553
61.5522
125.248
40.2366
99.4546
121.277
109.13
49.5878
113.892
68.7507
81.0734
134.801
102.082
134.332
48.7788
39.4463
33.6414
29.8423
59.4332
28.2421
74.091
43.1944
99.2536
122.669
186.947
112.374
84.1486
84.3774
89.63
89.8551
62.4856
22.2482
70.6371
40.8404
17.878
90.6399
41.6219
38.8564
42.7467
235.891
28.5939
48.0019
59.2297
15.3832
174.666
105.662
35.9914
56.7542
103.74
45.0425
162.995
111.606
108.207
60.7705
30.8827
57.2089
143.278
32.7961
37.8968
34.0596
265.815
45.946
49.2821
305.088
188.038
71.4168
96.7685
63.0343
68.2604
39.5175
73.8603
69.2253
55.7483
55.1135
64.3084
75.503
39.1423
32.3885
51.2829
92.9105
25.8221
52.9546
179.678
48.3787
54.0748
43.9905
22.6461
49.2989
58.8951
108.114
28.8264
71.6453
37.374
47.502
25.9401
28.8454
46.5882
48.1033
71.7396
353.599
62.1422
57.0067
70.3311
142.02
22.5515
68.451
77.4914
63.494
128.045
118.163
104.692
43.9706
139.143
31.9155
47.0049
101.744
98.1498
53.6247
104.545
40.1265
29.3547
31.783
40.0611
99.109
48.5685
39.338
89.0587
45.5628
24.9186
69.465
19.2185
45.3168
58.5593
57.3524
110.282
112.615
37.0205
46.1322
58.1275
57.669
76.3773
53.5976
131.371
61.3692
32.241
177.701
53.1619
33.8571
68.7993
69.3238
53.144
111.407
36.8812
32.8849
46.4362
51.1411
109.175
79.2976
108.118
76.1726
87.9289
26.9934
23.7023
86.4001
73.9243
74.4066
64.0889
65.0759
96.9284
53.1123
55.7713
44.4049
49.9344
41.2597
84.5679
32.685
121.792
62.0775
32.508
45.7736
17.6757
135.574
51.666
146.832
27.9946
63.6408
23.4449
26.7898
47.0019
42.8814
49.143
123.462
40.1739
120.849
51.0333
32.4483
68.6061
38.1244
112.104
55.8358
102.131
100.835
35.111
111.658
69.3059
58.3128
53.8417
42.4665
36.685
46.8065
56.0444
128.123
77.893
87.2567
195.585
115.526
64.1551
46.2909
35.8241
38.669
45.1893
46.4706
55.9922
55.1024
44.8707
209.437
160.583
25.9045
135.761
117.189
121.307
26.6839
126.761
137.089
64.4277
115.678
46.6532
184.161
33.5251
150.849
148.148
49.9215
80.684
69.6354
47.0759
33.6756
72.3357
83.8666
47.8661
81.2415
81.2298
61.387
66.6701
45.1197
59.1233
19.125
87.288
26.4619
54.426
80.6653
80.6422
61.9483
118.499
66.6864
255.064
116.284
63.6758
107.658
43.7917
175.288
35.0974
54.4207
57.7867
79.5743
56.4476
36.9491
85.909
56.124
95.6285
57.5082
49.0222
73.7535
173.916
57.169
57.2305
61.4599
31.7621
66.3891
79.9499
77.6833
21.9184
56.8424
40.662
37.5647
33.0727
90.8992
34.2441
120.189
113.291
39.7146
26.9205
23.6084
72.2863
60.8725
33.3953
85.8311
59.3573
133.827
108.313
30.4924
61.1802
41.0071
43.8989
130.914
125.927
37.3701
103.043
104.159
31.5425
53.8159
35.4467
94.2804
37.2852
152.757
86.3168
47.2927
281.956
9.63456
45.7701
75.4844
107.404
94.5225
21.9713
112.972
39.7033
50.6689
69.1143
22.1085
43.747
37.7714
37.4663
89.8088
106.86
60.1496
95.3752
57.5435
98.4084
162.967
31.0282
204.183
35.864
11.1611
77.5921
107.986
105.077
34.3477
39.9647
54.9913
76.0816
47.1677
181.346
45.52
54.5025
50.4996
39.1484
170.379
107.619
36.3352
86.7888
71.6148
261.003
34.0459
62.544
63.6779
58.7347
50.1954
74.1669
65.4824
128.484
55.8558
48.5034
100.73
79.5911
94.094
62.1491
41.9172
57.8109
68.2173
58.2132
36.8034
29.1676
82.139
46.5588
32.8403
23.3124
43.2046
78.0267
73.9492
76.2838
50.3586
51.704
134.386
76.7125
89.8487
52.7967
219.033
88.8943
69.1337
51.0495
57.1557
151.584
104.848
28.9108
34.822
34.6333
86.6879
168.106
91.7042
66.9854
66.5725
23.9251
138.757
51.9425
21.2971
41.3113
40.9289
26.7946
149.089
119.565
11.9864
27.7072
67.4625
123.615
81.1308
58.1524
30.0883
67.655
38.5565
18.9165
53.8882
17.7553
57.5419
108.154
23.2918
27.897
58.1602
101.634
87.6073
184.268
41.2523
82.5561
66.4112
192.895
96.9947
57.3492
89.7057
37.02
57.7078
97.7326
76.5957
149.176
52.8672
51.4242
26.8768
44.6878
20.5963
146.325
35.6787
86.8638
35.1166
53.314
45.9135
57.8533
42.8342
16.6815
125.179
93.2036
95.9998
80.5209
28.4305
31.0277
57.2486
93.8429
63.1269
80.7156
32.1893
17.6619
29.6934
39.9535
254.165
21.344
103.495
46.8768
156.72
46.4396
71.414
29.1078
257.183
79.6112
52.0821
21.5843
15.9956
189.531
91.6513
108.365
80.2703
125.804
18.5003
107.355
187.973
50.3996
125.755
110.588
60.7934
49.978
62.6571
58.5355
35.5325
125.542
47.4982
55.6725
61.0999
131.734
78.9563
132.323
57.9708
41.3651
104.313
49.8536
71.2071
91.015
19.5319
53.302
100.861
116.45
105.968
86.4414
60.3363
35.7143
59.8682
43.0468
68.8737
65.3144
108.973
22.4089
27.5444
88.6695
39.2535
97.6033
54.351
126.93
158.474
67.095
39.8508
62.508
50.3478
276.927
44.115
90.5988
42.0838
66.6214
69.4148
92.4599
150.279
48.8036
25.0137
74.4684
33.9633
59.3937
72.1711
40.8194
28.6647
136.161
60.0125
39.7242
77.1029
85.613
22.4025
47.3096
30.1798
75.2863
35.5749
60.0536
66.639
31.9307
65.5697
17.9684
55.4279
24.6263
38.8949
90.5759
36.4186
81.3761
62.4972
18.6069
115.815
130.301
35.5632
34.9797
159.087
66.466
28.2689
75.0895
80.9747
43.8341
63.5395
85.9515
47.798
128.369
79.1597
55.2502
53.8313
221.196
37.6061
28.7684
42.6811
73.0377
29.7551
99.3162
16.2069
95.9822
73.7611
29.8411
45.6977
48.9713
22.2165
56.1519
79.0515
70.7573
75.3196
72.9045
43.8242
138.6
146.411
47.7766
32.348
74.5171
70.2707
59.9713
11.9006
88.1207
66.7887
38.3924
29.952
61.6183
38.9364
48.2759
40.896
101.488
73.4262
41.2414
79.0877
92.1633
41.6166
38.1175
26.2699
138.335
155.694
43.8268
47.4279
31.8887
55.5856
76.9033
30.9113
122.667
38.2202
18.6225
47.7251
46.1447
50.3358
100.478
75.6191
147.725
267.823
34.6954
53.6476
86.5223
58.0019
46.5985
43.2794
38.6863
50.6037
94.0926
23.798
18.3095
156.697
87.4196
102.728
137.254
130.836
26.0352
96.8687
35.3469
90.2989
283.387
44.5362
40.1399
66.4647
63.5706
98.5364
71.0142
46.9933
41.5103
23.0919
56.8176
35.1127
111.374
37.5025
79.4281
72.6126
79.3431
84.2458
363.118
37.1817
121.753
104.829
146.282
30.2775
53.0383
140.837
21.793
41.3145
161.104
90.0014
71.1921
12.9145
39.6605
102.98
34.4399
162.696
97.0607
75.1177
48.5868
116.711
58.6474
176.028
39.333
111.354
130.507
81.6685
56.0318
75.1536
52.906
33.3073
77.4368
67.8887
41.8103
70.5918
32.9592
58.1908
152.978
269.464
65.8846
51.2273
94.8269
40.5754
47.7326
148.347
23.2128
19.4617
59.2942
90.0834
71.7302
33.8502
47.8716
53.1811
57.2292
49.6389
51.2078
65.7225
34.2581
35.9112
37.8134
39.9659
30.1267
41.8693
159.963
66.4513
27.8674
168.77
33.8645
32.9407
55.6815
110.037
35.7212
40.3698
27.1352
25.8147
32.3716
73.1892
84.8037
88.3068
116.75
45.4747
124.001
77.4851
32.1134
32.6699
103.004
61.8952
50.2417
108.685
58.821
62.3974
41.4288
41.361
22.2169
101.326
112.65
55.256
45.6951
48.3847
230.114
54.4219
47.6921
33.2646
84.7347
186.489
36.2771
48.1914
111.004
35.5439
57.7283
17.5529
61.615
19.1605
39.2231
34.1834
46.0836
12.0418
46.7251
206.45
28.7866
145.375
41.9172
51.6443
170.896
108.555
68.0572
36.14
23.4354
119.311
132.796
44.6766
58.4909
109.395
90.8148
23.0573
124.908
75.8612
169.197
53.998
62.9892
273.245
189.401
64.0567
27.2167
52.7023
18.6518
26.4191
16.3656
20.3003
57.0177
39.9734
44.6817
39.6084
62.1381
43.4542
109.034
74.1629
86.5024
54.8412
28.651
54.8286
97.5423
50.2547
81.2518
116.828
101.777
76.8807
114.968
32.3955
100.113
87.3431
47.2016
86.925
105.888
67.2063
44.2254
263.969
126.233
172.46
95.5899
20.3796
31.7874
24.7958
127.452
31.7588
62.1974
41.7896
91.4012
84.7136
114.08
85.7601
63.6068
115.597
19.8258
55.8184
95.1813
36.8157
24.3529
109.85
79.8412
69.2237
82.6877
53.8629
67.4444
47.364
40.9707
34.9745
60.7859
102.513
68.2194
32.3216
28.6812
64.4406
35.715
93.2572
118.511
109.236
112.011
19.1627
32.0612
39.8734
178.332
118.212
59.3426
65.1546
47.8545
50.2971
47.7071
150.29
50.6196
146.187
83.2329
43.6562
94.4715
143.26
83.2243
46.9048
45.6952
63.651
60.1636
60.9035
30.2276
36.8993
75.3965
119.583
51.6288
27.8976
64.0364
133.466
56.4008
61.5906
44.5539
44.0543
99.5921
45.6511
48.5917
19.9001
42.9783
56.956
20.4656
88.3132
53.1286
55.532
63.5712
49.9323
186.122
16.1082
44.8004
33.1901
233.621
103.705
24.1019
18.3158
93.4766
174.118
76.3956
85.9948
42.7553
167.59
107.277
30.8074
22.4459
29.3441
33.7482
50.6071
34.07
21.8661
46.0778
81.4905
19.8875
69.0479
128.897
36.5089
86.9931
44.1068
74.3083
79.3769
28.6996
43.6611
64.2499
53.5733
143.501
30.4839
81.8014
18.5623
41.5038
44.2117
308.624
73.1514
44.387
158.361
101.633
173.541
36.1655
17.1434
25.6109
76.7074
79.5306
58.1846
46.4373
32.2618
68.4051
113.415
72.2794
24.4448
43.4018
137.404
32.129
115.371
70.8942
71.8596
129.179
40.7982
40.9082
90.2821
104.149
54.0642
125.869
64.1875
72.7366
47.1891
91.4777
33.0104
29.8173
64.4577
69.7429
41.2448
116.963
133.479
44.5384
36.353
159.155
134.356
152.298
66.4968
142.112
105.752
58.3918
35.7118
33.6187
75.273
47.6648
83.0623
113.837
79.7046
63.6245
19.6753
173.26
61.8806
114.934
46.0011
62.8346
54.7321
105.893
18.2232
40.0554
94.738
165.049
103.778
52.4056
53.6594
78.587
30.2674
55.3761
42.3029
119.509
48.4988
179.177
38.2098
26.6385
57.5562
62.1569
79.3959
75.1821
38.0654
87.1321
180.207
62.6048
97.2244
32.8975
129.434
30.567
93.601
24.9442
181.85
38.8019
25.5637
48.3923
63.9035
28.6804
26.2831
54.7269
72.5551
46.4854
89.0233
86.1076
47.1964
71.6876
35.5982
49.1432
65.7842
18.7566
64.1228
76.3108
70.4532
59.9962
43.9567
25.9076
66.0286
35.8238
90.2193
30.0454
18.1121
42.4137
125.015
16.7058
36.1599
27.8987
51.1633
111.328
111.806
234.063
89.8718
31.6933
120.848
49.6268
72.0043
45.6665
26.9962
56.2427
57.1044
43.3713
72.425
63.4361
39.3828
39.3499
34.7446
135.407
70.6975
102.668
72.0218
228.505
46.6014
57.4124
39.4158
71.1407
160.39
66.4005
76.0409
80.1919
71.6344
88.2525
26.4801
111.472
118.174
37.537
79.066
38.6938
101.191
54.4915
79.5123
58.3839
121.962
70.7214
29.6848
99.8628
50.3219
75.8132
85.5543
70.8687
22.3959
63.662
48.0312
85.0849
82.4225
114.858
25.7771
56.5286
35.9615
62.98
79.9975
38.6274
86.373
155.7
127.358
90.7708
51.06
83.2256
58.8948
31.4504
70.4111
97.9832
62.0186
30.0023
60.1949
64.4764
60.2019
158.626
75.0006
28.5358
51.3798
69.3519
36.6187
78.5847
24.1515
50.2915
200.026
66.0997
25.2536
46.9695
50.6906
75.4269
12.7094
13.5244
86.1807
24.6418
98.8838
254.227
102.472
124.842
39.412
102.971
53.4282
34.6606
33.1038
37.3
96.123
47.7925
84.8757
43.2635
260.446
151.113
68.6915
54.0143
77.7894
118.371
81.1802
86.5554
105.325
61.3074
76.8916
62.2168
41.9128
34.7628
45.6404
59.8425
171.235
75.9752
78.0218
124.008
39.4781
75.5698
43.1198
44.727
120.703
93.3347
84.333
43.9408
150.025
87.9165
30.6467
204.494
41.63
122.621
45.7618
46.3543
78.2653
157.557
37.6244
113.999
68.6389
123.816
160.594
85.1105
32.0475
68.3229
184.892
110.008
54.7507
49.1183
49.5628
112.739
100.08
21.6726
117.354
141.593
61.1597
82.0689
177.833
60.5123
39.5375
60.946
23.2537
40.3012
47.5769
33.9513
34.0038
85.1204
43.7132
144.39
121.531
47.9458
159.182
131.794
78.4052
30.4956
87.6842
46.5493
50.6538
54.6708
112.439
87.866
26.6702
175.661
88.1597
86.4552
114.914
98.6235
74.0457
114.871
53.5934
43.3546
101.765
21.1605
34.6427
70.7874
95.9086
71.603
125.516
52.7411
38.0059
161.616
52.3523
89.0519
48.623
46.2466
49.4688
25.9805
25.5104
100.589
56.2193
37.1161
340.685
21.1022
34.5461
80.4443
46.2356
15.1703
104.737
80.7668
137.962
132.501
137.397
107.62
30.7188
244.938
43.9673
28.2514
24.6721
34.9007
77.0417
46.517
90.0239
36.8056
51.563
58.8334
56.9446
25.1432
53.1887
252.333
71.2393
62.1653
102.713
23.2242
41.5107
44.6786
162.6
92.6591
114.19
35.8329
30.6764
65.2077
42.891
150.735
96.9103
80.2117
54.7713
87.957
120.333
71.1788
59.014
30.7952
146.684
64.7396
64.5073
69.0257
60.2264
124.934
117.633
117.347
96.9392
101.521
34.7757
55.8637
76.7937
79.1056
88.7968
57.8249
88.6901
94.2312
48.5322
133.791
51.017
66.6338
21.2327
25.5786
147.107
21.0059
35.1332
116.903
55.7564
41.1279
45.0283
10.7151
128.535
117.767
125.483
27.7987
119.135
201.384
25.4184
104.68
142.671
52.6078
122.118
30.561
97.2099
84.6793
132.868
30.3458
99.0031
96.1385
115.524
72.2785
31.9636
215.392
90.8934
64.8856
63.7783
53.6198
71.7715
50.4568
115.566
33.1971
64.5136
47.8438
51.574
43.0673
68.8304
72.2166
112.344
75.7861
46.9723
64.6146
164.06
48.0711
89.4174
66.3987
61.6581
62.9858
50.5549
24.097
35.1511
48.773
101.032
58.0599
59.8129
232.228
77.0852
72.4102
157.543
119.55
44.6081
140.137
80.2152
83.5879
119.422
20.5303
96.5561
64.1357
106.224
93.0233
193.824
28.0496
120.777
65.8622
95.6547
45.175
56.8058
52.2934
46.2006
77.3765
85.9623
32.4803
122.457
51.388
73.3617
91.1544
30.3089
26.2113
51.5327
80.9901
59.7222
72.876
39.6367
96.9979
185.433
60.5784
119.779
89.3134
34.1124
142.444
99.2292
15.3179
29.3201
52.2109
79.228
31.2903
105.803
34.8336
142.147
63.2558
165.617
38.9686
107.091
81.0463
141.921
67.4528
79.687
47.2305
41.338
70.985
36.3667
74.1147
151.705
124.691
191.314
101.508
19.7871
78.9493
134.172
53.2362
26.2737
64.7471
87.9886
38.3892
23.3444
91.7969
25.8457
38.6488
380.489
175.809
42.0631
48.1637
31.0482
30.6295
81.3876
37.4144
137.659
44.8972
32.5778
121.928
26.3984
83.5252
27.1341
66.8451
63.2114
49.0398
133.675
100.128
32.0579
168.517
226.618
49.632
42.181
28.2012
26.7352
50.1947
75.8351
58.0197
104.441
75.4789
147.615
107.078
119.874
158.131
119.491
38.2645
53.7653
128.654
81.045
82.9165
32.1208
210.607
17.6174
69.5389
65.0312
49.8623
89.4127
56.8083
40.2474
148.855
43.2603
185.008
38.4026
13.256
294.802
23.3878
74.8804
57.1664
19.6684
21.551
63.9459
8.39271
193.944
25.7376
52.4905
40.5512
43.031
86.886
34.6266
22.7434
67.6821
51.9768
41.8917
72.6163
74.8148
137.565
35.1089
294.889
18.8635
76.7845
40.4415
132.81
57.3793
23.8101
45.448
74.2873
38.4694
65.3884
46.3047
70.5545
233.893
18.3585
83.3533
129.609
110.393
147.649
30.336
114.211
37.7869
71.5783
91.3205
85.1425
76.9468
74.7209
145.924
62.0883
49.992
29.5676
83.4273
75.6308
60.2389
32.3439
55.2114
34.5824
161.411
94.3651
31.9044
46.7581
57.3075
48.6115
45.5399
47.9424
66.3009
72.3535
37.303
34.5698
153.824
47.5117
61.4011
74.0863
105.662
30.9341
23.1569
33.7152
38.5766
48.1587
42.2129
99.6735
53.9887
112.546
52.4263
45.5095
115.605
69.7712
19.2137
55.2595
73.7341
102.127
66.5669
50.0252
32.0976
77.021
54.9162
99.3162
38.201
74.9109
56.2366
145.985
84.5731
53.8894
27.1058
77.1295
39.4013
226.906
87.687
69.5713
131.589
53.2931
88.9295
91.765
200.831
97.6304
132.937
61.7426
39.8514
58.1811
121.445
168.644
43.6483
76.253
22.5661
35.6561
19.0542
40.8669
70.5072
97.0873
29.935
150.653
23.578
20.3719
62.8593
100.321
59.1142
28.1364
47.2053
129.004
65.3635
22.4941
40.934
46.1533
35.6146
49.8306
28.5553
84.4237
50.0571
68.2286
79.1465
119.35
132.158
125.208
76.1824
19.0455
43.2997
39.7426
92.2147
54.7291
76.7764
113.705
138.176
30.2251
151.815
158.37
78.9993
43.8639
40.5515
193.19
48.1518
58.8393
123.313
173.263
43.6494
45.1824
67.358
60.6483
59.1496
60.8784
66.3604
37.2117
94.9734
225.399
148.372
206.666
87.985
59.1972
66.0727
75.8674
103.432
37.9144
30.7772
117.476
84.0411
86.6294
58.8693
175.013
71.0284
121.046
105.807
61.7106
104.13
37.582
37.6461
117.823
181.385
31.5805
78.3121
31.1938
38.5002
79.2531
27.3702
25.6793
132.411
27.7352
109.978
50.6472
103.828
25.3527
55.62
73.0664
125.607
202.261
81.6509
13.6467
235.741
44.4056
134.576
73.9211
131.024
63.3057
154.7
20.8064
84.5589
136.933
47.1188
69.8687
77.8403
310.139
36.9113
89.0818
118.095
86.0518
52.34
49.7407
68.9778
56.6727
29.5575
66.1675
63.3822
30.6834
393.384
46.8774
118.802
87.5521
67.5603
77.1721
81.8627
40.7169
105.527
47.7309
27.2188
77.9821
42.741
23.2428
57.6979
97.9575
30.0937
42.0032
65.9769
90.8696
81.0809
137.232
111.867
170.503
48.1289
114.951
263.037
183.624
117.522
81.4572
55.8255
108.602
60.7798
29.8159
53.498
70.3651
153.337
51.9701
101.188
41.198
158.877
60.8577
57.7067
58.6804
266.104
60.1588
77.3854
86.7604
104.335
70.1955
66.0911
77.1909
29.5363
78.1807
142.927
66.7193
116.992
43.8053
19.9036
26.7405
52.3239
59.248
139.855
107.225
21.1974
150.82
39.4796
37.3364
25.339
172.997
75.4884
30.4155
48.4734
47.3021
90.6979
39.3674
22.6934
75.5426
60.6472
47.2477
71.3831
38.8665
226.814
31.6457
83.3235
64.1651
166.601
113.376
123.424
20.8752
19.9803
50.4512
50.9202
55.5098
63.2658
87.2824
73.1969
42.172
208.612
66.9783
82.6754
42.5277
85.9076
200.512
60.7091
43.559
114.237
24.145
62.0348
21.4297
54.848
33.9165
75.0036
30.9493
28.6977
110.351
35.7624
55.6871
21.6722
104.9
157.049
86.0925
28.992
29.8984
44.1631
26.8472
47.7398
43.4699
89.7853
48.8055
128.859
182.655
47.332
166.653
85.3344
93.3605
22.2957
116.86
28.6033
58.4214
33.5939
91.6675
28.759
86.2712
23.7063
72.6476
76.5789
66.5955
118.88
54.2932
60.088
127.533
13.2766
44.739
25.3006
94.5251
55.9213
28.5741
53.9852
28.2794
99.0479
228.279
100.06
126.417
56.4014
47.6231
115.219
161.797
163.225
27.1735
97.4855
31.7144
24.003
182.457
37.4008
58.1243
120.63
41.4072
14.189
41.1987
84.4297
87.4957
77.5211
83.8797
108.34
106.261
39.9061
30.8943
86.6379
12.4644
119.137
43.0268
125.387
59.5977
28.5459
163.69
105.835
97.9047
89.394
180.454
42.679
63.7701
33.9966
122.906
48.6624
29.2719
85.079
95.2261
211.361
74.9235
111.294
156.5
49.6147
26.1915
193.321
38.8725
91.0158
38.128
46.1621
121.668
59.1396
45.3676
77.0698
142.057
211.595
100.717
138.984
41.2518
64.9299
94.925
70.6206
109.245
11.6564
53.4956
190.727
77.6894
54.2213
64.0864
125.643
34.9825
58.9229
92.0836
55.7555
107.456
46.2424
31.627
36.6652
107.867
104.821
77.2226
145.195
31.0697
73.5594
57.5544
51.2789
36.9974
35.0199
40.9544
87.4667
40.93
51.2615
55.1237
17.9209
93.3292
107.831
161.478
101.291
73.6847
59.8989
170.97
99.0807
114.34
56.0127
99.701
124.403
33.9223
31.8007
44.3262
87.3758
33.7797
126.779
57.0271
95.872
66.0498
72.0364
59.231
78.8237
62.4497
88.6043
48.5909
38.3337
104.634
75.2215
77.0648
21.2818
151.478
35.291
67.6407
62.7689
55.179
86.1139
43.5585
48.0757
136.787
153.165
66.6726
143.729
122.073
51.7533
52.3204
44.9063
38.2552
108.893
64.0967
26.9346
20.6293
140.999
57.6515
46.1456
141.446
47.384
55.8169
46.8553
87.5114
21.3729
58.1674
25.7112
33.8314
38.921
33.8089
77.5489
12.5227
36.5924
133.741
60.6563
80.0037
72.0899
58.0283
67.5364
27.6738
84.8263
31.1329
63.9894
39.3713
25.8133
36.9666
41.7338
71.8705
139.508
68.8133
69.9428
45.9624
48.1137
53.6716
149.881
78.9103
21.3871
68.6601
82.6375
79.2736
215.536
27.5584
35.1778
56.0961
90.9262
43.9313
32.5895
81.3129
87.5269
77.8643
48.9331
31.3308
86.3873
32.0301
60.2791
38.2848
40.1147
33.9818
110.643
73.335
31.6635
40.8038
28.5534
135.206
50.4079
71.4905
47.4103
33.9437
47.4108
93.6824
64.9647
33.1372
94.2287
22.7331
132.584
179.773
44.9388
29.5399
39.0193
98.2294
64.9629
59.9114
56.6935
42.3722
50.3922
138.71
174.54
35.3171
102
49.2208
33.2917
11.4246
123.053
34.7322
128.349
200.342
39.689
219.905
69.9622
65.9632
80.679
113.813
122.617
43.0485
37.4866
155.629
20.921
82.6748
133.429
52.379
33.5872
19.8221
91.9981
24.5445
50.9593
162.246
108.102
135.385
82.9139
218.136
137.636
71.3429
98.1843
141.681
131.141
111.291
45.2875
32.4284
16.5584
58.1452
214.412
54.7854
59.1789
128.886
39.3678
32.5271
40.1898
45.4017
64.7479
142.798
75.4499
25.9898
86.1758
10.7351
30.1433
52.3981
95.0506
100.206
141.423
67.5966
36.4498
132.489
86.0829
57.2096
68.6771
80.1897
137.838
42.3419
21.2421
89.6494
77.7378
53.3289
66.5606
66.4522
34.8224
142.252
35.2291
66.1767
74.5199
79.408
143.808
89.0055
74.4842
79.2956
28.3644
32.1871
43.1831
90.0667
96.2026
37.881
190.895
40.8666
38.4039
209.66
100.971
66.5527
116.847
84.6354
35.0024
79.9817
131.212
29.1223
40.1695
20.9519
66.4203
52.6579
73.9376
58.865
136.451
109.939
30.6345
52.1719
137.528
133.966
79.0983
20.3066
65.6646
125.091
158.76
60.1806
33.9787
64.0508
28.4181
47.9243
106.333
22.0887
44.1931
76.6278
38.0743
91.5596
27.9284
86.5207
207.13
106.779
45.0703
51.7611
32.0348
87.3116
72.1225
68.8367
23.3429
79.0948
35.819
118.061
80.6636
25.826
58.4086
39.0268
54.1415
76.9494
265.768
17.1853
38.1083
30.9209
23.0961
135.076
24.7109
108.669
80.9561
43.6406
43.6713
22.057
41.6099
41.8422
64.9698
66.7246
74.7197
75.2659
74.1403
154.372
38.1407
89.11
63.938
29.3788
24.7048
49.6993
28.9972
20.263
61.071
217.967
29.1061
109.11
111.611
32.3353
151.757
37.622
84.5086
45.4025
63.7408
33.6372
249.569
39.8226
22.4667
63.9521
49.7424
36.5883
131.441
85.7268
104.861
7.17813
97.7582
80.4791
16.7751
107.106
146.868
52.8423
83.123
25.1063
103.75
28.6456
118.385
71.8289
60.5285
110.495
50.2102
74.8709
93.4865
148.403
47.7275
27.9921
146.94
121.109
51.397
32.2811
59.3272
66.5151
133.172
32.1172
47.5368
65.3522
85.9634
66.8274
47.0902
35.8655
30.4282
51.6514
35.9239
25.6126
82.2591
28.1527
47.5906
50.9227
39.4826
43.2568
113.775
30.1919
123.171
43.9066
24.3278
80.5202
42.7379
46.9219
193.667
71.7476
97.5736
71.6944
82.4669
30.7954
47.6013
91.9021
41.8351
58.6215
22.6946
58.4471
64.7383
75.3985
105.725
44.5854
54.7466
41.2605
105.278
45.0813
42.513
30.9332
44.1205
37.4959
41.6565
103.816
231.7
58.3711
41.8985
58.4382
46.3674
92.9893
48.4873
58.8298
134.937
116.646
24.9454
64.835
32.8911
76.6433
86.2883
87.1626
43.069
64.7965
60.4752
32.4492
104.889
54.9584
124.171
199.382
37.5762
65.8932
21.6489
92.0668
16.1558
53.7647
52.8284
68.2274
67.939
97.7914
85.2611
45.6044
237.6
58.6455
38.9884
59.1691
40.6198
14.349
43.6371
137.122
55.1753
98.6746
68.8186
145.142
82.8953
40.9814
81.9645
50.7295
154.607
60.8876
60.6341
37.8145
29.6191
138.029
35.4292
47.9987
44.4743
58.6534
70.3673
38.2343
58.0389
52.0278
102.405
118.539
54.8816
46.558
124.645
88.4006
62.1109
68.001
47.7462
90.1373
79.1183
38.1499
112.034
37.9894
134.166
43.3435
38.0043
24.6688
278.528
62.5096
53.3814
121.661
32.0404
91.719
15.6999
54.3462
89.9263
35.9196
50.5457
59.4795
21.4067
34.0277
55.1084
25.3688
129.045
70.9956
12.7845
56.999
62.1623
79.7115
82.2219
37.9358
138.126
132.643
38.296
57.8282
44.0709
15.0578
147.946
25.4398
40.6335
24.8956
33.1453
17.2644
30.8408
79.3771
82.4505
180.639
73.7415
98.8867
26.8841
53.9516
33.8065
44.2329
38.5186
175.786
37.8079
52.5205
96.8884
72.8796
64.7821
60.4186
48.3762
54.717
34.4171
59.5508
42.0292
163.096
42.0981
92.3905
150.673
123.701
86.4215
47.7919
62.9298
48.3854
152.14
50.1046
139.645
41.3146
47.1227
19.6456
113.16
77.3853
45.6649
100.517
34.5944
52.2378
35.9979
40.3344
96.6135
37.1819
20.3862
54.9872
158.514
142.576
85.419
72.0228
43.4565
85.2371
58.0039
46.8274
63.802
33.2532
65.2457
19.5576
81.5285
75.1326
23.9988
60.4232
82.9865
86.309
25.6522
81.251
39.9333
55.3256
61.1724
49.6331
163.184
45.9839
61.1535
75.9817
33.4943
49.112
27.7321
151.062
109.336
29.3053
79.6338
233.327
40.9616
72.4233
125.312
24.0274
22.481
55.4964
51.423
18.605
62.6462
53.4921
78.3896
97.426
42.0852
44.5235
44.5348
50.6774
33.4034
37.2515
47.3228
62.5006
26.2421
51.4589
42.819
29.4575
92.4629
198.749
24.4553
51.6828
114.434
64.1501
24.7106
57.2806
95.3013
49.1612
47.726
60.3677
240.709
79.9216
54.7247
153.381
61.1788
87.6
67.6157
60.9187
28.9317
48.4498
67.5636
137.576
24.0976
82.5569
129.295
210.063
75.2039
60.2538
27.1465
89.1134
57.7203
113.054
25.5354
83.8861
72.9924
25.3096
27.1888
49.2426
49.8061
57.9035
106.671
56.2542
163.383
94.0068
64.0037
48.8006
146.18
181.866
124.231
130.474
241.729
49.5417
107.329
60.6481
48.5763
95.4059
32.2869
66.5736
117.492
96.2477
42.9704
33.487
62.5486
64.1193
29.1355
72.575
158.288
82.987
99.0485
17.9017
58.5383
26.2124
178.005
31.8973
107.476
120.311
45.1792
39.2809
78.157
45.5739
116.048
31.32
16.9533
219.208
96.2444
21.6028
30.1662
159.022
154.794
103.497
49.8052
52.8152
61.3993
37.8749
55.8983
41.5709
60.3728
21.1117
153.436
98.4959
55.7548
28.3669
39.4847
28.3011
156.517
40.3157
45.7002
116.43
147.825
133.251
106.584
31.382
49.0409
42.1784
53.7982
35.8494
70.8071
44.8392
58.4191
43.0279
91.7888
69.1741
65.8611
43.9391
111.85
35.4466
77.7152
62.3798
100.611
130.283
54.4892
86.908
27.6914
32.2645
26.3724
34.0538
38.4882
67.0725
63.1409
25.0563
62.7253
51.6206
25.8087
29.2379
60.4552
59.0187
135.299
62.7539
62.3827
46.0995
36.6918
98.6363
87.2798
71.9274
59.3147
50.4593
197.997
240.138
47.7563
46.3168
58.1692
36.0376
59.7245
20.4079
102.02
54.5674
177.565
41.9448
118.308
34.4419
33.0778
129.161
26.1493
22.6542
26.9152
185.528
99.5236
66.2076
64.2398
86.5719
347.315
27.1591
25.3483
60.1656
52.8164
66.0005
102.951
31.0295
66.066
65.7883
117.888
56.53
36.1342
86.8677
96.9515
37.5157
45.1048
53.8862
34.5265
35.5861
36.4116
235.166
147.669
64.7696
29.1529
130.241
130.695
52.2491
55.8689
24.5583
130.182
90.0144
17.2276
42.717
94.6824
19.2043
24.1328
41.6017
54.3553
43.3699
94.716
61.472
79.3256
22.9923
75.1297
58.0904
45.583
42.3643
56.3551
53.8667
48.9894
33.6545
109.751
173.692
69.7566
80.3074
142.48
51.9891
89.5836
45.1882
70.113
61.4852
158.143
64.6708
131.333
44.2004
72.485
58.8689
35.9284
47.3383
67.2329
107.305
35.9769
77.985
72.652
47.0691
33.4022
21.2614
63.6761
112.1
43.4269
48.1195
218.575
144.934
99.2219
72.384
29.7268
57.9941
199.711
141.259
119.975
67.797
40.2104
31.995
40.6837
102.464
28.4633
99.187
28.2836
158.749
47.973
26.2443
116.311
73.1287
118.57
80.1059
130.588
67.7604
103.139
25.9549
84.8586
28.6322
162.268
55.6361
57.7559
108.122
39.8395
36.4011
99.9446
22.7767
65.9579
81.3489
111.338
50.1079
74.3713
83.5127
68.7884
50.3478
53.1584
43.9618
58.2331
36.0339
112.817
65.4209
291.686
93.5233
63.4792
28.9589
24.6577
77.4203
192.589
73.8811
92.219
97.726
26.3713
63.3474
124.946
149.681
175.744
40.5209
63.6196
37.0157
169.982
34.5575
32.7729
148.877
44.5219
84.9689
51.0462
42.6094
47.6807
53.207
70.9032
52.2799
36.8193
47.219
86.0593
70.113
93.4554
73.5994
60.3539
32.543
71.6931
26.0643
62.2847
42.7705
50.8741
44.7612
89.8581
61.7214
98.5945
108.526
51.3586
91.8519
86.1899
40.4319
86.1964
92.8621
35.7469
38.326
135.635
59.4258
62.2919
96.7133
82.2922
61.9262
66.6908
44.2496
39.3636
51.5549
228.655
58.7211
114.146
86.1861
87.7292
104.386
53.1225
113.982
36.5574
57.4047
33.9373
90.8734
170.78
116.533
125.76
35.9638
124.938
64.153
78.605
41.4115
56.3369
103.033
60.7137
27.7569
65.3562
115.323
75.4871
105.44
38.3614
78.6547
72.036
16.5546
249.346
207.412
86.358
77.7152
36.5884
51.9194
17.1979
32.7853
34.416
53.5813
37.9782
63.1455
208.774
69.8008
48.1167
51.1664
105.285
44.7745
59.7908
49.9969
50.7486
156.073
59.3885
20.7564
34.5448
86.1411
57.6701
135.938
25.5733
133.268
270.817
41.594
85.0051
32.4926
28.5987
25.2794
25.0144
83.153
175.439
43.882
82.3251
35.6303
53.2481
120.056
148.514
33.8037
56.1602
178.942
319.624
81.0696
67.089
93.3204
52.903
75.5714
65.5273
34.6769
132.269
69.4611
71.8712
67.3153
122.976
30.8574
46.6874
124.24
97.6323
20.8861
25.1631
137.145
215.581
34.5828
47.1673
61.1722
49.5868
51.0756
37.5972
84.9849
48.5407
49.4
56.7328
74.1073
54.8895
113.6
201.004
43.0332
75.7471
90.8362
87.6714
62.3293
48.9447
23.3453
31.0732
255.984
40.5732
102.46
127.138
131.68
77.71
51.8685
96.0685
18.4279
50.7513
138.603
25.3494
18.6433
77.7364
134.177
39.1986
150.892
215.042
22.8829
63.2916
35.6119
80.145
110.31
56.1777
31.9466
67.1407
117.076
99.0012
134.765
206.813
247.52
83.3807
25.2707
68.5787
94.8428
146.075
33.8385
33.5312
40.3114
29.0985
182.867
81.8907
84.9114
81.5428
162.214
44.4797
40.9224
78.7127
114.84
134.688
67.3774
60.5001
109.288
46.5712
70.1578
388.116
33.2781
63.4955
65.3678
47.8017
32.6599
88.27
85.6358
74.2748
41.8248
76.3907
96.2065
85.7057
62.3389
38.0891
24.4826
39.8594
25.0131
184.995
65.2469
43.1197
38.7586
78.8311
61.7738
43.9078
50.5186
138.608
37.4967
130.833
82.0656
57.2587
60.6692
43.5676
169.698
62.1802
371.031
33.6905
71.2471
266.3
36.1776
42.1336
17.9822
32.1775
65.0772
111.073
33.7559
46.2115
31.1444
22.4653
61.9341
61.2642
176.826
115.594
25.0595
143.169
43.2773
62.453
67.2241
36.2093
55.0854
103.602
39.8575
81.4234
63.415
59.8413
30.7047
142.316
32.5173
135.892
77.6915
66.4029
180.6
39.3648
125.004
94.1474
65.4946
108.848
19.9641
38.9674
36.8709
109.678
43.0859
34.4099
31.1111
54.8392
91.2843
22.1801
69.8375
143.506
140.402
17.7708
58.6483
58.0038
40.6375
94.4703
27.8534
54.1857
27.1041
45.0185
45.116
86.3116
49.6169
77.5257
108.972
127.877
98.483
49.2651
79.7497
38.0509
110.106
210.828
34.3162
25.9725
61.6921
148.913
30.7853
103.818
87.2123
56.1215
68.2582
36.3113
122.996
66.4513
90.6676
84.6833
247.722
43.2409
29.2604
71.8218
92.0251
49.1342
61.7918
72.8092
69.3218
41.3914
124.159
39.7666
20.6188
120.883
69.1882
23.0376
108.527
43.4818
47.8996
35.0249
70.4933
40.7219
54.9141
42.689
93.8377
72.7731
43.0094
131.553
43.0106
45.075
92.1922
52.1484
59.3016
40.4109
101.158
37.2702
141.86
40.8956
44.1461
23.0777
40.4058
94.9077
71.4905
49.365
75.1466
184.798
49.4456
59.5616
79.1723
64.2019
139.148
70.7688
43.2708
29.2002
54.4531
78.5553
63.8233
56.289
176.184
122.847
114.07
45.9384
73.8864
47.6368
206.404
38.6085
35.3798
90.9634
42.1204
48.1764
145.165
29.1719
25.9188
34.3192
35.0103
66.6804
35.559
139.136
45.9102
96.5402
34.03
84.7417
28.6748
43.2064
39.7986
29.2337
24.8019
126.506
50.518
109.369
30.8257
90.6479
22.6381
54.6387
22.7492
44.7582
16.0705
87.0746
52.2482
89.9038
40.3443
80.627
83.4075
157.839
63.1181
44.8381
37.6762
29.2014
107.68
101.818
66.762
50.4949
49.7731
71.6546
180.823
204.948
74.5097
76.007
49.9057
44.7194
107.203
78.0851
51.4501
62.7987
229.793
61.8767
70.0983
47.1131
112.222
65.3657
88.6785
21.4341
78.7591
120.803
117.494
64.1145
45.2624
40.6116
32.8893
18.9496
31.916
71.4327
26.7695
31.6295
218.86
122.303
42.2023
65.9198
201.011
57.4861
38.0555
109.353
77.6706
28.2045
99.2814
63.0738
56.95
80.5653
115.547
84.5435
82.4309
64.3918
244.701
25.0669
48.3026
153.813
18.9697
127.755
52.008
124.011
29.4663
105.761
42.3374
114.882
48.0486
27.006
73.0488
64.0834
78.5472
152.037
97.8796
127.261
23.5131
104.246
62.9672
134.249
73.8625
42.7604
27.9578
70.658
44.1142
36.8601
57.8571
135.899
28.1489
86.3624
55.352
64.1975
36.9823
22.9144
50.6728
73.5441
50.9956
24.1279
89.3253
262.206
44.3678
130.473
95.915
25.1969
78.9719
72.7706
40.2724
25.5287
124.455
137.352
17.1245
53.4983
24.263
51.0869
36.7495
59.2153
125.993
95.3718
82.6736
65.2537
26.3236
55.0493
41.3959
141.994
46.7309
58.7876
77.0119
23.879
20.6468
60.2291
111.394
66.732
70.8407
151.549
54.5256
18.739
59.0605
69.0444
38.8173
63.679
111.198
94.6349
107.876
31.8675
32.4019
33.0187
51.3114
76.7571
68.5752
70.745
58.2599
74.3488
41.4539
58.1163
53.8314
32.5601
41.5145
47.7058
160.695
56.3604
126.821
70.5555
79.6426
372.338
91.0966
67.3192
155.878
173.013
246.41
30.538
24.3999
60.9033
94.5917
92.7031
60.9353
26.006
161.33
37.4277
59.2552
99.1138
66.799
33.4323
84.1137
38.3518
69.0878
119.445
118.802
28.3909
55.0235
33.7297
30.7448
175.179
63.7593
35.8006
68.4316
37.892
46.0831
56.1472
263.601
88.3798
72.805
17.8363
97.5804
81.6804
59.5016
65.5449
29.6825
42.7657
107.231
68.9435
29.1497
106.717
28.7481
70.0151
35.8813
51.1254
47.0928
128.273
63.9879
138.786
123.192
47.1781
47.4581
49.9583
42.7512
45.7449
81.1085
45.2334
56.4306
40.7596
84.0957
54.9499
92.2625
24.7829
48.2267
59.779
46.2234
67.553
85.6795
139.4
36.318
74.1666
38.2711
45.1198
68.2983
111.562
72.4464
39.7338
117.403
59.608
31.2468
161.142
81.768
76.4043
78.8944
60.1165
36.1323
41.4257
76.9924
158.323
69.8622
23.7685
71.9735
185.862
20.9693
57.7098
96.9079
69.4721
53.8806
108.429
104.438
115.41
103.485
53.8235
87.7637
45.3352
33.7604
58.0293
137.076
59.9585
107.351
35.9493
73.4599
123.192
105.272
66.4534
35.1406
26.4538
21.2097
88.1747
34.5239
44.6415
32.3217
54.2306
40.3369
149.858
17.2384
35.9262
139.785
111.234
139.793
26.9729
32.5792
57.7216
33.4643
61.0774
58.7777
26.5747
91.49
112.769
62.096
64.4792
32.5644
48.8895
117.449
191.744
28.6702
64.2822
58.5875
88.7099
217.571
87.1173
70.2713
52.2187
59.1361
37.7788
49.3923
70.2711
77.1419
95.7503
46.331
177.441
36.2581
50.4254
65.4652
87.6135
51.9026
39.137
42.4665
34.6846
34.2795
190.249
96.8652
88.5783
143.084
49.8373
30.0733
108.742
38.0374
41.1953
54.5363
91.5229
198.884
79.1008
76.5146
62.2835
19.8121
34.7667
59.802
131.896
66.2416
42.1088
197.213
100.864
54.6693
60.9694
36.1723
12.5659
78.1122
40.792
58.6443
100.182
64.0944
22.0618
56.2448
94.9058
48.829
42.0781
67.4787
16.647
59.4884
135.63
42.637
146.551
30.1402
37.9759
152.39
73.1804
42.8301
164.623
64.3831
58.693
41.8284
41.4724
84.657
43.3977
176.598
47.1372
42.582
95.3285
30.1616
95.3937
214.786
71.1222
139.999
42.7426
44.6846
41.3721
55.0747
106.954
21.9795
53.0704
112.468
38.3114
182.148
26.6254
64.3691
116.227
98.7541
77.0405
73.8021
109.996
36.7809
24.9339
123.123
72.1846
107.399
77.7966
87.8784
43.7308
56.7698
130.961
64.6623
30.2029
32.332
31.0143
106.639
33.058
25.4037
28.2015
118.585
47.9061
24.106
52.8935
88.6183
203.046
22.0557
52.158
122.675
37.461
96.9016
100.902
28.1679
23.5483
26.9188
45.1142
39.5209
48.0761
31.4408
45.1757
49.5164
43.927
47.5635
158.398
104.38
194.105
79.2271
74.3602
209.654
85.3957
39.869
56.0971
53.4629
95.9386
122.43
108.686
104.092
33.5538
88.3623
63.2085
15.7603
186.873
42.9691
103.306
57.1824
36.0968
40.0511
50.7296
66.7013
82.3504
209.456
91.4162
89.4377
86.7188
66.0901
58.1025
105.374
325.393
20.9792
41.28
41.9611
148.022
39.7403
105.322
34.8209
61.0123
13.101
149.178
82.667
123.181
61.5092
55.597
31.7905
20.3892
155.37
114.211
22.5781
48.0764
58.1899
47.8087
218.613
108.765
138.972
106.973
38.9124
311.566
50.8106
74.6651
72.5673
39.8458
40.3411
50.2072
97.9501
78.2574
134.617
37.7063
35.3763
18.079
61.4263
67.4886
67.3699
47.2144
19.6173
45.6609
32.85
86.1771
69.1884
20.2936
46.5162
89.931
60.0156
79.9675
55.0403
29.7739
163.955
37.6163
52.739
113.299
126.55
89.3642
57.4765
46.9781
108.213
46.0802
84.5482
31.2591
43.6625
158.573
25.9094
359.929
41.0399
82.3577
282.675
42.6801
65.093
105.158
20.636
64.0832
185.205
50.402
177.751
22.6002
48.5591
114.291
43.851
64.6268
40.8509
63.7957
47.0443
55.0642
69.9843
44.7959
43.7731
18.0698
17.0328
101.378
47.5403
40.8753
64.8905
70.6703
24.2249
46.5278
60.6609
26.7759
110.934
66.8657
87.5331
66.7158
69.6862
83.6237
112.082
23.1938
77.1835
34.7285
71.4507
34.2542
30.5455
45.5896
141.755
89.29
76.3476
65.8393
48.2805
40.3789
43.8879
85.2308
58.3487
103.158
60.3076
238.898
29.4562
158.683
57.4944
161.532
103.853
47.6435
145.42
94.3931
126.632
87.8819
20.503
148.607
33.5792
33.2355
31.5381
68.5588
13.9276
26.1358
126.045
51.8067
40.3137
69.5662
46.9986
24.4889
59.1531
57.8375
140.692
72.9224
29.1818
99.0328
148.643
190.922
95.1194
34.1045
94.7275
175.877
59.2272
40.0617
154.83
31.0729
32.5238
118.922
40.5202
50.5007
28.4614
130.038
33.405
72.6327
16.5947
69.355
85.8439
109.472
58.8673
163.217
19.8027
101.968
61.9618
84.9137
27.8293
46.9906
48.1858
43.1831
67.4605
30.8215
40.2399
48.072
139.749
15.518
75.4246
52.6268
79.5827
38.0161
25.2324
186.173
40.3
40.4918
67.2441
31.8776
98.3282
107.953
35.0047
38.3737
235.553
55.4568
25.8866
16.7513
145.02
124.11
23.6128
38.0577
211.701
69.4769
49.4317
175.448
57.0979
162.42
53.1078
46.6574
84.1946
178.665
69.2031
38.7017
56.2275
139.114
52.6318
45.5256
132.907
58.0227
62.3237
86.5837
155.695
45.1553
119.272
46.6181
39.1448
127.719
41.015
49.9784
62.4012
51.0075
47.3253
47.5723
61.6896
68.9117
181.615
24.3966
32.6809
51.1537
134.927
240.246
28.92
81.619
104.755
56.4255
46.2848
32.0468
56.6033
24.1539
21.9397
22.9559
53.9083
36.0166
38.0669
39.1929
65.0874
53.5299
131.249
44.0436
116.86
59.2769
64.7911
56.8453
67.4469
31.5806
28.1064
23.6654
73.3245
81.7126
91.2411
67.2514
88.562
50.0653
33.5066
69.0512
53.4249
143.973
46.6502
195.518
172.327
89.4997
61.1137
89.3562
52.6485
120.1
67.8569
131.1
110.323
19.1938
122.957
45.7668
33.4995
61.9068
19.4705
83.984
87.7541
69.9128
65.6531
166.856
94.6886
55.2588
97.3119
110.409
47.5786
71.8811
72.8033
37.2837
42.0964
117.216
48.315
73.5563
35.9608
100.951
121.15
99.1315
22.7621
59.8471
42.8985
131.812
71.8188
38.2953
43.2075
51.1582
114.284
70.6783
88.884
78.8033
62.4912
177.199
174.644
47.1121
57.5421
101.573
102.038
66.5764
10.0225
33.1995
46.5381
44.4755
55.6714
47.001
50.942
62.7974
20.2329
65.2208
139.045
49.724
102.734
64.5031
35.7582
97.3928
63.2778
27.7654
122.709
37.5578
38.9549
24.3038
31.068
50.5487
68.0442
88.775
69.3633
69.1156
48.5392
15.4888
20.4813
81.9821
57.5806
94.6667
47.833
99.3161
121.62
32.015
268.125
43.6325
150.103
29.0073
200.821
21.2929
167.174
39.0495
68.2177
32.1891
99.723
24.4371
115.586
63.7078
13.4248
48.9264
60.0425
106.465
18.6965
19.6637
21.3526
112.129
51.0413
45.4763
78.3637
27.5191
78.5828
152.723
129.215
61.1223
189.588
39.7537
38.0746
25.7068
41.5098
63.9682
35.4495
23.951
59.7488
142.621
62.3063
32.9169
59.843
62.634
109.488
41.5752
45.2549
219.659
134.796
51.8015
75.4476
40.9169
38.2612
71.645
29.0217
40.9156
28.4373
70.623
27.0376
21.6469
31.5533
44.5866
38.2474
219.36
47.5008
137.919
111.038
35.0497
29.0208
34.8664
42.8215
51.5459
73.6579
100.978
54.1091
120.959
77.76
35.7691
72.1872
193.664
29.3173
40.2272
74.3346
36.3288
140.033
90.6187
63.9665
133.698
84.7188
72.0764
200.73
37.0433
32.9685
46.305
53.1922
127.173
82.8438
32.7928
52.9582
121.257
121.683
31.0141
49.7213
34.3258
36.8129
24.7621
41.6183
119.832
280.449
70.4493
27.4544
50.5327
52.9845
95.8222
104.068
26.5683
45.6894
50.0171
58.1057
16.3469
163.991
150.369
171.082
106.106
44.0428
111.373
68.7925
44.9567
35.6183
93.9101
97.5893
64.2605
61.9015
54.2311
24.2976
29.0439
125.598
62.7262
97.4011
32.1154
29.2474
35.0467
56.3653
42.4287
44.7908
46.4315
68.0632
82.3265
31.7953
51.3105
85.1878
37.6623
118.677
89.5553
27.9746
60.2501
90.4442
126.37
18.2707
116.053
106.031
171.154
96.6624
29.5453
41.2315
53.7695
45.5244
57.8871
62.0219
55.0957
54.6668
18.6586
55.718
32.6266
153.043
89.9779
55.6547
93.9147
120.619
122.436
41.6003
38.9442
70.8519
13.3166
77.5254
61.9925
36.4829
78.3474
85.2327
43.1791
89.1955
18.9795
27.5183
56.4763
46.5873
77.0463
40.2398
51.6767
66.1241
22.4074
51.2155
42.0603
35.9586
34.8459
35.9681
40.5984
40.1595
52.6692
104.542
73.8948
39.7108
110.629
139.636
144.257
201.925
117.998
96.644
37.1526
46.9462
92.8601
33.6903
235.203
216.031
115.63
165.258
65.7772
42.5345
61.143
38.8923
65.0432
30.4846
170.279
107.441
124.942
52.5827
29.26
51.7421
87.7714
184.108
56.4029
93.3171
77.3196
109.632
153.017
70.0123
37.4661
61.265
36.4606
31.9168
129.905
53.3721
28.4221
30.3531
122.596
69.2276
69.4121
73.9476
84.5703
140.585
70.8649
61.8846
142.611
131.291
64.9827
64.7372
24.3684
30.8021
35.4109
65.2188
144.042
58.0859
132.302
80.7208
90.9872
210.188
48.5725
355.926
36.5236
31.8666
74.8948
67.5068
66.1077
26.6101
26.598
38.4581
112.68
93.6152
17.2583
46.1332
38.9895
68.2258
75.7086
60.2289
64.3697
28.066
96.4928
81.4103
29.2502
17.7937
79.0642
66.9581
29.0036
55.2901
33.1098
85.2777
128.051
30.5704
128.048
33.07
62.7703
53.0522
23.9561
181.339
121.449
68.4149
86.57
27.5699
136.711
38.7484
28.6599
19.447
47.3836
62.615
57.9118
68.9492
74.5594
52.5027
70.4041
128.687
43.035
108.775
40.3851
108.535
121.318
24.8019
39.4
34.4364
45.8849
41.8872
53.993
45.1237
20.8134
149.718
59.5429
49.0572
50.2356
25.9013
43.7306
17.9158
65.8723
63.0175
91.7604
45.969
39.3636
180.356
135.837
99.1602
27.747
93.45
191.943
72.4222
56.3769
174.557
165.932
65.3816
40.1041
70.791
39.006
74.6517
71.347
35.2923
57.6533
75.938
68.7463
112.899
108.368
67.0876
137.5
72.428
43.1532
71.6168
56.9841
125.546
53.7745
21.4175
46.6527
54.4461
95.816
175.666
134.772
23.7131
49.413
26.9278
41.9332
160.26
55.5365
27.9901
113.597
59.9032
48.5885
42.5761
162.668
36.071
156.73
169.445
18.4626
77.0945
38.0813
25.9306
119.671
49.6296
51.7595
41.7097
135.741
56.7173
19.4936
92.2952
81.8164
66.8852
51.7416
197.023
26.3004
69.8193
95.3239
38.8962
57.984
17.8928
186.068
36.1878
19.4606
64.6932
50.4974
92.0166
32.4442
75.2263
49.1185
151.248
62.9643
14.2132
74.0678
188.879
69.057
39.3726
43.9403
110.857
21.2349
56.5622
53.9411
29.7043
52.0955
91.5527
186.808
34.6167
54.8833
16.0291
43.5599
38.3208
31.8331
67.1653
49.1751
25.719
61.3008
55.6597
93.606
202.048
89.5401
63.1845
126.35
54.3409
133.363
40.9822
18.2737
123.589
37.3848
181.775
35.1256
24.7535
70.8079
94.1192
87.8686
35.9709
36.3716
53.578
49.0616
170.374
81.4084
156.305
17.4665
94.6634
37.2803
32.1957
72.2161
86.9385
59.2437
84.0245
71.8446
207.584
62.3713
47.9504
83.7752
24.7571
63.0619
44.9
152.596
91.3802
80.3174
26.9339
34.3083
130.744
27.55
130.484
93.5365
83.2479
50.9837
51.4644
95.3222
70.8554
71.7307
113.597
136.583
69.9019
107.646
72.3392
146.703
122.094
42.4311
50.3724
210.069
56.2686
191.604
46.2825
38.9662
23.9562
69.8219
47.273
49.3093
46.6278
100.268
39.9167
155.228
85.6071
202.775
17.231
79.1049
147.306
73.3389
24.6734
64.9163
49.5506
69.2107
53.3473
58.3165
55.8562
97.3897
162.059
140.749
45.0695
44.076
111.507
97.3485
67.7777
76.3821
31.5511
38.4111
20.5659
16.9916
72.9546
54.3723
81.3504
47.2824
62.782
32.9732
48.3143
95.9713
43.881
47.5674
31.0914
48.9416
56.3593
91.7631
126.136
27.4099
108.644
19.7543
71.2429
207.484
55.549
48.7182
34.6245
21.9146
210.02
70.2406
26.7096
55.7716
27.8198
50.4968
32.3751
76.5305
98.3942
56.3932
41.7283
26.4616
177.951
30.0754
85.5524
117.046
96.0239
35.7599
46.315
51.4793
18.5581
59.1123
17.7738
190.658
125.125
43.7831
55.9665
132.832
191.47
73.7812
56.128
56.1453
62.8438
40.5341
80.8507
117.241
81.9784
60.4636
22.5424
332.776
87.4884
86.9908
56.8547
89.7163
71.0266
45.0285
68.6089
17.8031
28.4556
40.2008
118.968
29.3407
151.916
42.0091
101.428
65.747
62.2371
46.9701
126.345
63.0343
149.063
69.0819
91.7474
97.6023
27.7478
23.7157
90.4002
90.1033
75.6898
33.2445
54.2429
49.9325
18.3828
29.6726
23.932
37.6678
66.4917
27.0986
121.703
117.324
102.56
82.6011
40.1714
36.3634
80.0277
101.108
95.8619
127.056
20.8608
81.1712
35.7446
96.4619
38.1443
118.33
37.9471
81.4213
40.4659
56.8105
93.8203
39.4596
152.836
36.9455
31.3357
67.3172
77.543
100.334
36.7339
161.283
36.1373
26.5168
108.968
26.1009
26.3701
96.0018
44.232
70.4143
26.5166
23.1195
139.932
61.0809
128.54
103.076
83.9656
76.591
25.6715
72.9328
37.5389
57.516
23.699
64.1195
117.59
16.6912
98.1972
113.711
45.1393
63.7115
64.8103
119.993
54.7637
18.7988
47.5258
21.4922
93.1319
59.7215
103.04
82.773
65.2255
117.043
60.527
40.7814
85.6302
64.3833
31.5914
103.062
36.5514
52.7528
95.3726
60.8283
72.1399
168.985
37.6025
107.867
163.932
55.477
65.2822
67.1198
29.8292
37.9783
31.293
152.048
95.7334
62.1946
65.5895
88.7044
78.2288
62.2957
35.8388
30.4045
68.9618
219.16
83.5899
54.333
36.4856
103.421
48.0516
33.0818
136.514
54.8985
28.2698
53.3851
65.6342
124.191
48.4866
59.8276
28.8022
48.2504
34.5043
22.9374
58.4044
105.145
58.6093
82.9932
56.2636
38.8399
67.1681
137.274
56.5991
172.728
45.1233
42.8001
48.4662
61.2955
86.1236
46.3696
67.014
25.4935
43.5654
52.0518
114.076
84.8817
81.145
54.7263
92.0092
171.262
54.6086
117.179
48.5043
65.669
67.2364
34.1858
68.2929
40.0337
45.9946
81.3278
195.509
47.736
36.8191
74.9757
59.0492
54.6485
17.7281
64.1415
144.286
45.1206
44.0092
81.1515
76.0458
64.739
23.1938
109.824
119.888
28.8753
107.063
78.9828
42.1345
173.227
63.037
100.17
105.881
66.3197
204.835
62.754
66.2783
77.4895
112.813
113.084
48.3643
36.7499
76.36
45.1678
52.2173
20.6865
54.4228
197.043
78.3633
48.2515
79.8419
86.4169
43.4714
31.9161
58.2663
22.103
13.4254
79.5181
62.8032
71.9666
179.287
92.2581
34.6174
22.9335
63.5587
60.2751
33.5676
63.7525
132.803
26.0669
100.994
183.818
108.242
46.5473
202.636
42.3812
79.9502
47.8682
64.4321
31.7795
92.7664
61.5832
62.8612
95.3903
47.6394
28.1845
37.522
76.694
47.0022
61.9216
100.374
31.1901
43.3003
108.432
51.3676
92.6557
50.6812
62.5088
136.985
158.975
212.399
26.0485
75.5338
71.1329
190.746
52.3641
117.294
100.666
33.0043
88.6933
27.0836
41.4367
30.5804
18.2026
89.2953
24.7757
50.6051
50.9766
98.5501
119.79
141.849
89.5397
57.6779
62.6065
210.849
40.8812
38.0663
31.4528
228.839
175.569
108.552
75.4156
52.0897
46.5408
25.3634
41.507
132.706
57.3849
55.4402
42.3445
118.491
39.2212
80.0865
23.2681
70.3831
58.0801
185.809
70.2405
18.2223
114.224
98.4575
30.9692
63.3105
33.7156
32.0404
97.1674
19.9267
42.6984
51.1881
129.139
49.7056
107.982
206.689
71.0244
47.4
36.8994
68.7565
27.49
65.8893
67.7931
34.8465
25.7719
36.5012
36.311
152.01
52.2154
83.9069
26.1467
25.6415
62.741
119.992
30.7329
20.3783
144.344
82.863
21.4815
26.2121
46.7037
50.5336
81.8256
39.262
33.8781
59.1349
125.243
35.6663
70.3689
150.444
14.9752
119.526
57.0796
103.934
39.4674
159.499
46.7751
70.0264
27.3494
51.0177
26.0819
280.939
93.5144
166.122
29.8072
116.021
35.5226
63.3416
34.4216
40.7081
109.603
182.375
33.7269
127.919
87.0571
142.071
55.5186
57.5627
127.299
60.1275
138.29
74.9048
65.9975
42.2488
99.8528
52.2584
46.2909
42.5248
62.1901
34.6266
89.1501
110.58
71.0988
50.1606
215.698
39.7598
30.8557
52.9624
131.812
91.4155
40.0297
207.425
22.7383
35.8104
133.085
47.8809
50.7335
50.2783
175.071
69.2597
33.7042
51.1628
42.5121
45.9728
34.2218
53.8284
34.976
33.3791
69.4765
77.6406
136.881
92.55
44.6807
75.1248
88.2429
61.2688
113.994
93.3484
42.3324
42.8221
55.0927
177.691
98.7749
134.216
119.176
71.1125
23.3524
35.5561
27.1685
133.183
112.463
75.5123
22.4789
51.2272
118.597
203.509
10.4911
36.729
133.147
64.9395
38.1985
41.8297
74.9772
65.7204
68.4494
36.9157
25.5004
36.0101
72.9226
55.0543
286.617
112.942
131.494
19.4634
115.728
186.161
39.7638
67.0177
72.0267
57.8959
114.002
52.2715
70.4424
55.2583
53.8331
57.0216
50.9106
62.8075
33.4087
49.1978
41.6481
37.9477
101.532
130.342
111.501
170.234
34.6284
42.3229
59.0195
178.576
45.2359
152.777
54.1899
119.815
70.2697
42.0836
129.939
61.8685
79.2712
101.41
64.7776
49.3899
16.4209
142.791
35.82
76.5707
103.167
57.4092
74.1695
87.4126
39.508
187.078
23.7998
47.5568
143.275
42.3123
29.4375
72.8182
52.4203
96.8439
183.365
16.3805
72.1176
160.53
28.977
64.3304
81.4763
65.7687
99.0309
24.3165
82.6338
22.3736
116.284
91.3029
58.6726
32.4452
160.913
30.3942
84.6556
46.1753
91.421
110.025
11.2885
60.3571
51.9057
35.1285
62.1486
29.6486
46.2779
144.972
142.226
49.2397
63.6473
106.068
33.9179
119.663
29.4586
41.7096
47.2783
50.2641
92.5672
32.4849
30.1426
149.454
48.4839
36.0524
50.7023
15.522
51.0373
39.6057
144.588
184.889
177.152
38.6137
103.284
177.376
111.595
177.916
36.9223
68.2142
58.0215
33.0918
45.3171
22.2596
39.9135
61.9212
104.146
43.9037
131.797
51.3718
113.56
80.2214
118.708
228.032
95.6708
170.076
31.0515
48.798
33.7427
62.9212
101.106
48.532
83.2534
282.744
31.6301
158.973
48.0687
20.9004
60.2089
63.1485
52.6122
65.4217
41.0974
267.154
74.8694
65.5955
163.517
57.9549
33.1487
38.8106
132.773
72.3622
39.5842
34.4919
68.3836
209.935
77.423
101.918
34.397
46.5206
21.0506
28.7242
99.6551
21.1629
122.072
47.0108
96.4907
111.301
61.7907
36.3279
127.543
36.2562
50.3171
94.8413
162.298
36.9895
335.449
76.0358
47.5076
36.3137
102.182
117.099
91.7155
94.8454
12.7594
88.5465
74.9884
35.2145
32.1815
81.0275
142.006
58.0944
62.7314
93.0394
89.0645
38.839
42.4856
147.795
12.7547
30.5143
35.8844
69.0179
56.4733
142.334
67.411
55.7481
61.1467
72.9024
18.1642
67.3244
11.4314
50.8227
77.2654
44.8056
35.7528
125.041
88.432
103.93
58.811
27.022
55.6978
126.544
34.2911
57.3595
52.8757
37.1039
77.0855
125.09
19.0184
51.5024
76.2229
119.941
162.622
27.5286
86.6695
62.0954
289.073
104.558
62.4463
83.9886
22.736
46.4457
117.784
132.463
41.4276
72.0839
41.7088
37.7566
86.7149
92.2591
47.6556
89.1696
48.1928
16.8737
28.86
22.7257
35.4246
24.7525
51.8821
54.7547
97.0199
46.4507
155.786
276.492
31.9755
64.276
113.914
13.0839
14.5308
152.205
54.9576
39.5623
35.0194
39.5676
28.21
14.9474
25.9414
133.007
21.7232
79.1746
60.4003
52.0098
68.0978
53.9725
77.9886
18.9286
208.492
51.3088
69.0215
18.6623
109.289
65.613
98.4284
52.0401
23.5822
54.8542
32.0529
51.0588
94.4051
280.515
105.9
69.9693
100.14
38.241
55.1562
114.943
32.9723
93.7467
92.1138
118.091
26.5618
72.9505
58.6981
35.4559
45.837
76.2624
40.1872
149.236
75.3899
24.0027
111.844
180.506
38.2278
59.6433
75.7443
55.2443
55.4728
63.3567
90.5044
50.7585
54.6306
51.2831
124.069
90.5554
42.3635
140.148
32.1198
26.4237
81.9468
71.5583
115.412
23.5363
67.8296
14.3837
121.854
70.6608
87.6142
67.0966
86.0338
104.263
59.8996
134.281
26.0135
26.3847
41.3122
139.934
37.556
82.8888
76.7638
55.0258
40.8589
43.2842
51.9709
41.434
72.7138
26.1514
45.0314
42.5553
135.195
43.9294
51.9677
146.803
43.6251
47.2174
38.1827
106.851
73.8037
101.184
41.7098
217.012
156.5
65.3306
114.433
60.1378
42.0625
112.082
60.9549
141.525
29.5658
80.2858
203.282
236.882
45.3981
98.8425
120.741
43.0161
107.523
31.3773
253.923
53.4849
33.0747
309.591
51.8706
152.144
43.648
27.0734
145.784
22.4707
74.8342
87.0956
35.5436
55.4459
112.23
74.7625
49.6582
42.0464
80.0519
77.618
20.2326
94.6306
30.6144
88.1435
23.9347
62.0445
103.659
54.1286
127.175
91.9484
49.2569
35.3664
59.9243
71.6084
40.2604
36.6297
91.6613
90.389
33.8741
160.992
38.4649
35.6829
61.2432
56.0243
77.786
87.9943
46.6213
74.8669
76.9262
22.9673
39.0722
31.3509
102.537
78.5163
31.3996
75.6151
106.531
163.312
120.374
124.61
80.6211
52.9919
65.0111
44.3902
51.5747
96.6735
59.0806
37.0132
22.6464
176.469
110.235
28.9704
25.8924
60.627
108.024
61.8143
154.251
125.783
36.1766
22.8705
50.3541
96.955
45.7222
138.147
60.2498
56.7815
63.249
149.496
94.367
94.3993
114.825
58.0438
55.0175
30.3518
115.463
87.3569
21.5102
75.3815
84.6705
50.0937
54.4075
127.059
48.4651
27.8208
76.1776
80.7144
67.0169
85.2544
94.2883
53.7106
61.7794
89.6479
55.1578
125.46
116.91
62.1402
61.717
19.221
36.6995
55.7703
42.0977
118.719
19.6517
19.6187
36.4879
71.9596
31.07
91.1644
129.883
35.0224
99.5267
128.04
29.8803
49.0449
69.5408
64.6885
21.3498
116.146
65.2757
111.198
40.5304
107.12
55.6046
75.1519
24.4169
117.8
17.6446
67.6589
38.3341
100.052
73.8952
20.1353
173.758
31.2224
128.315
95.1995
46.9931
27.5356
159.86
59.7483
42.6471
61.178
58.0966
25.8202
74.1507
82.8844
27.3076
47.9969
103.488
45.625
62.7497
170.598
46.7454
85.3391
135.101
33.7201
199.021
31.1625
72.2944
54.4527
47.5979
104.455
179.735
39.631
53.7219
152.89
89.2059
123.038
69.4672
21.6653
73.8244
128.23
62.6066
128.004
118.1
152.288
130.425
21.4951
85.8922
73.2526
211.979
39.027
63.0697
28.2856
48.4989
21.5
41.1834
52.4771
58.9643
84.3348
62.5356
53.5698
52.3646
70.9786
69.6522
18.7088
48.8508
43.2081
49.9454
44.2384
29.6276
116.915
60.3757
82.4825
50.5854
159.414
44.3102
186.104
75.0082
42.5121
80.4345
192.576
156.396
49.7441
19.0177
39.6339
55.3718
154.476
54.1126
45.4199
48.7303
74.5406
115.094
66.2224
83.6835
125.842
77.4029
94.5
33.6658
38.0008
155.175
98.4253
18.2152
74.1905
76.0473
44.6332
73.814
23.0077
78.9426
171.919
145.621
146.712
90.0412
46.7544
28.4492
112.874
63.1221
56.9203
126.317
118.705
134.665
24.3127
46.353
131.698
74.3937
75.4181
30.0952
97.3664
37.6736
29.8896
74.1328
74.7599
129.997
99.6718
18.7879
23.1553
99.3154
55.9569
65.7494
87.7471
148.852
101.305
33.5065
58.1367
60.7798
43.9291
74.2679
62.1288
65.9131
94.7151
33.846
24.8522
81.7144
62.8672
74.6541
55.8427
25.4434
82.5893
33.7372
196.119
49.5202
30.7305
46.143
101.251
40.1889
92.7336
65.1844
83.5733
73.8714
23.2834
41.4965
90.3187
58.832
151.431
37.3017
24.6789
45.6586
71.9139
54.0743
80.3793
51.238
109.512
35.1645
48.3681
112.413
68.2702
65.8644
98.8742
54.3978
87.2607
129.733
159.296
98.1749
63.5847
45.7183
55.1315
29.5386
41.1047
131.992
113.06
50.1408
57.0488
65.9557
64.3575
36.4788
28.0707
94.2112
56.585
61.2465
65.9536
73.1796
87.0973
39.5344
24.1254
56.3192
33.7079
28.7804
95.4373
170.996
115.067
212.642
60.8407
17.6766
54.7688
75.5345
40.0986
44.6005
45.6409
72.7535
61.6251
17.3712
45.0272
86.5401
111.485
183.246
34.5679
38.8256
39.5105
36.8073
53.1535
61.3902
33.995
42.1828
134.887
18.2535
38.6041
109.656
48.1817
80.4824
75.0226
147.86
205.285
65.7997
33.2945
115.972
130.81
34.9043
29.8518
149.622
62.7681
47.5675
29.2916
112.562
115.116
74.4821
70.1011
76.8879
61.7673
61.0645
106.719
116.285
91.5168
107.14
26.5541
115.224
43.7631
20.4889
23.0754
47.5741
27.2923
28.0598
57.4919
51.1309
89.8039
38.1539
182.179
31.3124
58.4236
112.06
37.6476
40.9818
37.9407
26.8646
45.9537
184.788
181.987
47.9193
39.7975
56.8631
36.9639
85.6414
106.81
142.156
50.1505
46.1625
91.4893
23.0582
19.2854
76.3887
28.2841
98.2664
81.3646
59.9869
65.5187
107.216
96.6174
118.442
138.537
32.8209
62.5598
35.7536
115.275
28.2708
116.755
57.8807
79.175
43.9858
103.253
46.2529
43.9913
109.728
173.501
138.587
38.2427
39.6799
26.9193
94.8515
68.7152
47.496
72.0202
61.0811
30.8995
48.7756
102.573
64.4862
80.7943
29.3072
48.1812
26.1777
106.147
48.3347
50.6822
60.1389
38.5304
47.6976
12.1301
73.3251
56.2429
41.1427
65.7348
116.172
139.129
196.203
22.7977
69.2531
80.5095
131.288
95.2516
97.506
54.2702
24.6188
100.699
50.329
40.0698
77.3225
93.1635
88.327
86.6003
51.9038
49.4299
123.548
220.896
32.5694
31.3645
55.7882
30.927
77.9536
29.8718
107.58
97.0218
162.551
68.9752
78.6604
71.8153
41.3258
41.3712
96.4097
31.1151
82.4929
60.1711
127.623
62.397
43.1231
123.128
121.63
111.485
167.408
42.5489
64.018
33.7895
118.41
111.127
95.0725
55.3663
45.1375
83.388
32.2456
41.834
76.9962
29.7105
20.6711
36.1311
60.3081
44.7697
67.5087
35.3953
34.4128
67.9045
166.634
37.5026
34.5428
59.0319
28.3613
42.89
39.0012
40.8763
51.0531
60.4853
46.517
39.3801
139.786
65.9464
243.134
133.072
45.0411
194.927
152.374
65.8225
72.7649
62.1697
217.577
129.454
82.4347
66.1975
67.5892
50.5288
111.694
50.7117
178.258
146.768
89.3038
111.19
114.232
65.0081
112.122
47.2958
139.034
55.9942
157.121
204.73
95.3095
70.3056
41.1254
191.304
118.069
76.3938
158.125
30.5679
70.5011
47.0234
116.484
69.3728
85.146
57.3426
43.7977
59.5645
27.3572
39.1439
71.7164
86.107
84.3824
25.7165
150.053
150.705
18.3409
91.5436
111.368
81.1668
55.4353
15.8833
14.4696
29.3776
23.0889
58.47
81.3057
80.3425
69.5042
43.762
31.3586
88.0094
36.0119
111.389
30.8176
22.1129
77.2478
95.9971
81.1953
157.709
137.554
56.867
50.4115
53.2024
44.7895
76.0419
111.636
27.6545
22.5781
46.6168
190.172
42.9077
164.271
40.0967
82.6735
66.1188
57.9987
79.6096
98.378
104.285
51.9467
56.581
49.9373
80.522
103.258
43.4306
55.8428
36.1482
82.5842
118.467
104.802
67.6968
55.0422
293.831
16.1351
31.5921
27.7683
41.4675
148.25
26.1694
56.1382
55.0438
50.1262
92.7672
42.062
60.5661
37.3434
52.8443
23.1327
64.2156
36.0251
115.823
99.7085
57.3467
61.1257
39.121
56.1095
176.4
66.127
47.9313
176.332
75.8464
78.8486
34.6761
45.2092
53.7927
26.1685
31.1044
28.7104
94.7725
60.2989
250.489
74.6983
147.69
68.9027
18.2375
111.169
83.6351
38.0153
41.25
67.3957
79.89
45.8449
39.8908
27.2098
50.7862
59.9823
110.514
44.9851
58.5909
158.191
51.8409
129.366
39.3844
57.1166
63.0417
84.1087
40.4291
95.0818
87.2086
161.927
49.2329
92.6135
23.8132
51.5074
68.8648
52.4466
45.2149
21.2561
131.071
43.927
51.7506
58.5582
130.822
72.121
67.071
56.263
63.1548
91.043
120.007
35.1769
295.618
48.2506
32.4535
85.167
85.89
50.1376
208.815
76.5459
104.146
108.473
70.4523
115.201
74.0449
25.4374
102.503
35.7703
195.45
35.4532
52.1359
82.4704
43.6696
60.9675
73.6179
18.7548
75.799
56.9986
63.2598
98.1861
84.4947
67.8978
47.828
62.3541
36.6996
140.176
21.9121
158.37
25.0289
82.7235
61.2242
149.142
45.7957
106.572
209.096
31.7044
91.6993
167.136
92.9607
71.3987
32.5945
74.1242
157.859
39.4155
44.9833
126.469
44.6071
73.6887
185.391
96.387
72.5971
16.7731
50.2903
89.7279
67.566
12.3872
82.5287
14.8255
31.3191
109.611
187.278
37.191
31.3991
23.4891
39.0323
93.0387
156.419
31.6941
79.9664
19.2896
77.6912
50.2418
42.9453
46.0202
47.0518
85.3442
118.583
33.339
75.1406
50.3052
46.6503
70.0989
15.3422
18.0334
38.8713
61.6056
19.9263
189.139
96.1094
16.5028
66.0619
70.4287
232.55
20.6871
88.8969
113.999
31.0224
46.8914
102.695
57.7742
105.14
33.6194
88.4557
44.9035
82.2938
32.9429
56.7583
112.253
49.7674
48.9529
36.6755
58.7169
38.1652
126.202
31.4053
66.6281
190.661
46.2587
147.725
36.8933
53.4916
54.7732
36.3314
61.0378
101.658
60.7432
125.689
46.5561
32.6339
58.9148
59.7412
118.073
105.532
189.416
55.702
58.5304
63.2239
69.913
78.0506
84.4018
31.7581
68.7275
130.541
161.445
104.398
25.1254
31.3302
80.7951
69.3909
34.5175
129.401
24.2476
102.702
31.4578
161.204
261.313
79.064
91.8705
44.6907
131.668
103.236
57.4481
57.9944
75.7033
32.1526
81.0907
117.615
85.2426
158.43
61.9096
52.9273
34.5307
29.305
32.9943
31.4786
27.1593
22.6685
53.1367
134.081
32.997
48.1199
33.4281
129.285
27.2074
59.3387
72.1001
48.7353
118.887
40.9733
51.3679
65.8449
17.2174
46.9516
64.3394
42.3289
83.6882
53.7869
55.6513
63.6333
56.1219
42.3463
41.9806
82.3579
64.3083
27.9444
135.337
69.3651
19.7119
91.6946
100.168
175.466
83.1581
83.2608
20.1613
40.2793
162.367
44.0134
26.0924
39.5007
61.2559
69.5977
135.015
36.9367
31.1736
48.3122
161.39
61.4787
46.2327
97.1502
65.76
92.1344
55.1107
66.3407
104.929
27.9457
35.5637
93.1693
36.2343
38.5535
46.5175
139.938
47.0125
62.3562
38.8405
67.9747
48.7777
146.238
76.3053
69.5119
119.87
32.7111
23.2467
121.774
186.056
72.6216
71.0317
123.052
26.1898
70.4939
28.8489
31.7143
210.72
124.849
58.2195
108.995
61.9363
57.5139
164.189
140.525
60.0078
103.341
48.9393
111.111
58.0923
38.7955
22.297
28.8673
61.6814
74.0296
34.0238
54.2879
55.7096
61.4598
92.1747
106.071
183.577
152.905
51.2652
58.1606
47.3211
37.0216
201.026
33.8597
82.4418
79.2128
60.5179
28.6342
54.1303
99.0386
57.5078
78.9098
86.3911
35.3744
114.215
43.6847
49.5895
46.9353
116.923
40.1836
43.9714
33.3577
11.9414
43.1328
190.38
49.3323
59.4379
71.1993
47.5737
29.205
97.9452
74.7486
13.5888
25.2906
128.538
75.3464
29.9328
51.5544
53.1556
27.4
28.4064
72.1201
42.0687
23.5115
36.1755
223.809
145.796
25.3624
114.992
33.9397
113.591
108.175
60.9206
82.4449
100.981
51.9239
30.4336
71.5407
63.1031
74.5805
29.1704
91.4123
37.9054
48.0763
86.6391
43.3424
39.3353
38.6782
114.445
18.0411
147.064
68.8684
114.376
46.2028
58.4872
51.5078
44.4761
20.2105
38.722
65.4849
14.9687
28.5682
53.3701
52.9406
144.85
74.1612
66.1609
88.1558
44.2694
244.883
103.059
110.58
52.7454
33.8724
62.0724
26.1703
97.8842
34.4054
33.8147
63.4596
41.0767
52.9334
52.9825
122.806
51.6157
87.7455
110.836
142.429
143.486
140.376
39.1267
90.8193
37.6043
69.1271
87.3355
111.731
57.5009
110.445
44.0964
14.7106
81.9964
77.2577
53.5224
314.018
80.4288
89.6414
68.7013
87.8495
43.3503
103.783
222.139
112.984
149.629
53.5789
123.59
38.3234
82.9694
151.199
86.3528
39.7592
25.6815
54.8597
25.3155
21.9353
71.1642
141.812
26.6602
45.5659
102.975
42.0214
33.6311
65.9339
491.707
40.6273
37.4014
34.3694
154.425
64.6716
51.2463
15.4444
76.0548
32.76
67.0451
54.1236
33.6917
156.123
150.345
34.3872
76.0528
49.0725
69.0186
33.5238
77.706
175.896
171.154
122.52
81.2121
202.068
54.3908
48.778
30.5304
57.0224
37.959
33.0195
214.031
101.909
41.0899
164.578
93.0731
107.203
162.945
19.0282
82.7982
29.3101
199.117
14.7594
110.862
328.571
147.002
98.2466
29.0562
74.4321
44.6324
84.9255
95.3898
75.4181
110.842
114.455
132.268
56.3083
37.0845
76.6297
100.956
48.6068
106.018
35.7774
61.4645
183.56
36.8911
33.149
73.7448
155.585
57.942
89.9589
77.47
107.362
334.436
81.2551
49.4363
65.2509
51.6928
37.0303
132.727
47.5288
91.9325
31.6132
58.6485
81.5132
76.3537
80.5549
109.841
103.499
71.5863
25.4797
22.8833
56.8765
71.5807
27.9389
64.1417
116.296
65.2558
86.2165
57.5135
187.595
53.0458
36.5235
78.9546
51.9574
107.804
44.0304
56.2423
43.6542
127.665
147.492
74.6659
136.25
69.2058
199.503
60.7875
49.7833
64.8891
26.441
40.3546
90.1696
66.1315
84.7457
48.0109
87.3685
72.7407
73.7219
48.7912
40.7698
18.899
117.763
35.7395
28.062
39.3614
28.9221
69.3548
65.427
43.6019
38.2457
70.3647
40.0047
78.1493
86.0094
88.211
58.2221
44.0565
56.7487
149.473
39.238
153.159
71.0111
63.7557
48.7973
102.372
25.0302
140.31
59.6949
87.1529
61.4163
81.8444
33.0994
257.505
118.529
52.2849
65.0873
52.912
140.897
74.7615
87.4655
44.114
91.9604
47.1216
26.4273
56.2577
62.5519
49.8837
169.453
118.367
36.2691
56.7953
50.5668
39.769
41.6056
89.5351
21.2901
47.7736
34.2369
46.907
38.0533
90.2835
120.581
55.0637
125.69
9.72553
33.6024
90.5025
56.3395
108.648
42.4656
77.5604
101.88
31.5705
52.7806
223.416
78.6547
61.1595
74.8005
86.146
64.9058
29.8217
251.024
18.7876
30.052
42.2077
26.6237
25.1729
71.8078
141.455
69.1752
45.0673
30.3302
52.1592
42.3236
38.3246
28.9272
124.594
111.899
62.13
38.3181
112.197
36.8685
110.545
188.701
71.0926
106.054
13.6828
48.2345
112.437
51.7064
165.165
94.565
36.5848
96.029
30.2884
262.797
52.5867
26.2837
59.3093
21.1521
24.7949
48.6204
54.2387
16.871
68.6511
95.5908
133.368
51.9073
43.5245
136.779
64.5997
65.564
29.5331
71.0565
68.0646
33.412
40.8399
153.868
130.666
28.5213
59.7715
60.9976
35.2025
53.8666
45.2785
27.0356
14.6707
237.827
180.958
129.485
73.7973
58.1671
59.4235
67.0501
68.124
64.6908
64.2471
41.3841
28.2739
47.9937
68.2775
132.367
38.7228
66.5366
22.2913
35.811
45.0647
55.2807
47.3017
58.5481
145.456
29.6281
83.4093
88.6539
94.6564
94.4861
103.371
85.4674
57.5481
82.2853
68.3322
84.1719
107.962
17.5627
80.0869
71.5741
101.468
71.9627
103.296
74.5972
40.0364
14.0754
76.0132
94.2873
84.9239
48.9574
51.7285
123.189
166.187
64.1557
25.6944
30.0072
207.581
38.5972
102.714
68.2645
21.9794
38.2703
45.3558
47.5471
106.89
42.3701
42.7436
58.3519
203.402
73.8956
59.5797
34.6312
40.4151
86.4829
58.2477
50.9318
79.3848
37.8272
46.2374
42.4503
70.2234
39.996
106.961
64.4901
95.1584
48.0046
86.6675
36.9473
125.27
69.1533
37.7048
54.1992
47.088
69.0155
47.8905
84.6564
135.266
35.685
30.1881
71.6944
54.2763
88.6786
56.8422
74.0664
57.8331
26.062
147.677
54.3127
23.8174
37.3209
153.799
52.4729
24.1419
84.3991
103.513
26.9018
100.775
29.2195
31.1515
71.9408
55.2654
82.826
70.0049
48.7597
37.487
50.0223
82.0748
95.076
56.5081
66.2633
51.72
43.4776
47.4959
17.1867
37.688
14.6283
67.6086
25.0541
58.2465
86.4063
166.116
75.385
80.7805
178.309
52.902
166.698
82.8057
130.79
155.739
81.9835
60.8879
148.03
72.0747
26.1743
26.4662
123.975
34.8573
51.195
52.2327
74.4649
63.515
116.128
27.1525
15.135
17.4114
79.1538
86.4616
49.6363
69.0275
57.6186
39.3518
71.3743
73.676
83.8236
29.9141
44.5063
46.1672
11.6511
45.3684
79.4409
70.4677
137.064
63.8681
81.7949
58.4868
21.4413
68.6651
14.6809
146.221
67.8066
71.9908
50.5763
22.0953
58.9578
89.7137
71.5081
43.5066
49.8198
84.6556
44.8461
250.322
51.7684
180.035
60.9449
73.8496
20.9441
54.7395
75.9845
54.0129
42.6903
219.169
49.0853
121.05
167.181
19.9559
296.472
99.4321
86.7376
38.4445
55.4278
58.786
21.2856
157.299
180.508
44.99
47.5804
152.577
49.7082
46.4993
67.7839
100.806
89.4882
56.8903
81.507
49.939
109.532
59.5304
67.2824
53.489
186.609
49.676
42.1348
27.6086
23.6671
105.355
145.905
60.8142
146.129
35.549
103.06
145.524
136.47
63.0166
27.7541
63.7965
46.5857
97.701
103.266
45.4466
24.1041
68.3991
97.1397
111.605
61.9506
63.5111
173.624
96.7506
116.163
80.4058
115.83
117.449
162.511
110.457
102.167
75.2632
81.9393
52.9499
53.5258
87.319
23.5437
59.9204
63.6899
45.885
70.4375
20.5332
113.752
42.6538
189.454
42.1919
53.1952
34.0312
90.5264
86.2018
38.956
161.326
40.9106
75.0455
36.9958
64.6653
80.6216
65.5174
28.6737
59.0602
113.607
40.5175
49.5934
25.2078
198.561
37.4808
52.2215
18.8075
91.7025
46.7204
116.091
61.8711
48.8092
146.523
83.7625
40.6706
42.27
81.4873
62.8149
115.038
236.58
113.988
152.401
43.9642
32.1265
74.2882
51.9698
119.698
23.8366
50.3208
48.789
22.6696
100.264
107.911
77.2108
72.3878
56.3979
38.1041
92.5488
25.749
64.0589
36.949
57.1823
48.4216
84.3509
27.4533
40.2072
55.3431
93.4036
63.83
253.517
20.314
55.7703
90.8168
50.7069
68.1017
70.6686
46.3637
83.3047
96.9315
223.117
47.7098
79.4154
26.4841
100.06
130.728
41.0722
299.107
29.9439
58.3081
143.597
35.964
34.1834
169.656
105.157
36.2882
101.06
25.2059
25.7659
41.9665
18.6738
17.1879
74.1509
44.6761
100.232
90.5497
32.5331
82.503
140.15
61.9942
74.2242
100.753
53.4468
18.001
212.881
36.862
97.2437
113.305
104.262
58.0627
49.5917
68.819
99.2121
105.524
50.4704
54.8057
72.4134
52.2483
87.0532
17.6082
75.8015
45.1046
17.8041
68.1992
92.9717
27.3268
34.0393
48.7712
206.576
28.1308
48.4204
47.0779
42.2825
56.8489
98.4098
148.768
69.2745
261.973
102.606
73.062
48.4659
58.1371
30.0996
38.9655
69.8054
158.446
27.3983
50.2544
26.4424
55.5512
75.6421
42.044
64.5729
37.0093
129.245
38.4053
61.11
62.5169
44.0909
84.6079
111.628
71.9581
85.9802
60.3056
123.145
220.384
69.6814
33.6507
89.6736
21.4767
148.887
54.9427
113.493
63.8248
37.2009
39.9539
95.6384
84.7119
33.7434
56.1789
64.8421
31.3184
124.699
33.0151
121.136
30.4074
74.405
39.7935
64.808
57.9941
27.6174
34.5957
90.1525
46.3856
155.277
71.8478
53.7082
41.435
131.769
18.1824
41.1895
86.0939
47.8775
35.0388
126.471
53.2354
52.942
23.4125
112.236
46.3716
75.5622
14.9757
73.6739
34.0673
183.596
71.6381
28.546
78.6179
48.6499
77.1706
54.0646
50.4568
42.5576
70.4812
59.5937
43.5087
93.0181
47.2831
55.3373
166.575
71.985
211.232
99.6924
13.9966
43.6482
19.3401
131.98
87.3119
108.953
365.235
29.6734
12.576
52.9587
74.5281
73.9906
109.176
87.1327
60.0331
60.7864
26.9333
35.0882
74.1579
33.5043
36.2991
42.1359
55.1505
122.588
31.3293
102.666
104.786
34.5313
25.6107
149.6
24.1625
69.433
175.888
32.1003
52.3004
174.356
56.3866
44.3041
37.1699
62.1278
24.1528
39.796
133.634
286.397
159.927
34.6751
49.1214
86.1367
48.4285
185.049
91.4324
26.3677
35.7127
48.0008
113.299
84.6723
69.6895
23.5005
89.1782
232.498
137.15
155.264
35.3854
118.007
89.0653
28.2294
26.6982
52.546
128.188
58.3692
183.573
78.7961
44.7982
54.1454
53.0879
38.7348
111.553
55.1539
106.534
41.5721
18.1986
75.5059
61.0031
25.9283
48.9535
63.9394
175.074
50.5894
38.6113
28.0834
27.1949
83.2112
36.1287
36.0931
65.1851
65.6969
81.3502
95.4411
47.9983
206.211
146.761
64.4466
86.6516
52.392
19.5246
50.0214
199.637
61.5576
219.781
32.9262
116.716
66.81
35.8273
35.7007
125.823
55.4624
52.2935
61.5389
227.189
53.6199
45.1285
75.9267
77.6194
93.126
209.987
85.0236
153.115
110.608
40.5779
188.712
42.7937
64.446
61.8042
110.084
38.3271
157.618
44.21
120.772
92.0777
27.5553
51.4243
103.375
126.265
47.3503
25.367
28.2421
35.5782
43.4218
54.7428
88.9666
50.8539
38.5415
25.4991
41.6145
81.1396
89.3173
111.483
62.1327
122.4
76.5177
36.6773
114.052
51.9288
48.7757
82.8452
56.0209
212.916
107.451
97.7803
19.9481
66.7598
106.272
21.6011
64.3712
36.846
38.1494
22.6879
48.2758
71.3523
88.8106
36.9776
115.599
40.7443
40.7024
93.2833
72.9077
78.2534
26.8314
77.7788
22.5997
144.444
75.9778
197.685
45.981
54.7173
53.688
20.8976
203.821
70.139
55.6427
130.22
95.7113
70.51
71.9664
85.4252
53.0177
39.1123
117.394
63.2421
45.597
38.9666
82.9186
50.9653
65.003
88.8923
137.123
37.7525
220.803
33.1136
99.5325
88.6984
108.445
73.049
25.3578
73.4842
81.9669
34.0098
36.5439
19.3106
19.4558
48.6884
120.341
54.1124
50.3373
80.3671
77.1181
70.8266
192.19
39.9249
107.69
62.0035
49.4448
53.4409
235.599
87.9702
44.8863
28.3015
102.623
105.152
29.0035
67.8494
27.9286
37.8489
86.8562
48.9668
62.2004
157.956
54.3925
19.9228
43.231
113.837
36.7973
45.8513
273.259
53.8672
28.6093
81.373
40.5884
47.7935
64.0009
22.3802
92.5353
92.1472
105.853
36.1078
69.745
124.291
59.2163
21.3841
31.1495
89.9773
52.99
58.3595
37.3971
54.2547
47.1575
46.47
64.3548
45.3386
47.1598
111.241
55.3358
92.0954
72.4783
40.7295
110.08
31.6258
52.223
85.1914
147.275
66.8438
49.2725
106.787
12.6537
24.9813
133.572
104.569
143.061
39.8772
211.423
126.299
97.6469
87.717
41.4887
67.7026
61.1614
53.8048
73.9408
65.6064
85.282
118.849
81.3758
35.7378
88.3531
18.3807
84.0721
144.508
82.8862
160.914
150.518
59.1646
37.5373
92.3898
95.2995
43.3247
78.0426
31.5134
95.8598
219.771
67.052
40.9981
83.5161
38.2037
14.8716
142.483
27.3395
34.4134
35.2558
225.982
63.1309
72.9947
42.1157
53.0611
25.3901
133.117
64.1515
44.5684
69.1851
54.2498
75.3362
36.8351
138.417
66.4176
30.3733
57.576
132.362
50.1803
229.54
85.5362
149.492
54.8866
94.7633
166.562
63.5925
93.5548
114.329
59.1121
112.133
70.3219
104.334
19.348
64.2172
52.9511
123.428
92.8259
37.2684
66.9001
62.5417
116.612
30.6578
137.305
86.7685
129.717
33.7915
65.8619
48.9278
40.778
63.7174
80.9327
154.132
53.2104
125.08
30.5007
111.583
267.097
44.3447
146.658
59.5074
138.616
35.5917
204.367
88.77
151.72
51.4273
185.518
155.492
70.1162
84.9311
61.7216
37.3558
77.6214
50.6315
45.1726
70.7933
33.875
41.7694
47.8314
112.588
124.397
101.695
54.7845
94.0888
101.594
147.644
57.5145
126.04
57.2415
33.3013
96.4692
68.1934
84.7123
64.8422
142.078
51.68
17.4457
139.631
40.2298
87.1007
22.3825
56.4126
38.4841
55.9176
116.525
70.0252
43.7962
123.374
79.1411
63.178
36.1841
47.8866
77.8044
146.151
188.49
39.4443
17.285
242.545
83.9741
59.4858
65.9594
32.3607
53.4652
37.698
50.8119
63.7341
49.5875
99.7225
78.0085
54.6426
39.2715
123.67
56.6191
86.7151
60.3046
74.7334
38.1117
51.4753
44.1109
60.9865
52.4705
94.1064
41.604
60.7642
92.6461
22.4773
81.7304
123.576
77.0106
36.3471
24.9952
130.771
34.4869
21.7277
139.224
70.3354
36.9944
101.634
45.6381
50.2085
146.6
183.078
63.7378
36.8545
57.5912
65.3974
44.9509
24.7059
92.4755
118.916
90.3043
29.4
24.6799
59.1325
46.6922
140.667
59.4953
73.6678
90.8439
74.1514
47.0375
30.0018
41.7605
94.1014
65.8116
37.5005
62.0023
60.8258
56.3023
19.6362
62.1114
112.37
65.0669
48.7354
105.741
78.8239
39.0469
30.9356
26.1931
37.5545
91.3734
62.9857
21.9399
149.069
155.69
93.2487
37.4388
67.4808
133.983
62.2042
49.212
93.4674
83.4924
95.127
196.262
25.1806
27.416
56.4653
77.0723
170.741
47.5937
27.3744
53.8196
63.0449
112.743
38.0805
257.257
60.6017
135.353
71.9162
39.2885
71.9181
59.6369
28.4407
140.048
155.806
24.5624
159.09
22.1141
59.2727
83.8074
28.7638
72.6671
53.5164
43.1415
44.9654
44.886
131.229
190.373
104.261
45.6007
82.1055
103.366
37.8702
41.8246
94.9905
63.2201
31.043
39.1298
55.9739
59.9023
34.8894
53.7291
55.3141
37.4614
60.2436
24.9231
98.9944
178.887
45.409
86.5119
184.873
121.002
50.71
193.633
43.2697
72.7425
115.985
59.9528
53.2222
19.2676
135.046
38.1013
75.3621
36.1355
134.402
93.3538
123.312
47.3581
54.0333
118.514
105.349
73.6428
46.631
36.9388
86.6538
50.7343
30.4628
35.5043
148.831
30.9207
49.0176
84.629
31.4222
70.6965
81.8218
41.7913
67.8245
127.438
47.4297
90.2193
13.3856
30.7258
74.2804
87.7308
160.228
64.9125
18.98
61.0324
59.1252
43.5483
85.0804
86.1885
74.6583
106.115
87.4691
42.9033
30.489
33.6603
38.3389
114.674
80.8704
22.0533
86.5567
111.829
50.8976
40.0741
26.6372
30.7043
176.535
91.6737
221.421
58.4838
69.6312
23.6009
134.729
40.7138
41.7792
25.4551
48.6619
134.549
62.7359
80.7083
44.4174
112.081
106.483
169.093
88.4214
18.9784
97.5165
188.61
120.192
21.3597
57.9818
88.9119
183.547
27.337
36.3679
45.6667
83.7526
64.7873
59.2966
134.896
73.1265
20.8519
69.2023
88.7358
16.2656
103.232
41.4741
35.2447
92.7386
71.481
124.154
84.1253
52.204
20.2046
48.8141
74.4986
47.9314
43.6668
49.6737
109.298
32.7078
44.8655
41.6739
20.9389
64.3974
54.2054
162.132
29.6902
20.1995
117.364
59.2912
17.2818
30.1135
78.1371
102.106
69.3644
50.3326
158.027
48.6594
40.7745
135.871
49.0508
187.169
90.7021
37.0307
32.4891
93.6882
62.2923
32.7623
98.9513
36.6308
59.8999
70.1003
91.7127
25.1968
27.7774
234.618
28.4568
36.0146
35.4587
99.564
87.5119
223.693
25.792
42.5125
109.137
21.3494
32.2463
75.0471
109.109
125.629
39.5645
33.5023
196.139
91.2576
118.642
163.904
50.5811
95.7849
50.1
45.6576
116.836
173.628
87.9519
240.816
25.629
32.3237
55.092
77.6949
144.202
44.6604
27.1625
31.5137
45.1944
80.3842
40.0495
41.7869
18.5292
32.1181
47.7811
58.9472
78.9465
82.7374
81.6897
92.4559
83.8114
128.764
128.655
100.49
73.2727
85.2451
55.0882
58.0822
62.8444
25.0028
101.292
30.4368
63.8784
191.052
106.234
36.9741
95.3431
50.4244
48.5305
79.6839
40.337
74.411
94.6757
49.4849
61.1948
53.5962
47.7066
83.9295
39.4818
52.5562
48.3481
38.0418
141.333
113.274
106.3
63.9228
23.8398
104.036
175.572
41.2221
81.0034
57.438
31.2863
83.2977
18.9365
23.7228
63.0176
13.487
79.8696
84.2962
76.8506
55.0685
48.4865
34.9183
34.2397
27.9986
103.589
110.001
101.117
88.6037
33.7264
23.0095
50.6433
67.3999
46.8774
45.0931
47.9745
25.0475
59.6548
41.7809
53.3083
46.1637
47.0889
55.8583
58.2392
54.4973
46.2112
48.0864
120.171
124.745
75.4689
80.9187
34.1871
29.0809
63.1236
79.4739
35.3492
77.3114
179.63
24.9072
140.315
26.3753
53.8153
18.5425
30.3859
84.4949
21.7784
195.018
82.252
137.483
121.193
115.136
48.81
57.3396
79.6313
56.4001
154.882
86.0397
96.748
40.7065
69.1006
54.0452
42.58
41.8213
129.77
33.7941
67.0265
42.0742
65.6725
37.2827
26.426
40.1247
69.9107
65.4336
19.2187
91.5496
28.4652
77.2969
18.9205
24.4853
83.433
32.4396
119.463
87.8222
61.5544
33.3981
101.731
37.5342
94.5849
32.644
117.453
42.5776
93.9608
77.948
42.3876
123.946
59.0182
148.558
68.563
38.3685
14.4439
111.95
67.392
77.189
110.007
112.746
49.8901
36.0397
33.1281
64.316
89.6357
40.3208
51.8245
43.0152
75.53
44.3879
163.827
124.203
28.6572
65.7166
49.9456
105.926
49.9854
55.9529
75.4652
91.7677
39.9675
78.2548
193.159
104.591
23.9305
44.856
30.3116
46.7846
129.102
125.435
45.9192
48.0317
62.8806
114.383
49.5844
90.5066
90.9608
90.1038
118.451
55.4704
32.6934
39.4697
38.2338
8.82607
43.1661
11.4085
50.522
61.6109
52.0891
52.925
184.96
67.1099
82.0251
32.404
198.854
45.9218
96.4879
27.8262
96.7107
28.2557
93.8933
40.9743
35.2763
53.5632
46.7386
50.3446
24.6281
38.2492
145.932
75.4766
54.2229
119.595
134.575
42.268
30.8982
83.2972
39.9482
112.3
93.7456
36.5106
71.5751
47.9163
81.5467
126.776
71.4612
96.3204
31.3266
40.1725
81.4158
66.2876
36.3621
28.173
46.1351
155.821
120.531
244.636
23.9338
127.882
35.6815
56.9692
74.0184
128.324
131.206
232.041
28.4205
38.7397
44.2795
56.5857
127.656
225.74
38.5911
44.6363
139.914
69.4347
69.6536
56.7617
81.103
195.341
86.3933
187.937
125.03
131.995
18.1091
54.5835
161.589
27.3868
24.73
138.125
66.7139
60.5336
43.5393
98.989
74.4711
80.8506
64.6935
13.8121
83.8267
100.962
38.0586
55.8012
99.0097
49.5403
43.3872
76.0907
84.8681
41.5556
33.9896
52.7573
47.6459
122.203
28.236
33.338
58.7812
71.4737
57.8943
41.829
168.537
24.5294
78.3965
54.3553
42.5091
108.408
78.2919
90.0226
38.4973
78.6589
31.8685
31.0192
55.3368
39.5763
74.5736
14.657
90.466
82.6092
48.0467
54.9667
104.104
52.9273
49.8185
27.878
54.3733
53.8741
52.3174
56.7332
98.2881
108.277
52.3515
69.1384
63.2847
68.154
32.5792
104.324
48.5854
203.71
45.9441
41.8916
163.825
28.7503
72.9832
28.519
52.9849
41.6718
102.915
69.0207
116.506
79.4306
78.133
94.653
46.4148
79.2873
51.3132
40.2479
46.2779
118.073
24.8187
23.8976
77.5429
72.4649
128.968
93.391
99.914
128.182
55.8264
95.8009
93.7105
38.8203
82.6726
42.0591
21.7683
40.7436
23.6253
22.2718
93.336
60.7003
91.134
64.2108
83.5166
53.428
132.8
127.032
49.8157
39.9678
68.4068
32.0843
57.0489
50.404
180.594
77.8358
31.062
63.8671
134.075
125.503
94.2775
118.163
96.3075
46.7037
26.5364
41.8399
245.155
62.5917
40.672
68.3524
37.5477
28.3391
59.4057
68.9576
43.8044
57.7358
20.1226
73.5224
192.475
48.5548
188.732
52.5678
78.1609
56.3964
77.6876
40.8437
42.5824
10.0721
43.2968
100.788
140.49
115.383
33.9644
26.9676
58.1584
62.3705
23.0009
34.0853
176.587
20.0208
155.052
70.7965
49.2838
183.59
40.4925
29.6685
41.5255
42.2316
90.984
81.2828
99.2222
112.119
116.123
39.7476
83.4054
254.578
98.1922
35.499
69.2562
62.5939
32.4389
87.0649
86.7508
57.3272
65.5574
60.6453
98.2316
40.0926
25.9296
47.5822
72.9138
101.617
64.9493
55.8511
139.377
55.2104
23.7208
39.738
72.7855
72.1327
29.0434
162.821
49.3153
25.6628
46.0324
26.4213
88.9825
115.132
26.6301
63.7813
33.3145
34.0742
41.9357
62.0592
65.8356
58.0029
139.184
158.268
67.3797
225.023
16.953
35.6384
75.4707
48.6265
28.1173
37.5999
77.4715
44.5589
101.445
138.042
77.1154
42.3896
83.8401
36.9702
108.308
58.4354
61.7709
99.8401
45.1113
39.3144
65.4567
124.839
65.7756
38.2426
67.9757
109.694
54.7375
49.7565
33.8589
27.4913
106.582
110.34
39.3041
149.862
63.1537
167.644
72.1807
117.916
20.9406
19.2464
24.4985
135.253
37.0635
20.3233
28.0992
253.033
44.5948
25.8691
49.5859
48.0628
57.1717
93.7075
49.3692
74.2097
152.806
38.7307
149.442
150.358
27.5477
129.572
53.8496
16.9111
120.891
29.1362
29.9402
45.0248
29.9533
68.7058
51.6522
68.0007
74.2591
44.4766
56.0639
81.1697
41.2901
234.133
72.0816
139.869
80.8754
25.4402
85.3531
46.5993
103.447
40.774
74.9838
62.7257
73.5425
64.3517
126.727
88.4728
18.1116
145.171
27.3666
45.0769
82.2212
84.4469
45.0659
154.716
58.5665
65.3566
55.7575
103.673
47.1261
51.7727
219.705
53.1744
145.797
24.9696
73.7204
40.9813
53.4983
52.1762
40.5306
36.293
53.7697
42.5786
91.0836
172.319
66.0896
26.2421
37.8185
26.4012
48.0932
63.7861
69.9663
78.3703
67.0997
29.8549
24.395
111.755
26.23
49.8442
36.4801
34.0599
111.061
58.1097
39.3855
31.0163
33.4761
66.2557
58.9832
35.0569
99.5321
64.6901
140.174
94.2433
65.9547
52.1093
18.1852
82.8206
13.9837
67.6971
69.0726
70.2303
15.8827
146.483
19.2034
22.6864
45.1945
316.251
24.263
43.1949
76.7905
55.8014
60.0092
54.3803
18.0807
146.986
171.1
57.0204
21.7681
32.2646
28.545
85.2184
59.5027
154.512
101.113
18.9513
193.888
53.7581
26.8776
42.3933
72.2185
26.1637
44.0875
48.9121
44.5904
34.0816
47.5639
48.3149
64.5606
42.3722
130.074
28.7007
139.296
89.9225
87.7635
34.9067
65.6992
249.009
63.0154
36.3971
42.7427
77.5226
46.368
29.1711
29.8733
77.5522
85.2476
79.0581
78.9397
40.6438
139.479
34.1094
20.4251
81.7815
29.3277
115.189
88.229
58.1448
47.7682
72.5387
57.0849
148.2
60.3547
55.5001
24.2523
71.7529
191.836
57.0888
48.0127
18.3596
44.9078
101.724
52.6738
52.7123
105.688
50.5814
116.554
62.2555
101.847
43.2858
27.4252
134.115
59.3606
173.005
183.742
47.2737
118.313
17.5177
96.5371
36.1612
44.348
40.4074
111.757
66.3911
192.299
30.0121
127.074
101.509
74.538
182.774
40.5312
58.0111
65.7165
97.043
182.938
25.5141
126.731
36.678
20.5453
60.8045
106.902
92.2585
100.489
88.5232
25.7518
116.455
91.3913
60.0468
55.079
64.7314
53.5495
150.63
36.6387
69.4503
32.3764
32.7454
48.2824
101.885
61.9931
36.7806
87.3972
148.937
51.3239
31.905
76.9414
12.1224
72.4929
66.0042
72.9444
24.1781
20.5675
73.2707
61.3154
49.894
35.5701
49.8158
18.5344
154.029
37.4512
98.2132
26.3711
100.804
31.0763
58.3464
33.6417
247.392
76.5488
75.8472
40.2488
32.3316
19.4826
169.003
34.159
47.0655
111.246
58.5607
135.387
22.4683
74.9886
73.2886
92.535
92.3382
46.2886
116.352
116.847
37.6877
157.666
177.312
40.6037
84.3951
148.193
50.2691
119.905
48.982
230.572
32.2409
40.0628
28.846
97.4027
120.532
98.6338
159.887
61.462
111.534
96.8952
93.9528
141.063
86.3002
52.4214
104.506
28.241
56.5047
27.5869
54.9795
22.4172
35.6671
39.2624
105.67
39.5538
42.5921
40.2383
58.7637
24.1692
36.3063
78.0542
18.4904
82.7285
110.584