1.52845
1.75222
2.85186
4.5478
1.26495
2.39196
2.02677
1.18224
1.45668
1.58252
3.74115
0.643098
4.54941
2.55381
2.9981
1.50081
5.20572
3.76772
2.7334
6.01262
1.48509
1.78854
1.20273
3.15693
6.37051
0.886119
8.37389
2.37019
2.03286
1.66331
3.40401
6.544
1.05699
1.63242
1.64262
2.37072
3.24135
2.02055
0.88282
2.63168
10.3526
2.31576
1.99093
6.60504
1.71058
2.14872
1.71115
2.31998
1.08394
3.57708
3.78668
3.19032
1.4614
6.28185
7.26124
4.28919
2.79878
1.928
1.76914
3.30175
0.286783
5.51521
1.24572
2.11487
1.89932
0.761089
1.44767
3.22632
3.06457
2.12401
4.26212
2.03027
0.725916
4.67063
1.48608
1.79418
3.92789
4.24231
2.3745
1.1798
0.831162
1.86076
8.26243
4.34862
0.97309
5.76428
1.21932
1.80921
1.11991
1.72606
2.15739
3.33325
1.79732
3.63273
3.73913
1.88097
4.23225
2.88446
4.05952
3.58191
4.07507
2.79074
2.0607
5.13611
1.97857
3.32815
1.14672
2.80152
1.54667
0.696652
1.84467
3.70871
2.47403
2.64961
1.5268
6.9189
2.18304
4.61891
2.41694
1.2257
6.93916
1.7632
5.95638
3.4511
5.53666
1.0273
1.2486
3.16334
1.87751
2.14928
5.2921
3.17237
2.05476
5.09956
0.507608
3.87087
3.13762
6.67856
3.71909
3.36015
2.72483
4.27345
2.463
1.04276
3.87784
2.06307
5.95295
1.32181
5.4095
4.71013
2.32704
3.88771
1.10665
5.16822
4.56845
1.5544
7.58394
1.15035
2.68193
3.3257
1.76331
1.9001
1.37124
6.7359
1.63327
6.26447
2.01199
4.63397
3.6864
7.23182
2.44764
3.17361
3.55748
1.7759
4.36744
7.35769
3.39977
4.10436
1.97093
3.74978
3.46775
9.27257
1.27013
1.35759
1.73546
1.63872
3.41542
2.58292
1.71014
1.60096
1.62003
3.61194
4.57265
1.66148
3.14896
3.12556
2.79501
2.27983
2.22773
3.79327
1.11325
2.33361
1.51733
3.87431
2.66717
1.22945
5.64842
6.65189
2.41135
1.42445
2.97547
1.69451
2.90743
3.73839
1.96835
0.940781
1.35945
4.43075
4.22896
8.14802
6.60056
1.82282
3.78827
3.81038
1.65554
1.76326
4.26525
2.51082
4.58473
2.00809
2.48557
2.94457
2.39463
2.53716
1.29716
3.82046
8.02278
5.31231
0.722009
1.41305
4.0841
2.0498
4.23225
5.95409
5.90272
2.79065
3.44318
7.60137
3.66468
1.55657
3.2466
3.37893
2.68377
2.43386
2.11439
1.39968
2.38175
3.30312
2.12104
2.22132
2.78074
3.57637
6.1435
2.7118
1.78954
2.82762
1.30702
1.27956
2.78346
1.25922
4.43596
3.91597
1.25364
9.95424
3.95842
4.57383
1.59621
2.33924
1.88682
7.99084
1.19896
4.19919
3.3119
2.35757
7.20834
3.12079
5.05975
4.27427
2.29153
3.26634
1.99987
4.12227
1.29548
2.4679
1.66478
3.11232
2.37494
2.88752
2.56125
4.06977
3.60918
2.86512
2.85136
5.43625
3.29702
3.64995
4.42809
1.9372
1.91369
1.84036
4.25749
2.2024
8.27437
1.42923
2.93373
2.70486
5.00441
3.00489
1.7047
3.29811
0.827434
3.15679
0.930278
2.34585
5.66444
8.52993
6.38742
4.79566
2.6151
2.45699
1.44999
2.38155
3.16123
2.63454
2.11655
4.05323
2.16808
1.08454
1.86726
2.14747
3.0785
1.83605
4.8605
1.60368
2.74735
2.76573
4.56303
3.3968
4.2113
0.509974
6.02365
4.12444
6.8803
1.19052
5.04415
2.63037
1.23055
3.96261
1.81547
2.4495
1.40021
0.672881
3.08814
4.11447
5.74967
7.56287
1.69593
3.85566
1.63687
4.30078
4.25939
2.02566
1.96626
1.59354
4.73446
2.77902
4.07083
2.64417
1.60051
4.01613
1.1395
3.52841
1.24379
1.2034
1.56084
0.98714
10.307
4.88238
4.24262
2.15508
4.9825
3.02432
1.27028
2.6631
1.70037
2.4679
2.18867
4.13862
1.76411
3.45668
0.74433
0.936301
3.69483
2.12912
1.97607
8.13968
2.42073
1.32816
1.33974
8.12244
7.62532
4.42717
7.33784
1.88542
1.43065
3.11933
2.49212
2.80653
3.52539
0.658861
2.12125
5.90782
1.54911
2.85977
2.76668
1.76815
2.97984
1.32136
3.50225
1.4865
3.05019
6.70205
10.5501
2.85386
2.43025
2.06898
1.9494
5.51748
1.52562
3.41904
3.35106
3.18414
2.12001
2.45445
1.84444
5.00304
2.88926
2.34323
1.69637
2.13512
5.4748
0.693022
3.79671
3.05071
2.40959
4.45676
3.15316
2.68652
3.00981
1.80552
2.95121
0.572626
1.41819
1.45171
1.36751
3.47184
1.24368
4.81025
1.37423
1.42606
4.60974
1.23532
0.831623
4.67653
3.45088
2.9027
1.56884
3.13541
2.20428
0.870634
5.35578
3.63747
3.75728
8.13376
2.8472
1.09051
5.09014
2.63608
2.7623
1.97008
2.76526
2.46788
3.75353
0.507809
3.86577
0.476404
5.0936
2.86828
2.10789
1.14021
3.46415
4.75645
8.66312
5.36723
5.72327
1.11367
4.9624
4.88989
3.3184
3.69581
2.00628
3.10609
4.32895
1.92973
3.6395
2.10462
2.32698
5.78303
3.59238
1.52762
3.74411
4.33295
2.70114
8.07722
0.402964
1.00133
6.31144
1.86048
8.75517
4.76808
4.50208
4.42962
0.778862
4.30228
1.0807
1.80892
2.07378
1.77684
1.04504
1.83431
3.93203
2.5246
5.43308
4.80378
3.32701
2.76479
4.21896
2.31117
4.03947
2.17018
5.03632
3.35366
2.69679
1.46311
2.56882
5.52444
4.42592
4.60398
1.38841
5.93444
6.12108
0.473824
0.740557
3.2686
1.9813
0.90859
2.34802
1.09539
1.24314
2.64876
3.60394
5.81873
3.38019
3.75587
4.74575
17.4773
1.72332
0.766047
1.12875
5.53532
1.34761
6.72162
1.70834
1.51789
5.67012
2.50193
6.96458
4.07205
2.94998
3.56026
2.09929
2.72416
3.71545
1.87597
3.54199
2.75837
1.5396
3.17545
3.54773
4.75054
2.11611
1.39882
1.21397
1.43831
4.42822
1.4747
1.67669
2.58087
2.74621
4.45497
5.81389
2.7654
2.75399
5.6013
6.56057
1.88133
5.43938
3.71457
4.76354
2.77244
1.63703
2.94109
2.58333
1.80741
4.20215
2.5554
4.01541
4.93697
2.64935
6.19274
1.2767
1.96073
2.9959
1.93518
3.50499
5.10072
2.97007
2.51529
3.06266
2.48433
5.06367
4.44258
3.19071
4.30271
5.55081
4.2029
7.70414
1.13695
3.95735
2.1863
1.78697
2.76338
3.81429
3.50182
3.56956
1.61284
2.11736
4.25702
1.34854
3.79625
2.1356
3.0669
2.98837
0.813513
4.99124
2.61415
1.78524
4.22121
4.51493
1.61625
3.14829
3.45646
6.24718
1.11362
0.902408
7.99897
3.69753
1.99977
0.771426
3.97759
4.55262
6.04931
4.22076
0.920594
4.88909
3.71023
0.679503
7.27088
2.78679
2.38998
1.38509
5.57907
0.845116
3.80631
2.15747
3.78308
3.97269
4.44273
2.71521
1.28937
2.35915
1.55426
4.07125
5.78238
1.79779
1.56363
6.28614
7.35809
3.30272
3.26774
3.38908
4.54424
3.46492
3.46987
3.62062
8.37647
1.49595
2.80357
2.42942
0.472057
0.866171
0.986169
1.46222
2.26252
6.17366
3.01516
7.06234
1.10857
2.72243
0.844975
6.5063
1.22427
0.278829
1.47466
2.41302
7.22007
3.31545
5.42658
6.9751
5.18977
8.63651
1.33603
1.23841
7.6823
2.48564
4.51015
3.85168
6.35997
4.12102
0.601558
3.89938
3.96511
5.82571
2.02443
2.40933
2.74321
2.74341
6.73112
1.9803
3.29027
2.23585
3.96715
4.1225
2.40258
4.17666
2.57909
3.88896
1.82004
2.29208
5.732
4.20265
1.09151
2.94784
1.10587
1.14256
4.98032
1.05946
5.13785
1.33011
3.22725
4.4121
2.1102
1.39717
1.32388
2.97958
1.51366
1.0354
8.64963
2.82982
1.08647
3.04506
2.67594
3.83014
3.85452
5.84508
5.80073
2.1921
1.44492
1.15235
2.55276
2.64661
1.02004
6.97958
1.58581
2.73802
2.2837
2.34935
1.53199
4.66212
2.86874
1.59429
4.34153
1.30972
3.13075
1.16939
1.1588
0.863255
2.15899
3.52455
2.99415
2.81602
1.34363
1.3899
1.98533
3.9658
2.42344
8.69539
4.66198
5.85191
3.77853
4.59528
3.55958
1.15093
3.69108
5.03389
3.76818
1.48909
1.75168
2.82636
5.05523
1.39978
3.06395
3.34681
1.4998
3.68395
2.90136
2.30632
8.88579
2.40235
1.89605
3.70728
1.45419
1.553
3.01749
3.20837
2.47604
1.67283
1.62405
6.30358
1.52593
2.60432
2.32035
5.37961
2.30087
1.41506
5.01252
3.96894
3.99944
4.22442
4.22732
2.66397
2.85224
3.21325
3.4185
3.62213
2.13131
3.82638
8.43176
3.77287
1.20318
5.75731
2.65685
6.89408
1.41737
2.09675
5.08189
4.32828
2.70211
4.4374
1.67695
3.83718
4.13126
7.2898
5.62378
4.40675
2.5335
1.90438
1.82428
4.0317
3.50358
2.93761
3.77868
1.97715
1.61167
3.9739
1.35693
2.1799
0.729099
4.87435
1.01778
1.32066
3.74019
1.68854
2.16002
2.42433
0.539345
4.40295
1.28959
4.89167
3.37699
2.16387
9.22116
3.42989
4.02179
3.27649
4.14908
4.40467
2.35532
5.05885
1.59539
2.37037
2.55703
5.06051
2.04133
3.42148
1.75105
2.90406
2.02386
5.5007
2.72188
2.24695
2.70723
5.14025
3.22372
3.03057
3.02213
7.22874
1.32739
0.489053
3.91234
3.26037
3.66314
1.99143
6.51718
3.10516
2.61756
3.86098
3.49488
2.38986
2.0022
3.24705
3.62695
1.95071
2.29401
1.64229
1.19351
1.3901
5.06052
3.1787
2.05319
1.3882
1.58628
3.48626
0.810816
1.65045
4.18398
2.31664
4.96739
3.26464
0.818858
2.34709
1.4019
3.43439
4.92239
2.5758
0.657573
1.47393
1.06683
0.877159
3.64035
2.12082
2.13509
4.05547
3.29923
6.78648
1.37088
4.37115
3.6931
1.5284
3.5492
3.08363
2.73957
5.85383
1.87661
2.68706
4.98893
8.54514
3.27732
2.19894
1.21649
3.26201
5.1113
3.13786
2.35318
6.00966
3.31683
4.53397
2.51846
0.819411
1.73647
1.96958
3.06403
0.921543
4.16477
1.16496
4.41221
5.10147
2.54991
1.03369
3.3277
4.10249
1.38268
2.12391
4.18071
4.70761
1.14475
1.40448
2.27018
4.61646
2.70967
1.38517
6.52771
1.21276
2.00261
2.27372
2.12211
2.92371
3.491
2.39053
1.76764
1.63432
1.42871
5.16698
2.61514
1.61259
2.10556
6.34583
0.83171
2.01677
3.60838
1.87196
2.35586
3.95108
1.39974
5.23004
5.42503
3.29025
2.39659
2.92904
1.29152
3.03674
1.12578
1.77626
2.07612
1.33716
1.76814
1.77415
2.42958
3.95458
1.23734
3.20644
3.25746
4.4925
2.39537
0.887199
7.71493
2.1058
2.83256
2.22547
1.9893
2.47738
5.2596
2.67804
9.14018
3.15896
5.77285
2.14689
4.99074
2.59735
3.98109
2.0196
3.26297
4.49668
3.76451
2.25076
3.05828
7.82369
2.93809
1.4522
2.35271
5.2311
7.36867
3.58884
5.47699
2.7874
7.24246
4.09959
5.13978
3.92108
1.76748
1.26487
2.19038
2.02507
2.56949
5.51701
4.54684
3.0078
0.746207
2.91534
4.81835
2.01546
4.83264
1.99903
2.96795
3.36266
2.90377
1.95795
3.52582
5.97189
3.401
1.47682
3.09077
7.21557
2.24158
3.80322
2.09308
1.41802
1.46748
1.03657
3.11995
3.72996
2.43865
4.12171
3.16605
0.936692
2.12503
2.38018
2.71201
3.01011
3.58201
2.26694
3.07031
3.67486
8.41032
3.24243
1.59028
1.24372
2.91471
4.62238
3.97957
3.1102
3.37403
7.71985
2.45316
6.19237
3.33065
4.13854
5.91343
2.51314
1.8301
5.14934
4.37205
2.28305
0.830059
4.91363
1.66728
0.755134
4.3556
3.7146
2.48834
4.98032
1.26119
1.69339
5.23892
1.57761
1.38672
1.51243
3.54051
2.07553
2.65246
3.40359
3.08527
4.4911
2.82144
2.81565
2.12324
4.18174
14.6833
4.08273
3.84981
4.38254
2.89372
1.65329
1.51223
4.95265
2.46934
2.77669
1.5607
5.5364
2.77372
6.81644
1.25205
1.58252
2.41968
5.10728
5.28497
1.88415
6.08228
4.75589
3.42511
1.46787
1.40434
2.91861
1.68143
4.05509
3.31868
3.19906
1.0868
3.75999
2.22583
3.67585
1.38044
5.8331
2.56233
1.33912
5.31079
3.3496
2.93077
2.95565
10.7343
1.2605
2.21109
2.04328
3.99847
2.3277
1.67315
6.97585
3.59812
1.99444
1.82425
1.85973
2.16846
3.92991
2.32537
1.56707
1.11307
4.86797
1.85786
1.51429
4.68488
2.80455
3.26036
1.46403
1.62765
1.47741
1.00577
2.56635
3.69733
1.92797
3.34021
1.35612
2.19441
1.20551
2.95735
4.43957
3.60207
1.67251
3.29681
1.8012
3.0714
8.41868
3.26551
1.85915
1.45029
3.69846
1.73101
2.77184
4.16779
2.15756
3.25381
2.49835
1.67844
3.11843
1.99248
1.22381
4.84851
3.83894
1.06772
6.02062
7.29387
1.93131
3.20045
2.43418
0.538533
3.76809
4.45196
5.66711
3.31034
2.26437
1.75261
2.1743
5.86349
2.46682
1.81683
3.39362
2.23363
2.16534
2.73237
3.93331
4.93054
7.11821
13.7431
1.11748
5.53843
4.27154
2.93639
1.86955
2.25125
1.15161
1.15117
1.53668
2.8863
1.69469
7.99951
0.938945
3.1679
0.942887
1.29191
2.83613
6.17748
1.13719
3.34295
2.91751
0.726214
3.45961
4.661
3.97802
2.30504
2.85164
0.594481
1.11933
2.40489
2.64172
4.38922
3.71079
1.41953
3.30496
3.44718
2.18865
7.46632
4.05245
5.01795
2.56488
3.12005
3.43298
6.44873
0.897542
2.2589
3.90208
2.95395
2.33714
3.76356
7.3482
1.35388
2.1695
2.13637
9.04109
4.57339
11.5951
6.04278
1.07625
4.65553
5.13227
2.79078
3.02905
0.962755
1.74595
3.35024
3.04809
1.32515
1.91277
1.93075
1.45652
3.61767
2.80124
2.48617
3.80712
3.56482
6.1538
4.06584
2.43616
2.23833
2.39057
2.57464
2.00902
3.61889
1.65759
2.27157
1.51028
2.45749
1.08929
2.63957
3.53266
2.91987
3.48654
1.95879
3.3746
3.78951
0.932607
1.34172
2.61787
1.1564
1.21933
4.34883
3.45262
1.62941
1.39671
2.95376
13.3081
7.14881
2.20888
2.14739
0.500498
8.74889
1.46928
0.949171
1.11194
0.302234
3.72736
2.2394
3.85162
2.98954
2.11117
0.753432
7.53461
2.84245
1.47868
7.98657
2.34711
2.36127
5.26094
4.56884
2.2063
4.65516
2.25137
2.33645
1.86831
3.559
1.33168
2.12133
3.52615
3.77112
1.18051
4.91729
1.83775
5.73052
1.38246
2.60613
3.53157
0.984296
2.21117
3.71918
2.4922
5.03149
5.69421
3.50946
4.69423
1.17923
2.05219
1.4074
4.96974
5.42187
2.36159
2.88516
0.661093
2.38545
2.4121
2.12411
6.13504
2.12413
1.23237
2.20115
3.78271
2.6324
4.37041
5.18535
0.51066
1.81007
2.96991
3.41004
1.42621
5.29433
5.03514
2.65734
2.58299
1.35649
2.0749
9.57188
1.553
3.25224
4.23346
8.18812
4.31151
8.85836
5.14508
1.77733
2.77653
1.04181
2.19804
3.15011
7.50505
2.5171
6.3232
5.37085
2.01945
5.93462
0.784918
1.60243
1.20296
1.49403
1.1766
1.53973
3.38688
2.17221
0.976491
0.970559
3.03441
1.36769
2.66108
2.09761
0.612798
2.28036
1.83495
1.09447
10.2103
4.09711
5.17612
2.44567
6.24357
1.7331
3.48484
5.31155
2.2749
2.01288
3.47087
3.96752
5.11405
0.5827
5.20727
3.06346
2.72412
7.49421
1.35105
1.94035
3.82876
5.38174
2.12369
5.00494
0.299172
7.48412
3.73807
0.374742
0.998039
1.89376
5.44222
3.85049
3.77653
8.81532
7.75379
7.52597
2.18211
2.90125
5.72516
4.05738
4.87866
3.17695
2.9691
3.00129
1.85759
8.36436
1.14148
1.56515
2.12677
1.94858
1.90375
1.66031
4.98801
3.13297
1.20855
3.60426
7.59562
4.2579
0.478683
3.89632
2.12214
1.03348
3.86917
3.28389
3.66889
4.42439
1.16126
1.37435
7.34872
2.65694
3.32032
3.57798
2.17874
1.8348
3.19665
2.86544
4.19905
5.28917
2.20166
2.97018
2.7419
4.34571
6.88576
4.55524
1.58087
1.44957
1.44589
3.50297
5.22734
2.01504
9.5311
1.05098
2.15001
2.43676
2.27875
2.26608
3.94573
1.72882
2.3654
2.41692
0.842978
1.73177
2.49835
0.666041
2.81401
1.9794
2.62101
0.873074
2.1035
4.68678
1.19062
2.17404
2.23601
2.39025
0.880889
2.3332
2.93701
0.707053
2.12743
3.49927
3.22759
3.52342
4.15401
1.8276
6.74107
1.23644
4.92618
3.34417
5.25128
6.0023
2.05494
2.32932
1.67028
3.0922
4.87953
2.53008
1.48474
1.63899
1.38179
2.04547
2.73004
2.07889
4.32972
0.893952
2.54646
0.882049
5.48698
2.07541
2.4378
1.48657
3.13769
1.91316
3.4269
2.79757
1.74354
6.59075
5.39004
2.78999
0.922874
3.88717
1.93953
2.46046
3.46391
1.06426
2.5673
1.63514
1.7155
8.5563
6.99914
2.43491
1.21631
0.526279
5.26192
1.90117
3.2146
3.08946
2.43801
2.09162
0.80765
5.57408
3.02263
2.42265
5.82087
1.26902
2.02299
4.27062
2.30148
6.32231
1.33882
1.39483
2.1259
0.804467
3.09378
6.33091
2.28785
1.14164
3.36477
2.61169
1.68023
3.90293
3.71538
4.71211
1.54957
2.61058
2.56484
1.64245
2.2328
2.94593
2.48889
1.93549
0.999209
6.37788
2.48043
0.985696
1.66755
3.23277
4.55327
1.95293
4.00183
7.97642
3.87329
2.9042
3.52964
1.76734
0.849619
3.28488
8.96227
3.51129
5.12156
2.03876
3.0476
1.44645
0.723853
3.70973
2.58183
1.5564
2.57576
2.25397
5.06079
1.13305
2.51966
7.39681
2.75202
2.49985
2.53994
0.628595
4.86359
2.40861
1.42852
1.82349
1.85963
2.44806
6.13098
3.28921
9.52849
2.14606
1.9562
3.62919
8.27187
1.97717
2.93866
6.16776
1.72871
3.44135
1.46599
5.25129
2.69582
5.01972
2.04025
4.56742
3.09071
0.49498
0.874822
1.17994
3.13349
1.93718
1.89311
1.03574
3.79758
6.27506
1.33511
1.71698
2.23232
1.11883
3.08645
2.30239
0.468058
6.33769
3.84683
3.72691
1.8953
1.67524
4.42931
2.42911
2.31026
6.20272
0.926547
4.77548
1.96255
7.67113
3.8223
4.59349
4.99895
2.61565
4.10257
3.75287
1.62751
0.736959
1.45871
1.40881
7.38532
1.2892
3.34341
3.90924
1.52391
3.65199
2.85907
4.41929
3.62714
3.05935
1.05282
10.8814
1.57612
1.29718
2.82883
0.817471
1.58756
2.98032
0.924103
3.28076
1.27401
2.72756
1.68474
6.82637
1.3024
1.9292
1.57989
2.32296
0.926311
3.64806
1.49411
2.38743
5.11976
7.73646
2.5662
7.80751
1.57628
2.85811
2.20874
1.80921
1.1298
2.01902
2.9534
3.15803
8.8396
3.43497
1.37983
2.27103
3.30436
2.33412
5.03103
2.61827
3.47225
1.03401
3.02201
3.08399
2.24916
8.9814
0.897315
2.16273
5.2076
1.24514
2.2216
3.70819
3.44572
2.29743
6.1832
2.13404
3.03758
2.37793
3.10167
0.623776
0.831352
1.11442
0.454486
8.5046
4.04045
6.13214
7.74799
3.40009
5.13369
3.11051
4.04419
1.46672
4.18397
5.02218
1.90461
2.42295
1.30931
5.29767
4.86146
2.50665
3.15985
6.89824
6.55841
4.08893
3.76763
2.04655
2.57604
1.39603
1.82801
4.72022
2.10708
2.57001
1.89941
7.74735
2.31928
1.33586
2.48667
1.56336
1.65279
1.4504
7.59245
0.872019
4.16548
1.47528
2.29857
3.43104
1.05203
3.92805
3.63857
3.63807
8.34869
3.52166
7.09707
1.33856
1.8576
2.73302
4.15821
3.22787
2.74654
0.970249
3.1764
1.01474
1.44225
6.06732
0.964285
1.49911
4.89088
1.23818
4.37855
1.36191
1.07356
0.859143
3.22954
2.87882
1.04874
3.22906
0.641423
2.95457
1.35581
11.2688
3.13185
4.64549
5.69816
3.13904
3.4659
3.39099
3.2978
3.2777
8.26671
4.01102
2.49591
3.98601
2.75223
3.61191
2.22352
3.41139
3.40644
1.81969
1.65351
2.8528
1.19298
1.5687
7.213
4.94976
1.59632
3.53998
6.68136
5.78923
4.9942
2.11245
1.65608
6.64988
1.98971
2.71735
7.13794
1.53375
2.43111
1.4402
2.15948
2.13596
2.94466
1.32532
4.02601
6.99989
2.92642
5.73235
1.48611
3.14844
4.00755
0.593288
3.75503
1.81654
6.45139
6.83587
1.62471
1.89884
1.53696
5.56515
3.76195
1.44087
2.0468
0.34375
1.72542
1.34721
10.7942
3.15541
2.41787
1.88199
0.72322
5.03898
0.896819
1.51482
3.38929
1.3466
2.45257
2.56239
6.76427
7.83564
3.26538
4.9335
8.43274
1.9168
2.0681
3.32497
3.09055
0.944825
3.65798
3.65782
7.32184
1.2079
3.67325
5.22894
2.41403
8.70469
3.22706
5.82284
2.01595
1.40903
2.1593
1.40426
1.70292
1.30221
3.83544
1.33364
2.72341
5.45638
5.79928
2.93776
7.05269
1.88367
9.71268
0.355414
4.36151
5.88347
3.96743
2.71244
2.56011
2.94919
2.82837
0.739957
2.91639
7.1225
3.6804
9.22297
3.32962
1.84028
2.11341
3.93973
3.28625
2.90524
3.97809
8.07533
2.01737
0.82663
6.02555
1.45142
0.670875
3.29826
0.733924
5.18901
2.11956
5.66203
2.24111
6.03712
1.08473
3.62221
7.84
3.82196
2.36132
1.11463
3.57102
2.80913
4.37729
5.77666
3.56197
4.79194
6.06975
0.846155
4.7824
2.32583
4.14546
2.41404
1.83466
1.46975
2.00371
2.70568
0.812897
1.8006
5.30797
2.80966
0.730854
8.62825
4.63061
2.00088
2.51866
1.79596
3.86947
1.26613
2.83221
4.39231
2.60255
0.442746
2.93763
7.01136
1.46917
2.92322
3.16452
5.07425
1.9801
4.01801
2.64625
2.69212
2.03868
0.387981
1.89841
1.22377
1.54808
2.17838
2.69477
3.31009
2.78215
5.36296
1.47981
5.65259
4.28997
2.25284
2.35653
1.91458
4.56888
3.47463
1.55426
0.523563
6.93513
5.32391
1.66337
2.43759
5.64087
1.26208
4.28281
1.81945
1.30877
3.12055
5.7634
2.39399
6.02258
5.99001
1.1945
7.98626
0.709353
1.53705
1.969
2.7895
1.587
2.14586
1.61866
2.8219
7.11612
1.68632
3.68603
2.80318
7.05339
2.75476
3.58297
8.15986
4.34832
7.12045
2.37594
1.26909
2.40504
2.67865
1.99305
4.3267
2.16935
1.15178
2.1581
2.71818
6.83603
5.83369
2.14103
2.15222
2.87829
1.87325
1.35172
4.17718
2.72977
3.08359
7.24025
1.38087
1.65616
3.53149
5.06276
1.53542
2.37047
2.0949
0.454707
2.45231
6.06272
1.68182
1.63854
5.41284
4.30381
2.09892
0.664159
4.59232
1.8934
3.61058
9.69722
2.81995
6.05781
3.25645
9.7534
3.42014
8.88352
1.697
1.27949
5.35494
2.27847
1.42916
2.84927
4.99711
4.13942
2.98852
4.90325
0.913612
2.88246
3.69208
1.68384
3.79813
1.07718
1.3603
1.36439
4.63246
3.43142
5.07821
0.84541
3.85927
1.62716
6.26489
3.0251
5.2698
1.2461
4.53211
2.98501
1.07098
1.15773
2.85713
3.11306
4.96644
8.33307
2.44463
3.39834
2.77575
1.75461
1.64433
4.11339
5.24048
5.02756
1.37957
8.23732
3.08133
2.10625
8.97122
2.52761
3.92336
1.50056
2.36774
2.4057
3.18218
8.13314
1.47629
0.987217
4.4989
2.6297
2.17295
1.45025
0.562358
1.23897
2.25268
0.561528
2.71709
6.67827
5.59168
2.48772
1.81482
1.38801
7.25489
1.80341
5.10956
2.35391
2.30584
1.79028
3.44459
0.834037
2.53633
2.5454
2.27119
1.5265
1.72259
2.96203
3.65145
5.57668
2.7051
3.93482
1.05706
2.22203
3.24605
1.91999
1.52702
3.90726
2.84327
3.5858
7.09261
1.82595
1.16639
2.36428
5.79606
3.41627
4.35617
4.66504
5.41749
8.67782
3.47185
3.98653
2.64901
1.65682
1.85929
1.02693
1.41728
2.86677
2.65954
2.16068
3.26272
7.23015
3.03809
1.34385
0.662586
1.40916
0.595763
1.65134
2.82782
2.42356
1.48566
2.86584
7.08188
3.32912
2.7899
2.07151
2.68277
2.53342
2.0087
5.00094
0.875247
2.10744
6.34689
3.4001
0.917605
4.0056
1.42912
5.87829
0.7171
1.77827
1.99175
2.13385
2.53347
1.8151
0.25106
1.68982
2.42334
3.08428
1.85002
7.52425
2.09004
3.39161
1.21774
1.53405
3.7746
4.05822
1.80148
0.866311
2.53902
3.31302
2.19904
3.62942
1.74409
1.52281
2.74419
1.22215
7.3577
2.4524
0.929365
7.42675
2.77961
1.30071
2.24039
3.71163
1.887
1.69866
1.81194
2.7857
1.82359
4.1219
1.99011
5.08708
0.770118
2.9462
2.6442
0.699127
7.12089
2.86853
4.07589
2.08295
0.779756
3.15715
9.73348
5.06498
1.87573
1.92314
3.55898
1.60618
3.47014
1.95191
1.21579
1.5934
2.6014
0.523125
2.84015
1.36653
2.57316
4.48106
5.50296
1.99032
4.58974
1.77676
1.05817
6.26475
1.45283
0.69162
3.00222
4.22323
6.98138
5.22023
6.36667
3.33199
3.51825
6.02627
2.59283
2.75009
4.50694
1.52477
3.90863
0.995808
3.00391
6.39859
8.25408
1.30918
2.122
1.78742
1.53461
4.94807
3.29019
2.94138
2.86042
1.98987
2.97974
1.02987
2.92769
3.08741
2.67299
3.20049
1.32767
3.4196
1.52484
1.85897
0.901046
1.52714
4.74972
3.67694
2.47528
3.22277
3.60456
3.21972
3.60598
1.30884
1.43413
2.24463
4.80491
1.33024
17.4083
1.35497
1.65377
1.37976
1.47705
4.12239
1.00794
1.71647
1.24073
1.94408
4.0452
1.27717
3.59062
4.59678
9.82275
3.80462
1.9942
2.61379
1.49426
4.00208
1.6116
1.33215
3.04556
3.14043
3.57382
3.56943
1.7662
2.21027
2.18984
3.87132
0.980503
4.25513
1.26089
1.722
2.87975
4.01138
3.06535
3.50052
3.93565
0.677732
0.972004
4.24515
1.21342
2.13195
3.12782
1.64478
2.06844
2.91579
2.58836
3.74267
2.60172
2.02316
2.26015
1.50288
2.39838
1.86405
1.18428
2.08791
6.35711
1.57669
3.7707
2.28644
3.87257
4.72308
5.68795
3.13434
2.10717
2.22204
3.95808
2.20502
2.40357
2.65554
11.3016
1.69863
3.70774
1.91236
2.7203
2.33043
0.891754
3.00002
1.33403
1.64288
3.02737
3.29703
5.49279
1.826
2.95156
1.92971
4.53346
0.403457
3.00931
2.10873
2.09001
1.4615
3.79948
1.53119
5.77965
0.960356
2.88861
8.89928
3.14511
1.22207
0.521176
3.70737
4.73227
3.8658
1.3268
0.956696
4.04343
1.03357
2.35883
5.75369
4.21246
2.32426
3.41784
1.99854
4.61132
3.46489
3.88798
7.40233
5.47169
1.77575
2.41277
4.80768
10.0724
6.01547
1.32145
1.64973
2.79318
1.41423
3.52722
0.548274
6.37446
9.13716
6.31579
6.61398
5.56705
3.44535
4.36617
8.87545
2.54236
3.58566
3.85851
1.85903
4.15656
0.989375
2.16841
4.42156
0.762037
0.461817
2.22082
2.97732
4.76792
2.4957
2.19154
1.07828
3.57934
6.39903
1.19077
2.52636
1.50654
1.26671
2.14615
11.5061
2.00262
3.10902
2.25167
2.37634
1.58858
0.65818
10.382
10.6568
2.56869
3.25327
9.23477
4.48067
5.32528
1.3183
1.79669
4.4968
2.0498
2.09146
4.40059
2.21582
2.99739
4.35606
4.00439
4.92104
0.884896
2.24683
12.4643
1.61954
1.71502
4.79696
1.36684
4.77233
3.14612
0.977779
2.31266
1.62548
3.53022
3.56599
2.34224
1.65063
3.07358
3.74457
1.52055
4.76698
4.65558
2.66603
3.06588
6.50281
2.76842
5.0589
6.27791
6.92096
3.38232
1.31484
4.71464
2.13175
1.10802
4.66407
4.28731
3.8574
1.40964
3.05113
1.79771
2.73949
1.74499
4.5179
0.726232
1.61637
4.40272
3.22836
2.03042
3.38929
14.2346
1.94377
1.73136
3.08303
3.79943
1.90179
2.7156
3.8812
1.38809
0.939157
5.90184
1.87358
4.19354
1.95205
2.0463
1.71408
3.94453
3.80767
0.995397
11.5123
1.4314
4.02353
2.94854
9.24585
1.71543
7.31118
6.66709
3.6176
2.78863
2.02603
2.80196
10.6683
2.42639
1.56885
1.91647
1.37616
3.21087
1.5066
3.63017
7.61134
3.83373
2.07941
1.82191
1.58081
1.15249
2.05265
1.87231
2.37984
3.90172
2.37894
1.18889
1.884
5.35696
1.88387
2.70299
2.38284
2.22601
2.33478
5.11225
2.14709
1.89677
3.07097
5.46219
3.19263
2.67051
0.988931
3.0416
0.975017
2.39113
3.01567
1.93081
2.58863
2.29808
3.91904
1.64191
1.1826
2.73271
5.72503
3.7875
1.18942
2.72774
1.23215
5.12186
2.51011
3.81588
1.56769
10.3756
5.51219
6.05138
2.19586
2.07606
1.51764
0.925431
1.34842
3.86773
2.28775
1.45861
2.82413
2.81036
3.73604
2.68328
4.94075
2.75871
6.01317
1.28713
2.74481
0.951793
0.74858
0.941739
3.35817
3.16096
2.93623
8.21859
3.49995
3.67235
0.980102
2.36215
6.68736
4.19055
1.66174
2.36214
4.11817
3.21481
1.60404
3.77747
4.2819
2.19718
14.3534
4.09153
2.19752
2.9615
4.5522
2.93754
2.77283
0.693811
4.32064
7.26647
5.56968
5.46039
4.13869
7.25272
2.52422
1.90876
1.39939
12.7613
1.40307
6.73471
4.00748
3.8183
1.26765
1.69873
0.646692
4.41401
2.51138
1.16404
6.41242
10.4258
6.59509
4.13299
9.68693
3.81976
2.81241
2.38293
4.17396
1.08725
3.98439
3.78875
2.73638
5.92808
0.974716
0.958847
4.75542
0.958048
2.53949
2.0317
2.4294
1.70804
1.47598
2.60167
2.67495
4.01117
6.91397
1.76989
8.93058
10.762
10.7452
5.74564
2.49335
1.35061
2.42257
1.655
3.73296
5.09287
4.8519
3.23294
3.06149
3.72358
3.81968
2.96855
2.97342
2.11892
6.97863
3.38777
5.0543
3.13488
5.15385
2.3891
1.9959
1.94402
2.3718
2.50261
0.923614
1.53282
3.70745
4.07963
4.03778
1.99896
1.01067
4.90659
4.64206
1.9962
1.79883
5.87166
7.6858
5.62451
0.938928
3.78759
1.18893
1.52003
0.786505
4.69007
4.11895
1.63914
2.46587
2.30332
3.02992
2.89711
1.58647
2.83633
0.441218
1.48084
2.47631
1.88717
2.57149
2.11836
1.53511
2.66529
1.07056
2.67362
3.92414
2.99179
3.26178
5.75628
4.39919
1.2804
1.93469
2.14047
1.72052
5.43136
2.77342
4.58377
4.59362
2.90727
2.54316
3.75228
1.81806
1.83603
1.97991
2.94398
2.95537
0.811847
2.66564
3.59885
2.73294
2.89673
2.45434
2.03593
1.82338
2.49061
1.75044
1.945
5.73706
3.68965
1.79697
7.44518
14.6395
3.51258
4.37677
1.32452
3.70246
0.690996
4.13323
4.25214
1.85016
2.23224
3.62654
1.13181
4.86644
9.53993
2.59919
2.32358
6.96071
1.15021
5.65455
1.76644
2.81741
4.4467
2.11286
4.06758
7.48665
3.443
2.60965
1.61217
0.875997
9.1232
2.1706
1.49076
2.35842
1.85243
3.34455
0.354476
5.93323
1.91965
0.482962
1.42123
3.26598
3.34451
3.11215
1.15241
2.73135
5.31798
1.81725
0.789491
5.50575
2.06776
2.99886
3.03997
3.15931
2.4649
1.88491
1.73037
4.89885
1.3362
2.30905
1.41014
1.6163
3.6296
1.61985
4.06721
2.1972
3.63603
3.74355
10.6164
2.42524
1.52183
4.76365
2.32468
1.99223
2.43395
1.87331
1.15109
1.86172
5.49758
0.451987
4.14227
2.27043
2.28207
2.11328
3.16539
1.29117
4.6699
0.72728
1.46684
3.16847
2.27736
3.829
1.60295
1.26337
8.42106
1.15888
3.01108
3.10195
5.19234
3.71878
2.13574
2.00726
3.73633
3.09948
3.47877
3.18396
3.54719
2.75396
1.37833
5.49733
2.90125
4.70037
3.48381
2.96169
4.16353
2.79649
5.61393
3.58124
3.66766
4.7446
3.50566
2.70131
2.69101
1.03402
2.11391
4.65592
2.30887
3.05876
3.14145
1.89057
1.4472
2.91407
2.84843
7.33455
3.18444
1.4689
2.50725
5.08273
1.20335
1.84236
6.79206
1.97969
1.47544
1.74444
1.86186
3.50131
0.860118
3.42932
6.14926
2.29157
6.36332
2.16961
2.03637
4.57312
2.35336
3.08805
1.2821
0.838016
4.84194
2.78392
1.64716
2.43263
4.87754
4.07682
3.72546
2.77583
2.23712
3.76979
4.16955
3.57238
3.06494
13.2679
5.24779
1.45463
3.11611
3.66611
1.28827
4.42541
4.37445
1.5763
1.22021
2.64316
7.68323
1.35198
3.13038
3.57101
3.86461
10.0055
0.967823
0.580864
2.65179
1.78474
1.62544
0.933132
2.28936
0.786783
3.94424
3.8489
2.52615
1.70979
4.68458
2.10206
3.70569
2.05876
1.81834
2.7251
5.29251
11.2268
2.99387
1.60458
2.82269
1.95428
4.52248
2.43477
2.80953
1.70767
2.23826
0.922485
1.89059
2.68254
3.70759
0.809078
3.05672
5.37604
0.544058
2.27179
1.72246
5.36272
3.35491
5.43501
1.62585
2.49329
0.744805
3.0148
3.87011
0.849107
1.38495
1.71332
5.97838
3.94931
1.67025
2.58024
3.2495
3.10941
6.27849
5.89715
5.17303
7.96403
1.31785
5.08597
2.05049
3.67111
4.43638
2.72993
2.2678
2.90185
7.32806
7.40337
2.7053
2.22374
2.27275
1.81593
2.20915
2.32313
2.1049
1.19366
2.64614
1.92961
4.67652
4.53913
4.87893
1.89158
1.9643
3.68096
1.7829
2.36218
2.41493
1.68065
1.30974
3.24117
2.98971
2.62838
3.33911
2.66438
2.27182
2.95476
1.88929
2.82653
4.79028
3.10648
1.7432
2.60377
3.03582
4.72416
1.79048
2.31198
5.99028
1.76828
1.93929
3.05179
2.34878
4.18803
9.06548
4.09551
2.13233
2.5294
2.68478
2.44334
1.91642
1.15281
3.23781
2.2778
5.32547
2.46022
2.92423
2.89298
1.73194
4.04887
5.5572
1.78785
1.21932
7.77738
1.8903
4.37483
1.98678
1.92412
2.89139
1.7409
1.46893
10.4948
3.20624
2.35732
5.54394
2.42719
4.67277
1.3796
1.83556
2.40493
2.23755
2.47452
0.971183
2.36392
2.41031
2.87548
4.31968
2.99514
2.18735
0.597881
7.79744
1.44339
2.72624
1.94963
4.46093
0.336559
2.29808
4.04192
1.62517
1.6551
0.718199
3.7518
2.8138
2.68591
5.70278
1.20789
1.80984
2.96509
1.62744
3.98257
1.33479
4.39059
7.51617
0.835959
2.97087
5.95553
5.59997
3.74056
1.29123
4.5131
1.57375
6.08917
6.41326
7.32393
3.86384
6.60567
4.70386
1.32754
3.33072
1.70165
2.72562
1.02779
3.07965
3.3968
2.0416
0.517104
2.20359
1.40751
3.49913
0.700801
4.16595
3.48183
6.07249
4.86725
3.48513
6.04902
1.95632
1.10968
0.589708
2.20184
2.83415
3.36979
1.42623
2.34095
1.72811
4.45174
1.80744
1.68552
2.37799
2.44146
2.01539
9.30946
0.74889
3.42464
1.85789
2.37678
4.33115
1.80556
6.27807
2.53854
2.0741
1.1395
2.55601
4.48831
3.96944
2.61452
2.58083
2.01784
4.40764
6.90408
2.23114
0.898416
4.12729
4.51647
3.91427
3.56448
3.05777
2.29921
3.37378
1.95886
5.83291
1.86359
2.24933
0.853142
2.35589
2.35288
3.75509
3.3676
2.77052
2.6822
1.72759
1.48838
4.12738
2.63458
2.10805
3.66828
3.22966
2.73941
2.74484
4.57508
1.23104
1.39046
6.45731
4.25364
0.837572
1.50904
4.97507
4.80297
1.18484
4.24773
6.62813
6.00458
1.28368
0.861484
3.64239
3.05669
2.22974
3.30839
1.27436
2.16359
11.6734
4.63857
5.62802
2.9371
2.94521
4.49807
3.53366
1.67471
6.67871
2.62699
4.2266
2.31687
0.702297
1.12829
1.09114
3.39574
5.11051
2.12561
6.82043
1.48608
2.85134
4.77884
2.52514
1.01331
1.91195
1.01563
3.26157
3.10134
1.95036
3.14329
2.27589
1.24821
7.35467
1.40149
1.58773
4.74914
4.11053
3.24204
3.89922
5.9051
1.64934
3.3576
2.55619
3.7617
5.99044
4.68426
2.73138
1.74114
2.9563
3.54041
1.52193
5.0182
4.4578
2.08171
3.64854
2.10201
4.04439
1.87665
4.5928
1.49486
3.5851
2.62677
1.05696
0.248469
4.85161
2.78049
1.54712
1.15547
4.15634
0.974449
1.37142
2.35236
4.01375
1.45256
4.43669
1.65908
2.11331
4.16301
2.64167
1.47326
4.93958
2.14657
3.08922
1.01147
3.31093
1.26176
2.85085
5.78189
5.50437
2.48339
1.79036
2.09501
3.49321
0.850777
6.45833
1.96544
3.15125
3.15898
1.63978
2.52886
1.43287
2.7363
0.354752
0.789056
2.82533
1.1425
1.8724
1.94417
5.76799
1.93568
1.67094
5.21269
3.28192
4.12703
6.52027
0.962912
1.34458
3.40504
1.1023
2.67188
5.20063
3.62531
4.04807
1.82586
1.27462
4.45415
5.51892
2.27732
2.93045
1.29595
3.16443
3.81871
1.3137
5.53925
2.82443
2.97543
3.42292
5.23707
5.75278
2.31362
1.85073
2.24893
4.80769
2.642
2.71007
4.66282
2.07385
4.04737
1.90214
0.641445
2.91091
3.00139
2.97948
4.72851
3.51474
15.0673
7.76389
4.70323
1.08781
6.00362
4.25267
3.19958
2.40662
0.975947
2.16775
6.47301
3.68111
1.46559
1.36071
1.97623
1.12565
1.419
4.54327
3.23608
5.45416
4.19115
13.9678
4.85172
5.2571
1.81204
0.925246
5.59136
1.48351
2.38509
0.600133
4.95049
4.72648
3.36733
3.3767
4.30449
1.93872
3.47363
2.77237
6.62092
5.68344
1.76248
2.2761
4.48302
1.91646
2.78968
5.50868
2.86874
2.25132
2.41762
1.20071
7.26383
4.51753
1.9175
1.64403
1.11846
2.28904
4.17232
5.93583
1.60837
3.73694
2.84836
1.72636
5.02339
3.03007
2.51492
2.71043
1.68793
6.71204
3.57466
1.9815
3.61237
2.09927
3.91584
1.14674
2.5828
2.77696
3.34949
2.19735
3.44457
4.61412
2.84576
2.78383
1.20795
4.30901
1.38531
2.28297
0.786654
2.60574
3.05768
1.21895
10.2846
1.05568
3.40507
1.59358
2.48607
0.67218
1.41315
3.75613
4.8844
6.18733
3.23374
1.40975
1.69029
2.23572
5.40775
1.00243
3.47732
2.34314
7.68121
3.8431
3.10582
0.955448
1.7412
4.93581
5.53804
1.39551
6.76734
1.91552
2.08273
2.58468
4.12369
6.0194
2.49839
4.55508
3.1529
3.39625
4.59729
2.91752
4.0276
1.00391
1.94073
2.79753
2.38445
3.44754
3.21979
5.88853
3.59542
2.93032
5.30713
3.02818
1.70853
1.93095
3.30327
2.1611
1.88432
1.33082
4.61044
4.79065
2.9506
3.42481
2.74437
2.75721
1.15727
2.5366
1.64121
2.68188
2.68523
3.11812
2.34073
1.37094
5.42758
1.91908
6.12939
3.85878
7.2357
3.37621
0.840973
3.95895
1.50984
0.885094
0.851449
3.98269
3.52561
6.26327
4.5127
1.11921
3.32149
4.85312
6.87957
1.78129
0.936172
4.01921
3.31404
1.67018
2.00862
4.66442
5.73942
2.8123
4.16973
2.98727
2.13991
0.790611
2.99871
5.68026
1.31377
2.73777
1.98583
3.64884
2.77208
0.759708
4.28885
4.04325
2.20627
1.82331
1.07263
4.48346
6.6821
1.97754
2.72468
1.7121
1.433
4.96242
4.87559
2.44644
4.95237
6.3589
4.0083
2.51023
1.84901
1.36407
2.31439
3.99207
4.28739
3.29276
1.03062
0.906088
1.09639
1.37001
1.29209
4.99094
3.13557
2.75977
1.10207
1.82717
2.09994
5.03632
2.9757
5.03975
1.17625
15.7658
4.00687
1.71438
3.65661
2.2933
4.35412
4.54539
1.60497
4.72632
4.09389
4.79884
1.51431
2.7401
2.68015
2.50966
3.97468
2.59483
3.77194
5.93815
4.993
0.709814
2.89588
2.15344
3.06228
2.52268
3.84115
1.21954
1.51626
2.32594
3.46096
2.35188
1.02441
5.41106
2.30251
3.65232
1.52246
7.34198
3.08165
1.07818
1.6769
3.49045
9.04038
8.34615
1.45422
1.3492
2.55636
2.21126
3.71257
3.77478
2.10797
3.51207
2.42465
3.78263
0.723959
0.910964
1.78001
2.8533
0.448148
6.39378
3.83412
2.30245
2.2629
1.32102
3.45392
1.95149
2.28203
0.563032
1.05519
5.90933
4.00339
8.47938
2.95913
2.47955
1.1152
0.570507
2.77058
0.886558
2.11887
4.07658
1.87283
2.85396
3.70142
2.44316
2.02489
2.76183
5.12642
6.46981
3.98326
6.05274
4.31333
2.7319
0.968873
1.50873
5.83104
1.21117
3.3703
3.14135
6.48484
9.34453
3.02336
0.760363
2.11001
2.70775
0.802386
4.14976
2.70784
3.11106
14.7479
4.20931
5.26218
0.778542
1.58636
1.74253
9.54493
2.16979
2.64037
3.58153
1.27845
4.29374
3.34765
1.2095
2.9686
3.16453
3.2509
3.53772
4.21741
3.03793
3.1531
0.669067
0.876581
1.56383
2.11683
0.453925
1.69608
1.96385
3.35125
2.98094
2.23349
4.28239
3.44327
1.41326
6.13723
2.23427
2.62986
2.89007
4.3259
2.93461
1.85547
8.90749
2.17286
2.0514
3.08315
1.97319
6.53914
0.511177
2.12694
2.63538
1.69215
0.648515
4.37144
2.98266
3.69027
3.15044
3.5834
2.65119
4.37195
3.00589
2.79441
3.01108
1.44457
1.69735
1.77721
3.77836
4.51343
2.43075
2.60607
0.825509
10.2983
5.83379
0.513023
4.45752
3.24414
1.39171
1.54415
2.90676
3.55905
2.55056
1.68509
6.25098
3.24613
1.55489
1.87286
1.99728
1.63503
2.83513
1.01076
3.46951
6.12084
0.688321
2.27268
2.11607
4.27854
5.00326
2.03608
1.50029
1.66849
1.7889
1.03816
2.93549
2.73048
2.97387
1.71735
4.53982
3.36233
2.94127
3.98196
1.61282
1.88852
1.56253
4.63008
4.47775
5.64708
1.18515
7.64847
1.78451
4.40668
2.31981
3.06764
7.05842
1.8639
1.31793
4.26674
5.35684
2.62448
2.52343
0.973073
1.60843
1.63339
0.850929
1.40508
3.74145
0.768802
2.35998
4.87507
0.881551
6.30435
1.17546
7.30909
1.72331
1.36285
2.32224
5.00931
1.81996
4.36686
1.62111
3.077
4.44832
2.31912
4.04875
2.70914
2.18616
1.07128
6.51402
3.93032
3.04485
1.63109
3.30812
0.891626
1.18365
2.7867
1.43062
0.691826
2.84787
1.79733
2.99605
4.35043
3.34651
2.61561
3.87852
2.13726
9.90257
3.79464
6.21837
6.45056
2.78657
6.50937
2.71407
5.38454
4.74514
7.6395
2.71784
2.78337
0.971028
2.08989
1.44958
1.9849
3.14205
1.56286
2.29776
3.54122
5.3537
2.90317
0.977164
0.857267
4.87019
0.96859
6.07481
2.09689
2.85311
6.50471
2.23407
1.99778
1.48217
2.23271
2.33645
4.21726
3.07599
6.02399
3.2563
3.06106
1.87291
4.08099
3.13733
1.40323
1.20723
2.87601
7.1275
3.69881
1.04259
4.80745
1.51619
2.5912
5.0436
4.52222
3.80481
2.29357
3.46666
0.806389
3.06738
2.20511
1.62198
2.46624
2.78741
0.331859
1.97565
2.67387
2.07891
4.65234
0.491367
3.16855
1.49602
0.886343
2.12927
4.32308
3.75187
1.35693
4.82856
4.32355
1.93207
4.7844
2.21742
2.02348
3.06423
1.08702
4.15296
1.38869
2.13651
3.04734
3.47998
3.57776
1.18391
2.20164
2.95603
1.71409
2.24765
2.58175
0.829406
1.89269
1.43064
1.54958
4.13547
3.05628
3.08646
3.61253
3.25466
6.43981
1.68239
4.36818
2.88541
5.21014
1.93365
1.32057
3.32736
2.46849
2.18939
9.18937
5.21338
4.65625
6.5096
2.16626
2.46615
2.06695
3.27407
6.74238
1.53709
4.51538
2.82862
2.70149
5.6201
5.61288
1.53756
4.18099
4.17167
7.50693
2.7657
2.94015
2.04301
0.399844
1.21101
6.96916
2.55319
5.32973
2.89438
2.43489
1.66291
2.01221
6.26429
2.46454
3.57788
4.64168
2.33171
1.15627
1.15651
2.51655
3.00102
0.731171
2.06654
3.81614
4.21918
3.17456
1.58263
3.25739
2.0121
3.27189
2.27651
1.36652
4.76191
4.84818
5.95625
2.5958
3.63277
3.99511
7.0659
0.997971
1.86635
4.99649
3.19354
2.8921
4.18974
1.92135
1.92544
1.13372
3.15848
3.84045
1.33495
4.52756
2.99996
2.88008
3.53611
1.88455
3.74589
1.11372
0.698473
2.8132
3.34228
1.78318
1.3932
3.36758
2.19827
0.420553
0.53275
2.94334
1.69407
1.30232
3.36903
2.12454
1.97612
2.85768
3.18898
3.40018
1.49123
4.65807
5.85496
2.27609
3.92598
4.13059
1.50206
2.29757
3.29626
3.60022
3.017
1.62792
1.19844
3.53499
0.985574
3.12972
4.26492
1.70184
1.11958
3.18952
5.30823
1.48037
1.61118
4.36625
1.9658
2.8039
3.65086
3.95892
2.20798
3.10649
2.5226
1.37736
5.77889
0.758739
1.87353
5.79376
12.7418
9.28967
2.0067
3.34917
2.81063
2.06261
0.747201
2.81383
2.78587
1.3202
3.42987
5.0643
1.25936
4.57927
4.97637
2.42344
2.19094
5.22319
6.14333
2.15708
2.86567
1.47664
2.98629
5.11156
2.23633
10.4626
4.27952
5.75088
1.08785
2.35655
3.21309
0.882457
3.31328
1.95852
3.00925
4.95721
0.882096
1.79571
1.97122
1.1113
7.31319
2.33556
1.75699
1.7118
1.84323
3.72148
3.76089
4.71767
1.60736
0.875047
4.30682
1.77455
7.90746
2.6944
2.54203
2.75081
1.97834
1.32118
0.840907
1.09297
2.84623
5.14655
3.32848
1.37318
4.64215
1.71685
2.51192
3.17132
2.98742
2.91821
6.14488
1.75898
0.74642
3.23601
1.23512
5.47983
0.756561
9.61508
3.19747
4.48733
3.65032
3.02862
1.58337
3.77224
4.67667
1.25947
2.6123
3.13772
5.8861
2.95423
1.68465
4.95564
1.37584
4.26305
6.69891
1.1993
1.85736
4.51966
3.07488
5.52846
4.06791
2.05379
1.55542
14.9909
1.53713
0.716281
1.53963
1.62202
0.553485
1.00394
4.78005
3.66386
4.26084
2.96354
2.32278
2.24237
3.23644
2.01868
2.74359
2.41876
5.49
1.94097
2.43836
1.4796
3.83858
1.84023
1.36121
2.55056
1.8029
2.307
6.61619
3.72083
0.919445
3.58861
4.45662
3.2205
2.28583
3.57004
3.88396
1.6868
4.90727
4.08609
1.81763
2.63066
2.86533
3.69752
1.66719
1.78366
2.47087
5.03021
1.96946
5.98091
2.87324
1.77073
1.12272
8.25583
5.87498
1.98332
2.84451
5.12121
5.86253
5.82698
1.03457
3.63243
3.21998
4.70737
3.72731
1.25647
2.60391
1.74206
5.10303
4.05257
0.715389
1.96838
1.6854
1.64523
1.0463
3.04557
5.63001
3.46225
1.15604
1.77598
1.50117
5.65296
2.03311
2.85144
2.99691
4.87203
2.02716
2.38399
4.20771
4.15425
1.88023
3.35408
0.909081
4.76578
7.74307
1.62069
3.60845
1.2877
1.49141
6.65675
6.43955
3.24344
3.81273
1.93251
9.27454
3.1623
3.23038
1.69911
3.17975
2.46968
1.9109
2.43664
3.43163
7.14064
5.19892
9.87766
1.34385
1.95961
3.35938
0.887009
1.16663
1.50307
2.8982
1.48775
2.90447
3.25352
4.26831
2.21039
3.85836
3.57102
2.07153
1.58796
4.46447
0.849263
5.35466
2.2179
1.61521
5.28525
3.49318
1.46282
1.10275
2.35645
4.45854
7.36879
2.5295
4.40718
4.88077
4.76861
5.633
3.31543
2.31059
1.47462
0.401331
2.69445
1.14587
0.829105
4.70245
2.83328
0.956906
1.98825
3.35671
2.34667
2.47733
6.24787
1.06357
3.87071
3.57036
4.26008
2.93791
4.0808
3.27089
4.76133
1.92345
4.47629
1.20589
2.62058
3.26931
2.06655
9.76518
1.77316
2.81217
1.61492
5.05915
0.885683
3.50829
2.46844
2.52794
0.506063
1.80635
5.80793
1.51468
2.53089
0.868328
3.76778
2.51961
3.75398
1.55369
1.27597
6.74068
5.52786
6.85725
2.69381
1.29367
2.46106
2.58966
2.13084
3.98736
1.91119
5.15799
6.70082
1.12943
1.56946
1.45029
4.21461
2.08922
2.51709
9.85573
1.24301
4.22821
2.29856
3.91476
1.31294
2.81001
1.24335
8.32954
1.14232
2.86582
2.15656
6.70889
0.798349
9.54755
4.07399
3.39664
3.52318
5.76575
2.60981
2.53492
5.93474
1.42273
1.08107
3.2706
1.71189
6.40311
1.94386
4.55842
2.81731
10.2865
9.05646
0.666721
5.28238
1.71823
1.60848
0.913346
1.91215
2.15855
0.895472
4.64448
5.4963
7.43717
0.725719
1.96345
7.96508
1.96523
3.71606
2.82638
5.97851
6.52244
2.4408
1.85564
2.65615
1.20769
1.3082
0.65471
1.52774
2.78059
5.50665
2.06355
3.69773
1.37517
0.958345
4.4407
3.16733
1.23442
3.39804
7.96363
4.11904
3.86427
3.83461
2.43185
2.59181
0.636246
1.0522
5.28466
3.56384
1.99287
1.85978
0.833941
1.60766
1.53525
2.02388
1.95749
2.08829
2.49805
1.11043
2.54095
0.748778
2.54012
2.88928
3.67429
4.81152
3.65546
8.88219
1.4972
1.97958
5.42305
3.05644
8.14314
2.8933
0.989414
2.95125
2.3241
1.41814
1.38394
6.30255
4.73651
1.65798
1.6561
2.01355
4.12334
1.66143
2.18044
6.63395
4.82862
6.22676
6.1007
0.972349
5.08957
4.7808
7.20645
4.53666
1.91848
8.71775
2.64872
1.42964
1.42976
0.238431
2.63081
1.84035
2.02886
6.81499
1.7359
2.16177
1.25307
1.09718
0.673944
1.81743
0.946433
2.28473
2.85618
2.66643
2.22173
2.91775
5.72613
2.89532
0.707348
5.61071
1.54222
1.23155
2.35197
1.77608
0.989239
2.02156
3.23233
2.69967
0.42007
2.53318
2.5882
4.22491
3.27012
4.2946
4.74966
2.3158
11.2415
1.70803
1.90645
2.96502
3.88841
3.05918
1.89776
3.89982
4.89464
0.518412
1.4207
2.49368
0.528159
2.6167
1.23554
3.7167
5.05391
2.54019
4.27967
3.54642
3.3804
0.453013
2.07702
2.42825
5.51564
1.06233
2.80524
5.21143
3.99551
1.14328
4.29963
0.682918
1.53938
2.77054
1.5996
5.30219
2.12907
5.02792
2.91153
3.08828
1.89459
1.12444
3.68166
1.03876
3.2004
2.93141
1.60856
2.085
4.8611
2.79492
7.15521
1.60785
0.543609
8.43648
3.4187
3.87241
7.40632
1.04432
6.1711
3.94814
6.57698
2.75279
2.76855
2.32215
1.11379
3.11307
2.16796
1.66484
1.74463
3.60897
2.84667
2.75574
2.46678
4.89688
4.11158
3.27286
2.29071
2.07508
3.06369
4.25678
1.4809
5.11406
5.06455
2.33146
2.9529
1.84986
2.22542
2.336
1.46502
2.33593
0.851121
5.0046
7.98996
8.27067
0.61223
3.50065
4.62996
2.82308
2.07603
5.35199
2.59799
5.40964
2.98802
6.68711
1.32534
3.79287
7.13291
1.73999
3.09798
2.37376
2.23776
4.31131
0.577761
6.33788
2.65921
4.92203
3.49152
2.51368
1.26884
4.24629
1.06317
1.42004
2.80408
0.649046
2.60313
3.14257
4.17217
2.07474
2.82422
4.92574
2.35436
8.52641
0.216968
1.59598
3.05869
3.19628
2.72254
0.904922
2.69522
1.31162
2.29642
3.3605
5.07677
2.09152
1.6093
3.995
4.1525
1.81812
0.673439
2.25
2.00366
2.89338
2.38445
1.98079
1.95843
0.353851
3.03067
2.48518
1.01366
4.72698
1.90427
5.13408
2.85502
1.64919
2.19494
2.55292
0.909727
3.36258
2.82197
2.01095
5.87134
2.90487
3.4465
0.815246
3.07653
2.29909
1.21228
6.06428
2.18061
3.19241
4.3051
2.84886
7.70798
4.85569
1.47578
4.9181
9.80682
4.70346
1.72154
7.66602
2.12729
4.50424
3.90035
2.38139
3.13115
4.5571
1.70183
3.87107
7.15954
1.65909
4.10302
5.19488
3.2226
5.68703
8.77844
2.45188
3.02343
4.88884
1.67876
3.27975
2.19008
2.59111
4.31503
0.782434
3.42208
6.1569
3.30217
2.46585
0.959162
1.26301
2.78653
3.296
3.83771
1.63325
0.876103
3.06615
1.58011
2.36323
2.8561
2.13015
2.24623
3.27461
1.32633
5.68725
2.45526
2.19035
4.63157
2.43268
1.86223
4.32325
7.11442
1.88729
4.1124
2.54904
1.02046
1.91607
2.75294
2.54537
9.80669
7.20733
2.78533
6.64743
2.27819
5.84846
0.787885
0.982552
2.63636
4.60767
4.32088
4.62288
4.47438
2.75624
2.35094
6.21817
0.810326
1.55617
1.48897
1.22473
1.53344
2.59223
1.24046
2.0824
5.34884
2.75685
5.14171
8.78125
1.56202
11.1132
3.20285
3.65235
0.86644
10.234
1.19472
1.16643
5.20792
1.08834
1.46224
4.32541
3.59963
2.56671
5.08216
3.8931
3.07191
0.828563
6.06008
1.93885
3.77356
0.24522
4.29414
7.36683
1.93061
1.74445
3.79487
1.27513
2.22334
4.83203
1.14552
2.44995
2.45094
1.85566
1.40068
1.83754
4.27416
2.66748
7.55776
5.54284
2.70602
1.02355
4.35332
8.36892
3.77723
4.26205
2.7036
4.22916
1.58481
3.63874
1.54513
2.05323
4.31592
10.4362
1.16662
1.76006
1.15838
3.62855
4.8282
2.21915
4.63431
2.56613
0.602554
2.57003
2.96778
0.834887
2.09902
2.68969
5.67808
1.43112
2.39533
1.94728
7.33031
2.04941
2.46014
2.64651
3.69029
6.07255
1.36938
0.512536
9.09231
1.75732
1.55888
4.35066
3.99206
2.83867
6.41647
3.12218
1.52123
5.24816
2.39861
1.08021
4.45239
6.09282
4.93956
2.07395
2.10929
2.56184
2.22834
5.37637
0.514435
6.26841
4.24557
1.52856
3.16817
1.44577
5.26507
8.36921
1.73785
11.7223
6.3001
1.36314
5.30314
1.44519
7.83603
1.07376
3.2696
2.8317
3.0181
7.25312
3.8848
0.877331
4.15892
1.27645
1.88747
2.52729
3.02807
2.39104
0.896377
0.996688
7.25952
2.39274
2.70606
7.84456
2.77412
1.78451
1.41687
1.25617
2.70173
1.43801
1.42736
2.03296
3.18278
2.68669
2.62914
3.60177
4.46316
2.99482
4.47097
2.37186
8.95636
8.08248
2.88689
0.798602
2.30354
1.87695
4.83067
1.70885
1.46574
4.79169
1.27931
0.695039
2.87609
0.76613
4.20387
5.61342
2.05691
6.38498
2.33971
3.11451
2.28852
2.65074
2.21127
6.74451
1.55278
3.6441
5.76623
2.86897
4.29456
3.78975
4.1907
2.62316
1.11712
1.15269
4.56891
1.58315
1.437
4.12822
2.68896
0.824509
5.37159
1.93513
1.27446
2.13338
5.99546
3.57386
1.85416
0.702657
4.78207
1.97803
2.12385
2.57968
1.04589
2.15325
3.64915
3.1434
6.58229
1.54266
5.03832
1.54155
1.94192
3.44196
4.59327
2.02541
1.19513
9.01085
2.7956
3.94846
7.53361
1.12342
5.09264
5.32238
1.00139
1.50477
12.3645
0.500435
2.53493
1.28101
2.11964
0.831268
1.50442
4.12661
2.08185
1.3711
2.28061
1.31993
6.07035
1.02507
1.00709
0.738462
2.37744
1.91464
3.42774
3.5654
2.6623
1.73536
1.8674
1.58801
1.15411
2.12517
2.51048
2.07682
1.31763
2.37245
1.6455
4.42288
1.20255
7.08485
4.5277
3.70827
3.08704
2.24352
2.28115
3.58339
1.17536
4.80014
6.83628
3.49421
1.96376
1.97515
3.0201
1.50296
6.13499
1.80287
0.541522
4.25097
3.52282
3.33801
2.31384
2.66282
1.22451
4.25051
4.33742
2.88697
7.70917
4.27602
2.22075
2.15658
2.22085
5.42295
1.97848
1.28131
4.8625
5.04519
0.683684
1.99089
2.13337
8.03624
2.90017
1.18299
2.33119
1.76148
3.64629
2.31162
1.40766
1.71472
2.70206
4.13014
1.76349
2.61131
1.76715
1.99529
1.62345
2.17288
0.659037
4.70276
1.72629
2.29164
2.16408
0.684025
2.38838
2.17524
2.02694
0.976299
2.41889
2.34495
6.98679
1.53864
3.29402
1.64994
2.88377
0.989562
1.82502
1.01626
2.77113
1.27684
4.41117
3.43129
4.61209
4.01673
1.44115
1.47528
8.04115
1.76616
4.13231
3.49952
0.362339
3.69265
2.67923
1.74622
2.06084
2.43402
2.71396
0.993408
4.55334
2.49723
2.99392
2.72654
6.3117
1.04505
1.22691
1.62249
2.98871
5.89161
3.11398
0.471489
1.03015
7.1612
2.84588
4.54638
2.71207
4.4336
2.27289
2.02145
1.52264
0.883614
4.86027
2.44687
2.14431
1.51907
3.6425
2.04552
3.09398
8.70402
2.31008
0.793859
1.26477
5.62208
2.26163
2.33078
2.53567
4.65295
1.53809
5.1649
3.33632
4.76135
5.78559
3.46043
2.98169
2.59164
2.77807
1.54576
4.28657
0.923758
4.42696
2.23233
4.77224
1.14677
1.72617
0.940313
3.87079
4.57492
3.51738
2.58284
0.903113
1.85478
2.34706
1.05506
2.38162
4.07996
1.84311
1.46212
2.43286
0.576599
2.52969
5.14802
2.4076
3.58678
3.11149
1.62579
2.82403
1.83092
3.85929
2.75673
3.12294
0.983354
2.46011
4.97505
4.71439
2.72845
3.32495
0.817956
0.873184
6.89021
1.86218
2.0132
7.39187
2.85527
0.777557
2.84502
4.17208
2.90063
1.93255
1.59761
1.46508
2.41328
3.0351
0.952508
7.7212
1.29547
6.41168
2.48439
2.51495
2.348
2.78611
1.734
2.65095
6.38107
0.620747
1.54065
2.70166
4.32732
0.743215
2.61448
3.07682
1.7189
1.59308
5.91209
4.08167
0.520629
2.29797
1.72972
1.60165
2.20133
3.80148
1.94642
5.64962
2.55809
1.29144
1.35198
2.91457
4.17884
1.98205
2.53719
3.09167
3.9638
2.90066
1.2604
1.8017
5.06121
1.71111
1.54842
5.88835
3.15449
2.57146
2.51346
3.0354
7.92928
5.00162
4.34927
3.75893
1.64095
4.00244
3.80251
1.25778
4.68651
2.03486
1.53458
1.1959
8.18849
1.59819
1.9464
2.62087
1.52941
1.2873
3.47321
2.12877
4.29087
1.68998
3.22594
4.43789
0.516111
1.58604
13.8194
5.40614
4.79731
2.08603
4.38766
0.935541
5.54222
1.04398
1.63332
6.23605
2.1351
1.81224
3.78345
1.53636
2.15071
3.85292
3.22458
1.50294
1.49358
1.18957
7.52788
3.63724
5.36402
8.3183
9.71506
0.725312
0.807603
3.12847
1.66999
3.54087
4.32478
7.36677
3.08653
2.71763
2.24451
2.74317
4.07356
5.00533
4.07533
3.12796
2.64245
4.05204
1.46175
5.5046
2.529
1.02863
1.34102
3.7386
5.06342
1.62076
3.98592
2.63354
3.8373
5.64965
1.40625
0.921914
1.22833
2.84029
1.14004
2.0753
4.10853
1.76792
5.83351
1.26745
2.0121
2.03926
2.71872
3.47915
1.23584
2.98228
6.94909
2.90699
5.22241
3.20028
5.45761
4.34104
7.69325
1.94752
1.78724
1.88748
0.993168
4.09916
1.91262
9.08306
1.33121
2.11935
4.14807
1.57795
3.05048
3.34468
2.47038
1.46666
0.775389
1.82996
1.21185
4.08829
2.09889
2.11893
2.49606
2.5776
8.78838
0.901223
0.875388
2.72439
1.84769
2.57237
1.29154
1.55134
1.32116
3.32898
3.76347
2.3139
4.18975
3.76428
2.06689
4.48847
4.50301
2.25341
1.38157
3.22863
2.13973
0.685082
1.17795
3.82184
2.73685
2.5592
3.00847
2.18316
1.87108
3.25223
2.34844
5.22661
0.827096
1.35986
3.27195
1.78005
2.81595
1.19416
2.5956
1.10898
1.29197
1.60979
5.35224
3.74245
10.2466
3.58438
2.69357
2.40389
4.30468
3.19009
3.57871
2.01241
2.4671
0.64193
3.41541
4.03071
2.66799
3.63822
2.59661
2.75712
1.33984
2.67944
4.21255
1.65996
3.82432
2.49521
2.03731
4.6792
5.66382
5.68169
4.09694
3.55337
1.8154
7.81245
4.13188
2.18699
1.57511
4.93104
1.16682
1.27218
10.1582
3.57019
3.91989
1.32951
1.32472
5.18103
3.13833
0.657163
3.67526
1.26934
5.21786
2.14421
1.41274
1.52989
3.14636
1.4974
1.4132
8.12493
11.4523
9.62602
4.27742
1.6118
3.35189
1.34993
2.34009
1.8775
2.19749
5.13521
5.94462
1.60276
3.16177
7.48294
2.79741
3.82728
1.8074
1.5502
2.861
1.23401
1.3287
0.978881
3.39957
2.83461
2.22971
5.65604
3.15901
3.16582
1.25591
1.6846
3.37682
1.94214
2.48429
7.34683
1.65131
3.91218
3.6089
1.9845
2.73346
3.2733
2.13619
2.08047
3.80512
2.23144
2.98006
5.90045
1.70944
1.38675
1.19435
2.93032
4.88565
5.07182
4.77933
1.72268
2.26604
2.33585
3.55029
2.37703
3.64154
1.77589
2.14334
7.77931
3.69629
5.72403
6.59907
3.23979
4.02693
0.799863
1.24466
2.42779
1.31933
1.2371
3.80168
5.77092
4.47878
2.28428
3.48277
2.10018
4.76099
4.99977
2.04207
1.57855
4.31328
0.468626
5.16681
1.68136
4.83797
1.59979
1.0377
2.99145
4.49026
1.35222
5.03481
3.75609
1.08428
6.83396
1.28948
5.13852
0.73569
1.78625
2.71841
3.09476
2.88241
0.62225
2.16133
2.08563
3.15942
7.22372
2.81737
3.8492
2.72074
4.29333
1.62009
4.73314
2.07337
1.06871
0.981594
4.70828
3.25348
2.36565
9.70714
1.74877
4.01587
1.49758
1.55716
1.06222
1.23508
1.12978
5.3797
3.51265
1.31161
1.81328
5.0981
2.21623
1.50015
3.4185
9.40353
4.08845
2.9464
3.15905
1.69682
1.89184
9.05715
6.61214
4.12822
4.52329
4.12716
1.52956
8.5947
2.34625
2.39428
6.10623
3.36274
2.6418
5.68821
1.46206
4.87119
4.56165
4.32376
2.31764
0.698747
1.68435
9.23749
1.23656
3.56894
2.95137
0.798801
2.21672
3.68454
1.85837
2.94953
3.18714
3.09639
2.79723
1.98409
3.49726
1.94637
2.78117
1.35795
2.46764
3.06243
1.35756
1.92318
2.68389
6.61364
5.23838
3.5734
2.5087
2.45806
3.98554
4.69687
3.77325
2.53115
1.74507
1.28867
5.26999
3.10331
7.44933
4.44054
2.40116
3.07517
1.34706
1.59958
4.50533
4.55523
2.13357
2.32936
2.92381
2.2167
5.03474
5.15108
3.06426
5.92637
5.6201
8.51968
1.503
2.26607
6.76672
1.60826
1.80974
0.938024
5.33986
2.50063
2.06434
4.12993
1.47938
3.44026
1.36603
2.51709
1.49543
3.45571
1.83777
1.55198
4.83496
2.78464
3.86472
3.26228
2.03316
4.17992
1.59755
1.7308
3.83581
1.88866
2.72854
4.35537
7.29871
1.50033
2.0908
2.53302
3.19158
2.38713
1.7392
1.29478
2.05857
5.20287
3.03072
4.97915
1.80221
4.22221
3.89151
3.48085
6.28025
1.13695
12.4428
6.22475
1.16878
4.89928
2.37431
3.1801
2.0697
3.64259
10.2235
2.75107
4.16675
3.35187
4.40099
2.28732
6.0604
4.53508
1.4668
3.59496
2.94906
1.38201
1.93272
6.78421
2.57274
1.54064
9.52573
0.909642
3.4733
4.72757
2.60654
5.14886
1.93425
1.727
3.12791
3.24329
2.87323
2.92781
4.7514
1.40851
2.74681
1.83028
1.23165
5.58491
4.64149
4.00067
1.94326
2.01134
1.13275
5.31495
4.90567
6.53851
1.71183
1.91083
1.10885
2.68556
3.28899
2.97676
2.03379
6.02039
1.59771
5.3265
3.07816
3.72247
1.90307
5.28883
2.62572
1.59031
0.646886
5.13481
13.9478
0.959198
3.36222
3.98947
1.26722
2.36363
2.0515
1.84511
5.68736
3.17909
3.35672
6.67196
2.34209
4.39113
0.699624
2.29153
2.74162
1.64502
3.6579
0.458823
3.99792
5.64501
7.7568
1.6307
3.61398
1.65114
0.961504
2.9453
3.71991
1.4524
5.09827
3.77158
3.08002
2.29212
1.25991
3.17607
3.39699
3.43606
6.97032
3.35074
3.30385
0.817537
3.15883
0.458452
8.17448
2.90231
2.57716
0.910499
1.75303
2.85041
2.66306
3.30579
2.20085
5.16992
3.84287
2.60081
2.35716
2.02297
1.42348
1.56659
3.91914
2.65231
4.08271
3.06113
2.25694
4.92404
0.839532
1.79309
2.96916
2.16319
4.22244
2.2408
3.40782
5.22258
2.16106
3.22393
2.32413
1.38195
2.75372
2.28242
2.85464
9.36298
1.67198
3.18256
1.78855
2.54538
3.1983
1.00602
6.48932
3.82396
2.66845
4.06523
1.92169
3.69942
3.96861
3.23867
4.54539
6.45795
4.44786
3.119
0.920139
3.78636
2.5754
1.65553
2.42897
5.1934
4.95866
7.86961
0.631157
3.96231
2.47138
1.63141
3.24596
2.3313
3.7319
5.76129
4.21048
5.43435
2.08214
12.2902
4.53845
4.39824
13.6694
3.47836
1.83847
3.17406
2.59698
1.28659
2.32362
3.34591
8.08094
1.76526
7.91197
3.80547
1.73645
2.80157
2.01487
0.675174
2.53998
2.9335
0.710517
1.86927
3.3008
3.85673
2.77537
5.83298
3.67396
0.927075
5.50407
1.16774
3.84914
1.63474
1.18668
3.81357
2.09316
3.71168
2.73799
1.3909
4.21748
1.83449
8.43838
10.8319
2.50484
1.69912
2.20321
2.15554
3.56597
0.525538
3.47046
1.66074
3.45901
2.80482
5.76011
1.90762
1.65246
3.63034
7.67712
3.74469
2.81147
3.56807
2.61911
5.80289
3.14894
2.46789
2.096
4.03245
0.934893
4.30822
3.24533
2.705
5.02985
5.50342
0.958914
1.52362
3.47524
4.90623
4.02483
2.43217
3.14441
4.72412
5.71001
0.725693
1.57169
3.5303
3.27245
3.31532
2.16768
1.92672
2.18682
2.42811
2.003
0.759218
1.89263
0.880488
2.21692
2.24616
1.93853
1.84648
2.43051
2.32989
1.5074
3.24613
1.82054
3.67773
1.6316
2.61908
5.96579
0.723485
4.21143
1.76666
8.20756
1.75524
2.29889
1.02491
3.24432
0.71031
3.87867
3.11303
4.21094
2.77989
2.78226
1.11078
1.92572
1.90608
2.56203
1.57097
3.99536
1.79772
4.22275
4.97742
4.38112
0.982623
1.30339
9.06266
2.2583
0.727592
1.76096
2.56938
6.92543
1.52857
3.50397
2.66053
3.79599
5.67349
2.68583
1.3831
3.29305
2.60998
2.29555
2.23424
1.33202
2.93165
3.88279
2.33466
3.4929
1.98707
4.80386
1.028
1.1298
2.51625
2.47687
3.79961
2.78732
4.39505
4.16193
0.877155
5.13025
6.63531
1.10097
0.62501
0.893702
4.49073
4.50273
3.07927
1.68016
2.77765
0.629898
8.42902
1.82918
7.46051
2.92749
2.35266
0.998887
2.16022
6.58647
1.79471
1.85243
1.29476
1.65509
3.11993
0.832556
1.37433
1.93055
2.17851
4.37675
0.842415
2.51453
1.01762
0.264076
6.04358
5.81832
1.32097
1.69627
1.88489
4.73189
8.03072
5.34025
3.82985
3.02143
4.06932
6.45374
1.98067
2.93482
3.28684
0.712133
0.754915
8.2756
4.31011
3.70515
1.52574
1.63981
6.3719
4.34319
2.04173
9.25694
2.35232
3.08375
3.59243
1.05566
4.35226
2.07781
2.70197
3.511
3.85137
0.753793
1.61464
1.3698
2.04292
8.83414
8.35613
3.67559
2.92024
3.49716
3.03196
4.02849
2.03182
3.5615
3.30686
2.91833
6.6053
1.38747
2.60877
0.685701
1.10668
1.1897
2.3341
1.97923
3.15175
1.29523
5.27456
0.674251
2.02486
2.20565
2.76668
1.99593
3.28216
2.65387
1.70849
2.09296
3.83035
4.95929
1.48027
1.59914
4.66129
1.31677
2.7662
5.38366
7.35967
5.50817
1.88707
4.17193
2.01685
3.56043
12.8074
3.0417
4.6144
1.39634
4.49977
5.00169
3.49702
1.97862
3.67513
2.27815
2.66082
1.46676
3.58332
3.30024
5.5903
4.161
1.7015
1.73724
4.01278
1.18296
1.40004
6.73425
1.18007
4.25481
3.49786
1.7884
4.46896
1.14446
2.06412
3.01563
1.17681
0.768533
1.91338
2.24453
3.45705
1.67891
4.01401
1.39803
1.80476
3.58714
1.78693
2.13217
1.57491
0.498577
0.886583
3.25922
2.6419
1.23848
3.77503
0.635953
2.52426
1.91337
1.25931
1.6318
0.842955
5.01328
5.44194
1.02754
2.57331
9.34979
4.56628
2.65059
2.10596
5.63332
2.20015
1.04169
7.61393
2.49145
2.07321
4.83075
1.02715
2.13334
5.10954
0.592448
3.42519
2.30709
2.74241
10.7236
4.94614
3.1795
2.68836
1.74029
1.74563
1.19685
3.52691
1.75834
1.32536
3.00933
3.56714
1.90477
1.94093
2.20794
3.09633
1.4951
2.81796
3.88447
2.81974
3.25968
1.28602
6.94211
2.71278
3.85419
3.88116
3.93416
3.10114
2.91736
2.11203
2.96672
3.83478
2.56118
2.63586
4.08658
4.5386
5.0917
2.26687
1.45301
4.76933
4.75371
0.510909
4.3494
5.04627
2.42546
1.72048
5.20065
2.33404
3.44598
4.38831
3.43251
5.41801
1.5149
0.768633
4.13246
3.43303
6.57192
5.52727
4.07805
2.65014
3.03561
3.88139
1.54788
5.67837
2.32701
3.63075
1.66504
0.688306
2.37054
2.14552
5.17319
3.04887
2.06668
2.8572
3.10428
1.04571
3.07792
2.1357
1.39247
2.82171
0.670243
6.78404
2.25427
1.50709
3.18785
1.0864
3.23178
1.62398
1.25125
2.37422
2.35764
4.37732
3.38087
1.74869
2.12461
0.721173
7.16373
2.41893
2.76277
1.30055
1.89832
1.60534
3.96063
0.562219
0.458994
1.21268
4.33804
0.778959
1.3377
1.68516
2.02233
3.66428
0.890976
0.820317
2.68396
3.6129
4.70975
3.39526
1.03123
1.40907
1.09366
1.79953
3.52866
3.26862
1.20657
6.82109
3.58797
3.19454
2.91547
2.38772
2.38621
1.91977
4.06266
3.04563
1.17132
2.4406
1.07648
4.75147
3.14181
3.72288
2.98609
1.23808
2.72305
3.35331
3.16158
2.58885
3.3455
2.01363
1.49313
1.70522
2.67073
4.70448
1.04624
7.39599
4.53609
2.95193
7.15006
3.80176
1.12154
2.1834
3.33061
2.43928
0.791556
2.57668
1.28123
1.23867
5.55728
1.06374
4.49798
2.17997
5.98106
2.08009
4.97137
2.97661
8.49218
0.649275
5.2225
3.09997
3.06538
4.10202
2.46783
2.26258
5.16482
1.54134
1.6875
2.51674
5.06428
8.40084
3.26345
3.31848
3.25986
1.64355
1.20254
1.13895
1.3874
2.02779
4.83242
0.999513
1.50215
3.70092
1.88013
3.44035
2.41277
1.848
3.33336
4.37776
2.34155
1.62643
2.35145
2.87522
4.49561
1.67059
0.8017
1.4133
1.70328
5.56011
3.62131
3.53336
1.76574
1.68615
4.65196
1.92019
3.03355
2.40647
2.94272
1.07019
4.02324
1.25821
6.04491
0.718048
1.00078
5.21948
1.19411
3.77593
3.68529
1.02421
3.97321
6.10029
6.08571
0.829683
1.71688
9.02023
0.587226
1.02135
1.1569
0.994849
4.85485
2.61612
1.54689
5.01004
2.13994
12.4879
3.81463
2.83152
2.42584
2.02304
1.18867
0.802553
2.43229
4.32068
0.589006
4.95309
3.86752
6.45161
2.05242
6.25792
2.64123
0.500551
1.26677
2.0929
3.59743
2.09269
6.31128
2.67031
4.0968
5.6369
6.64402
1.45113
1.58904
3.04507
2.90539
2.26023
4.6083
1.76226
2.49629
1.52087
1.7472
4.07685
3.01815
2.5093
2.40472
2.9955
2.97967
2.93342
1.26638
2.14189
2.55092
3.15392
2.28562
2.98314
4.20966
4.56487
4.01737
1.12566
2.00306
2.6333
2.4264
3.03657
4.06128
1.88051
1.45076
5.47183
1.07725
2.25465
4.9841
3.74525
1.10972
3.19113
2.24177
5.54199
3.25746
5.38813
1.28515
4.09454
0.65055
3.50057
4.48097
1.86139
9.04285
1.5939
2.25168
0.953917
3.16404
3.90217
1.45546
2.77773
3.71859
2.77738
1.71966
1.17752
0.990661
4.38942
3.93259
6.79153
1.04569
6.55393
2.51956
1.55522
10.3218
2.2838
3.40055
1.96593
1.98724
1.13767
2.33413
5.11596
1.42315
2.05708
1.30704
5.74021
1.04142
1.20612
1.47527
4.65844
3.20477
4.88983
0.780036
1.60793
3.41969
5.21374
2.589
6.51405
4.36757
0.727896
4.40924
1.73619
1.92351
0.989079
2.16624
1.97788
2.23799
3.67648
1.95688
2.75867
2.67841
3.90307
2.99954
1.28231
4.15365
5.34432
2.71512
3.09923
2.34227
3.18081
4.57113
4.20899
6.27153
1.11782
3.27484
1.0323
2.14395
3.87933
2.00753
3.44598
6.05618
4.95158
1.89869
1.89439
2.54671
3.67967
1.83671
8.24167
2.4455
5.71565
2.88268
2.83534
2.29679
1.17611
4.08082
1.8856
1.3445
1.62941
2.56741
3.80895
2.15208
9.16734
10.9142
3.74754
3.88351
1.54024
4.86164
1.9528
4.87877
7.6381
1.7019
2.1086
1.78466
2.0004
2.56702
0.956789
4.96548
1.93852
0.868948
1.00065
1.50194
2.84617
1.06946
2.30449
1.02186
6.33893
2.80727
1.03539
4.65166
5.22594
3.06479
4.33466
4.2523
4.39703
3.11765
2.67159
1.07865
13.452
3.75886
6.61179
1.12134
4.23813
7.72047
6.91522
1.64925
2.29233
3.35756
3.25386
1.11194
3.53679
1.51249
1.39602
4.4365
2.79152
2.49288
4.26486
0.950654
1.57156
5.99256
2.13416
1.54908
3.70788
8.03659
2.00862
2.22675
0.899676
3.43412
2.52597
4.54156
3.62741
1.89027
1.26199
4.65245
5.77757
3.39142
3.22099
1.25315
2.39577
0.986871
3.60571
0.334853
1.34334
9.39434
5.86674
8.36461
2.07075
9.64916
1.52224
2.11184
4.13874
2.50632
1.45952
3.34184
4.28722
1.76396
2.71429
1.01117
1.50517
4.04967
1.7332
3.57651
1.94132
2.20345
3.02148
2.42907
8.27317
0.747699
1.70738
4.48111
2.74506
2.61335
1.35101
0.797944
1.95396
2.62671
3.67197
4.11262
6.38212
6.29929
1.55544
4.44813
1.75508
0.614968
8.8433
3.83608
2.55401
2.95001
1.78241
6.71491
0.515301
0.631272
1.11265
1.47283
12.1126
2.56732
4.90407
8.70721
4.11065
2.77145
2.51141
6.60092
7.9686
4.75671
2.11841
2.91547
0.410838
3.92387
5.96103
2.30077
3.50731
3.6796
1.13132
1.44824
2.19253
1.61051
3.54357
2.92746
4.18687
2.70488
1.47407
1.24118
6.14577
3.13639
6.74782
1.80571
7.24976
1.74905
1.85211
3.9446
5.1901
6.6711
1.51256
3.2864
2.98307
2.0458
8.11178
5.50864
2.15344
1.65815
4.84509
2.69507
2.33439
1.62436
0.802695
2.99554
2.51748
1.23137
4.26871
1.69587
4.30568
6.9678
2.52792
0.962036
3.52592
2.31584
2.46585
13.7855
0.72511
1.85218
4.98329
5.09587
2.7032
1.28464
5.30145
3.56868
2.0032
2.35488
2.2584
4.16702
5.24209
5.31383
2.4772
3.82602
1.83972
2.73742
3.18075
1.53397
2.29966
3.93836
3.69376
7.94545
8.16069
4.90068
1.14016
0.948143
5.27592
3.26733
2.30262
5.53545
8.44307
2.68599
3.71686
2.23648
3.53197
3.28678
3.38353
3.10946
2.89403
1.61001
4.92606
2.75219
2.5452
0.762403
1.4804
6.28851
3.26713
2.60396
4.56724
6.43007
0.913432
0.944414
1.61668
9.48499
3.00914
2.80512
4.01962
5.90057
3.24665
3.14931
10.117
2.14955
1.30237
3.75578
8.04464
1.40255
1.71207
5.27502
5.267
4.0124
5.76524
3.82626
0.894819
12.0798
3.04809
1.42561
3.70649
2.51702
1.37566
1.66004
2.55176
2.12421
2.77723
1.93474
0.991609
4.14359
6.88625
3.38978
1.39986
2.02603
4.19083
3.76774
2.79009
2.51615
1.6615
2.49738
5.17909
3.30094
3.07893
2.30822
1.12013
3.63606
2.80082
4.33617
1.15881
9.87582
4.86512
0.821514
1.39697
1.14417
4.41433
2.47197
0.94932
0.753737
3.95986
1.57046
1.1556
0.846894
1.47983
2.87738
2.17429
3.09912
3.37418
3.92571
3.16444
2.55221
8.34381
2.06282
2.6848
3.55203
3.36397
4.8367
1.42338
1.1255
1.96666
0.664244
2.3893
2.19531
2.47659
1.1214
3.69581
4.76171
5.45907
3.48982
7.02253
4.48044
1.08095
2.68185
1.85894
3.51223
6.74307
5.82439
4.26618
2.25356
4.14887
0.9043
2.09106
4.39532
1.14363
1.54478
2.0009
1.22389
2.6577
3.81145
2.19438
0.997316
6.31745
1.58678
1.29679
2.79991
0.809057
2.82691
1.77477
3.76221
3.45244
4.79662
0.983809
1.59985
3.34319
3.50151
2.45164
2.17398
3.29271
2.11182
4.40656
2.92983
4.85871
0.986255
3.33532
1.14885
2.81769
3.91508
3.13879
2.59297
3.7366
2.0459
3.46159
2.67799
2.18264
1.73623
2.16415
0.967286
3.58275
4.04338
6.50674
0.800193
4.70408
2.94068
3.78426
3.5497
2.43134
2.09115
1.76945
1.75987
2.04065
3.3574
1.43831
3.48099
2.21975
0.85145
3.67354
1.86171
2.72221
2.20061
2.04545
1.52803
1.82112
1.71719
1.49905
1.9831
6.84045
0.553615
1.10517
4.76432
2.53445
1.52876
2.67363
5.8429
4.62403
2.05168
4.00646
1.72663
7.17061
5.40725
1.46155
1.25222
1.00184
3.1733
2.78986
6.71647
1.36985
0.770012
2.67527
1.45298
3.94706
4.50489
0.731176
2.58717
0.937986
2.28977
2.16295
1.89088
2.031
3.42408
2.18214
1.49672
3.55708
3.17508
2.06223
2.14997
2.15119
6.38079
1.95644
3.29606
3.27995
3.79948
2.56116
3.90375
3.54988
1.36543
5.16554
1.68693
3.97835
3.3468
5.06679
1.37604
4.68294
2.34872
5.15046
5.33157
4.71102
4.40417
1.96119
1.67617
1.0366
0.707572
1.90994
3.07226
2.39225
4.13248
2.07106
2.09767
5.76945
2.19854
4.47436
5.45145
3.58928
2.3275
1.41513
4.4234
1.93055
4.64734
1.40909
1.18371
3.09141
4.27762
2.66381
6.22475
1.12127
5.91234
3.74264
4.40932
4.5955
0.732288
1.1064
2.04511
2.10194
2.89545
3.02072
4.34702
0.588461
2.54271
3.3321
0.761524
2.83005
1.05587
1.20508
1.96202
1.64262
3.03775
7.84996
1.48902
3.25652
4.78022
0.934696
2.40529
5.5235
3.70869
4.80284
3.58199
3.60413
3.29381
5.02221
2.88494
6.12173
0.891573
2.43962
0.369065
2.43407
0.583787
3.83694
3.2565
2.44197
5.63427
2.64174
4.87278
2.35446
4.46091
2.62085
2.15534
1.44957
4.22065
0.951371
1.13457
2.75848
2.73382
6.5831
0.854972
5.46756
1.15244
2.78373
2.361
2.2692
6.09916
0.646894
4.28463
1.92144
1.5366
4.61347
0.459659
4.55509
4.99566
0.694432
6.51469
1.26381
1.31615
6.19946
2.45816
2.27518
0.828769
1.69766
3.66051
2.17232
2.85322
3.5961
1.5085
4.27129
2.41499
2.78061
1.6616
2.78027
1.47476
8.12747
2.31919
1.65459
1.33465
3.50342
1.55533
1.795
1.64333
6.00614
1.88633
3.00253
2.75716
2.20043
0.547929
4.03481
2.13768
2.49062
2.80023
1.93764
1.34249
5.10888
0.732212
3.65696
5.23359
1.80603
3.36763
2.03632
3.58959
4.0905
4.33261
1.49154
1.06463
1.3323
2.22606
1.86514
3.51974
4.43204
2.77605
3.12982
2.82719
3.19579
2.73381
2.33591
0.982091
4.00016
2.52755
1.07663
4.514
1.50225
1.60609
1.48135
5.20915
5.40152
4.09032
3.45703
2.80395
4.28378
2.39193
0.758706
0.709768
1.56046
5.67292
1.73665
1.30931
10.4587
1.97234
1.92635
1.56312
4.53366
5.04316
3.5354
4.77953
5.66724
1.7504
3.42523
3.34116
5.04456
1.81108
1.26705
1.74792
13.079
2.00406
0.868777
0.502316
2.2447
4.80498
4.41165
2.57593
2.15082
2.93746
6.37411
4.89243
2.40204
1.93918
1.76746
1.04624
1.29529
2.25932
3.70122
5.51687
1.85011
9.17894
4.13349
0.789757
7.1321
1.01327
2.39586
5.0213
1.04249
1.77662
2.13288
0.828916
1.42501
2.27645
2.47171
4.20935
3.45027
2.09851
2.95304
2.20889
3.30087
1.61685
1.6351
1.32982
2.6866
3.02501
1.51981
2.39379
1.99973
1.8408
1.97463
1.09654
3.03487
2.05252
0.91368
3.74514
1.9043
2.0959
3.61335
4.42198
3.40219
3.57242
4.3078
0.662581
1.65833
2.36669
7.44174
6.57103
3.80692
4.57177
3.18336
1.91536
4.01107
7.36362
4.88309
2.63459
3.82058
2.26441
1.63183
10.2537
5.81881
3.05766
0.860091
8.63979
1.71639
3.80056
5.44265
4.97857
1.6815
2.62826
1.62148
1.15539
2.30418
1.08351
6.6402
0.999941
3.01163
3.27759
0.895306
9.24351
2.09973
7.80544
1.06543
3.8959
1.59562
4.13928
0.900242
2.29652
2.93843
1.84011
0.605626
2.32148
2.27103
3.53211
5.27154
2.93046
1.47375
3.27507
1.29006
2.53257
1.49677
3.03549
9.46477
9.56585
3.47694
1.11766
1.32628
5.92299
4.08267
0.830643
1.37903
1.84974
1.89459
3.04627
2.02584
3.00558
2.77055
1.66301
3.43583
2.53852
1.25892
3.95523
2.34597
2.94347
3.31782
1.82005
2.03019
3.13393
1.6808
5.92345
3.87196
1.93493
5.43379
3.30684
8.15329
6.08059
3.42939
2.20787
2.07023
10.616
2.31873
2.82817
2.62309
1.70382
2.06959
1.17
0.651925
4.52863
7.8105
3.06946
4.94623
2.12385
1.43588
5.15573
1.14148
1.75797
4.94647
1.94998
8.96904
2.2663
8.32669
4.35739
2.44902
2.09683
4.76249
4.54698
4.90114
2.98567
2.39721
1.5219
2.26996
4.81377
1.89312
8.17019
1.95718
1.08057
1.57953
3.47493
2.78448
3.70959
2.88784
1.38339
5.16363
1.25895
2.76995
0.865592
1.16467
4.25891
1.72487
3.4923
3.31241
1.19041
2.39169
3.20376
0.599426
2.64894
4.42156
2.00556
1.12463
1.44856
1.49342
1.56403
1.77381
1.15952
3.41291
2.21096
5.42814
1.33189
2.69133
5.08031
3.93299
1.05011
3.6357
2.09941
1.66004
2.74423
9.04285
0.895
3.55353
3.11811
2.94891
4.35478
3.49393
7.17068
1.61846
5.76023
1.00748
0.592602
4.07227
2.17093
7.0654
2.21364
2.44114
1.86354
2.3134
4.09827
2.24681
3.94381
3.27688
1.36026
3.69442
0.689075
5.33275
3.24981
4.04139
1.56975
3.05318
2.65236
5.19576
3.24921
2.39744
1.21182
7.99963
1.80863
4.58935
4.02328
5.5028
1.12859
5.81101
1.93193
4.44621
3.08067
1.05006
1.25172
2.95233
3.23711
4.60227
3.71363
3.60695
1.07854
1.16436
2.22686
3.26174
6.72284
1.50078
3.17765
3.27928
2.67515
4.30249
4.16208
7.08755
3.18148
2.04575
3.6761
2.94629
2.19528
2.11851
2.17309
1.38167
1.02268
1.76885
0.613424
3.5161
2.95357
1.779
7.02354
2.08505
0.224702
5.44122
3.44446
2.53405
2.34155
1.72462
3.79291
2.06433
0.693545
3.01142
6.59694
7.21064
4.54444
2.5293
2.86646
1.54186
1.53536
2.09194
6.84163
2.97613
7.09724
0.92588
4.47745
1.65557
0.879241
2.20541
2.95276
3.32471
3.67505
1.87576
2.30064
1.20446
1.56332
1.09114
3.58573
3.412
2.32074
1.77506
2.32812
3.94157
3.16253
1.34066
1.98937
5.2311
2.91045
2.23543
3.86956
2.73138
3.8149
1.91417
2.80083
2.11581
5.97286
0.992678
3.78553
2.70779
2.80464
1.34674
5.85191
2.88587
6.54415
8.56987
1.00761
1.49865
1.17602
2.72762
2.74824
7.75509
4.70632
3.14886
2.50527
2.65035
4.96388
3.74257
3.74364
3.56352
2.1666
3.49068
1.48784
3.71928
2.63114
1.68734
2.03763
7.56691
0.951705
1.87448
4.26363
1.80149
2.7846
3.21355
6.36536
2.10526
1.3405
1.48696
2.75737
3.57668
5.54276
3.33248
6.52813
3.73399
3.7047
1.72811
3.01003
3.91335
3.45143
4.39653
7.23132
3.23901
4.93032
1.39829
2.97541
1.9462
3.93792
1.79083
3.29267
5.11242
5.34023
2.42321
3.73274
2.82523
3.43813
2.92527
4.77238
2.50115
4.58344
2.29723
1.95177
3.84763
2.02762
4.34831
6.62946
1.76482
5.57054
2.64791
3.40421
2.03358
4.63698
2.078
4.61274
5.49121
2.95115
2.28688
2.25807
2.22185
1.8499
2.43612
2.66806
2.93459
0.850656
2.16473
4.80664
5.80485
3.90636
5.25057
3.4769
0.796811
3.0775
1.87337
3.66998
1.5672
1.29255
2.91923
3.96993
2.81187
3.31938
1.83004
3.89663
6.14852
4.13565
5.01704
3.09806
1.70687
0.966284
2.18315
3.04768
2.54356
4.43456
1.77388
1.87758
3.36261
2.79573
0.769072
2.29266
2.07264
2.82117
1.1281
2.12688
2.47878
3.5972
2.64382
3.20504
4.71746
8.4708
0.906492
2.94454
4.03324
3.16029
4.33079
4.31174
1.72362
1.14018
0.715853
1.93417
2.56246
2.50759
2.17291
2.5192
2.70779
1.97402
0.770186
3.01185
7.84297
6.04415
6.15187
3.58353
2.64801
0.870956
2.28699
3.74838
3.83133
1.14007
1.1614
3.26285
1.84094
4.32457
2.63186
2.99691
0.811609
9.97886
0.989761
7.14092
1.20423
2.72137
4.7663
1.48431
3.17107
4.68176
2.27859
1.0481
1.47539
1.80735
1.40302
11.1409
3.52593
6.44655
5.22146
1.66454
3.96287
0.323927
6.99713
3.09036
2.16492
2.18717
4.92286
5.63251
1.81484
3.20506
2.185
2.06185
2.57004
3.70757
4.74663
6.23587
2.69184
4.80546
1.08338
1.46105
1.91051
2.09024
1.28655
4.46778
3.43536
2.40006
3.98278
3.72209
3.94397
11.7834
1.17028
2.57931
3.20704
4.66382
5.5385
1.71259
2.20596
5.73828
0.613206
1.64397
2.23657
1.35463
2.71147
4.35911
1.36933
1.22475
2.4849
2.01904
0.815741
1.62225
1.27788
6.39168
2.80675
5.17553
5.53038
3.78808
4.70506
0.315754
4.14861
1.27652
2.89729
1.40115
2.01017
2.05984
2.73681
4.99588
3.52142
3.88725
2.73288
1.44366
1.22905
3.73896
3.91645
1.57491
0.841564
4.08408
2.64805
2.54621
6.79636
4.4624
2.53803
1.92369
2.38583
3.81583
2.40467
2.49828
1.6467
5.95854
5.04714
2.79429
1.81272
2.01267
2.69381
4.57158
1.84965
3.62003
2.24151
3.31115
2.04047
2.40012
2.23178
6.25379
4.0314
3.52385
8.19651
2.01296
5.98221
1.73931
9.22961
3.69443
5.02393
1.25283
9.83356
1.45682
2.53649
3.41903
5.64868
2.91064
1.59276
4.41181
2.203
1.58749
1.70516
3.34516
2.74443
3.18272
3.28819
1.86688
6.40857
3.7737
2.54277
3.12193
1.47331
0.642519
4.45021
1.73077
0.408003
2.62664
5.01755
1.83427
2.66977
1.60981
0.239795
7.99317
1.57626
5.19783
1.69934
2.0866
4.12411
4.70376
2.94077
8.21384
1.70859
2.23727
5.25094
4.26925
5.17124
2.19985
3.73593
3.89079
1.66407
2.65639
5.86464
1.28807
4.48372
3.26674
4.37297
2.08008
4.7769
1.35175
4.19748
4.57281
3.2472
2.38274
2.8537
3.30464
5.90245
5.51904
1.17104
4.71836
2.32159
1.55763
5.45815
1.70319
4.7669
1.80409
3.15295
1.78385
2.73953
5.37483
6.67555
0.677697
3.44688
1.49709
3.45189
2.16431
4.31054
3.35941
5.38817
1.78649
4.7163
5.78985
1.42369
0.594516
1.03135
3.14502
3.76699
1.12716
2.05875
1.8606
0.956528
1.19752
3.47311
4.63119
2.35151
2.85122
2.27165
7.67699
7.12081
2.16409
3.64141
2.03693
2.91153
1.05219
2.94851
3.02019
8.65906
4.36679
8.19842
7.96261
4.82976
2.58254
3.44049
4.76408
2.34822
1.99202
1.60968
2.87823
1.85242
1.17253
7.81515
2.59164
2.80006
1.90363
4.51161
1.08023
5.71371
4.34485
0.465633
8.99145
4.1236
7.44218
0.921637
1.56864
0.94748
3.82124
5.30377
7.64553
1.93543
1.72082
4.12286
2.83244
2.93419
3.66875
4.43911
4.23538
1.47744
5.68115
2.08719
2.7515
2.24401
1.54921
4.76678
3.48866
5.0922
4.69102
3.80667
5.97213
2.01063
1.24857
1.96885
5.18474
2.59802
6.53316
3.55143
2.52955
2.45101
3.43117
2.4067
2.09311
2.35588
4.10019
2.15749
0.689454
3.31563
1.34511
5.14678
4.69973
1.75696
1.86553
4.40189
2.99859
6.80067
3.38403
4.06969
1.80313
1.71874
2.7228
7.11579
2.52843
4.70888
3.55283
5.19445
4.09653
2.67712
1.29753
6.40928
3.44761
7.16299
1.05163
2.85664
2.22935
4.0391
2.56316
2.23348
3.32534
0.712488
3.52134
0.770231
2.45124
7.64448
5.61169
1.96167
3.05262
4.69262
2.34955
0.799749
8.81857
3.67421
1.84559
2.94899
7.17756
5.02766
12.9625
1.64155
2.53066
7.91405
3.52851
3.87491
2.95559
3.32683
1.8089
2.09147
4.87118
2.35915
3.12266
5.30454
1.36438
2.45172
1.55553
3.02046
1.27852
3.2814
4.54957
9.08997
2.52623
4.14777
3.38826
5.66504
0.805417
0.635456
4.82404
2.17318
3.64013
1.7021
2.46464
5.98363
5.23393
0.704122
3.70514
7.18997
1.78437
5.09501
6.54169
1.38196
1.77542
1.42399
4.3243
4.33679
1.4484
3.06008
3.58015
4.31784
2.65546
3.97162
2.19989
3.60118
10.0434
1.9063
3.51367
1.22735
1.98295
2.51902
7.46247
1.11296
4.0895
3.73782
2.55706
3.10117
3.32787
4.05396
2.96024
3.52915
1.12594
14.3248
7.32358
5.42788
2.35707
1.19339
2.45639
4.62779
2.44331
3.50565
2.21238
1.63695
4.10631
6.25817
0.638186
4.24092
1.39914
1.10363
1.89366
2.34295
1.98273
3.43609
2.34115
4.79129
1.36385
2.09075
2.59863
1.95613
0.778721
2.75411
1.42069
2.50863
2.26005
1.94008
1.82591
1.35313
2.38533
4.63752
1.51538
1.61172
5.18524
4.15466
3.72789
2.93257
4.86109
9.48592
1.84906
1.28505
3.25886
6.00452
1.20057
2.42262
1.94485
1.53772
2.47416
2.46877
1.47331
3.22103
2.38053
3.6946
3.25768
2.41138
4.14663
3.1043
0.565444
1.97789
2.67509
0.863884
2.28167
2.69907
1.65235
4.06298
1.35914
9.65244
2.19185
4.76503
1.11837
3.52738
1.49885
1.88163
3.26795
1.36675
4.0923
2.2671
2.88106
2.30718
1.0652
3.25106
4.19802
3.28143
0.895125
2.86172
3.25048
1.91649
3.39256
2.12523
0.902239
3.23232
5.18021
3.64268
0.50001
3.19133
6.29131
1.97954
3.16982
4.42784
5.63062
1.60515
1.10551
1.6244
8.39214
7.48232
2.23344
5.10585
4.13575
3.37685
3.05345
2.25533
2.07513
1.21973
2.29536
3.45904
3.23195
7.04633
3.15448
4.70703
4.32095
4.60733
3.96668
5.05088
3.24366
1.70286
4.76187
3.45113
1.40818
5.32305
2.7608
3.72129
0.96649
0.999548
3.74316
2.49271
0.979312
5.7254
3.02787
7.4599
0.954054
4.22871
2.12894
3.00287
3.04616
5.62743
2.61783
3.54949
1.39215
2.9137
1.98144
1.99008
4.41998
2.59525
3.14079
8.96205
1.08409
2.57642
4.43735
2.68757
0.869439
4.71211
4.20114
1.16959
0.854818
4.82245
2.57011
2.63505
1.91961
3.17806
7.64336
1.19402
3.62603
3.0606
1.15743
1.26018
3.51048
3.72696
1.84919
1.68973
2.53658
5.43455
0.604132
0.832851
4.94618
3.75095
3.60989
2.80625
0.730664
1.93424
2.05391
2.52233
2.27992
1.4935
1.14074
6.19211
1.85842
3.80373
3.64074
1.89773
1.39121
1.76338
2.99385
4.24076
4.57527
4.95213
3.08366
1.07191
1.78243
3.33271
1.73453
1.89339
4.01536
5.95176
7.86324
2.91669
1.98461
3.02188
1.78598
3.26383
2.40366
3.84444
3.01904
6.01111
1.71594
2.43808
5.29332
7.23019
1.71416
1.89432
2.49123
1.64785
2.59835
4.47681
0.757384
0.55623
3.65466
2.56264
1.74142
1.10924
5.39412
1.10167
7.69198
5.51967
4.11377
1.51486
0.797795
1.1005
2.27855
0.986339
2.61497
7.07331
4.47203
1.45806
6.68141
5.35359
3.10484
3.64009
1.85175
2.08588
1.80808
4.2083
2.6113
1.4817
1.8376
4.66175
7.29866
2.86148
1.24836
2.12381
0.847265
4.49509
3.44037
8.85619
4.78118
3.98296
1.34615
1.5041
4.22093
2.55041
1.0904
1.99484
2.23969
0.732591
3.90295
3.00478
5.6156
1.13867
5.47259
0.913167
3.44239
2.61725
4.2106
0.647271
2.01917
2.26294
6.28246
2.04389
2.78298
2.15201
0.874722
3.54454
0.779435
3.96649
5.81102
1.70477
2.24772
5.45994
2.3236
3.59709
2.18119
2.50324
4.43146
5.68707
1.34943
1.42633
1.95528
1.4962
2.26611
5.39364
9.55195
2.05877
1.79932
2.5155
5.59881
2.11604
1.22167
3.70194
4.20904
2.65969
5.91012
4.78471
7.14652
2.68768
3.00439
0.852041
1.06391
1.03609
2.22462
2.20234
1.50163
5.56637
6.85188
5.08918
1.50572
4.06164
4.16631
4.12823
1.36464
13.2176
3.09146
1.90914
4.01059
2.61308
3.81852
7.49418
0.981084
5.01433
2.61252
3.36782
3.34256
1.6395
5.97273
0.98863
0.748651
3.75086
5.84584
2.65994
2.62592
3.30078
4.30535
4.56442
2.53354
2.60439
2.24403
1.10651
2.47203
1.67691
2.18624
2.31516
1.64016
4.43611
2.03657
0.769168
2.0779
3.40031
2.10078
6.70001
3.40969
1.04143
3.32515
1.19722
3.96466
1.53043
1.35514
3.56104
0.672911
3.26737
2.66249
3.15176
1.44778
1.43328
2.90225
8.75889
3.1255
5.48866
3.88659
0.897425
2.78486
6.72254
5.12815
1.08483
0.420138
0.481572
4.50313
3.88292
2.02096
1.07502
1.11128
1.52963
1.86979
1.70356
2.12226
2.72682
5.38462
1.77309
5.80868
4.0343
1.19953
1.87572
2.39249
1.91125
1.77824
1.84408
0.659117
3.48422
2.37632
1.11722
1.84045
5.73286
3.43728
1.46029
1.46884
1.5414
3.17308
2.17194
1.88507
3.99585
0.705486
1.77181
0.986225
2.4728
2.74182
0.395517
1.60285
3.73732
2.3841
1.9244
4.64896
4.10126
3.27589
3.00902
3.41493
5.50213
13.951
1.5739
5.5795
3.07875
4.52566
1.60907
1.07806
3.62777
6.38922
7.79211
5.04506
5.32315
5.41627
2.76065
1.60968
3.07313
1.64831
1.16461
2.29608
1.8565
4.82004
2.34286
4.64576
3.34393
1.58783
3.04346
5.50043
1.13308
2.58409
2.24885
4.18721
3.49441
2.72586
2.04703
2.1283
2.98745
2.20825
2.88437
3.09165
3.65169
1.86342
0.753611
0.915157
11.584
2.03291
1.25828
4.83635
2.91831
3.25822
6.10753
1.23254
2.89923
1.10022
7.86383
1.61227
3.8408
5.00912
5.96506
1.09823
1.85658
4.03886
8.32265
1.5779
1.15304
2.65668
4.12301
4.57625
5.75445
2.70122
3.40557
2.63932
2.95997
2.99279
0.99681
2.84776
6.9706
2.16689
12.6244
2.89574
2.14846
2.05349
4.33987
1.88438
4.48194
1.0122
1.91885
6.34462
6.2397
2.55831
1.95062
2.00586
2.09566
5.54962
1.61572
1.88523
2.18098
1.23369
4.15706
3.30005
4.0261
3.36652
1.15745
3.55891
4.62462
5.23151
0.665266
1.80734
1.95215
0.361433
2.05528
4.50943
1.57036
3.09748
1.43198
4.91897
4.72015
5.81673
4.59141
4.90834
6.39269
6.69152
1.6598
1.37978
0.896924
1.69688
7.83375
3.26748
5.5576
1.64499
3.23428
1.62956
5.01155
3.26194
2.11811
3.47278
2.88202
4.92562
1.01914
2.99824
3.8622
1.30578
1.99153
1.85055
2.06942
4.58357
3.65253
3.16976
5.71793
1.83576
9.77473
3.50999
8.41241
2.84821
2.90501
2.30725
0.596336
0.60062
1.15279
1.94753
5.86201
2.60185
5.62889
4.08308
2.86411
2.96497
8.22304
3.73024
5.60408
4.47262
1.60532
9.54327
1.84306
4.75016
4.93812
2.982
1.7928
1.5728
2.30962
3.81456
1.0437
2.80259
11.3047
4.00299
6.36069
1.94284
2.428
2.05604
3.33072
1.93866
6.0228
1.33405
1.16168
0.788192
2.20369
1.59261
4.99047
4.71838
1.92527
4.19516
1.24942
3.82861
2.84131
4.36162
1.76451
5.43
2.87883
5.86882
6.29242
5.50801
5.37971
4.66078
11.3791
2.90118
4.24209
1.41426
6.3912
6.91316
1.6333
4.27822
2.24186
2.93573
3.06138
5.61446
2.94367
4.11925
3.77641
4.35299
5.27826
4.65729
2.35602
4.01229
1.20377
2.61397
6.34331
2.16169
9.05961
1.34354
2.82138
3.09843
2.79772
2.40197
3.3071
2.35119
0.559719
3.39843
0.636042
2.40495
2.77114
0.668296
1.293
1.8977
2.2449
1.4054
1.84043
2.43182
1.33558
2.49244
3.32664
4.34362
2.47514
4.38368
3.01513
3.64795
5.76473
2.53542
4.62804
4.40976
0.95527
6.77658
1.50306
1.96253
2.99767
1.18189
1.93102
1.91954
5.13058
1.11278
1.63023
1.8633
0.605578
1.58099
4.28725
1.04232
4.63162
3.69133
1.57751
1.22973
0.998654
3.27172
3.40031
5.75422
1.63864
1.76052
4.37805
2.83476
2.07751
2.51932
1.34542
3.80496
2.65467
0.911439
3.30913
0.70894
2.50152
5.84182
1.59915
1.50933
0.966916
2.67054
6.14246
1.57692
1.3723
2.42747
7.4567
1.22923
0.476354
1.74809
3.2615
4.21992
1.74271
1.65713
4.82886
2.56978
5.81287
3.36489
1.4024
1.36816
4.3566
1.93857
3.27943
1.94008
3.40112
4.26404
2.09495
4.28329
2.57351
1.07136
4.06896
2.48784
0.808467
7.06146
2.71908
3.41379
1.19928
1.4959
1.69082
3.77239
1.17567
2.14321
6.0603
6.59518
1.4597
5.51216
1.90718
3.28026
3.36509
1.98584
4.78399
1.76457
5.83488
4.57202
1.45492
2.87521
0.313394
1.59799
9.84481
3.11112
1.97883
1.04512
5.43829
6.9486
1.44793
6.09571
0.852343
0.980228
2.1136
3.22035
6.11921
2.53456
1.43942
3.5047
2.10097
3.68737
4.27431
8.22158
3.18612
5.7424
2.32519
5.36264
2.06263
13.424
7.50897
3.75336
1.78071
4.09013
4.30095
0.869918
4.22789
3.25688
1.3316
4.40017
5.21451
6.07227
3.55816
6.8636
2.41522
5.36823
1.45379
2.15392
1.17144
5.44596
2.88568
1.14898
4.23132
1.05115
3.58428
1.31558
3.26011
1.32322
2.47113
3.28322
2.91955
1.07304
2.59256
0.785599
1.34719
0.962258
1.688
0.929899
7.88293
5.83092
1.43891
3.33191
2.24909
10.4446
0.937577
2.47667
2.88647
2.23038
2.72236
5.78636
2.7438
2.40704
3.98503
1.79585
4.28912
1.82867
4.2743
1.06371
3.75813
1.41809
4.29097
2.65264
0.695523
1.23289
1.95588
4.13454
0.451826
3.08512
2.84846
3.8174
1.7646
4.52819
1.90552
0.796976
2.4423
0.82164
5.52934
1.18225
1.77397
1.18292
5.93039
0.457079
12.8107
1.98639
6.92974
0.684922
1.79261
2.40026
3.17173
3.65313
1.95919
7.92376
4.36398
3.12562
6.22326
1.43579
0.672735
2.75399
1.78963
2.82339
2.06564
4.73453
4.21152
1.82387
0.740936
2.83623
0.265331
3.24562
4.23132
5.72065
1.40378
4.12224
4.26983
0.787624
1.65945
3.76617
2.74911
1.88179
2.53272
4.07412
2.51008
1.16421
8.14853
0.931991
1.55116
4.35556
3.104
1.62487
2.9026
1.62521
5.08192
4.12798
7.50317
0.566459
2.8132
0.939362
0.715136
1.68951
5.04702
1.70173
1.05894
3.16139
1.75349
2.10615
5.34549
2.00569
1.09642
1.98186
1.38828
3.49716
9.9407
2.21087
1.62732
0.329844
1.02144
3.33587
3.18753
1.4895
1.02433
3.04948
2.10936
5.24587
3.00779
4.12192
1.94908
7.48771
4.8523
2.94441
1.87764
3.21741
2.8475
4.82817
2.23804
1.45629
1.22126
1.43445
2.66229
5.40107
2.91164
4.22245
3.94466
1.19176
1.36329
2.0912
1.19449
4.01116
1.44902
2.23046
5.01549
4.78073
1.97719
4.65352
1.64817
3.84547
0.407179
2.29323
3.843
1.53944
4.30514
1.74582
2.69949
1.55201
3.30977
2.98751
0.769028
2.60285
0.324726
2.87383
2.04019
3.63932
0.727361
2.81638
7.29759
2.81671
0.825262
2.30154
5.72153
1.21318
2.09737
6.96809
2.37002
1.16493
2.82311
1.36355
1.69949
2.92145
1.24544
0.669511
2.47489
2.73192
3.67067
2.75067
1.56345
0.775236