12.6062
58.0989
25.1918
10.6397
10.616
11.8894
39.0339
26.1256
10.7655
93.982
22.8208
44.0503
56.3005
29.3111
47.7648
18.5497
18.1696
52.2212
81.5347
40.6558
77.243
5.13859
11.4639
12.5862
51.7475
36.9569
31.7515
22.6263
13.8954
26.1054
19.7481
19.7194
46.5459
82.8021
16.4893
41.4907
10.3283
69.8556
16.0154
29.3791
20.1535
8.4947
8.83352
6.18001
36.0707
71.7487
11.5699
23.3737
24.3347
26.4727
20.7475
33.3726
28.2209
27.6288
76.6499
24.5689
10.1716
25.031
13.9464
21.6931
9.34119
20.57
6.35051
6.48459
22.6362
12.6514
22.5596
6.55835
27.8652
10.9251
15.5789
16.6539
17.3195
4.41643
17.9898
18.1889
16.9585
18.8672
10.2997
10.8739
27.7955
102.462
46.6069
27.6426
60.7288
27.5127
54.6284
39.0472
33.0702
11.1139
55.6222
25.1937
62.3572
28.0909
8.42639
33.2673
9.32023
13.9388
10.923
37.1829
19.0595
4.72417
33.5191
15.8806
27.1584
29.809
10.2137
57.884
17.05
6.83784
13.532
50.0713
12.6561
27.1127
49.9123
23.6084
27.7289
30.406
10.7959
10.7942
28.207
33.9349
45.8106
32.3884
12.5611
6.86362
42.255
18.1235
45.1582
40.5489
17.9401
31.2262
15.281
8.4415
64.2294
5.61139
19.8897
36.5186
18.7292
18.6684
9.44674
104.696
27.1272
5.89813
23.4016
46.9619
59.5521
16.4758
19.9422
38.7132
15.4469
34.5326
38.2331
45.3239
19.0217
8.76157
16.7228
62.6701
21.401
12.9797
8.69508
60.6375
13.0823
5.81415
7.13659
12.7355
47.9222
33.5646
5.36343
36.4452
6.50425
8.08667
41.9473
55.7229
48.9014
9.03952
33.4697
17.83
25.3842
10.4827
32.31
25.6883
66.3504
22.4205
23.1568
35.1477
32.113
15.3864
11.3861
12.3779
16.1841
29.4645
12.6711
34.5827
27.0223
40.6266
72.3724
18.7698
12.6113
21.5895
5.87968
33.0979
13.5393
39.9808
31.3494
9.09247
17.7755
10.8436
22.4028
23.7444
13.5645
33.0908
17.5481
24.9474
25.9804
26.8549
69.0697
19.9381
77.0526
24.3289
19.9742
9.15052
25.3485
27.9984
11.5783
53.3353
23.48
11.6833
39.4187
7.6142
63.6144
12.4894
73.9037
6.47863
9.10385
28.9534
45.5508
57.3762
68.4121
27.3806
41.2364
42.1129
7.0914
25.625
24.2976
9.37135
7.32861
14.8921
6.14537
58.8539
25.205
21.1856
14.9869
5.59505
10.0794
21.2252
11.3594
26.1966
55.5474
22.8296
33.3175
30.1186
25.4675
24.9471
10.6394
64.794
13.6215
10.147
15.4291
40.3475
12.7612
19.6668
15.0988
6.25346
51.9912
10.5538
7.77337
29.248
13.4866
43.2008
34.5363
38.9443
15.9073
20.8297
71.0976
7.53273
12.3145
24.622
9.52723
7.27034
50.9875
18.127
17.6346
29.3323
21.0945
13.2356
74.4673
10.9173
44.7624
12.9246
32.4542
57.4165
9.55991
7.87891
15.1839
18.437
45.8419
20.2166
27.6537
21.2303
11.6801
55.8528
20.4093
34.0857
15.9195
14.3604
25.3296
9.99581
39.4933
42.343
30.5571
14.6795
23.817
20.5626
27.3222
32.4356
114.865
12.2244
43.001
36.1702
26.3804
33.484
22.4912
7.74749
36.3017
15.3079
13.7868
11.1065
4.28936
14.2627
14.1135
65.5491
14.3687
21.2303
74.3696
20.2645
14.1027
16.3877
42.1029
41.3197
31.7893
72.7316
44.6151
9.97756
31.0292
41.3395
23.4726
49.5983
19.1621
29.5312
32.3707
25.5242
14.0713
15.1414
20.3386
51.282
17.6637
53.1983
29.1945
13.0246
37.1882
25.8384
6.59126
26.2764
53.0615
40.9406
35.5158
54.1817
24.4432
12.7126
34.1046
18.5239
45.2084
30.2071
33.9476
59.6379
19.3209
17.8219
23.7075
28.3042
13.5477
24.9497
25.5988
40.7048
105.565
14.8124
21.0024
56.688
33.0297
13.3389
10.6143
35.5834
34.2509
15.0688
49.7491
15.4912
14.678
13.9674
16.0297
23.0511
8.47337
10.4061
40.7542
29.6183
37.3671
13.9289
5.10859
9.03439
36.8411
55.7345
76.8698
11.5189
12.4286
12.4925
9.44599
74.9124
10.4021
20.5909
8.12898
43.2976
50.5019
44.8195
74.3049
32.5477
9.22004
9.24747
20.4548
41.7351
11.2221
40.3611
17.4552
10.6148
52.4753
18.8461
16.1697
16.3715
41.0403
14.1119
43.8502
9.24377
126.799
45.6555
5.22766
38.3139
19.3254
16.3257
90.4652
14.8933
20.7136
36.3948
8.92885
53.4922
26.9621
27.7234
24.3534
47.4046
45.8967
15.7913
53.913
12.8758
55.9767
11.1255
20.6418
12.8375
10.111
50.7319
25.4916
22.112
24.4869
20.9232
16.7616
12.1658
15.3125
22.3571
27.6528
9.09921
15.8654
13.907
30.7286
19.5603
13.0575
18.1074
58.2645
26.4405
39.1239
61.8214
69.5828
31.1566
16.5264
26.2279
17.2797
28.6903
12.8005
6.16819
22.33
32.1983
35.3421
21.3685
14.8307
17.3653
15.6557
30.9083
48.6889
14.0574
21.1123
53.3117
6.96113
15.5738
29.6256
25.7993
20.0677
45.1492
12.5505
20.7303
24.4394
6.94306
33.603
16.4538
12.8021
23.7204
21.9271
14.0678
25.0318
91.703
27.8663
17.2654
50.7372
7.20383
7.86382
38.2433
121.384
10.7173
68.0091
22.8578
8.6762
18.5953
29.7079
44.4629
12.0282
33.8909
8.28302
9.5571
84.8957
40.8606
10.5436
62.6938
16.0427
25.4037
26.9031
12.121
35.3593
18.7114
11.4569
60.2535
9.0731
10.6448
38.9763
26.5677
26.4553
19.0116
16.5244
9.29909
17.3452
5.11673
19.3819
26.4084
20.8869
5.31435
21.5048
70.4879
64.8791
40.5711
18.274
31.9872
14.2724
38.8557
9.45341
18.2493
26.8474
26.7611
16.5763
59.5162
25.351
34.3145
11.954
24.4
8.04156
12.4908
8.27053
70.1976
37.8094
15.349
19.0116
10.8698
43.5077
12.225
18.6335
36.1438
19.0854
12.6569
40.3392
8.04522
10.8413
49.9443
18.8071
19.2265
47.7569
43.3224
41.3835
12.4741
28.0656
19.0791
24.0088
20.0172
88.8773
15.0446
14.5813
55.1082
16.125
11.109
32.8773
19.7207
16.9657
9.3237
16.7354
59.8023
12.4863
27.1576
17.3574
19.3471
7.56089
59.3711
18.2498
5.23138
16.5684
19.4765
44.5579
30.46
10.4575
20.4802
4.18825
26.7461
23.1677
11.177
34.4563
6.43904
41.2534
23.3799
51.449
17.2934
31.1948
40.4295
14.7053
5.23173
28.5529
17.5821
68.4378
20.1657
17.6644
24.337
25.6881
11.0161
52.4432
27.6179
28.6198
35.251
31.2498
6.57667
9.57998
65.7887
18.4644
41.8628
11.6374
11.7799
17.7581
14.5949
27.2194
8.38615
21.5038
7.05782
15.8373
19.2862
15.6081
42.1986
35.6047
21.994
11.0721
22.4953
41.8045
15.4227
13.5618
16.4846
16.5628
23.5893
11.6241
28.5359
57.6174
7.84764
52.834
27.6004
49.982
34.0868
46.7368
25.575
18.736
20.5468
36.315
25.2027
29.2247
41.098
51.311
18.9826
8.92618
25.8547
8.05133
22.9499
16.6098
12.3295
30.1903
18.5628
35.6952
72.8447
37.9599
17.4755
12.2393
48.856
38.3431
20.0044
60.4244
36.1613
34.8928
24.6528
21.7724
32.7973
10.5765
51.3697
36.5178
15.2792
10.5673
23.8115
60.3164
61.5261
21.9937
8.0526
47.3542
45.924
20.7375
94.4024
13.854
20.4595
25.2916
15.0575
52.879
8.27565
8.27234
24.5678
23.2641
9.07826
14.5191
8.65618
47.0987
31.5278
18.7541
18.9017
15.4352
8.03896
26.599
40.4696
24.9598
39.7805
8.97259
28.0292
23.4664
10.396
45.9285
43.0375
7.93102
68.0294
10.8239
7.18571
26.3321
35.9565
16.7043
46.2452
20.1018
19.8761
12.164
8.36407
7.65801
33.4326
4.79787
25.4429
6.56373
57.9206
28.4119
22.73
72.2976
19.5243
13.946
8.90583
41.4058
19.3067
11.4151
20.8317
21.9214
48.2531
92.9163
11.0265
9.64092
42.2729
12.8453
24.3969
15.537
14.6835
46.5487
56.4528
18.3043
20.1675
46.8018
48.6446
13.7181
7.56932
42.9099
7.45549
11.6856
18.5917
18.292
15.7768
8.26255
11.3744
18.2226
93.3949
19.4865
71.6097
18.7826
36.97
48.8032
28.4116
101.073
10.4229
13.7636
7.50305
53.1621
16.3605
15.5087
24.1128
14.2066
16.4509
11.5389
14.07
26.7109
26.9936
32.4491
13.5115
5.72391
32.9674
10.4142
7.53698
18.4193
26.5821
89.0178
23.8757
47.3147
65.3684
23.2115
13.358
16.5848
28.7544
55.8379
12.8086
39.8418
8.88692
22.9814
66.666
15.0172
19.1054
10.8536
16.2468
19.7389
15.0043
18.0086
13.7533
5.50879
45.6994
19.4792
15.0201
22.1297
39.6071
33.7788
15.2939
23.9029
5.85211
44.3277
17.3907
42.9072
15.8536
11.4867
42.1873
13.6029
35.0812
41.2608
45.2026
22.9951
11.6792
9.05704
29.4632
39.7167
35.2169
9.01965
4.44608
60.3489
10.9341
51.505
8.85197
25.4896
12.1238
39.6881
11.532
14.9634
22.4514
11.7357
23.7383
22.7048
15.3046
41.6401
65.5252
33.2331
31.5886
39.1774
4.85204
24.4421
26.4236
34.5366
20.655
10.2569
38.2607
66.3105
27.9042
23.7369
18.6609
27.3754
13.7031
37.7055
4.8257
14.6482
13.7329
17.3965
12.8597
12.4568
10.1649
16.7112
28.8296
23.6862
27.0399
11.1292
53.3707
41.6447
19.3272
37.6053
13.8846
116.451
5.31394
12.3114
19.2048
31.393
10.0805
19.1521
36.6501
19.025
19.2291
12.3888
30.7445
35.1827
14.6577
11.3655
43.7047
20.1379
12.0905
6.26041
11.4568
35.7809
47.1566
8.34555
57.4892
26.2161
22.1234
16.5946
22.2396
12.1764
62.4732
24.9422
9.80909
38.5072
20.5788
14.9723
26.0988
9.90971
10.8542
39.3893
10.1984
25.6841
33.319
15.9498
39.9457
24.6137
33.3098
8.92539
74.7108
8.47343
56.4333
24.0272
37.2692
7.14434
28.7507
46.5258
59.0585
21.8953
11.9759
10.2591
32.2878
16.1823
11.2614
32.7834
60.7542
28.0602
55.6154
22.5084
7.8716
15.8419
32.4166
21.3651
21.9777
11.9768
30.3811
36.1188
10.3074
10.0764
64.0623
82.7348
26.1867
11.8508
10.9958
16.402
20.6136
22.3176
24.0499
14.6358
9.10004
13.2318
15.963
18.4062
43.6582
23.5727
10.9377
23.1213
10.4566
22.339
26.1936
25.5897
23.9911
32.9638
12.9507
36.4833
23.9297
110.738
17.5301
26.7766
36.1726
41.0773
50.0072
20.1407
13.7081
12.1156
40.0118
37.9312
22.2133
23.8126
30.9262
4.21929
22.6313
13.9263
18.4411
33.68
52.2332
24.9128
16.7892
12.3942
33.0921
13.1504
7.54188
12.2109
25.6752
10.4978
58.0232
5.56074
7.62822
34.2551
44.5936
46.0132
23.3349
10.7205
28.786
46.961
18.7192
26.1868
23.5751
14.5479
9.79649
18.2152
13.0933
42.7083
23.044
5.89391
32.2895
19.2718
58.7168
10.1495
21.5491
71.7184
16.1618
65.3616
60.7786
15.1203
23.838
30.3231
15.6683
33.7263
53.2339
9.9294
16.4415
9.57015
17.542
27.5674
57.1102
18.0083
8.54462
10.3882
15.5689
31.1642
11.4713
17.2543
6.35676
20.6458
31.798
12.9861
16.7712
31.7286
14.0128
17.6356
76.2904
38.271
32.6253
25.3272
66.1065
15.8304
24.4064
44.4882
13.7461
26.7211
22.9963
24.3497
8.61692
32.7189
11.4709
12.5685
24.2782
12.164
59.5079
27.1106
20.1073
32.9905
42.9622
56.9882
33.1032
41.4537
30.8231
16.2994
13.7424
11.3047
8.80777
39.2446
35.0684
31.9297
39.7066
37.3023
14.8927
10.4707
13.4287
18.8886
8.57492
18.0761
27.8527
7.70469
21.8835
16.9847
34.8106
25.0351
34.9833
12.5224
40.426
36.9299
25.3412
64.484
4.29902
12.3317
15.6665
26.0438
12.5569
12.2815
18.9555
31.985
24.3063
47.8502
34.8007
16.4153
28.1831
31.2722
36.932
21.6192
29.6877
24.8909
45.6634
16.8462
26.4601
21.8486
41.832
9.82592
4.83097
24.6994
24.9951
15.152
49.3205
23.167
27.8376
14.0067
29.8336
13.245
21.3001
43.6444
17.1779
37.5472
10.2573
22.8277
8.90911
59.4194
15.0876
51.67
39.1094
35.21
46.4898
15.4027
18.007
31.7851
22.521
32.7321
47.2489
27.6059
17.1868
16.0862
24.7281
38.1818
21.0074
30.5533
10.1037
10.269
39.8542
24.5561
15.1046
22.792
8.89592
7.78042
43.5378
45.2542
12.1521
7.92197
36.4318
31.5083
27.9796
17.3477
14.7525
28.7131
28.4694
6.33578
26.7812
8.49155
52.075
8.98893
10.0376
12.503
16.5293
21.6971
33.128
31.7617
11.8773
56.2336
66.6342
12.8611
11.4419
51.3787
24.228
46.2109
20.2248
22.4353
35.9314
52.664
27.2312
42.6426
43.5476
34.6993
12.5011
21.1769
40.6573
26.4525
16.9906
56.4182
24.4863
35.7545
37.9012
31.4538
40.3008
19.2597
12.8477
13.1909
16.3112
14.0361
31.93
44.3934
33.5949
20.6049
7.17047
16.4069
17.5326
22.2845
41.3433
26.3289
117.799
24.6355
53.7172
21.3131
27.9011
19.236
16.2538
22.4735
15.2889
50.9042
55.5518
36.6273
30.3402
21.0432
42.6298
40.7655
33.8147
45.6414
31.0515
26.344
47.6185
28.3258
47.3151
33.1456
40.3606
32.7485
48.8277
11.6432
75.2185
38.7338
18.9447
62.1126
6.48226
8.90075
27.4116
34.9375
18.5921
28.5091
32.874
19.4829
29.9731
9.23941
70.5022
64.3813
13.7749
23.2941
16.6074
16.9135
23.3756
18.6358
8.06888
17.983
65.318
18.7407
12.1334
9.06443
6.43356
9.65593
9.60264
37.5075
25.0775
19.0908
16.9739
29.081
8.18653
40.7419
57.1316
23.9982
26.412
56.0158
36.7472
9.20456
17.5485
8.17391
27.6942
31.7295
16.9434
12.5618
36.4888
19.5445
6.86994
11.6872
7.73581
25.2344
17.5262
43.2313
13.3213
21.8232
27.4957
17.8012
14.5835
24.3562
26.2722
10.0173
21.3053
26.7265
13.0561
19.9827
13.4226
29.9829
36.7028
35.7618
25.3551
29.7268
33.2384
33.3109
21.4735
67.4477
7.09063
20.3665
11.8912
38.537
28.0531
21.0937
69.9969
22.9713
20.9205
183.878
37.7703
18.9536
18.2998
17.3768
9.05117
21.9969
40.0254
8.11
26.7848
35.853
34.8345
17.0035
107.673
45.1894
73.0281
20.5876
38.1271
19.6858
8.17353
30.8899
42.8912
39.3245
9.11149
26.7377
23.8153
30.9271
17.6091
48.8627
17.5441
8.23817
10.0076
5.81064
14.5267
35.1159
24.6502
15.8307
4.6322
34.0588
13.529
71.9048
149.573
29.3208
9.75485
19.4034
39.9443
13.0594
19.4498
40.2147
21.7917
44.0601
25.7791
37.0389
12.8603
13.8835
35.368
19.8389
57.1191
14.2079
12.5317
10.8729
13.9981
10.4554
28.6505
24.9355
11.668
89.6311
32.1741
26.8785
20.5253
31.6094
9.48505
23.1725
59.1602
22.064
9.59677
21.8054
8.46292
49.2657
27.2409
39.3915
20.8455
16.6182
9.61209
8.77587
26.7697
13.2286
38.6135
22.7794
20.4013
10.2335
15.8808
25.8411
6.71792
41.9445
26.5587
16.0541
19.6584
18.9983
33.2259
15.0184
9.06305
24.5127
25.1349
19.203
53.1433
29.8133
54.0637
25.7692
10.2211
124.402
18.8958
40.5395
41.6977
32.3573
13.4067
15.0033
54.8372
25.0123
7.80367
20.2772
60.9584
15.898
11.2752
11.6865
50.2544
51.5882
19.7501
14.1206
29.3882
10.531
3.75759
10.3687
34.1365
14.565
32.1569
20.2242
16.8298
49.3947
14.032
29.8055
16.4657
18.5739
23.2034
50.1318
48.5904
35.3862
44.5667
4.69785
18.829
19.5262
31.9861
30.0593
9.34454
15.6648
15.9409
14.2441
21.7712
15.6526
7.3787
38.8217
23.3043
21.1791
29.3856
29.6895
5.99686
28.6543
20.6076
8.55397
24.0069
17.2128
21.4725
47.799
33.4069
24.0943
47.9079
24.7415
19.9953
7.79626
33.0387
52.8763
16.6965
12.6659
9.56733
11.3239
20.3803
15.0709
16.855
27.2104
8.54965
24.0341
19.3591
18.9079
29.4246
21.9401
20.0453
58.6907
10.3455
71.7359
45.1015
29.0167
15.9696
33.3045
47.9021
15.6147
12.9411
33.8177
9.08421
5.87896
21.1788
26.63
66.7419
16.664
21.5376
30.9601
30.8644
17.3592
33.9613
22.6679
18.7584
26.7102
18.054
12.8019
21.7927
23.5692
13.2342
26.6931
41.9188
14.1954
52.1647
17.3059
10.36
11.3412
22.6751
22.5352
11.432
44.7306
11.2453
16.3377
27.5271
22.7903
13.9273
16.2183
12.5853
55.5114
10.1162
11.0722
58.2161
12.2462
11.9273
60.4172
18.9579
15.3416
19.6452
38.6311
14.8651
13.7596
17.2467
31.7811
45.6284
39.8112
19.6755
9.00924
15.22
21.2503
29.2814
22.1437
19.7544
8.8612
8.12635
11.8455
28.9685
33.2312
7.3757
22.2555
7.99527
18.8515
25.221
8.4475
15.1953
14.0641
6.19392
14.1792
27.9016
33.0469
35.8147
30.8472
31.159
18.9593
29.7292
16.0375
23.743
34.8092
17.8882
12.8839
8.37837
62.2833
16.7104
25.3146
10.9007
12.3733
18.4124
13.1647
12.6194
7.71282
13.462
30.7066
41.2468
28.5126
48.4735
19.6377
35.2791
23.8437
27.6486
30.3413
28.2397
16.065
32.8713
20.1495
19.9014
13.7203
24.2943
36.801
7.35278
5.6602
13.555
13.5852
107.554
14.6675
57.3501
35.1021
20.7548
20.3087
27.4672
7.63851
28.5343
15.0866
17.2053
9.11068
17.1436
23.0654
11.7462
41.43
10.7778
71.6322
9.66967
49.261
15.8351
18.0303
20.9902
21.1496
30.0262
46.4958
58.481
16.5312
12.8845
18.1924
23.1061
15.7571
9.68508
12.8875
32.7892
26.8575
42.7674
35.3731
10.5845
31.4564
30.5886
21.7785
53.5934
5.74621
29.858
23.0424
53.8607
8.57072
85.3894
8.04619
17.6198
8.06631
6.53154
9.25754
36.8875
45.1147
50.6638
20.2882
5.33194
45.1958
13.3188
22.3851
28.0484
21.9594
16.2586
21.6339
7.86178
30.737
22.2375
52.0953
18.7395
21.8679
22.6288
27.4843
43.8457
18.132
24.3373
8.73041
30.9974
7.81777
41.4154
28.7308
25.4867
19.0925
63.7302
76.832
15.3871
31.671
34.1993
18.4243
14.6769
10.273
20.7948
26.8315
28.7549
32.3901
12.7193
10.9413
9.85726
20.2141
52.9921
37.605
74.8036
21.1013
28.2081
25.4166
24.7828
15.8355
13.1479
38.5009
18.8592
20.4348
13.8942
20.5963
30.2753
18.032
48.0026
11.8899
12.2306
35.0942
14.5218
10.2754
15.9004
10.5143
40.0016
24.8979
18.7025
34.0896
8.20383
50.7695
15.9866
19.1074
35.3979
17.5504
17.5254
40.3915
21.1227
54.5273
70.2398
19.0888
23.2604
25.5547
20.8526
33.8378
6.15838
19.0711
33.8142
33.1916
49.8994
21.5049
8.29236
24.9041
52.9955
10.5587
61.3597
12.6158
38.6818
29.1124
17.7023
52.6297
22.9278
11.8568
45.4897
27.384
12.2082
8.86716
14.0366
18.2596
46.2474
13.8918
11.4892
7.83894
32.6259
21.3914
15.0685
17.6228
69.8492
17.0559
32.7095
5.79079
13.7182
47.337
15.8834
7.92906
12.5384
59.9982
31.668
53.7231
23.9396
6.26946
31.3358
83.8451
6.93758
93.0512
25.154
36.386
24.4479
4.71419
60.4482
20.7991
24.5547
17.6975
21.6458
28.2862
6.65069
56.0195
13.1748
41.8599
20.4644
7.15745
23.311
12.3644
11.1907
13.8802
21.0355
12.4956
68.3627
14.632
25.3828
7.92686
21.5562
21.2303
37.9841
21.4449
22.2641
8.39016
18.6406
8.69242
15.6262
13.5913
10.7184
29.7203
35.4378
80.6305
12.3063
12.0129
10.969
5.77047
15.1448
8.37648
18.4937
22.7851
29.476
21.9783
4.7948
7.733
36.0386
7.22295
36.2499
14.8087
6.70198
19.6513
8.68113
18.1872
11.4621
7.96936
10.1511
11.9631
29.9557
24.8705
32.2821
21.926
40.3537
17.3414
28.761
27.9833
13.4355
100.029
23.7287
19.3825
33.8102
67.2395
59.0073
35.5282
35.4852
15.9165
29.7185
15.3277
25.1773
24.6495
11.4082
52.9537
33.1884
17.6148
23.3597
26.9257
30.3563
36.6712
20.3672
36.3013
20.2578
27.0604
16.2499
45.6751
33.3214
17.4481
21.3311
14.0086
15.1024
37.1535
20.1468
33.1985
24.3188
15.9
17.393
53.3034
43.8054
22.9262
9.65845
24.2346
12.0831
21.5362
19.8275
32.6959
29.562
20.7379
14.4896
84.7538
23.8391
25.9072
16.4916
11.8298
56.4697
5.34417
26.9157
18.3297
25.0472
25.723
4.32058
34.3883
20.9264
32.1673
33.9638
25.0554
17.4667
64.16
19.2819
69.7196
26.7683
13.1647
28.3354
23.5844
14.5785
42.303
3.6566
11.9279
49.619
26.5455
29.7703
13.8551
28.7285
21.8549
30.6502
48.566
9.70468
9.76525
14.7102
27.421
24.9953
26.5603
8.9075
5.90092
15.5465
22.3092
21.4356
18.5806
28.1928
66.5546
31.8272
14.2946
38.2322
19.8473
23.0335
16.3797
19.7805
43.9317
22.785
16.5237
28.9332
37.0342
14.4138
9.22751
12.9117
29.6207
14.3779
22.0193
14.8112
48.6302
38.0871
13.3229
37.8869
27.6102
31.2454
8.12619
58.3702
16.7934
19.888
12.6139
18.0816
19.5252
15.8272
33.9918
65.9741
12.0358
8.95519
22.5524
29.318
18.1566
17.7916
11.7612
14.1761
11.5245
13.218
27.2973
53.2103
13.2196
22.6849
23.8728
47.1554
22.8926
15.8215
20.9215
12.9346
22.4194
14.3174
14.1753
8.08878
68.935
20.1605
34.4823
13.4476
16.8662
12.465
27.3637
12.4482
30.2132
17.2604
20.804
36.0973
31.1645
13.6371
52.7806
13.621
86.9015
10.6587
54.1428
11.1833
7.72573
33.6948
11.3677
14.9644
28.2673
32.8114
61.5886
9.08525
17.6044
12.1169
51.2418
28.0421
24.5041
28.5064
17.0025
5.8634
13.46
25.8811
36.2382
32.8527
35.6432
9.81889
20.1202
22.7026
17.2559
19.1142
25.8943
29.296
26.664
17.6318
15.7106
60.7364
8.68772
6.53256
23.849
8.56413
4.40723
10.843
29.5261
45.1866
12.3058
26.0047
11.6991
27.0294
11.6393
33.6681
53.5333
31.0394
22.7321
6.73036
36.5397
13.674
15.9828
12.997
7.67577
85.2438
53.3562
14.9688
19.6896
45.8973
15.6898
30.5845
44.0856
29.983
39.9907
38.1184
24.0231
40.3083
26.283
150.354
15.4168
12.8893
26.1281
45.1409
21.0207
20.7028
23.2492
11.2879
35.9027
5.77469
12.7486
43.0863
35.7139
9.51987
45.1616
8.03089
55.2479
8.99316
39.0662
7.76105
40.9226
15.4916
36.36
89.2887
17.357
40.3394
20.6645
22.4941
33.099
49.4237
31.0831
16.12
37.9761
11.7835
20.0126
16.0092
85.4022
52.8707
60.2293
18.3457
11.0754
31.4842
37.699
22.757
52.7538
22.4662
37.2439
20.9846
16.6792
12.2446
6.70852
10.8379
31.5926
12.2885
15.9306
22.1345
82.9865
26.5022
11.7401
13.1899
25.5251
6.41502
40.4114
18.3352
36.4983
70.8667
24.8204
47.4362
18.0915
16.2691
12.077
38.7888
19.1899
44.6621
50.6747
17.8416
15.6487
12.7247
21.6901
28.0886
40.4604
21.702
27.5455
26.8138
17.6288
21.5529
28.7837
58.7054
18.8481
46.9339
35.8945
7.41022
35.199
12.1036
14.1926
58.4589
47.4361
33.1182
18.0647
9.33937
57.4565
15.1521
20.5278
26.1349
8.76587
112.546
17.0476
60.8443
79.0066
33.8784
12.4847
6.0784
15.967
50.1266
20.9656
26.9476
11.9468
14.5327
14.1237
35.253
22.1235
33.3304
19.141
15.0871
11.7666
38.4718
35.1886
15.8616
19.6624
18.1166
22.1246
22.9235
43.5964
21.9465
18.7435
12.9913
23.0134
11.4311
32.5645
13.9866
31.5848
9.75982
28.8851
18.4552
59.4606
51.7881
35.876
21.811
15.2818
31.4434
11.4665
20.8049
26.408
62.7352
39.3788
9.5089
103.443
90.9841
16.2873
20.1026
13.1401
32.8035
22.985
22.4164
63.8586
28.2592
43.3752
16.1772
25.1869
38.8008
16.2305
26.263
13.7362
9.79037
26.5642
44.4823
62.11
11.1896
15.46
57.8115
14.3842
31.2812
28.38
45.1997
4.72073
9.46826
29.6272
7.21605
12.2045
26.1964
52.757
37.9773
21.1458
57.6836
9.75409
7.86035
16.9911
25.4516
8.71522
14.1692
30.6149
19.2364
4.71784
18.7419
14.284
41.3318
23.183
46.8494
8.90283
46.7278
22.0986
23.1722
38.8227
9.58565
14.3758
8.11469
27.6109
9.12923
7.56607
14.7995
24.2521
73.3741
12.1769
36.2151
16.0103
55.2443
69.4732
10.3853
14.7139
41.6001
13.5099
66.9124
31.5985
55.5246
14.2435
18.7912
67.2199
46.9193
31.9762
35.2998
25.4482
17.759
58.6729
4.11581
13.4618
19.4035
14.0579
18.7095
25.4205
58.6854
47.595
30.0223
6.23914
28.7072
61.9081
20.958
30.0664
11.4101
9.92501
79.9272
22.2992
26.0511
30.0422
38.3422
48.2902
9.78144
21.9399
22.9396
50.8818
12.2549
20.4756
6.51417
29.7438
15.7474
7.59529
20.3368
43.4078
24.2907
15.314
37.2868
44.8343
25.2368
20.4316
18.661
36.1298
30.2862
16.9544
55.7812
15.1653
2.62522
48.5758
16.8474
14.6883
63.7137
9.25905
19.2401
15.9494
30.6417
41.8036
35.7596
24.3255
7.06435
56.5415
48.836
7.28095
33.719
6.78727
22.8467
29.1686
12.6794
49.7661
11.5057
42.3451
45.2702
21.7958
20.6717
13.6918
60.307
45.1479
16.1011
39.9764
13.8961
45.7224
7.59395
38.3167
14.8544
4.76695
27.0939
58.3469
32.7382
18.4437
36.228
6.68117
23.8152
14.602
11.5458
19.4407
12.0957
20.6199
11.0103
13.0968
28.3774
28.3789
16.2585
37.5847
13.8335
28.1002
14.1047
18.0043
24.5585
23.8072
22.192
20.1424
53.0922
33.6494
23.9234
50.8075
55.6469
7.11187
9.02733
23.9641
12.089
6.51789
57.6072
36.9763
12.9252
20.167
8.97862
38.5591
7.71456
26.2277
44.8205
28.7061
65.8824
69.3676
20.9491
7.42217
32.4334
41.3721
8.49839
17.5337
24.7775
30.3079
21.0189
11.3898
17.0643
11.6746
90.7112
63.6145
18.7244
20.7769
30.3985
9.75784
16.7099
45.9303
5.71546
12.4403
57.1483
13.8884
37.9674
46.7467
16.6391
9.81494
11.4695
22.0741
34.9589
76.2808
10.9135
25.1319
19.0585
18.8769
20.2262
34.0577
26.2881
29.6176
12.3161
15.6734
40.0667
15.4737
15.3523
33.9659
8.46686
42.5492
16.3312
17.4915
13.8588
27.6082
99.9742
15.6339
11.6153
44.5881
58.737
32.6644
26.9845
23.1766
42.3336
37.8403
14.597
14.7945
15.3193
15.8535
12.1489
27.2109
11.6679
26.0697
22.4514
41.7007
76.9618
32.9712
23.0515
27.959
24.7935
44.7736
16.2921
63.3449
25.6015
10.0176
40.0512
16.73
19.9373
4.59003
9.46611
32.6509
8.33479
6.73608
7.30681
44.1054
79.2718
59.5773
16.1587
20.1711
40.4617
8.26734
9.70011
13.3452
34.624
24.146
32.1941
17.4933
48.1396
56.1939
34.5534
41.2113
19.062
19.5614
5.37746
34.1357
9.60214
69.0579
24.9455
17.1792
30.5438
16.0121
59.4512
46.4375
6.28169
17.8462
4.52776
39.4195
74.9788
14.3916
28.205
42.7875
19.4445
6.8921
34.2057
18.5731
23.4797
26.4569
40.6198
15.7773
25.4998
49.4585
32.6009
9.3114
16.9906
12.426
21.0703
10.7104
54.0243
42.2691
21.579
59.0842
9.12903
20.6511
10.4181
18.6445
5.78817
29.7509
43.7612
24.8251
14.4827
69.8888
31.1857
9.16376
24.4429
13.8666
37.3112
26.1621
30.6169
19.6154
31.7547
32.8225
16.9867
22.0768
29.4798
15.6118
7.62441
12.2619
35.3129
8.21035
22.9552
11.2288
35.5064
40.6643
23.5449
34.7152
13.9414
28.5408
20.3507
33.628
14.8784
43.7438
18.5755
23.1122
25.5506
17.2335
27.2817
11.4781
48.0294
21.7787
38.5983
9.77566
21.5599
12.0844
48.1011
14.8018
13.114
6.774
12.9475
28.0699
27.4749
22.6178
9.72258
18.1919
68.4586
14.8213
25.5579
8.30626
17.2456
34.9739
14.1551
9.2232
58.6024
56.949
28.1552
9.83392
20.0322
18.2964
49.4996
39.8266
66.9289
23.567
73.0398
112.913
51.6521
9.9081
7.86107
33.2011
66.3643
21.4896
41.2603
69.4893
57.6784
21.4866
39.791
15.0338
23.5945
28.2119
33.8406
13.7923
40.5387
31.9999
27.0171
21.2241
10.2632
20.4708
26.2211
68.3166
18.3078
9.04311
19.7603
17.0667
29.335
33.6736
33.5712
12.4115
13.4827
25.8818
17.224
13.6292
19.4477
22.441
7.22464
29.8111
19.4435
5.66663
39.1766
11.6052
38.7039
13.6016
42.174
13.1841
24.2525
8.18337
9.96898
19.6425
44.6587
27.046
33.7082
16.9664
36.585
39.0747
79.2256
25.9684
18.5146
18.3057
60.6581
19.5896
58.1942
19.8134
32.019
31.4483
15.3114
17.486
24.3435
21.2578
11.8325
12.4885
13.3489
17.1302
12.0203
8.36605
20.5836
33.3032
15.8574
11.9064
16.9243
26.9691
36.8651
26.1419
6.70132
19.1488
23.5683
37.1275
45.6418
44.0622
16.9243
14.0058
18.3466
29.2489
6.39687
78.465
10.3148
29.7517
85.2354
26.156
8.23651
19.3779
10.7827
49.5924
21.4085
18.1938
15.7914
34.6937
67.0339
19.3466
15.9862
63.5968
26.288
26.7463
49.6399
61.0332
37.1477
22.0191
53.5112
6.79239
13.6725
49.376
16.3579
49.4216
14.515
16.933
19.976
63.4157
40.7229
23.3478
64.6029
34.8502
11.914
36.4006
21.7925
33.9901
26.7092
11.6546
8.78521
58.8036
22.9669
11.3357
14.0823
10.317
25.1707
8.68065
27.0111
12.7845
33.6343
39.1042
52.4533
26.8392
60.7713
16.7175
25.5537
33.0042
15.8883
33.9341
22.1605
16.7272
24.4392
44.4457
12.3575
13.6104
10.8868
18.9195
32.8049
24.3796
34.1276
56.0242
22.7539
17.5331
46.2985
15.9211
24.422
8.74934
10.2739
16.5053
27.6941
19.7598
19.145
15.9189
34.7752
21.8888
68.9873
18.0468
35.5809
12.5545
38.2147
31.4718
18.5426
15.7692
33.8793
15.4982
15.2798
38.5868
30.1122
38.5218
15.9089
18.8247
41.3978
33.894
55.2601
36.9691
12.0144
33.8912
18.1127
46.3252
17.2628
38.6321
20.1791
7.95534
9.15666
7.43434
80.6955
27.4991
12.2214
22.0356
27.5897
7.81282
31.8225
49.9109
36.7299
13.1356
16.1538
12.6018
24.0729
18.0691
9.38737
17.1968
9.31
32.0494
22.5294
35.7203
46.5786
7.09774
13.6618
28.2936
16.5076
13.6297
18.1831
67.9555
16.23
10.1607
25.4504
18.7603
14.4723
18.4897
46.4186
30.8713
13.7251
14.2963
13.3222
21.4238
19.0596
14.0245
40.9423
54.2017
20.812
19.965
6.71319
37.9191
8.34996
50.8384
27.5155
9.30028
41.5285
7.75907
14.4032
21.3716
4.11144
28.7439
18.9261
12.8128
24.8678
14.7718
7.96418
38.1658
22.0483
15.3542
14.8734
23.8183
91.897
6.97688
29.5982
29.3823
25.8307
24.9903
14.0805
32.4021
62.5319
15.4053
10.9475
26.3087
31.1011
10.2374
7.68306
14.0645
30.0066
29.465
30.7546
50.5785
35.7991
8.66525
20.1318
13.4578
11.3194
23.7023
11.5661
19.9146
11.3586
8.73792
17.7472
10.9386
27.7124
30.0158
43.6157
42.8794
12.4314
38.3172
20.1969
24.8493
33.7277
19.799
21.3471
26.3265
20.3333
14.9253
29.3703
61.4903
57.1328
16.6191
24.3733
16.7956
47.323
14.4204
27.1257
12.1922
19.9188
16.6728
41.9023
27.0649
24.5113
5.37309
94.8652
14.7801
74.2321
33.0539
9.81745
20.3266
49.8695
11.6303
24.4006
47.8953
37.309
13.0655
30.278
14.5648
15.4601
22.4718
23.0699
29.1977
29.1339
12.4219
31.6683
30.708
8.59486
13.2741
11.0332
13.9048
43.2843
18.6887
24.4682
14.4106
23.8133
47.0879
15.7073
28.1754
16.1925
10.4234
9.45043
49.9719
29.2711
38.7476
12.2593
66.1003
16.2015
20.224
109.213
12.4326
12.7343
28.5112
43.2392
16.7741
6.49759
7.88646
24.1358
11.2939
83.4588
111.142
81.821
41.8265
28.7782
33.1005
24.3618
63.708
32.1866
87.5962
29.4583
43.4598
34.0923
34.9574
20.875
25.0511
22.8142
16.8313
70.6696
44.62
11.1316
24.3763
15.4271
33.3036
39.5756
28.5878
42.5604
8.85868
19.2216
15.8897
9.62367
68.236
4.4579
6.16541
50.4992
11.4429
39.2588
18.6159
34.775
24.205
97.7532
44.3446
25.8697
14.5989
42.4943
12.0741
62.0738
28.3907
17.6381
15.6144
28.7795
12.183
16.7084
16.786
16.0327
4.96502
8.96754
7.51173
65.7346
16.1409
26.767
33.1227
12.5636
24.2006
13.8908
31.1857
29.7481
33.8633
14.2764
42.0162
8.09182
7.29502
20.2688
66.1725
9.3288
46.1937
37.5125
8.20789
9.73236
25.3578
22.7772
16.07
37.858
23.0271
36.6501
22.5745
11.1917
36.9787
26.5996
27.3201
11.9403
19.2377
19.5487
29.9333
18.3438
19.933
18.5004
31.5284
48.6075
25.5586
8.89414
28.7673
20.2255
9.59921
12.1753
28.8415
25.4408
7.97063
73.4161
10.0033
12.6923
21.9072
7.09268
34.8789
16.0738
9.69999
14.3863
24.3504
13.1401
15.4347
20.2716
41.3401
40.8903
32.4555
14.1004
9.96357
15.2258
12.4241
47.1384
8.3311
40.5477
29.4826
58.4122
10.4646
22.5302
34.7118
14.3002
19.5252
18.2986
23.6974
17.7713
14.0795
22.4783
38.8522
29.0695
37.8472
14.9884
16.1297
28.0218
9.2349
11.1204
14.0367
25.5244
15.1951
20.3464
17.4094
14.5484
28.202
7.69161
46.2186
43.5137
16.3456
18.1245
65.2376
28.3424
47.523
48.5052
27.5355
35.6393
10.8166
48.4822
7.38698
18.7737
10.4667
37.6232
15.8246
32.7349
4.84204
26.9842
21.8087
36.8626
12.8725
30.9
23.75
40.1316
37.0544
17.9534
46.6335
41.0526
95.0148
25.4015
22.3369
30.7234
29.8657
9.36122
14.5746
20.0865
22.6854
27.3682
8.23804
5.01752
42.2059
47.9836
11.6955
13.4861
11.7003
61.4381
64.6212
39.9321
29.6538
6.05788
42.9483
15.0819
34.2702
28.2432
39.1523
15.4726
7.10792
15.8165
5.7333
30.3187
24.4264
29.1484
7.80975
10.6118
14.7165
15.4157
11.3359
23.6374
13.3622
10.1576
12.2198
33.3745
29.7135
21.2328
16.0137
39.5413
31.4101
24.8077
26.7657
29.3467
4.13588
39.4994
13.3761
16.8281
15.0183
33.9308
16.2584
13.0268
42.1704
42.0759
52.5907
12.0355
25.4101
25.3379
22.9666
28.9498
35.066
16.6179
19.0414
10.4463
68.587
43.1849
38.6565
44.7475
24.3947
17.1132
87.1696
21.3566
46.639
22.4723
23.1299
66.1121
13.4434
38.6522
16.4009
55.8538
21.3298
24.8149
16.2561
32.5848
18.5996
12.477
58.9629
13.9862
16.6458
16.5472
9.11929
14.9587
21.0554
48.6566
17.5121
24.2376
14.9125
12.6113
5.40076
8.38485
25.4155
15.7762
46.7362
12.7693
11.5318
15.5613
8.78328
25.0857
27.3783
37.3668
33.9903
40.0277
34.8021
18.6281
18.6782
34.6084
15.8679
21.7052
33.3139
37.0573
38.7989
23.5014
10.1714
75.7515
13.9055
12.3027
9.43299
72.3635
9.65161
22.4407
14.1115
52.7935
5.06876
26.0436
10.0101
34.5459
7.25784
34.4786
25.8559
5.85363
37.4822
13.2232
17.7267
8.96473
115.149
11.3561
31.4002
37.3991
8.87537
17.6629
26.4827
15.8153
34.5329
10.8243
17.7221
19.9352
16.9316
17.5003
16.3723
10.4487
8.07339
26.9715
12.3278
9.41663
55.0798
10.9253
53.0793
14.7218
11.2323
23.6793
27.7131
15.3358
59.5051
33.5737
7.44947
10.6167
28.9774
27.1227
29.8622
9.43188
51.4732
5.42572
13.5758
40.3349
15.0881
21.1987
16.3214
12.8573
53.4288
18.2195
33.7173
24.2998
21.8979
13.5945
26.4963
16.4714
18.3433
20.1504
43.2973
12.3014
67.0274
40.3698
66.1652
15.6487
4.76398
23.1409
34.4538
19.8425
17.2298
21.1448
26.2852
26.6772
10.7269
40.1147
7.60221
38.9033
40.2673
38.8829
27.4429
110.02
39.2918
19.8026
30.9561
61.4357
49.1102
11.2586
10.7819
17.7794
14.0526
13.953
6.73213
37.3331
10.0976
68.7776
90.7001
49.2172
20.2281
39.4649
33.4496
43.4093
45.448
26.0322
16.8972
26.6474
14.8635
56.8388
47.6566
16.4479
23.9059
19.1415
11.0502
17.9728
44.3857
54.9867
41.5929
8.23888
63.5781
10.76
10.5721
46.2441
27.4013
30.0756
12.8604
46.0371
15.5258
13.6141
16.9246
36.6851
7.55135
18.249
15.0172
54.9709
24.3928
53.4217
20.4907
44.9906
26.1596
18.7304
19.4328
19.2172
7.75923
52.2231
25.0614
33.1548
44.8475
17.2501
10.1785
38.7758
95.7025
29.1847
47.1794
42.3963
18.0038
25.4191
15.2184
36.4636
55.3568
25.927
11.2465
44.656
104.972
20.0433
38.8196
61.5761
13.8706
12.6568
50.7859
44.8868
21.1498
53.8222
9.34267
20.375
28.3409
15.5652
12.5794
21.6423
10.2051
36.0113
38.5841
47.8816
12.6108
5.19906
19.6969
14.0996
35.4399
33.8498
66.3823
7.17146
37.3331
8.70897
15.824
52.208
23.146
38.298
15.7506
30.7978
29.632
7.87639
30.576
33.9388
15.4941
39.8344
17.2668
47.9694
10.7012
86.0857
29.3882
33.4984
23.047
40.7976
24.4205
32.9338
12.9242
14.5017
27.5045
5.88061
24.1385
28.0888
10.8111
36.894
27.5677
5.95669
61.3921
54.839
37.2755
35.0806
34.6119
22.3198
15.8909
69.0025
6.59969
38.3308
44.8213
12.0918
5.31047
20.6512
85.1876
15.1905
32.6025
24.7386
10.8968
48.0048
102.568
26.3664
10.2177
15.9752
86.3882
25.6319
13.6846
38.2114
16.2898
32.7491
15.191
35.5773
20.8954
21.6411
19.9485
34.5479
26.835
10.1508
28.9134
21.812
18.1124
58.7711
8.55224
31.4006
26.3353
52.0715
7.99337
20.5577
58.8212
15.969
37.6121
40.8258
33.237
24.355
42.963
35.9756
6.89379
21.2133
26.2421
42.5206
26.212
24.1733
21.9666
6.05141
15.7947
33.3292
10.3052
5.84413
33.0925
21.3318
7.39737
7.3678
20.4541
11.8422
22.7944
7.25212
30.4989
6.76843
16.5852
17.5974
13.6022
11.9758
6.75854
6.61947
10.2825
29.0657
7.57025
9.12149
5.8741
9.42627
93.0763
7.86708
10.3619
4.41491
37.3579
44.2203
21.8473
50.1811
16.2838
10.5416
19.3823
14.241
20.3147
11.6488
23.9225
8.36068
37.9965
22.5115
51.2743
15.1066
4.43682
5.17896
10.7161
39.9097
17.6897
12.5055
14.9149
19.3899
51.969
23.3908
19.2478
12.9962
21.67
15.7459
70.6098
15.1528
30.6556
24.382
21.2989
21.3126
55.6625
22.6422
55.7505
9.97113
19.4001
48.9219
13.6096
61.7903
13.449
12.3599
27.7317
35.1022
11.7998
25.3485
20.9287
32.0802
55.1959
21.6022
27.2611
33.4309
8.56359
15.1489
21.4128
14.7148
7.41266
6.98201
16.7421
28.0251
11.0585
27.9114
27.8038
21.9999
18.5324
21.7474
11.8431
65.6999
49.4451
19.2574
9.31646
8.5617
8.84515
11.6791
6.92445
21.2278
20.3357
36.3647
32.6199
14.5876
43.4053
6.31137
21.1673
22.3129
48.4059
19.2568
11.9025
14.8478
21.7933
25.8243
4.54744
8.91707
34.5188
28.6115
23.3889
5.81455
24.4815
25.2305
11.0814
39.0877
24.1967
11.1775
32.2686
6.39764
42.2146
30.481
15.8035
11.8388
9.24016
11.5834
21.1757
31.8703
8.62395
24.3352
19.9787
27.2555
27.0843
24.4059
15.8478
63.402
62.2183
18.9937
8.83265
80.1828
12.8916
14.3881
10.437
9.99335
13.0216
63.8034
9.15136
44.1095
32.6881
56.1547
17.3381
44.3686
11.0858
13.683
6.41528
29.1167
24.3067
10.9581
16.3822
6.55615
31.3722
26.8048
22.2717
11.2123
19.545
20.3148
26.3936
9.90514
8.59792
19.26
36.357
27.0818
15.3528
24.3517
51.0195
38.805
18.2857
11.7208
25.2342
32.131
8.95867
33.3168
88.1923
15.936
27.3624
13.3661
56.0626
25.984
43.8924
22.4925
11.0244
10.9741
37.939
20.2682
15.8396
38.1708
40.2364
19.4491
16.9992
18.6625
19.1826
12.9271
14.6626
11.4409
29.262
45.5821
27.7801
18.9247
17.6071
11.4584
85.1479
15.9688
83.8003
31.3794
47.9658
22.2166
74.7423
10.3734
20.4641
10.5878
15.2491
28.1954
59.5485
49.6015
29.2818
15.8011
28.9413
30.9423
57.6921
23.1611
46.9606
14.1265
24.9439
26.4288
23.3521
10.4602
45.1044
14.5874
12.0691
24.9032
22.5789
15.7285
15.5068
18.6569
8.51256
7.98593
17.6752
21.1362
16.4494
31.6634
24.2879
20.0501
25.9551
102.217
22.682
23.6483
20.4071
23.6636
19.872
9.17752
13.9245
83.0483
24.3623
6.62888
51.0478
9.50641
19.8879
8.35692
24.4106
8.59621
10.9967
72.1978
60.8646
16.5964
31.3365
30.0837
9.01145
16.1627
10.3929
16.7867
20.9943
24.9383
43.5994
30.6218
23.1728
45.1926
30.2884
30.9578
11.0088
16.2318
35.0265
12.6793
7.3122
25.5969
33.9307
28.3814
27.749
14.3159
59.1272
38.6272
23.472
20.5666
21.0182
19.9079
54.8945
35.922
30.6886
27.3211
31.9007
63.7768
51.7288
23.8541
13.0571
30.0702
7.36507
38.7053
57.5555
22.361
13.2588
37.0933
50.8615
32.3143
23.8677
12.0372
31.8699
15.0377
41.9921
92.5725
27.4346
8.71946
16.4395
11.6354
28.0967
5.36024
6.75489
26.3764
8.77746
36.087
22.3945
14.7323
70.2754
52.5111
6.97519
20.5939
24.144
46.8959
23.0939
11.4989
16.8903
26.4986
13.4998
49.6711
21.3452
24.0672
9.72066
42.3773
17.9282
6.53846
29.1898
28.8071
16.0921
8.78972
38.3244
27.0183
9.06957
6.7171
10.951
91.7982
18.3511
22.3301
13.1174
19.4405
35.3965
15.6935
6.22975
42.2362
34.5021
16.4934
17.827
21.3083
26.2389
3.2077
10.0599
15.2754
12.0339
10.4044
23.7098
16.6966
8.61373
9.70005
12.4384
15.7169
91.0533
43.4416
40.9341
16.2641
23.6664
37.8437
23.2605
16.4343
29.5233
12.3035
30.3874
110.875
36.1665
19.661
14.0478
56.9656
44.9044
22.0505
18.2569
38.504
17.2558
20.9704
14.4578
29.6024
7.46935
29.4572
4.28107
30.4623
7.00252
4.66408
14.3861
26.7602
22.693
32.3773
82.5177
34.0569
15.9308
8.38086
32.9648
12.6087
26.7437
22.1867
30.8137
47.0921
20.6729
37.4169
17.1325
55.7584
26.9079
41.1403
11.3704
28.6572
11.0514
24.3846
82.3971
15.1856
36.3731
36.9519
25.2716
22.4169
40.7145
54.3128
8.88133
40.758
17.2888
13.3788
32.5879
46.5198
12.4392
33.9433
14.2904
23.1557
23.4943
37.5641
61.9055
21.6861
16.2801
21.8462
15.1392
30.467
17.5541
16.3818
15.0283
45.6997
18.0981
57.0136
20.3487
27.9377
10.117
16.3547
20.311
22.0419
17.4159
37.2792
64.6262
46.5039
19.9058
11.4836
39.1961
9.9686
25.4746
13.7858
27.0811
16.7552
19.0868
14.9247
17.2027
13.352
14.9819
32.8954
49.2842
32.3001
43.9085
10.8288
16.1006
6.07169
50.5332
17.1718
7.6564
33.6476
28.0481
32.7818
52.529
10.1584
27.1681
32.6982
58.7258
23.7375
14.182
40.8243
12.3885
18.1611
12.5263
53.3715
9.76313
40.2812
11.6735
43.5389
11.3753
21.4101
15.7069
9.27559
25.9547
13.2994
88.5374
10.9648
45.0951
33.441
39.8502
15.548
12.4957
16.5892
14.5882
10.8338
24.5677
16.1399
37.1345
12.6221
20.0337
18.2677
20.6392
28.9854
29.7437
22.6602
24.4829
13.7908
7.72544
28.1495
13.7005
16.1509
16.5693
8.93368
42.5533
73.8931
20.3788
15.1018
29.5824
13.0204
14.6472
60.0189
35.7082
15.1602
12.6605
82.0118
25.743
13.3793
35.5632
27.1846
10.9533
7.57423
28.4969
62.0728
34.8728
6.19949
11.3173
19.313
16.131
12.6483
17.1013
12.5663
14.0851
57.3024
65.6963
13.2202
42.617
90.434
21.2626
36.3401
10.7978
11.1046
50.5551
18.2286
14.5284
14.1136
78.9555
6.43341
63.3124
14.3041
27.2403
17.0117
28.5718
32.6788
28.9079
88.6164
25.4428
22.6302
5.66368
24.34
8.11462
29.4308
24.4125
30.7996
51.2039
7.46986
26.9263
20.7369
27.8423
50.9761
23.2303
19.2356
14.8062
15.4044
7.51768
20.0623
5.25618
61.3151
22.5861
17.4092
13.0454
24.9472
26.4362
39.0429
24.9862
31.7347
28.9857
20.9754
11.338
18.7501
31.48
70.7191
20.001
12.7777
41.9598
28.9842
21.3906
47.7431
39.1123
13.1796
56.879
17.9423
46.645
30.0157
21.8448
14.0411
13.1454
31.9029
13.8126
19.1014
30.7987
11.8418
15.9437
13.2337
20.2402
17.0253
41.1879
48.948
11.3537
13.823
16.6096
28.1648
12.4975
34.4811
16.4335
12.0333
14.9879
25.6096
10.7433
22.5264
54.775
16.1565
8.51878
9.86361
11.663
13.3004
18.9233
16.8477
12.736
32.273
21.4545
13.8976
30.5179
15.6505
24.7621
14.838
41.0309
58.6263
18.3488
44.6821
15.1716
24.7024
47.0463
14.3627
10.5366
20.445
48.0336
13.409
8.78989
20.6889
7.60081
20.0291
16.4712
70.1806
13.252
23.9752
12.8075
25.5786
17.4035
19.3324
19.5572
10.8444
76.6433
15.7672
16.9524
18.0531
15.9189
32.5857
18.2558
36.207
33.9542
24.4138
30.0657
19.9744
6.68128
33.8281
16.007
47.6471
9.3605
16.5812
63.0618
43.7859
12.5819
35.5227
16.7626
10.6753
14.6833
45.9693
34.0198
15.9158
16.4827
35.3149
70.3602
42.0226
27.0764
20.0781
21.1196
4.89674
32.3812
6.96988
36.6148
11.1264
10.1636
15.1815
21.8849
23.5887
56.6427
10.5161
23.2678
63.602
51.4886
41.3374
30.0418
18.3383
40.774
26.4446
15.8428
25.4492
13.6927
23.3787
11.8953
34.7302
5.89628
68.9689
10.1314
27.7498
11.3594
17.0212
29.2468
23.7219
11.0269
16.2241
20.9516
75.776
42.7112
22.5903
9.00997
31.1586
20.0042
14.7354
40.8246
15.4785
25.3501
51.5132
21.5748
25.7609
17.9858
6.73609
34.2722
23.9117
34.3474
9.65839
14.4974
32.8426
17.865
10.2449
13.5369
17.9404
27.6965
8.00247
18.7182
19.7324
36.9576
54.0529
41.0537
18.4586
59.2087
29.9434
11.8383
19.966
16.2581
33.1913
54.3425
53.6843
10.7502
19.5544
48.3461
48.0058
23.0479
14.0567
18.7787
19.4526
16.3664
14.8694
26.8373
37.4129
45.3973
8.58782
12.8004
8.17486
20.8541
23.0033
19.0966
26.7353
27.8923
39.1961
9.74822
28.1246
17.306
36.5018
70.7375
28.8987
19.2736
7.48358
40.7784
38.8334
24.1937
8.7895
16.2875
17.3835
32.8374
47.3767
35.9252
16.9917
26.5184
11.4537
38.8291
25.5345
59.4128
23.1387
8.04168
27.1988
29.714
6.00416
12.8413
44.9974
27.2857
24.7424
47.5719
58.4045
80.4198
38.6209
48.9224
8.59989
19.8837
16.3765
60.9681
96.1503
30.1204
24.6595
9.50834
55.211
17.3658
27.4413
35.5548
5.64463
31.6277
10.1091
58.7777
13.7766
21.3629
42.1625
30.2959
13.7611
11.2556
32.3119
15.8281
26.695
37.6588
23.3731
18.2164
22.7429
15.4945
34.6564
34.5114
15.5384
22.9176
60.654
48.5745
11.4729
30.924
3.45777
26.7795
60.6273
32.0546
7.46431
30.5023
55.0972
36.0557
6.93213
45.9094
20.1159
15.6388
11.3407
41.8008
23.1642
12.6377
11.9293
23.2058
6.72392
27.7406
23.0176
15.886
24.1963
18.1363
14.2743
30.2154
48.4543
15.673
8.63445
98.5304
5.04397
47.0785
67.7647
13.6979
23.1082
19.9316
20.8559
14.4362
89.7547
8.26687
41.3723
22.9997
22.1206
17.1377
28.9613
24.9971
13.6794
67.1402
19.8505
10.592
27.4048
13.1161
19.2685
59.3652
11.1835
36.7992
17.6242
27.7762
32.358
33.2574
18.7253
10.6471
16.1075
38.7181
23.2672
11.2365
6.75438
8.55487
3.01607
44.721
16.3321
31.4594
44.3804
15.292
34.4141
18.8617
74.6714
3.98057
24.8336
19.3656
25.3871
8.31446
16.8516
11.8829
25.3126
29.7953
98.6553
22.3501
17.144
46.3964
18.9949
2.14538
32.4013
22.5499
29.0828
40.4264
57.4704
12.825
16.7862
27.5197
23.5512
18.9473
38.3479
33.5156
10.03
14.3338
28.7973
37.0503
9.19384
38.2305
67.9563
22.765
19.8516
14.9331
15.7587
16.0774
17.8055
86.6963
52.8536
33.2962
7.42247
40.7287
8.3184
33.2375
11.1242
25.7479
17.6151
24.2756
16.6675
13.4922
27.8676
19.9803
20.4176
13.8031
18.1298
8.64861
25.4047
7.75961
41.2975
69.7619
39.439
8.9397
52.4072
17.1669
12.834
26.4343
25.2575
25.4336
10.9965
25.0791
11.1581
24.399
23.5384
12.807
16.7145
12.1258
79.1853
12.647
13.6185
70.4613
63.6786
21.5955
59.0268
48.5847
20.6033
31.046
20.1958
13.54
20.0967
24.2908
14.4021
17.088
15.9187
12.0068
21.3456
44.8725
72.1943
29.3809
16.5474
18.3296
20.5737
38.2843
36.7002
33.0178
82.2925
44.3583
11.2156
21.1908
15.0357
18.004
14.7208
22.9478
24.8287
21.668
18.1735
34.4092
15.6709
28.1199
41.1652
7.82589
11.6146
18.5429
9.38834
26.8023
17.767
18.6314
27.9564
24.6059
27.8002
39.4292
15.3554
19.6546
8.74426
12.4484
50.8336
28.291
8.04043
11.5997
34.4368
42.6398
6.17881
20.1491
7.72589
28.6636
15.707
11.6582
55.6884
24.726
31.4018
38.9422
16.2034
45.6596
15.4261
15.4568
29.2213
8.85525
19.8606
17.8816
12.733
13.7691
16.3626
22.1268
87.3692
14.9948
9.53989
43.6871
28.5527
28.0946
12.217
10.6637
44.9636
14.074
27.3679
10.0759
5.3255
18.3096
25.1147
15.5725
13.9676
6.59325
19.343
66.6054
20.1334
13.1194
24.5245
23.272
33.8624
31.7335
9.34055
20.391
49.3243
31.0843
34.5624
70.3131
45.1658
22.2538
18.4025
15.306
21.0028
43.9976
4.8455
19.4146
21.87
71.3517
9.3226
25.4309
93.6477
35.8546
5.80143
12.9
30.6471
41.9871
28.9414
27.1405
26.1833
52.623
41.1966
8.10012
72.4244
38.1015
50.7451
23.8336
16.8127
35.6735
10.714
30.6298
21.5637
26.7932
37.7587
17.703
15.4745
16.3922
23.1976
12.3624
23.1052
39.8505
21.1754
11.4352
13.5276
6.57355
36.0171
55.3164
59.1075
15.6728
16.4286
52.1652
6.3645
44.2275
11.5413
28.155
21.6465
24.4855
34.5216
18.0028
14.768
42.7421
12.3321
23.1905
17.9061
35.38
27.892
43.8076
25.0434
44.7848
48.6603
33.0844
29.3079
37.0525
27.7165
23.1653
10.3468
56.0268
7.08623
30.2068
18.5538
12.7456
21.0395
84.676
13.8816
22.9796
18.2707
6.26193
26.7374
14.0588
42.5581
6.79105
25.2802
63.9082
25.4337
9.99331
17.0474
13.6942
108.286
5.51399
7.26713
12.0996
14.3537
56.0602
29.2627
21.7277
71.6876
15.3235
23.238
12.5266
10.9031
28.4664
24.6998
6.28832
8.17207
10.8895
8.73074
14.1647
44.6499
24.8074
87.5396
42.5367
38.5229
11.1149
8.60788
15.8041
10.6173
12.2848
16.8312
28.7154
18.1026
61.3713
10.7402
9.72613
9.87231
78.7023
14.1033
28.7453
23.9406
8.17956
9.24966
10.9887
21.3511
7.85611
32.5902
10.3573
26.7954
26.596
46.5698
26.5115
8.96944
23.5875
71.0433
30.4326
25.4318
21.7036
23.9954
17.8058
63.0464
28.0721
43.0699
16.6596
11.52
59.1963
39.6991
16.0942
17.871
27.296
37.6681
39.5367
19.3258
30.7873
28.4207
9.37473
6.60004
24.5172
8.91504
9.10973
9.96914
41.4363
6.86992
44.5876
20.7714
15.9377
25.4217
32.4973
9.9632
8.97557
9.0886
25.7811
19.7029
21.0904
8.08015
8.6182
8.6451
12.9011
9.02048
8.07427
60.1631
8.22774
87.7573
24.8406
3.20634
13.045
36.7607
43.0566
15.6481
45.8862
11.8452
33.1884
48.2992
10.0063
36.3227
16.4995
10.0325
15.3632
34.7666
19.4724
13.0804
7.01783
9.05511
5.76265
35.328
35.9131
46.0525
8.21816
28.2438
33.5922
30.7496
17.4108
20.2646
21.9397
89.6531
44.9421
13.8837
15.1462
7.99159
11.8843
68.753
21.2903
58.2518
33.2627
92.1049
18.0064
28.5214
8.42218
54.2737
12.417
8.55147
13.7292
48.1553
25.8582
37.2233
8.67014
40.0702
70.0698
19.9832
26.4318
23.9566
17.3034
17.7107
20.4428
42.7726
21.1476
26.8194
34.1483
22.897
22.848
24.133
14.8607
27.9501
17.6696
45.1205
64.9863
49.5116
19.9541
12.4995
73.2376
56.0971
56.382
13.7107
26.0779
34.1072
66.5108
25.992
36.524
12.9468
31.5218
12.7741
27.9774
21.9682
140.927
17.2298
27.7223
18.1288
17.0627
33.1709
24.4023
38.4329
13.5935
23.6827
7.46011
23.6946
13.5517
18.6445
18.6614
15.3341
58.8294
41.7297
16.2004
31.0819
34.6472
47.0012
43.3305
17.7913
13.7686
30.8747
49.6126
14.2273
15.1359
15.9968
43.536
12.4033
74.3914
16.9569
24.4446
24.7943
12.8348
28.7339
32.0265
17.0409
19.8048
9.26837
36.2256
16.2582
47.581
20.3214
6.76198
66.4317
46.7659
45.2877
19.5136
41.3875
4.16542
24.4254
51.7135
17.4651
23.1687
41.3287
38.4869
23.7439
33.761
14.4565
11.2546
25.6192
7.3597
40.5129
9.09766
28.1696
10.1435
36.7555
30.9095
96.5748
118.125
12.1359
59.9648
20.9886
39.7863
29.0686
19.9915
41.5168
31.2256
60.1883
11.6821
20.9163
14.4338
34.2044
50.1917
15.9057
18.0287
14.2266
10.256
75.3017
21.7447
13.2197
21.1011
17.572
24.2089
55.3971
22.6895
18.9524
11.0546
17.7434
13.0923
5.09125
30.8855
11.5492
13.8981
11.4752
10.1733
10.0767
28.9516
10.3022
19.0805
12.8179
26.0577
18.8895
15.1277
27.3312
9.2746
14.3556
33.9883
26.8261
20.1632
12.3828
30.2685
15.9013
17.5917
18.39
49.7574
36.7557
48.7332
53.6504
15.4393
36.7325
33.2388
43.5503
13.0742
85.9569
12.909
16.2396
20.6834
19.5331
13.1487
28.4577
52.9823
11.8086
36.0919
16.3555
48.4521
19.2372
33.7028
38.0527
9.02164
22.1328
9.45517
3.12358
18.1659
40.8964
49.7862
27.0164
70.079
37.9974
19.5303
60.7644
11.8295
10.892
16.3828
5.62672
5.25266
2.5283
51.8411
12.1208
15.1743
14.3121
13.3012
16.5647
40.3741
23.8789
18.5255
19.9788
19.6401
13.7322
8.90653
21.6918
29.7894
23.4702
37.4682
4.47656
11.5663
20.1036
36.4596
18.6388
21.7539
16.2673
16.8288
30.1973
36.5079
16.6124
20.6771
8.27737
42.2986
29.8409
65.0467
25.5183
57.9968
9.78914
97.8519
36.3119
22.7576
12.2182
11.2816
36.2263
25.6511
21.9574
103.408
17.6163
7.10676
11.604
16.6266
8.86164
18.0388
18.5022
7.38713
11.3784
17.7334
12.7337
22.7211
16.6234
56.1203
64.2258
8.88935
11.6827
28.9384
44.0115
56.9373
22.8349
23.7048
12.4058
59.4505
19.6959
32.3395
15.6872
44.4561
54.8621
12.0398
28.4947
37.1406
10.3626
21.2674
25.3996
7.10306
19.696
29.2273
45.6487
26.3441
23.9008
70.1965
12.2225
5.81917
10.9566
9.89406
49.2181
54.6047
15.095
16.6284
16.0214
41.454
17.9966
38.3757
34.9026
8.01816
4.85135
26.9078
15.7151
20.0912
5.90011
15.9843
12.6849
10.3351
21.1631
81.9956
14.4571
43.1043
38.652
23.5418
35.7581
8.79367
9.72343
13.684
39.0038
18.4367
49.2798
83.7371
13.3309
20.6813
16.7115
34.761
11.9766
15.097
18.5575
7.18895
32.9689
38.481
50.5362
19.9054
16.9988
43.5663
25.9433
20.8401
15.7464
23.3422
17.6691
19.2944
68.0193
44.0091
50.5753
10.309
16.4374
39.1284
24.682
24.3284
41.3096
9.25397
17.0787
19.1431
38.2605
14.535
20.7047
46.4992
29.1729
32.5313
28.4402
16.1574
38.3964
25.3051
25.3872
50.006
38.5606
29.013
21.8626
36.8445
49.4521
35.6742
31.9926
28.1653
33.2461
29.6751
14.2426
28.4393
23.0812
15.1287
34.194
66.4256
17.9849
27.7498
50.362
19.547
23.59
35.3897
24.0263
24.1344
14.2444
30.7584
11.2325
6.12856
6.44509
47.5924
10.5271
27.2816
31.2282
36.1214
9.12352
8.37513
11.3349
84.6567
21.3103
20.7962
44.638
7.43824
30.8316
28.0207
61.8462
26.7243
11.4769
12.9404
36.4543
59.886
21.7248
12.2887
35.6246
26.7408
13.3204
43.1683
38.9791
20.225
29.7953
34.4348
37.7078
11.3137
7.11263
18.4251
12.9093
34.6739
20.0544
39.9659
15.8246
79.1585
22.2718
44.5412
13.1101
14.6493
68.4848
38.0929
29.7838
49.1053
10.6388
37.176
9.06136
42.1667
20.2025
5.71518
30.9309
43.2146
129.087
16.2158
9.4899
14.7854
129.136
18.2707
12.0709
9.76337
20.8961
39.9647
45.9949
60.1704
66.071
14.6782
29.4629
11.639
101.772
15.7126
30.6306
13.8944
13.3556
23.2379
52.0032
27.992
11.6717
15.3303
15.6071
6.97012
37.2055
9.95837
32.1609
22.3348
9.69699
24.969
27.753
16.125
21.5586
40.633
4.98328
32.1124
20.046
23.1851
22.7836
31.7415
14.2462
13.686
9.84349
47.2734
13.5765
18.1766
18.6943
17.8963
11.7283
16.7878
120.803
13.5528
11.5684
18.5978
18.0856
21.9567
51.1276
30.9029
15.8451
11.0294
7.8835
47.5102
25.7639
26.0069
17.353
9.61759
44.0631
19.5155
9.27711
8.92799
22.0954
18.8039
36.3005
22.9042
64.2372
28.1499
21.5058
47.6254
11.7538
48.9012
33.4669
17.66
24.1076
70.1602
21.2573
65.4558
5.2743
25.2983
41.7362
14.6049
22.997
14.3447
52.5536
11.7355
8.02396
13.2743
19.0081
20.8696
21.777
39.2336
15.0434
9.08308
24.9717
39.1422
13.0219
24.8458
14.2301
39.3141
11.6978
32.5359
22.0746
49.0381
14.1425
32.7638
14.0985
11.3225
25.9671
17.8405
23.7676
27.7616
25.8026
21.5383
82.7631
20.1674
61.8128
58.4761
10.9174
10.5125
44.7065
26.7176
27.7113
29.1337
9.56725
15.5355
17.6075
17.8071
17.1398
16.7361
16.9872
26.9759
58.3484
44.1287
18.0635
56.1235
30.9847
33.6144
26.6316
48.3277
24.7483
36.2587
26.3255
21.6246
17.938
46.6999
29.4508
11.3068
91.739
85.2248
46.4521
9.16376
112.262
47.0636
27.187
17.2351
27.6408
10.2877
12.4107
22.5309
67.8788
5.16413
13.1027
28.2202
18.5439
8.07243
25.8943
7.55684
20.4581
43.7458
45.8906
12.9667
59.901
25.6843
44.0334
9.18195
74.4653
18.0552
36.1347
70.4983
23.1725
30.5194
58.4798
26.381
32.603
7.44479
6.97276
14.8758
14.2775
15.9596
7.84665
10.4186
15.2959
36.5429
12.3078
9.20518
19.7377
25.7729
10.507
20.4261
13.1659
10.0818
9.71969
13.9333
33.8274
60.868
61.4905
17.6282
28.8324
7.13362
47.4543
15.0505
5.10997
33.7285
12.5107
18.6711
27.8016
40.3206
30.5654
20.1032
37.012
8.95663
13.7676
16.8023
15.4339
20.9363
70.2722
12.4781
17.7967
15.0665
47.4188
33.2657
18.5258
16.2365
34.7335
6.22289
72.0505
11.5269
12.2008
62.1857
13.8658
22.2764
73.3852
7.89855
24.1975
40.5714
41.159
30.3474
9.80851
11.128
30.8676
8.37975
21.6691
38.9226
10.9666
6.15042
28.5477
12.5577
37.8433
53.468
65.4263
10.2951
23.0786
19.6619
29.3352
35.7177
6.88965
25.6424
36.9019
54.2439
27.1564
13.6536
13.5966
12.939
21.2537
25.6304
20.6055
10.3197
12.5467
29.3264
10.9804
17.2357
12.9787
41.5917
9.76511
17.2184
36.4404
49.4527
17.7431
22.5854
15.9564
44.8399
83.8501
20.1031
80.124
12.8628
17.5913
22.5205
20.6465
17.5375
16.1655
51.5744
18.5146
13.5597
11.614
21.8294
12.4494
57.3816
13.2269
12.748
20.5865
27.1604
43.8543
33.3509
15.6954
19.1896
30.6827
10.2103
23.4531
12.5001
50.3128
75.6759
21.7771
14.7634
23.6834
21.8038
11.7864
36.6079
17.9651
31.2284
10.3099
9.67434
16.5869
21.0938
23.2738
30.6528
9.11662
4.49525
5.58906
53.5681
27.9733
32.4235
46.6702
28.8702
16.1484
24.6935
24.6193
22.0036
26.1039
21.295
8.83998
6.44434
24.7708
57.2739
17.5202
45.3996
21.8244
43.3192
5.37255
48.4379
20.1132
31.4174
30.4503
34.536
25.6903
45.992
37.0367
9.96986
24.5807
32.3206
49.9701
50.9976
7.20574
57.1958
44.5921
40.9356
19.6268
14.6274
34.152
13.5325
33.4089
7.52433
57.4031
6.49098
30.9188
14.8105
45.9791
5.3123
14.0406
51.1667
12.1858
17.5738
11.9136
41.5632
23.6812
36.2043
20.5819
12.9817
38.7241
42.9971
89.6033
21.9102
12.7496
102.816
14.4669
34.1067
17.7995
24.6943
18.4
32.8537
13.515
24.6189
15.9103
13.9813
25.8373
45.8587
7.60345
36.1415
9.57513
11.5801
77.8506
23.4902
18.505
11.2455
74.3008
9.55231
10.5718
57.9514
14.1793
12.0207
21.1908
29.1188
19.0826
20.8025
28.0793
36.122
16.1851
33.7177
28.7797
15.415
25.4468
12.2343
14.0418
22.1832
72.8656
25.3339
8.36035
49.0144
51.9876
67.6213
23.8008
66.232
18.6089
10.7441
15.8701
19.194
17.9149
26.3238
29.9967
46.2319
10.4854
24.9272
33.5776
21.0242
12.7047
8.06519
12.692
20.7137
28.6389
9.993
29.3241
27.6608
14.1915
7.38248
22.8553
25.1226
28.4462
11.5237
28.2743
25.9343
13.3709
43.8566
22.9103
84.7596
10.5912
17.8474
17.9657
28.9561
11.4845
15.6088
16.5385
20.1236
28.4254
21.9317
17.0676
32.7342
16.436
31.1472
7.14245
16.6711
69.5719
14.2746
22.3112
30.9414
20.0653
13.5468
14.2228
9.27804
17.5657
13.84
28.8725
24.9705
47.2534
14.5521
39.8454
4.85385
21.203
58.936
47.7731
60.4316
8.33635
21.9245
31.1011
33.5852
12.8607
21.1797
54.2292
25.7793
49.4434
29.0956
41.1516
35.0445
9.12955
15.6166
45.2958
17.8115
8.87527
14.1553
29.983
10.6813
28.4106
64.5181
31.7934
60.792
39.0349
28.8105
56.9628
27.0278
16.94
56.5684
25.8946
48.0884
15.3474
42.9313
21.3338
23.0248
11.2341
21.67
60.305
26.8168
91.1467
26.8189
33.547
39.4791
16.815
20.6097
25.7007
24.2086
53.1158
18.2083
17.3388
28.9199
22.6518
41.1483
7.11196
11.0524
21.3387
15.3719
16.8191
20.3324
59.9541
55.525
5.25941
30.5776
28.3034
91.2214
8.23117
19.3426
31.6952
19.9819
30.4537
32.5049
47.2834
57.6428
25.8272
10.3253
28.2354
28.7552
26.7763
16.8405
11.9838
13.5275
3.37237
9.84812
10.0625
18.2232
17.3683
10.6151
28.3429
15.558
34.6295
47.591
9.62939
17.3586
28.4559
31.8782
11.1118
25.3989
19.8733
48.2378
27.3011
21.2335
19.2824
11.6053
39.0841
15.8718
24.4154
11.1512
43.8122
7.4185
14.4756
18.8767
8.96374
10.0452
30.9456
31.6922
33.326
54.7762
8.30918
20.4628
14.6272
25.8399
17.4228
48.1161
10.1018
60.1719
16.1151
31.3034
26.6537
19.5658
42.278
22.4767
46.5136
62.1158
13.1224
47.7518
18.8101
12.4962
4.4472
13.1062
9.40878
10.0111
19.7536
20.7194
12.666
41.3291
27.8664
16.3787
16.3288
63.6652
7.92129
22.901
43.5738
5.11336
41.9588
22.1096
21.748
33.9744
27.417
52.5756
18.1594
81.1993
24.0791
20.0206
18.9997
19.0365
21.2415
15.5678
20.7186
10.6272
22.2328
24.6559
11.671
10.4817
57.4717
16.7369
8.45978
5.98567
40.8741
30.2477
9.72818
15.8883
50.1794
40.7783
8.23711
15.311
21.7939
27.1106
32.5384
10.715
8.30039
20.5835
37.2293
14.5817
8.69582
23.028
15.9279
25.2934
22.4575
87.7231
98.4832
17.7099
53.7912
29.4888
23.5364
17.1492
58.7117
11.168
25.555
55.9647
30.3382
11.1117
30.2605
11.4417
41.6387
24.8647
29.7717
21.5039
47.2843
17.7041
31.6255
12.1179
8.33009
21.3431
14.4749
37.8089
16.138
6.80605
18.9088
34.4478
6.07989
23.6887
48.3668
36.0209
32.214
19.3722
13.1154
14.4274
16.7078
40.325
14.0659
14.242
24.2769
23.5115
14.2314
40.9948
19.0199
12.5321
11.9594
21.1148
27.7642
28.7355
43.2067
10.2135
22.8405
32.4582
13.8486
9.01936
30.4982
9.94103
38.077
25.3294
52.6684
51.3631
15.2077
15.4493
5.01376
41.442
36.2768
10.6044
36.5748
9.40635
27.1254
17.2019
60.99
9.50774
30.9067
13.5736
15.8473
61.031
5.73219
26.4593
19.999
14.2112
5.31543
21.3503
40.0073
50.5615
26.6404
20.472
8.43986
10.8414
11.8722
16.2854
47.8523
48.5949
21.9045
9.74649
12.3485
11.4675
12.542
3.3595
11.1186
33.6042
16.8591
21.9965
34.879
33.6083
8.92024
14.0363
29.1091
20.542
10.9897
26.5988
18.3624
38.6535
10.2247
6.0179
41.5948
22.2693
20.699
33.8557
19.7675
10.7502
45.1343
25.8547
36.4264
28.7497
32.9973
11.206
8.71586
14.8576
11.0939
11.5426
24.4196
13.9842
20.6555
13.5129
52.2194
29.1004
23.4139
22.6082
22.7831
26.6895
28.2469
53.9941
19.0347
13.1409
17.1184
17.237
6.74489
27.8441
27.3364
25.9416
33.5765
19.2789
22.757
43.858
37.6805
56.5486
18.2988
115.532
40.4636
21.8011
21.9126
11.301
19.6152
5.05491
21.0163
11.9296
4.91646
13.1491
29.7294
28.644
15.0178
19.7025
76.1751
32.6909
14.2973
29.7877
9.5491
33.035
96.0353
24.0092
9.25012
9.1574
28.5487
30.9084
14.181
20.5635
40.2499
14.1453
53.0551
17.9811
35.9697
8.99704
8.77384
24.2524
16.8254
5.97097
12.0497
11.1278
5.503
41.7499
19.0867
52.4638
4.31409
11.4393
29.5817
28.3929
12.497
11.6991
14.2743
20.947
9.77546
9.35782
16.7568
48.0159
21.7702
58.5833
7.16445
9.62496
11.9369
17.4914
24.1128
20.2193
38.7304
72.1504
16.0366
11.2027
14.9316
24.4493
20.6011
28.7013
86.1168
44.1791
19.3003
52.5618
42.4089
25.0107
14.6958
14.091
12.0096
11.4196
20.4009
25.7089
9.83449
10.6349
19.9773
8.24516
6.48999
12.9667
25.6297
17.945
46.9029
7.68501
74.2841
17.2872
44.4227
23.4727
8.91326
10.5297
20.8571
17.0378
17.677
23.9244
29.9242
9.43417
12.1229
21.2795
25.8988
38.3721
30.6046
12.4248
66.2311
9.55507
11.2293
31.9149
12.3894
16.2521
16.8523
13.4215
27.9999
31.1246
61.7117
34.4724
7.52447
45.7835
47.5786
11.602
9.6802
19.4087
10.2135
11.5334
66.6042
10.9806
17.1862
24.273
11.6207
26.1974
42.7836
34.78
12.0297
45.1473
15.8619
10.0972
31.2945
46.1718
41.8007
13.8769
13.1024
13.1831
15.4979
6.37372
24.2773
21.3744
20.4928
35.8523
47.9274
42.2802
12.949
14.657
8.24396
49.6834
26.6324
21.0825
33.0245
84.2705
21.032
8.14557
15.6732
12.5724
18.3039
26.7376
14.9072
63.6853
47.1477
35.6631
11.026
11.4684
30.1958
16.5579
6.98375
38.7202
28.5096
34.7761
16.5152
12.185
3.64242
10.5695
23.7797
10.0454
21.2236
33.7549
5.23068
18.2517
28.6818
10.2272
19.9474
20.7696
65.7935
28.0257
35.797
27.0223
23.5269
34.6157
10.3298
46.0025
16.8267
21.4279
40.3443
7.2465
18.1843
26.9662
5.48832
12.2799
35.0908
8.71589
11.8725
33.312
15.2364
22.1417
14.9621
14.8352
17.3355
96.7231
78.7408
31.9982
17.1458
12.3823
11.7287
14.7446
5.35837
23.3566
38.9924
20.6666
19.327
10.2233
10.8233
31.4404
15.7552
18.0527
74.8229
22.9155
19.5152
25.0504
17.3105
22.0569
36.7406
79.0828
22.8871
15.7354
9.01065
26.7672
38.0149
70.0946
20.8899
7.87767
8.5926
9.97687
18.0123
14.1085
19.8837
65.7623
18.6908
25.3119
9.07929
12.9645
52.9155
11.4892
110.914
38.3158
47.0547
26.4715
19.5327
18.3287
13.4848
16.9232
36.2826
26.9003
51.3605
5.86432
12.5679
13.9579
20.8165
19.0076
12.391
63.7234
26.1893
13.7524
15.336
16.6138
12.3894
48.3114
63.357
12.3146
32.1164
18.4039
18.9515
18.0879
53.8772
7.82394
19.2137
15.0196
13.3971
18.6887
12.7664
19.1707
16.9784
31.1775
47.9176
23.1318
43.2724
49.277
18.5157
19.0348
12.9603
30.1784
25.7533
22.8531
25.9046
7.72723
39.4319
33.3334
10.2807
12.0234
18.3897
43.7491
11.7967
14.6555
19.5338
33.699
72.1063
13.7563
50.9327
26.3051
11.8026
12.7283
29.579
19.2913
21.4929
26.3245
12.7751
73.5674
27.7108
43.5558
24.8311
10.023
16.989
17.878
15.9475
17.8432
10.2115
23.7665
25.432
12.6688
41.9592
36.4574
45.053
36.2711
11.7772
37.5042
18.5712
106.363
17.3451
21.0863
28.883
46.7874
28.3092
26.142
42.9423
4.30769
6.25503
17.896
13.2764
34.2698
27.8738
61.5336
25.9854
17.9892
49.2924
23.1855
19.002
4.90648
19.1907
33.8632
7.47783
17.4333
61.7214
51.6913
8.57443
18.657
18.5097
9.54665
16.8508
64.2463
26.6051
3.72991
40.5128
36.8263
21.4085
17.8856
9.59054
12.979
7.20288
19.676
26.9901
8.58692
37.6022
108.155
10.8048
53.9568
19.3434
11.1996
30.4197
29.449
71.451
53.9152
7.34505
26.4998
37.2873
13.193
38.5933
6.91131
18.2709
51.6245
6.06636
16.9455
112.728
11.8379
14.9721
25.2308
20.0506
34.6072
8.84463
13.7915
31.5477
54.8995
47.0956
12.7295
19.3199
10.4275
20.3203
6.81725
35.1756
23.6145
18.5165
20.6484
8.42235
17.371
24.8287
10.2614
19.5063
38.6677
13.0458
35.4476
13.8587
9.15754
71.9648
34.1752
8.92801
8.84584
42.3313
94.7356
19.9541
41.2554
4.26604
51.2342
18.6318
16.5047
56.4018
20.2805
11.6659
22.0225
44.165
20.5215
15.3498
16.091
54.9874
17.7324
33.3016
12.2379
16.9164
21.3077
27.2514
11.9613
14.0118
35.3115
18.27
8.43309
45.9979
44.5585
15.1991
19.7004
19.8262
15.1177
28.9278
36.5774
20.7987
16.4373
33.6157
41.3541
72.6449
30.707
39.2767
28.0343
8.05493
36.9097
27.5043
52.0681
34.4139
19.2942
59.6636
17.3964
8.60122
24.2867
23.8073
5.41881
11.2059
23.9174
29.3895
35.123
41.9668
11.2009
15.7405
13.1418
36.872
34.7999
15.5978
39.3882
10.905
9.19502
40.0745
9.60453
39.8676
48.4751
30.7793
8.73739
54.1787
48.6887
44.3383
31.8089
21.5641
26.3724
8.03413
13.2751
40.3249
8.89936
5.99316
37.0754
15.8617
17.9484
14.1207
14.3081
23.0204
15.9859
10.4008
46.6746
36.5248
27.9176
24.0738
48.858
6.57729
22.694
45.838
13.8033
30.308
53.4202
10.3061
36.5629
11.6772
68.3995
28.3999
37.8753
22.749
20.8789
11.1577
7.11658
11.3466
14.4173
24.1566
40.69
20.682
6.71686
6.23012
15.1608
27.6391
20.2504
36.9086
42.2623
24.6781
46.0939
21.4671
12.6721
12.6591
8.29224
54.9407
11.9806
10.793
29.949
28.5581
5.16093
56.3507
10.2847
49.7486
48.8866
15.1915
37.6884
20.7448
13.3694
34.9404
33.5033
14.6544
112.713
49.4052
25.1561
8.61441
7.77121
9.8537
14.3671
15.3093
35.4654
35.0347
35.6461
10.6932
14.1232
10.9361
21.9898
22.928
8.09194
37.7663
10.6366
38.2715
78.9475
46.3757
31.2549
10.1523
37.7653
22.282
13.2462
19.8647
30.0458
9.96358
15.0753
94.8852
9.87714
15.8473
19.3392
12.1141
27.6442
46.2341
30.9652
16.5176
87.7057
20.9037
36.1883
23.0169
33.5198
52.3268
31.2438
48.8502
13.0468
18.8643
57.2204
43.9994
12.6165
15.2352
13.1133
22.5454
47.9688
13.5137
41.8738
7.44842
9.95396
26.1899
15.3856
19.3846
23.9071
22.6238
24.436
9.44919
34.7543
9.47827
7.90404
21.5055
7.55963
27.7934
9.44754
27.4549
14.4935
29.5646
45.6007
27.1836
14.6126
45.3636
41.5159
64.1266
17.8372
33.3455
32.7429
28.3521
18.3195
20.1245
14.1091
26.8052
37.2291
11.6009
5.47649
20.1996
43.1022
20.0623
48.8816
35.9067
18.3215
31.2237
43.6022
45.8564
11.1338
18.4033
33.0489
81.4761
14.6521
40.8166
32.0556
27.1983
20.6605
15.4991
49.6014
32.9557
6.56267
39.0758
21.9421
5.33477
21.9664
21.7596
34.1267
29.2642
13.2734
18.5812
12.0595
61.5703
18.7568
7.90746
10.5616
26.877
20.9456
20.9976
76.4482
56.2534
12.4852
16.0957
19.9975
40.1697
25.2619
56.2155
6.00663
31.7135
27.7649
9.72919
19.0712
28.3651
19.9348
15.5975
24.6803
10.2017
38.6013
82.7695
33.1923
29.9073
35.8615
80.2977
30.296
24.2953
44.152
14.2266
11.5796
16.3777
13.019
9.30554
22.9465
39.1348
59.5966
31.6042
27.2428
55.704
9.18747
14.3673
6.11906
15.5225
16.1004
35.9076
29.5367
20.6147
20.6064
47.7163
28.4578
21.7176
16.8947
53.6407
12.8581
7.37646
61.0737
41.3896
35.4524
34.2506
18.8963
44.0207
25.487
23.0353
26.3191
17.7242
12.736
24.9456
43.3334
30.2375
29.3999
5.91456
18.9381
33.0971
16.1276
12.404
37.7268
23.9813
65.5181
12.8497
19.5627
32.9429
19.4013
15.0488
12.6522
31.0271
21.6535
10.2952
14.5416
14.0524
39.0318
12.2339
15.5713
25.8944
7.40227
24.9184
23.4438
32.2152
18.4133
22.1207
25.3047
15.5546
32.7504
40.1164
58.0788
20.4663
10.9813
19.2456
24.1606
50.9388
26.2467
28.0483
10.1029
7.35031
26.75
9.83989
47.911
14.0763
59.47
17.0111
31.2852
9.93872
7.41018
29.6428
48.6575
32.3184
46.1769
44.9028
51.1877
9.19646
35.3112
14.6309
33.4403
34.2391
29.8842
33.4718
40.5609
24.661
14.8659
9.35457
14.7959
28.8826
18.6665
85.8457
11.3595
40.1072
29.0914
13.6131
27.2752
6.79473
11.7651
13.5279
9.47319
11.1407
37.3402
6.21001
29.0194
6.07752
58.7854
43.572
45.6273
23.7061
22.2694
9.86005
32.765
26.1063
7.16663
8.4261
11.1661
7.6393
26.2479
28.9908
28.2614
17.5814
12.9987
10.0336
23.2553
12.1233
16.5604
45.842
69.3423
6.1604
9.72688
16.9541
9.00828
13.0425
23.8813
14.3654
21.0724
7.71277
74.0667
18.8174
59.7783
7.10837
11.0031
22.5748
31.0301
25.7289
52.7072
6.82935
18.6147
29.0911
10.334
29.448
20.1261
24.9521
10.2615
24.8298
10.8102
7.95993
35.4124
32.033
9.68939
30.0516
68.1685
15.7258
55.031
21.2371
9.76407
54.7168
24.3635
19.4418
16.013
48.2104
18.7746
65.6774
4.76694
8.08224
27.5784
8.79065
15.2988
20.1599
24.442
40.6066
13.9483
36.8511
27.7248
16.2997
18.0702
18.7607
20.7351
30.719
20.4228
21.6357
15.884
15.3588
34.9353
18.9525
7.89279
34.2429
120.916
25.9858
8.77016
13.4835
13.0899
18.3497
7.99014
41.8084
31.0792
8.91332
31.2273
19.7371
42.6759
28.119
52.3564
25.7363
25.2814
10.3604
18.9302
18.6472
51.0255
64.9601
51.2791
11.9703
31.919
23.5023
68.0098
53.4193
19.7472
30.7006
20.2896
8.09372
36.1402
54.5681
11.8269
13.808
11.957
14.005
10.6662
11.4545
41.0213
12.9229
44.9113
26.807
25.2055
21.6625
8.1524
22.5088
19.0486
39.0533
31.4955
29.0369
58.7287
15.3248
22.6307
33.2061
80.5995
14.4401
31.3166
18.4063
62.475
10.69
30.4573
24.6572
42.4825
7.04782
57.7091
7.55576
74.7176
67.1911
21.5093
11.7309
6.34722
13.6715
13.8575
21.0542
17.766
21.4185
18.4169
11.6945
21.0077
34.9197
41.8041
5.53616
28.4825
24.3566
36.8821
44.8734
10.9431
16.1086
16.0074
91.8903
24.7072
10.423
65.5006
49.6433
21.1737
35.3531
39.1453
50.6124
9.62331
55.9651
41.623
14.0987
8.89197
15.8619
22.6668
20.0214
37.0974
35.65
38.0102
28.0839
24.2642
8.51747
6.87141
16.8932
59.9947
17.9613
42.6574
7.79425
41.9719
13.8024
10.9568
9.8197
37.9944
31.848
12.9448
27.8232
27.2718
129.708
76.3891
28.2575
15.3311
16.937
18.1927
10.7893
23.9881
7.28431
8.34457
26.2038
35.0393
7.65704
17.8389
68.2349
11.9289
23.5933
6.92614
19.273
39.3214
26.7558
15.3219
18.1619
34.7475
85.9017
9.79876
15.652
16.1872
34.3315
10.4573
71.8797
50.1046
46.2509
7.91989
37.3556
16.9135
16.7652
8.61204
42.4988
11.0475
41.5547
25.053
53.3165
19.711
33.0362
16.311
69.1697
12.9498
32.1055
41.916
60.3232
94.7527
19.7686
48.3452
50.8321
10.8255
21.2494
8.30472
23.909
26.1998
20.1051
29.5622
23.459
28.901
46.7315
20.2041
21.0354
23.6894
36.8483
19.5356
52.3894
24.9635
17.9017
12.8933
15.9481
9.28507
37.4568
94.3238
16.5933
55.6611
11.7886
6.98262
8.6268
19.8286
20.0278
30.5611
11.2598
16.7021
56.3727
27.5208
37.8879
22.4719
43.2947
19.5749
86.233
23.8921
31.2145
15.7781
14.7748
11.0023
31.6011
40.918
28.0633
21.5228
20.8318
50.5172
6.61784
9.31234
24.1757
25.3162
24.3954
69.196
22.2013
27.0865
31.0403
19.4267
27.0859
26.6
60.7629
80.3672
48.5027
69.3707
17.49
17.533
36.7008
37.8425
10.7441
40.0735
34.3363
7.24455
37.051
12.3893
41.1513
27.075
18.4469
36.7718
14.2973
8.92132
16.5061
12.5119
15.324
25.6136
23.871
36.3649
135.766
18.4118
55.2195
27.4399
10.7223
16.7811
31.8574
16.653
30.7511
42.4026
11.227
11.8696
69.3867
17.5595
27.7456
60.9318
10.0236
11.4474
16.0358
30.4093
51.6927
15.2929
15.8653
13.4213
14.4362
42.0515
7.51883
11.4782
24.4753
39.9693
54.1063
27.9859
16.8479
22.0504
14.6726
25.842
35.0421
31.7297
33.2445
29.1842
37.8595
18.0424
9.74238
4.6611
21.814
25.4528
23.5594
23.647
37.1504
6.50569
66.8344
17.63
13.3989
13.8938
50.0034
20.4597
7.39171
15.9793
36.1654
70.4877
13.9926
21.6494
8.92806
60.8286
8.38331
14.656
19.9297
21.2021
61.9287
19.1066
91.6563
12.9245
26.7581
11.3706
16.667
7.9365
49.3845
14.2048
35.5718
8.78859
30.1361
33.7297
40.3214
7.4241
35.7299
26.8923
72.5594
80.094
62.4923
55.9815
24.5272
9.90266
26.7419
14.7598
19.5555
13.1597
19.9894
44.5016
15.5662
18.1839
17.2113
18.6824
15.0923
34.9829
19.5225
32.6589
10.4219
12.2202
22.5573
27.1264
17.7395
39.1939
16.8395
65.5308
27.6536
54.969
18.2669
9.29363
14.0532
83.148
20.2211
12.9101
9.79791
10.307
21.7776
33.1387
41.2452
17.2473
7.10354
29.6018
16.037
42.1532
26.4231
53.6381
10.9423
25.1692
5.2151
28.7391
70.1262
9.42572
27.1457
15.4284
42.8105
32.6808
31.5886
79.2234
20.3043
31.0993
26.4531
23.5472
22.732
27.5647
44.5183
58.4914
9.78113
69.0454
18.2642
28.7187
13.3751
9.03854
19.2791
48.9218
8.76559
62.529
7.64048
17.5075
13.8625
8.10047
77.9063
30.1653
9.2257
17.27
58.8714
24.9523
52.4917
34.1129
37.7742
59.6346
32.4239
35.2145
16.3048
8.17475
24.4817
57.5152
8.28912
79.1301
26.0489
30.1624
31.4867
18.2234
27.3072
27.2811
19.1296
31.0852
10.2589
27.1414
16.1315
75.1651
50.2634
20.6317
6.75306
30.4704
28.4007
12.6909
14.064
8.67561
17.1778
17.7022
13.617
13.8906
11.1483
8.17925
31.9847
9.47154
46.6517
34.9579
32.1877
44.7381
77.3284
8.99545
7.39778
35.9342
10.378
25.2677
9.95022
26.3765
29.8747
38.9186
23.1152
10.6127
27.287
26.8951
25.8041
15.8383
15.2855
25.0267
9.45621
12.1825
39.0299
29.2611
13.4223
26.31
12.6358
8.31697
16.002
37.2529
18.8919
25.177
41.6239
23.3495
13.6136
34.83
18.7689
12.0575
17.663
9.25172
31.912
7.26784
20.8209
11.0605
11.9812
23.9164
36.8013
79.2338
52.5215
17.7992
17.6569
19.3103
11.7194
49.3209
35.5054
12.4697
30.3125
15.6915
14.9966
12.1485
18.7552
18.32
60.1307
96.3306
10.2156
9.71706
17.7763
12.7807
11.4616
8.52112
24.8818
11.2829
18.9569
12.8093
12.0052
24.2058
12.1686
22.5289
10.2338
39.8964
45.8906
15.4186
17.0759
107.568
38.9345
7.81354
11.9482
11.7461
17.1128
46.677
23.2796
18.2808
22.9051
22.4677
12.0496
13.4159
17.2716
7.89765
15.8245
77.9178
45.8641
5.97573
21.5725
18.2269
36.2685
29.5454
49.7159
5.30279
6.93655
22.9382
18.6089
63.8565
14.4603
29.7765
16.1704
16.8069
18.0131
26.7701
29.7118
13.8656
57.0849
14.3823
33.4693
23.0925
54.1761
38.5995
22.1587
45.0609
7.1579
13.3635
29.9827
24.3582
18.214
12.1629
30.0366
67.186
8.93199
14.0615
20.4795
28.9503
16.2505
10.6968
37.1485
12.4927
9.80421
21.2577
11.9504
54.8375
7.57142
67.7958
23.9434
14.5494
10.2728
17.0981
31.4782
14.386
60.4732
13.8699
60.9591
74.2285
18.1417
6.12129
23.1828
47.0434
11.4256
9.32442
64.2599
16.5741
52.3244
70.2753
19.7301
15.001
35.2255
21.2853
20.1686
44.8675
41.9688
19.1545
12.1072
8.93867
5.71777
40.3267
13.0566
8.42109
29.7382
30.011
32.3054
45.7395
63.2954
36.2455
24.2852
40.0483
37.4599
37.428
15.8785
13.4225
55.0143
35.2766
5.1443
41.3874
20.4199
57.7941
17.8324
38.9441
20.9211
11.4018
55.9842
12.5984
40.5518
35.3595
24.4064
14.2469
13.773
53.9495
18.2782
38.2498
49.2765
21.6809
18.1427
38.7855
15.5109
13.1334
14.9256
23.9241
13.3664
37.32
13.2017
20.7581
31.103
67.3571
8.65923
16.2617
15.7603
21.6296
4.25805
15.1481
23.5407
14.0047
14.3802
28.2225
7.45911
55.6163
10.6805
10.4513
10.4658
15.5548
19.4899
5.10139
69.1427
25.2572
37.7112
4.54696
11.7963
20.0032
26.5444
20.4963
29.6974
16.5207
56.0068
6.29095
47.207
38.8898
14.2161
17.0437
34.5852
22.8114
21.4117
105.674
11.754
47.4208
20.3634
61.3369
13.4491
61.0974
24.0399
61.3469
26.8165
9.15034
83.4868
11.5043
14.5973
19.5205
42.5659
35.1164
15.9039
23.3143
23.8639
19.1254
16.5776
24.5586
6.86323
17.5686
36.2994
20.11
46.3846
5.58823
60.3706
52.5325
25.5604
14.4502
27.2377
12.0943
9.68214
54.5151
56.1455
10.3904
20.5786
45.1917
21.4858
15.4125
8.32104
18.2215
35.9828
21.1427
50.5617
54.6254
25.9566
18.0424
21.8508
16.5744
17.2647
38.0209
62.2143
54.634
13.1254
15.2056
14.1937
18.1783
48.4129
28.8519
11.2153
8.07559
7.17122
27.3084
21.6922
45.0502
14.3845
45.6468
22.1328
25.6416
52.3122
32.2586
103.835
25.1645
10.2325
30.8266
17.5334
26.2452
13.8729
6.95623
14.8909
5.81935
25.9734
11.8663
53.6865
40.4098
17.1372
15.0846
52.8146
15.2091
30.9897
34.4408
18.4741
19.7635
33.0668
15.0618
54.5365
8.83158
34.8903
17.309
51.1443
22.0122
44.0663
58.1001
17.9501
15.6206
10.6123
9.80819
8.10694
17.594
41.1161
13.9553
31.8533
10.2714
20.0397
33.2292
7.67714
8.7659
33.9852
27.7854
31.562
8.64623
17.8648
26.0873
30.7558
31.7309
10.4213
28.3143
68.4372
14.283
16.0716
22.7616
22.8347
45.0052
37.7798
19.3962
24.077
31.9347
31.818
32.4552
8.71181
3.28215
49.9917
13.3683
8.78814
44.9349
25.6356
30.4096
16.7782
25.9171
10.3412
11.1171
18.5536
8.1517
44.2263
13.1843
4.76991
8.3567
26.0386
18.0221
13.1476
22.9628
20.4679
35.9854
16.1346
59.0805
17.0965
29.2678
49.3765
13.9629
43.4593
25.8576
10.6895
14.1447
24.7532
14.1408
62.4472
41.5133
36.225
12.2744
51.6453
75.8274
31.1862
72.2943
18.5996
19.2447
52.1333
52.3027
47.8292
17.3353
19.0269
18.1451
26.8362
34.2628
21.3676
18.1728
19.7615
28.2238
18.3942
44.3117
9.14479
31.3964
25.173
21.0973
28.9694
13.7245
18.612
78.5714
18.4791
30.7617
8.76323
18.7276
36.2251
9.79174
29.6966
11.634
21.8615
44.5135
21.7734
12.6136
35.6062
17.0332
18.0649
9.16653
13.7242
11.1922
19.0198
5.1494
13.6963
17.8091
39.9433
38.0292
62.1091
31.0408
34.5625
23.9118
21.065
11.9234
22.7185
5.95796
10.6507
30.3672
43.0513
11.67
12.6512
15.7048
52.2964
40.1703
68.1948
71.9828
9.22256
6.49526
74.501
22.3387
13.6289
5.96046
16.8539
45.6837
9.72434
29.9715
35.5425
13.4506
8.37346
7.55694
48.9446
12.3975
12.1736
38.773
29.6473
11.6084
47.2603
40.326
14.4002
67.7983
38.7174
34.2639
30.7489
22.352
33.6904
25.8929
6.96689
13.3433
21.4725
37.5461
65.2539
16.5787
25.1742
10.8446
9.14957
20.0975
11.9653
8.7816
12.1955
22.0843
9.98619
34.8976
58.5485
76.6716
13.6807
22.8867
15.0123
8.08614
16.5688
18.1467
21.3278
22.5246
22.5196
7.93757
50.0996
18.7095
26.9116
15.7772
57.9453
27.1859
39.656
101.417
28.7776
28.314
27.8253
8.25318
15.5229
27.8616
21.4911
32.8001
16.0777
16.8144
17.8748
20.979
23.4887
48.7439
11.3795
41.381
23.4821
34.5194
7.27435
16.4188
54.6863
18.0642
23.8612
24.1723
61.8828
10.0548
39.696
39.741
15.8678
26.3982
16.0124
3.25363
10.3251
33.7855
26.5141
25.5195
11.277
8.11215
31.7689
35.593
47.4726
8.31352
52.4752
40.028
18.874
6.65042
46.7433
39.8622
19.3056
9.68891
14.9434
15.8875
66.8508
10.5204
15.0179
19.5634
31.5335
30.3095
67.4859
19.255
16.4017
26.901
11.0915
15.1115
10.0438
21.4071
10.9748
7.00757
19.2021
24.4993
12.3575
36.643
16.2217
15.938
10.5215
17.4855
21.5062
23.4402
18.8101
10.82
18.749
21.1375
18.6218
9.18047
7.72126
38.1722
10.8309
14.1637
13.752
12.059
75.6951
24.7756
17.4895
26.815
21.3091
14.2012
27.4051
29.5449
9.5819
5.24284
15.4628
44.2567
15.9261
14.8384
108.605
21.202
8.76867
190.46
51.28
21.1394
25.5048
74.2186
13.5869
21.5413
42.2654
14.8267
87.408
26.9514
37.9534
9.39602
19.3692
11.356
14.8157
18.7019
47.4287
18.4003
20.31
56.1107
9.51426
25.2069
16.9078
32.5915
6.74773
52.9629
16.3972
12.7224
24.1212
42.141
20.9313
33.3701
7.25943
12.1055
24.0217
61.9061
64.4346
68.4486
7.80236
16.6371
43.9982
45.0008
13.5499
25.9986
34.8727
9.2792
12.6052
21.1187
26.9347
14.8236
11.8104
22.6925
46.4762
11.8172
12.9414
17.8012
34.8009
26.9723
15.9741
36.6052
37.8452
20.9137
13.4723
11.7313
27.8466
66.51
39.8214
44.4027
55.467
18.8821
42.2161
21.2982
26.7736
23.7821
10.0912
36.1372
30.9037
20.6893
37.1844
24.5362
28.1996
7.76156
12.0448
52.372
84.0748
26.1942
14.6528
47.8635
14.2375
18.4846
13.6333
19.2744
35.5152
3.88735
41.5094
38.3622
86.2807
26.4978
23.6658
10.8524
8.48217
34.2596
8.58393
10.1915
60.5233
56.8503
23.8477
28.0761
58.137
11.9955
16.2503
37.9873
67.3828
6.25172
32.5492
9.3204
15.9786
33.9517
30.6408
29.6881
55.5877
27.9003
10.2715
11.0936
31.1382
14.6403
42.8589
11.5333
15.463
22.2381
28.4532
29.5072
6.11167
81.1172
11.9988
12.6895
70.6259
9.9297
9.96484
15.7246
30.3818
24.9971
9.27551
18.0247
23.3047
6.83656
17.79
13.7344
17.998
47.8822
27.1988
56.3763
10.0924
10.3703
17.0559
17.7201
28.8684
7.30279
22.1463
81.2538
15.1749
16.9265
20.3387
17.5858
25.3869
30.3053
19.8988
14.7435
9.25355
55.5333
6.59242
12.7922
20.9014
26.7169
17.7765
70.365
8.25021
10.9517
72.8009
21.7097
34.0502
12.9676
22.3471
7.70452
16.5228
59.211
16.6338
39.7926
24.4036
52.7902
14.9837
46.0429
17.2095
14.6564
14.1588
10.7845
26.2654
19.5872
21.8796
8.93925
47.2993
26.5503
28.6614
23.9165
45.3888
18.8844
15.6269
29.1467
15.0834
8.29047
24.0468
14.6016
54.3275
24.5667
10.6609
9.10356
16.3722
12.2561
13.4951
39.3541
35.2375
26.7159
23.5329
33.6592
15.9839
36.7091
21.1461
31.4499
14.369
36.0211
43.7453
23.7828
20.1012
45.5989
10.478
59.64
17.962
7.67166
27.9928
32.4925
9.28564
67.2383
36.9288
22.0003
19.7654
10.5171
19.7403
28.9432
33.1932
62.3249
13.4089
10.6958
18.0351
20.4056
17.4095
25.8541
16.8644
35.2592
4.85153
45.5713
29.6691
11.1367
16.8612
18.9241
62.4024
51.4239
8.83951
7.78072
13.2945
30.1489
67.552
12.8176
30.7902
47.0639
13.311
39.8471
8.73143
22.36
7.36485
46.2191
53.4384
25.2621
17.8793
25.3585
17.9484
9.08313
27.132
14.6447
12.1236
29.8915
51.3413
28.8785
13.4054
16.3942
14.8901
54.8939
20.6347
29.726
9.57069
54.7654
15.185
38.98
27.518
12.8107
30.2002
32.3778
101.334
12.8552
28.3515
19.7202
15.1394
16.7584
49.7525
13.1179
6.75265
49.4612
9.91311
20.9657
27.8247
27.6726
27.4837
28.8986
13.744
31.7291
16.1715
21.3349
12.1101
54.9909
26.545
9.6368
53.7159
12.2448
14.6226
23.336
24.5192
33.2519
32.1535
11.3796
14.0375
20.1457
12.9859
42.8704
12.027
17.1305
7.59158
5.3315
15.361
39.9696
23.5684
25.1225
30.8067
25.6681
47.5283
47.1858
13.6602
14.9799
19.7382
24.3666
9.21853
30.2171
6.22004
21.7929
37.2456
31.5967
8.39146
29.4297
22.0975
31.2126
12.6871
59.5564
6.67603
20.0832
11.7312
7.78807
25.345
24.9371
50.7663
27.4369
17.4549
56.3702
14.4108
6.0625
21.25
21.7194
13.94
15.199
20.0542
13.5085
21.4326
44.3835
17.8955
81.7246
11.462
24.7158
33.5961
21.2094
17.4764
14.3502
9.85824
15.3897
20.1756
41.2244
36.3744
12.1408
13.2014
123.456
17.5055
9.90436
23.8271
22.9697
12.5743
54.423
24.4145
6.8351
16.911
49.3832
48.7668
46.3909
21.5096
24.0986
32.081
28.4251
74.5985
12.4969
21.658
37.3741
22.4082
34.706
31.9131
20.5585
31.6522
47.4206
58.4062
13.1046
27.6655
12.7809
25.885
16.3794
38.3739
44.1448
8.24608
16.2402
19.5052
14.755
13.0767
16.0048
20.633
46.3704
71.5834
31.0763
27.5915
10.0009
40.0177
22.3821
36.2622
18.0696
41.9534
11.3136
30.1619
38.6528
22.9376
16.2887
13.0294
8.1677
51.9577
16.2882
10.4531
16.7513
17.4199
20.2495
16.9273
33.3495
13.9623
9.88247
19.9579
29.1267
40.8924
25.6033
17.102
7.91519
38.3556
12.0646
57.7436
24.411
39.2838
23.0091
38.2911
54.4559
23.0335
10.9392
10.7976
11.1263
13.9215
21.0439
21.0168
60.4583
5.62848
20.7239
29.7392
49.9864
18.1781
30.6052
18.3067
20.1613
40.202
22.4795
13.4477
29.6243
43.2801
22.848
22.6868
22.0243
21.8811
33.7826
27.4957
79.0382
55.3142
21.971
13.3201
67.8031
29.201
17.0045
21.48
84.1549
12.9226
15.132
15.9634
28.8313
13.0673
44.2773
18.9594
12.6006
11.105
105.653
41.1353
9.41467
4.63058
20.4453
36.2509
25.2509
6.29587
20.1829
38.2237
19.6781
12.115
8.06428
20.7441
14.9616
14.1572
35.9436
29.6004
40.8124
66.207
79.8252
75.1581
30.1519
26.7494
16.8736
9.48153
62.146
26.5829
17.4734
38.1919
28.0662
31.4609
37.7637
27.5671
19.0972
19.3301
26.7902
37.5074
5.13227
28.8584
18.5777
10.6182
22.0346
81.6778
66.2057
26.1079
13.8055
48.7303
40.1067
6.1012
36.3773
51.6124
10.0656
27.2997
9.14557
15.9118
8.84854
22.7374
27.8922
38.101
12.6429
32.6687
66.7051
37.2592
31.0099
81.8615
15.0802
53.7948
22.6023
78.6963
18.5556
17.577
8.84742
15.2399
8.34992
62.4555
9.94024
37.958
19.4525
112.188
11.2297
20.7779
14.9072
16.8287
10.2312
10.7638
20.0527
30.9414
14.5846
13.2017
5.70227
19.5867
34.2533
89.3562
26.8942
8.74034
11.2409
10.0628
25.3977
39.088
36.1113
23.6618
18.4592
31.784
29.2181
18.4437
7.50033
9.4034
55.5865
17.0713
48.405
57.2139
29.2647
21.5758
19.2477
16.8856
52.3999
28.5705
29.0417
5.68026
16.638
10.7665
37.3867
14.107
8.61909
24.368
10.7104
17.0767
21.1706
35.1539
28.0663
20.2703
45.2257
22.2597
33.7278
16.1846
6.84709
8.4565
17.8204
17.6148
12.4848
9.68957
5.87375
22.6886
22.1648
48.7129
39.0578
21.6525
19.9895
19.7267
42.331
22.0852
14.633
12.7087
18.3615
8.7068
20.0897
21.2319
33.4245
27.854
25.9225
15.3351
16.0352
9.81403
15.0801
11.5333
26.2359
53.1866
16.7489
18.8208
16.8761
12.1521
59.5915
39.4745
18.5796
21.4286
16.7565
15.6332
7.15267
14.2378
17.3135
13.8166
35.076
39.8228
49.5226
52.3791
21.8455
12.7939
12.5872
21.5549
51.1445
31.4354
16.0976
28.4229
39.0855
22.8109
46.287
12.7523
25.3089
26.4929
11.2236
39.2701
49.862
36.5648
30.8481
32.5806
29.0649
69.1663
7.83847
23.624
61.7408
26.5981
10.7425
47.7166
12.859
23.3014
17.3912
37.0674
18.495
6.84144
25.9784
75.6933
12.622
34.391
19.5889
14.0677
39.7342
15.0844
17.4381
28.4626
33.2366
44.6357
16.2785
20.304
12.7947
48.8841
9.3639
23.3803
47.4663
15.4994
31.6131
19.2975
8.86056
39.2071
35.3129
30.0546
7.78984
52.8007
38.2502
19.5976
100.082
24.4215
26.8398
15.0997
15.8696
8.59441
19.1296
22.2526
23.6607
10.8915
62.5017
19.2182
10.3105
41.5223
22.4207
27.1314
10.8913
16.6614
45.9116
52.6933
42.393
10.4174
84.469
14.2558
28.1106
5.94285
25.1604
32.8172
17.0605
29.2469
24.2812
3.66956
7.00328
22.9897
43.389
23.8887
32.4398
32.2247
19.0865
12.2283
78.5335
28.7261
26.1383
27.2896
18.0655
15.6001
20.9812
49.308
25.0003
13.0917
7.66807
28.7398
23.1707
12.0239
51.5083
8.68219
24.2645
34.6618
37.5954
15.363
9.86093
50.0984
41.978
23.1124
39.2294
33.02
20.467
11.6036
29.7267
53.0395
13.7683
47.7618
44.3262
56.3441
19.6182
10.7893
96.4944
23.6016
74.6505
20.3248
52.0515
8.86586
38.7399
12.0054
43.26
41.7437
19.9367
32.3117
17.1301
63.921
38.6771
8.83227
20.4248
17.8789
37.288
21.8638
19.5294
26.8278
23.5236
42.2156
30.6256
29.3496
14.8529
50.3118
4.97449
31.9102
84.3224
10.9799
26.7625
73.9996
7.26182
18.3385
30.452
55.623
39.4405
23.4501
19.5154
25.2269
13.0179
32.3771
61.6674
21.6194
27.3305
15.714
18.6259
33.6543
16.3725
13.5296
8.88971
40.3302
28.2875
20.7161
11.5113
44.5258
33.394
21.3722
14.061
18.9141
27.3957
45.1608
20.4999
80.1519
11.423
76.9448
13.7646
13.9156
13.8558
17.8344
14.0747
31.7101
26.327
35.328
20.681
48.5542
7.81914
15.274
8.26694
11.7613
25.044
21.3695
26.7012
15.5106
16.763
114.14
23.9341
33.2869
35.5869
12.6017
9.1224
29.681
28.2814
41.9238
27.4312
71.2448
11.4037
20.4582
23.976
41.9916
89.0564
13.4218
21.9238
25.3825
8.03372
67.2687
46.653
19.2467
11.9375
51.6518
19.9293
15.944
46.7314
24.0159
10.9703
16.8765
17.8737
81.6176
13.901
9.39923
26.6053
12.1718
21.7384
15.455
12.0015
15.9799
14.6523
20.6652
34.4687
21.15
92.9283
11.4778
30.6185
17.9506
11.157
9.9193
13.8134
38.1028
25.0027
45.3167
8.20044
5.18713
17.9194
17.0184
14.6198
11.8825
15.9215
27.7482
14.3395
23.9662
26.086
18.5143
19.7799
89.1656
21.3574
24.4608
66.9324
10.5607
13.8337
20.006
10.521
30.3575
29.3303
28.4203
35.1339
46.2359
33.4623
65.9121
17.8559
11.3964
17.9975
80.7628
18.5181
6.96375
29.7561
9.03434
29.6692
36.4383
58.8267
42.8165
16.1239
31.2369
17.8128
19.5052
9.46427
38.839
9.45536
13.536