39625.3
77925.9
78102.2
44007.8
47596.3
367213
34450.6
159739
129979
34761
94961.9
48792.7
57786.7
9814.59
535103
232963
45740.5
44836.1
92309
22480.5
18986.1
8640.06
230542
124568
82100
427699
342200
170766
55953.2
112700
122059
98681.6
238130
518466
61923
86205.7
131486
99775.8
169648
241612
196213
324861
147517
4076.46
24449.7
21477.9
255233
33849
19495.6
151012
212466
11259.2
61859.8
238264
171127
123829
97268.6
72301.2
10994
174618
214055
54590.1
26789.1
46776.5
90657.8
24718.6
74420.6
473952
287813
41780.8
29484.1
117912
142935
84335.3
192807
258115
23507.4
396358
57868.4
293307
134468
76095.9
258632
16655.6
161616
34184.4
142530
117960
321021
407031
47940.9
30523.1
22644.2
287329
25513.6
41380
62252.7
128697
29498.6
103920
18556.6
148912
294675
65483
169147
30666.6
40974.7
50944.9
13338.5
418131
194471
188814
8821.61
220200
157718
147615
161159
345995
155948
103194
542871
68780.1
153618
1.12436e6
102598
107057
7934.99
1167.67
449570
25515.8
188010
141207
127636
202558
423914
219477
86814
369603
35449
228247
35404.8
13930.3
225726
451011
4057.73
222521
81605.7
311169
125142
238082
366895
188657
4338.44
69601
25056.2
18323.9
119643
161382
172729
218316
329709
341192
101196
153082
3617.52
8886.7
451209
187539
14887.7
34455.7
38974.1
55031.2
316836
105596
100581
6028.6
319727
225117
301177
191963
198511
249866
110431
244213
102604
41040
89415.3
58800.1
372634
778727
37420.7
103085
162302
689137
10491
73258.4
339396
79142.8
35295.5
233980
388336
105219
225721
102060
26348.5
4754.9
15611.9
540400
27076
297249
86838.6
335933
316975
251087
39122.1
59603
230816
80735.4
128403
198861
33095.7
789812
220449
31393.4
76967.7
491483
673672
62399.1
805343
107189
8861.74
282057
188401
42451.3
133401
304326
443336
54261.4
62993
260123
1804.28
349202
125384
117500
80477.3
34800.6
141441
47848.9
6599.37
252159
46889.6
926187
574176
159174
177067
195039
218094
98076.6
11383.1
3652.19
151718
14552.6
236012
148350
124579
10865.7
488750
127345
70502.4
76928.8
135246
151159
50060.5
90284.5
9660.33
169954
45392.3
19800.4
325659
419478
107029
52653.5
406484
32787.2
157721
13403.9
249835
27854.9
5387.79
11032.1
47246.7
26295.1
270002
298791
128284
194882
139517
5503.19
119109
189921
38658
357724
16391.1
158390
15983.8
626494
176524
132793
116842
24863.4
67460.8
339948
52658.3
105472
40449.6
181336
81472.4
49939
14011.3
273417
67293.4
142421
746129
131275
99316.8
303898
232941
497850
590346
40674.5
192807
20332.4
706074
108667
222704
98900.3
325725
8746.37
59517
97117.8
294105
114977
98952.8
16963.3
117463
155721
90953.7
252384
119501
168476
15242.3
2621.67
204826
66721.6
35865
379388
201577
155584
3741.5
72915.5
80680.8
187528
92277.9
216859
129960
171508
156602
447989
356360
41389.9
91326.3
153113
183742
159021
95289.6
33500
552024
8342.32
192531
24759.4
178481
259567
174911
8349.22
72748.8
67219.9
43070.2
64292.1
258087
57312.2
89544
121773
514235
92488.7
47997.5
157332
43351.4
36355.5
8442.04
84161
142415
119150
281841
97920.5
25094.5
845722
112348
179778
16186.2
28865.8
585129
43413.1
90278.8
22615.4
171480
79713.2
18974
546038
122651
11650.9
209697
85048.1
10518
81773.2
5370.93
1591.61
278366
99642
608352
92625
64110.4
168669
79398.3
125235
75213.3
295490
10377.2
172822
326279
86480.4
125353
236249
28271.6
222566
81032.6
87744.2
466070
60728.6
134897
19206.6
178946
13615.3
155611
136269
166366
254193
151337
256697
146245
20774.5
37775.5
12228.8
63212
734472
33921
106597
3982.5
17535.3
140519
169209
698567
29730.1
29378.7
154039
167546
83427.3
228893
114089
62244.2
278027
98016.3
110761
36358
106276
679312
406905
256811
57910.9
89097.1
102915
43741.2
33879.3
59280.5
236336
19386.5
147106
103064
86785.9
115332
172499
158973
56366.1
634628
38551.8
100416
208953
362627
674232
301456
345927
40414.8
930.939
431955
148103
296077
28197.1
141229
115552
261607
167030
58954.5
53275
59374.3
119227
92934.6
120415
237545
109464
273655
700462
15632.3
129860
70283.4
26760.7
59314.4
134208
17113.4
197078
32749.1
276443
90604.9
11637
27339.1
132718
29111.8
108909
16126.8
270710
223648
292245
159510
79410.1
768825
132473
53767.5
33727.5
34321.6
112770
382574
24459.8
121362
64817.7
139687
366467
5474.39
23763.3
163684
144395
24874.4
23560.7
5125.97
183589
85136.5
417260
52197
985.862
28607.8
57938.4
25032.5
290444
29718.4
57743.5
110827
38505.5
193593
111733
49683
80728.4
85375.4
121539
297906
122179
38375.6
12045.9
87441.6
5510.91
316913
500392
55277.6
483178
376.957
70835.7
17568.3
79504
115512
60548.8
71957.6
21795
25588
142161
162036
518084
323395
546543
27316.8
129088
11549.5
7770.8
26041.6
678682
467168
31986.3
431344
54618
18328.6
78572.9
50000.8
86416.2
426334
34172.6
23629.6
24716.6
71254.6
208892
16714.5
64759.7
241763
12679.1
55155
4455.13
35265.6
136322
590296
221958
36119.3
7760.23
43435.5
149262
307238
59281.6
54511.4
48365.5
42640
8847.94
97739.9
217533
34536.6
304903
271476
50036.4
5376.37
376196
407146
31278.4
270850
162611
2599.1
172221
158185
292334
107062
73200
135843
49638.2
64493.3
60701.1
14518.5
464919
2060.7
310567
149914
64158.4
159490
77056
105504
496150
547032
124259
413868
210052
657875
29807.9
23508.6
121186
141966
110073
136702
126181
17912.7
142815
205822
83125.3
26677.2
113864
61514.9
38452
301741
35605
35388.3
145610
224715
50412.2
11534.2
505974
294849
40188.5
196544
4641.82
211147
156842
124714
115613
18278.3
47138
276796
355326
53188.5
11173.2
212504
71718.8
256661
205492
54614.9
85087.8
49273
259692
123013
431075
114506
95157.1
70653.7
68281.9
45700.2
207415
429827
54822.9
28936.7
82226.5
634660
31173.1
42205.3
324727
490373
372219
15583.2
174379
100292
14509.2
472771
609299
167805
339468
31345
112649
489.968
375009
46871.5
37154.7
4114.23
36469.6
44802.2
15434.2
162244
12133.3
67587.8
199602
163912
104724
217269
5997.28
8798.93
196034
249250
304907
42695.7
486446
130975
139109
42570.9
869732
89747.3
17864.8
199751
304243
117450
113769
210772
22877.5
236524
40919.1
83392.6
18848.8
464824
445688
980.38
143898
79817.1
128844
90770.8
157177
113438
120563
187339
24130.4
154333
44220.2
25276.9
183690
126941
332512
69860.2
73850.1
412303
285537
155118
191354
52907
248722
457698
80776
556869
407353
80573.5
667865
27670.4
67382.5
35390.4
46925.3
27065.9
64159.5
229017
323354
161586
108625
95739.8
149074
91201.9
140027
110197
151209
128815
82771.7
288152
280999
482657
438962
5685.82
243184
236959
107566
30155.2
584636
355066
631420
208617
4894.85
488464
82967.9
239346
26444.6
60320.2
228804
69875.5
11815.9
198756
22110.9
304341
117833
285677
58553.5
145062
60637.7
207651
30349.7
32099.6
155708
20126.7
26192.5
129852
8485.8
25452.7
44964.4
53083
4577.37
104302
163736
74586.6
144066
32130.7
103140
320511
190785
103698
133940
611259
199813
48596.8
587264
78811.5
340108
430367
163653
350.679
66601.9
18510.5
72679.5
183283
498356
36233.1
41598
46387.1
143.709
108855
136102
114914
251365
84307
16940.1
127985
274067
261354
33802
419283
119693
137276
144768
44431.9
30418.6
316576
258486
391105
7957.11
11417.9
34413.4
150049
41113.3
73248.5
221431
88393.3
888468
156460
48442.7
2588.63
518377
35950.2
113263
30412.9
110753
85895.9
40953.7
64629.9
302252
94184.6
285274
39850
196847
662542
194007
98082
253909
1440.43
89985.9
227718
17924.7
142569
65062.2
37744.1
369457
56346.3
399333
32510
143321
64962.3
157862
5021.69
108896
375316
30998
263711
8881.28
3521.95
109146
182056
324311
28480.2
150209
278216
394661
593730
197488
34261.4
115850
314033
263302
279067
155212
238008
13221
317418
78104.1
18017.3
193265
199222
138161
218932
116613
53649.9
140620
26867.3
43769.1
491347
55841.8
182536
5780.99
197491
72662.9
31422.1
70756.6
11990.8
21280.3
211951
159135
54980.1
62018.8
43002.9
169989
110370
52378.2
29864
219382
103580
12910
25454.9
34431.2
135362
73963.6
163176
124296
81371.7
58268.4
218936
197523
65267.2
119550
43954
34558.9
226684
285328
165613
1160.07
103643
95286.6
137101
101425
28682.2
101462
169872
189439
232779
141770
37546.2
212827
27643
750803
90282.3
344103
71301.8
111688
314.821
547936
173121
260433
630385
50895.1
92648.6
54633.2
6724.75
24349.8
87253.4
8646.86
514751
173922
42537.9
162246
8658.82
847.086
38327.7
4710.83
25165.8
5619.62
127315
123646
80185
4718.32
408591
307720
41446.5
82971.8
16907.8
69645.2
65271.5
59341.9
22915.8
234028
50526.8
228036
202694
136234
183833
42064.9
306185
39742.1
97160.3
97345.3
1118.22
78339.9
10405.1
58486.4
49917.1
16448.8
190235
45521.2
56208.9
99948.8
25846.4
289822
162935
153269
27816.1
13870.3
45538.5
56675
19000.8
581074
56164.5
16150.1
25500
788431
17308.1
101107
43364.3
152964
83378.5
506803
50992.9
626577
237060
72166.8
150379
221915
16843
40865.8
64714.1
64002.5
416640
57376.4
45230.4
309940
178781
208558
11307.6
56028.6
60102.4
374025
20640.3
293237
27841.5
18562
76071.5
401220
102873
292428
86136.3
23570.5
13599.5
148486
70146.3
2175.75
63088.3
59994.1
235894
234374
57178.1
2454.48
116907
149597
34542.8
242717
44011.1
292106
152892
85404.1
59466.6
194812
79973
144405
6420.29
260533
4288.46
85579.6
117695
20588.8
345473
69024.4
19244.3
26873.6
64616.6
5092.64
15755.7
90606.6
50320.2
178884
17718.8
66447.4
466088
134639
138747
289733
645243
217349
87703.2
7099.84
6891.26
196500
31201.1
217779
57200.5
115964
316353
93371
414345
57897
271504
16085.2
637181
142811
52737.5
164871
158831
70734.4
23910.6
178613
360869
30069
95075.8
9896.75
162349
22960.3
327835
149561
12090.7
17096.1
63329.6
182111
69527.5
106356
43034.7
77003.3
138335
35561.8
404703
265342
432367
115728
3413.86
309835
44931.2
587848
84088.9
191548
139405
359882
67664.5
174736
2949.31
53829.1
145728
256357
91076.9
72467.2
194738
582772
162526
221483
28931.5
15348.9
326181
65381.4
36598.3
32088.7
23697.4
11910.1
20623.6
136116
324828
81772.3
36689.3
170929
73527
26836.5
27216.1
94463.2
98486.2
113779
80539.4
87056.1
237778
72041.2
115935
282267
166930
5656.97
85692.7
183699
255152
45568.1
204908
345579
162845
62248.1
150734
22346.9
23321.4
291592
54430.8
123050
31713.4
250498
138487
2527.22
28542.2
93426.6
60843.7
444268
174533
54099.8
111807
55493.5
8396.81
122849
212687
29898.8
26838.9
59223.7
46994.8
71863.6
318811
20333.3
87803.6
106520
200644
458332
68891.2
181204
264896
13845.3
223601
35634.5
13927.9
149004
292967
41873.5
191631
21060.7
60292.3
35004.1
62990.7
44628.6
19046.7
13062.8
87322.1
181454
92916.5
151667
275946
220254
143639
188244
193704
107395
94959.3
22330.4
32090.7
253951
199516
211372
59716.3
80740
51837.9
338159
321302
276942
567943
41472.2
213896
36121.5
474216
44422
35341.1
77148.5
141230
81922.5
37424.5
52573.1
101287
169782
195779
360417
106625
51462.2
38032.3
314592
134098
328704
9923.94
49659.1
294498
17088.5
132302
19928.9
214668
45498.7
210213
103374
184815
89142.4
21033.7
28695.3
265666
53426.2
148690
64061.4
26378.3
18899.3
74023.3
85603.7
91964
25009.6
172268
45464.1
87919.7
80842.6
10794.9
244342
14711.1
173084
101670
30919.1
85196.3
633595
219028
84310.2
27523.1
234255
34113.1
348811
118694
100877
399190
309773
93430.6
53709.8
367394
236159
47155
143860
160126
77390.8
21746.2
68816.5
15536.6
115142
74828.4
112386
62549.5
310466
86206.6
66824.9
413153
221042
22856.8
51349.5
136950
21523.4
208578
524727
419167
139877
151277
127637
132980
509984
110143
23088
147895
29807.9
83931.3
89416.4
134392
26119.8
201524
159367
261365
266781
39075.8
228344
64105.5
201780
250665
52519.5
141794
55925.7
54440.5
46977.4
89494.4
5813.13
40832.8
331408
151793
9078.86
65421.2
269515
252721
14399.2
156169
130701
260900
276613
604121
592588
223165
104000
63111.2
343145
121588
189834
16027
286811
255726
455853
96129.1
17313.5
50826.3
280036
851733
268519
13056.1
3964.29
328019
59799.4
88824.5
416728
221431
252517
277876
2413.92
34364.9
65666.1
21834.2
416402
128237
45676.9
36305.8
141054
142502
13422.9
193018
175961
8006.2
98191.5
152677
16061
45621.6
216866
417824
207987
288054
53221.2
65737.9
144781
65587.3
248086
175721
285817
263624
403673
56286
53696.1
250079
28184.9
222098
84670.7
102558
255819
101541
60331.7
34877.9
47426.8
55883.2
19666.3
51226.3
495926
48571
62011.7
304672
128749
24981.8
432232
32311.5
19049
197157
156213
163347
25418.1
70668.5
231361
389302
67684.6
757918
59387.7
82738
188063
94950
304264
2507.49
551467
182789
463754
32426.2
55841.2
78591.3
148010
77094.5
43523.4
55958.5
45102.1
118919
327909
47341.1
58053
217804
589853
30097.5
95744.5
16913.1
60130.3
154994
52891.4
11518.7
78725.2
69391.5
18109.7
367426
306938
335821
211742
177874
156583
102163
467699
13282.9
44220.7
3673.38
129749
184103
57195.8
177106
32267.5
125099
464506
181045
160405
331669
19680
97260.9
80774.5
8682.97
63066.2
134020
13116
39326.4
25456.5
55377.3
870420
18067.3
30244.1
278789
231293
116821
463655
14941.3
210075
33733.9
29302.2
529271
55711.8
52303
210565
42967
50079.5
3084.89
46757.3
336284
49949
168540
102402
51350.7
34581.6
195147
436204
232822
504403
87877.8
150420
314416
2109.77
14937.4
67275.9
7564.47
138361
361855
467944
64055.9
256952
292215
95245.8
19186.7
83965
2098.14
125793
63275.2
6294.69
211358
244112
506724
195642
8575.86
119481
119550
48422.6
18282.7
125670
90249.5
42933.9
20745.3
111577
215731
135696
49394.3
72059.3
35164.7
223653
29785.6
206205
191005
174667
170754
400081
64588.3
5181.91
67718.1
23604.6
12852.1
94856.6
104437
51410.9
130656
5546.2
154080
57951.1
13825.4
234128
573529
456705
43024.7
114756
68275.3
141151
103568
89884.1
35448.3
39565.9
79341.4
71744.4
59159.8
279306
1766.25
129732
47811.5
36821.7
17233.9
201868
198420
103193
320504
192833
37773.8
14176.6
34619.4
322594
9809.85
23207.5
279397
147568
257122
10009.1
99908.9
282863
50057.6
51887.2
134223
210718
11564.3
317863
73261.4
211664
90137.2
506590
269171
231615
30423.3
48807.5
870721