19.1565
26.325
14.2188
27.2625
45.4187
14.9217
7.30651
23.0501
9.89402
29.4802
16.3479
46.0733
12.3847
40.9469
17.9668
11.7397
52.9387
23.2553
6.95085
74.1025
24.8764
8.17044
36.8654
33.568
10.1486
11.4171
14.4708
5.94953
41.7965
8.29313
5.89183
10.3248
25.0541
15.886
16.1449
18.6338
19.6719
11.0985
24.1681
43.6027
21.5924
55.3881
6.53327
28.8919
18.4271
11.971
31.4166
10.2158
12.7077
16.4922
24.9143
10.407
7.1212
44.5387
30.8436
19.2455
14.5417
30.8902
16.7751
36.1376
24.8431
36.6695
26.5971
14.2915
14.4986
11.6369
8.93623
22.6354
17.0854
31.7374
18.775
13.2704
25.5238
11.9052
13.5303
11.5768
21.6637
22.1106
32.3675
35.6631
20.6435
12.0227
18.5074
15.2083
16.3817
48.0715
13.3731
9.05225
20.8582
47.1227
20.9415
27.58
32.2082
13.7191
15.4575
7.78287
21.548
25.7197
14.9552
30.5573
11.8365
22.0901
25.7254
11.3498
29.2614
23.6357
22.6467
33.3656
19.4146
73.2889
39.8225
20.3376
8.57264
50.2647
8.39732
38.7569
21.4463
19.2755
8.82842
8.81452
23.1778
59.1634
57.0259
12.5935
24.8474
26.8356
100.97
12.489
15.5405
20.3925
32.2241
20.6846
14.5233
19.2915
82.0663
34.0418
24.0417
23.8327
25.2628
34.3153
25.3352
16.9464
11.1983
25.5762
37.7676
24.4591
32.7
10.2066
15.0383
39.2413
16.5729
28.1429
19.5466
20.0248
8.88377
14.1383
69.4498
11.9528
41.6366
16.3227
29.7222
15.7138
22.4287
27.3295
11.1582
25.2263
35.3804
20.4375
15.6043
18.3468
26.004
13.2705
26.9873
33.7053
10.1212
10.2499
18.8074
31.5484
15.4809
17.4846
21.7398
17.5111
13.0655
7.30713
45.1067
26.4975
95.6219
20.0079
17.5539
30.3653
10.4674
22.1004
17.8334
44.0717
14.3946
15.3477
8.2747
11.94
17.7561
10.3338
11.7559
20.0232
13.3932
14.7836
8.7506
7.95098
14.7734
6.98473
13.576
52.0021
9.59712
18.8788
19.2712
50.8924
14.5145
27.1872
28.6897
20.5925
14.9807
8.37134
10.3584
6.83804
29.961
7.54174
48.9953
20.0435
42.1719
32.241
37.7343
8.06366
22.647
33.1811
63.1948
13.3385
14.3135
11.3888
25.7599
4.28831
21.749
39.4973
14.4723
9.38279
14.2561
25.9193
19.7943
16.8176
33.6003
18.9762
10.626
29.3328
13.0914
13.0023
12.469
39.8588
40.5675
44.1478
10.1563
22.869
33.777
23.9649
27.336
9.50134
22.6475
15.2813
7.63204
41.6799
37.4765
30.2996
40.7036
24.5177
35.0024
18.8286
7.48832
17.0318
15.4348
47.5033
31.3734
36.6532
25.235
20.4505
21.5625
14.253
33.0951
5.43326
16.769
7.93371
6.43649
17.9964
15.5654
17.2063
17.4699
12.2735
38.7477
15.2391
9.25774
23.1969
13.4874
17.4158
32.5233
13.1867
40.8107
42.4927
23.5932
16.767
27.6605
11.5894
13.688
17.7632
10.6703
20.7406
55.0872
34.7011
29.8844
19.2177
31.5445
31.921
20.5762
11.2865
4.87299
5.33578
33.1645
54.1402
57.6929
41.2585
32.2152
16.0232
48.1165
31.5133
12.7386
14.1438
12.5675
8.96845
11.1985
36.3111
36.7286
6.69567
13.4544
9.06059
7.51071
17.6789
16.1176
20.2759
8.67769
14.4058
16.8098
13.7351
9.41659
19.9869
58.9893
42.0598
17.8366
14.9653
16.431
9.14475
16.8705
17.6145
7.46585
9.12138
16.1401
38.9253
65.4071
14.3278
12.5364
23.4375
23.7943
22.9675
44.6563
14.2657
24.9018
28.5996
16.8146
48.7706
11.2088
38.9692
24.7077
11.861
25.3231
24.1824
13.9639
51.5168
15.8303
5.8563
25.3656
37.9537
37.5793
27.1065
20.9412
49.0365
11.1193
29.5924
27.5553
26.2779
20.765
14.8275
20.1225
23.2172
8.80258
31.0535
6.77137
21.022
11.8225
30.2709
25.7814
22.1419
32.3601
28.1955
10.9985
16.2007
36.8945
33.6093
13.3562
21.1192
33.2639
61.8152
29.2452
9.31474
22.7016
17.0846
28.9919
25.8014
20.7256
13.365
16.6972
13.0024
22.8591
37.8858
64.1209
36.3831
11.8985
8.06636
11.3736
20.6652
13.8536
16.0082
6.95922
67.8892
30.5774
18.4095
7.23504
38.6751
16.8024
8.05091
17.509
30.4604
47.192
43.1507
24.7989
27.9097
21.8286
23.7227
13.6684
6.9445
12.698
47.3914
53.8787
59.1847
11.4401
19.4467
31.5069
30.0274
9.30809
22.8423
20.981
12.9755
12.9886
28.0337
17.3976
23.9316
20.3447
12.8439
9.9754
60.2004
26.8742
25.7593
26.9375
46.5245
13.6278
10.0137
52.9299
5.99786
12.4907
16.3343
10.0095
13.9807
10.8819
28.9122
7.50625
25.336
23.1261
17.7238
40.1339
8.72867
6.60803
9.12317
45.0121
11.6843
21.8995
13.8002
7.56987
33.7222
15.4468
17.6586
7.23523
27.5851
15.3315
34.2566
18.1937
18.9287
22.7949
54.3062
26.1457
21.4313
10.0068
11.9135
9.19674
13.609
19.3132
26.77
12.0965
37.0633
29.4119
53.4094
13.6881
12.4034
17.59
36.4093
9.83998
29.4587
22.4936
40.9062
29.1771
13.4236
28.7773
9.86839
17.7219
17.3519
21.0191
56.9579
18.728
19.5811
27.7284
21.8985
36.0135
27.3137
9.61394
15.4758
13.0913
13.0057
15.3561
47.4406
32.6683
17.9543
8.12057
32.0367
21.6767
21.6061
25.2018
40.9509
9.59572
51.9801
4.939
37.9168
30.8333
19.8349
56.2021
16.2506
18.3338
14.6047
24.4632
39.6869
12.7346
8.25201
23.4325
16.7691
11.9357
28.7416
16.8103
25.5109
18.091
32.9842
11.7645
8.84278
25.8949
21.1198
30.6046
23.1736
11.558
9.42392
16.7997
23.7133
18.5376
61.4218
10.3247
13.2921
33.2403
18.0689
45.4647
13.0753
33.2801
5.06996
28.2726
16.2583
27.5375
34.7822
16.9469
20.9827
17.3664
20.2062
15.8821
16.7309
40.6581
16.0147
21.9116
41.4291
25.8487
21.7205
14.8068
25.5939
17.0053
23.6209
54.402
12.6785
30.0402
43.2214
11.7256
13.2661
27.0504
8.04816
10.7225
57.6692
31.1924
15.4506
28.5068
8.55191
42.0034
27.5865
22.2002
23.1997
43.4992
7.07005
15.6404
11.1527
6.44326
18.543
9.49516
19.3052
29.3767
23.9647
13.547
18.9592
14.2838
17.73
15.2707
5.24115
27.9507
41.2289
30.556
87.0884
22.5421
33.2211
22.1537
24.7431
20.8902
40.5063
10.7862
17.661
21.0645
15.988
43.3273
13.2801
29.9881
8.99452
20.6751
21.6715
31.4973
26.9161
16.9407
15.4469
18.7753
22.7758
20.8554
17.7869
8.1333
17.7399
9.66537
28.7797
12.5895
20.5392
24.8754
21.1458
21.0654
31.1746
22.8141
24.6955
34.445
18.2078
23.0244
31.0084
20.3695
66.3639
26.8196
18.9807
9.25057
11.9932
17.7267
16.2708
29.3531
17.2169
13.8691
33.3745
33.0247
11.7802
6.76286
29.5441
36.1114
23.9267
29.2887
11.9082
23.6706
26.8665
17.3815
87.455
44.1314
21.7375
24.1448
22.6206
14.7191
30.8269
31.9275
11.2849
13.8424
16.7905
22.2344
20.5299
24.7382
10.9555
8.29146
20.3426
23.7188
8.13961
25.2529
14.5481
26.3021
15.4129
29.1657
12.4371
9.04757
50.891
27.2834
21.9585
9.66493
18.2988
10.5566
31.3828
18.9463
23.7982
17.1964
10.059
16.5868
9.44851
25.3753
20.8936
17.1274
29.7878
22.9397
13.4664
19.7127
27.0125
11.2211
11.1662
20.9746
28.4465
11.3994
34.4785
13.6753
14.3204
26.6925
16.5828
30.5097
22.3369
20.4737
10.6871
35.9944
48.5345
55.0225
18.0033
29.6391
39.6054
34.4323
13.4647
10.3992
28.4904
17.7041
17.048
11.6486
16.5487
9.784
10.8892
58.4969
42.8439
6.79171
47.9069
5.55079
16.3754
11.1207
11.7722
26.1599
33.7233
17.6595
43.5845
14.9205
24.0826
17.45
16.5377
26.3585
21.9982
10.2286
35.976
24.4639
43.1348
31.3037
11.684
31.2699
17.4685
45.5653
36.6584
16.7612
20.4437
22.2538
13.4958
18.7459
59.9097
19.9928
20.3912
25.0355
27.6838
12.3249
18.3298
57.8691
18.3037
76.5422
19.9864
20.4457
19.5336
23.7478
31.3986
23.6441
30.4182
29.8611
27.0138
16.0632
32.5913
11.529
9.55473
10.246
22.6354
12.3269
9.33156
14.721
35.9241
57.199
28.0451
16.7342
21.6333
27.5168
11.1979
17.9352
13.4202
13.3111
13.3124
36.0675
13.4476
17.4647
13.9943
7.73264
25.964
27.1984
24.2834
11.0394
33.4745
14.3279
19.5705
31.6415
23.6941
30.4451
15.2297
16.6794
13.5898
12.699
26.4733
45.727
14.1126
35.5928
28.233
8.99902
22.7411
15.5436
18.3546
47.4356
24.1947
23.784
24.2094
11.0366
40.2095
71.6523
41.2705
7.2786
27.4782
25.0057
16.822
28.5965
8.51745
30.9553
25.5261
20.4858
13.7015
10.0697
14.9573
16.8835
9.46395
40.9304
31.1385
13.3489
9.25659
32.7534
17.502
29.7047
23.9294
48.2462
27.7415
32.3319
32.251
16.8906
14.5428
11.5727
23.2457
30.577
23.8601
21.4056
9.93315
20.3197
17.4148
24.0793
19.5562
11.746
13.1848
63.7873
16.0857
27.3808
10.3079
20.225
19.9657
28.4437
31.0846
15.6088
42.9575
17.3614
32.7231
22.3391
28.8085
11.6779
18.2825
10.0361
16.1372
43.9565
8.40676
22.3068
37.0841
28.5557
38.0156
15.2699
13.704
25.1498
38.1169
24.5593
16.739
70.9479
18.2251
22.2985
42.4772
20.9676
9.57797
11.5144
15.7738
16.3929
27.8037
19.4223
18.8314
23.5225
29.2621
40.311
7.3603
28.6449
16.5867
21.8898
46.3969
19.8113
31.4709
26.0506
8.49415
37.1771
42.5009
29.8758
12.2825
35.9175
19.5963
50.6639
17.7337
57.8677
13.4972
6.89875
11.7044
55.3749
41.9005
13.2256
23.8566
10.7247
26.5061
10.3264
32.779
25.9422
12.0637
13.9264
13.2955
41.9919
71.5499
40.1468
16.6321
22.7308
19.3084
10.1023
49.181
12.2553
30.8977
7.95584
22.308
41.0865
11.3398
70.6879
49.4048
10.9909
9.05289
40.3139
20.4019
26.8487
65.5133
8.96279
33.1039
13.1618
37.6763
32.0675
21.8511
14.455
41.2817
19.3366
11.7893
18.6978
7.24878
37.7078
45.5295
23.5061
32.218
37.8397
36.6445
7.2271
9.0503
15.687
22.5401
15.7213
32.9901
11.0524
17.4397
26.4845
26.2748
40.0383
40.4364
43.8167
12.5227
17.9718
16.2336
73.7949
41.0685
17.268
14.9233
9.8825
41.3181
10.4114
9.95873
44.2704
14.6501
21.5442
8.68901
38.4078
9.61646
13.1121
12.213
11.6564
19.1418
25.7371
39.2192
15.1554
13.0083
31.0587
53.5297
7.20464
10.694
11.6899
13.4322
30.7176
30.5393
26.128
16.7394
59.8892
7.56058
15.3967
10.1843
9.40299
24.953
17.5492
14.7347
19.7365
23.7812
6.8414
18.8549
18.7028
8.84132
23.8613
19.587
37.009
18.282
13.1323
18.218
60.5262
24.1702
13.7113
27.7296
49.308
73.5882
22.9525
9.32522
33.6889
10.7675
22.0732
28.1955
7.1795
39.5139
35.2413
32.946
14.2485
18.8627
16.3976
36.9651
25.9184
28.9713
38.4658
15.3539
14.9693
8.87154
49.283
12.4247
28.3171
57.2353
16.4984
41.8785
17.9542
14.765
9.92909
16.8465
22.4212
9.0167
20.6896
38.7789
13.5423
23.02
19.7055
13.3946
22.1206
16.1898
8.76154
43.8121
34.1843
27.3262
15.2524
12.252
15.3387
19.92
14.7089
36.9893
8.80908
26.4172
26.7613
39.721
18.7168
23.6363
30.9876
22.0582
64.2732
31.8882
21.1728
15.6886
40.4637
23.8335
31.6772
47.1859
14.4595
23.5104
31.716
34.7513
37.9459
24.1529
13.0411
23.8792
11.5587
15.0944
61.8123
11.3179
25.1276
34.1431
24.4881
12.5092
20.434
71.5018
13.4808
31.4796
70.6053
23.026
64.6234
49.11
41.1158
53.511
18.8003
14.7017
6.17425
31.4116
45.1549
34.2806
28.4634
38.2238
11.0602
13.053
15.25
33.015
12.7923
18.5273
6.15822
11.7821
20.787
20.3057
6.68665
33.329
25.1993
14.388
34.0058
26.9707
16.1947
19.1555
4.16301
12.6941
80.4193
23.1362
25.3494
16.8316
11.881
50.3389
24.1644
12.4665
61.6755
51.8021
23.6342
49.2326
16.1559
24.5116
82.2858
12.2794
37.4394
16.7786
17.1899
12.2869
41.3085
12.8805
15.4816
25.9497
25.0232
23.7103
23.7182
19.5681
16.9348
36.3443
14.9682
20.7976
49.4627
23.1307
10.0073
30.392
39.564
47.3491
50.6443
11.7377
15.7273
36.6993
18.7009
13.7239
35.2269
11.8858
12.9338
11.5866
30.9162
16.8491
25.264
33.6802
41.6306
14.5237
9.24691
27.4099
43.0317
19.4162
12.8986
24.617
13.9891
25.6428
15.6394
31.5095
25.7023
24.6661
21.2039
10.543
23.7353
18.6958
21.0329
11.5986
25.5757
42.1623
6.51452
12.778
11.1166
17.4882
27.3989
11.9528
24.4648
37.0913
6.80235
9.73257
12.9987
63.989
12.9783
25.0843
23.0945
23.9917
22.8066
19.505
80.1147
29.6063
14.541
20.1499
27.2508
17.3543
10.1277
25.0327
29.2449
13.6841
25.4245
8.17085
65.7792
26.3544
10.9922
63.1259
39.4601
44.6667
25.7847
52.8773
17.63
28.4334
21.4095
11.7603
43.0122
18.6484
36.3849
12.4091
17.8969
23.8642
17.8131
14.5138
17.1918
24.326
40.1581
52.376
32.436
10.9201
51.6188
8.86388
20.3894
9.05845
21.2215
10.1114
18.4586
9.59684
14.5478
15.2888
39.7881
12.4992
48.0757
41.9748
17.8456
9.54425
31.0775
24.0797
14.7119
6.60756
23.4182
13.3781
9.84491
9.93877
26.4919
12.8493
9.7924
10.6541
16.8507
19.9934
20.4267
21.5646
49.1225
16.9839
11.7299
9.32296
18.7337
23.7247
21.469
22.7972
24.9936
6.91203
13.756
20.0378
8.36532
57.4563
32.3581
11.9875
32.4171
43.2498
10.0439
6.11738
18.3701
14.6964
33.3106
29.2854
23.9917
16.2262
8.96426
9.80476
19.0863
45.6552
17.9
14.034
8.5877
18.5575
30.5464
9.9371
11.7632
14.6657
15.7247
13.5001
18.3078
8.79563
15.9829
48.678
18.8189
16.5904
14.337
20.1245
27.2959
16.4776
7.0604
19.7623
22.7953
8.14381
26.9586
22.8063
23.4232
32.1157
49.3754
11.4184
14.2799
18.8005
12.7141
15.264
11.7095
23.6959
19.6423
29.1781
34.9971
20.3684
31.5099
19.5194
18.5465
14.3146
13.5536
20.8232
38.9644
82.5094
18.8992
4.27821
60.5981
38.248
14.3253
32.2219
17.3527
11.8556
17.5135
40.6993
17.6925
12.3555
29.4694
55.0367
14.2804
27.4153
9.45497
25.6181
11.5128
18.2833
25.2042
10.9557
18.4274
12.7742
22.1199
15.9617
12.8907
7.32535
10.5561
15.9353
9.86374
39.4637
68.4187
12.5314
16.0717
34.4182
14.4849
42.1874
15.7621
22.056
13.1905
35.5372
11.6449
34.6229
35.1959
12.0905
34.0011
19.5539
4.31572
38.1637
19.2604
24.9727
8.47004
23.5517
28.736
41.7946
15.6565
15.1824
9.65714
15.0371
8.96256
17.2008
36.7589
5.16467
41.0296
26.2013
15.6372
13.8276
19.8964
15.0578
67.5416
14.9176
14.7655
26.7142
17.5409
32.4154
67.5216
19.6142
16.1483
46.795
16.6559
10.9446
6.60963
13.3658
9.66992
7.94807
30.83
25.5982
12.5518
24.3351
28.6625
27.3236
17.0921
12.7318
35.2686
11.4223
31.4748
11.0554
19.3121
24.1461
15.0197
43.0677
47.8861
23.8048
13.8085
12.8058
45.644
23.4229
13.9986
17.416
31.4509
18.244
15.4916
20.0631
67.8685
27.1438
13.0037
20.8391
16.2534
6.71264
20.0431
15.3628
29.6432
34.6268
22.7847
20.8236
8.15714
17.1418
68.0987
8.74916
49.8656
15.5018
29.272
13.7034
15.9601
16.3793
67.0816
32.8435
16.1046
18.4605
23.8734
17.9598
27.3737
6.01851
15.705
38.141
41.6915
10.2651
12.3888
28.3072
29.7019
26.4837
16.0412
32.4637
15.2138
10.4154
12.8002
17.5373
27.6787
28.7214
8.16772
43.3649
13.9352
29.4496
21.4221
27.5328
56.6685
40.2846
54.9758
6.75931
21.4591
6.11729
9.13386
26.6972
17.5264
10.2617
24.2873
10.4311
23.9957
20.1324
7.85888
13.9106
14.0928
15.8736
8.37543
23.9387
31.1714
22.4948
9.57535
15.7747
34.5984
11.1467
47.3444
9.88938
25.6842
14.4025
22.4397
7.5636
21.5705
19.0659
33.7153
22.4482
25.3511
38.3111
32.9792
16.2006
15.3235
14.5501
43.147
14.7209
19.2774
38.1336
53.1565
19.7331
32.1666
24.1654
11.8546
17.6362
22.9444
21.6135
9.49482
13.1307
14.1258
13.5616
11.1257
26.8338
60.9115
21.4408
9.99531
8.20711
21.9096
48.7226
11.1523
45.8173
25.0751
18.4958
27.4869
7.62905
56.9091
25.92
16.308
64.4776
18.7424
18.5892
24.1988
8.0515
14.9589
13.1359
32.3969
11.6866
13.2059
23.9122
36.4226
13.1355
6.6432
30.1626
20.4904
13.6749
12.314
18.5573
11.5117
18.5207
31.4842
35.3084
29.4842
26.4791
17.3201
20.5933
25.123
12.8847
32.8208
37.4747
34.0624
24.5586
27.221
36.0221
28.7068
24.8096
14.9656
32.7832
24.5001
14.5527
55.1379
11.3212
18.7113
21.92
37.542
16.3943
9.74671
17.3619
32.7911
31.783
7.78086
21.9327
14.7282
19.3658
33.6098
40.0264
19.0712
24.8368
9.3151
36.2205
23.8871
11.1791
12.0178
19.1646
30.4283
26.9324
46.0022
22.8752
27.106
12.9539
20.243
24.3461
34.6909
9.48894
58.2804
26.1248
11.467
25.3204
25.8423
27.8594
15.2217
12.3537
28.3124
14.2758
14.3564
18.79
16.1629
22.6073
24.0217
16.5748
21.5371
15.3889
49.0174
26.7884
23.745
43.0296
28.9851
13.7134
16.4154
15.4324
20.7202
17.886
11.3249
20.2494
20.2013
30.7626
19.3673
51.2751
10.5577
14.0339
39.9796
23.7379
22.2748
26.7009
11.9342
11.2562
20.924
24.224
12.5749
18.0138
25.1927
65.0043
25.8645
8.92734
69.2238
19.5409
44.8987
28.4973
13.5462
8.54469
18.6502
22.8632
6.46378
29.1067
18.7972
15.4151
11.7853
6.55296
18.4047
17.7118
54.5494
11.9252
75.8266
33.2195
16.6251
71.4704
49.4175
14.2044
19.4652
14.4611
13.3616
8.14154
45.8188
27.4633
17.1688
26.1264
15.8257
35.0307
15.7311
10.4543
7.44757
22.092
11.339
26.2512
23.8004
19.7512
14.128
11.0664
43.3183
7.99199
35.5191
5.59214
67.4355
72.823
5.34942
22.9665
54.1779
24.7605
4.97679
44.3076
17.0819
55.5782
16.8724
17.1312
25.4497
26.2363
9.90159
23.7545
26.3799
27.3334
43.8333
33.1825
37.7284
29.874
8.34411
42.5516
16.616
19.0279
6.30172
21.3406
28.2411
14.9537
10.4602
27.07
23.1476
20.568
14.7677
18.4976
8.66913
48.7155
16.9913
38.7337
27.8687
35.1324
26.5806
49.8026
16.5064
12.8269
31.5332
7.45696
19.8854
34.2196
16.8116
30.679
28.7051
20.2483
21.966
21.6812
15.1734
15.6625
7.37611
25.0837
34.7273
27.9405
13.6416
28.9233
8.13638
12.7797
29.0673
7.58547
27.2366
35.8286
27.4012
12.785
14.048
8.98125
15.4371
11.137
32.7337
15.7531
13.1968
9.77725
29.0964
13.3986
20.3282
27.0779
21.4793
15.0959
72.7538
21.9401
20.2813
12.3412
19.6165
21.2107
11.1302
32.2567
25.4693
37.4117
46.7137
26.248
32.7828
19.6638
12.8069
20.7399
14.8519
44.3002
29.721
24.1256
19.6718
16.8431
17.0972
12.2218
22.6902
20.1685
10.8982
15.5639
18.0982
19.6052
8.26351
18.019
14.3093
7.21341
30.7982
12.8271
17.5088
25.5909
14.6028
20.8115
42.5334
13.8561
37.0718
32.3479
24.7091
14.3342
53.3123
12.9398
24.2603
24.0681
17.612
25.5063
6.31798
46.6485
10.9314
10.6889
10.4172
13.6851
9.83623
19.6713
49.3673
11.4245
18.1744
7.09163
21.9551
23.5907
11.7885
14.0805
13.8147
28.964
20.1056
65.1001
58.7236
19.6651
34.9732
89.5126
14.3272
44.7957
29.1264
50.6288
17.7271
17.9246
45.0148
20.8048
77.724
32.8345
14.9185
12.4556
24.4707
62.0604
35.7891
82.2039
40.5522
31.1288
36.2703
9.25169
37.7246
47.36
15.3327
30.4953
8.9458
21.6277
9.08047
29.5541
14.974
7.10535
7.20527
46.2692
24.6889
42.9876
10.8697
12.8333
20.96
19.0742
38.3272
19.6553
10.9159
23.9438
38.9655
9.72601
74.8549
8.08162
16.6465
20.3457
18.5068
11.3685
11.1522
10.0537
10.8421
43.6957
19.4671
12.5843
21.6534
23.0535
16.8122
24.2594
11.9539
22.1833
25.8756
32.8645
26.2335
43.6845
19.7318
53.9278
29.4259
23.1768
29.2122
6.98632
20.1186
20.0336
11.7884
17.9648
10.2762
50.8489
33.06
17.5704
7.53218
51.5607
25.3553
22.3194
8.12437
15.7411
20.1645
48.5792
79.9781
25.2936
38.9469
7.37848
42.9574
23.8036
42.8312
16.6305
17.1683
37.5045
29.0632
21.3109
53.1841
18.0997
8.96426
24.136
11.9247
18.4261
15.4632
23.055
39.3826
65.207
15.563
22.7374
21.325
22.3063
28.8369
9.56013
41.6585
22.6357
8.29538
20.3531
19.7435
16.4465
12.3995
5.24613
35.3232
32.4092
10.7268
13.3325
11.8432
64.119
15.9814
23.822
21.2146
37.2665
18.4022
5.9359
11.7697
14.2088
19.0961
16.1583
11.7353
32.9229
9.93434
17.2175
13.0307
30.0854
26.1978
26.7526
37.5424
17.6368
10.85
67.8584
53.1094
8.5213
62.341
9.32442
24.911
27.5627
50.3494
16.8882
41.6531
52.4229
8.35974
21.5283
18.8763
19.7463
12.4538
64.5066
12.8862
28.5868
14.1616
36.4073
11.495
22.4435
24.8908
16.5103
12.5174
13.7367
33.3476
5.25738
9.58167
21.6669
22.4765
56.0125
35.7261
36.6036
9.37955
25.856
20.5611
10.6039
6.62732
33.7564
47.1437
22.9409
29.5458
28.9019
10.922
8.43843
6.48009
25.2983
16.5752
9.16685
36.9272
14.2098
11.6934
9.25889
21.3598
52.106
29.2772
14.897
32.6122
87.2541
7.83482
69.6351
21.1288
44.4443
28.8547
39.809
38.726
10.3495
23.2631
18.2984
31.8034
4.60094
8.09587
48.9439
15.4755
8.8509
24.096
16.0793
28.4261
16.184
9.05666
15.2122
9.78454
34.983
27.5715
21.1015
11.0953
19.7041
12.0561
10.502
25.871
31.8724
18.1626
41.2838
78.1937
21.7543
24.4415
28.377
20.5738
14.6326
15.9092
21.0683
15.4823
14.0622
50.7861
19.39
28.4387
7.53768
21.1522
11.5965
40.0616
11.7579
19.5178
8.59151
9.38065
9.28095
27.1611
34.1121
19.5599
56.4174
28.2033
23.6141
11.2458
36.5891
22.3441
41.4194
10.7746
67.141
39.9128
23.8906
44.1932
11.1743
26.3026
29.9663
39.5906
20.1339
18.2757
19.5881
28.6075
76.9031
37.6084
10.0683
19.1692
11.054
41.2543
12.3824
22.1054
16.06
20.2412
66.9588
34.1354
16.2746
9.82999
28.4128
28.3659
28.1309
21.514
27.7647
21.8097
14.1601
19.2688
8.81361
12.5191
14.0305
28.7077
12.526
43.103
22.0734
12.3876
5.15814
13.2328
14.8201
47.2825
11.3136
9.52863
9.4843
19.4604
23.2182
18.2425
25.5209
34.3288
14.3477
12.3981
20.7284
67.2205
26.0889
18.5425
15.6006
32.6036
21.7231
27.537
9.49328
29.9116
17.1918
19.2097
43.4467
19.6754
26.6605
24.465
14.0036
21.3966
16.0804
22.0695
14.8105
20.1798
19.8122
42.3373
40.0119
56.3658
10.7003
25.0786
70.825
23.8622
23.8878
37.2563
16.511
15.378
21.5438
23.0549
25.3072
4.85749
32.132
28.0417
24.8501
15.1904
10.3801
20.2044
5.74592
19.4962
13.5295
15.8606
12.897
19.1342
20.5576
29.0009
20.342
10.2776
30.9942
25.7748
30.5763
11.9647
29.893
5.03771
27.6154
9.57178
30.822
7.71011
21.2541
34.3922
7.98192
17.7664
6.84484
8.98763
10.3493
31.9578
11.2736
24.4484
65.296
8.29309
10.7072
4.51892
13.3077
6.91629
23.6998
45.605
40.6425
5.53724
18.3513
18.2614
16.0354
31.2239
18.7063
17.0614
30.594
21.4109
7.44198
25.7033
24.8523
33.7796
12.1898
11.3962
22.2544
7.46114
33.7195
15.1065
30.2438
7.36895
16.1152
17.186
38.0176
20.098
22.2782
12.1972
15.376
48.4548
26.6192
15.9633
9.18507
32.0349
5.18341
18.5196
27.7618
65.8979
6.71818
15.6452
26.4504
12.3806
19.0186
9.11975
34.6421
39.3581
15.2392
15.022
7.70959
32.2637
14.434
8.22263
12.2446
33.763
29.64
28.3835
24.1464
25.2197
10.5305
4.46399
34.6973
35.3249
52.223
32.5367
13.9681
11.515
6.18015
25.8695
39.1122
27.2848
19.0203
12.7489
57.3226
11.0264
9.32343
23.5989
16.7983
10.3197
31.562
11.0555
34.4127
22.5013
15.9918
17.797
52.641
16.3171
8.23234
13.6892
38.7088
11.7139
8.94868
6.84286
40.4553
20.2078
18.6527
26.8128
12.863
27.9184
13.7371
20.022
28.2344
10.862
38.6019
23.4931
10.4562
14.108
25.356
10.2342
9.21308
20.3655
22.7997
9.66123
18.0831
13.6205
9.32114
15.6775
42.3151
76.1227
7.88129
30.8667
15.1525
9.69621
22.6555
22.6822
30.8283
16.1661
7.43649
39.8552
24.7054
16.326
17.2325
9.9665
11.8236
37.7887
46.5305
31.9775
36.8977
9.90463
26.4903
12.7187
36.1136
20.0889
11.0534
12.716
27.0302
18.2195
10.824
7.58181
40.8659
58.7708
21.1833
29.9602
18.5514
30.2021
24.8118
32.0012
9.38344
17.2693
13.8932
7.48496
21.706
18.4832
40.4601
17.9995
54.2243
26.9657
17.5251
25.0949
19.4599
25.4136
24.1758
24.8994
22.2147
27.7222
21.2408
25.3275
36.872
34.1533
43.4348
22.8097
24.5071
5.42958
33.109
17.4166
15.5295
13.522
11.8418
46.0923
24.6155
44.3915
12.3623
31.5434
13.0131
25.0641
13.3477
22.8112
43.0696
6.43916
31.9543
14.5805
11.8191
9.37691
26.7654
10.4951
18.4488
24.4984
24.2422
14.4121
37.9131
47.5544
10.4179
13.0644
23.1723
36.7875
30.5293
19.1818
19.816
19.7454
32.2794
17.6927
8.78102
31.8589
11.554
18.8222
20.3727
29.9883
14.8575
45.7882
8.82294
11.8274
19.2398
63.1642
46.7941
18.9236
16.2059
15.9208
16.9937
19.6665
23.6279
12.0699
17.935
27.2265
57.0368
21.7179
8.42978
15.8929
20.0057
11.0817
8.83236
11.6633
24.6503
25.1263
44.748
14.5608
16.8824
11.2332
12.6974
31.9021
39.9592
57.3788
21.0942
9.88006
14.8157
19.7129
11.5559
10.6095
11.246
16.565
13.7521
21.0621
29.1955
10.9188
30.6463
25.2928
23.9647
31.2371
25.3044
19.6494
17.5585
16.6065
30.1188
56.3098
23.1445
13.9287
17.8331
16.3141
14.2539
17.8124
48.3932
25.7733
27.9227
15.4205
10.5079
13.4899
18.5492
23.944
39.5108
16.1248
19.3452
11.8327
9.79426
25.4659
40.5335
60.8081
31.8585
75.7421
33.1481
40.5671
34.1657
25.2861
11.9638
18.1929
28.1855
26.0907
3.105
10.2805
14.5787
24.138
9.74106
27.6437
14.4126
14.2437
9.08153
64.7018
18.2722
12.6576
22.5125
16.0357
43.4948
18.7518
18.2727
27.6641
24.692
22.5902
28.1127
10.5347
15.7854
32.4701
23.1211
12.757
43.6211
14.5563
31.7844
40.0573
19.7668
23.834
12.2039
26.0136
12.656
16.7049
7.98433
25.6888
14.8791
24.2686
19.7957
38.7149
11.9893
54.5942
22.7728
17.5292
29.143
38.2248
16.7799
36.7616
36.1196
3.957
12.5478
15.7727
11.2778
49.8043
11.6831
14.848
19.5798
23.6558
34.2229
10.6604
20.5571
15.5838
8.71913
19.8225
13.496
18.8093
23.9755
12.1134
14.1547
32.9014
20.6705
39.2001
17.2466
12.7095
26.9509
21.7918
25.4184
12.7346
35.5756
21.0326
10.0894
11.7633
37.9456
31.3174
16.0651
25.2408
31.6809
17.3167
19.8406
27.0259
27.7397
33.4566
48.7838
12.9109
19.2608
59.4911
13.3529
10.1567
14.3014
38.276
33.2647
22.2327
43.9061
14.5168
9.45495
35.0707
48.9145
16.8274
20.0431
39.711
21.291
13.3851
8.40867
30.5699
47.1999
12.8475
28.8063
27.9815
33.8603
21.0988
15.1956
11.3688
10.4952
44.1622
18.5223
18.9942
17.029
18.6207
7.84629
15.1999
11.415
6.19621
27.3892
10.0312
9.21546
12.5372
17.3519
25.9279
30.8065
10.1156
20.882
17.751
16.084
17.6515
65.2854
63.9543
47.4381
17.3181
10.4665
23.0635
24.2969
15.5767
24.2859
17.5697
12.2047
18.2197
16.4831
56.6786
22.2128
17.4074
45.0285
36.8703
28.269
21.3899
21.7734
18.4519
35.3718
15.3466
25.6719
13.1365
26.9155
23.1294
11.9139
19.7778
44.0036
10.2003
14.4851
28.4212
68.2298
14.7052
8.19808
9.04495
13.6169
59.0388
27.0377
15.5557
11.4371
16.4029
34.4728
30.7065
20.2625
41.4711
16.5127
15.3542
9.07593
16.3278
40.6501
29.9869
39.8512
19.8612
18.0526
47.5849
11.1908
35.8704
29.6599
9.29013
37.924
11.5537
23.0997
9.45138
18.7963
31.6965
28.3311
16.9237
30.449
19.7678
10.9508
23.3514
16.0689
32.2801
19.5582
11.5711
20.925
25.8675
17.2363
28.8436
29.3535
21.6424
43.5339
32.4659
16.8832
11.7591
11.5567
9.46524
34.6792
10.3223
23.8874
67.4542
29.5766
20.7583
13.5186
42.6105
15.1321
34.9271
17.3434
21.7053
13.972
58.8455
24.6151
21.714
43.1077
32.625
13.586
17.6211
13.9615
23.2726
26.8861
28.8662
38.2143
21.382
25.947
16.2338
16.8524
22.4929
23.1086
44.1136
6.36774
12.9165
16.7912
55.8984
27.3059
76.9587
8.32252
36.253
17.1212
12.6378
12.7846
13.2701
6.32569
10.0589
58.7226
9.61476
50.8384
23.0616
32.4788
4.83675
16.4798
13.1212
10.6218
14.3096
58.813
14.2349
56.551
28.2343
30.7041
43.333
19.329
23.4901
20.4065
4.70723
10.8298
39.8947
12.2706
22.769
15.4865
13.116
8.68046
7.22044
10.3136
12.5114
26.6139
12.0125
8.15889
20.5198
67.6186
21.3055
14.4922
6.80595
17.3366
17.5076
7.16817
27.6728
25.3243
22.7756
15.1606
11.4847
28.8848
41.9554
23.3602
14.0819
8.05314
16.5339
22.2818
16.4916
22.7917
13.0422
34.8241
25.3367
19.7675
40.2114
27.6337
19.9238
48.8099
26.0332
33.3791
38.2454
10.0812
19.436
10.2584
16.083
20.8949
7.86887
33.1469
24.6716
19.9564
25.6653
26.9368
19.7373
19.5563
17.7105
11.9935
14.4099
33.7924
10.0578
48.4797
32.5022
17.0965
6.97387
42.9166
19.6018
14.2987
48.4798
20.6589
13.293
30.7047
23.3679
11.1281
10.5026
17.4008
33.9723
31.1237
10.8597
48.4048
39.5571
14.0026
13.1285
7.67411
24.394
7.75864
26.8466
42.372
5.00413
20.9625
13.1152
12.3674
19.9325
20.7069
13.7958
24.0071
10.9165
20.7348
36.8134
22.3107
24.0849
16.9776
12.49
10.5853
28.5227
32.8057
16.1619
34.3101
14.1883
15.4815
22.6525
36.2779
34.5719
35.6068
61.6251
17.6239
25.6606
36.7312
22.5784
22.5073
13.886
27.8647
25.3424
15.5427
32.7912
56.7854
18.2498
24.0344
17.9359
18.2131
61.1917
70.8592
12.3645
13.053
29.0336
20.2734
14.317
13.9572
43.3961
12.7809
15.2972
20.3777
30.7234
7.45853
19.4299
27.3674
35.5403
10.11
20.1408
12.874
20.7327
31.7726
27.7456
18.1666
13.435
11.5078
28.1419
24.7559
17.9644
18.7715
15.1901
35.7338
54.8595
23.6727
19.7742
14.6751
13.6461
34.4716
17.6246
13.2733
13.6645
26.0165
24.5885
7.37019
17.6299
12.7514
9.65478
71.4138
10.2408
35.2206
17.8964
10.6992
21.2958
28.5379
28.4931
19.4875
21.5318
8.04881
26.1676
8.06764
18.302
27.14
19.2544
24.8691
20.3674
7.73384
12.2653
4.88318
27.5206
20.1812
14.7375
13.9638
60.1665
42.4314
23.8793
17.036
12.884
40.1214
23.1285
26.9345
11.9384
8.11229
25.611
26.8535
23.6278
8.47939
10.0319
29.9536
8.76167
16.2743
16.9355
13.6842
9.86899
44.8932
20.367
39.7715
71.051
31.4417
25.5104
29.8331
19.3977
22.2161
9.39722
22.6645
22.3724
19.9703
14.9093
25.2877
22.8883
10.7065
17.7916
25.1655
14.6453
8.43586
28.5973
19.3668
32.8121
40.1424
24.7076
21.5274
16.138
31.7635
20.0402
24.5675
21.3292
13.7243
7.4038
41.85
20.7742
11.7054
10.226
24.1253
13.438
14.5447
12.225
18.9455
11.6827
23.1672
14.5426
40.3092
21.345
14.995
9.44079
25.1906
4.25925
20.1241
19.7985
11.1302
24.4569
19.0559
10.7218
37.8509
42.2557
22.8107
12.7016
27.236
16.9186
26.2291
10.7489
45.2959
13.1067
42.6842
9.3761
13.2206
14.8534
17.949
23.8041
18.6047
59.275
9.31286
5.37632
47.8094
51.3409
23.6847
10.9673
14.6389
25.1752
28.9015
29.9438
6.89568
39.9057
19.0055
34.8646
12.9489
82.631
15.4815
9.06393
6.39665
13.8918
61.5436
24.3133
35.2368
14.3256
10.4032
29.4778
37.4045
33.4621
15.8106
44.7619
17.9058
32.9576
35.1387
6.99909
40.4579
19.62
11.0671
56.2603
11.7298
32.6617
18.4545
14.4617
11.2801
13.1248
21.4407
18.5878
17.9631
19.985
5.89029
21.1589
35.0255
26.4014
26.2894
18.7719
51.7591
14.1167
48.8935
8.44803
34.1035
18.3566
27.9335
8.7417
7.61373
15.2014
18.5611
10.8681
4.48737
47.0326
57.0016
36.5504
2.55211
16.3528
28.7451
12.6587
48.6747
24.841
17.9416
27.1635
11.6975
19.2166
14.4858
34.2228
24.1249
9.92964
12.1342
21.5755
12.5905
25.7202
22.6838
11.0253
16.1951
10.4456
53.3601
41.9467
44.067
8.99074
21.6672
23.5674
9.65195
12.9183
20.8484
11.2897
26.8122
15.1586
11.0813
32.8518
23.8957
17.3897
18.0081
42.824
27.1359
27.1055
19.0978
24.8541
14.711
23.7428
10.1999
9.99872
15.5491
28.6679
14.4428
40.0796
27.2942
27.5986
25.3674
13.9048
34.3888
42.3065
39.5116
25.3218
16.8449
5.19683
38.1016
24.0577
7.13717
5.71494
37.5476
21.1383
49.8884
30.7974
14.1672
42.8919
42.8049
11.9276
16.352
77.8446
11.4402
18.2982
14.4412
18.6871
14.2275
16.8378
13.6902
9.91263
34.7923
41.3124
11.2934
39.056
15.0831
35.8023
23.3737
28.8118
8.80391
22.1581
29.1759
10.2849
14.3842
12.3869
6.29345
17.079
7.81417
14.7573
56.6875
6.01983
15.4864
53.8531
28.164
25.4147
8.98593
7.25473
9.20448
46.7295
24.5261
20.7833
19.2792
35.8187
18.8572
11.9426
23.5365
46.1688
10.955
29.2566
13.0411
8.2117
31.3915
27.6606
28.0234
27.1362
9.05829
11.8845
13.3597
8.7802
18.2517
34.2301
18.964
14.3324
7.45928
24.7879
27.9409
12.686
13.4967
11.019
13.4452
18.1654
13.2445
39.8497
21.08
23.2009
7.73945
50.3071
12.0088
41.2544
19.6883
57.0775
36.6591
27.9519
34.2415
23.2914
9.26195
58.674
14.3397
12.9004
20.7511
51.1856
35.6198
40.5874
14.9267
16.0389
14.28
19.3441
11.1145
43.5969
10.2264
31.3826
52.0819
23.9234
17.3839
17.4628
23.8156
22.0801
42.9596
14.3081
18.8855
35.7967
8.38014
9.04064
17.772
8.11687
29.6847
20.6297
56.5185
55.9037
29.4049
14.0806
20.3349
14.0117
27.145
23.8997
9.88382
21.0791
53.7027
28.3117
62.2801
10.6029
16.0226
23.7246
7.30884
20.4886
24.3131
7.25835
23.649
29.3667
33.024
11.542
22.9475
15.8641
22.8434
24.702
34.7098
18.4886
22.9547
24.614
14.0514
56.2299
21.5084
19.5536
38.4611
17.4795
33.6246
9.20433
13.3245
26.0257
14.5173
21.6991
12.65
14.855
43.8227
29.0108
8.86318
13.0192
41.8004
29.0428
47.5232
52.9687
16.3306
5.80302
21.361
75.9279
36.3777
34.7754
22.69
40.3651
21.934
28.2002
13.637
27.0694
20.5363
18.4716
16.48
9.42833
17.3959
13.9344
22.238
23.1817
6.91926
16.3797
16.4035
11.0852
31.3477
11.7786
47.4941
18.5538
12.2217
15.147
14.7251
8.42784
14.2945
9.19117
25.1237
17.3572
23.8763
68.0402
9.7815
24.6771
11.7091
14.8281
5.91114
23.2478
30.3905
26.0461
28.2864
21.62
8.71518
17.5071
32.7537
12.7893
23.7303
18.4681
12.2498
12.6529
8.8471
10.9894
21.6958
19.9454
13.993
37.11
23.0771
22.6038
16.0131
14.6688
52.9479
17.6955
24.7796
14.1317
42.0383
14.3047
7.69046
21.9055
65.736
50.417
23.3206
17.7735
16.5462
14.1908
35.1575
38.8043
20.4834
33.0544
28.364
7.12318
9.22422
19.5924
20.477
10.4439
52.2717
14.2027
4.71474
36.0803
23.4921
7.76625
34.418
21.951
39.9739
13.3435
33.3715
9.36176
16.57
47.0185
32.25
8.63253
21.6742
12.635
28.8019
9.6185
12.4815
29.8732
30.5746
12.47
22.8158
16.3047
24.7583
5.78138
25.9802
19.6463
34.9638
22.9012
10.3096
34.0929
29.738
15.3888
12.2621
33.6871
36.2445
24.1427
19.1954
15.2783
11.1155
21.5493
12.9505
19.6513
14.2487
15.9608
23.8139
5.29429
14.107
62.919
12.5101
28.7717
29.8957
17.1118
26.6209
33.3976
8.96288
25.9673
18.8074
61.1695
35.496
15.4003
15.8656
29.8854
36.8454
30.9135
12.9173
7.69067
9.6469
13.9847
7.53901
15.5828
7.33839
19.9524
14.2608
14.5036
17.0504
8.45246
11.3612
28.8143
19.5065
17.6503
9.02929
34.8976
14.0543
24.2549
26.8241
30.7252
16.9936
10.6448
22.2116
43.1961
18.0394
17.5666
15.5311
34.9711
11.8295
24.9749
28.2043
14.1069
39.79
12.0445
16.979
12.5636
2.83498
19.1262
44.1585
18.6706
64.2761
24.1261
23.3264
19.5503
16.5081
7.03116
51.6295
19.1995
18.8117
31.6301
23.7509
24.6561
11.7271
12.8632
13.5303
30.8453
8.97341
7.46576
8.86231
16.7272
20.244
25.0863
16.4201
39.2957
16.5513
32.4808
13.2378
28.1977
53.8682
20.2676
26.603
9.66942
3.4702
16.0065
20.2542
69.5515
6.90982
17.0838
33.5618
32.157
22.5935
37.64
26.805
8.62086
10.4041
20.7318
39.1162
21.5396
21.589
48.079
13.3442
20.1017
16.2677
20.33
135.219
10.8263
31.7515
21.4375
22.4077
43.7088
25.4922
21.3394
16.175
17.6172
19.9182
9.345
16.9572
40.9365
14.421
10.6558
22.5729
34.7363
21.3689
10.4907
16.4204
8.92916
13.3021
13.7051
19.5546
50.0047
38.1343
36.3748
12.4295
20.5456
25.3156
29.7512
8.15173
24.1238
35.4023
13.0824
25.0987
47.586
13.959
20.1959
12.8018
15.8615
20.0312
57.5804
19.8679
15.338
24.5334
26.5577
8.65781
26.9369
10.7702
26.7971
14.9555
12.6913
28.1675
9.81197
25.0065
34.057
12.3242
15.4904
14.8825
20.0548
12.4721
28.5799
13.842
7.74665
21.9075
36.3835
11.423
45.6131
15.8656
37.6517
13.1858
6.62294
11.7751
10.6924
16.7895
30.1397
45.5334
38.1334
15.0909
61.4658
33.3832
39.3863
14.8966
20.7418
47.1395
12.0464
38.5136
22.834
42.3411
13.8666
36.0384
57.6316
34.441
15.428
21.4365
82.0771
39.428
12.1929
20.4365
38.2703
10.5132
21.3804
22.7204
78.687
34.2451
15.3012
12.312
18.8482
14.154
22.8473
23.1913
16.7525
45.9915
50.226
34.2306
20.212
16.6659
18.9477
23.402
19.2384
29.2119
37.5374
9.71882
34.0004
17.2019
8.45518
9.84484
11.6699
6.78657
23.4853
21.2185
21.1026
6.35971
18.4077
12.0979
42.8552
16.3212
30.2153
5.7235
14.3269
35.4475
22.8317
24.9788
23.4871
26.3069
33.5109
36.1889
8.6093
17.5786
46.0399
17.4593
19.0135
8.89072
80.8188
46.2376
15.8573
38.4634
24.5119
11.8163
17.0354
17.2985
30.2468
19.4603
10.019
7.70086
22.3176
16.1995
12.4806
61.3136
22.0268
68.5607
17.7276
18.8292
37.218
11.4736
42.0623
7.91667
14.5797
7.48501
39.9506
4.52755
15.1821
10.695
7.89399
12.0448
40.5664
48.2002
24.7096
29.4273
23.199
9.91457
10.385
44.8083
56.378
25.1058
24.6311
17.9563
31.9492
17.2553
27.6409
37.9526
6.98104
83.6898
11.0465
15.7949
10.4294
7.68539
23.9661
22.1619
12.2532
27.9556
53.0391
37.5485
15.9244
14.0358
9.38497
11.4142
49.6147
25.1896
5.81696
29.0132
7.31175
44.8324
23.3548
38.3654
12.3108
14.6434
6.34559
23.8492
12.9648
13.9831
36.1842
11.0117
83.2787
9.62697
41.4631
33.5631
12.7641
40.0188
10.1472
17.6619
39.1713
16.7251
30.7274
28.1577
32.0792
42.2017
22.0883
15.0743
25.7394
13.9611
21.3005
22.4641
16.6853
19.8003
34.1945
25.3617
24.573
11.1549
21.7162
82.7552
33.4592
31.5329
7.57294
18.725
11.8175
26.7859
43.2762
10.739
16.2299
6.0843
12.1794
16.0597
25.1936
22.5666
16.9686
13.221
9.79989
4.62782
27.886
8.96008
93.1119
29.6469
16.1096
11.3456
9.78488
7.94348
9.98643
14.4974
12.0555
13.2285
9.2302
18.608
29.5482
29.5984
12.0011
33.8815
35.8225
12.8014
23.028
23.3718
44.1005
22.3675
34.0348
30.4815
17.4424
54.093
16.0173
11.1918
24.3878
14.3538
16.0771
45.8284
18.978
49.068
21.8325
12.9158
11.5229
15.6554
8.74784
40.6001
13.5334
24.7736
13.6126
13.9674
18.4108
11.3716
39.0701
55.0139
12.0332
25.4394
15.7567
13.7719
15.8755
25.3584
17.1325
25.478
29.4082
23.7892
16.298
11.8085
26.23
9.03671
21.2867
21.0484
26.986
13.8377
15.8291
14.9876
16.9891
18.1387
46.4347
7.56305
13.0156
9.59118
25.0979
14.1225
50.1388
44.9397
25.2139
17.4692
12.6624
44.5695
9.95355
56.4651
10.9718
10.3189
9.26239
25.4145
33.5024
9.28684
7.65048
23.0294
40.9584
14.7682
38.1693
11.9153
41.1498
48.0755
5.70619
9.33682
17.1144
6.33662
12.7154
24.9999
14.8766
39.6945
23.8863
33.9396
11.5654
15.2496
8.94641
9.03276
16.8305
26.4415
5.52249
44.1103
19.0016
22.2633
40.1211
32.2382
23.519
28.9306
19.3115
12.6125
46.954
12.2431
11.4388
20.1878
15.1857
19.3075
25.7618
14.0796
16.2396
20.1071
22.6314
26.7253
4.69484
24.1844
18.3379
38.5552
6.55813
26.9873
32.3865
40.099
43.553
37.8676
30.4411
29.1403
20.7525
29.4608
42.2198
12.7756
15.1717
52.9413
22.7469
28.8977
25.0853
62.1716
25.8746
52.0557
20.9445
19.0184
12.506
33.8126
16.9466
27.3729
7.95326
35.4151
25.9514
14.689
9.96224
35.524
21.1259
29.7567
52.2125
15.3522
34.659
14.0766
7.69432
19.6423
14.5596
24.0551
12.5627
19.1317
20.4018
35.3638
43.3186
11.5207
12.0496
20.2863
17.0874
13.6517
23.2998
14.1212
7.50171
15.396
27.2958
34.7151
10.7374
9.73873
23.7281
23.1765
27.3123
11.0011
13.4106
30.7045
17.6627
16.3008
21.8065
11.1883
26.0497
18.8895
31.2774
8.62588
21.327
9.50264
32.6517
22.4003
16.8709
40.2953
30.478
28.1694
8.8193
29.5453
44.0069
13.7196
36.3222
11.6157
33.1621
17.2532
5.85128
14.2847
16.8587
25.3825
27.7524
57.9472
6.60941
39.198
25.5319
8.82429
14.5459
19.9684
27.366
11.3152
33.3148
4.9369
31.1938
15.9398
33.5159
17.1184
9.98952
15.1654
47.3821
22.1178
50.427
47.7169
17.6299
21.3968
22.0931
37.5471
17.2722
10.3508
8.85797
42.0712
23.5537
61.0337
66.6777
13.5998
37.349
16.9671
6.09599
17.5432
10.1733
38.4444
18.4119
21.1578
16.1743
20.4187
20.1535
13.4974
12.1169
14.0468
35.0121
8.29624
11.0262
21.7169
41.0225
19.2697
85.6828
22.0156
19.3787
10.5819
13.6866
22.3494
17.0832
37.5372
9.75109
22.1025
26.2536
14.2822
41.8885
20.9447
23.0933
9.9838
21.9574
36.5403
15.1211
38.8927
47.8812
21.1137
6.33123
12.2279
26.0458
34.7681
12.5095
19.4185
21.0431
42.6792
30.1569
14.0602
33.3531
10.7393
7.80768
38.7127
19.826
26.1244
19.0769
16.9986
11.2519
20.5641
26.2036
14.365
40.315
23.6459
50.6781
23.1131
14.1361
18.2295
67.2783
9.82885
18.7838
27.0878
52.3066
27.2047
20.9103
7.94015
32.7899
9.54197
40.6587
19.3357
49.457
15.0512
19.0034
40.4006
13.3439
19.0363
7.9071
46.0483
24.4277
50.1969
17.5572
24.8391
39.1281
32.6833
16.8855
15.9127
25.9265
16.9031
15.5113
25.4827
14.7303
11.7794
9.281
19.2216
32.1664
17.1782
22.8178
40.3088
28.2159
16.3655
25.0496
12.2292
42.2001
51.4376
7.00042
11.7456
8.25516
28.8038
16.4883
33.857
13.3854
31.5408
24.2704
66.1007
32.6824
42.9944
22.6713
29.856
26.9049
21.238
20.6447
29.934
20.6052
35.024
15.2186
54.1186
56.6127
40.4714
19.5916
14.8195
37.1856
30.6417
8.85114
32.3991
27.8036
12.6488
21.733
22.841
34.221
13.3753
35.4036
15.7242
20.7423
20.1815
34.9019
8.54139
26.0837
15.615
33.4544
37.8872
7.76267
39.7495
12.4954
25.3956
9.52439
19.1087
24.6601
19.7447
47.3439
25.5584
82.8371
22.8529
31.9642
15.6742
17.2004
21.7138
22.9082
11.6881
16.5251
24.0271
27.4251
8.10753
7.49807
14.8917
42.1513
18.1023
7.64888
12.59
12.3585
14.206
34.7036
97.3779
29.8921
22.6512
33.7865
22.5861
70.3092
10.6289
12.428
50.9739
21.8836
17.8025
15.5996
10.0919
9.82022
18.6045
18.6671
36.4336
8.72618
10.6538
34.7456
19.7486
16.707
9.70345
24.7319
10.4957
32.5523
13.3174
20.4108
21.3794
44.2896
19.4119
42.7552
16.9436
15.0752
40.2233
16.6251
13.1466
27.45
26.495
17.9318
31.0106
19.7597
7.73542
71.5587
21.3341
19.2177
16.623
40.4537
12.1693
39.2193
6.77144
16.4285
7.321
10.2237
8.94038
29.7656
45.6377
12.3916
9.78183
17.879
18.9155
19.836
20.5033
7.41046
42.428
12.8869
16.669
11.9627
31.6147
9.26628
7.4638
12.382
25.3975
17.9049
43.2279
9.12816
14.2919
31.6797
34.384
13.6008
16.2496
5.83485
11.7509
18.7933
6.98082
45.8309
37.2508
10.1553
21.5728
21.2797
27.6151
28.1815
44.613
18.4874
20.6807
22.2833
15.4217
16.4709
19.5479
11.0487
11.3976
17.3987
14.1677
12.8067
30.9048
24.4845
37.6379
26.5142
15.2079
34.8056
19.3732
16.4945
18.704
35.6546
33.6704
14.7242
50.4133
18.2251
12.9928
8.80735
23.6979
13.1422
28.9499
16.9946
23.7935
16.1085
34.8776
19.4541
27.5713
10.6829
21.1898
34.8565
27.0842
22.1502
17.1735
12.5731
18.713
9.08485
25.4379
30.4614
31.5976
13.1666
10.9788
33.4938
44.4217
12.1041
14.0481
51.0654
12.2459
7.7979
13.7353
19.1575
16.844
14.8766
16.1733
7.80916
32.8503
47.2077
14.6257
27.6427
34.2097
38.9497
9.53628
12.9163
21.5956
18.7134
24.1742
40.3362
7.29118
25.0304
21.5113
43.3563
44.256
6.84226
9.20073
11.5794
40.7699
15.2138
17.8493
7.96705
28.9366
8.95804
22.382
23.6669
12.8778
21.0196
31.8355
35.7563
74.3745
11.5027
12.5656
12.171
25.675
25.0957
18.8526
24.8761
5.20073
20.203
18.0391
15.1073
30.2327
19.7233
33.5904
19.984
9.18259
26.2195
13.0188
10.605
16.5936
16.0767
24.4445
12.6775
6.67929
28.3394
19.2794
9.76513
15.7305
34.7341
6.42913
6.15854
36.9871
16.1494
30.8856
32.2772
9.87812
20.6281
15.7879
11.266
18.0685
20.7822
19.4838
39.0771
16.9862
30.6573
44.4439
42.936
47.4482
20.7404
17.1096
6.57809
36.0511
10.7356
18.9822
27.7399
8.98323
13.7463
35.5511
23.6077
12.6296
30.7415
18.4621
37.6246
32.6208
27.9036
39.0137
15.2584
24.7181
26.5504
23.9867
46.4749
5.23962
20.2575
31.4591
15.6962
15.9752
11.7416
35.1335
30.1198
36.4947
26.9469
34.302
21.8486
6.15775
31.8916
11.5139
53.4249
7.21941
20.8818
43.0944
53.9657
18.9889
20.4316
30.8379
5.68464
14.4808
30.3398
20.7779
20.0163
18.4919
17.9051
15.0738
24.473
15.6904
16.3445
51.3416
109.569
13.2482
41.0458
21.9209
65.5367
18.228
83.2362
22.0509
17.7714
34.6389
19.7154
35.787
20.0576
21.0616
10.9428
42.6906
14.1958
11.1719
13.4304
13.6297
18.7344
25.3526
9.86218
44.582
15.4858
16.6432
15.19
65.5124
22.9612
19.1945
23.253
32.9543
11.4384
37.6694
45.1362
66.6271
9.37876
9.82671
22.4216
32.9577
8.03638
33.03
38.4225
29.9343
13.9973
32.7131
15.1478
17.1034
16.9501
11.2287
32.6979
12.9149
23.5799
12.0426
53.1769
35.2781
13.0095
13.6768
20.7173
14.876
19.8433
12.2071
15.5407
12.1765
14.0342
12.5284
16.3877
18.5889
16.3119
31.0705
17.472
35.6607
8.48219
14.7442
10.4753
26.561
32.3318
24.6067
31.4799
29.0285
10.2226
14.9796
11.6141
20.2111
25.0628
13.404
7.17937
45.4675
9.80552
11.9036
50.427
18.2972
29.3112
15.5836
25.1549
16.4192
25.5075
27.862
19.1428
27.0663
11.2031
24.8306
24.6706
12.3357
35.9927
37.0594
22.1808
5.74389
46.6775
19.7738
28.0499
17.0133
29.4283
26.9977
9.43715
17.9443
40.6277
26.5186
21.9202
18.9475
45.3155
43.7554
50.6056
7.70087
8.35376
22.6403
46.339
21.7983
22.5536
39.0465
11.0384
24.4276
18.468
19.6452
38.763
30.2373
24.8189
12.5203
7.20275
23.8992
18.9628
60.13
30.7575
18.55
21.9897
34.0845
10.0182
21.2067
37.3865
7.63498
13.2111
23.1742
13.2444
12.7938
39.1037
10.9389
16.0377
20.7215
16.113
19.2425
39.6608
27.1405
7.7474
13.0832
15.475
52.0961
17.3715
35.4729
16.1879
10.6345
15.0591
7.09039
9.61218
15.2757
27.5665
15.8332
16.8981
42.761
22.6695
23.5812
11.8588
17.7553
11.4358
25.6104
18.7073
17.0206
15.0583
12.7464
31.4132
9.17752
14.5675
21.635
27.1285
49.1788
9.89544
19.1287
11.4504
23.6389
24.3211
28.9336
32.5613
7.16804
49.7388
14.519
21.3963
36.4204
38.8768
14.6431
11.3275
44.6692
17.259
15.0855
17.268
6.55208
30.2976
9.54066
25.3725
9.84716
27.7345
10.913
23.2397
23.4865
13.3411
35.0424
9.70634
38.5032
31.4833
7.27262
15.6129
24.1982
13.3764
24.3952
32.173
14.5186
27.1219
7.15272
22.4786
53.1983
26.7735
15.4974
11.7209
9.57262
16.9811
8.70988
33.3802
14.0003
24.1541
48.259
8.71281
18.4158
10.8584
16.1465
13.7484
20.718
14.3236
7.52756
13.3693
7.07092
22.6546
32.024
12.1497
28.2538
5.11623
16.1964
41.5174
13.6125
16.47
8.17481
41.3035
44.5961
76.6264
10.2849
27.0033
10.8891
21.4978
13.0797
22.3816
40.4563
21.179
17.0843
28.4034
10.9668
22.1737
55.8395
31.7981
33.7744
25.3781
14.1721
11.0513
30.5833
65.3661
22.8187
18.6857
10.738
32.5412
26.7827
31.7242
9.05508
8.01539
20.8716
34.9489
29.8975
21.7278
8.76859
25.3329
35.025
20.0146
6.57414
12.2124
12.8635
14.1771
9.711
22.3964
11.9712
39.8118
19.9356
17.8636
31.3059
21.8618
23.9107
15.2972
48.0951
7.688
16.5232
29.3941
30.3035
23.9253
33.5533
25.0312
35.8883
69.9242
27.7289
15.9376
21.1158
8.76927
20.4458
15.2731
24.3543
11.2329
40.3627
16.4781
10.2942
15.0139
21.487
8.12018
20.2121
15.6467
27.0162
28.9512
18.9446
27.6841
10.7264
30.165
20.9578
22.8869
21.4123
15.3062
18.2745
18.1862
13.8072
30.1881
26.9341
30.2675
62.8674
16.8186
9.05682
8.76814
14.8523
44.8323
60.9742
25.8411
16.5967
28.8304
32.3678
29.4222
51.1227
8.75766
28.7287
15.0123
14.5938
16.9485
7.00981
17.9357
19.3675
36.0818
14.9668
12.4672
15.9494
7.7602
5.72409
11.1842
27.4235
16.7831
13.6395
18.9127
19.2176
22.0336
14.3651
12.7343
9.17883
63.5772
18.1539
19.848
22.8349
59.5007
9.00872
9.24883
17.5055
30.4925
21.5442
9.80763
36.3484
17.2036
21.6875
18.575
15.8888
16.5473
24.6824
21.5761
15.5
18.4284
11.1916
25.8054
48.1254
31.6534
36.4086
15.0894
15.4185
11.1317
30.1866
25.5593
19.5984
22.0025
26.4021
35.9165
13.821
23.857
15.2614
17.544
31.8665
14.793
33.7759
22.9063
22.7825
36.8355
27.9036
12.5911
38.0075
13.478
46.5868
11.3597
44.2665
29.7661
49.0335
41.6231
10.0727
13.0557
35.6829
15.6947
8.07621
9.27226
20.0998
14.3093
18.2822
20.143
24.6381
25.0715
82.4061
8.25106
22.6623
25.8788
8.54154
13.2665
18.6217
51.2443
35.2731
24.5752
16.4132
45.0528
18.4792
31.8373
27.6829
40.8878
42.9467
46.8269
31.5646
10.7576
31.0137
5.34474
11.3405
30.2976
27.9766
40.293
18.202
32.1159
11.4694
28.6571
39.9276
25.2611
12.812
40.4927
10.9072
32.7526
25.926
12.8257
15.3989
17.907
53.2768
19.1946
29.0427
14.3317
13.6957
59.5891
12.3413
15.5567
27.4086
21.7564
41.5267
32.7718
32.4833
19.252
59.1678
12.4133
42.1328
14.281
14.3279
17.3623
25.1317
9.72004
6.63188
20.1301
19.0295
14.9179
19.9519
17.8646
18.6551
9.32139
16.0602
29.9467
12.4985
10.5429
24.2299
22.0445
25.9849
13.5485
18.4322
23.7613
75.5114
6.95362
7.87548
52.1134
20.3619
26.1926
86.8033
15.7287
12.7641
17.5801
8.2361
23.558
20.8255
30.7843
23.709
41.8129
33.0898
41.2594
13.297
16.2189
34.7788
9.35263
31.425
34.7485
35.8761
10.4157
14.8125
19.0917
12.9159
51.038
27.3472
16.1883
44.0181
44.7115
11.1445
11.0825
13.2947
13.9498
25.2555
13.1073
27.2501
8.79044
73.8194
18.4637
6.83707
18.724
5.73518
21.7582
42.5574
33.3246
10.3972
9.02037
25.2181
16.5206
27.6398
73.5968
26.4414
15.5385
17.8543
19.7296
15.3812
24.2946
16.9472
111.917
28.0086
36.66
37.11
49.9805
19.3273
36.5161
24.6642
13.7715
16.9087
7.93317
9.48397
43.4374
18.833
16.9847
24.0961
15.7418
14.9715
25.3522
41.998
17.9632
19.8859
18.7342
22.1895
11.5401
27.3294
71.4957
7.04203
24.972
23.8757
26.7595
18.1566
24.0331
46.7872
24.4625
16.894
31.1162
44.5564
14.4764
26.9823
19.8715
13.6836
19.2745
17.5801
25.5265
14.083
46.7064
17.3257
27.1453
45.9049
21.6052
11.6048
16.0629
7.80971
31.8184
9.12583
20.2212
30.0777
11.9276
24.9533
36.3844
3.97799
38.0527
10.0096
23.3024
22.2009
19.8103
31.4632
18.0527
19.7436
15.7478
34.2477
16.9389
44.4983
50.2095
26.7621
9.36754
18.7745
14.7924
47.6338
18.0193
17.6499
10.4761
26.0535
17.3897
26.5388
20.0578
19.1057
7.28607
25.7715
11.8162
11.8939
12.1515
13.6892
12.6441
20.8954
28.2469
59.8204
70.9142
21.4127
19.5137
51.0426
16.2393
49.1815
37.2195
8.68655
19.7147
15.3998
18.2374
20.3014
14.4154
22.0511
25.1249
58.463
35.6866
21.9485
13.7797
26.8572
15.452
21.3279
41.2212
13.1429
22.1963
24.9027
11.0868
25.1814
16.6854
19.6057
21.9934
50.1244
21.837
24.3677
13.8689
39.5291
22.6985
10.8108
10.5392
29.7104
74.5136
18.8389
8.56509
26.4897
17.8253
18.6846
11.0712
22.9959
30.3409
21.0557
31.1227
60.0803
9.33891
17.8609
22.6708
34.0145
15.0988
13.1835
23.2846
13.6169
12.4948
43.0699
6.71448
31.1265
15.9527
34.8953
15.9072
17.3401
14.1883
18.3153
8.06999
6.33557
33.1902
10.7794
16.1681
16.8476
21.0497
44.5263
30.3922
24.4685
24.8442
35.8417
19.4849
24.8353
9.46345
17.9489
15.2287
19.612
10.5795
15.6487
50.6527
18.8822
21.4838
39.4141
32.9242
19.3482
31.4704
13.868
26.1685
20.278
13.9308
16.7518
39.3249
6.58092
14.5439
28.4404
10.2554
32.1804
26.8243
16.61
11.2382
27.6851
8.93485
13.7407
11.0544
6.54616
6.41736
24.086
20.6526
11.877
40.8096
17.1686
26.8112
39.9074
48.948
6.12934
20.9174
36.026
10.2036
24.9747
18.1688
15.8401
27.0346
19.7269
37.0625
38.0441
38.721
23.7097
13.0022
31.374
19.9884
49.4448
14.2122
17.2099
35.4908
10.313
41.9212
27.3066
28.4481
10.3652
19.4674
27.2867
8.64154
15.6246
13.9926
14.8587
10.1289
9.95639
14.3438
10.7126
28.1597
32.4973
22.8612
8.42454
29.6928
13.6485
38.0801
12.8996
22.8328
16.6484
7.43845
25.1915
53.886
14.4457
8.25631
33.6194
37.865
22.2372
12.3835
20.0393
33.5238
16.2006
13.9048
5.56374
52.6464
58.6522
29.0832
37.0024
16.9244
25.8915
15.85
34.0729
7.96389
38.321
28.3743
30.1016
12.1043
12.8096
7.15079
33.2503
28.8348
13.857
19.1143
19.7765
30.3992
20.4744
22.7289
12.4873
22.0695
41.6329
43.6083
18.4328
36.9854
31.7738
22.6868
48.9917
10.8283
32.916
13.2191
22.949
6.25706
13.6172
17.9861
17.023
32.5606
9.16106
17.9186
7.79863
18.4433
48.9978
19.9236
6.25006
34.8627
7.88897
7.39106
26.122
32.528
29.8996
25.2902
68.1374
26.727
9.9488
22.9677
36.8885
20.9756
32.8312
29.5506
11.0446
16.5364
42.6435
18.4296
15.7607
22.2087
30.5803
20.9114
10.3875
38.5342
16.2538
14.7179
28.5643
12.8094
36.8774
89.3077
56.3887
47.3683
19.1856
15.826
29.0114
74.0567
38.937
11.8255
10.8607
20.3972
28.4068
23.7615
18.0205
21.6291
21.238
38.1445
42.7461
12.0823
29.9049
16.3621
35.5864
28.4737
9.76441
11.4828
12.382
8.96769
17.7406
17.4423
10.1494
7.90441
44.9852
12.035
27.5312
12.8745
18.0106
67.1919
15.8014
5.84385
15.7648
15.6842
46.5133
34.7379
41.999
12.5625
19.0788
14.301
15.5477
29.5036
17.1209
14.4538
12.2076
33.8908
20.3486
36.3772
28.9094
24.8039
19.1179
25.3559
15.6979
19.7885
38.9974
20.7027
56.164
19.1353
14.6316
13.2872
11.1067
29.582
33.9836
52.8263
14.7951
28.0629
7.41287
20.2651
35.8569
20.9152
17.7363
24.9061
19.142
17.6889
28.9681
11.2379
22.22
17.8817
19.4269
34.9134
20.3389
11.3161
25.8886
36.8013
13.2618
27.1266
8.33293
18.3263
32.6231
9.4185
43.5626
24.592
34.4072
15.9791
18.2448
11.1784
36.6645
14.3419
13.1107
11.0313
6.97467
27.4727
22.5704
17.8101
17.2443
21.5059
16.5017
23.1631
21.8373
18.2635
43.1357
14.5401
20.7325
16.5956
23.8561
23.1528
20.7227
30.231
10.6648
23.8118
50.7842
30.1024
32.2273
9.95
12.3598
37.6412
9.63991
7.02912
40.2949
15.7299
24.0574
15.1607
12.3319
28.3213
10.2874
62.3267
12.8058
20.5956
11.2639
17.3699
11.8545
10.0843
7.37861
9.48358
7.60832
18.7853
19.3432
10.165
29.5197
19.8223
12.4482
50.5774
17.7606
11.2829
39.2297
14.9797
16.1845
12.1244
11.8215
29.2189
13.8529
18.3502
6.66958
10.0954
5.53699
34.1607
15.1031
42.2937
10.8321
28.4077
39.6199
44.9009
24.5471
10.2546
48.018
14.0185
17.6585
35.0931
50.1548
40.5224
8.99398
19.9396
6.4167
23.8097
31.5641
58.7608
40.3536
14.2794
37.7496
27.4036
27.5777
12.8516
19.3258
13.5606
21.1253
33.7895
18.2662
17.1356
15.5744
9.68442
26.3646
25.3095
22.1082
21.6139
24.3043
39.0939
10.7672
20.7325
15.7779
10.5537
24.643
23.5963
7.9592
5.47433
13.7111
40.758
22.1099
18.5938
14.0226
36.6659
15.9274
5.6482
24.5808
15.396
16.4474
29.6235
19.2909
30.2815
22.0194
14.0581
38.9843
23.8399
24.1916
21.2152
9.55176
13.4635
28.4184
14.4878
45.213
27.4713
13.1574
12.5435
11.0187
26.5871
13.3101
26.984
22.512
45.3458
29.6049
17.6283
8.94909
28.8385
9.66454
10.743
8.18966
16.3987
31.8076
12.4845
54.0156
20.1473
9.62023
36.593
17.4246
3.74795
9.72322
32.0275
12.2839
12.2395
6.19137
37.3813
20.8284
18.3331
17.5823
12.0657
11.2889
25.0872
23.2958
6.35712
8.15095
18.3641
17.4741
12.1957
16.6518
31.2553
45.8266
20.2679
28.4705
27.2073
21.3487
9.77323
7.81577
15.5046
42.5034
9.85021
67.7961
76.2714
11.1713
22.4258
14.7298
24.7849
32.8013
22.0978
36.8688
30.1314
20.4774
64.7011
11.578
27.8127
28.1905
15.8432
20.7372
17.9737
35.4692
10.3927
14.6841
27.0945
11.7774
19.9098
15.5714
22.6105
16.5261
10.9378
11.3008
34.7211
12.0449
34.8233
16.2894
22.5126
19.2901
56.4546
14.0629
25.9659
29.3589
24.76
15.8835
17.3035
11.3405
29.5775
18.5139
37.7903
13.2915
37.0996
16.7093
11.1235
8.90545
13.277
14.759
14.1281
14.3341
9.93663
11.4202
19.046
11.0236
12.3943
13.4936
21.5869
21.8062
19.9452
36.7962
9.67254
22.9353
24.4578
18.0755
31.7172
18.4525
19.5082
23.8855
12.4934
11.8134
35.5444
25.9566
33.3641
42.6283
10.9243
7.95725
27.0047
43.7492
28.9695
9.61376
11.1504
31.9353
13.4762
12.3929
15.8696
40.4764
28.2982
47.1248
18.5428
14.7958
10.5942
7.68572
33.8803
20.4742
13.4256
21.3362
18.5728
35.8559
21.9398
10.535
15.798
36.4836
15.1255
21.0292
47.9081
12.5879
25.676
25.6535
15.479
24.8594
14.4341
42.7795
19.8026
18.3004
17.0355
26.4161
15.107
30.1569
20.2036
35.6286
36.3518
24.9971
33.5709
13.7679
17.0938
25.3255
15.2296
20.3819
33.6599
22.271
18.5926
22.8381
14.6869
41.1506
37.1696
13.7425
13.4203
19.5102
20.1431
10.3658
15.7939
37.8183
20.2805
10.2479
13.3596
9.11247
28.4097
21.0138
20.8629
10.2869
15.4467
39.5244
12.8906
12.3568
6.42325
25.6154
14.3286
22.2602
24.1682
9.16173
28.1306
7.32632
15.577
12.4908
15.0947
33.3858
20.8811
29.3133
51.9002
22.0863
15.6927
15.8101
29.8121
23.9026
16.4439
14.2713
16.7332
23.0163
38.422
39.4752
33.5974
15.15
5.73329
38.5304
13.6793
14.0909
18.9522
30.7331
18.9605
15.0471
23.0943
21.8412
52.4556
23.5293
11.6073
25.7821
26.8903
19.8772
15.3052
20.0989
30.3957
28.4838
26.8071
25.4704
10.5003
47.6089
17.4781
27.8298
17.7509
29.7968
18.5694
32.6391
22.3023
34.1123
46.4956
27.2839
7.49774
7.41098
15.1208
16.7723
25.3061
12.5481
24.3104
21.0179
18.1886
23.2533
15.9127
32.2224
38.282
13.1283
21.4159
79.3321
15.3213
15.396
23.2349
37.947
7.54396
11.5884
21.0837
51.4628
22.9995
14.3473
45.557
40.903
21.6274
17.0885
13.8792
15.6991
11.2773
30.5499
11.3699
35.7451
17.345
19.0224
27.3664
8.45156
24.6718
28.4641
43.1583
22.272
15.7586
14.8875
9.07886
27.6142
29.9547
30.2033
16.0335
28.5866
16.3639
24.5242
37.9319
47.4532
20.6245
14.3635
9.94342
30.0623
14.0564
17.7971
16.8919
23.4974
11.6892
9.11531
28.6839
16.9424
31.5915
39.2173
23.8659
10.7881
23.738
32.7985
15.4637
7.45599
36.3051
26.4218
14.9971
53.189
9.08398
31.4911
15.5782
22.7167
17.6428
22.2061
9.70584
6.18718
12.6692
24.6187
31.1441
44.7238
10.8399
54.5181
21.5647
35.6173
21.4548
13.9051
36.1234
15.2536
11.6931
32.6763
9.62337
43.2026
21.1166
14.8683
22.9482
34.5768
38.2552
19.3151
10.3956
53.9386
25.6834
25.2851
11.838
12.669
17.9634
11.7222
29.5677
33.4589
34.514
21.1845
16.3307
39.3243
12.2455
13.7754
22.5045
24.1051
25.0611
6.87683
15.336
11.2916
6.02321
35.0662
3.8773
39.9542
19.5459
15.3794
31.0944
10.1624
35.0348
22.6066
19.8748
35.4516
21.4662
28.2288
37.2624
11.5185
12.1188
54.1359
22.5587
14.6804
20.4813
13.5633
42.7404
33.7644
15.4942
62.3818
5.45093
16.8966
22.2783
23.0775
12.3239
56.8984
22.8764
48.8422
23.647
10.1002
29.244
24.5621
36.2542
8.07546
16.0117
7.81544
20.1847
6.16702
27.6511
54.6289
15.589
12.5747
23.2271
26.9207
15.3521
21.0686
12.3394
53.7899
9.64179
25.3404
10.2763
30.5016
6.03429
17.6334
17.4404
20.8977
6.68001
12.194
8.94881
20.8261
23.1776
17.8627
9.29259
17.8834
17.4796
32.5147
11.5017
32.8136
60.3757
41.8025
20.4283
8.99803
29.4635
6.21233
16.409
38.3109
14.2511
31.9265
23.3143
20.1893
7.38724
14.2593
17.4837
30.7613
26.5683
19.7217
54.5599
32.4007
21.1519
26.1979
15.1056
14.7451
28.7938
15.2267
37.3088
9.62294
19.4417
28.5726
19.9371
25.819
54.5783
18.6413
21.859
9.71294
15.5798
29.6802
8.12348
24.625
25.238
11.7217
15.2881
34.3956
35.4264
45.6436
21.0996
10.4641
14.4499
27.4703
16.3525
18.6285
18.5219
29.3282
27.1478
19.6506
20.8771
30.3675
42.6465
12.0926
10.7581
12.6856
16.8158
11.3638
30.6797
44.4091
47.883
4.33013
18.8162
29.8491
14.0997
28.4672
27.3325
14.6449
5.76962
33.3321
31.4037
26.4096
7.86122
23.5888
9.74812
9.49741
21.2455
20.0046
8.78856
6.40354
35.1032
13.6682
56.8182
17.8188
22.5092
12.2478
38.0174
10.3832
5.70882
16.2739
18.2552
29.6693
19.8953
23.0807
21.1297
16.6619
26.129
29.5422
21.1057
16.892
27.1814
7.00817
7.02705
18.4926
9.2819
34.8266
47.8392
16.9987
13.6132
18.1436
39.6928
22.371
49.034
22.0267
24.6557
8.97823
25.4951
14.5639
17.7308
16.821
17.5201
16.4211
62.1421
26.0286
23.7253
15.069
29.2134
10.0149
8.56443
14.6367
30.0118
19.0241
12.6221
44.393
13.4601
15.2945
39.0574
32.5658
4.91457
9.80152
45.7259
30.121
38.6109
48.2807
15.7241
21.4549
17.998
16.4682
66.1876
14.395
22.4825
11.7472
20.1831
63.3184
18.6541
45.0625
41.7007
16.9277
8.29988
22.0011
17.8431
13.5769
22.3465
17.8761
25.1113
8.83967
13.8935
28.9451
17.6519
46.7151
33.8147
10.3761
34.0672
28.5406
52.5599
17.9382
18.1693
30.8278
22.4922
19.4417
12.193
50.9095
22.5751
15.443
21.4759
21.5854
16.4514
15.8201
9.13503
9.09288
8.96717
45.9069
13.1352
12.194
11.2397
40.5869
30.8408
8.53786
43.327
67.4901
12.4939
42.4794
43.253
15.5645
5.52332
13.364
18.6722
48.4313
17.8241
22.8323
12.3599
48.6047
11.7944
14.0362
20.7154
25.001
30.8704
26.7772
20.9692
4.79195
15.9237
18.1943
28.4996
7.9717
47.1355
34.2452
15.8971
9.47074
7.81026
13.8248
8.88427
19.5315
26.7189
15.5959
10.0276
28.401
27.4541
12.5002
24.0437
32.2364
16.3463
53.3219
23.8863
10.4371
16.0088
12.4706
12.4557
36.4458
52.3204
21.9916
7.2839
11.3814
25.2839
28.6972
18.2198
14.7863
8.07422
41.0523
10.7368
32.6382
24.4027
12.9402
30.8935
24.5087
7.62489
27.5883
20.1671
21.9207
24.3086
16.0899
20.9552
3.31233
13.8066
37.4215
15.1934
17.3708
33.6545
15.1309
26.7092
21.2617
11.7006
10.3862
7.58687
15.2226
47.4113
13.7401
14.1779
17.6049
8.14222
7.82505
25.1493
25.1278
32.2331
22.9985
12.694
36.5168
25.1415
9.5784
22.2054
24.99
10.0865
15.2032
33.1906
11.9597
9.82694
27.1451
13.3229
10.02
17.8284
12.2617
31.1108
62.2636
19.0509
8.2054
36.0651
20.1899
27.8372
26.0838
16.8159
31.7992
21.0485
44.5558
37.9235
18.9341
24.1547
41.7561
35.7763
11.2277
10.0405
22.0792
45.9939
16.7476
31.8469
24.8364
62.3431
34.1504
16.1989
23.1834
46.452
12.6135
21.8454
28.9046
8.10711
22.3484
10.4904
19.4446
12.7745
12.7702
56.5063
15.1683
29.647
7.42621
11.8102
52.1777
19.7883
24.929
7.24994
21.006
25.8619
20.4079
9.35882
24.1418
34.8587
31.7483
11.5956
12.3549
12.6848
12.8381
17.2044
32.2197
70.3501
28.4642
20.5161
20.7129
17.9367
35.2628
31.1382
18.5603
14.385
39.2984
16.8689
22.5172
29.8041
45.8515
5.49656
10.468
12.0626
17.3971
22.4447
33.423
11.4909
28.3601
17.3449
16.7167
24.2821
15.878
12.1386
30.54
21.9038
16.1906
16.8303
24.9287
19.2577
16.8938
24.3881
8.39551
9.16834
49.8044
10.2731
19.2641
8.26189
23.3858
11.759
9.6796
26.388
36.5187
13.6845
16.7951
21.9827
12.3923
26.4344
20.5669
48.1777
41.2882
19.5275
13.6141
35.2605
11.7731
16.0929
9.81586
15.0926
7.4525
59.7278
23.7216
21.3939
19.8205
32.9775
23.5095
51.8737
24.568
16.4725
8.89625
13.4584
37.5347
33.2712
22.2217
26.9275
13.7679
7.70787
10.9697
19.9764
30.7645
19.8308
20.7465
16.9096
23.1891
18.1297
32.2315
29.4303
32.7614
16.7162
21.5691
10.6654
14.114
9.21603
22.3075
30.3054
26.4075
15.5353
13.7869
22.2593
21.19
33.8686
10.7535
16.5631
36.1956
26.282
25.5773
9.2901
30.218
12.5112
13.7502
33.7395
30.5889
19.6744
37.5312
18.6675
52.4338
25.314
19.2743
12.8864
31.0159
18.0651
36.3349
29.3824
21.1458
17.4626
32.2586
7.91509
26.9519
24.1826
13.4837
21.2672
18.1455
22.7328
19.2815
55.3172
18.7819
21.492
14.8979
13.8628
29.4375
29.0139
27.4697
19.411
10.5945
36.363
12.5485
12.2317
36.5266
14.926
25.1174
25.6433
33.4304
22.1693
11.5344
16.16
21.6778
8.74161
12.0721
27.21
11.7056
35.1351
26.1631
18.6793
28.878
30.1612
19.87
27.9571
22.2133
19.9461
20.6594
12.2124
27.261
10.0179
21.6626
27.9464
16.022
38.5212
42.9436
9.09207
6.72846
24.17
41.6182
28.4095
20.3486
19.3934
20.7929
23.7649
59.1456
23.6621
18.3159
8.8449
16.467
15.8922
7.53505
30.7429
13.9933
54.5897
27.8822
16.7736
19.1159
44.7416
38.3407
39.7533
69.2175
11.2721
9.07836
15.9751
33.9717
24.3017
105.897
42.7981
18.354
27.7117
23.0575
20.0047
23.1082
60.0584
21.8109
7.37666
7.90173
18.9318
27.871
38.6589
7.85917
30.4746
29.4556
22.6302
13.5208
19.4912
38.3862
11.3466
22.8917
5.41863
26.3764
9.31776
16.6138
31.8758
8.29584
20.0274
12.2859
37.7613
18.0753
24.6674
13.3237
19.9119
11.6335
10.978
17.077
18.9308
19.7293
89.7694
41.039
36.0559
25.2094
32.8359
15.8462
15.723
21.6255
13.1118
32.9768
8.41081
11.1872
28.2345
32.6616
41.2137
47.7337
13.1709
25.4909
16.6862
25.7091
13.7674
36.1973
12.8932
14.5828
15.8368
12.6181
11.3856
26.403
16.3008
11.0015
32.0732
21.0178
20.7582
37.5291
13.4542
36.7487
48.8383
20.1422
10.214
42.4671
13.9406
16.135
51.3232
13.3565
58.9848
16.1869
13.7758
17.0413
16.0368
15.3111
23.5001
19.6852
6.98943
6.99523
19.2442
15.769
10.3912
23.9856
23.0705
35.8271
14.4923
24.9152
11.3624
38.2892
30.18
18.975
32.6505
23.2603
13.6531
4.5649
11.3757
20.3907
21.3135
10.4286
27.7832
20.9166
26.9969
15.7397
54.6711
10.2429
19.5953
17.6666
11.3672
29.7546
73.7543
14.3296
9.31246
22.4405
20.4577
27.7776
6.21756
25.4523
22.2109
12.5874
14.5608
30.749
24.441
10.4224
25.6674
29.8512
19.935
31.1964
40.1029
14.1907
14.1367
28.9031
24.011
31.6929
29.1958
31.9233
11.506
25.8534
12.2116
45.6245
26.797
22.1794
10.7335
25.7753
35.0312
52.8723
29.2973
24.0078
75.019
30.2691
25.6988
36.6985
41.4658
9.08651
10.7656
21.7232
57.3524
9.82826
15.7509
20.4699
22.5596
28.0619
20.9303
5.66591
10.3913
18.5407
15.0555
13.1058
59.7918
22.3974
18.971
28.952
19.3624
39.2973
28.6118
18.2585
18.6969
21.2603
24.1299
17.3655
21.388
12.248
56.6047
9.94437
12.7994
21.2931
19.0411
36.1192
21.807
18.7543
19.2777
15.2093
24.1148
16.4277
32.6916
23.0574
37.5375
7.17091
54.1374
13.0701
15.8488
54.744
17.6584
16.6421
22.8286
13.6386
27.7423
15.6556
27.5009
29.3445
13.6738
9.58938
18.1237
10.8515
14.4775
26.2398
14.7907
11.9483
10.7588
10.4818
18.9741
5.78492
17.5299
14.8253
31.954
34.9488
54.4203
37.3863
11.2369
16.2902
20.2685
11.8636
4.6612
25.0134
10.7564
45.0077
7.03406
16.7933
21.6842
41.8888
12.814
19.7464
43.2288
14.0468
32.9795
40.7791
8.73219
13.329
19.3984
71.3257
23.661
21.8241
4.57409
25.7515
17.5405
39.9575
10.3111
75.3048
12.0186
17.1423
12.079
20.8435
6.47074
15.793
13.0302
12.4427
24.4224
42.932
29.6427
58.7469
18.3596
25.4565
21.3848
21.5486
21.1121
23.9971
20.8083
35.1159
33.7043
7.58504
35.7368
22.8105
14.4414
18.7922
12.9028
8.3608
13.3292
18.8852
21.1363
49.237
18.8051
34.2808
17.5576
54.0804
20.9268
10.1867
37.7335
22.6389
21.7117
11.0016
13.3982
17.2897
40.197
6.53481
10.5481
38.6881
15.1249
5.71179
17.6383
18.825
21.8378
36.3592
11.1455
19.6624
14.9086
26.5597
47.2326
16.4632
19.0663
9.77008
21.1002
31.5811
17.3165
19.5259
10.5711
20.8052
20.8199
16.0207
10.8365
43.6889
22.2407
21.4415
10.6166
25.9166
37.6881
21.7367
13.3006
24.9021
24.0379
31.0906
18.4952
18.4947
12.3619
12.5116
21.2564
17.2224
35.3696
22.832
21.6423
6.32571
22.8797
18.6201
22.0944
41.3907
16.7917
20.8279
15.0937
67.1475
12.6903
35.9725
22.6132
10.5158
35.4513
44.5185
14.4987
10.639
44.303
18.207
22.6017
20.8366
12.5883
19.5563
18.5539
15.4761
24.1124
15.797
23.7614
44.777
57.617
13.3656
17.9366
17.9037
9.70785
11.5647
36.1464
16.9258
34.9195
12.367
42.966
25.9819
15.7611
30.5893
10.9103
46.9631
24.8673
21.0596
61.8208
12.7321
38.4131
29.5528
25.2121
11.626
7.43195
21.8699
22.0696
13.4471
27.9316
18.6185
30.86
17.6895
31.898
27.9745
25.3728
27.4737
32.1101
9.66388
18.301
14.6493
30.8323
36.7476
20.9618
33.2675
50.1198
23.2312
42.1828
25.4298
8.98502
28.7144
5.61655
26.2819
14.5226
7.13279
40.9338
7.12999
18.7077
16.9862
31.8034
22.9887
12.4764
11.2913
37.1377
28.6876
5.08338
46.4114
17.359
14.1681
43.9928
7.86665
9.31474
22.8077
7.17595
5.19998
27.4582
26.2996
13.5712
16.653
9.73123
59.8688
42.4917
26.103
21.4706
28.2945
13.2479
9.7518
31.4645
19.8073
27.0043
24.068
21.6059
7.87052
11.6166
15.1224
17.9186
12.027
14.6457
29.7202
23.6649
32.531
23.409
9.9596
34.1686
8.28454
17.7865
16.0378
22.0845
18.8992
35.2496
11.411
27.5541
27.4117
88.2407
19.431
23.3284
13.9971
45.9558
11.1889
11.9149
18.9513
62.7816
9.40681
19.9926
20.1207
12.9361
33.5381
8.28315
37.0268
78.1253
13.8212
15.0364
11.5251
6.99812
32.2172
26.2668
60.2297
21.5114
14.7081
24.1176
26.9233
10.1056
15.0684
24.482
15.5943
20.7113
9.16632
14.1523
17.4785
20.0914
12.5293
12.8198
25.5547
56.2869
45.721
55.516
30.4589
25.8379
14.1804
12.8428
41.9666
35.3164
22.4397
25.2562
8.88443
57.3674
12.8403
22.8062
33.9457
20.9865
16.3345
15.1419
10.4151
65.3999
10.828
11.3149
8.6507
6.75412
18.923
7.46259
9.95794
22.1563
19.5956
16.0917
21.174
16.4476
15.8873
57.9002
24.7529
45.0582
12.0628
23.4314
12.982
53.083
26.9602
28.3537
13.937
12.1879
19.5026
18.4465
15.5182
23.6607
17.7374
23.6208
11.1321
11.6135
20.5591
10.416
5.96628
77.6972
18.8933
8.24358
10.3817
24.4607
43.8634
27.0818
25.1029
48.7941
13.6106
16.4769
13.5042
18.7333
15.341
25.1493
8.74931
8.09308
15.7481
17.536
16.5002
39.4076
7.31077
11.7357
24.9743
41.4242
22.4666
24.839
34.9515
17.7501
65.7064
14.3859
14.0055
15.6512
45.8867
51.4639
16.783
16.261
15.5803
34.2152
27.1604
17.8825
23.4818
8.5337
35.2609
9.66277
30.361
39.208
24.2707
29.7912
18.8131
23.4133
11.0965
18.3726
63.2614
19.4653
47.01
18.4869
15.3648
23.1546
20.8576
22.2817
9.39113
18.2097
25.4295
7.30997
14.6355
16.1508
11.8622
21.3154
13.7287
21.0073
10.3458
7.81811
11.2841
135.096
15.3703
9.9937
42.5584
14.6278
47.9212
53.8075
20.9477
13.571
28.0438
17.9153
13.9729
32.8438
12.5589
15.9601
18.7108
12.3579
27.4187
50.4459
27.136
9.2163
21.6191
9.2638
32.5034
21.2033
26.1973
15.6043
32.1029
26.3519
24.7065
18.1294
32.5827
48.5186
16.355
8.00192
16.0437
23.8073
25.0073
41.7405
21.4263
39.0984
13.9276
16.0249
24.8144
16.6503
11.2385
16.572
7.6743
22.527
13.0446
15.4974
29.957
14.6124
11.2454
21.5194
15.13
15.1577
15.6519
13.764
15.4429
28.0913
7.9397
23.0712
7.89721
21.1661
14.1623
32.2274
21.4704
19.0516
15.1732
45.949
24.8845
22.1379
26.7695
31.8268
17.1084
26.8604
16.3902
27.8843
20.5452
11.2934
31.9969
48.439
17.9238
20.5566
18.506
21.4687
38.5314
18.205
13.0653
12.3856
29.4935
15.3951
33.3974
17.7678
56.09
56.0254
12.8702
9.57475
22.0984
10.3605
21.5455
38.5246
18.794
15.1802
17.6641
98.9831
9.65856
25.6827
19.3209
31.5242
45.1915
33.3962
76.8032
19.8236
13.3416
17.9531
32.89
20.7189
14.1215
21.3662
15.5737
26.9891
12.9835
13.5647
37.8064
15.0001
16.8082
57.6392
19.7913
27.2247
60.1678
21.3348
32.735
26.5974
42.6662
10.1345
19.7034
32.6017
39.2435
26.5152
43.0204
19.038
11.0065
8.34449
20.78
20.2606
28.8342
15.8083
25.9908
19.7128
28.1745
16.147
10.3062
24.5037
11.6733
17.9426
7.1665
13.1248
25.5312
30.9721
9.32016
17.2907
7.44853
23.3317
13.3809
21.8749
22.2289
18.0166
44.8053
9.14257
36.6853
16.4878
45.8459
16.6862
21.649
28.3652
18.0781
17.395
13.4007
23.2221
21.6593
8.32867
13.2331
14.5755
8.78607
11.9135
26.1367
10.6052
21.5508
10.5663
16.3353
22.1836
20.3297
26.4174
7.13323
30.4343
48.111
19.0933
10.5193
26.9901
15.8132
18.6871
35.5684
17.2238
12.7792
11.8461
18.1827
55.8715
27.6007
24.6724
10.6011
28.887
12.592
26.5515
7.92458
20.3146
13.2765
38.3102
12.6925
13.8549
27.2046
38.3095
26.624
8.23881
34.8418
10.8087
7.84094
11.1932
28.6473
14.5599
12.8198
35.412
15.7813
12.223
9.36828
15.3322
30.7464
15.8383
26.6553
23.5184
17.7482
28.6773
11.3343
22.7483
21.4249
14.2131
20.6088
21.3659
36.4286
31.7305
33.708
10.3583
28.7083
17.085
16.4393
27.7702
27.9672
14.359
19.5251
17.8126
22.3197
10.5318
11.2933
12.2078
23.898
26.2145
25.336
24.7336
9.64068
27.8842
21.8398
27.5262
12.6582
13.5854
40.313
8.53782
21.2685
32.0469
15.2212
17.1431
31.0206
12.8805
16.1116
15.0772
7.57022
27.2107
16.6061
15.3512
34.3393
26.0808
37.7616
19.1226
23.9156
14.2899
19.8305
17.7401
19.9128
21.918
11.5463
12.5594
27.4394
13.4519
22.9295
24.8459
8.73011
14.4122
27.0593
30.2839
8.8061
33.0531
26.5285
9.94556
8.10512
10.7363
17.368
16.0385
20.8116
13.6686
17.3597
26.3113
20.3508
22.5027
8.5919
13.6945
18.3284
17.7712
18.942
17.0373
14.6841
25.677
9.44356
14.3002
34.2961
29.6237
8.29022
41.7787
19.014
25.3975
14.3992
27.9423
54.9596
8.85334
18.9601
14.3476
16.3921
10.5877
20.6138
34.1902
17.5311
27.8254
13.5141
29.0381
20.3918
12.2087
24.2229
30.8627
12.3632
5.5937
14.6496
28.2719
27.5567
10.4878
48.8761
12.3885
15.2651
14.8713
15.9238
22.9549
17.6693
24.6772
18.6645
37.2532
13.4498
10.1874
11.0747
35.8481
35.0006
33.2339
37.932
9.34988
24.4394
12.4903
25.7143
18.6527
35.2282
22.2729
28.821
19.0865
20.9918
12.4987
30.3488
10.9145
50.7651
24.4028
16.4156
26.4173
31.8456
15.8376
9.06288
6.70184
12.1731
10.792
12.3804
19.2705
17.0543
17.5928
18.18
25.0353
5.89445
56.0321
18.7543
35.4625
13.9679
5.8271
18.9609
10.1728
29.2696
4.46506
29.383
11.0319
5.89352
13.6212
21.9966
8.91197
16.561
15.8818
22.9226
15.504
10.8756
14.2456
22.3534
53.4722
17.2613
20.1211
15.9637
11.0738
14.1259
24.5676
32.7998
21.0407
32.8793
21.6956
6.67339
20.3138
29.6379
18.4
23.8366
26.6219
25.9645
23.4347
46.8883
32.4511
10.7394
33.6273
42.359
13.4631
22.7407
7.31688
16.0051
11.6983
18.8287
41.5892
10.7006
11.2161
18.2322
49.5784
21.8426
19.882
26.6314
43.931
35.1244
36.6575
10.8796
14.4502
16.3911
8.97843
35.0734
16.1138
21.8233
33.139
10.8539
20.902
28.3363
83.3532
21.9928
9.02232
40.3241
34.5773
18.5877
35.5521
18.4285
23.7126
11.6986
77.322
11.943
31.4098
24.6712
27.0634
32.9737
35.6371
65.5745
7.29965
48.4278
10.0755
6.00266
32.7709
17.4188
24.9444
17.1851
12.6856
11.8432
14.6078
17.9486
21.8736
9.52913
21.4307
16.1608
10.9764
10.7795
20.4361
16.1956
19.0991
9.01076
8.21973
63.879
26.5062
9.29616
11.3687
9.45782
12.2036
36.9832
26.1001
14.098
21.2199
17.8028
37.9388
8.11177
34.2363
27.7397
61.3632
32.4946
14.3482
25.1365
11.4715
37.0518
53.2021
19.2064
9.54666
12.622
51.1243
12.3982
20.0408
29.1562
12.6134
8.25733
55.6611
12.3431
23.7215
24.7908
14.289
27.4792
8.98648
25.6479
23.4757
16.6284
22.2297
19.2816
60.2298
9.74342
13.2928
30.4373
41.4739
16.1711
50.4415
5.19381
25.1252
35.0907
22.9407
16.0647
11.079
29.9298
69.3971
16.8349
47.503
20.6612
13.1736
7.00042
14.1961
21.759
6.21458
13.7093
13.682
52.5775
37.3916
25.3166
47.187
14.9017
48.4274
10.3034
54.7412
11.6281
11.8703
39.8253
11.8171
9.90538
11.4999
38.7098
40.0696
9.54476
12.1574
21.9372
12.755
23.1496
9.74649
52.4003
5.11231
22.7758
60.2639
15.0878
9.49025
12.3169
11.9549
14.4
21.8696
26.8526
14.6621
23.0169
13.3712
40.8733
10.2772
14.8293
27.9805
18.7541
15.1808
23.4583
24.5657
28.3713
37.9009
49.548
25.7112
25.3666
17.6247
9.99846
12.4424
44.6718
13.8282
18.4009
10.3068
71.8657
10.6213
19.3388
16.2364
32.1792
7.37966
28.1131
13.2444
21.0962
37.1771
24.9196
19.2896
18.9017
13.3026
27.9528
13.3319
7.19473
15.0353
44.9441
18.3698
23.714
37.4917
20.9766
9.73334
6.85727
19.9181
51.0854
21.8562
19.9109
43.3358
4.84268
29.1399
8.53007
25.2833
18.8221
23.7384
34.0972
21.2901
13.1755
14.2414
13.797
18.8864
42.0481
16.9975
17.3339
19.7567
26.9186
11.3724
22.3828
6.50799
21.8886
14.2954
18.9117
53.9633
8.9272
23.2689
10.224
19.5624
23.0462
13.912
23.8769
9.57443
15.3473
33.1237
30.8751
23.4244
22.3719
25.5318
13.7742
16.2021
9.35381
18.8557
28.8879
26.5688
25.9753
18.9054
15.1539
14.3154
33.6273
27.64
10.5672
19.828
11.1896
19.4619
34.553
24.0749
21.0006
13.2194
12.4673
16.3132
25.6261
29.861
12.4808
12.7846
26.4671
17.6167
31.3037
17.0444
17.2449
27.3857
35.3779
46.1473
5.71799
13.4312
17.4122
62.5775
22.4647
23.5106
26.2583
45.5032
41.0404
14.2175
23.3663
13.634
14.8153
43.2905
17.3817
19.9243
12.7059
17.6076
9.76876
40.3632
29.3779
13.3431
10.9392
24.6658
11.2049
31.9642
18.617
20.0825
13.3301
23.7417
16.4439
15.5671
10.7856
76.1047
10.0668
34.3317
8.98073
38.1407
20.8423
53.4407
8.30496
7.29335
62.317
19.0975
25.5244
16.5695
29.5131
9.96594
17.3758
27.6978
7.20922
15.8644
8.67244
25.2489
50.6993
24.1715
11.6283
14.1697
7.0932
28.0838
47.5181
21.3015
6.5348
11.6295
7.92964
27.1337
36.1855
11.0634
17.1395
27.568
28.8467
12.4545
21.8287
16.8385
15.1201
10.1107
34.6985
12.3007
15.7554
17.637
43.8759
14.1322
27.8863
37.2456
17.0868
7.46951
22.6141
24.3638
13.4898
9.61679
25.0329
27.7313
15.9997
15.8816
32.0446
60.9074
12.5575
41.4532
24.4615
9.02713
14.4108
10.4
16.2706
50.0717
30.1963
24.6096
41.7125
19.4688
31.3448
23.2485
14.1215
17.9996
16.0963
17.5787
14.5672
19.6604
36.1348
15.9162
16.5126
10.2129
35.4962
18.1493
55.5898
27.971
26.7745
19.3187
22.2471
47.9074
18.2445
12.4967
27.9102
9.37059
19.9122
9.66984
12.9524
36.4984
30.3138
2.54456
63.1855
38.7786
17.5428
20.1679
30.0371
6.11913
9.87336
12.4817
35.895
24.1879
20.5628
17.679
65.2091
5.33652
29.6346
20.4513
13.9773
20.0738
54.4912
13.1937
27.3258
7.83276
36.4878
28.5449
40.9822
34.6595
61.257
27.8353
9.99625
23.527
17.7738
7.13487
5.04867
20.4265
23.4899
11.518
16.8635
13.1254
21.9584
18.5805
41.6622
21.2572
29.8512
10.2271
21.125
6.61475
17.4781
21.1819
18.9873
28.1544
26.8424
21.0628
10.4258
32.8875
50.6241
44.1897
22.4714
41.9608
13.6494
7.67681
30.9563
39.9542
25.8588
16.0819
28.4365
10.835
6.97756
12.6769
15.3866
15.8168
35.4553
25.011
13.3669
21.8253
20.5389
13.0864
14.2541
16.9597
16.3474
26.3428
3.36412
13.6922
24.5118
50.8653
7.22418
33.8822
15.5413
15.3098
16.6003
23.1958
11.7606
15.826
9.06212
14.5641
17.1624
18.1621
23.6188
23.0612
15.0757
15.311
16.0704
42.7946
16.7524
26.914
69.6425
29.0471
15.077
13.3649
16.487
11.1242
9.22599
26.3827
20.735
11.5415
15.361
48.8495
22.1127
34.0078
16.2878
8.30254
15.7298
18.053
11.6485
10.6066
23.672
60.1239
12.6296
14.7038
21.096
37.7198
16.1918
8.13381
24.9472
37.6076
16.1958
8.60363
31.0416
40.9013
25.1214
21.6697
19.1114
13.4779
29.9791
26.8794
29.1046
16.6644
12.8271
40.0844
5.81334
23.0407
20.6404
19.5782
22.2116
16.9019
7.04414
34.9539
16.5503
8.92619
23.8626
9.36928
26.3403
22.5743
14.8179
20.9644
60.3122
47.5712
25.5667
29.6319
16.1849
13.8472
16.1321
7.13905
18.096
26.7919
24.0962
34.6893
17.9759
63.4282
21.595
14.6681
16.2913
12.1173
20.1271
51.252
41.4576
8.77127
15.3137
21.0219
21.3386
17.9097
39.2516
20.4748
20.0798
11.0775
25.0444
27.2833
22.4355
10.2775
23.2342
43.6467
47.9685
8.40865
22.9923
16.3078
9.52253
29.7255
14.8255
47.2144
14.2733
24.9695
14.252
30.0879
11.4973
12.7341
8.76662
108.579
32.5613
46.2247
8.5133
31.0743
35.302
27.1906
18.203
46.3446
30.1722
8.69047
10.2295
26.4911
7.76964
20.2413
37.1083
11.3274
39.7369
14.706
14.911
14.434
12.2527
10.8397
15.5434
14.4338
31.0817
13.5875
12.0393
21.5906
32.5669
41.8557
9.52489
16.2819
12.3803
15.7466
14.7488
12.739
18.5951
17.6044
26.2727
10.6414
21.7302
51.4244
17.0769
16.7298
10.6547
22.8842
22.5189
28.4219
16.5768
8.81993
41.5282
9.88708
41.5698
29.9565
30.0059
24.6065
27.5373
12.1207
17.8494
16.7682
7.61001
14.6123
30.2601
21.9015
16.7449
13.1635
14.4583
12.9158
22.6342
30.5426
18.0292
6.91867
11.7983
16.2538
11.2052
29.7349
15.1435
19.8007
17.4179
25.6122
34.7121
15.1496
17.1736
15.1284
19.5642
37.5269
14.608
20.8955
30.9962
11.5481
23.5249
28.9666
32.0564
28.3865
10.835
13.3274
27.523
24.8095
14.2625
17.0458
30.705
19.7644
42.2925
34.2427
27.1497
37.6074
26.3429
26.1286
33.0648
34.6334
11.1021
7.80096
20.0262
12.8993
12.306
9.93926
41.4342
19.7472
38.7545
14.9589
29.4837
8.33914
7.9389
7.98867
12.1936
25.2689
17.7704
16.8024
18.9386
12.1943
39.7647
45.7701
29.9249
28.3193
22.4406
27.99
16.9136
22.8162
19.5735
44.4052
40.7955
12.961
13.6966
22.7995
12.8888
40.1252
18.8316
18.3456
6.37975
31.8764
40.7697
7.19759
23.4508
24.1713
13.0772
36.4169
13.6335
25.7893
12.2126
18.5073
21.8443
11.6072
15.9883
32.6208
37.4883
13.5317
13.0312
23.1009
27.2866
33.9639
12.8492
25.2616
32.8574
10.1429
29.3261
28.2265
13.0533
10.8365
12.7307
23.6196
9.94503
7.75799
37.3507
18.7626
29.6692
20.8783
18.6202
10.7407
30.1977
22.0283
30.5551
48.972
15.8877
24.3461
17.3327
8.70713
12.0102
31.9666
43.3258
26.1629
27.7581
19.7044
23.2376
26.3488
37.8668
31.2594
6.18277
39.0136
21.1947
78.4693
17.4309
52.4929
14.2477
13.9739
19.8164
23.8308
21.1537
10.3744
23.4313
38.2799
39.452
40.7461
18.321
15.5568
54.2405
43.4584
19.3338
34.7539
25.0617
19.9161
25.6745
27.3574
12.8689
19.1105
14.1313
11.1095
25.1752
24.7823
24.4343
18.1853
13.55
10.5254
21.2131
42.6122
23.3289
34.3133
31.4714
29.0428
14.5896
10.4614
39.1268
17.9007
42.8864
30.9795
18.3578
17.8745
16.4463
29.4321
13.7
18.7502
19.1249
13.3212
30.3259
7.86892
21.3541
13.4288
7.42908
35.8887
15.2125
37.7492
18.5533
43.2205
23.9296
38.7955
23.1421
9.34103
28.3421
13.3594
25.1563
7.5571
13.5237
13.0142
5.0549
9.18513
21.3155
28.0475
13.6921
16.2346
63.6573
7.47546
12.9732
92.0158
13.8726
17.6716
8.75952
55.5943
15.149
11.68
20.4543
4.23572
33.5879
13.1022
20.9076
7.99739
52.4253
14.9425
64.5783
52.463
23.6487
32.5652
10.1835
14.0183
19.2909
13.6797
34.3569
20.659
20.3065
21.3131
14.1462
23.5515
69.6838
23.2796
4.52891
48.1177
33.2912
42.4554
8.12165
15.4296
10.93
14.7999
18.4629
23.5048
15.3982
12.1759
14.7551
28.1232
11.4213
40.7311
35.2018
20.1909
4.51157
16.9029
21.5212
32.5918
11.9876
13.9418
16.0004
37.6375
12.8395
24.9251
23.8934
23.3415
15.7055
10.1451
15.3613
7.05019
35.4519
19.3729
15.6403
8.48624
23.0151
16.1751
36.6072
28.8328
16.2928
10.1024
24.6985
7.64823
12.072
16.6115
31.8458
13.1566
39.7721
27.3942
16.68
36.4478
26.7285
48.3562
9.6319
43.0868
10.4031
26.3484
14.5786
8.81979
98.8902
33.0318
16.2801
18.7629
4.3568
8.56112
16.6451
13.2708
27.4742
27.4157
18.3632
12.7431
23.2265
26.1765
53.1351
12.0229
13.9035
29.5596
43.1538
50.8779
22.9429
16.7288
15.267
19.5359
14.9692
18.8478
17.4884
16.8473
25.0797
6.86935
14.5964
11.6294
17.1601
31.7291
12.6802
32.9364
21.8915
20.0004
24.38
11.291
8.1362
46.9877
9.81452
51.3339
31.4841
93.0858
15.2325
11.6253
25.8183
5.1513
38.9213
23.2212
20.8277
29.5503
31.8746
71.4587
43.8613
8.53546
72.7911
36.5594
52.1912
41.4182
25.8563
42.467
17.2029
34.1015
16.9295
11.744
27.7536
20.3485
5.30882
34.7038
17.1092
16.8142
11.8004
16.6042
16.3051
40.8643
9.92594
49.1658
17.7337
10.8382
31.5
12.4109
24.1436
28.5408
31.761
25.3122
122.333
13.8014
15.6803
11.4066
17.8002
27.3471
36.0119
20.0031
11.6056
30.2939
46.6916
16.4868
32.8024
11.9058
24.8983
9.92129
21.7166
60.5782
8.1346
17.1346
40.6306
10.8515
15.9779
36.9946
10.6531
16.9134
14.8681
12.5642
14.7417
15.3319
9.48532
11.6491
15.9332
6.45501
17.6427
46.2385
22.4486
15.3101
12.5117
32.3048
34.0145
17.1767
33.9087
9.46703
19.9832
26.971
31.3492
48.5343
28.6172
21.5816
22.1382
15.1144
70.1128
23.4729
11.66
29.0809
15.8201
19.9079
30.9469
18.7309
12.3747
6.66591
14.3359
18.4632
13.5252
26.5196
15.9812
11.7779
31.3198
35.0628
25.5236
12.4662
28.3321
27.8934
43.6452
33.1127
19.2452
12.6417
42.402
12.2687
37.8964
33.6042
21.4594
14.1463
53.142
27.893
20.5259
8.80927
13.8452
9.01674
36.9054
9.99992
21.6913
52.3263
13.6969
10.7819
29.3325
46.0699
14.7314
21.743
14.2224
13.9371
10.6802
4.73946
48.5009
45.2606
24.3015
18.8947
17.6215
17.396
12.2852
12.2465
34.8445
20.9422
26.9595
21.7694
13.9645
44.3237
37.545
30.3509
23.4026
19.7941
47.5669
58.3394
43.6072
36.249
19.1239
5.65888
23.3362
49.3358
23.3814
44.8237
10.8348
23.7037
24.0683
10.1696
15.9403
5.81284
26.6439
11.6003
14.2683
23.8155
55.1008
24.1443
24.3098
57.5559
37.3869
22.6834
11.9757
42.0749
33.7017
12.1949
19.2065
16.4196
33.1865
25.1426
102.467
10.7233
22.3635
90.1131
25.9647
19.2742
49.5538
22.9926
33.2034
34.1996
7.11532
16.7961
11.846
17.8315
11.1976
23.4352
17.6944
36.0515
14.416
15.1158
42.8304
18.1945
54.554
11.0902
16.0892
8.25492
14.0412
24.577
11.227
24.8061
11.6776
14.8197
39.8156
44.3023
30.9663
13.2818
34.2903
31.4723
7.60698
9.44758
61.9326
23.3229
10.4393
16.3737
7.33515
21.0955
9.68236
10.3278
27.9973
29.0349
33.9588
27.5481
26.2744
19.784
48.961
14.2445
13.0395
20.5918
22.1828
26.952
9.04181
27.1224
9.03552
11.3588
13.5069
19.7182
12.2546
32.2799
20.9538
10.3329
91.2266
20.8166
34.7906
16.7781
9.97171
6.60208
30.6309
19.1159
47.2998
53.1917
15.0534
13.1801
8.05164
64.9705
14.948
9.1859
32.1111
23.0909
22.4916
27.1597
35.5779
25.8648
28.9381
9.76657
14.1132
66.4364
24.1238
24.4503
34.9586
38.9856
16.262
8.70975
27.4727
20.6071
18.6304
27.4057
20.2348
19.8813
24.9984
29.2684
58.5254
39.205
50.3012
12.9998
12.9116
26.865
41.9287
25.0537
26.8065
11.8201
16.9949
29.4777
13.4844
21.1991
25.1528
10.1863
16.5413
12.6061
20.7632
17.5716
28.5233
28.8952
26.9553
38.5686
12.6076
44.7859
9.01434
37.483
15.7224
44.6491
15.7542
8.79128
68.6313
8.11391
20.3142
37.7715
15.1537
7.06558
19.4615
11.2579
16.5883
18.3735
42.4599
38.6139
9.02271
16.8493
25.6569
7.69178
22.3685
21.1571
13.242
37.1027
18.2455
24.1015
34.4777
18.3046
9.76005
13.9424
23.8575
21.9575
32.943
18.9637
26.1116
7.01963
30.953
15.4076
17.52
15.8194
12.6701
12.7017
43.2543
38.593
8.00708
13.0494
9.4936
33.621
9.95552
19.7731
63.2112
37.39
35.7197
19.6567
11.1194
11.7934
30.6006
30.2165
8.91605
28.604
26.0813
24.1868
44.2232
50.3805
12.371
51.765
8.80834
11.4451
20.0208
39.9915
21.176
22.6054
24.4468
45.8854
65.3929
13.3263
23.1419
36.4344
14.1083
16.0318
16.155
31.4927
17.1165
26.205
22.1314
39.0462
23.9421
20.558
34.6862
19.359
12.3252
29.6998
14.8595
13.1739
21.5325
6.75474
27.7228
24.6887
12.9346
10.6314
55.0958
20.4287
7.50384
37.3744
32.7672
44.2305
23.9823
65.7153
56.6961
13.783
13.9212
26.3953
16.0159
55.1987
20.3759
17.2421
13.4638
17.6254
6.3229
12.028
20.1861
58.33
45.0326
42.1659
17.7009
14.1669
48.638
24.0863
8.0845
44.705
28.8243
16.0375
7.75195
6.3214
22.9826
17.763
18.5636
24.3541
50.6524
43.4426
23.3677
20.5856
40.4108
20.4144
22.5011
8.44928
12.8265
25.2551
14.3891
23.984
16.5703
39.3206
30.8127