43.1549
55.4639
186.581
829.391
87.3402
75.56
105.298
53.0692
117.561
108.113
60.1052
343.015
179.813
14.39
19.832
29.879
60.9468
61.4013
233.201
84.6173
220.653
97.6743
193.494
71.6879
52.5903
202.957
41.7699
45.1058
30.0435
183.53
114.629
28.8228
358.905
207.433
55.6941
140.079
57.3351
487.911
74.0871
76.4187
491.384
282.587
189.433
71.1884
57.3134
417.18
26.6656
393.427
192.817
81.3771
92.0599
21.1413
211.573
83.8024
75.4295
80.4849
91.2537
209.332
27.3316
192.504
33.8304
308.415
151.24
41.0031
44.6235
122.653
34.6302
317.029
63.8191
224.791
105.267
34.1146
63.4765
115.974
324.38
268.666
110.925
136.002
69.1219
112.342
69.6397
81.3234
33.5729
54.5029
131.851
158.267
67.4751
315.309
21.2333
45.7858
134.267
190.085
161.384
41.1109
25.4152
371.498
325.512
204.402
284.583
39.0277
182.491
305.163
73.7487
143.6
70.4625
172.96
130.505
100.872
79.9675
317.871
246.991
130.307
25.0968
12.4099
95.5174
133.685
91.0944
398.03
110.074
73.0213
155.42
29.8819
29.3456
147.858
16.0101
23.9005
28.8042
87.2018
179.635
103.252
100.512
39.9109
19.7664
46.1842
150.198
28.9714
100.261
68.5837
293.133
373.112
522.091
56.6153
142.052
164.125
146.136
58.2217
203.829
48.3444
98.4844
328.263
556.216
29.6588
119.377
11.7697
199.228
47.6879
32.5228
58.7519
265.575
69.419
240.496
213.467
69.4802
118.898
39.7269
547.05
112.757
225.621
313.807
53.6523
54.105
82.9883
39.0984
114.726
82.3967
41.397
122.483
75.2541
145.789
98.6728
177.16
94.8166
138.606
77.7338
71.9738
55.9474
141.003
290.444
58.5286
157.841
33.3245
210.117
79.2469
12.8876
41.517
114.651
51.2293
141.486
294.21
29.0849
19.3411
86.3239
89.8254
58.726
173.551
289.923
83.4689
124.712
95.7645
65.837
42.1467
266.623
46.5244
50.5934
102.428
194.363
58.5748
26.1551
39.8888
48.9771
133.718
52.6199
220.097
119.802
45.6905
48.6656
106.771
223.681
77.91
161.101
75.6198
115.988
246.043
60.1054
465.885
34.0489
136.041
381.794
30.1012
88.6878
133.802
44.3092
36.0637
38.389
176.451
44.6458
125.632
225.873
78.4985
129.297
145.859
262.201
283.936
70.6912
161.395
19.4592
32.9514
172.825
45.8279
122.47
17.1205
22.6772
102.305
282.069
150.846
122.046
30.1599
65.5062
29.5857
57.0441
232.552
131.231
221.869
27.7933
27.9785
67.6327
233.61
64.4256
92.1413
562.592
32.2305
111.221
391.047
198.688
60.5772
341.055
233.394
56.9957
55.484
117.425
63.6074
190.579
320.304
287.308
50.1015
105.822
198.264
92.8669
126.338
74.1636
106.922
37.8637
73.9513
156.059
58.4886
61.4658
33.6208
59.3903
209.23
142.905
166.906
74.4242
46.6509
17.7405
65.0284
62.4677
103.687
141.529
10.1197
53.9986
26.1033
61.5204
20.6338
200.815
192.649
200.776
72.7065
22.0931
27.3273
212.039
176.084
101.98
20.5836
138.558
86.9768
151.809
97.0202
123.084
84.817
119.101
64.1002
107.827
71.5505
45.1766
168.579
63.5528
355.377
145.502
108.41
90.5317
19.5641
37.7426
102.562
100.874
267.312
240.169
32.4187
24.4357
27.5142
147.022
133.007
112.361
94.2875
33.2355
92.7626
41.5677
127.042
205.015
213.733
116.901
60.3741
118.282
68.941
18.041
231.766
186.14
215.149
69.2943
86.7298
143.245
140.897
74.2634
143.247
14.3797
103.608
37.3976
50.3732
20.7251
275.162
41.9867
269.114
67.7295
244.492
9.59985
443.385
162.319
140.347
90.8568
63.684
25.8664
37.7155
62.0048
69.6373
79.1221
30.9603
60.7882
95.0835
81.5262
207.814
144.188
233.905
148.639
66.3944
42.895
53.3495
135.578
43.3279
335.228
325.513
12.3878
104.344
32.2099
170.071
164.217
74.5267
372.296
97.9893
28.5204
98.2629
39.1995
23.8303
456.229
19.0498
78.889
131.83
20.4609
25.9528
239.892
213.829
67.0461
162.103
113.408
77.5952
96.7298
28.6858
40.2609
236.243
95.813
32.6778
12.907
169.47
77.2457
59.3548
36.8699
35.9689
84.6217
71.5454
113.457
97.3925
35.9653
22.9734
145.61
64.9596
16.3982
98.043
21.2295
63.3973
135.095
160.139
174.603
182.67
50.4981
107.146
33.3557
76.3526
21.8431
67.8033
48.9073
105.224
53.1006
47.4824
134.288
108.397
139.456
129.612
131.747
22.9372
133.973
187.839
44.8005
153.534
108.117
114.734
100.475
157.047
79.1571
26.4928
28.2258
33.5003
59.4228
22.4593
13.2139
23.8408
21.9975
160.204
39.6997
123.901
76.1508
73.7463
82.6677
127.564
65.8053
20.3546
75.9161
130.1
195.106
111.376
31.8076
121.226
68.1533
70.5426
56.0074
66.3281
65.8596
66.9359
131.606
140.955
69.8843
170.733
200.299
142.908
114.823
85.9798
90.6076
414.275
207.819
70.3053
238.533
58.2976
55.2666
21.4618
54.4595
24.874
132.953
42.8043
104.711
128.335
52.7047
18.6635
310.808
97.0702
147.325
121.609
26.4372
269.172
30.1187
72.2702
25.7108
72.739
122.289
43.5315
52.2176
32.8251
75.13
168.902
18.2593
126.485
124.18
31.3033
26.3307
60.2511
92.1832
59.8505
84.6367
47.6742
25.1616
62.3623
102.275
30.7342
92.2128
32.4563
23.3109
40.3721
167.643
223.391
134.603
37.3139
147.515
98.3072
91.1095
257.449
498.514
24.8741
77.2128
69.235
61.071
139.587
92.9436
190.262
183.537
132.641
84.2703
87.3062
57.3796
98.5731
55.3938
220.886
205.987
42.0742
58.1856
39.9803
114.967
21.1465
144.891
41.7593
49.8783
73.1555
124.609
84.8722
137.879
52.847
108.431
119.333
50.6478
125.454
392.109
80.5935
190.102
54.8609
238.694
122.612
81.7157
45.8496
116.816
94.4645
47.9242
25.6114
212.685
34.3066
364.319
136.761
18.8997
49.9132
88.0773
36.4484
76.654
44.3152
81.0442
204.159
220.436
83.431
68.5651
115.076
36.3582
203.55
28.7695
58.8684
14.8865
50.2833
28.5466
67.5665
199.27
151.822
150.079
190.142
107.149
145.397
74.1251
75.6465
285.521
23.8621
164.38
134.362
27.2118
161.082
248.327
16.4705
189.839
84.178
156.987
48.8015
117.606
94.5655
99.7048
166.54
42.0274
48.1599
87.4236
97.7393
42.6546
56.4163
183.728
154.652
101.351
251.191
51.462
92.9544
46.9088
98.0512
15.9072
36.1745
117.878
162.911
121.9
101.88
110.827
129.084
133.039
175.574
341.467
113.31
45.1587
52.343
96.8385
32.8983
43.6655
125.341
87.2877
159.906
95.2833
93.2861
73.5912
92.857
31.7272
37.5834
13.9261
143.962
133.877
104.759
35.8745
131.514
64.2678
78.7188
24.0681
309.798
116.341
74.3197
37.7897
79.2774
110.805
134.291
86.3823
33.1508
122.553
141.475
103.964
68.3355
166.633
48.5021
86.3361
41.5231
47.618
98.4663
25.6215
111.396
69.6089
233.982
125.615
49.4904
37.3555
196.121
99.634
215.606
23.9744
67.7841
85.168
37.0826
31.033
100.018
108.381
45.6951
115.894
44.3687
129.67
163.598
55.4383
110.007
142.372
74.4995
169.132
68.1096
85.8565
210.843
150.985
75.6666
70.4542
39.527
83.2278
182.482
182.492
327.338
120.795
130.83
83.6393
51.5517
253.145
32.9515
40.9337
57.1441
250.042
134.243
465.054
350.836
160.851
32.9056
204.769
76.3151
58.2584
64.5406
195.618
57.5907
153.373
127.347
39.7473
41.2102
152.454
11.7107
30.9099
27.4673
41.7413
185.393
64.4145
137.572
130.887
35.3175
214.663
34.1844
140.512
154.761
47.888
166.275
99.5692
60.6495
60.6093
107.937
110.123
55.5795
263.355
159.093
95.8073
240.74
270.953
59.5958
101.044
83.6108
17.5594
43.6113
214.085
27.1864
38.7635
77.4993
123.793
56.5124
23.8468
90.312
20.9567
25.7054
457.176
52.7707
25.4504
103.783
219.251
334.491
259.868
46.0278
174.055
158.177
49.8376
90.655
167.847
21.535
44.7125
126.439
11.5512
96.5509
30.9461
117.242
225.812
351.669
98.6957
60.0414
110.525
80.5718
24.6354
65.5921
52.9692
104.999
41.9671
340.012
68.8294
122.902
270.904
215.634
62.7853
120.607
91.3265
197.277
178.127
125.705
22.0874
41.2125
70.39
214.361
11.7025
238.861
178.233
133.174
34.1166
154.79
31.2433
53.3744
62.9521
203.991
64.0326
210.705
33.4021
362.654
194.376
47.4754
108.112
81.1954
55.5903
153.133
33.0584
92.8541
513.642
46.2887
201.417
162.924
69.2732
44.2179
75.2953
107.781
64.8412
66.3483
71.8988
48.1346
162.669
59.8422
115.348
49.9178
172.009
121.853
60.3476
75.5604
169.958
35.8537
99.0287
118.329
68.1337
56.9892
125.897
19.5647
65.3723
42.3928
23.7573
233.488
51.2348
86.2631
213.889
329.119
497.724
89.7757
133.534
28.3975
84.3605
112.981
98.1446
127.04
204.479
72.824
95.5569
34.1422
131.894
48.2997
64.3186
119.834
127.234
104.413
43.3191
105.586
167.364
16.4867
76.5798
363.74
91.716
26.0975
89.0447
268.39
158.21
322.544
92.0422
53.4119
222.865
465.876
155.852
56.0075
81.1977
59.9833
71.3292
304.449
80.6774
146.66
56.1555
108.226
87.1541
243.165
48.0152
123.816
194.648
251.111
34.7105
88.8034
56.2689
78.7218
53.0464
49.3472
37.8521
37.3173
205.596
197.97
45.7042
197.043
44.0567
61.564
108.783
174.111
73.2797
59.7957
110.688
267.226
39.7318
352.293
20.8499
228.767
19.9623
72.6305
39.5073
44.8463
144.3
34.9449
156.476
176.767
58.8557
362.223
54.8242
93.1109
98.1872
153.442
131.56
836.706
56.5147
61.2998
62.221
65.1836
73.7321
444.124
166.578
32.6532
169.415
170.702
143.119
120.28
94.3763
94.7901
52.5765
281.18
16.001
74.9349
89.122
46.4451
344.216
150.243
184.064
46.7594
430.124
31.5881
50.9101
121.489
63.1415
54.7579
113.083
245.524
158.854
262.009
80.8182
52.0605
230.723
405.546
65.8139
245.062
68.7485
25.9569
157.432
215.464
99.7248
60.7657
220.035
162.71
105.526
36.554
167.15
94.7464
25.7937
43.9988
370.954
67.2291
79.6041
61.2182
23.1882
135.086
135.02
33.4178
56.3484
24.2865
75.8212
264.306
101.689
22.7167
32.4662
604.908
68.0309
33.328
61.067
95.6023
27.5576
13.8736
282.973
45.3446
152.602
239.186
134.023
72.039
48.5824
74.6282
60.503
64.1816
341.371
234.606
34.7874
36.0591
426.545
170.644
22.492
189.066
134.638
60.9861
16.8034
105.88
254.571
223.857
78.6875
98.8491
353.663
412.557
223.536
118.091
67.0659
171.837
25.1466
34.9729
22.127
39.3875
121.901
215.25
65.1999
86.9365
126.3
89.3508
110.276
79.9185
141.85
148.085
177.451
44.6854
100.242
103.264
187.795
453.869
93.5366
113.756
115.339
69.2903
367.067
152.559
48.5309
244.013
71.8533
25.3076
260.121
98.1055
730.547
194.068
131.096
11.4533
148.871
143.583
217.704
152.369
114.597
56.0502
26.7177
47.2617
62.4081
85.9016
25.6899
56.9569
107.729
132.728
78.6737
87.3227
58.1071
153.81
333.146
33.0353
66.8121
87.2494
28.5521
54.0017
59.6147
190.395
144.738
71.8425
114.813
185.981
164.328
93.8805
73.2203
15.5503
112.332
244.288
162.291
274.001
33.0029
122.89
369.424
24.0002
48.73
146.648
125.105
142.088
91.4356
185.673
170.1
136.623
77.0748
107.743
72.7185
22.0939
167.152
22.5668
440.549
299.937
91.837
29.2011
52.5064
107.309
315.301
34.7415
144.106
95.8503
59.4105
66.6153
215.203
91.1263
457.632
66.6017
21.8606
70.0054
308.869
199.731
45.0741
52.156
31.1928
77.6231
157.477
28.5713
70.6461
24.4762
46.4271
128.755
43.6627
33.864
35.7623
136.787
165.811
139.245
178.291
58.8117
311.693
175.089
56.8442
130.086
25.8764
247.725
328.531
55.0288
163.26
60.9472
314.5
36.954
49.8914
140.632
60.8831
187.341
81.7854
270.122
58.6011
20.9229
106.619
45.5487
120.429
49.9217
184.817
35.8369
115.251
98.2152
56.5461
116.383
143.682
86.5648
32.5138
17.8462
123.699
34.7138
735.549
144.929
26.334
26.9403
87.2115
22.2558
82.3964
94.9504
41.1929
119.14
58.7613
307.228
56.368
24.5979
203.053
97.5154
115.288
331.087
116.548
232.05
24.5669
266.248
58.6919
72.0387
111.716
72.3811
145.161
63.8885
40.3949
46.1201
27.0201
102.772
158.128
230.625
99.5707
191.727
218.861
53.4014
22.9792
33.7079
38.5385
82.7071
73.4169
54.537
107.774
45.301
30.1023
115.883
121.726
50.1279
227.888
59.3516
46.2878
61.6286
19.0637
365.898
54.1275
95.4834
89.1938
16.9217
50.8748
310.498
211.001
335.495
79.3621
245.485
39.1274
106.573
336.028
24.9328
78.5513
372.838
96.4271
20.2228
18.9726
124.379
76.6329
135.321
164.28
604.182
49.4024
169.123
38.3824
79.1312
265.12
47.4094
102.064
47.4772
186.902
329.181
96.7566
93.6117
52.6609
44.7878
216.635
23.5427
51.2786
43.5171
25.8945
372.295
88.9016
26.2771
86.6789
15.9598
29.7288
228.445
235.996
146.858
68.5577
63.6198
32.293
100.641
166.87
449.085
255.465
17.8379
186.658
112.977
301.462
165.216
28.6668
69.8028
18.5825
91.4795
53.9698
102.232
72.5027
23.7815
36.2466
32.4816
219.395
68.6924
40.7889
27.4525
487.458
89.1504
41.3164
128.974
64.4296
30.2241
123.354
67.2674
35.8938
155.7
263.339
29.5653
52.0332
46.0294
142.131
121.058
72.5886
32.5252
192.801
9.16334
204.132
25.8278
225.953
34.9272
483.941
153.878
164.735
374.24
59.3331
160.622
92.3316
252.07
196.188
248.418
136.849
17.1343
179.041
57.0218
48.6044
61.2931
82.0491
66.0196
12.3426
35.1734
129.495
120.276
9.29843
34.9357
151.204
19.5067
18.4196
49.8156
133.373
223.65
114.739
132.748
61.9156
263.437
24.2062
133.128
43.6112
261.993
59.5084
20.7774
51.7062
56.1554
34.6157
74.5025
53.9681
87.258
53.1899
128.585
274.626
40.8331
218.758
19.4493
68.896
224.284
295.088
172.382
150.629
75.4695
213.358
168.317
66.239
30.8252
25.4866
137.04
73.5088
93.2288
207.462
157.734
241.187
37.3359
66.7364
251.137
119.331
87.7614
169.593
412.622
77.1252
82.3833
42.4594
92.7086
155.865
106.352
48.5954
134.932
16.6932
543.802
129.499
239.239
159.028
185.727
92.0062
24.6022
156.138
131.297
62.614
10.3472
149.358
41.4422
50.2134
206.546
66.9473
48.0541
60.0978
31.9012
39.4115
321.874
470.882
76.1546
292.904
25.1634
62.2807
67.4131
45.2181
118.788
130.303
217.052
106.398
149.236
38.2285
69.5822
131.828
136.654
177.715
128.922
34.2961
55.0976
219.703
41.8112
50.8379
101.954
43.4013
289.548
251.297
97.7106
23.1443
47.1865
83.979
166.897
56.283
184.48
250.514
98.3697
296.027
109.357
72.2329
45.5231
164.129
36.8818
228.619
16.1209
147.93
115.929
40.359
366.479
134.681
221.33
400.126
126.185
83.1319
46.3617
43.4066
43.0196
54.4031
53.7815
71.6885
266.616
85.592
23.9514
269.045
416.363
78.4518
62.4331
19.8843
113.157
139.812
173.392
120.44
52.3335
42.902
62.3125
105.5
40.5306
223.292
50.1037
61.9135
47.2111
59.9396
79.2227
29.5463
69.0715
159.932
17.1891
108.335
102.699
109.847
236.685
160.236
113.022
26.6767
70.8885
174.406
54.7169
295.009
172.802
17.7804
112.971
97.1226
103.038
41.9751
38.4303
42.7814
64.9572
496.387
84.0179
166.954
132.937
65.407
28.0601
43.4095
107.498
93.1963
57.8401
68.189
288.914
162.448
105.163
89.5523
37.5319
83.0975
47.178
19.4677
77.4438
260.975
31.5954
34.6463
71.3155
182.895
278.014
40.06
334.142
177.855
37.7003
62.6822
24.668
200.134
210.649
217.234
107.066
52.9338
162.741
39.1246
438.732
385.655
316.89
75.285
116.175
140.508
51.3505
131.478
45.1987
74.8647
214.699
98.9686
47.8077
28.4222
220.901
29.6373
117.291
42.4969
38.2503
77.3587
40.3093
30.1748
86.2494
176.159
368.774
182.863
202.253
33.5673
35.1303
88.9054
25.3109
214.235
76.3097
72.0977
18.0284
19.7349
167.674
57.7232
246.909
183.794
251.872
28.7921
44.6424
62.1537
21.1665
99.1159
98.3685
193.399
97.7735
53.1237
105.479
55.3885
129.147
83.0045
112.225
122.922
85.9676
89.9676
152.372
323.169
319.395
56.8266
12.6237
108.726
317.345
18.9011
40.2215
165.943
61.9029
122.103
117.68
244.343
43.4992
227.902
267.369
37.3512
79.3065
260.716
165.241
55.9937
76.0859
81.7499
141.723
32.9427
81.1948
40.1613
120.07
197.273
82.515
72.8224
89.7803
50.5426
30.5857
23.6685
71.624
373.916
251.138
42.6995
125.24
113.155
20.9793
33.9529
53.9111
32.4993
125.58
61.1866
100.712
14.7867
128.169
136.328
111.888
122.769
79.5105
25.3749
110.166
36.8308
123.298
93.1732
74.2882
76.3645
148.422
137.956
125.099
14.4903
99.292
107.615
58.0143
37.5824
47.2821
151.304
35.0596
88.8922
48.4105
64.6993
101.448
430.401
82.4854
46.0023
114.401
20.3327
153.11
379.318
128.422
29.8457
165.55
69.6565
36.7287
50.3266
144.22
69.4271
60.8915
72.3733
261.633
32.5466
38.8072
118.566
107.672
237.34
244.032
115.475
35.0276
574.563
78.1595
138.747
179.874
113.08
193.909
223.161
207.116
80.6327
191.382
79.226
101.786
87.1659
53.6188
86.1203
330.067
69.0522
204.548
298.272
142.126
182.299
376.178
218.962
36.6907
45.4322
151.733
78.5781
259.717
17.6988
46.3347
151.265
102.294
130.654
194.541
178.686
234.597
124.263
18.4284
65.3061
299.172
195.808
55.8141
149.226
129.337
115.337
15.6302
22.8035
52.4257
195.302
429.371
51.933
57.7655
81.9789
104.86
49.4088
179.998
193.919
20.8396
86.8051
190.555
86.3871
26.2493
168.608
145.428
113.56
30.6466
153.042
110.618
71.3128
93.3328
82.3949
23.1828
247.536
61.2678
467.845
104.577
80.0143
33.6346
209.635
51.0311
562.2
256.133
119.329
337.521
151.588
176.018
64.9587
95.9127
93.9777
60.9415
46.9229
244.596
166.663
104.499
15.0528
24.0497
137.028
50.2239
69.4801
285.856
60.6264
28.1683
355.434
27.9539
69.9388
64.133
119.813
26.734
33.6995
182.016
87.0043
130.082
165.893
48.706
14.5472
18.0397
75.5909
220.705
33.6413
53.767
136.168
29.8764
37.8899
272.329
95.9436
146.437
198.741
47.1
232.553
139.641
217
258.722
41.3453
195.319
212.359
40.1715
26.297
213.763
45.8524
15.9656
30.9463
229.87
70.6671
61.4522
57.8896
27.3229
31.8009
258.056
90.85
38.5887
283.976
20.9284
36.4817
71.1192
69.0024
156.677
105.172
190.964
40.9457
44.1133
56.1079
48.1327
31.2933
39.3721
64.9958
50.0219
103.054
118.553
514.743
50.9852
120.531
39.6574
79.1961
55.9842
48.0567
52.4207
137.195
38.2428
64.2705
24.0493
158.087
52.6255
85.5148
74.2179
13.7104
199.162
246.423
43.3509
263.553
16.9836
56.9468
212.759
92.5072
56.1577
40.8562
261.274
83.2326
89.8217
39.9794
171.251
30.4218
101.208
33.6679
142.817
32.3672
112.212
249.385
107.904
108.041
80.7118
78.2431
53.9338
128.382
9.70969
115.194
41.6697
26.2542
503.048
105.626
58.6851
60.6123
452.705
70.7214
76.6657
95.1142
71.1157
28.6186
15.1125
18.6532
24.0096
90.9085
44.9805
237.813
189.162
124.158
175.26
52.203
70.6801
124.834
45.1296
186.958
449.541
136.211
174.1
19.967
93.7043
128.432
156.114
219.135
105.963
38.4607
27.7065
28.7933
43.7544
23.8943
36.1808
182.042
187.201
49.5966
27.6325
42.2646
339.496
45.791
54.9892
54.9438
95.3061
182.045
286.866
50.5056
102.896
108.585
20.1491
97.4547
70.0181
87.0119
169.953
44.52
32.2939
54.8715
148.156
121.032
123.009
375.824
96.1426
78.0781
69.9205
58.6691
28.9851
49.7029
61.6123
118.206
27.4991
122.944
71.5448
132.239
36.5737
31.4511
344.549
172.614
209.353
244.607
69.5291
128.931
725.49
212.885
133.656
78.7887
89.8345
277.989
67.3142
51.9858
67.4714
167.901
190.92
23.8334
168.098
152.502
129.974
32.5533
47.4703
97.3986
62.8244
128.86
168.837
51.3359
103.776
188.505
293.333
167.504
80.7691
111.847
120.597
118.844
174.248
79.4684
127.5
123.199
24.9133
133.551
65.7835
19.9027
78.7623
187.571
32.2749
14.1385
162.841
145.621
357.448
62.2202
17.884
151.774
72.8066
84.3213
30.1781
109.442
401.491
138.872
81.6431
91.673
51.8822
311.246
55.2537
86.3522
29.3686
34.184
63.5334
111.48
105.516
178.411
148.656
95.687
129.413
98.6512
46.4502
78.3943
23.2238
33.8794
123.029
24.9066
212.385
117.532
144.61
70.8693
257.623
207.456
294.946
238.962
36.078
52.112
209.863
133.609
94.7167
24.9715
119.011
50.8273
130.633
343.942
71.6737
111.34
24.6063
46.1021
261.268
31.899
95.1804
60.1154
188.692
144.889
221.419
118.097
27.1313
212.585
32.824
136.879
91.299
35.6715
67.8673
57.4995
92.0965
44.3381
99.983
504.483
46.5826
27.2869
39.9219
20.9039
107.262
42.9731
18.8155
276.638
408.876
102.306
87.4499
138.33
211.723
138.327
171.047
81.1629
95.3757
103.095
81.635
101.61
185.578
256.431
77.8902
90.6651
112.026
119.536
114.549
187.241
210.813
35.7726
194.717
77.5602
164.624
19.7599
191.506
61.7053
590.926
98.0666
108.529
24.7198
99.294
25.4543
33.7772
93.2068
83.627
25.0459
209.684
214.724
46.173
20.6712
67.9498
53.5542
1066.28
80.2067
103.317
77.4455
18.0709
138.012
65.1784
25.5589
45.9924
100.141
132.782
151.632
168.636
287.689
93.1094
40.1984
109.907
197.427
119.841
122.394
42.7198
53.7119
14.9567
247.158
113.026
64.243
113.611
92.4559
367.376
23.3099
184.15
222.275
130.53
212.679
42.7686
33.5943
32.8688
113.751
237.182
131.72
196.881
90.1831
101.023
104.858
298.559
171.059
195.304
286.384
94.8539
66.7175
160.546
115.844
188.615
32.551
107.693
33.8926
31.7804
43.6718
113.516
94.5367
194.146
83.9115
34.4839
78.5578
45.6801
45.1637
66.9412
122.379
137.163
219.44
33.467
233.804
22.5206
110.051
249.063
322.762
61.037
24.7671
234.857
204.958
20.8492
125.03
38.0264
71.9433
199.47
110.109
248.424
12.2759
80.5638
47.6145
83.0624
130.9
109.469
58.1756
273.169
269.213
42.0791
72.3953
35.4479
129.736
189.826
124.713
43.6915
173.439
192.869
120.165
30.8401
148.006
70.2098
83.2709
132.733
29.3141
52.9548
119.251
109.97
144.044
23.2874
39.5038
162.889
139.737
69.1477
75.6386
123.308
340.843
92.1859
315.736
214.344
77.0206
52.7296
245.645
147.391
90.6122
92.6691
166.72
135.376
250.461
333.564
93.433
173.455
139.241
278.715
41.323
45.141
190.384
67.0628
121.824
66.812
98.4325
88.2778
47.2792
89.3044
45.5417
81.4138
92.1952
214.331
38.473
23.5012
44.7842
95.11
41.1268
165.519
27.221
51.4809
109.784
265.235
20.6721
279.944
207.233
173.755
122.717
75.5187
164.362
118.872
604.105
28.2638
77.7199
107.252
24.2225
98.2904
141.826
291.343
355.582
417.891
46.4609
90.9995
222.173
60.4563
76.3789
84.0661
49.3167
91.7308
13.7824
22.7895
38.4599
29.2906
153.357
28.8698
126.151
59.5501
196.878
211.92
75.3463
75.9703
207.08
50.2894
594.048
60.5928
181.321
75.1213
143.913
52.9006
128.103
121.138
35.4916
106.986
26.8686
67.7816
20.379
152.866
68.443
39.5551
37.1406
17.5182
26.3829
207.056
91.5502
43.6731
289.13
106.961
50.9712
100.088
78.9055
67.0233
9.07519
201.35
91.6257
105.466
64.6863
383.506
42.8045
259.373
197.474
257.315
103.568
86.1364
42.8991
92.4943
153.525
62.9382
59.141
44.1161
254.591
153.644
333.969
152.8
169.93
144.449
66.9707
104.101
48.9536
199.502
54.4942
147.869
175.62
40.7155
79.3708
113.921
51.6974
287.515
33.0993
421.39
19.6322
26.3754
94.0619
201.414
91.1008
105.834
170.49
196.819
112.711
277.291
94.5045
146.959
311.077
146.205
51.5599
345.401
97.6511
87.8013
87.6946
160.096
54.5371
113.761
39.6125
24.9334
96.76
75.247
82.5496
91.8772
21.6585
363.435
37.1193
117.235
122.424
20.1086
127.6
91.0083
101.142
22.5266
127.782
68.837
31.2373
115.33
58.9318
36.0061
137.664
51.177
259.452
158.981
61.9145
353.269
59.3944
69.3288
117.374
57.6911
46.9436
299.566
66.0536
127.167
25.4308
38.1447
276.341
52.1493
68.1276
16.043
203.115
53.5689
90.4174
124.31
102.49
51.5835
40.2585
33.4122
30.3911
44.1846
31.7251
30.6193
62.8245
52.0712
104.101
139.473
81.4946
31.4044
28.7648
229.775
89.4261
151.982
68.2986
303.424
35.2961
12.1185
25.3138
57.1996
77.2337
68.801
43.6151
114.36
238.66
56.1774
165.548
51.319
86.5973
69.645
150.713
175.14
86.4923
203.863
18.6943
34.2924
58.9758
358.037
54.0517
207.002
31.1589
169.443
75.8324
31.509
38.0193
59.9652
56.1159
65.2866
29.3759
24.7755
63.5484
30.5678
85.8832
61.7147
200.573
21.5511
114.65
333.114
320.506
36.7965
133.361
63.1466
28.0337
193.749
46.1652
18.9878
174.911
13.5452
181.795
24.2995
356.98
228.451
283.053
151.495
254.272
280.796
107.827
142.002
32.693
41.7466
67.5614
197.347
273.644
62.3878
98.0442
98.5901
325.873
116.935
32.2246
74.4676
411.902
26.2669
233.539
19.6988
28.5341
78.4652
40.1823
269.569
21.1625
45.2874
12.7018
74.5373
50.1798
59.8566
104.45
85.7796
177.713
73.3592
34.5287
82.2188
374.175
104.29
28.7939
44.9318
26.8725
113.68
31.0325
20.0578
633.462
49.2338
245.422
276.681
11.3578
117.567
450.431
27.2408
86.9683
74.0022
46.9163
120.067
28.48
168.351
117.992
121.927
264.534
202.231
91.5959
42.8447
127.272
110.313
125.893
140.942
431.701
25.5195
87.4079
102.203
138.421
78.6373
139.876
33.2479
100.951
187.513
182.582
195.731
369.492
59.8561
80.2441
21.5604
111.211
85.0703
37.0911
132.807
68.88
33.1647
121.446
246.588
66.2185
25.1791
257.043
164.057
197.657
125.35
35.7893
50.2455
225.132
114.906
128.551
111.09
244.06
167.558
45.6208
126.218
34.6039
42.0965
114.082
67.2839
57.6819
24.394
84.7152
237.031
63.1526
81.8013
76.459
117.426
255.811
14.6686
52.9215
96.3174
187.405
26.8176
118.446
66.5764
76.6329
100.543
104.941
40.5056
53.924
141.901
79.0554
183.071
29.209
81.0287
244.503
174.812
78.5839
60.1356
127.433
156.189
82.4648
37.3641
48.5856
37.8747
78.9629
306.028
59.8044
166.85
116.874
34.9605
109.361
31.8842
79.1752
69.2935
101.095
37.312
15.1448
107.769
92.531
40.1423
65.7636
284.758
63.038
199.373
284.043
76.2076
143.128
14.8395
38.1831
189.322
83.9369
22.6675
170.091
72.3276
68.0479
72.7923
54.2797
170.643
76.428
58.216
45.3669
26.5548
38.5086
168.16
200.349
72.0649
42.9154
164.005
51.0956
66.1949
113.183
242.813
36.8058
92.8219
34.8419
132.739
34.7196
123.49
33.6805
63.5294
121.762
324.197
57.6809
51.0898
102.287
243.259
183.153
246.146
119.444
123.836
99.9506
95.8673
22.7735
39.7228
107.324
80.3722
19.0276
81.9488
25.2788
81.7883
54.9114
99.1261
84.5933
365.644
90.8908
103.413
36.1174
30.1806
38.1025
28.4364
33.3116
33.1851
150.764
103.85
162.961
22.8112
109.541
104.003
42.7689
47.2805
239.074
100.263
183.189
228.229
48.6593
74.205
282.525
327.745
173.373
56.0247
150.516
146.422
104.186
41.6251
230.185
128.64
159.073
32.2189
218.951
182.764
338.346
125.98
193.362
66.1929
66.2288
97.602
106.403
124.495
263.756
68.1179
102.253
307.871
46.7947
21.1811
37.4031
204.936
118.21
40.6338
40.7578
37.7984
283.095
51.3017
110.202
212.48
79.3388
207.007
611.309
80.3779
68.1599
63.4343
21.7206
40.6851
130.89
97.3807
171.119
36.699
181.514
131.21
95.9561
111.258
671.204
119.573
511.411
77.6064
161.159
36.8334
173.674
184.631
112.215
220.951
35.9357
34.1679
92.4056
30.0921
265.153
164.2
361.456
162.398
98.2483
165.138
110.066
74.5388
88.0592
89.3848
83.7181
817.264
115.902
68.3972
43.8664
76.7893
159.014
20.8602
303.623
147.687
30.7081
103.869
92.8071
291.792
122.127
79.148
237.268
165.559
131.292
195.983
159.64
217.904
16.896
41.6713
136.956
66.1341
36.9165
83.5275
93.1896
82.714
103.794
40.9229
231.212
252.272
26.34
25.9742
35.0329
51.5255
76.4723
35.6709
10.3031
146.327
78.9224
67.9263
214.016
116.392
33.8073
90.2495
162.336
14.0724
152.149
83.2081
55.0667
39.2799
41.1845
240.229
38.5399
218.817
17.6894
492.506
111.516
278.407
164.998
29.0121
140.723
208.454
28.1665
69.8586
249.969
58.3262
208.211
134.253
129.987
56.7341
56.8602
119.564
126.638
22.9107
110.059
322.728
26.8316
70.7819
73.9021
153.612
191.154
124.665
283.196
198.507
111.349
467.716
57.565
46.0966
64.9238
50.8448
132.828
45.8143
76.1038
129.066
40.8456
122.032
245.522
221.848
11.5906
102.874
108.053
107.763
78.1514
170.332
181.034
27.6391
52.2531
59.6286
109.603
205.081
27.0408
121.289
81.4672
58.0817
112.563
75.1378
73.2216
89.8243
29.065
27.5291
42.1781
174.345
197.224
88.6785
81.009
47.4671
139.387
151.888
64.1915
82.1745
34.9138
155.387
113.378
153.863
94.2101
58.6678
142.259
446.167
63.2801
168.477
50.1733
139.579
28.2869
22.9548
393.93
164.111
37.3725
23.1301
298.322
126.81
54.7193
93.0488
237.095
17.7701
176.672
111.105
135.517
21.4447
98.7692
153.437
48.2581
110.262
15.0535
197.557
120.571
26.7994
24.0363
195.804
54.1697
29.1338
103.405
164.431
78.7987
103.903
78.7668
24.3431
38.3781
21.2895
53.4579
131.75
166.902
28.8579
216.787
189.395
112.783
78.4619
72.0529
34.3486
66.0838
115.788
146.127
17.2266
85.481
74.209
181.3
143.485
82.9385
100.132
74.4756
32.548
22.3621
37.879
38.2264
82.192
151.115
84.2762
116.247
48.6278
216.86
52.551
156.606
90.9338
47.5013
287.1
377.14
27.5587
110.351
56.9376
39.0445
166.67
56.1091
275.529
310.623
154.283
176.834
56.283
14.1215
31.5523
134.949
45.8024
84.3078
81.3076
227.207
67.539
29.8813
40.0415
105.458
60.9957
40.3026
225.086
57.7339
133.029
67.0369
84.1109
111.141
92.1123
364.151
49.6099
57.9009
112.499
63.572
226.528
61.5865
194.245
33.2239
153.506
164.111
44.746
364.369
54.3674
117.36
25.0282
27.9219
101.22
60.4193
29.991
42.3545
116.335
103.792
189.555
61.4679
120.523
48.0709
45.3215
87.949
138.152
77.4384
25.4451
260.052
93.4799
517.797
94.0827
143.728
174.001
37.0042
26.3618
127.357
54.2805
156.172
37.1458
11.9005
18.4844
75.136
33.6401
106.657
52.0915
117.296
575.563
33.448
322.958
63.9876
85.1373
245.847
323.991
163.274
35.6402
158.945
309.27
39.997
83.7203
35.324
113.339
294.899
43.8791
67.4963
351.056
51.0666
115.556
356.309
446.643
62.5432
54.3489
137.597
65.754
46.5852
81.8731
31.1548
80.7728
291.787
43.9786
157.638
142.735
115.637
58.9251
376.511
28.0956
13.8423
68.0886
61.585
92.185
36.7131
39.144
76.2578
109.698
65.4419
179.845
210.01
51.718
182.709
79.6489
40.2736
29.6988
91.5936
31.6959
55.3224
27.9374
360.262
71.4702
44.5561
113.867
17.9494
101.617
343.104
78.8998
50.5271
39.9119
253.388
78.2845
42.2902
22.4872
76.8507
95.255
166.7
86.3063
376.832
23.9688
62.5837
203.938
74.5269
140.42
115.152
51.9126
122.485
63.9802
94.156
171.137
36.1688
118.567
69.5253
29.3759
53.8068
114.341
84.556
54.7182
49.4274
172.055
247.825
137.324
45.53
100.338
64.9991
148.581
61.4686
40.9324
63.9253
62.5592
174.303
105.353
22.6004
62.8224
94.1013
47.1408
85.1139
60.0789
190.267
32.8136
40.1196
311.917
17.8719
191.794
163.373
101.005
32.2138
18.1627
80.2011
181.745
80.5455
229.672
38.5945
205.637
122.251
68.8973
212.308
60.2813
49.7295
57.5407
121.648
132.763
160.201
35.2237
93.002
24.9553
29.7166
141.363
385.764
54.9309
56.7094
34.0144
100.804
144.813
149.39
78.3593
78.218
45.7662
53.7766
77.8599
238.936
77.1883
172.314
158.779
247.57
80.8362
76.7736
78.052
130.064
26.1055
80.31
83.4572
43.8473
33.1346
297.112
69.6572
73.8038
130.998
147.788
452.666
34.1333
196.65
222.671
35.0703
222.925
149.262
63.4325
103.254
78.6794
214.561
93.5834
41.4017
20.8679
58.2598
141.268
222.885
301.595
35.6288
91.5293
278.712
121.966
41.6272
54.6977
228.115
91.1809
53.3164
71.1934
18.6352
151.294
16.7097
93.5556
122.441
89.3798
130.571
19.9512
136.034
47.8142
275.262
63.9182
69.3568
174.283
57.9392
24.1045
139.916
43.5278
73.4268
45.6226
52.5583
28.908
34.9307
9.14038
193.278
56.5744
100.479
75.3325
32.2198
123.748
73.7296
49.8657
34.1026
100.128
92.1616
45.4449
154.522
64.4876
76.1363
118.448
91.9793
163.039
85.4119
71.0652
53.1309
57.6897
72.7423
44.1906
151.47
99.8256
476.1
104.632
210.776
77.5233
134.94
153.68
72.5106
165.098
192.263
72.5876
54.885
235.064
42.0077
40.1432
213.175
269.059
90.6394
28.2234
196.087
24.1458
60.9207
57.8532
314.818
41.5694
105.589
156.642
182.989
55.8196
188.928
119.737
22.5864
340.407
175.405
15.2057
330.998
47.0452
32.1527
70.9713
105.577
173.384
110.403
256.449
177.043
281.189
44.611
112.783
180.518
22.7669
35.4434
35.513
287.365
126.636
47.5604
177.935
90.3179
69.8335
48.3231
149.16
31.3802
30.8567
18.1152
35.478
240.131
83.9462
138.231
25.0884
35.3478
193.571
160.653
85.1501
23.037
70.8254
78.1282
68.8267
34.9249
36.8947
117.533
40.5066
50.4805
261.11
112.6
137.141
162.209
366.097
108.777
207.27
60.889
11.5802
37.7156
58.197
88.3621
93.4949
439.451
85.3535
29.1716
170.172
90.1638
186.302
101.427
41.4607
146.106
288.326
24.3648
138.773
60.4756
516.699
51.6168
14.4201
76.3313
41.3278
17.3285
152.258
226.612
176.553
177.05
49.9062
153.536
67.069
29.772
21.243
67.579
105.448
211.545
45.2014
118.829
26.0024
76.8475
119.489
24.7252
188.161
100.404
491.976
107.34
24.0001
71.7096
366.247
34.8705
82.2851
66.0578
99.2079
68.1302
63.7277
29.4639
148.411
61.6083
150.534
39.5664
31.1461
55.0592
124.63
208.324
38.7384
52.6504
46.8267
125.862
136.012
113.17
27.4395
172.31
134.611
18.2363
171.541
155.615
89.9979
140.525
96.0161
355.124
222.789
20.7821
129.457
162.975
111.303
115.921
440.12
94.0117
51.2587
82.134
128.214
52.121
23.9875
31.0022
78.0588
76.1854
142.336
44.8243
140.064
418.55
170.327
30.4288
42.0298
185.723
212.957
69.7311
101.397
153.501
58.4659
47.5257
26.7613
30.2157
86.356
246.025
37.2193
99.4865
154.73
107.961
267.366
282.339
126.835
68.7962
130.119
28.1472
42.4658
171.921
44.2295
138.971
106.942
91.6893
47.567
26.6014
28.9586
166.631
143.325
190.377
71.4769
256.834
54.1308
124.891
109.762
43.845
16.5731
24.3099
36.1764
150.06
194.267
133.048
151.497
244.514
93.8199
103.638
41.8251
172.769
26.2935
298.562
57.0857
104.041
164.665
44.2994
97.0235
58.342
39.9795
371.19
153.216
75.3027
105.742
152.142
44.3988
46.8092
196.972
84.1611
101.923
192.101
270.999
46.0496
153.542
274.325
24.3168
52.9197
136.562
118.193
52.8885
63.3534
49.9481
30.0241
38.0532
81.0139
35.093
42.1437
42.8807
197.005
64.5636
109.497
128.862
45.9844
24.2643
46.2215
243.05
125.795
88.9872
247.339
109.546
24.8863
45.2716
22.5415
34.9185
32.3214
149.212
67.0384
108.325
51.8921
117.933
39.7691
177.219
29.7308
99.5645
184.08
130.901
21.4985
238.143
16.3264
121.353
251.418
37.8322
135.102
122.096
40.8873
91.3597
278.751
246.112
110.295
66.9055
94.6462
28.0599
93.085
62.2186
116.051
61.2567
127.695
306.159
101.196
96.2399
39.4872
108.754
53.482
20.0566
128.211
68.5712
161.216
28.1404
95.2768
175.541
77.629
156.078
94.7858
52.3627
113.872
221.863
62.0738
227.395
87.3321
64.4412
133.897
67.5157
252.212
109.054
21.4224
110.524
306.728
27.699
100.564
38.0416
178.284
304.265
18.4818
391.695
34.7396
57.2238
117.974
149.069
39.1947
38.0953
71.2882
310.656
251.174
41.8159
363.92
54.2002
156.784
30.5758
140.119
228.873
44.1259
51.4517
69.5634
49.1604
13.8075
102.969
159.228
78.0864
42.1801
38.4939
46.7382
82.6614
244.957
196.045
131.94
106.167
197.452
92.7514
74.6552
27.8854
298.078
283.957
145.33
57.0688
20.7748
108.905
110.805
204.159
102.656
146.964
157.296
78.7427
68.3272
316.838
40.3619
41.9988
160.919
87.5804
296.468
25.6056
90.7006
69.3207
47.691
20.361
27.1963
241.956
133.89
80.475
175.419
63.4181
43.4396
578.239
156.218
79.4928
153.468
213.353
74.5459
148.106
282.981
68.2213
74.4703
19.7767
186.989
100.459
119.821
341.473
199.905
22.2144
214.924
178.945
108.636
59.8911
21.0891
183.569
75.3729
47.6126
36.3603
72.1132
74.6955
50.4907
70.8643
249.78
122.273
146.091
20.7732
84.0805
185.525
106.562
94.8868
76.6212
243.614
42.6408
51.1476
121.539
219.33
105.724
32.3657
458.349
63.1553
68.3573
50.3785
112.418
69.3133
38.7545
149.495
31.6546
398.021
93.3853
96.7059
112.418
186.277
39.6276
50.7289
388.745
43.5986
151.734
76.3524
62.6783
52.9053
167.006
42.4546
36.111
40.9077
42.8441
87.6338
128.433
32.6949
122.615
145.279
234.603
120.151
33.6017
111.995
41.3938
32.0754
89.4366
248.917
282.471
120.507
238.233
135.477
145.766
80.1095
332.162
69.0682
127.212
190.46
126.214
101.804
147.889
39.7423
13.8146
91.2653
110.258
59.5148
116.22
51.7734
35.0756
126.33
31.2262
53.3028
25.4087
77.6239
124.516
44.3197
76.9753
164.884
77.4767
88.7597
38.8571
27.3578
158.186
46.6109
52.4643
95.7451
63.313
19.5746
58.7936
97.1037
561.576
74.6734
66.3646
71.0453
38.6122
36.9796
28.1477
205.473
97.9013
115.582
127.179
91.9241
35.0689
288.187
58.2475
49.2055
19.7255
315.983
106.851
109.458
46.4731
77.7629
22.5002
106.279
105.484
90.7375
69.3513
42.3045
418.103
152.573
75.1906
29.4938
233.291
33.2277
26.4911
79.183
354.131
206.388
127.842
69.6931
188.03
117.004
54.5006
83.9432
39.1392
52.7613
103.576
199.282
204.307
96.3056
171.236
100.485
68.9281
45.0548
130.532
193.577
138.956
136.51
52.2957
183.233
43.3741
26.1591
19.7546
246.986
186.54
153.293
33.9115
231.09
31.0651
18.9387
128.514
148.623
83.1262
152.744
71.58
93.5084
120.586
68.0468
89.8586
180.175
60.4832
127.01
25.6736
153.052
260.628
221.69
22.6436
53.3918
285.706
236.455
596.071
62.4427
173.712
192.695
22.1766
76.8572
362.14
104.752
96.8883
248.541
134.11
132.486
53.0728
74.4393
61.5735
57.1433
22.4521
165.981
255.03
171.331
23.8609
105.158
31.9848
50.9598
120.307
52.0431
108.842
108.888
149.317
30.4199
92.4032
27.8375
157.487
55.3824
15.5786
21.676
87.8718
10.6257
42.0945
23.7863
33.4685
42.5185
74.4589
94.121
76.2675
38.8265
398.657
281.575
85.6312
165.586
84.41
85.2862
227.336
100.297
192.511
62.631
571.585
68.8492
69.136
10.1332
49.4429
357.602
138.6
188.754
230.137
139.598
49.8064
38.1734
50.1945
123.894
125.944
103.983
115.233
44.5738
85.07
18.6642
83.3901
151.504
194.454
510.324
170.741
175.726
33.6534
28.8479
41.4953
100.499
32.7808
261.098
38.9085
13.6089
94.9203
116.394
102.746
42.1468
58.8513
47.8557
97.7678
56.914
122.192
152.619
18.0941
82.1847
45.4468
43.3624
66.4875
93.0151
60.6305
130.802
58.0897
101.451
28.3856
175.183
159.975
604.272
91.2225
163.862
61.8286
68.3484
150.128
76.3704
31.4103
45.7475
176.951
32.3984
187.325
191.048
186.176
164.027
58.973
96.3154
14.3992
201.445
224.698
65.0223
30.3945
94.9623
348.557
91.0336
269.385
44.7906
28.4332
134.451
160.181
146.553
50.3876
14.1714
169.64
69.0532
66.4978
95.8664
36.6778
177.594
54.1261
165.151
312.044
210.036
23.8046
115.409
264.604
25.1015
196.588
381.17
116.855
158.395
37.7164
34.2391
157.599
208.157
71.7621
383.734
9.85817
161.005
127.564
34.1655
51.133
141.386
90.2582
74.8534
381.517
156.994
108.739
543.21
156.057
241.621
14.3238
87.8819
96.6712
121.398
331.459
37.1226
35.8476
78.5904
104.216
128.022
145.872
32.838
96.9243
69.5821
281.281
175.3
156.057
44.8575
162.315
274.635
42.1021
104.952
38.4031
73.0315
385.859
65.3588
114.36
119.964
55.9619
146.68
385.302
22.8277
27.9596
119.999
45.6327
61.2568
71.1986
22.4081
145.658
16.0704
20.0182
36.8607
35.6756
268.9
83.0014
164.397
53.7033
24.1984
119.943
16.7103
36.9899
48.5311
38.1292
155.343
122.98
21.0915
45.3703
67.7355
61.6344
186.87
207.538
133.958
39.3134
141.851
63.5359
195.117
47.052
45.1422
94.0726
78.9973
137.851
146.146
52.3891
23.8615
31.1482
93.6251
85.9389
139.216
191.128
35.7141
60.6537
71.8321
81.7493
109.242
167.301
237.153
53.1796
187.317
142.49
132.391
155.188
11.4808
162.097
122.472
108.278
290.147
209.106
130.301
62.4228
38.1078
89.683
71.0794
77.9405
63.7536
58.9868
146.67
28.3547
62.5168
266.76
85.8927
29.6997
59.341
108.484
265.375
83.9278
98.8237
168.569
59.4868
17.3897
112.094
32.9364
31.9985
74.2405
70.1712
22.7223
88.7242
62.034
65.6559
25.0679
76.9714
98.9725
156.099
259.373
257.001
65.0795
194.556
23.8971
300.273
119.908
50.2626
77.1621
32.4041
79.2622
64.4984
209.247
72.9705
106.93
217.16
54.3282
70.1474
116.036
479.572
15.7898
58.4786
75.0171
95.2578
99.6633
46.3901
222.857
65.0027
99.0126
55.6574
39.4299
106.521
103.86
85.8
71.7303
247.559
60.9686
51.1356
54.4568
70.8335
76.9519
406.119
116.959
40.0387
86.9137
96.441
26.9563
25.4412
92.5947
270.43
144.857
13.837
506.76
79.2612
94.992
74.3087
56.2432
71.8779
24.8893
214.924
126.736
178.79
64.7036
88.075
67.0196
196.362
41.981
161.919
71.7358
122.381
94.0922
20.1707
32.7287
47.8464
140.246
294.28
64.3563
136.704
62.6886
144.401
35.9515
51.5654
86.9333
247.759
117.27
72.8412
19.3371
35.8007
55.895
156.775
102.85
230.771
30.3549
70.6219
180.476
59.4206
43.9296
30.0446
22.477
125.831
113.922
120.651
168.271
31.9201
39.4383
123.575
140.604
39.6545
66.789
109.555
69.5523
124.466
80.4887
41.9386
110.369
226.292
69.0622
81.5239
82.6194
28.2307
65.2392
45.6855
69.879
189.686
326.152
67.8752
85.5328
154.363
57.0233
77.0015
39.4221
64.6583
108.527
56.7833
128.089
132.686
135.551
66.681
117.527
96.4137
19.8351
134.547
44.6586
149.941
162.104
137.488
154.358
84.4247
226.711
41.4623
108.503
43.1299
113.186
60.6878
49.3546
99.7455
180.29
74.3361
36.2636
46.2184
135.8
50.0676
184.862
35.7789
31.4275
13.4653
96.5058
212.92
25.3293
85.6253
256.639
125.234
210.354
38.9775
299.188
64.037
252.423
123.79
211.574
163.293
80.331
134.357
42.9455
69.263
169.057
287.547
166.811
18.8367
167.351
113.047
79.8826
44.9876
63.7156
131.298
88.1973
47.6291
118.473
20.391
16.4814
59.1243
72.8976
110.483
101.601
43.8516
160
72.6844
181.729
38.2893
40.4259
103.565
65.8869
35.3337
70.8459
143.363
48.4822
153.428
124.804
206.5
85.299
90.254
39.5982
132.513
153.302
203.245
44.0232
71.2216
47.208
37.7073
156.182
46.9455
81.69
87.413
124.055
29.8267
98.614
56.6584
51.2112
93.7121
163.414
75.4089
23.6851
290.293
38.8253
71.8275
42.1033
40.1616
88.0492
157.509
162.643
269.066
60.0394
71.9647
214.215
37.0162
350.028
91.3654
23.196
78.2401
18.6604
64.2014
91.2809
78.5867
86.9229
117.297
103.495
295.481
158.243
516.704
44.937
80.8814
197.928
24.3728
144.332
101.439
162.351
135.027
26.3299
53.812
134.962
151.61
241.244
186.075
178.362
117.015
331.116
132.45
98.0661
24.8756
28.6912
77.1558
124.078
417.198
111.197
222.711
273.705
56.6738
33.59
61.2402
377.194
243.974
44.8809
216.654
25.3142
22.8747
171.453
122.551
192.119
191.743
166.791
61.3487
26.8891
31.2324
113.889
74.2285
110.469
163.59
168.973
57.5682
10.6767
92.0688
161.206
44.1422
216.569
43.0196
165.631
28.434
21.4212
521.647
94.1782
38.6271
147.126
79.6113
63.9023
41.9499
103.383
157.479
24.1127
104.458
130.454
192.293
48.2618
84.5431
15.6658
99.998
63.7654
197.811
34.23
68.6548
59.6419
46.2342
233.506
196.835
255.99
208.251
77.5182
18.9488
220.836
89.0256
386.057
58.7088
285.863
127.367
189.627
45.109
50.7387
100.873
104.428
9.74763
157.521
99.5248
44.3205
59.1235
28.3607
171.709
28.7283
49.7155
105.933
127.026
260.189
159.251
192.665
104.603
212.394
27.18
41.5429
118.89
154.954
195.932
134.417
93.8997
91.9416
24.5668
135.797
46.5398
36.6623
62.133
458.46
691.775
64.0353
146.817
16.7526
53.3648
75.142
36.5201
197.933
26.7737
142.998
117.633
22.0082
31.6416
187.805
27.5607
266.484
56.7973
42.0847
37.8812
14.6856
146.142
36.2107
168.655
56.6899
84.1327
57.2023
129.377
328.42
58.9083
102.906
190.182
58.8008
192.94
68.0572
31.6437
119.202
26.4677
398.747
26.7489
65.3164
151.506
261.601
185.348
175.931
68.7512
100.464
184.194
107.633
78.7754
148.815
51.7284
96.5983
186.33
34.6389
16.1184
46.5621
635.803
13.7703
101.628
41.5132
39.7826
207.38
127.85
58.5051
337.092
146.046
81.9873
64.7077
62.9476
40.9927
116.828
147.095
30.2483
71.6582
28.9207
134.77
40.6968
279.624
110.056
50.483
290.955
111.398
88.3613
134.91
87.1876
339.438
54.4929
121.9
227.491
184.982
188.077
55.2672
165.432
160.165
167.87
91.2343
106.757
142.382
106.796
59.5472
71.5151
68.8047
325.664
77.3329
309.121
19.2691
66.0053
28.4269
293.076
154.03
23.5726
310.524
242.203
102.12
66.5084
228.138
29.381
450.441
194.693
102.02
68.7152
52.2946
255.054
37.4257
24.1895
154.833
49.7486
130.559
67.0458
35.3531
26.8805
85.258
129.04
28.3566
88.3733
118.619
189.896
138.746
84.7596
103.987
122.798
97.3363
60.5423
60.3844
27.2292
519.922
681.307
136.911
70.291
19.0117
41.3934
36.672
40.9637
62.4662
95.431
123.989
266.703
54.167
41.5016
151.933
72.2326
76.8052
104.227
67.8737
280.373
57.4282
229.622
59.8037
166.325
229.55
31.0592
55.6112
127.977
15.9734
71.319
37.4472
88.9419
444.446
361.608
389.476
16.798
125.153
48.1516
40.321
149.312
80.9648
202.337
366.559
187.258
406.203
29.1491
192.824
72.6075
30.8208
80.9149
201.575
97.0609
13.9672
42.1759
29.19
257.724
47.2527
263.927
79.2905
206.167
85.817
65.6655
66.8938
297.018
33.7708
69.5594
153.909
121.248
36.8989
31.8388
53.3439
63.8185
150.304
110.872
320.915
162.458
84.054
77.1119
73.9964
349.592
276.321
193.229
75.9693
137.226
37.8061
218.801
125.18
44.4343
170.415
34.1786
94.6711
183.724
32.0408
144.711
153.778
131.658
60.7484
81.7351
207.676
91.2605
116.889
197.244
72.6972
45.7648
223.102
36.7105
229.141
180.066
52.8154
120.311
41.3066
56.1828
111.205
10.8612
64.1804
40.9702
59.0047
93.1549
64.8344
40.7596
108.328
24.4472
193.256
54.9582
236.735
200.484
62.3576
51.6282
143.879
36.9093
79.6541
433.528
75.3695
127.547
31.5845
9.73107
20.3265
162.003
72.0251
32.3928
28.2042
79.7186
228.703
56.9572
87.6658
570.747
34.9213
55.6591
65.7172
27.7232
78.7412
44.2239
102.653
127.612
35.505
180.263
71.5035
302.277
26.0851
71.2387
173.719
94.1524
23.4543
157.78
130.296
44.4475
247.941
127.224
70.6633
96.2247
21.0879
70.9095
323.15
58.3855
71.3786
230.301
73.3408
330.377
53.3129
62.3756
28.8585
141.905
57.236
53.4084
35.5706
286.463
201.314
521.025
200.247
18.1467
314.918
129.775
175.145
17.3415
62.9864
256.832
12.8892
135.758
135.793
78.5867
95.4762
62.8376
30.9569
230.449
127.505
116.355
274.483
39.1521
92.9453
78.1295
56.9734
35.5596
148.985
173.063
182.031
105.917
78.1871
35.7383
124.763
60.3163
464.304
263.857
64.3725
173.168
56.1256
48.4749
75.1783
89.4783
134.781
33.468
106.294
82.2611
311.157
65.0081
152.032
78.6967
79.9129
52.0767
24.4523
37.1705
79.8916
98.0824
237.126
94.6373
110.289
62.2933
249.153
11.1505
55.2601
87.8635
82.3955
65.425
39.9555
77.7699
78.9999
154.687
359.885
30.5256
333
50.1904
43.7354
80.1642
40.941
50.3597
91.9455
521.873
45.0371
46.6229
35.928
90.3234
91.7298
72.8895
144.654
57.6889
131.452
95.7742
41.5469
32.8024
25.6862
110.364
31.621
23.8044
70.8066
272.585
43.8027
137.338
75.6065
13.8195
60.4567
43.8508
173.838
184.171
15.1599
241.2
182.349
389.834
220.226
81.7046
39.728
337.997
169.01
52.3585
366.626
281.571
35.4822
157.095
46.2927
70.9018
123.226
588.704
64.7507
154.535
37.8092
84.4804
99.9401
86.355
14.7102
24.1993
82.7233
111.853
711.251
166.719
75.5396
107.661
104.193
88.414
224.734
40.2369
173.186
23.012
71.1525
65.1607
61.0023
53.359
123.109
37.5809
52.3209
46.7306
81.6878
99.8736
326.458
28.923
144.361
17.5389
20.8383
101.068
112.742
65.8175
355.396
119.059
51.8233
115.293
136.092
155.258
197.012
256.711
38.3768
111.116
125.24
69.8033
57.9157
33.1034
36.7907
284.576
277.955
124.585
107.428
28.6638
122.057
118.027
19.4082
36.5771
133.458
30.9615
100.072
45.7607
154.799
37.8569
214.068
114.347
58.2959
68.8806
169.951
155.722
19.1138
80.4719
107.394
14.5251
89.1937
62.2832
33.3375
36.8205
267.917
185.469
35.5017
16.2406
35.0058
94.9944
135.454
489.05
46.0584
188.516
46.3529
44.7851
297.465
57.636
58.0092
180.804
48.9451
81.4887
17.8504
190.986
48.5927
201.187
92.6503
247.601
64.7776
64.2421
95.7189
80.8987
89.198
290.472
85.7887
102.265
327.436
259.545
165.123
48.0839
92.4999
396.225
56.0187
322.097
206.951
49.4847
103.455
133.419
52.1527
63.5043
123.935
80.5176
136.215
127.347
307.256
62.7849
81.9216
222.045
148.019
29.9157
134.315
36.9338
77.0496
57.6964
54.0015
138.742
21.6737
52.9406
88.9572
74.1965
378.733
411.659
34.3678
150.791
209.463
54.7502
99.3203
64.7396
190.382
89.459
164.938
84.3978
64.3336
199.356
76.9855
29.4748
50.3552
175.43
18.2375
55.7238
245.08
253.038
74.6363
216.491
44.8666
526.212
116.006
20.3511
39.3067
66.4144
259.046
183.371
105.586
68.0262
130.339
30.9645
231.132
189.799
130.463
75.4542
268.131
260.276
49.614
89.0927
113.142
215.942
348.91
502.42
303.89
38.5034
87.7214
98.6626
35.9488
58.2226
161.208
37.8801
377.139
237.948
129.495
490.079
506.709
54.5166
82.905
126.76
127.954
120.365
7.71652
342.667
118.215
93.9812
89.5471
183.442
76.6499
57.7031
159.69
231.186
51.7222
33.5053
38.6604
101.584
24.1892
135.29
27.2937
56.7229
68.5771
150.708
108.531
30.3118
63.3139
22.3476
20.9574
292.69
74.8379
88.7279
42.3651
23.5578
139.1
142.278
294.892
39.6431
224.901
40.6428
74.6015
40.1695
176.097
121.387
107.067
94.8886
113.963
76.8823
82.9118
136.567
160.049
87.6866
43.8499
107.655
83.4036
326.03
504.884
40.3756
45.6308
70.8367
66.8064
15.7867
122.012
69.3351
50.6719
411.921
258.083
112.762
44.5035
81.3461
64.5018
122.395
319.452
13.3822
29.756
61.0961
21.0946
146.931
29.5933
215.619
46.0705
36.5862
78.5707
76.7562
77.8637
144.506
33.7502
79.8897
91.3589
38.8092
34.4178
423.434
158.401
51.0773
46.5565
99.1448
344.8
104.326
66.1011
77.995
116.056
74.3771
119.26
280.738
228.816
441.834
191.95
10.9095
119.211
50.0296
132.982
214.898
270.717
19.9952
59.8998
13.4308
66.5312
103.963
124.79
45.5696
136.643
172.31
112.743
83.0598
177.782
28.1707
75.944
157.708
94.1755
142.816
79.1174
156.91
84.2235
252.365
219.617
222.862
46.3489
15.014
586.274
70.4913
260.962
63.0303
122.609
78.5432
147.649
20.9599
101.178
48.0801
80.3878
156.907
118.776
95.2146
471.985
108.957
64.4926
76.8733
210.183
57.3138
125.982
320.84
215.549
42.7714
75.1286
81.1157
105.65
67.8201
49.133
342.746
110.382
95.3522
173.18
126.381
63.7276
31.7141
40.3783
46.6769
63.3368
106.159
145.424
26.0909
316.916
262.587
99.1753
107.523
29.4464
126.384
66.1188
391.448
143.409
194.879
82.0442
26.6843
178.211
181.458
95.4253
291.099
43.4517
62.9964
187.065
137.072
116.998
36.7053
29.4366
101.078
39.1275
222.399
46.6738
96.5793
29.7664
80.3504
14.6174
99.4291
208.728
47.9981
27.7624
210.897
120.804
307.676
76.4819
100.675
40.8335
153.816
279.545
111.755
172.369
49.9378
59.3543
63.0982
58.0458
53.354
62.7266
76.5809
165.498
179.274
134.231
41.0151
260.57
143.479
61.3785
178.38
275.399
66.3614
16.8889
36.1971
245.348
300.066
20.3887
27.2871
87.805
35.582
75.3468
145.231
423.471
46.3537
43.5597
175.5
106.38
184.657
245.237
122.588
21.9882
171.712
74.6824
89.156
32.3787
173.354
400.908
110.816
18.8605
50.0868
44.9159
67.9575
36.999
46.9191
529.347
154.676
82.5125
112.592
109.16
19.2792
227.139
49.4591
71.2424
37.2361
561.499
51.3616
55.4936
60.4151
21.1988
265.996
143.133
97.6541
172.247
175.169
49.0885
229.769
50.4534
153.795
89.974
154.11
85.549
45.8896
72.2624
185.945
251.598
237.554
39.061
221.586
24.8856
64.314
232.358
53.12
58.9127
139.393
122.265
242.228
16.1736
105.392
168.208
353.191
74.3645
107.643
295.318
392.081
141.363
17.8329
539.82
141.951
44.3721
74.782
66.5022
61.6256
88.3192
90.1084
102.759
90.6933
46.8775
32.702
101.723
47.7289
261.097
195.067
131.571
119.867
57.2331
230.432
33.239
27.9015
37.6937
25.0067
141.213
140.893
61.2938
42.5482
178.289
75.9497
43.484
94.0721
56.4241
22.6456
176.308
91.4553
58.9305
94.7374
164.664
48.7175
92.1863
54.5587
35.8854
264.22
444.361
40.9259
48.356
28.311
49.75
110.674
40.1075
567.916
247.212
73.8337
50.8774
52.2254
135.491
63.1669
76.3431
178.286
450.387
105.56
91.9171
84.6604
86.1751
88.7766
65.7054
20.3218
196.629
32.982
119.376
67.0117
98.55
46.6453
320.518
24.0017
418.963
118.998
166.242
79.5021
80.3663
57.9124
86.7715
120.616
67.5623
21.1457
232.681
68.0248
31.8209
47.0177
91.9458
287.86
15.5717
85.2816
83.4279
394.756
67.0309
99.9246
23.8247
567.984
151.741
147.057
43.0288
38.4616
145.551
109.888
33.2328
54.1152
32.3419
123.579
32.5664
29.7462
221.353
34.2975
248.601
87.3365
148.025
145.869
84.1891
104.728
74.447
85.0544
22.1813
448.927
256.903
53.3355
119.042
84.9628
57.035
51.8242
545.182
293.422
26.5643
107.74
60.3297
84.2304
46.194
30.3922
46.4473
48.4294
257.505
19.9029
84.3628
35.5912
19.2772
152.54
96.0275
97.9414
19.5634
88.1061
84.5322
127.563
27.491
128.492
142.864
157.537
411.542
34.2873
184.117
25.2449
190.856
173.047
31.9785
219.066
125.909
415.337
45.4336
96.6859
114.388
38.3827
74.7028
63.7116
66.344
35.5304
189.44
36.0916
69.3123
126.839
59.8152
40.5187
83.5674
134.079
113.789
21.9627
50.6198
258.324
256.073
109.482
74.1947
31.5114
87.9711
112.99
24.076
194.087
68.4098
127.654
154.907
51.7088
221.654
272.059
198.383
174.755
325.63
28.7556
85.0007
201.605
118.129
59.624
57.6771
26.0905
41.0372
388.116
150.868
399.345
38.1381
64.6643
62.776
72.5468
48.8434
102.896
81.1622
70.5994
67.9345
275.574
43.8721
324.476
185.81
103.404
95.1194
33.4031
94.4753
33.1623
42.9576
149.425
258.248
129.685
121.313
87.3314
151.416
162.713
46.9229
38.7573
331.787
111.844
157.407
83.9734
47.928
235.076
243.544
75.9217
56.0699
38.9291
128.518
134.774
359.198
30.79
128.084
89.3456
85.7246
72.6516
44.0913
174.234
46.0167
34.2976
114.655
142.964
208.132
42.1606
39.9213
49.5176
126.077
132.738
376.566
64.7168
86.4401
20.3646
68.3935
51.4943
70.202
96.467
60.0373
88.032
23.9795
51.4356
356.289
19.3243
25.9844
23.5138
25.7756
36.4757
25.4929
23.0434
104.345
80.3183
144.613
73.5336
390.608
62.2053
90.1855
154.456
183.395
50.5543
69.0669
89.1588
47.2285
110.106
98.5543
25.5596
132.355
62.4027
49.299
168.877
435.277
130.922
48.3545
98.2467
201.301
206.037
44.419
17.3715
69.1941
15.5461
47.0044
40.8971
206.672
168.371
232.569
170.666
31.4388
47.4557
73.3374
41.0575
314.018
75.9796
307.04
28.4037
44.3889
103.111
117.147
101.315
23.765
208.582
71.4339
107.73
95.1326
109.252
41.8918
84.8322
90.1122
166.883
110.357
41.239
121.941
107.117
20.3763
157.221
22.5251
20.2159
36.8846
57.4504
207.204
173.141
39.7896
328.078
219.668
40.4582
184.818
81.8967
38.7459
154.819
187.61
81.2184
23.0136
29.5796
232.613
14.7785
102.247
107.101
31.1493
23.3895
53.4521
57.3021
40.4265
59.6465
57.9446
49.2904
314.304
270.866
127.444
27.9229
160.022
226.933
180.078
105.78
51.2554
237.343
127.871
36.9876
153.12
61.2049
300.056
137.888
354.033
182.046
65.0714
36.01
96.1893
193.089
26.6418
94.3288
31.0529
154.599
68.4394
22.4531
442.925
56.0731
152.414
121.69
571.646
95.6249
179.938
41.621
43.5486
18.7609
187.622
170.663
18.126
57.6149
384.861
65.7807
44.3901
96.7718
196.266
80.587
139.978
514.618
35.5355
145.452
66.4852
34.1842
237.865
222.895
227.313
256.054
86.2985
60.537
59.6391
88.3901
174.393
63.349
626.574
57.1435
89.4761
86.557
171.645
392.129
148.865
204.907
94.8715
319.868
56.7435
109.453
76.3313
102.759
66.3858
29.8835
287.604
74.0683
42.7167
83.406
48.2649
490.986
188.643
223.869
114.268
15.7209
159.923
30.7885
82.7189
37.5755
67.7426
41.5975
40.0372
373.479
142.96
204.876
75.4525
138.624
439.684
517.322
903.685
29.1916
59.5776
207.544
66.31
237.249
128.518
382.262
37.6952
117.587
26.152
37.0674
95.2516
122.901
86.516
189.001
94.3336
138.672
75.2036
91.3096
217.258
29.3051
42.3386
18.4457
66.1481
70.4729
18.9575
284.036
156.404
20.1753
97.9684
100.662
63.5763
213.314
141.258
48.9471
120.555
319.522
80.1802
50.4667
84.1107
120.963
86.2923
48.9098
136.079
309.424
63.0531
382.694
71.8115
83.8699
118.049
82.015
17.5792
94.6628
56.9869
58.2822
197.811
326.001
56.147
178.631
152.772
32.921
288.438
203.907
111.324
32.5938
73.3985
38.1373
336.832
127.954
30.0207
57.2746
87.057
30.4577
63.7367
59.8653
83.9352
184.268
24.0825
57.8656
44.1901
99.9758
142.403
29.2817
90.1544
329.533
99.3487
145.016
45.4964
102.763
159.039
55.0965
186.64
78.1796
47.4455
310.474
146.751
127.77
93.7924
89.878
33.7143
168.957
61.8383
70.6887
153.987
88.3911
101.248
39.2436
62.6693
108.065
371.071
151.857
101.628
176.691
39.6184
95.1489
94.1459
95.026
257.35
154.366
89.9237
30.7754
78.4348
23.2019
78.1413
105.508
77.0352
268.456
37.4175
118.201
279.417
77.223
13.8115
68.5458
237.234
178.941
383.343
79.5937
26.7408
44.0057
60.2219
92.36
298.462
58.914
152.021
17.8104
117.835
253.894
25.307
75.0053
165.606
436.208
25.9585
96.1821
79.7289
214.045
47.2753
83.1353
61.2931
119.329
142.7
171.097
190.355
49.5374
102.312
125.255
117.952
66.2858
108.732
297.725
136.516
241.625
78.4691
37.854
132.355
65.6588
45.3138
77.1478
66.4664
31.2073
68.8801
170.824
77.3925
65.8965
112.035
93.7152
91.7647
42.8118
272.401
179.267
133.158
27.478
108.986
107.004
136.541
152.613
172.073
119.356
117.543
123.347
179.239
47.4302
48.8667
69.521
33.653
69.6716
76.4486
400.01
192.335
54.5504
32.6382
185.05
204.646
79.1098
132.211
121.308
65.1548
25.3972
135.356
41.8132
112.597
72.4344
114.068
43.6402
105.247
98.5657
219.349
84.234
379.119
25.06
410.483
113.12
55.4374
246.21
165.594
34.8732
43.687
121.426
68.4072
183.436
47.2197
150.046
94.6194
305.429
153.951
58.6833
59.2504
159.528
196.724
951.123
112.097
67.9007
123.086
105.009
49.8929
146.604
715.86
33.997
48.2741
122.102
78.5236
27.2362
47.3074
97.5182
66.2654
466.756
47.5824
143.661
32.5752
361.537
53.7839
246.964
41.1837
36.0404
205.936
172.438
178.844
90.9067
260.419
180.169
226.944
36.0737
50.1551
245.264
180.68
136.423
127.099
28.5427
92.2237
41.4546
37.7447
61.6302
153.484
402.066
75.9831
86.5554
76.4452
139.609
41.2833
67.3363
167.576
94.2472
80.7856
123.548
169.315
179.603
111.085
77.4434
197.777
87.0369
42.4554
54.5756
200.756
18.3649
300.96
8.55613
112.442
257.229
40.5013
211.233
25.5419
30.809
129.269
91.2279
223.998
30.3144
22.4166
60.5631
123.493
100.218
40.5438
318.851
53.855
193.646
150.594
338.692
121.252
89.9178
424.147
282.326
37.5212
103
138.535
39.5174
17.5311
302.046
39.0033
164.271
173.33
42.4998
48.6566
124.877
48.3172
34.6059
80.4008
170.905
77.9986
98.1481
15.5163
149.43
115.108
28.3726
79.6873
142.221
48.6701
236.848
144.779
59.1573
125.199
295.578
291.678
96.8476
217.315
46.0424
153.002
17.8881
144.228
166.768
83.0981
36.0996
69.7635
129.085
68.2021
36.6254
64.0346
76.2432
32.6044
210.154
225.089
367.886
281.223
85.2004
44.2643
84.0793
22.1377
45.9145
97.1672
209.78
78.6293
94.7162
43.7098
71.8322
44.3749
85.3629
160.872
31.614
73.3498
14.4919
15.8469
225.487
31.3636
19.5548
30.8112
94.5421
29.2661
41.7399
36.8463
120.872
79.3504
266.435
59.743
19.1717
145.78
24.9429
119.11
33.7579
146.364
203.741
51.8616
71.9346
104.125
70.866
76.2919
49.7462
85.859
131.634
24.8887
57.236
27.9552
86.8024
64.7012
224.445
110.351
98.3043
160.621
163.396
54.7198
71.3904
29.224
180.346
90.42
104.718
176.798
18.6594
63.8934
86.928
19.3185
78.3264
56.5232
55.7035
115.868
113.453
124.074
92.2283
123.472
145.38
33.9948
45.1327
24.6469
209.208
44.5289
235.108
68.348
124.137
283.103
78.9119
190.256
100.106
177.689
49.1759
54.0222
45.8417
47.9958
153.379
130.712
175.508
61.6588
372.355
26.5275
108.083
258.891
321.567
110.126
97.9676
100.481
77.9042
34.798
46.41
13.5204
101.434
62.299
106.014
122.253
146.592
55.2594
60.7786
16.1265
94.8398
47.8864
80.928
120.643
204.865
156.33
110.631
37.8022
107.763
44.0212
44.7312
66.1141
115.499
190.914
84.5278
29.7308
130.359
96.8293
54.36
40.2401
36.9743
28.454
124.654
127.956
175.869
233.325
76.5965
392.039
28.3237
111.992
136.794
109.03
192.611
177.366
208.046
282.557
19.1713
17.3267
35.5935
138.435
186.797
68.6226
64.3333
113.963
126.85
38.7841
200.97
45.4121
8.53325
355.927
30.4477
174.281
122.704
52.9856
17.5254
100.546
31.6158
61.5931
80.9396
184.616
213.933
21.6668
67.7962
13.9717
196.966
50.7333
38.6357
41.5797
26.2006
34.3155
45.3187
19.6315
71.2739
79.8927
52.2788
35.5917
49.7499
15.6035
78.3266
211.119
126.977
248.132
145.15
256.15
88.2513
139.336
64.2836
120.904
18.9411
97.7547
18.0324
119.712
370.816
194.677
268.409
58.4426
149.084
181.55
148.795
129.907
84.4756
126.666
43.7299
28.0783
116.183
181.175
149.036
49.4344
214.132
92.0229
176.056
252.826
99.5605
75.6058
327.742
331.497
64.6772
256.097
47.1334
326.509
278.857
177.844
717.328
353.561
219.395
250.403
22.8798
129.951
15.0839
34.9651
163.508
46.7094
119.917
35.4903
179.77
82.4275
149.36
107.552
51.6353
106.465
130.53
180.261
168.399
23.4301
126.001
46.2068
67.8619
30.5644
70.5298
123.736
75.6187
173.06
159.172
289.242
112.727
65.2171
36.4318
34.5904
90.6634
58.8396
32.784
89.4795
25.0539
35.6181
373.051
246.911
44.8906
150.512
135.69
71.9702
284.207
192.46
78.4053
234.901
42.5018
55.228
24.6371
170.785
33.1107
30.0873
55.2412
394.48
182.976
30.2143
24.1138
196.016
50.3708
275.754
144.337
40.7707
52.6058
47.8347
74.5098
114.243
100.394
309.35
104.151
61.7833
27.0775
116.595
91.5383
113.091
165.63
87.6852
186.331
80.3243
72.9201
116.495
103.385
83.6073
921.56
121.827
105.547
174.989
300.141
445.598
348.118
22.1411
62.4668
44.4759
72.2878
54.9374
35.1938
26.8416
21.3745
61.3277
362.189
28.7332
148.792
238.371
39.5302
31.7516
91.5926
29.2136
179.611
61.0701
375.721
54.0194
60.6467
236.987
138.95
128.203
77.7163
33.2519
251.841
49.0897
81.5249
112.02
32.9045
375.034
30.3158
115.433
154.276
174.843
57.5759
21.3246
67.3156
212.795
113.183
437.396
24.3735
40.3765
42.4413
56.8595
177.011
38.9602
122.517
22.9603
62.6246
76.109
29.2706
50.0427
43.9312
245.385
320.168
285.318
38.9039
107.87
23.8156
14.0168
262.964
83.473
199.147
205.573
266.651
59.7442
38.6846
31.5519
27.461
82.1376
60.2282
52.74
109.354
33.6481
76.1386
100.066
246.608
117.15
194.02
21.0606
21.5901
67.2377
123.798
272.01
165.596
27.2925
138.273
48.9213
35.819
101.33
133.927
74.6902
190.387
96.8466
213.918
125.617
115.481
225.845
102.054
53.9425
117.604
58.4185
75.6395
95.266
136.307
85.825
144.548
243.183
97.1928
111.351
194.928
209.429
36.8347
123.817
104.801
62.6895
219.018
27.6698
19.3616
538.804
84.1831
58.2709
61.401
80.8791
124.796
18.5077
37.635
208.323
215.568
63.765
210.923
346.501
17.4002
43.1128
167.914
32.0791
118.719
212.054
31.6243
42.1791
45.6813
69.7327
61.8273
126.444
59.6181
106.095
21.7935
155.044
48.1706
148.168
196.309
57.8508
328.489
117.987
209.992
53.0776
32.7833
38.6555
238.772
32.7241
70.8856
48.1403
31.9706
110.136
26.7711
362.62
43.5393
296.07
97.5712
194.404
139.296
376.007
189.555
117.632
310.584
187.099
191.832
61.022
150.244
107.875
285.128
53.7729
35.5041
76.1021
18.0135
58.8953
42.8052
181.249
443.064
80.6318
71.5348
77.4847
106.323
81.3644
16.0952
51.9286
144.596
470.942
92.9275
116.437
80.1495
112.782
110.187
71.229
152.505
119.376
109.025
109.18
256.858
408.773
129.148
11.9872
87.0833
56.0464
28.8429
77.2961
41.5251
342.362
46.2611
310.737
94.5725
61.3147
146.54
204.622
33.2256
116.999
127.904
25.7846
69.7075
244.811
181.739
47.7829
38.8154
119.868
122.83
81.1042
201.307
178.924
54.7173
79.5391
58.137
273.903
485.17
44.0729
194.234
96.9801
101.518
325.281
35.6839
80.8364
156.496
67.9733
91.5186
57.8011
173.388
58.0925
81.5634
52.3122
87.8051
99.6803
323.797
450.129
394.877
155.355
20.9478
80.7337
288.013
389.311
77.165
47.233
91.616
64.8289
127.065
85.4563
57.6097
102.042
143.29
47.1794
225.707
230.76
65.2148
73.6766
167.947
447.132
156.411
78.02
49.5567
73.4373
82.3102
147.514
22.105
57.0196
211.253
17.2972
299.895
73.7197
138.336
89.1163
23.1167
100.544
36.8465
39.9999
156.069
176.804
74.0417
65.7692
403.295
282.44
29.7417
16.3039
83.3032
35.1337
37.6001
54.0903
180.41
68.1469
44.9277
139.121
79.0646
83.2359
17.0373
40.3964
95.3022
261.931
270.873
112.878
62.3098
157.129
55.0401
46.1065
56.6721
328.961
130.039
67.8696
45.808
22.57
39.0846
53.525
160.106
118.505
63.5745
108.298
41.0872
254.859
103.595
32.4697
141.621
18.7014
85.0441
62.9409
30.9076
313.234
17.2034
187.332
41.2722
87.0219
31.9152
102.392
87.5163
165.595
173.257
284.244
35.6827
117.119
175.653
64.758
61.915
63.06
126.918
167.514
92.7951
210.7
346.565
181.172
29.1442
50.2375
186.652
368.406
165.21
40.8126
64.3873
140.705
55.4498
53.532
21.0248
62.7561
21.0193
154.637
83.0286
50.0591
77.2513
25.5778
63.3206
24.746
86.9173
35.6302
35.8229
343.349
509.927
79.1285
32.9755
82.4599
30.7888
48.2638
13.1755
268.106
106.222
83.7394
45.5042
37.239
28.8042
204.826
53.4262
192.534
42.4542
55.6841
42.7825
192.224
43.8792
82.6185
170.134
81.9084
35.3389
145.034
96.9719
53.4263
36.4568
218.612
159.777
101.152
38.5413
11.0145
32.0856
38.637
24.5785
72.5776
80.9937
182.944
107.38
203.442
306.488
111.701
163.271
244.328
192.616
131.48
60.9192
42.1173
303.608
43.9497
180.718
41.6615
168.908
58.5054
35.693
32.8659
287.414
70.9849
301.75
50.4224
165.316
197.561
76.626
264.668
40.5785
78.6237
29.7542
186.048
123.268
89.9326
55.2046
323.871
53.0785
188.079
178.005
197.816
96.2404
44.6481
72.9585
36.3645
72.9582
36.2072
155.197
24.2461
90.4371
139.135
39.3571
109.318
43.8275
69.4875
103.871
38.2981
45.78
59.9818
52.5463
91.7613
94.2606
70.0796
63.9985
86.5697
45.9507
68.1692
127.503
39.1853
58.618
147.38
154.869
86.8139
38.8196
76.6612
359.06
135.454
63.0354
38.9423
738.356
39.7242
32.894
65.348
88.8023
68.5968
78.8861
103.577
291.675
59.6107
109.767
297.373
155.558
21.8862
36.4696
120.677
168.685
862.166
96.2694
103.576
70.5616
38.5177
51.79
308.203
105.702
234.78
38.6761
36.7507
50.2859
100.662
21.9725
34.1335
183.47
155.077
135.414
45.3616
76.9242
148.988
177.376
187.611
30.5913
327.65
40.3674
255.888
423.548
75.4644
66.6582
171.905
249.909
115.578
27.4873
97.0284
127.504
23.8046
60.4973
175.529
72.9238
79.1104
129.323
48.1794
74.6582
242.973
80.6777
70.7747
50.3528
426.308
99.7248
151.034
30.837
416.417
21.2877
67.866
93.2674
42.3283
67.0625
48.3388
74.491
72.4498
110.681
29.0751
188.434
18.3726
179.204
53.4716
99.3321
78.373
76.6437
179.555
76.9605
52.6813
131.731
169.165
52.0358
108.775
480.649
60.6277
86.8962
248.217
234.848
42.4848
120.335
133.368
60.5203
286.109
176.906
116.295
50.5665
153.721
32.6708
29.8772
95.4017
51.52
239.874
66.3526
76.3428
97.8131
133.455
92.293
96.1209
26.8842
236.407
50.2558
106.699
120.622
39.6779
126.987
19.8221
122.467
74.5636
131.746
60.7485
68.7136
179.1
75.3385
180.9
179.199
46.9429
210.323
66.9104
91.8695
34.4857
225.926
33.3221
17.3478
140.267
389.278
10.3152
20.6833
301.564
210.275
109.889
25.4687
138.962
50.1496
78.8869
223.734
23.6975
62.4934
167.968
182.471
236.496
134.795
123.405
60.871
126.045
317.603
198.156
36.9735
177.664
420.292
86.1776
96.1225
126.789
26.6884
136.404
123.237
79.157
306.146
99.254
180.311
60.3857
73.8674
13.8687
99.4412
36.7994
48.9251
167.314
121.677
76.3062
114.114
198.023
59.148
46.4711
408.87
231.258
21.4829
82.363
32.3271
105.597
16.4244
108.487
56.04
67.3588
73.8126
48.1605
188.533
213.17
294.046
72.7896
108.537
51.8257
195.346
68.1026
20.7169
41.6168
50.5347
104.474
58.5122
35.5616
85.1324
90.4885
58.4902
136
151.509
100.288
187.544
43.0802
82.7152
239.291
58.9974
55.8831
210.029
107.211
285.798
55.4126
142.798
96.7442
68.564
37.8508
43.7618
153.5
163.235
145.239
120.399
256.067
153.46
221.503
60.1059
38.8225
72.1929
67.2637
53.43
112.389
182.386
117.347
122.456
121.371
200.319
27.268
113.687
137.169
32.6316
63.9089
68.2855
35.9903
58.8938
73.8125
291.324
491.807
224.012
81.6427
43.3027
162.949
186.622
72.9375
12.9047
15.8502
82.0165
34.2167
149.524
267.122
153.842
241.993
30.2582
152.565
126.76
37.1492
47.5397
116.667
23.3924
166.277
76.0527
339.402
77.3752
54.386
47.5762
88.4663
84.4185
41.6026
25.3
67.6983
303.846
161.595
133.307
102.486
51.0568
51.0529
29.9728
53.6406
295.06
104.443
30.4546
101.895
103.789
21.4327
273.555
82.1075
154.087
154.684
56.2488
91.4622
9.70892
93.3994
24.772
57.0719
63.2777
137.756
49.1679
344.381
42.9567
21.1023
80.5745
247.204
25.1978
20.5535
28.6672
147.318
105.487
39.8228
186.271
90.3088
34.2615
110.942
91.7068
35.6702
294.751
34.1394
108.126
243.464
145.476
78.1913
118.294
46.1885
35.3453
93.1104
86.7792
207.953
30.0253
91.8294
33.2292
239.087
199.809
104.896
88.8803
294.39
149.981
171.245
12.6776
56.7483
67.99
377.702
67.3386
213.374
29.957
69.5406
264.675
88.5642
68.8527
75.2841
27.1636
12.3567
122.95
29.0667
50.1425
606.648
116.77
54.9532
16.5426
49.3475
98.303
46.7077
16.714
30.2185
52.755
152.643
113.897
19.4195
35.3413
63.4305
104.574
102.955
43.8636
111.439
30.4867
69.3221
124.503
223.343
615.851
275.023
320.87
216.409
111.685
64.6594
135.175
119.678
55.7266
29.0844
141.205
180.149
249.039
96.0224
19.6222
68.4519
331.308
230.292
107.416
202.456
183.226
115.393
79.6019
111.52
78.261
159.847
110.454
143.021
59.4111
29.3367
401.418
62.1456
188.979
79.8206
36.9818
275.962
121.349
26.398
66.9867
174.674
173.514
176.056
32.395
40.5466
17.4246
126.762
94.2477
73.7646
651.858
78.6719
89.9604
282.735
84.345
41.8089
66.4586
59.5133
157.122
89.6411
232.896
176.84
99.7204
240.013
87.4335
111.371
110.406
27.4139
242.281
50.3759
85.9229
83.7591
99.1545
89.4653
63.6291
129.52
248.007
143.014
149.363
98.2735
23.5074
175.794
35.9655
88.5454
163.978
242.759
196.915
140.298
131.832
18.8983
62.5024
22.6275
100.942
111.282
224.199
124.365
118.766
56.7203
123.371
64.7224
128.712
267.252
55.1175
48.4045
135.376
65.0274
69.5387
29.7385
74.8397
27.8113
172.936
107.599
311.768
79.2515
119.258
276.297
132.537
67.9299
32.4045
79.7855
42.3944
100.908
624.86
343.338
63.1414
52.6326
150.657
186.383
45.8506
19.7043
58.065
81.3283
104.178
159.405
135.003
135.837
387.336
66.2536
93.544
69.9276
72.8792
308.554
136.102
63.4064
116.511
89.6557
48.7123
100.458
80.6552
49.7265
39.398
76.2057
80.8421
114.376
203.24
230.692
44.882
69.5408
69.5404
205.525
244.974
181.541
182.643
25.1699
141.048
86.8508
63.0858
28.5165
175.669
30.606
134.56
84.2552
115.165
148.443
229.03
234.234
83.0919
289.821
415.888
51.7363
121.855
61.4003
28.2317
69.6148
31.7164
108.65
280.64
78.9956
120.193
14.8987
315.121
233.415
48.4687
141.535
56.8588
53.4278
53.9493
175.051
39.0247
93.2819
40.2911
81.8591
334.466
79.9088
54.573
41.4177
88.665
73.9009
34.6629
100.055
39.342
76.2406
53.2863
51.0079
43.9655
33.4845
25.1816
158.164
201.133
63.942
204.881
220.306
257.339
380.649
112.732
41.4967
120.168
60.6843
16.1234
32.0161
28.2881
108.626
133.613
158.723
27.6368
95.6646
90.3516
332.321
55.8294
188.572
76.0166
163.952
75.3462
18.4559
183.255
166.758
113.09
82.4243
57.7355
46.1026
86.5771
82.7845
62.6824
160.189
78.9649
90.8472
78.8058
376.542
240.731
121.493
98.0024
69.7885
201.147
17.7717
130.487
98.3233
181.341
64.4837
141.539
324.485
145.929
40.8935
57.077
151.39
96.5494
101.624
111.647
119.699
34.8649
25.9077
57.3989
25.5662
145.469
99.0432
60.221
35.1521
62.1202
327.145
377.442
28.3498
49.0235
366.701
81.0956
24.1114
27.5593
220.978
75.2559
18.9149
60.4816
131.841
41.0911
177.106
70.6466
199.462
36.4396
22.184
76.5447
44.5903
42.6334
42.5006
223.963
158.049
29.1203
57.5705
45.6981
89.7017
81.7656
145.427
31.8018
74.3434
25.0959
182.955
455.674
62.4307
52.8506
30.9035
51.4583
80.5299
149.214
62.2279
62.3813
189.395
152.036
152.197
56.345
142.284
231.602
33.9965
141.958
62.5634
91.2544
422.553
212.197
128.42
291.463
105.174
69.2058
25.2076
85.2445
98.2913
214.04
14.7617
366.398
93.5196
210.895
46.5244
109.691
81.5047
65.2667
378.259
53.36
68.5464
14.2312
52.8965
61.1465
58.8551
44.7774
77.7482
57.6118
79.8395
297.926
76.574
136.199
143.889
142.998
17.8812
171.414
48.5087
37.9233
65.6063
24.0494
432.972
218.409
27.9744
278.433
163.107
36.8194
188.551
62.5682
39.5036
42.5636
140.635
140.96
57.0955
225.597
24.6782
29.3781
52.5811
81.9915
42.553
175.852
232.544
84.5008
59.4162
511.795
103.21
160.015
72.4854
93.8895
25.475
232.438
220.094
571.103
132.655
404.948
19.9651
291.371
137.611
18.7696
146.335
109.551
82.8078
32.7562
88.7112
212.308
31.4748
19.9944
72.0006
51.2374
238.39
185.468
105.681
144.553
134.209
18.0551
29.927
27.991
408.338
350.673
264.716
147.284
127.969
32.4491
83.6727
99.1809
178.368
75.7419
113.623
28.8262
44.5697
88.6041
89.476
133.985
159.992
153.631
41.4707
220.885
119.904
37.2954
118.045
131.369
73.2454
11.602
153.508
199.89
60.4296
144.814
84.0664
213.747
124.937
50.9779
162.628
82.2929
62.8178
36.7468
49.1173
84.6812
44.7673
124.283
219.455
80.2535
109.647
140.196
93.0035
151.055
58.3196
156.726
231.542
135.76
148.481
419.974
337.741
51.203
297.163
37.7847
132.583
41.659
121.101
45.6172
40.0249
143.865
148.727
168.431
63.9865
122.758
659.87
431.043
51.9186
78.0655
38.9887
138.482
83.9086
82.7314
95.3701
51.5994
115.158
91.5235
35.4929
125.711
195.232
79.4747
347.181
98.9229
91.2435
59.2981
179.857
86.2063
24.7759
50.8027
100.727
66.1531
170.726
263.28
98.0405
113.862
309.935
214.282
243.397
136.007
23.7464
101.902
61.3882
245.313
71.8412
121.541
34.6906
53.2617
52.7742
20.5395
72.5238
47.3233
53.2519
222.193
134.579
198.611
166.763
133.761
43.933
24.3802
46.6234
29.3309
45.3887
85.3918
340.317
110.252
50.3077
91.1218
67.1181
21.0583
133.962
31.9271
60.8717
71.7809
220.766
60.8984
121.004
132.964
15.9547
73.2716
212.996
140.542
228.768
226.193
148.336
62.5293
61.9859
78.5876
84.5461
66.5899
130.391
104.887
41.741
172.955
29.962
38.7461
22.3936
161.752
329.744
147.959
124.935
14.476
101.215
27.0074
81.643
20.8354
33.3697
64.7155
155.369
191.939
12.5833
123.749
215.894
155.998
150.269
88.8257
299.23
29.6898
205.439
176.258
158.372
146.821
34.6623
32.001
27.1875
99.2841
18.9247
49.9589
225.999
166.042
99.7217
29.828
17.4307
98.0466
20.1666
101.221
39.3231
28.1693
168.186
63.4246
367.085
70.1927
45.8585
146.981
161.015
91.5459
18.0613
38.9066
38.9241
167.038
129.672
163.758
21.4844
46.1061
91.212
225.986
47.1237
101.574
188.991
155.424
54.0397
171.206
66.9165
170.256
15.7093
180.5
246.653
305.022
21.9061
35.4111
268.692
87.3114
54.7005
91.2487
77.421
105.016
240.388
224.582
89.9125
289.535
288.078
89.592
141.574
245.828
78.9387
54.2638
103.232
72.6881
92.569
37.7283
254.009
142.853
20.9626
67.2026
210.502
37.965
93.1331
137.827
24.0835
92.8448
53.8822
148.703
86.389
84.2309
56.2283
10.7442
31.7126
419.243
72.8594
113.012
68.2187
28.206
144.497
49.6837
174.09
167.501
42.4726
221.53
59.5186
34.9543
34.0536
58.9473
24.4676
156.531
84.0784
30.3099
59.819
21.2901
360.251
52.4628
24.0564
101.035
59.1089
67.6985
75.6358
109.763
88.7889
514.179
212.061
46.1368
76.0608
63.0362
101.812
435.022
131.421
307.298
34.997
45.545
125.327
54.8159
73.1818
147.718
240.907
157.334
50.8627
46.6867
84.6525
52.265
62.2417
30.853
107.819
49.612
274.474
35.9145
30.9772
79.3164
347.269
131.231
24.0317
26.0811
13.2925
36.6738
131.23
16.4701
221.134
31.3398
422.964
71.476
70.6926
246.328
124.014
36.1828
198.266
91.0987
75.6375
99.9655
268.962
102.694
253.103
106.774
78.2673
82.195
122.728
80.084
167.324
171.06
270.722
29.3102
217.127
51.2894
145.567
73.5644
93.5197
40.5949
37.8825
285.316
227.649
42.646
110.478
119.067
91.6253
63.6161
551.672
352.102
100.429
147.672
154.113
43.1677
110.543
25.2753
127.669
57.5695
71.8187
72.7106
76.1184
190.375
60.8095
106.973
22.4315
136.521
50.9771
374.041
41.8997
68.7725
98.037
83.8242
763.185
29.1134
42.4463
127.417
75.4524
146.938
78.3383
106.969
46.3062
368.085
35.5038
74.7133
84.7614
144.301
66.6959
133.269
193.961
131.593
52.1054
25.902
97.1698
65.6919
22.1537
80.7886
136.153
82.2321
79.9198
302.742
236.265
160.984
26.0864
80.3981
34.3319
199.838
70.1903
164.902
246.518
58.4198
225.966
141.06
174.387
174.507
52.2133
107.498
79.5104
87.8818
274.517
106.866
149.529
22.7391
64.8034
197.394
11.4729
30.8241
131.884
72.0197
109.584
122.88
282.899
64.352
42.9737
300.091
102.617
27.2416
38.2039
56.4606
55.0111
267.484
490.737
40.0157
27.7934
130.351
38.2005
417.376
137.089
60.9757
39.5904
68.6385
206.812
212.452
80.3976
205.355
115.271
38.4959
136.207
54.0085
222.669
95.0218
109.859
328.393
122.783
146.322
122.291
110.761
54.2865
83.8312
22.7529
125.371
166.229
53.3481
161.362
287.595
112.345
134.889
339.779
27.8807
33.6193
77.123
26.4505
98.122
67.3725
259.71
38.5303
127.5
88.9045
35.9756
199.43
50.3213
167.017
98.9579
53.1861
100.578
113.285
76.3251
87.2097
90.9096
32.149
365.774
40.0278
64.7225
100.102
91.2114
87.5414
19.5895
29.9262
143.71
43.5827
58.1711
80.55
61.6842
98.9351
101.111
58.0161
34.3481
293.369
35.8509
214.82
81.9223
63.4731
82.2595
35.1545
57.1893
12.2705
21.5454
255.876
40.9548
14.7679
276.06
338.429
81.1898
92.0181
150.35
27.0509
111.846
108.206
48.8281
249.87
162.885
119.48
111.634
142.832
62.5645
72.6368
232.406
42.5892
102.884
161.562
27.2442
149.233
166.901
109.232
56.1872
30.9208
85.7025
137.988
94.2402
60.4945
203.587
189.254
228.666
99.9164
141.159
144.197
76.2131
51.3662
41.9208
114.469
115.93
143.316
45.2834
258.491
171.629
176.87
154.928
41.1522
488.684
82.0125
77.9742
46.9035
144.865
154.614
14.4229
33.668
439.678
408.338
47.5297
82.6007
128.358
124.485
137.038
74.9625
91.1605
38.9989
131.561
34.331
19.3713
38.6785
343.739
357.388
254.033
73.8723
175.242
36.0822
214.419
71.8705
131.9
180.285
212.416
140.834
166.023
48.533
38.3459
353.907
143.387
352.347
19.4858
98.2826
448.988
28.052
57.0893
46.2303
94.147
29.0614
232.049
97.2671
144.707
29.3233
75.8115
56.4294
79.9093
129.758
59.919
145.298
347.79
158.274
111.127
634.162
105.392
18.4495
146.27
28.0908
55.0321
172.42
169.979
88.6525
186.121
274.255
125.205
50.1073
293.759
67.2771
153.252
16.9342
109.981
32.9081
82.4284
41.4974
79.4065
140.464
24.926
26.249
128.815
128.429
30.9381
34.5001
33.6411
257.102
63.917
49.1021
144.713
21.5576
56.9635
92.1457
55.6
73.568
72.4684
125.407
41.3006
18.6318
89.1932
121.617
50.4001
44.9931
38.8865
95.9003
470.205
113.845
190.839
17.3498
202.525
45.6003
250.02
38.0983
41.7246
110.28
189.629
21.3424
104.388
481.349
61.0555
73.1196
284.178
589.725
212.229
117.962
24.8262
23.4259
193.001
219.828
30.8746
100.543
33.8564
72.407
78.6392
363.34
123.833
52.9643
79.1749
40.4107
319.713
114.032
27.6713
193.479
124.529
56.9066
150.509
49.7749
157.85
109.227
51.0731
83.4638
26.2988
59.2088
12.9858
230.038
61.2174
80.344
146.195
9.67387
43.3029
31.7967
423.043
219.593
229.41
89.2116
26.5731
111.162
222.994
147.921
29.4512
168.161
61.2778
154.44
158.362
43.9059
120.53
134.958
92.1211
489.885
193.672
107.797
40.7011
459.708
366.48
167.693
102.386
40.3826
114.262
22.489
161.849
84.6688
32.5002
222.395
15.6604
238.968
38.4429
174.632
145.205
67.2308
132.613
79.4731
54.2213
106.28
105.658
57.4339
254.398
193.815
195.11
118.603
68.159
55.5668
18.0438
130.215
149.325
82.5502
24.554
38.2678
78.8751
211.232
340.429
51.2799
102.604
15.2858
41.5514
68.429
21.3778
71.909
231.952
228.614
68.6728
59.8143
35.8479
198.885
35.5041
109.923
14.969
211.811
293.318
157.551
58.9775
29.401
124.807
22.5482
246.473
46.0871
90.0281
129.162
35.3796
92.9013
216.714
181.368
78.8445
264.176
24.3881
64.1624
36.4619
31.5478
142.851
136.896
40.6929
16.0228
38.4369
52.6696
234.823
193.914
55.7238
107.176
165.678
49.4903
124.378
99.6101
120.513
28.1288
334.796
97.5038
38.0334
346.862
151.783
11.8735
87.5149
67.5544
42.5253
38.2124
526.686
127.241
143.174
40.0377
53.01
57.4155
87.2393
121.881
125.484
55.0884
133.231
172.479
137.431
53.2928
42.4163
154.856
125.597
131.68
210.176
93.7923
45.4157
82.1484
129.09
47.4581
223.692
170.185
37.6476
43.9263
13.033
408.577
22.407
81.274
33.6295
181.654
68.4669
99.6087
59.7923
67.2573
166.085
126.626
166.2
249.666
277.4
18.8454
171.28
62.9161
54.1153
79.1955
578.976
37.4624
378.745
65.3399
165.868
24.5756
34.4263
71.0256
319.318
232.862
33.7534
172.239
75.6829
18.3085
184.567
74.4511
59.4616
36.7465
23.1237
148.675
96.4104
54.7612
38.2378
30.0891
56.902
90.5928
185.841
26.3556
77.2836
530.413
29.6888
161.381
171.124
257.296
21.4217
83.6293
105.943
76.4906
102.394
161.269
354.189
168.208
90.4752
38.9326
128.104
151.419
25.2047
219.81
42.9441
64.2451
83.1391
63.802
10.7542
99.9115
59.939
201.229
235.604
32.242
274.966
72.1694
116.023
96.6661
62.1951
244.834
28.0677
101.648
90.6758
60.5146
141.77
39.4286
10.3214
152.037
76.7574
25.5905
94.7095
54.8226
61.6514
283.665
141.455
74.1252
106.973
52.2937
107.251
38.8572
121.375
21.9549
178.579
30.028
22.0434
52.6732
23.0118
156.726
215.669
32.5481
50.8442
176.419
102.157
124.463
51.3629
182.575
47.6939
108.088
29.8135
48.2898
123.01
18.4777
152.05
105.884
34.8721
250.221
86.6325
60.5696
53.2702
183.994
66.6538
59.5665
50.8066
51.9382
29.5413
137.942
14.1452
100.983
34.8632
123.228
142.255
138.318
148.65
37.0211
261.165
111.014
113.057
18.9844
41.1455
373.049
74.2057
84.759
40.273
247.618
326.122
62.9979
72.184
35.1514
23.9172
153.55
27.1279
93.1014
47.2327
105.105
446.336
97.3159
158.549
30.8324
118.789
182.524
81.3672
488.632
34.3176
225.429
76.7103
36.8549
52.5916
119.769
21.4238
218.189
18.4036
40.1295
64.3823
310.684
35.6035
50.2952
30.2221
155.673
63.488
52.6208
95.359
71.3869
48.6406
153.604
72.2851
63.6098
263.766
30.8228
264.964
91.8167
105.18
116.109
141.802
147.864
179.688
18.3032
12.031
19.7164
32.586
137.126
180.588
84.2602
106.759
467.173
58.3076
31.5687
18.8474
87.3144
31.5692
127.977
154.92
294.456
98.8462
51.8332
20.7992
18.3169
176.982
31.4068
59.0063
134.37
146.962
230.531
36.1802
47.4375
82.6065
15.9076
156.729
73.3822
132.142
60.7893
315.634
34.8558
34.4902
63.0775
73.8728
42.6258
68.7587
48.987
199.418
75.8741
36.3777
572.212
123.858
17.3034
97.1035
51.6262
379.311
79.7566
250.292
19.9126
104.29
49.3096
77.5922
63.9161
56.9344
44.0588
170.074
20.2637
201.856
153.382
296.982
13.9252
36.564
68.787
42.1984
70.3279
32.2073
22.9564
58.9565
89.7419
139.27
15.2594
88.3627
52.2947
250.746
20.3611
214.453
195.178
52.502
102.873
70.626
102.357
44.9805
128.208
34.5266
31.7975
68.9139
165.222
349.59
104.611
103.375
114.504
51.4628
109.695
69.5845
133.389
283.015
50.5836
277.645
112.601
76.3656
225.885
287.674
348.366
63.8249
81.5542
299.718
222.074
49.4996
61.6232
205.675
41.854
71.4373
244.44
64.0578
149.968
284.744
107.041
25.6628
183.952
88.541
124.384
47.78
88.4942
176.859
83.5298
41.368
25.3984
72.3529
37.7511
156.852
134.873
163.948
152.19
400.651
52.0589
330.343
91.046
52.6884
119.788
263.74
172.316
247.531
44.7717
31.9797
29.3484
101.588
110.217
84.756
327.451
99.3124
94.1881
346.267
71.0031
135.959
196.274
68.9814
38.8883
96.9244
340.145
30.3092
25.3992
157.945
103.281
208.699
100.735
324.964
34.5792
47.8326
45.0617
336.495
219.365
141.847
105.96
148.336
97.4743
185.821
115.317
101.104
164.699
46.0304
66.7612
856.174
81.1918
413.87
83.0581
181.734
38.622
34.7135
81.6959
290.365
52.815
101.299
202.109
38.3517
126.046
72.4409
137.78
103.3
194.952
44.5001
75.045
221.356
30.6272
17.2616
21.211
18.0514
53.231
78.3898
172.064
109.351
34.9985
231.006
321.873
62.5071
56.528
56.772
21.7668
245.972
622.042
105.667
367.182
325.426
140.422
105.92
541.265
26.193
158.938
103.7
166.335
211.507
46.7997
310.532
109.706
24.3614
222.615
125.794
30.7922
165.647
128.228
402.979
360.99
197.447
128.62
48.7706
100.951
65.0876
109.041
147.964
167.263
179.219
208.401
28.0772
182.784
173.725
41.6282
189.158
21.3378
23.8844
114.894
82.6815
42.2419
157.482
40.8181
62.7268
136.515
82.7536
19.8064
115.157
233.828
29.9729