537.045
1344.29
1659.08
352.936
651.947
156.357
1203.98
207.092
5534.12
1780.91
2683.41
756.257
544.044
809.541
1268.36
194.113
3376.36
2814.82
137.737
373.247
219.566
557.219
954.793
462.246
137.791
793.605
941.211
984.776
812.95
759.007
1596.51
3603.18
2563.53
654.79
1092.16
2505.11
452.967
1391.61
251.01
3898
775.081
446.557
388.901
601.762
3331.93
1719.67
1801.55
1448.28
241.31
1764.1
587.332
953.651
4376.54
530.178
4386.71
3661.83
565.252
78.1532
1154.81
4513.35
2067.15
442.795
2552.83
288.264
336.578
1507.04
1389.91
3645.96
825.919
2402.3
392.462
5074.93
13727.5
3349.17
1502.24
272.624
4516.12
503.856
1279.29
577.009
835.665
1555.04
2074.57
407.694
541.53
928.635
2028.87
1447.73
749.616
121.627
1159.69
540.167
1699.34
1398.44
272.777
3436.64
352.249
1270.31
417.44
474.816
1229.17
1312.81
324.538
307.676
1064.79
1098.44
1329.38
1656.65
1080.74
428.108
3952.74
247.116
1712.31
593.935
2139.24
3773.55
877.825
3377.66
1337.68
905.253
115.771
89.4045
240.528
235.385
410.048
541.853
2852.42
484.164
1442.79
1275.06
3011.2
127.801
1893.86
1231.88
3209.94
1108.55
211.052
211.343
753.626
1296.33
1544.31
1863.74
4263.14
1625.24
1452.78
2326.93
2526.58
1507.41
4412.03
782.171
2895.93
454.636
495.632
435.824
4887.92
559.945
1449.42
3084.2
1841.91
2118.58
3806.87
1911
2466.15
279.028
250.917
3789.89
2891.15
1931.96
449.386
1609.49
4246.55
2702.32
1853.12
6504.72
1140.22
1953.54
2096.62
668.048
408.492
1663
389.232
154.486
2200.44
615.31
1836.42
3708.97
742.035
2793.11
98.235
1247.09
2010.92
1815.75
932.147
2787.64
950.839
2449.16
679.983
5403.02
3296.6
684.477
740.291
1738.47
784.137
1017.63
365.507
88.4215
339.031
764.42
1550.42
257.952
691.758
822.23
990.028
3256.05
1027.62
4475.37
432.019
2990.64
294.048
2141.27
984.627
864.385
760.252
2923.58
2310.62
3035.71
2062.92
1472.42
1894.65
1071.21
2850.01
1841.15
2662.29
147.128
230.654
343.756
803.218
2505.87
5334.67
1338.05
1918.77
4979.32
1057.03
1955.13
130.317
2007.64
1564.47
1167.58
2029.53
908.778
1432.3
2794.43
300.804
1841.72
673.158
1075.53
1030.14
2553.87
2335.91
6960.46
2282.69
2745.25
705.693
1846.14
1215.31
694.665
687.391
2798.19
317.495
2282.11
2494.16
381.655
1637.59
1083.35
693.049
265.206
4609.9
144.609
2538.53
417.626
95.2587
740.32
310.721
1132.31
1013.75
453.135
557.79
2583.82
2023.69
620.516
2457.06
1862.36
2950.87
1334.64
1292.05
249.645
1424.35
526.923
586.505
118.726
288.107
1210.33
2902.46
7185.34
1443.95
961.984
349.517
3606.46
1828.45
1135.22
363.228
3246.7
940.894
354.118
3758.36
1186.99
1743.28
994.185
1282.85
844.144
1678.26
638.064
1331.82
152.704
296.854
4807.32
544.253
935.747
2099.69
803.871
242.585
381.493
1634.62
6755.9
509.763
237.332
2023.76
443.906
63.3708
1928.17
613.975
439.1
887.882
649.782
730.591
1558.32
1307.43
360.553
249.268
2053.25
1680.95
463.311
549.732
1622.82
2250.41
1787.88
3458.58
1831.34
620.155
81.3695
255.714
346.199
3458.61
1254.85
2735.38
3423.61
4099.55
1396.07
2604.46
732.914
3699.53
1019.81
879.561
348.304
1460.81
6386.68
980.884
300.911
671.3
714.586
373.586
1055.49
2573.24
541.35
1122.32
2069.95
547.051
1141.45
1041.53
8239.24
270.391
1917.17
3130.15
63.5219
1981.74
1207.5
762.678
5632.87
814.19
977.979
2391.23
521.238
741.96
572.323
261.392
3095.27
2133.22
364.023
344.187
461.508
1700.37
427.407
733.384
1014.41
166.961
1426
235.139
1943.55
379.163
1141.14
135.699
1135.69
993.115
4808
1331.22
941.037
839.067
1667.47
965.044
3661.92
416.699
221.723
3349.59
722.973
382.288
2003.07
606.788
2806.98
327.343
189.831
6533.13
1606.53
1067.67
692.693
1497.57
2021.38
2360.06
2494.05
835.92
2071.03
1310.16
668.092
2374.62
2096.33
399.052
1394.69
1242.34
121.209
3348.09
3252.26
3664.7
1708.01
5457.6
2737.22
203.044
2086.29
1921.83
2649.62
2166.5
358.719
956.209
606.343
1673.77
1021.28
994.477
1171.97
1532.31
682.258
313.082
3637.94
2689
346.08
1121.96
640.721
246.597
1832.34
3056.63
275.833
1143.02
1404.15
2147.49
858.394
169.391
730.423
3454.25
692.227
643.831
618.995
548.595
1590.53
270.934
1406.46
244.755
4995.59
198.331
960.824
309.993
316.15
2005.29
160.874
476.377
2454.95
1836.13
2122.09
2023.28
3601.25
416.663
4176.19
1934.13
3158.9
2433
433.285
349.084
984.727
411.986
1880.65
108.58
633.047
3668.53
762.852
205.118
327.987
473.734
2405.47
212.857
1232.49
611.15
3409.18
680.485
1085.56
1563.38
945.393
1530.47
899.637
3935.27
2475.95
1502.43
1295.59
1627.13
635.484
1700.33
1790.99
943.634
828.302
3709.6
749.79
733.193
738.333
1297.64
608.662
5919.38
1496.14
6168.01
724.057
612.763
4564.1
1191.41
579.257
3501.64
3318.72
831.756
2179.48
1361.43
856.319
347.633
922.284
2790.33
528.225
1496.44
1767.78
1683.04
5239.3
2430.18
712.639
1219.73
445.375
297.936
1799.91
2917.3
1556.18
3644.48
5674.94
398.637
2650.65
1548.78
1007.68
923.569
2608.37
1520.52
1533.07
1059.41
463.158
330.905
2018.41
478.476
300.364
1959.61
337.223
385.47
3009.05
340.105
1004.49
424.865
2009.57
373.013
3355.25
1609.5
3313.09
1615.24
634.51
3228.05
2419.86
636.091
6568.55
1132.75
142.697
493.432
2520.43
1723.02
652.367
452.371
3211.77
515.835
400.483
336.71
754.949
1520.01
6972.02
902.334
1884.56
606.407
2305.17
4262.89
459.962
3177.49
1280.47
405.854
1756.78
179.409
2954.67
3391.57
1898.04
2745.7
3776.39
2925.45
3105.22
314.126
228.703
850.492
682.435
855.571
2183.21
441.075
826.329
1639.74
2061.79
2169.58
1104.18
1222.51
777.213
160.423
1977.63
2132.91
627.615
3196.06
1595.7
601.381
2695.17
889.794
473.918
3764.13
3454.96
3222.48
350.994
1510.16
907.485
701.321
532.096
468.341
1074.94
259.265
845.968
1337.79
807.052
2892.89
1528.38
646.256
1600.01
307.489
1589.07
317.93
389.277
1981.95
1529.15
468.098
734.86
646.753
571.743
1020.57
1519.3
1338.18
704.506
2093.83
141.752
1212.36
152.366
802.132
539.531
573.241
167.677
3726.87
1000.04
5537.4
500.122
3357.61
1436.22
2095.38
374.294
3401.84
1890.23
4475.17
478.522
5089.51
1174.98
3029.09
426.919
833.956
362.384
2188.61
678.262
287.895
1473.57
1906.74
4737.39
1149.08
2140.8
697.074
528.611
2507.63
476.845
1168.15
3369.74
666.302
260.083
840.187
1655.2
452.59
137.676
452.074
2768.16
1140.87
1407.59
1856.67
1826.09
334.896
794.788
1878.2
4073.98
3116.08
2897.43
609.097
3826.78
757.905
632.199
1184.72
2143.02
1690.47
3826.54
475.136
1193.31
1478.81
1512.71
700.59
667.048
562.883
4314.58
1296.46
1291.34
607.561
479.183
3246.99
298.373
2273.88
821.692
992.278
1582.18
2220.54
1948.95
814.93
966.501
3266.59
955.765
968.637
567.664
702.306
467.228
827.615
1244.73
773.901
2125.86
6570.13
163.571
227.057
208.577
2610.79
817.337
468.569
3859.19
2989.88
2885.12
2027.64
845.359
3152.42
2498.73
641.78
1308.04
2509.03
3916.83
395.31
893.226
542.239
1547
520.931
1033.75
2085
474.288
636.093
2012.27
200.339
902.986
1566.85
1250.05
2757.46
3306.96
2188.94
3608.67
226.43
1167.49
2105.18
442.946
831.425
458.935
2885.84
5317.84
890.73
427.268
213.909
867.938
1681.16
2024.62
226.833
1363.72
2026.87
653.682
106.5
3532.91
409.183
2599.82
4071.36
1391.91
2729.79
1770.67
923.021
881.104
988.104
730.382
1584.58
1841.07
1900.33
334.973
1196.29
4151.87
146.177
1507.57
179.701
763.757
2823.09
289.184
390.55
2328.98
1827.23
985.422
1374.07
3800.67
306.245
2728.09
589.056
1275.7
700.223
513.866
1919.43
195.567
2136.06
798.004
502.797
236.967
1447.79
1003.85
1048.17
2713.24
1080.86
1575.75
138.303
3559.73
375.766
2283.6
1422.42
925.682
1796.9
690.401
1283.38
697.129
469.196
3316.67
748.284
1805.48
2004.08
4114.5
5374.7
627.435
390.67
672.208
3106.23
2503.92
3775.18
1789.84
1123.86
157.09
495.479
2970.14
321.401
480.309
1086.57
4520.58
229.334
2378.74
567.061
1707.97
2157.26
1538.38
206.776
827.371
3456.1
1701.83
1517.96
258.801
156.378
5646.28
2315.57
446.419
1250.14
1505.84
1598.57
282.63
1848.8
377.599
3854.14
139.177
707.574
1423.73
460.735
1788.21
218.288
1340.84
1132.82
2417.05
2058.12
2419.97
160.407
458.456
708.979
514.051
3253.7
218.076
1168.66
1975.92
571.362
1391.18
5786.24
1253.12
389.369
4158.8
2230
1897.44
376.239
934.084
760.715
3903.04
1150.59
907.52
1844.51
1136.46
4055.72
287.194
1869.34
113.291
286.11
3909.88
1509.67
1391.52
237.563
523.106
496.173
232.836
582.86
1839.44
1590.5
4477.54
2467.77
714.502
264.209
1352.58
1125.02
1803.34
223.571
445.877
3277.62
652.656
1847.34
1048.93
869.276
381.114
3493.94
1124.65
1078.76
415.523
2899.35
1355.03
478.283
3781.93
2756.02
1286.23
3549.74
3066.48
3440.72
662.471
1182.44
126.856
626.754
4406.14
1277.79
408.023
1335.43
988.405
499.859
203.585
3402.18
398.798
1505.25
617.336
1524.85
4566.31
2497.16
1357.16
1291.03
2652.83
2239.56
824.333
3892.48
1181.44
1534.43
3239.5
6951.88
5674.66
217.34
3052.19
3502.04
460.855
1524.44
1199.46
1971.48
804.984
1879.31
1127.93
2298.62
4160.28
363.867
648.35
1761.2
904.386
3677.84
2033.23
249.597
600.127
1618.07
6509.86
819.651
518.829
287.621
827.409
1253.17
1109.44
2682.98
584.184
2135.91
886.89
3722.05
737.879
2325.68
763.402
385.731
2244.7
583.719
1229.73
1955
1357.86
1715.63
1531.93
1696.53
188.748
3232.62
821.469
328.387
5233.11
394.923
1969.98
3863.01
1295.77
1983.52
1958.13
3717.3
2782.08
157.095
1536.1
1689.58
353.805
204.601
1629.69
946.146
4032.5
663.632
620.777
1568.04
1218.1
488.836
940.08
168.035
1976.19
1719.94
1303.91
444.68
3322.78
754.811
1300.34
1683.4
1742.38
2152.93
3085.64
281.66
5876.59
487.636
646.049
762.638
864.359
2097.72
1763.36
1163.41
1425.17
3708.15
169.019
788.818
1204.78
2965.82
1862.32
1811.82
207.258
747.224
1610.82
1370.66
2444.25
1243.92
3957.56
3206.57
2270.84
1458.05
1040.35
1785.86
536.554
2660.76
1388.31
801.62
1527.56
2524.26
1908.56
1968.97
455.312
460.882
1817.86
358.784
481.303
652.044
607.03
1748.22
4268.11
2244.92
1468
987.236
1237.04
469.306
1957.35
241.905
555.028
694.644
799.932
1056.79
977.139
1492.16
1812.76
441.43
371.383
5008.62
468.074
3573.79
1032.36
1926.52
1596.84
2181.58
2330.69
579.483
3427.02
399.226
3495.89
149.048
411.674
2375.98
1088.79
2017.73
2474.27
476.943
1834.94
155.803
1696.64
1484.54
881.91
4895.25
2059.02
2906.01
348.639
2711.78
619.273
471.555
1643.43
2137.35
442.298
1031.87
587.339
1052.46
731.126
1266.49
775.736
2113.07
1159.22
1100.03
3553.88
832.985
1007.71
3782.35
2973.42
1224.18
1413.79
1661.29
2914.5
683.416
3679.77
514.534
4071.5
460.98
1037.32
3811.37
888.747
519.382
1274
8061.13
1925.27
4405.62
1606.58
1672.18
1099.96
141.88
1416.61
2859.88
1207.39
249.12
2368.94
1702.56
1491.47
1873.42
708.156
920.312
1449.75
2634.81
121.127
3103.89
1764.12
402.607
275.759
228.727
782.705
1901.67
208.925
822.264
383.46
3434.94
283.4
518.103
120.304
2267.25
4683.32
2927.03
679.983
1796.4
754.751
1379.62
3044.98
685.475
1377.3
804.063
1602.07
2516.68
1624.76
7537.84
1627.44
357.01
989.966
219.223
2152.07
1413.96
2210.44
137.74
1876.63
697.097
3379.04
2564.85
284.634
741.569
4046.81
3170.01
1555.35
283.111
2820.61
383.23
211.586
1100.72
2840.01
625.763
2119.79
1636.66
1639.15
375.273
1781.98
288.939
254.829
2990.38
594.145
736.679
235.802
179.312
811.629
247.438
5301.75
751.038
4256.94
3432.69
1830.73
307.03
211.276
4973.68
1254.98
221.478
130.087
443.738
955.71
1111.99
1869.68
829.671
575.863
2740.91
1287.95
1014.02
951.04
440.903
2369.54
1241.82
1019.89
3115.14
590.167
818.01
4327.51
2054.4
2945.13
1507.87
1761.4
6556.11
1315.39
166.731
1708.43
2259.47
1086.21
1768.18
1175.12
503.953
1018.37
606.687
2093.9
1355.63
2327.91
4184.92
2269.38
163.214
1657.37
715.618
187.272
920.584
1024.68
755.203
1225.1
1926.48
477.307
2437.36
1818.57
245.985
1746.73
1318.29
408.308
2271.72
1935.18
2646.79
782.592
4012.41
1795.35
104.24
163.139
3085.36
3180.87
4164.3
1923.76
71.4372
2492.55
146.969
1473
180.213
2553.29
2219.3
2042.63
213.44
3424.99
778.191
433.711
4979.26
793.36
4838.74
3102.55
699.287
2705.39
5122.41
897.921
1690.11
234.885
1026.64
3859.86
8003.59
2305.6
2602.75
317.702
573.856
207.906
1717.43
1195.42
834.551
383.175
530.273
1317.81
1009.04
5726.19
360.22
2544.13
1825.21
1104.34
505.158
587.34
757.515
1811.8
3581.53
297.28
447.542
4221.98
1587.31
662.679
75.4359
174.084
1509.25
627.439
4162.24
4882.75
2952.08
626.36
1921.47
2137.8
2439.13
2557.91
1171.88
5282.07
2147.78
1944.72
1535.44
206.893
242.641
1550.73
2314.25
2762.18
736.335
496.393
172.075
521.303
705.143
1608.62
2102.15
2888.47
2466.13
1754.29
180.668
2728.29
466.322
888.932
2744.16
1378.72
1842.27
381.76
1907.33
299.35
3948.67
1956.7
1501.32
5455.25
282.709
1333.64
1977.67
2923.61
600.099
1543.58
3323.69
1570.03
1180.62
1154.93
1198.92
3789.05
368.806
696.977
8609.75
900.009
1966.86
395.341
1323.9
2820.06
383.022
4391.51
1775.84
1482.98
539.334
187.187
1933.9
271.686
375.61
5157.17
264.127
674.878
2754.78
712.313
696.641
259.388
5116.83
642.695
2488.31
888.045
2853.4
330.667
257.491
1531.65
1520.28
2737.55
433.008
4106.36
1222.72
4960.04
849.725
1390.86
1624.85
3337.8
510.471
558.981
3368.52
3083.89
1997.74
1389.83
6366.57
550.65
687.26
383.61
997.309
3725.96
419.07
234.366
472.393
1692.07
1457.05
2152.57
1368.06
6849.37
2636.81
198.18
140.369
2342.43
794.6
130.765
1348.94
321.624
837.23
710.581
4224.05
697.807
791.242
1714.41
287.358
1709.26
2175.89
736.221
3896.87
1121.12
1490.34
632.715
1229.14
457.255
1963.31
5517.35
350.283
755.271
3332.54
1180.31
1466.58
1326.46
932.068
3762.26
1300.51
1208.45
1376.88
2567.76
301.732
455.01
2668.23
1005.9
1447.06
465.551
582.401
2702.36
137.531
354.308
653.647
622.911
1744.87
1073.06
596.209
1286.61
678.198
1825.31
8506.19
432.838
1030.87
1088.05
629.086
1732.96
2460.58
362.742
541.815
581.98
819.239
773.756
967.996
1042.7
964.902
184.692
1609.25
915.494
2660.12
472.622
482.918
870.367
5808.9
491.398
412.367
1439.92
1487.2
2152.32
1511.68
485.604
388.458
2056.76
1162.89
513.621
438.71
7870.5
553.38
3993.75
318.998
456.314
785.734
828.608
1707.94
1491.5
2714.56
803.678
1052.66
417.478
1820.46
3813.35
342.501
500.237
845.08
405.988
164.977
182.128
1163.19
509.789
1895.54
1305.71
2142.19
2004.76
1401.85
899.616
2325.34
505.905
2087.4
848.603
419.264
1406.66
2334.48
1127.09
1061.46
231.346
1477.85
177.263
396.491
937.841
1208.39
1286.83
1968.92
351.283
1347.58
1582.61
137.973
8554.73
1010.7
730.266
569.989
521.935
1360.9
1056.95
105.824
1379.29
3856.57
380.294
922.936
1516.53
1005.85
827.977
1296.38
318.033
297.895
4267.99
895.42
799.198
1335.22
843.449
1630.9
3697.23
1439.2
832.792
892.866
3841.82
807.982
643.984
402.091
1265.27
373.929
613.401
1613.57
541.635
1931.22
570.486
1711.29
1580.89
1994.97
659.878
1391.51
494.495
116.638
931.879
2324.6
2176.06
458.138
1181.42
797.922
879.392
1860.3
243.453
1281.14
2558.65
4903.09
139.724
1449.88
1993.5
501.795
550.948
1128.41
5536.99
714.123
475.313
396.497
632.155
124.3
2143.72
1837.78
741.171
941.43
1479.32
868.66
547.316
1146.18
842.285
4076.15
591.032
282.67
3075.72
2229.79
1046.64
1780.51
205.68
2499.02
941.913
254.58
728.869
932.255
402.395
1301.31
1193.6
794.908
1446.99
659.346
743.749
994.84
3010.77
846.082
725.257
527.352
749.219
1906.77
534.864
464.704
959.614
140.56
1901.94
639.449
1570.3
3456.16
1644.8
217.976
859.161
1628.58
1254.37
437.738
607.168
3246.14
523.474
3519.17
294.316
721.915
1066.12
71.4327
423.001
442.223
571.994
1809.9
1355.88
1059.4
1777.47
706.671
1269.39
368.279
266.859
1689.75
204.291
673.415
111.624
3891.95
837.713
782.55
684.917
1207.31
610.759
1349.23
196.376
1385.22
2250.58
232.128
512.581
4441.45
2314.44
1256.34
2070.12
1146.81
373.149
840.251
3561.25
901.081
4117.12
1966.99
4143.08
4774.86
393.93
1186.1
109.641
2973.22
1980.54
1150.08
283.768
740.654
1609.94
206.196
600.444
341.486
4005.68
481.169
518.792
943.61
1952.57
214.522
835.887
2060.28
945.78
1391.57
3261.02
3040.07
1118.78
910.113
115.577
2657.63
329.531
8121.75
1176.37
91.1008
358.776
1918.21
3006.59
1139.06
1292.21
3431.41
1478.7
904.166
404.747
606.72
1200.1
1877.62
1326.71
513.209
286.33
1279.23
6736.72
212.961
8293.66
1032.33
636.53
2743.45
378.92
619.112
4529.27
2867.21
1698.79
395.584
1048.34
1200.37
224.433
584.308
4321.8
341.91
148.847
1082.34
2059.69
1985.95
833.192
826.058
1803.77
2459.94
784.524
3943.13
427.077
821.052
1690.96
1223.96
685.935
798.912
194.505
461.156
1208.26
955.153
1947.79
1487.39
2966.06
3622.61
168.56
4626.19
1147.26
748.321
2744.8
1517.07
2610.45
784.324
6879.6
739.831
606.016
175.804
1888.94
528.617
2189.35
4332.85
824.416
502.586
1114.55
1106.16
159.641
993.236
1647.57
93.0386
688.355
1831.7
644.901
910.333
1087.31
1592.89
1920
779.73
1283.75
722.266
2010.44
2887.69
337.401
500.377
1501.07
1967.04
182.706
267.195
3699.38
995.761
224.681
1698.63
2470.49
389.068
2091.62
806.234
1897.56
372.097
545.651
2353.12
2970.86
670.32
1650.6
1115.02
180.47
235.733
1311.22
1001.7
2868.25
263.42
2859.61
6994.37
3259.1
428.2
942.902
976.496
2759.89
1396.2
694.443
1064.08
1161.24
613.546
1112
966.404
2226.71
1327.73
719.941
214.577
219.613
1127.89
791.103
2065.36
2411.14
2739.43
756.521
1051.88
363.291
989.535
315.775
1095.06
992.897
1650.02
359.595
1241.69
751.827
1446.9
2906.49
567.936
2599.44
1788.35
2995.22
239.494
746.142
3338.38
465.896
1056.5
617.331
135.574
2083.12
587.986
2451.28
2290.71
1394.43
1005.07
355.386
1211.48
601.664
353.908
293.396
2834.08
814.491
301.072
271.322
1214.08
208.531
584.387
908.271
686.391
1231.01
2933.08
3526.44
2112.3
2831.63
311.821
4237.38
3717.02
4152.55
943.171
369.275
4514.42
3621.77
939.306
433.125
246.154
2993.54
483.443
1494.49
1407.58
292.171
977.938
1144.35
1069.28
222.217
330.984
841.695
2154.58
2531.94
449.196
1196.64
447.174
2876.74
2677.45
1597.14
876.244
2517.26
2046.43
1785.96
614.217
5127.05
1013.81
469.889
466.035
506.793
1648.29
990.077
1603.1
6636.41
2114.56
227.346
2703.52
980.019
651.879
2019.45
511.597
1280.81
252.646
279.54
256.627
4598.86
8113.67
397.505
1606.47
261.47
3057.1
2803.06
877.763
2812.01
876.314
547.078
5670.55
1368.53
1414.98
2310.99
3806.38
815.108
309.383
376.095
1736.76
3754.43
379.297
478.913
933.044
2611.69
2690.44
1660.68
2025.52
1816.9
4209.26
3997.11
262.554
423.406
1306.82
1963.62
1114.5
157.249
402.246
507.001
2212.71
457.947
842.229
1427.27
323.013
854.796
2707.32
565.789
663.303
2914.56
1992.92
642.722
359.955
1077.93
3459.37
204.733
2143.8
1126.96
1918.35
1773.03
300.781
1645.25
427.879
3565.21
459.4
781.25
477.962
553.705
257.806
232.855
2122.15
4223.82
2340.82
267.367
451.147
1542.79
208.457
1630.93
4943.55
1815.3
680.234
1809.43
4072.63
2573.46
156.28
2131.81
640.351
410.88
1159.01
1555.28
1577.9
378.366
269.663
115.93
2455.17
3579.59
713.444
1703.63
6923.9
311.063
846.357
2455.37
3074.57
184.115
781.032
686.199
1888.73
786.192
1550.28
1273.39
806.993
335.627
2233.06
3920.32
1281.41
2418.91
1779.96
4465.1
669.284
1389.06
1332.03
1263.11
1635.16
2213.96
2438.29
489.568
345.019
2712.43
1608.18
1446.9
2039
382.907
2312.84
925.555
2086.66
3448.63
248.332
1514.48
451.717
440.232
1140.82
3569.49
994.463
1079.03
1938.83
372.29
422.913
253.96
553.17
1047.95
582.787
1426.02
6388.53
1657.53
2752.77
554.808
2504.47
885.55
956.188
284.662
148.603
679.546
574.572
2555.97
3210.78
2940.24
799.728
681.247
2589.08
2868.05
632.251
1423.57
130.915
1053.73
380.633
1714.65
3331.08
314.61
4502.59
265.341
2806.27
2956.93
1358.83
3384.56
4999.72
260.251
421.59
1536.66
2732.16
558.451
1225.68
2883.52
1472.85
1904.21
735.133
1506.07
1182.97
560.942
780.094
1050.51
519.725
826.546
399.751
484.607
1051.31
5780.4
883.888
2171.2
2476.29
180.97
457.515
1661.95
796.355
2227.06
5160.4
694.093
398.083
3240.56
1539.01
1450.41
1460.34
276.261
3443.99
441.72
1451.7
2687.41
2984.45
1270.99
3147.25
757.068
4454.1
533.554
673.442
318.152
3020.28
219.135
731.258
754.849
3065.7
3700.06
1499.6
2785.39
655.334
926.748
382.241
349.836
139.788
682.859
7905.02
303.453
1611.67
826.866
2798.73
2343.63
1614.41
3895.98
897.508
469.506
398.157
995.35
1429.75
590.657
298.754
2481.72
1883.52
1170.5
2603.38
467.686
926.909
608.143
3855.51
2229.98
1310.8
2524.25
1659.69
760.896
660.968
1480.86
7824.67
97.9197
691.625
1050.37
952.726
987.181
404.033
279.313
4783.76
1292.74
259.856
1454.12
295.53
2402.78
812.011
1767.56
708.139
1138.1
1645.23
342.369
2250.48
1785.91
1556.13
1390.74
2964.78
2840.48
1056.89
546.727
1421.43
1270.01
1152.33
188.027
2059.2
1682.08
341.078
6244.43
2386.81
989.362
1897.47
395.327
901.517
562.489
6962.53
541.662
176.307
721.001
1139.69
512.099
849.706
1184.43
1905.53
1885.69
5356.22
735.22
6491.2
3633.51
2823.77
785.133
2591.8
1371.2
2117.9
209.517
297.771
290.856
416.345
537.026
1372.83
1731.9
2409.38
449.279
1659.24
544.327
4175.51
6932.56
564.682
950.162
63.2092
1477.59
3185.26
322.223
2807.85
553.407
1336.7
1377.46
3974.61
2435.83
1024.8
2548.08
146.534
441.511
4435.24
1487.32
791.639
1017.28
1296.61
1819.62
152.758
3328.21
587.862
336.012
750.904
2393.48
2145.63
1480.17
2613.69
1437.83
3480.64
5069.23
347.023
881.458
459.264
1270.21
978.123
1381.77
968.633
1683.27
1014.94
530.524
5882.07
2210.99
530.393
595.417
173.231
893.46
596.094
2951.27
2925.89
994.894
1568.45
3557.13
355.674
606.896
1328.82
1530.92
3437.09
462.009
379.693
423.777
1692.66
2271.34
1620
574.924
6537.66
533.24
1995.4
108.682
2052.69
2655.8
2591.92
342.2
1068.44
969.027
363.813
1376.08
6229.05
1012.22
2225.47
1497.02
291.751
143.659
1618.1
3846.11
839.866
2091
816.931
699.991
2743.37
1117.46
1787.12
818.768
1507.05
770.622
1679.3
904.518
1906.45
1341.53
827.219
3811.94
1211.81
487.211
2527.14
758.904
2939.12
1243.73
7108.92
342.814
1051.3
874.61
3098.34
594.301
1885.53
684.871
673.403
394.13
1065.14
1370.6
358.947
538.03
127.136
1388.13
1596.62
589.358
2620.48
1897.37
436.784
1103.75
836.901
1392.95
1994.36
800.759
1271.15
154.129
865.885
166.125
450.897
4025.19
772.814
1306.92
2310.26
1212.04
774.989
4465.49
1208.98
723.093
570.86
2433.99
585.399
990.824
337.001
202.343
310.817
790.26
751.503
136.713
1063.17
2989.8
2228.62
428.117
3804.41
805.602
4056.02
389.849
3285.72
2451.54
1696.89
313.858
673.628
2181.3
700.462
334.09
3584.59
2435.02
381.077
620.825
1431.19
245.964
1658.25
2389.29
3077.98
2139.01
1767.58
498.61
772.154
283.609
553.474
2581.89
1437.89
648.899
637.598
726.616
1375.23
3890.19
2993.48
221.338
430.61
2142.74
218.163
1959.81
155.62
782.165
2014.23
650.424
773.611
433.135
2801.87
218.795
697.338
2592.23
931.334
396.978
1725.47
2332.26
1031.27
7066.98
221.944
1282.18
3065.05
823.834
877.403
3278.3
1766.4
1008.62
535.272
508.874
341.948
1334.55
531.937
1304.06
1872.04
1305.62
2852.93
2633.67
4418.37
2157.57
263.62
725.081
120.475
1318.5
1160.54
2447.49
835.19
1585.55
2314.19
5039.74
671.914
841.412
542.812
404.677
474.825
1287.68
116.03
261.172
1347.62
993.42
2680.73
209.051
1160.67
723.126
1065.46
363.803
2548.69
797.013
2336.21
815.36
2883.57
201.006
2925.97
1790.91
287.646
1629.58
1697.36
903.635
1192.84
122.186
1496.44
1197.06
1645.69
687.991
349.834
377.358
3453.62
1652.97
1262.96
268.639
955.042
534.231
7221.24
256.005
246.302
488.315
5423.53
1347
717.696
535.695
486.33
226.835
4904.73
801.337
240.588
1582.56
2878.07
1195.17
1174.09
87.4697
2652.93
2023.24
3399.16
1629.78
479.208
744.038
277.469
702.696
1550.95
676.865
2658.96
192.715
1555.22
1808.64
615.427
4134.43
214.397
362.837
353.111
2489.59
1780.69
1297.66
1232.22
94.578
1034.54
385.939
1349.1
715.316
870.704
1959.28
483.74
3306.55
5372.17
754.649
1491.75
1596.92
473.001
1385.71
1486.39
5899.44
480.914
7774.49
392.162
896.055
4706.67
868.823
309.858
870.137
2506.39
2915.78
1698.36
5510.33
1759.98
598.995
563.285
6896.79
2310.95
4592.25
972.683
1798.29
3459.71
391.182
363.716
2791.52
803.581
1217.36
1552.17
4897.47
5068.68
417.148
356.89
1937.74
996.014
605.901
744.672
1709.15
319.437
925.849
1898.3
540.806
602.58
1006.71
4105.47
2387.3
2193.14
161.803
3250.47
4869.12
3889.06
126.933
1535.18
1121.71
632.385
2336.53
5557.75
788.754
2037.85
1038.67
341.167
3145.16
6417.95
710.195
447.614
630.822
338.587
649.15
3321.65
4035.42
1036.46
722.147
2177.1
512.151
761.932
1054.6
1339.18
295.797
990.973
3848.36
190.883
424.534
1557.55
1722.53
1277.35
808.531
4577.16
836.836
722.152
2790.62
379.821
1696.74
2608.45
149.452
863.432
2019.5
1600.15
2481.92
2745.49
2876.16
503.936
4591.43
378.205
479.471
2172.22
2914.15
1267.41
5797.54
192.092
2373.86
594.573
2294.5
1324.47
611.902
3719.54
1731.95
4029.68
1001.85
444.776
2835.54
907.348
2581.4
306.648
1008.51
3360.75
1326.43
2488.5
3807.51
1273.81
1421.69
2626.36
340.145
1312.13
335.86
4298.14
277.716
3332.28
2118.48
2021.48
869.264
1828.53
718.315
281.49
292.785
393.068
727.357
893.191
1122.77
1927.5
1806.25
871.804
1000.2
1223.77
711.519
3660.99
1581.59
2374.99
3447.36
1016.87
601.604
1021.03
271.861
2207.31
2627.5
1589.26
3025.72
3625.04
1021.71
309.146
2131.52
149.896
773.562
1330.42
913.377
518.51
1660.4
1049.19
276.897
660.342
643.338
2093.14
687.748
901.857
171.972
1808
484.277
4024.03
1660.48
1174.72
787.475
359.102
3822.73
622.502
2984.58
2003.58
4758.43
1693.6
994.695
3247.03
937.539
3342.13
403.882
747.861
1771.05
6728.59
3669.26
1142.55
4209.99
1486.84
1971.75
556.886
488.526
2963.27
1375.52
1354.91
3372.9
2196.62
2718.31
1033.76
184.076
570.55
1505.91
603.974
942.768
2525.96
239.911
462.821
1463.33
431.31
1229.73
1927.07
1703.69
447.592
2138.71
474.512
1132.78
2541.65
539.917
658.333
296.48
542.091
2117.97
157.107
442.191
796.466
1125.35
1503.76
346.976
2903.97
1261.94
196.392
497.065
603.634
277.826
2390.04
203.164
235.947
3509.9
469.72
5102.6
179.205
155.725
1106.45
2595.53
1984.89
810.861
779.792
4518.33
1108.04
403.283
177.619
477.706
1420.63
764.692
1259.96
851.971
245.554
282.342
4136.25
76.2953
1044.84
1687.82
714.357
366.235
334.405
1209.25
3450.49
602.828
6720.8
2444.57
625.839
1114.89
3583.95
637.635
9572.37
1638.77
1658.85
1914.45
6804.17
1089.33
8865.48
2270.9
1012.77
673.71
619.148
1090.97
6608.68
3738.62
2525.32
639.027
673.249
520.095
3309.26
1480.71
294.359
634.012
2301.4
198.985
806.139
4607.78
2701.17
1204.36
510.686
2215.78
946.283
115.78
1941
3500.85
723.297
1697.58
1364.82
1960.79
438.693
1067.85
2207.66
1462.03
684.592
771.33
2744.17
1224.02
738.079
1234.49
735.954
1170.81
3109.63
671.975
1061.4
1016.82
149.793
497.223
2376.07
4409.92
1167.7
2143.43
1343.72
377.993
1660.06
742.555
1971.27
309.547
1701.93
1541.39
1260.85
3154.06
828.984
129.602
370.973
627.398
2147.62
1060.9
175.107
1227.9
222.616
1093.27
1771.31
1228.42
2370.25
2272.11
270.461
5333.1
1139.4
1459.77
1728.32
144.321
598.941
615.159
276.23
198.625
2528.32
871.333
288.78
2230.01
1052.44
343.53
882.338
2896.3
987.501
1557.46
3421.47
2465.17
2394.11
692.068
1904.47
638.952
2142.21
214.348
3378.19
251.46
350.164
2187.93
1507.51
1344.09
469.598
846.319
1743.58
213.458
589.922
3157.43
2669.35
398.478
1216.7
1654.5
154.732
697.153
633.874
1492.64
739.673
467.439
753.63
474.915
1522.87
1013.44
513.72
563.579
3106.14
804.407
2599.69
5904.61
1142.2
925.169
1863.34
479.255
2002.9
1981.33
2959.57
2196.85
1379.59
3102.46
1382.35
267.931
675.511
467.496
653.199
232.881
1376.61
676.236
1970.6
1994.85
981.579
1651.09
1751.97
379.354
1994.7
1058.28
792.804
4048.29
3459.01
1883.22
854.395
1703.35
1472.5
451.67
1291.1
1334.91
2467.5
1843.73
156.271
488.803
1615.46
669.921
1451.66
2286.81
2871.42
140.681
2137.5
1619.59
1475.38
1211.4
2194.78
3153.06
537.965
1013.29
1978.42
5207.16
539.83
207.257
438.174
772.651
4849.15
982.369
1313.37
894.917
1701.5
2044.16
2770.29
1280.6
655.51
997.383
3264.78
990.197
1456.19
1367.23
2235.15
1538.44
5680.62
1192.5
291.958
951.631
4832.9
2895.07
705.011
3296.81
752.53
279.665
541.902
1058.89
1887.34
1013.62
1203.41
1474.53
1200.37
666.695
307.53
1562.8
1651.98
1963.44
635.256
1943.19
881.297
603.135
342.87
278.667
380.304
229.478
790.142
793.791
2868.62
981.948
5348.28
6193.37
1968.83
710.628
2769.79
465.943
272.346
705.872
1712.47
272.127
792.508
1118.21
460.157
1347.39
1233.06
5412.79
3999.15
1917.12
987.959
587.529
371.414
291.734
213.221
4099.26
138.486
309.136
2291.97
1197.97
803.586
379.472
1331.93
1186.79
1798.95
403.74
2228.39
1309.16
3045.71
1023.36
316.942
638.906
1087.35
1254.16
1673.68
5991.49
1601.44
1361.12
266.746
3124.52
587.661
2386.73
1223.22
1124.88
1716.53
2244.06
353.183
738.116
872.006
1209.91
2941.86
141.725
1217.22
524.627
878.1
78.353
2331.33
2309.67
538.152
2385.05
887.695
973.336
2278.31
747.306
1030.83
2802.9
236.682
2320.62
301.355
1742.06
320.618
798.215
5105.58
271.871
762.134
3030.21
452.964
4674.05
3904.82
899.72
1502.05
154.112
1540.32
1348.8
1163.39
1214.91
1177.24
1989.53
1435.51
422.717
3016.17
1419.03
224.192
1607.37
2633.28
1634
424.313
3991.71
886.133
3592.14
2478.65
701.809
641.956
721.455
314.83
395.263
925.544
2882.54
645.395
4581.61
995.845
688.44
871.376
271.064
982.399
5981.57
865.239
371.771
1737.68
3428.38
1659.85
412.688
281.848
873.938
2099.77
3195.27
1726.99
2940.64
1194.85
281.57
766.123
3753.39
2311.34
277.703
689.085
195.506
2751.04
3198.45
1658.14
174.849
6460.72
365.439
123.863
3796.32
1023.86
3471.99
467.466
891.023
3189.61
321.691
277.509
266.672
5231.68
1113.97
810.709
3502.04
270.352
189.449
2165.49
2268.63
539.255
1459.89
1795.79
1098.95
980.769
198.905
682.64
174.152
1574.03
1594.64
1511.07
568.67
1067.2
1722.43
2616.34
3395.13
496.884
384.644
548.975
1944.72
3039.51
938.031
636.269
1470.71
1455.37
488.97
1414.71
1189.5
1601.57
1634.22
1914.46
380.658
1994.16
1066.9
3343.64
727.631
1845.99
1637.07
1214.82
834.62
1136.6
968.652
241.798
1540.23
569.139
662.465
673.532
2631.76
2972.21
847.787
1567.68
892.455
525.259
1674.92
1226.58
1417.19
746.266
179.81
1479.76
287.716
764.247
1271.61
3010.04
1085.03
1081.43
2109.82
2589.92
1982.04
488.043
244.801
1771.52
6527.48
835.901
2260.34
1863.1
406.371
1063.59
628.855
1153.91
233.337
3672.14
6067.15
322.615
90.6015
2789.96
692.452
2043.16
661.95
6159.99
2719.33
4212.08
4041.85
1425.95
2844.57
1854.96
669.915
260.212
1381.88
2070.3
3059.5
605.22
418.172
500.236
1485.74
382.556
711.124
391.582
6963.07
3029.32
1461.26
2458.83
497.52
855.347
596.041
2135.44
2026.98
1459.79
1318.42
4156.91
2090.38
2083.06
3378.18
811.385
2769.65
1681.68
399.389
1410.51
1073.86
724.738
3544.32
1315.43
1214.95
2742.09
2007.83
1262.08
3313.86
2202.16
1034.53
527.048
892.598
5552.51
1208.09
516.158
967.549
175.061
3307.45
3367
1517.51
952.301
1733.43
813.486
4332.82
1212.58
2286.7
1199.66
233.749
3136.88
2291.03
324.398
504.523
4211.09
261.105
1755.51
1317.8
268.981
1315.69
545.064
1163.88
1594.16
1329.3
256.978
1531.23
162.536
80.2711
1044.54
1510.82
3317.32
2291.62
1281.2
796.414
832.709
261.792
331.826
585.38
1179.38
328.813
259.299
2586.86
3455.9
424.867
292.687
1220.41
2346.72
678.682
585.166
682.325
840.09
1621.09
2172.18
588.768
156.438
1620.15
765.826
820.223
1785.19
1776.21
393.997
968.339
4906.96
2574.93
2208.42
556.516
3096.37
3949.85
1802.03
5059.05
1483.14
1755.77
566.54
3901.33
1095.68
2238.88
2345.56
511.451
447.661
835.239
1114.37
1005.76
301.675
681.425
1032.89
1461.87
316.585
1003.84
396.251
1761.65
906.895
1299.5
1984.95
2611.56
209.414
75.4924
1120.99
140.983
6743.48
353.38
235.521
197.998
1103.7
1165.51
1066.07
2676.19
2005.86
1211.54
6243.54
795.503
234.853
2621.27
339.251
1129.45
402.734
798.795
1641.97
1605.58
775.45
1275.01
1336.48
1262.54
286.978
3426.27
679.674
791.359
267.004
1880.98
2656.13
1558.33
683.507
4259.86
1067.38
1793.03
393.795
1879.42
331.103
1712.15
2929.31
836.973
445.808
142.526
3677.12
822.462
1735.13
463.804
2054.83
5728.38
1113.5
1909.07
1653
3380.81
1054.97
1146.24
923.655
994.968
597.046
1445.21
437.254
250.492
300.813
1166.88
231.533
171.565
212.576
209.275
721.604
225.604
383.236
1084.88
228.989
724.453
3098.21
891.21
1272.35
6704.48
273.512
549.121
1289.42
1546.43
654.19
2104.88
2376.65
601.655
284.393
1878.68
1989.12
1990.52
751.123
627.396
826.65
2135.49
838.742
1539.21
1745.63
519.035
3405.56
1308.61
404.883
5197.33
1699.71
1669.77
233.13
154.489
1493.16
614.516
1244.83
3277.53
1650.97
2540.88
723.435
1377.96
1468.65
878.152
1135.39
2643.72
1591.65
1468.58
199.825
3235.75
1532.72
1204.54
1100.73
1233.55
6293.25
1197.31
529.611
3206.57
2041.45
547.457
1146.19
396.647
3430.03
101.393
318.363
852.125
6694.1
449.039
834.348
3413.6
1850.32
3393.57
1842.68
2143.04
2223.88
258.211
606.139
4637.63
387.743
1174.1
6649.94
1855.2
1009.16
923.382
2183.52
1852.92
2735.09
3099.7
1193.7
1648.45
2675.37
3289.62
2648.43
1164.32
1114.36
1344.97
705.297
242.915
2330.67
2237.74
969.279
1774.1
3863.6
1513.66
544.88
718.203
1416.39
242.823
633.881
1283.09
2470.93
2879.56
827.972
3391.68
138.704
11566.3
1382.89
437.816
1283.63
192.576
1020.22
3586.15
1875.33
1622.92
456.073
3216.24
399.141
485.963
5355.83
2045.63
782.449
1280.95
173.506
142.519
540.352
278.747
159.999
270.055
2682.06
628.844
1101.17
596.702
1030.74
9110.67
482.404
2574.54
1297.89
254.07
115.886
3226.2
4217.22
2845.3
1100.97
345.576
619.798
1447.67
1858.17
1228.76
1848.47
817.945
676.114
508.698
283.596
497.643
1274.11
1313.54
444.484
1178.69
944.129
1300.09
1142.21
2160.6
1386.94
837.4
225.827
1648.67
458.577
3581.21
2019.56
227.35
3194.03
584.369
371.019
1920.76
925.086
2059.61
854.396
342.14
353.088
566.585
261.994
2285.53
529.223
1606.71
346.445
2323.73
663.527
212.307
493.938
308.831
192.914
3465.6
1314.84
2550.25
1979.11
4075.71
574.148
4636.48
698.87
442.513
412.295
778.405
2871.96
1237.42
985.424
392.322
991.962
2876.34
1563.69
843.759
806.964
1429
1750.27
782.778
384.579
3832.1
11892.7
3751.36
2683.88
2421.34
1143.55
272.064
632.033
912.47
320.144
2185.14
1199.62
1296.45
355.394
1969
950.63
1542.7
1257.74
523.311
326.744
966.622
2447.2
2079.32
534.998
1401.09
6414.7
744.616
2118.25
244.139
1094.27
915.62
1929.14
2657.46
2357.96
483.423
169.309
2227.13
3170.86
2164.92
1372.63
2364.96
4940.05
1796.59
513.509
3355.64
1613.6
276.696
411.029
839.308
3128.72
891.378
4850.56
605.403
614.083
805.253
1956.54
667.025
584.168
1156.09
391.361
3137.14
4114.75
2086.28
2335.97
509.73
5563.36
3973.84
6362.92
504.159
2153.46
959.941
662.604
6363.54
229.58
707.021
220.71
534.988
7474.77
1036.98
1729.27
436.591
350.768
978.549
1278.47
604.081
1782.22
2258.12
905.844
162.107
808.813
847.053
6567.35
2411.1
3050.31
1754.8
1259.76
220.938
1109.12
889.063
4169.72
2943.3
2141.94
389.998
2675.97
676.267
301.214
1295.45
114.62
538.042
231.159
986.583
223.346
4623.4
201.633
210.918
2273.78
205.41
150.736
3593.43
1205.25
1524.3
269.739
2188.05
1143.32
720.58
276.234
177.133
4970.14
1951.43
456.107
214.017
250.426
3320.58
4370.98
362.967
661.946
780.567
1079.56
3385.52
1253.65
822.312
1759.57
224.882
2502.42
190.178
515.015
1324.58
1317.96
3253.98
3868.78
162.082
1958.13
770.949
1379.62
392.497
343.873
2350.37
1184.3
701.735
813.942
455.019
1834.44
228.782
562.214
3187.08
4139.12
1779.08
1017.91
1830.97
1134.92
2752.65
1432.04
1405.6
1778.85
1010.86
1169.85
1445.13
522.031
1384.23
2760.42
3148.49
180.907
615.241
6126.85
2642.24
1249.16
1132.8
848.841
320.102
4795.05
712.908
2616.69
292.176
1795.36
123.165
871.085
212.5
1906.67
335.864
1095.67
1608.13
831.88
1850.9
1531.47
2851.35
1079.5
559.925
363.015
891.792
870.518
594.479
597.568
650.645
734.647
1117.69
464.759
1608.18
2790.95
2163.04
107.27
2018.27
4486.02
1344.08
3138.11
1296.52
2685.61
579.541
1296.82
996.32
1969.37
235.462
403.135
1012.59
698.789
3012.01
1457.94
814.878
1000.47
1069
1087.31
1298.71
279.881
271.242
1869.52
244.783
865.005
1397.83
3793.91
777.424
1504.63
637.151
233.608
1625.74
1535.58
977.981
1310.44
1145.09
2004.94
1239.52
2797.66
1637.76
356.766
2668.96
479.28
626.512
935.693
722.911
391
2120.64
907.287
108.746
831.88
651.623
769.987
258.025
633.497
508.067
694.154
945.176
280.425
768.915
3602.45
3134
174.222
1690.51
4358.23
303.947
1311.73
2075.8
583.221
392.657
136.853
2343.34
892.014
163.89
5793.76
607.632
1115.09
2761.32
2295.65
536.759
3821.25
333.147
714.936
752.244
217.242
701.837
760.238
1113.67
1247.75
1222.58
962.284
423.678
359.612
853.943
328.763
1858.99
1377.68
1934.84
1654.14
368.918
276.369
1015.94
189.728
779.54
2273.41
512.421
809.77
784.177
1192.29
3986.84
1640.98
1754.05
969.31
265.502
717.319
458.347
488.401
281.04
353.727
250.192
1185.33
4412.06
3338.59
730.078
811.619
2024.38
376.645
2275.32
472.617
3087.29
382.716
235.049
3630.22
736.858
2732.06
630.679
4072.43
315.476
2417.69
366.262
1076.26
2107.76
2305.22
740.177
2358.84
801.996
911.703
511.97
667.263
754.009
588.137
3890.92
2633.9
1287.67
2630.45
1274.39
419.067
224.608
112.137
756.067
1107.47
341.91
1956.15
308.25
2746.28
546.224
4540.47
481.879
672.79
1197.6
2158.2
610.429
190.771
3762.55
1054.25
386.086
1748.65
3523.82
3815.72
2294.59
168.264
298.625
1255.97
1980.44
1785.44
412.293
3343.93
1750.45
680.055
1771.72
573.031
606.314
1916.61
1019.33
1160.22
274.152
481.681
472.893
1745.89
234.856
274.598
1119.22
3773.51
289.104
3354.91
4638.92
262.948
1194.49
4364.66
6086.59
348.367
2108.06
477.431
5170.35
3624.82
3439.15
193.228
972.035
825.865
2352.63
156.972
3211.12
1507.02
254.124
806.161
1225.33
1455.55
324.426
1014.24
411.303
557.094
3121.69
9260.44
796.346
568.308
9414.42
518.823
619.198
833.56
1295.14
1899.39
2536.98
3940.07
585.407
970.12
2800.07
856.95
144.082
4955.06
1343.55
1816.03
1052.72
3360.14
3843.07
759.878
1942.05
158.018
2168.45
988.828
1663.05
2700.57
3263.39
1501.99
1646.09
915.121
370.93
831.874
545.716
2294.91
1971.05
157.016
1532.8
716.534
572.555
477.176
2140.1
935
2159.41
1786.47
1122.73
809.528
2093.95
3758.06
1232.15
644.402
460.918
447.069
480.735
905.054
4694.31
1096.18
3851.34
346.082
791.421
3239.23
1412.28
2343.65
206.443
1387.21
949.994
669.442
830.439
1632.63
1943.69
2134.84
2628.85
4213.6
2706.03
562.215
375.26
3642.42
1619.28
2079.11
190.001
272.087
5182.94
2777.3
1346.9
1369.08
252.33
4892.92
3543.08
1375.97
1656.08
1243.2
180.271
1502.33
818.186
131.33
1073.17
295.525
1024.11
1191.95
455.029
757.114
3214.8
301.65
4091.47
144.536
1626.6
2089.14
1689.22
2706.89
275.111
2077.48
1627.19
1423.26
2229.35
940.109
1670.08
1127.46
316.122
839.196
2382.43
752.193
258.207
1169.46
2583
723.138
1329.95
422.681
2762.12
591.607
406.786
2288.75
5104.63
6725.46
540.079
576.144
1362.86
383.826
777.322
2624.06
2650.03
916.046
1644.04
1097.54
2196.29
1545.71
2544.24
239.143
365.827
2695.34
1246.9
502.964
1187.13
1172.95
324.292
2364.65
999.608
207.112
1939.04
1721.45
3140.64
1676.29
239.213
5106.08
549.344
251.65
205.754
1841.32
67.3941
142.569
3307.43
548.153
3214.48
219.863
453.812
327.481
3714.09
470.976
1372.93
892.411
1367.9
2181.42
591.418
413.327
3108.83
2690.6
701.23
1878.76
666.327
1076.31
6192.09
727.743
163.208
310.365
278.258
1063.21
647.498
1320.06
1885.52
2970.73
403.343
3485.23
500.566
253.796
270.678
239.185
1807.56
290.394
2329.58
540.565
356.37
236.142
323.193
2568.87
546.42
272.355
1686.34
1987.17
1174.97
411.267
432.224
140.235
137.542
2989.82
3235.81
363.503
600.491
6309.75
271.985
1222.03
191.943
580.928
711.734
1515.59
226.201
1527.17
634.919
925.448
4426.33
1094.12
752.185
1533.89
146.741
4956.28
2498.91
1056.07
5247.12
1823.98
750.709
888.86
1298.62
2685.2
298.41
542.37
2070.22
2615.78
453.327
936.645
259.126
731.389
632.77
214.761
293.539
2040.63
875.08
2160.7
2035.93
725.029
1978.26
86.3046
402.948
1545.48
1172.35
649.086
473.716
650.707
3020.18
914.563
579.903
2595.2
3022.4
772.761
2172.27
80.4534
724.259
1460.56
5760.41
176.715
131.568
2981.78
1981.75
2407.44
136.469
564.417
389.386
1079.33
1075.33
353.348
855.306
1771.07
1641.05
411.191
777.515
386.843
206.717
292.474
267.239
527.345
3975.06
1578.25
1278.14
299.195
559.173
3398.71
244.292
403.558
1804.45
934.155
1835.74
969.687
1648.7
731.779
3670.9
2109.71
938.546
512.678
1290.56
2904.98
316.574
930.678
1817.22
112.323
2813.94
941.999
4476.15
514.389
1330.71
1389.65
823.238
1956.58
854.245
2027.42
1930.39
1121.11
1076.8
856.982
330.686
321.475
1714.43
424.96
2568.92
3211.76
1124.79
585.617
3101.52
1384.46
3769.98
2877.01
1466.97
679.164
3296.65
5750.57
1129.18
3604.85
3301.26
191.782
2646.68
466.908
413.77
513.752
1621.91
578.291
1790.53
811.109
421.752
1698.64
3434.63
753.345
1920.94
1254.83
241.816
638.952
5570.91
248.426
1234.63
1245.39
580.658
1956.38
294.866
746.211
142.405
2536.45
578.402
413.864
1147.11
134.574
441.166
277.886
4451.85
1183.92
718.571
715.713
3338.06
1400.61
1563.84
1232.59
2697.69
1274.74
2164.91
7647.33
2975.26
800.151
783.705
2713.45
4076.84
1324.94
1234.76
384.033
2003.2
425.076
450.061
2922.26
8337.41
853.177
4199.46
2078.97
240.449
1275.05
588.554
1887.02
154.492
719.805
1164.69
956.871
349.581
220.256
1429.54
1803.24
443.437
1364.49
1248.05
986.415
379.349
2796.89
2641.68
512.876
250.594
1823.54
725.843
456.327
1751.78
1576.3
1768.68
1767.64
1685.2
3096.95
2943.34
573.926
766.144
587.787
3361.89
708.163
3599.43
331.06
1599.87
776.161
665.893
778.504
1403.97
920.147
1177.66
1312.36
7600.87
636.057
1828.59
1015.83
78.6649
503.842
972.441
1146.09
1171.79
2113.87
490.811
300.522
576.585
917.983
7497.73
114.72
2657.72
1779.8
759.904
1195.53
3677.51
1057.48
1178.45
373.833
1889.14
1927.08
839.865
321.603
526.574
645.21
118.101
3317.4
1628.45
2110.96
1158.76
425.989
1514.94
488.834
3349.13
1253.15
820.776
4378.84
128.431
2542.02
2542.54
593.201
1448.84
290.754
400.224
128.056
234.076
1626.49
438.727
1873.7
526.055
456.562
676.536
2014.32
297.652
188.864
1027.91
5897.67
5578.93
2623.1
217.672
3650.2
3779.67
1568.71
3429.88
231.352
787.428
245.149
1629.23
1356.05
745.294
178.137
976.585
355.015
1777
588.911
453.043
2465.12
1961.94
1217.68
1464.34
1172.43
1800.27
826.151
165.038
1302.94
749.901
2682.38
2328.43
1013.4
534.526
1623.86
528.122
1408.83
2580.78
1933.79
1359.11
3651.28
307.131
3490.09
1300.55
979.134
917.55
2065.14
542.375
177.575
1371.58
753.461
3969.14
494.429
1042.47
160.308
379.446
442.433
1680.45
1476.9
1329.57
3271.58
998.457
1231.25
4558.53
390.339
882.087
201.459
2454.87
3325.4
1921.68
138.926
905.005
1290.42
3885.87
1067.94
234.774
673.82
872.779
343.576
2521.38
167.125
2032.89
193.327
171.422
373.752
204.493
1140.01
857.715
509.595
432.833
4461.16
720.859
2846.47
2488.54
495.995
2142.34
2918.28
3573.93
707.023
335.849
553.589
180.701
1192.8
2671.05
332.527
211.386
3158.65
428.144
2061.17
634.299
905.36
869.91
2666.78
1118.71
4680.26
567.495
1046.71
557.216
1533.31
779.207
1766.73
514.028
1079.71
6026.6
3661.3
1326.08
1978.77
642.378
1570.68
924.856
727.977
409.311
707.166
658.659
2866.98
231.198
4244.84
1640.94
2572.72
3993.33
1664.56
1856
2069.15
2665.15
1348.99
2677.47
656.142
5113.25
1988.88
522.553
679.118
2765.37
246.56
2080.71
745.629
1437.72
1970.42
3340.01
359.763
136.419
1345.81
2268.08
1218.77
1107.03
376.897
2629.97
1132.65
1344.93
1205.55
689.669
1693.73
590.004
1431.77
956.45
180.144
411.154
1067.15
2168.9
1919.2
1400.43
234.487
3344.87
115.332
1613.63
591.872
752.431
234.245
980.697
1610.47
178.448
342.45
738.92
2108.72
5821.21
158.804
905.533
193.097
3690.88
191.336
697.46
960.226
539.593
3094.32
1506.75
181.649
872.077
6233.11
583.24
4317.61
457.291
3163.08
906.958
2515.15
465.517
599.296
2225.89
3928.97
1018.68
322.998
850.957
561.042
4101.6
1259.33
265.559
1995.65
6552.53
2956.7
4062.57
1407.34
2330.76
2954.91
1918.92
1216.35
457.714
626.556
7729.09
4615.94
653.677
595.132
437.456
1478.73
3731.71
1029.36
412.99
570.891
1956.52
1217.46
489.594
166.206
151.509
96.917
376.88
484.739
930.48
3808.2
3890.36
317.004
301.124
677.035
443.926
1700.34
663.199
2365.99
2834.95
707.233
4443.87
274.633
2742.88
2002.63
1075.56
3546.66
1273.44
1790.04
442.83
982.066
1974.3
2369.35
3353.94
377.039
679.91
3042.81
1190.65
1105.92
2696.55
410.951
3507.98
145.996
1835.56
502.291
2260.46
634.366
5139.32
3327.6
894.236
2346.79
1998.49
965.14
402.16
1777.09
765.354
749.37
234.307
1847.66
264.087
3567.04
925.469
972.346
4741.48
937.444
1438.99
1361.31
1353.57
784.211
1863.37
1607.96
814.363
217.367
4958.1
482.715
764.479
883.396
2334.59
660.976
549.8
279.634
1539.76
348.373
1074.74
3716.13
563.505
394.417
350.246
1039.13
539.068
281.205
2223.01
315.3
798.505
3962.04
490.773
3034.77
3052.81
2877.06
591.378
408.995
358.046
1201.13
2389.16
725.548
1317.04
415.392
545.72
61.3003
772.58
1219.05
1076.76
771.967
720.236
2335.63
327.474
432.633
1281.45
4583.44
458.112
1618.16
616.556
990.422
1365.24
751.784
794.42
882.614
1661.23
296.387
865.416
1608.29
3198.37
1214.67
1327.43
1341.83
2871.31
1461.04
190.323
816.484
3158.37
1292.13
374.279
4792.5
448.314
556.064
4702.56
183.962
178.97
904.891
405.236
1769.97
679.881
4714.34
1714.95
4779.45
411.414
1068.07
1969.32
156.483
728.301
631.679
219.422
1538.8
515.316
516.404
180.989
1499.4
682.143
198.752
3649.59
299.253
297.913
1742.86
1164.37
435.924
638.954
100.937
877.355
3006.61
203.247
1126.64
228.861
1463.93
1179.96
1483.99
851.409
1580.86
2666.46
4193.34
463.93
4260.85
2902.7
2053.73
646.9
330.753
8134.81
932.272
2340.55
1212.42
2167.86
1980.26
2417.02
3070.38
566.901
2117.37
1457.03
4280.13
444.474
5653.35
1624.47
245.13
2965.15
2021.3
316.661
4086.51
1066.49
1786.69
1513.27
722.924
3229.2
2528.4
6853.02
820.99
240.554
2474.09
1047.07
367.319
270.558
1609.17
1991.05
5358.52
1644.14
2107.98
314.549
563.66
1269.52
1195.77
4702.51
2690.5
1154.1
251.865
446.445
4286.25
3265.84
1657.89
1270.54
228.95
2334.98
174.549
3835.27
1246.63
4091.8
2574.15
1953.37
1513.32
724.192
3354.34
3910.75
449.121
1006.71
1655.24
107.73
1481.29
2199.54
615.061
1154.3
1477.95
2123.55
3239.65
1682.8
1071.18
194.146
3081.61
1752.28
4166.29
2182.76
1764.51
563.926
876.991
2532.36
2500.69
663.915
789.878
748.882
1680.81
2407.51
279.286
807.103
346.808
207.667
474.124
962.781
207.404
1012.2
3015.23
438.333
794.583
468.302
2555.1
860.054
1742.17
347.243
1077.49
1311
1344.66
953.185
1349.84
1268.19
4901.66
486.49
825.05
820.985
275.955
907.321
457.042
2893.1
3250.41
564.189
151.516
6280.32
4011.88
777.657
931.116
250.379
1178.38
518.538
314.413
2213.49
3786.35
1730.64
887.692
1193.28
1300.96
621.555
1699.55
4358.14
2418.28
2187.86
1257.3
725.348
414.276
1442.6
566.304
2805.5
434.164
490.833
206.118
369.36
2376.25
2933.19
1914.95
519.098
548.896
1001.76
580.88
496.253
780.055
2019.13
127.541
3104.7
1844.47
885.113
406.149
2315.31
2206.03
4014.34
613.63
702.454
753.951
1021.19
2258.1
211.181
2197.72
2429.08
1644.87
1487.73
687.831
490.199
2110.88
2152.91
356.201
1561.32
1114.1
207.762
958.194
606.386
670.859
460.38
4744.21
398.778
1632.74
1792.93
1140.89
1596.02
504.875
1802.38
537.03
828.058
1494
953.896
2311.32
881.332
3719.91
224.999
1284.59
837.456
132.006
2217.4
245.113
1037.66
1231.24
978.244
2629.86
270.464
475.456
1160.96
986.542
387.898
785.156
1530.79
3936.91
4649.51
1461.88
462.17
1016.62
358.462
1115
1355.27
241.693
681.255
1089.81
3036.91
4740.82
2043.26
1327.36
477.79
358.205
1410.39
4662.03
304.633
2131.09
704.761
3084.25
483.686
423.23
1003.02
731.488
1333.53
688.638
1034.61
765.948
2402.79
1545.01
453.8
1120.46
2087.14
1001.24
363.374
306.784
3544.16
2763.3
911.914
1557.41
243.301
1590.15
543.833
354.207
2011.04
901.996
705.945
294.286
1931.31
3880.45
784.134
2311.15
939.281
174.587
2331.65
2184.96
421.192
811.274
489.522
2249.23
448.106
383.745
554.695
761.937
2311.63
3086.75
1461.78
3973.11
3142.98
321.817
97.4665
1587.34
298.007
808.977
1526.32
2978.21
2129.73
690.429
1920.25
2893.1
546.716
3321.97
1598.36
1931.04
124.787
3005.25
275.029
7072.42
1295.93
1434.75
561.417
670.792
1322.69
1926.59
639.13
3899.02
286.82
1397.39
2268.46
303.987
2811.67
1497.92
524.019
1441.3
347.122
2550.98
1817.99
1719.5
838.732
268.665
1213.74
3254.49
1291.05
1103.46
742.1
881.539
906.85
1590.56
1164.33
2384.96
2996.8
573.222
264.256
426.835
636.379
311.215
296.637
578.711
531.755
522.393
204.592
132.884
1228.57
108.748
1185.34
2489.89
2771.45
4283.87
1568.41
1549.11
781.726
2583.39
267.78
450.142
3137.01
2595.78
1060.2
1238.85
4512.86
3175.01
253.759
180.129
349.767
1576.14
1028.23
507.512
226.807
2031.01
3412.63
3047.79
526.613
2083.46
421.076
644.648
1061.76
1600.06
1896.61
1853.52
590.987
881.531
4451.07
376.597
268.009
1053.52
1612.32
701.644
929.651
8494.81
792.309
1808.89
12389.8
799.595
1827.1
3562.15
1055.73
1242.38
1299.7
412.838
1368.33
2296.68
3430.09
3611.95
943.778
699.618
1126.09
498.142
1230.52
633.422
4609.69
3535.47
4353.59
1392.73
784.534
391.275
2983.04
511.906
926.878
3440.5
911.317
3620.08
1032.14
630.627
970.862
2871.08
1594.41
476.054
434.671
2345.95
416.098
902.804
1209.67
503.284
212.771
110.831
591.951
1404.56
629.033
895.24
1012.21
1724.35
884.428
3585.47
274.203
1242.92
1354.48
938.327
1372.86
1510.08
489.929
1476.56
349.975
5574.36
1534.82
869.123
680.439
932.402
428.716
1014.58
418.907
342.301
1322.91
1648.51
5618.77
1330.12
4580.38
630.56
1101.67
2803.39
505.501
2762.66
3798.87
5910.25
1185.12
1751.91
671.816
966.976
3151.14
2337.3
548.883
1335.68
427.099
546.954
569.404
722.728
1172.27
1529.79
598.929
245.087
1107.92
2801.91
711.007
287.901
471.852
1399.11
711.124
2249.12
1081.69
311.524
869.665
854.998
2832.99
2228.42
1244.33
2213.43
2447.5
2082.46
384.743
542.183
690.209
1323.62
1026.04
4700.62
687.186
865.302
735.17
615.059
495.046
1291.63
4239.86
2815.8
2789.78
194.82
2912.73
948.61
451.763
695.845
1486.79
129.237
594.24
169.259
415.313
1003.24
2481.4
1179.72
428.101
879.173
318.588
240.138
1059
2331.53
859.851
636.399
458.858
237.201
2744.49
832.691
1410.73
1023.48
1996.01
991.421
2352.22
1257.79
1393.87
1408.89
407.387
1348.21
1959.51
1051.15
336.915
2735.61
659.395
419.126
3994.66
2216.93
6376.59
270.817
289.912
446.754
4785.08
4188.96
750.538
986.177
1328.33
1720.13
226.457
741.651
2736.71
3199.5
4642.06
1629.71
868.485
2539.86
342.663
1476.35
2416.12
546.574
363.689
954.933
1223.64
3268.09
1188.87
1412.04
1184.98
1278.77
1194.52
4944.63
8629.09
2298.03
1393.41
606.591
233.663
5047.08
1883.27
229.189
426.357
1767.05
752.481
338.062
1656.96
2098.19
3930.66
1215.8
1038.74
1784.06
1154.14
1013.63
4125.77
176.55
899.186
146.426
949.233
2092.98
110.595
311.501
217.015
450.353
2619.37
785.51
624.403
302.632
2337.77
131.261
2195.22
2093.98
2436.05
1483.84
291.605
3265.69
660.479
2330.61
1908
560.801
4868.67
1999.09
568.797
2318.74
332.769
3833.65
7010.14
3575.69
865.706
819.675
181.89
1396.65
123.109
1929.93
1393.74
2393.06
1583.33
661.745
7497.98
475.214
1271.29
1862.85
11805.5
788.974
2091.19
260.309
1357.73
273.238
269.635
2298.46
1680.26
116.304
461.113
911.973
2155.83
1475.22
250.307
3701.14
389.965
1773.9
407.792
3396.61
983.497
180.61
1142.69
1012.53
3131.09
298.763
1218.97
1672.97
1496.37
331.022
1847.07
2521.29
226.06
516.554
2717.45
335.592
946.134
2683.66
2818.38
553.317
1911.66
1241.45
491.598
721.025
5439.02
1830.97
880.415
811.289
1335.18
1866.03
80.0345
5041
486.186
148.862
478.176
1919.31
692.615
4573.28
250.303
1137.93
2039.21
310.447
5838.37
548.636
293.835
1862.39
770.206
584.672
1041.29
627.29
2724.9
838.622
250.906
899.579
3624.5
1443.07
614.413
600.07
3872.28
1832.98
1011.01
913.344
1734.86
3570.23
199.273
525.974
2955.79
1249.34
3232.13
191.435
1059.97
2807.39
2903.61
3539.54
1136.54
4265.84
505.298
751.046
1631.76
5163.41
991.064
516.158
2042.65
860.428
2672.79
1453.98
268.487
504.908
1707.55
2273.59
2012.11
307.575
1269.48
2230.11
2629.75
871.833
1693.95
467.057
909.721
1550.31
274.976
1222.33
113.178
450.446
176.093
1346.71
555.091
1239.58
2560.68
1251.64
937.178
1911.4
692.943
1989.78
1183.8
1064.74
837.591
350.056
988.528
1299.81
2803.93
3423.15
433.151
386.128
159.186
279.165
2222.31
475.326
3263.49
2856.27
90.5102
1772.37
3147.8
344.253
2410.38
3922.09
1260.3
2418.95
531.191
436.93
1675.09
3253.79
1015.44
720.097
3318.38
851.33
2113.76
2599.01
103.975
854.031
1379.15
5812.64
2439.8
305.587
2394.37
556.765
1497.09
3504.75
815.696
346.632
305.581
2328.34
366.76
1229.01
481.996
800.643
3313.55
4010.16
584.921
455.88
823.15
602.713
414.674
414.008
577.919
2443.37
5448.81
1084.46
2937.1
745.227
4891.73
1011.77
227.223
3150.36
868.044
862.53
1146.05
1377
219.999
3366.38
638.821
1400.13
2167.32
661.221
633.856
1287.95
517.773
228.393
498.951
1889.66
379.382
219.294
3425.1
1097.28
595.513
681.701
1527.91
948.121
565.809
647.677
4982.43
1404.96
543.285
1958.04
721.15
106.241
352.071
2811.05
3449.39
2294.25
2404.96
1538.6
1360
1089.74
908.905
655.01
2825.51
2906.7
959.99
2589.04
820.102
1719.31
2584.05
1002.59
1932.35
2962.46
463.546
703.655
1000.05
578.158
719.51
1988.39
1966.67
300.137
1575.11
1552.68
533.647
1333.05
260.572
271.473
952.471
1497.68
977.97
317.344
349.274
2734.74
3374.11
857.606
392.012
1550.22
474.777
569.153
293.356
231.146
172.231
265.847
866.942
1672.78
453.683
2016.64
505.767
459.101
618.265
1534.05
963.665
344.607
913.761
574.697
500.457
142.829
584.08
587.497
644.633
1261.96
433.152
2857.57
1476.77
2721.14
889.466
1281.24
2999.55
664.786
1471.44
388.967
309.21
3018.33
677.831
3010.5
5005.43
2502.84
545.083
518.234
3482.61
1271.05
1120.55
4695.97
2114.83
458.79
1842.96
1413.31
2207.36
385.711
706.357
490.036
581.652
2922.42
778.332
1370.73
4539.46
2834.07
10094.2
89.9796
2714.26
2840.56
2229.96
1109.3
566.043
275.02
1715.91
4613.76
502.123
563.834
218.03
3325.51
2640.64
771.438
738.438
319.032
3915.01
1048.84
1976.85
3149.76
1306.2
1506.75
1176.14
258.155
2493.82
659.778
6511.91
250.233
528.66
3027.24
1872.2
411.839
2843.36
816.78
3762.16
403.907
684.356
1991.17
3966.99
1685.29
850.073
581.136
970.602
346.559
126.568
468.728
1503.34
1410.44
447.154
648.989
962.759
265.113
528.065
236.351
712.121
1506.55
1474.8
1640.5
1020.64
575.745
818.414
1871.81
5928.01
1322.25
2786.64
1163.35
368.295
997.724
2106.27
286.236
305.499
2629.32
1761.03
3915.81
817.715
589.05
262.139
773.522
3667.64
3183.69
274.598
216.539
113.411
721.896
777.35
3732.03
1070.46
1541.89
3147.06
272.304
2500.2
3255.33
438.274
344.209
2343.79
130.884
764.967
2536.79
769.863
542.078
2128.97
206.661
1695.5
905.761
742.137
2278.27
890.357
3334.88
274.373
2578.61
1686.89
3291.02
832.78
139.064
2778.09
3455.16
164.558
902.049
1799.04
1307.13
2779.87
3143.12
8497.5
1227.66
1408.59
169.963
3280.61
1979.57
260.639
416.58
1823.75
3595.9
910.731
653.654
1136.34
609.708
1136.67
165.499
527.407
3148.92
2105.04
675.379
1503.9
3001.5
996.322
3880.5
1194
364.533
231.141
750.858
5186.26
768.362
1172.17
272.646
397.348
2691.12
2129.69
2408.63
896.636
799.629
1105.08
575.054
1009.87
530.742
440.006
2105.89
1892.31
2991.89
137.816
54.9568
2262.66
360.276
584.416
710.554
3243.6
967.915
185.808
834.581
371.776
567.543
7629.31
749.313
858.873
646.805
688.271
182.867
475.788
1944.61
1517.5
2145.61
504.37
560.698
1148.15
3234.11
1503.64
392.043
237.27
2332.97
1461.38
1121.44
2925.96
1682
4042.57
4848.39
5449.88
2904.96
3495.08
2411.29
4230.25
12273.6
1051.56
344.227
177.424
206.63
310.821
379.624
1527.25
1301.85
1764.72
3258.7
1326.95
3529.1
3246.21
1667.04
719.574
1456.96
2339.88
281.618
1221.04
1023.4
795.351
2055.81
4656.8
2796.77
1378.44
849.121
1087.64
2512.85
1030.67
785.235
215.613
1146.6
3487.47
882.611
113.042
424.347
190.139
723.486
1972.93
2412.55
1150.21
255.433
652.438
158.792
694.054
2389.71
530.047
151.451
1347.06
939.197
761.111
1271.51
2335.7
153.596
1789.16
368.572
305.171
2961.13
487.796
2825.72
418.499
3231.72
1241.81
993.062
494.771
866.316
3338.15
217.76
1371.17
364.115
156.992
4689.16
1329.63
635.972
450.228
622.084
800.786
2319.84
298.244
173.825
1859.37
431.394
3846.37
4366.02
1890.36
1569.32
2874.58
2224.98
1606.61
436.021
1239
828.994
296.923
1052.74
2478.31
330.575
425.789
1257.21
1124.24
291.194
1017.18
417.871
761.286
1356.28
1049.55
109.408
974.451
589.928
1723.38
475.849
974.025
3070.3
2338.7
346.494
2473.49
1212.02
4289.87
1808.65
185.512
1399.87
903.281
3553.97
2228.28
1700.05
1298.09
1620.67
951.744
1723.79
262.787
1023.54
1830.65
154.827
355.572
451.944
1779.86
4795.04
2968.56
425.334
863.103
1628.96
433.021
1885.33
497.098
249.431
1940.02
1013.59
356.739
1392.31
999.655
4151.7
546.508
1192.01
709.475
254.338
3210.81
315.411
384.122
1153.98
1391.27
467.484
401.399
367.67
344.41
3858.8
605.083
305.937
451.117
526.418
805.531
1172.51
199.583
107.073
586.134
1196.79
2250.45
1143.16
1103.38
3195.03
2563.65
3956.68
1057.1
1514.53
1236.52
423.414
1799.13
593.698
5096.86
2328
1460.79
1140.91
804.861
1365.88
395.481
1150.47
725.46
262.005
565.565
1199.84
1138.04
838.193
4880.58
423.321
299.242
657.057
2043.89
2059.29
4578.86
958.399
325.557
2615.31
741.924
1700.42
695.101
370.147
5336.78
293.28
889.213
308.857
2123.42
1275.44
1114.54
3433.99
1043.26
262.016
435.334
167.736
3759.25
114.088
159.938
524.739
1502.1
2142.88
278.051
1275.67
1827.96
3928.34
1235.22
2598.7
1139.13
4005.37
3498.35
351.009
3900.95
592.116
3542.66
972.868
1868.18
1970.62
2084.05
191.819
336.13
1131.22
2454.69
975.077
1041.99
520.709
1745.29
206.2
2415.05
433.304
4310.47
3276.27
473.743
1201.26
3025.53
1539.06
1110.3
1000.74
2214.55
242.454
1285.32
2300.89
585.326
1496.9
1117.32
699.089
1874.95
4333.72
1253.14
1349.35
269.769
395.851
1104.31
1743.64
1187.86
3167.06
230.279
984.888
898.759
3089.32
914.506
1893.72
7398.08
506.28
1271.49
1650.71
550.485
1496.28
1377.3
2786.92
847.077
310.502
1471.4
1425.56
2439.04
851.917
2559.88
847.133
299.406
3280.1
1190.08
2049.76
1072.52
3303.48
4424.82
1654.33
949.661
1153.44
1047.54
237.631
757.303
1332
2731.71
824.621
422.199
4518.6
350.671
1324.23
801.141
1947.68
553.708
468.937
2187.18
774.728
2818.16
1410.16
2278.55
762.521
1827.08
1460.27
613.863
1328.81
1216.68
1640.17
427.037
437.518
441.941
5205.21
691.199
232.934
1633.96
558
3080.96
197.842
1056.21
750.24
5355.45
240.357
1602.13
353.325
808.627
3120.84
119.848
574.589
334.884
469.125
1288.77
1560.55
1475.26
1154.22
1887.42
1296.33
1795.6
1157.78
365.445
324.311
2476.58
205.74
118.094
2336
1800.19
1041.13
3564.12
1540.13
3768.2
3071.35
1551.19
865.176
798.667
2140.28
520.483
567.533
1184.28
4025.21
1256.22
3362.71
959.74
609.05
673.949
706.436
459.887
857.069
1261.67
2831.93
736.81
1670.31
473.486
633.689
1318.04
4076.85
1009.41
3382.52
357.71
678.061
2678.66
535.634
4850.21
395.908
2488.24
105.684
1276.57
4444.46
610.261
471.753
2488.05
2515.14
310.963
260.472
941.827
1299.05
130.68
4740.06
3804.54
4320.37
2816.79
4782.95
409.507
3654.76
1984.83
94.4764
3302.15
994.852
4488.72
100.923
279.134
1245.65
1178.07
1376.65
997.678
386.23
1582.46
731.621
1456.19
1062.94
1203.07
3588.51
840.489
3549.5
2171.94
868.461
317.442
843.644
2189.15
1406.37
1582.59
758.13
313.841
610.974
586.021
650.496
6131.81
261.843
707.47
326.582
1145.25
6436.95
3960.83
510.693
1578.46
1785.52
2042.26
1591.02
88.369
1262.76
4227.45
219.513
2021.23
1253.04
198.668
972.082
7792.13
258.568
3142.73
3431.24
190.399
1316.29
886.022
850.979
7310.28
1754.75
1364.06
545.564
473.464
211.297
1482.15
3652.28
1477.57
857.385
223.966
908.658
1138.7
1299.87
2392.23
591.253
615.881
200.937
1668.55
1394.92
766.5
185.776
218.589
1670.39
2289.32
242.529
1950.65
1437.33
1391.87
990.29
608.859
997.904
1277.09
388.692
416.956
285.098
1436.09
4267.66
6695.78
2765.77
1508.16
4238.36
313.007
2913.54
683.915
1664.38
3082.72
1523.78
3726.33
1435.87
179.156
795.1
1229.65
2878.51
163.329
2330.22
466.578
2874.19
270.493
2649.67
169.196
1310.1
168.508
581.18
2183.12
674.566
1379.43
426.666
464.251
336.424
1054.64
950.543
488.09
3032.86
423.602
1834.21
1348.69
3376.91
933.984
6925.66
2288.81
301.084
3180.01
3826.76
8572.95
3313.07
2747.24
499.523
2851.38
3098.67
535.722
803.456
235.27
577.024
6085.31
535.874
746.755
249.582
715.812
255.084
1156.2
2042.19
3357.08
430.05
679.289
188.138
1015.85
356.57
465.375
3531.87
561.383
514.011
3455
4332.59
1597.92
566.533
1511.09
1722.09
689.763
868.203
916.43
1193.2
290.706
1142.21
178.091
582.944
7123.11
647.797
301.784
528.316
2462.78
2613.56
405.416
2902.96
1496.13
1017.03
1265.97
3092.21
1161.41
325.347
387.047
4452.79
1098.85
317.948
3312.65
2444.83
851.831
787.782
1286.8
1512.7
2175.46
2760.27
2118.26
993.707
2096.79
866.938
1169.32
1518.25
663.239
405.097
845.037
1865.95
259.649
806.56
327.147
942.023
1197.95
498.327
2692.83
863.157
913.488
451.478
1961.39
439.113
2808.04
3565.57
1513.51
2161.15
146.889
3597.06
142.621
2134.41
2070.63
111.822
1626.51
2133.16
470.52
1717.74
2002.22
1907.89
1178.94
2856.73
979.271
1941.47
1282.3
899.463
3749.13
875.025
2245.2
3163.58
2547.95
157.273
1655.53
242.145
1343.88
1323.94
559.449
2901.36
485.706
969.582
2328.17
1352.88
592.964
1778.1
1093.15
724.538
3408.71
1025.61
386.49
205.899
344.12
493.291
771.482
361.955
646.333
1045.91
3091.92
809.109
219.107
662.478
627.367
322.99
240.607
4750.22
997.665
1116.32
1575.72
246.247
989.579
1830.54
1053.99
2583.85
1008.34
1391.64
2011.27
1729.3
1873.39
1972.33
442.023
2064.49
1181.54
1701.77
109.393
1925.68
5880.93
616.317
1272.06
678.328
249.139
536.585
568.417
2032.57
693.31
2754.08
134.013
133.59
733.602
2748.75
234.679
314.888
515.978
2356.86
2903.39
1218.84
107.793
2342.05
2064.2
1769.37
7904.52
731.618
1097.59
5124.12
376.528
368.538
747.072
2357.12
1815.45
299.979
401.263
785.391
1814.48
1880.56
214.297
200.12
263.597
2373.3
82.0351
1894.3
296.922
1430.12
1249.78
559.012
1836.94
772.473
946.174
350.555
630.199
3247.08
3813.04
3956.5
756.268
999.314
934.033
758.513
1894.81
5477.72
498.216
956.4
891.2
626.972
1161.76
604.334
2200.57
683.323
1749.57
1334.25
685.264
661.96
577.073
3106.24
4620.58
813.14
1292.75
861.564
633.724
738.711
1619.23
1247.75
1031.03
470.869
1601.03
1264.49
4240.95
513.012
592.166
401.007
352.829
2685.15
302.989
5070.31
1940.56
1215.48
1924.1
1126.98
760.144
1348.99
821.811
737.778
5845.89
4389.63
8239.76
2884.03
869.046
1893.39
342.12
290.061
4267.45
305.198
1832.65
835.106
915.543
162.786
351.128
2511.62
675.854
725.577
4213.66
1550.16
291.527
1706.38
390.022
6233.36
443.416
981.167
1478.56
630.03
1320.75
763.135
222.043
1009.38
480.194
232.564
1705.74
1422.3
401.745
1498.26
3395.29
281.273
800.82
2024.21
935.488
3105.33
1780.17
3917.59
924.265
4148.03
4227.56
1555.32
671.634
748.313
1733.04
330.094
682.623
178.201
817.174
293.81
1181.73
1417.6
2000.62
375.553
5779.73
753.75
1327.47
2274.81
1476.45
1883.64
371.181
3970.78
543.602
2662.24
379.797
1284.17
287.052
493.384
3275.54
1025.82
3790.5
3391.82
320.891
1263.58
2372.87
456.889
1507.01
563.643
2583.32
1961.89
3519.22
811.148
2090.26
3450.38
125.485
350.19
1807.59
3085.33
3437.18
1337.14
1512.7
4897.08
487.04
1827.76
326.533
427.208
537.492
656.731
4369.47
1459
1080.32
117.365
506.178
218.52
2644.51
401.71
105.811
1825.08
728.606
4771.04
693.097
518.907
5353.47
492.699
1248.82
1607.89
2217.89
2729.76
3480.7
2051.63
2304.3
536.655
4419.19
3008.24
6695.71
1297.09
990.052
1345.35
2733.92
8288.83
1080.04
807.855
1854.92
807.021
704.343
3164.87
1581.6
1241.71
6818.19
2167.13
1628.88
760.476
2423.96
140.747
3813.01
825.64
310.994
2981.72
631.809
1380.23
1717.62
352.594
994.716
765.867
609.657
1000.63
669.129
196.309
383.724
1105.91
3166.6
1905.06
195.082
3703.14
507.82
1376.78
2369.65
732.782
2551.42
5136.5
119.258
884.088
2591.49
144.415
920.281
361.96
2814.19
375.168
1113.66
760.502
1158.23
211.435
2212.12
1868.55
1870.08
2860.12
3042.29
2143.9
1020.74
3052.96
2165.09
549.145
6928.76
918.178
2239.93
364.234
576.709
1917.09
296.576
3567.34
111.645
63.7161
1362.09
3020.55
1383.25
810.778
2684.79
493.496
769.915
415.494
4180.49
3658.75
2215.46
3216.21
2444.7
2496.49
972.095
861.376
1934.08
1073.9
473.669
670.951
3430.46
871.55
326.999
2503.04
1361.88
343.404
598.038
566.425
1677.58
402.124
1216.53
74.5002
2754.74
2551.41
3886.77
853.828
4078.54
691.712
253.517
195.018
2680.81
1215.77
3122.38
327.913
447.077
923.362
3271.19
1837.98
2578.28
977.084
4274.12
3189.44
842.398
1142.43
3343.3
1648.07
370.291
995.185
454.364
307.827
1076.13
222.128
981.261
297.88
5781.79
1695.8
310.461
2582.05
1273.72
124.753
355.49
2547.37
942.244
1182.23
161.418
732.917
700.543
362.206
940.109
7460.51
1158.99
361.117
170.198
1126.58
638.602
1039.19
400.1
3483.97
273.855
2081.44
2331
2364.41
857.111
1598.05
1519.92
154.602
1144.6
918.164
1206.38
1634.48
4638.39
1675.27
4249.6
743.338
328.641
256.112
248.539
1174.12
2284.29
366.939
247.582
3661.89
1352.94
2607.91
1263.87
1053.74
601.319
740.081
1815.31
2040.14
8142.53
406.293
589.376
147.243
1534.1
1919.15
2341.09
499.283
3258.99
1355.72
694.158
3863.32
305.6
2699.46
756.994
2763.47
1562.77
875.385
2612.86
3084.3
421.901
5805.47
1529.63
685.051
814.366
1239.59
3345.66
386.068
1543.33
490.368
650.105
359.925
460.942
796.217
3702.19
2242.05
282.912
4127.82
4455.34
1481.4
1242.91
3799.29
1215.26
1252.9
857.505
1031.96
261.668
545.485
1473.11
212.905
701.59
4694.79
2527.83
457.948
456.74
4224.56
406.436
1608.53
874.449
2998.53
919.838
928.732
585.798
187.859
3432.68
1293.68
5151.49
4883.77
361.75
2129.46
2255.14
1168.17
2933.3
784.536
955.134
2838.19
1375.83
1339.23
7617
633.44
853.234
763.369
573.386
1837.83
1583.73
1654.19
3583.08
426.017
916.131
1171.06
1931.39
1325.17
1593.6
3350.57
709.43
927.082
210.497
529.976
1711.12
1639.82
239.042
1575.81
197.893
2664.88
1687.64
1900.88
1247.95
465.841
519.457
1700.9
2412.96
3000.61
420.133
615.28
2340.74
3468.71
1192.91
182.54
348.653
271.712
1614.98
470.338
1720.03
1018.65
847.99
366.879
1307.44
1244.32
2613.88
182.134
644.769
1169.19
138.279
693.137
1084.59
2361.57
1232.24
856.858
1805.28
3277.95
1302.75
732.591
647.935
376.336
7852.76
1121.2
1382.47
134.118
245.974
199.667
479.874
452.969
1545.14
782.75
5267.56
367.467
261.774
68.9796
1017.51
305.93
3852.55
358.805
340.638
1581.55
711.676
846.361
770.609
608.159
1127.47
272.219
2281.32
1833.57
790.236
450.846
609.25
1098.9
900.072
1739.45
441.627
941.905
1444.29
462.397
878.389
950.083
1508.68
402.335
1913.86
1196.03
2218.31
712.703
1932.65
311.091
180.832
1259.93
3350.16
837.458
265.224
2116.34
4404.64
1773.96
1299.22
529.783
1003.17
4668.18
113.615
1831.97
692.614
477.972
1891.82
267.199
641.542
241.803
397.86
169.771
1384.21
755.169
1166.36
876.858
1212.56
2547.02
757.373
314.023
627.924
470.344
1910.63
1642.4
119.402
732.525
1845.3
151.469
1844.79
670.112
267.302
482.344
1370.17
537.898
413.187
1158.97
556.895
265.903
1497.63
4190.52
3760.92
1643.6
1976.33
5941.05
5702.98
1701.82
1809.11
731.176
810.796
835.842
1300.7
228.569
582.134
2935.34
2830.78
1474.41
1216.73
1049.43
223.846
1945.71
2861.63
190.427
813.613
400.021
3713.59
3381.99
2252.18
2686.74
1497.47
851.467
757.013
2851
327.851
1047.71
635.385
4370.79
162.906
259.688
793.06
5715.5
2379.6
1637.4
85.2149
1861.01
1614.57
1588.87
882.953
1258.41
3803.34
868.121
1416.55
579.131
2831.44
2241.69
914.043
5719.87
2723.92
1867.91
915.148
1035.09
129.702
792.538
106.671
1672.31
951.553
1192.81
206.249
131.055
50.6673
2341.52
614.211
3570.85
336.776
1854.66
346.438
1515.11
356.334
1366.8
779.233
150.458
2807.33
2185.94
560.124
464.59
820.713
978.177
188.409
3963.02
3876.49
506.129
3145.5
1249.06
2043
2624.54
576.43
2339.57
877.979
664.222
1885.11
1306.96
3645.73
1276.03
503.714
688.656
7226.47
2860.92
1491.48
2266.94
840.748
2120.63
1014.57
791.515
1012.37
3023.66
4491.67
784.53
1661.03
1879.87
220.043
3899.72
409.286
524.779
679.123
1834.49
1435.5
2859.9
1291.43
344.648
1931.1
1321.88
2457.6
1456.25
1017.87
1069
353.331
2326.28
375.677
814.572
293.911
1329.29
1667.92
3655.52
1169.22
1369.85
306.11
406.336
3350.23
807.025
251.506
6401.96
3895.87
1212.63
577.162
7054.18
1128.94
1298.61
2118.21
5300.37
378.563
691.211
1386.16
1289.34
680.281
216.038
2002.07
672.849
4969.64
409.575
2712.22
290.301
391.779
2501.23
1266.35
950.263
1987
2272.34
5576.47
358.056
1916.43
1816.77
843.131
3057.65
948.167
3587.8
2125.62
1750.35
437.947
599.654
1347.42
3013.36
6784.62
299.097
347.193
706.31
4976.64
1635.29
2650.5
252.514
1405.68
1346.78
1650.71
2224.29
3780.64
891.767
225.597
2288.84
1238.36
1717.45
1157.42
642.709
263.466
3195.16
1803.36
1558.38
1101.05
1366.35
190.105
2408.19
197.615
951.591
1313.58
1103.95
635.549
1077.92
488.103
2331.75
528.109
1039.09
334.362
859.852
1017.01
3033.61
871.967
2081.52
925.675
3081.82
1300.14
3495.63
210.668
878.807
3484.01
5930.22
199.604
174.994
525.916
1094.84
1805.31
1076.82
2315.82
945.232
865.929
3347.07
120.829
1068.08
3281.14
6737.08
1508.59
1711.6
1553.94
2566.7
237.103
2755.58
897.094
794.557
7644.3
6384.68
895.032
392.212
701.276
220.043
1919.79
327.342
2705.47
3876.01
690.561
4021.94
824.025
1301.85
526.36
4441.83
4852.19
1872.92
2048.97
1367.61
294.426
418.491
571.037
553.49
2094.88
133.286
3586.73
1132.84
1398.06
143.843
248.074
4682.15
726.934
1176.48
1413.03
211.329
2307.95
522.141
1681.46
245.527
6622.4
4243.17
799.507
3258.73
1195.93
169.407
2824.31
1866.57
1784.42
144.594
1977.65
1475.28
250.262
367.882
321.245
4437.53
1292.94
760.723
784.682
268.757
1867.13
3097.24
304.101
3116.03
394.428
1172.77
1666.84
4649.93
9396.37
2291.17
1795.01
487.18
506.77
2280.74
371.475
488.134
1948.67
1180.86
3768.28
354.161
294.371
694.081
1770.7
4972.03
782.652
2731.06
3017.38
3357.13
1213.27
937.035
345.798
721.037
1202.65
975.888
930.281
1549.19
269.313
601.476
239.95
142.746
4155.03
6266.09
3067.5
3288.94
158.842
1307.86
878.091
6419.44
208.171
1911.18
124.461
2644.08
1346.24
1042.5
666.538
998.573
1398.37
299.335
3414.36
285.18
1336.72
282.894
2738.9
729.43
2092.63
1220.5
1931.04
2394.07
419.121
3849.86
5380.82
447.718
220.598
136.632
4058.9
764.858
2781.74
819.386
3013.06
209.984
2571.93
3758.12
2209.12
790.25
2086.93
361.273
208.951
5316.98
4571.72
2370.35
1194.35
582.539
801.056
2497.84
886.404
688.8
1099.75
4080.16
233.497
929.205
1390.62
321.57
905.273
1388.57
698.614
277.517
428.788
1014.81
1084.22
896.356
1729.35
271.501
1144.56
3580.52
2492.8
296.05
1152.72
3706.47
2384.92
2457.89
1495.7
1454.23
369.312
1437.79
551.886
162.898
1155.17
380.422
922.502
1455.37
248.777
532.754
5888.78
167.909
1262.23
945.037
2297.78
1501.95
696.657
315.842
633.926
2126.31
303.147
232.989
823.006
297.342
1946.95
2465.88
1545.19
1238.91
3382.58
3257.68
1015.49
1107.73
686.641
1202.72
193.675
1337.59
1030.31
2039.26
2249.44
1087.87
2843.06
2501.16
1531.34
723.49
1958.95
253.096
249.798
1400.01
205.467
933.549
1506.8
949.13
1103.21
2755.28
1368.26
2184.31
486.125
1011.74
1008.44
146.557
3997.66
4085.04
168.978
1472.04
965.898
3226.53
1746.28
644.897
332.778
953.348
977.097
530.882
176.86
2085.99
365.592
10124.3
3077.87
445.944
1411.45
1768.78
424.605
1048.62
5015.81
257.44
1330.7
1235.19
405.607
1654.11
176.175
244.354
3627.49
93.9924
299.904
345.414
1831.84
250.877
446.284
1672.47
1331.49
809.002
2019.13
702.722
627.441
762.24
1534.28
969.634
3227.91
1987.16
1393.48
1913.19
1374.3
986.155
860.165
1254.26
2178.99
3777.69
3091.69
507.496
204.912
1017.73
397.145
3588.45
894.098
2141.95
257.623
205.906
1578.49
5601.97
5198.08
754.478
958.124
208.272
443.165
1935.13
654.964
1378.62
465.283
1396.56
333.345
814.961
912.431
4154.7
390.801
1486.77
699.488
275.781
1247.74
438.459
1692.31
445.339
4096.73
2624.14
3037.21
314.762
560.316
1001.18
163.552
987.515
2354.44
4966.56
1029.31
1713.26
552.219
1886.94
4132.76
1886.53
1205.51
1246.91
2647.8
625.653
1776.29
1835.09
1369.42
945.978
3884.83
1663.07
3872.54
1272.58
1204.61
1918.86
2456.74
2891.37
1695.91
2258.31
434.157
2829.15
2128.06
3178.56
1701.87
865.046
2679.93
1721.77
3934.12
832.657
785.383
1614.93
274.348
1111.37
1285.17
2360.31
4665.94
307.77
1725.12
2013.47
2928.9
889.585
295.174
2501.85
1691.77
3070.6
956.196
901.215
3386.31
2952.5
280.137
494.341
640.792
1027.83
606.293
1492.86
175.123
4395.93
526.403
241.86
871.637
768.391
1335.41
572.98
748.102
278.84
1395.38
1705.77
991.819
3717.1
683.165
794.45
2667.32
142.853
1586.16
4690.55
255.793
235.266
2321.57
998.876
1381.65
2264.55
1046.12
1544.09
496.784
324.527
856.061
291.522
1481.66
1474.52
476.304
1509.47
817.309
8055.04
1892.36
2374.55
375.687
649.018
1742.41
552.38
2799.65
2657.38
1376.86
141.447
1760.4
767.99
751.587
1184.63
5421.37
1331.53
249.171
738.821
945.023
1070.92
2188.45
3216.4
481.939
2583.2
635.104
594.032
1797.97
485.404
1070.35
935.369
1456.36
764.327
1044.53
3326.47
983.898
1344.28
1001.34
308.088
785.634
2058.75
189.13
417.221
314.103
1403.09
827.407
1064.46
996.143
4593.57
2242.83
1046.51
963.524
152.844
2322.02
327.159
274.402
910.157
159.735
5958.42
1603.29
631.894
927.265
2726.27
1258.13
330.326
2874.5
1248.34
511.447
1123.02
2918.91
1120.17
370.386
389.542
986.445
3287.63
1060.55
4060.97
1629.17
176.795
908.243
1789.21
1286.86
3311.55
535.21
2044.57
2555.92
1597.51
1362.54
101.01
474.446
944.116
1780.59
632.415
2119.29
1753.94
4161.19
3122.27
767.846
866.593
2225.13
186.425
273.964
1870.42
256.122
6958.78
1616.51
6714.24
656.727
2083.39
1688.53
2554.69
894.35
353.245
111.062
293.947
231.497
397.839
1625.74
968.991
1564.55
4646.04
2106.57
1181.21
287.34
537.175
864.99
1372.12
309.903
1570.41
324.588
948.715
1220.98
487.166
1908.98
413.986
1304.08
1928.29
1394.09
3575.26
779.307
4099.72
1207.37
446.772
496.2
1019.75
1529.18
511.892
2100.34
644.543
805.704
205.613
951.983
584.173
1151.87
213.78
1615.82
964.529
5015.83
4866.89
2583.59
5370.34
1425.68
1192.66
1175.59
725.106
315.673
426.237
1711.97
642.167
265.897
259.012
310.483
473.921
433.72
1466.93
1721.46
894.629
7405.24
662.677
2847.37
1271.04
261.528
1033.95
5091.9
2168.82
1474.64
855.387
3529.56
526.934
1017.36
2375.2
1399.41
1570.48
291.283
883.074
1072.99
2776.18
296.897
3456.47
399.354
1211.58
1100.39
2289.99
404.581
769.162
1938.64
1928.28
127.933
1825.67
604.546
687.426
737.576
556.47
1352.55
182.974
1907.16
590.437
1008.92
2081.16
1161.77
620.442
341.41
2431.63
303.75
818.787
1288.59
2350.11
205.726
3195.8
3591.51
3333.8
739.86
385.939
978.345
4035.54
600.481
921.226
1221.81
217.868
1274.7
812.526
2587.49
1811.8
4660.79
887.028
6297.43
2816.51
2232.97
315.559
326.383
3711.93
564.05
303.694
2076.16
654.492
1283.87
870.556
747.024
1146.28
2288.56
214.43
212.503
1325.13
631.429
4125.87
1073.22
429.421
904.726
1706.07
953.496
4325.55
301.274
5223.56
1121.09
2533.67
2307.25
164.378
2634.49
586.502
180.885
1815.09
1559.27
2611.66
452.237
5507.41
526.265
4171.83
558.473
856.864
4865.57
2102.33
1144.77
798.106
967.646
2159.68
1586.05
2281.81
124.702
1219.18
136.629
860.357
166.8
2199.14
2017.31
2383.86
146.498
4462.05
2049.87
2074.08
4529.07
1472.08
1919.43
957.874
1593.14
2831.61
76.7404
1471.68
4857.73
3168.79
318.967
1404.03
782.3
862.188
536.869
496.246
1564.67
828.94
658.543
516.41
3263.08
1099.56
3193.38
1921.04
926.163
1996.14
935.732
298.842
236.593
302.412
1080.75
2801.74
7549.25
384.57
982.761
2472.51
1611.06
1899.42
635.426
856.71
1101.92
2224.75
619.891
676.385
1827.02
1506.67
2825.83
1539.71
407.88
5613.13
3589.31
1331.82
5834.22
431.453
129.663
2198.86
999.137
1007.25
247.581
1654.83
1708.01
5848.03
295.959
616.315
950.328
369.012
669.919
2318.51
293.302
3316.26
6402.17
1230.79
2646.01
494.458
1903.83
3757.28
6208.53
2390.65
345.918
284.311
276.193
3262.45
478.992
3425.77
1002.11
1037.95
268.597
2572.47
546.857
423.92
204.503
770.409
1944.28
1739.39
5226.74
856.241
922.908
2573.41
247.397
2429.85
986.511
1242.75
1435.1
1105.39
810.435
5477.66
551.072
2223.42
1769.17
506.367
2531.55
287.676
326.007
1780.35
3495.86
1669.74
204.662
1885.42
83.2613
768.841
2588.18
3348.41
1086.58
415.817
518.157
1471.39
448.383
2400.72
1698.6
2241.82
1822.98
1499.18
528.312
1769.71
1262.59
2022.84
1299.77
637.188
4184.69
299.606
4341.26
5439.86
3930.79
844.924
186.095
164.258
1233.29
978.616
262.215
180.903
1568.6
3578.97
807.489
971.762
304.023
264.344
1116.78
457.051
1104.64
1942.79
1163.01
1180.98
138.22
1974.56
1447.19
620.572
93.8505
419.095
2685.36
3493.7
1884.96
1964.65
275.782
1349.01
1930.25
743.011
3425.57
421.561
1612.33
1007.99
1688.89
713.429
5761.24
3609.29
1651.3
1050.61
267.56
3105.56
2278.77
1804.92
1620.56
1076.07
1498.99
871.786
1459.22
406.18
796.589
396.001
2406.96
1591.47
2742.85
3989.8
220.621
1130.24
722.934
728.329
589.001
1890.79
5780.77
1597.89
3504.39
446.388
1045.99
209.16
2491.14
673.971
1430.28
1672.04
706.301
1183.25
1630.16
1731.93
1462.15
1780.09
966.659
1242.25
970.491
391.472
9449.45
1388.4
225.288
691.925
445.333
1132.89
1315.69
3006.9
2994.4
550.168
552.303
5259.27
1824.08
3462.59
858.632
1156.49
3358.72
4816.69
296.846
239.869
335.268
1152.94
253.474
1393.19
2088.76
835.476
3749.55
1478.55
2863.95
802.904
636.619
800.862
847.806
2524.03
666.96
1734.21
306.996
1834.62
216.423
847.338
616.735
2902.66
1708.06
2651.95
277.373
4423.51
1089
238.98
1241.29
3046.54
609.666
1033.51
314.894
213.048
327.284
1834.31
1184.45
379.881
1389.35
163.909
2229.23
1114.97
646.85
805.316
742.599
916.295
795.843
4409.26
1134.08
2854.72
4400.35
1530.52
1239.04
337.56
278.154
1484.83
850.065
2977.41
816.716
131.009
1211.56
1687.85
434.804
1198.79
1188.31
896.482
1570.65
444.493
800
2587.56
319.692
384.917
641.383
266.367
410.478
372.666
748.881
1229.19
368.287
812.608
1418.34
761.004
1117.81
1054.55
533.333
4666.27
1479.15
621.84
195.177
878.744
392.66
1080.85
1685.37
1290.07
1349.7
142.796
1219.55
1878.84
1991.54
463.517
1080.45
248.659
1035.67
1196.5
1797.37
6067.04
3055.4
2466.17
2925.42
263.428
478.352
233.907
786.885
2056.68
991.919
1160.58
271.735
2673.58
298.817
2941.13
5554.15
1004.06
291.517
716.332
1721.74
73.7485
535.512
976.719
1662
1965.52
1167.43
815.453
534.165
326.91
774.467
287.358
396.802
845.74
4318.23
2763.56
1986.37
2819.75
1547.7
3479.44
1904.17
236.765
732.766
1227.03
436.707
922.604
1886.87
3106.62
1965.16
848.311
412.682
1073.83
1135.32
303.012
324.661
3890.9
320.672
1382.71
631.871
524.408
1290.93
2143.61
350.15
1312.68
2435.72
428.601
1148.76
599.114
1187.41
1483.07
927.05
1666.58
2429.64
3397.31
543.19
858.608
1152.02
516.068
384.839
1297.91
1016.58
2920.61
1076.56
10197.9
832.935
594.554
518.382
1937.21
3372.17
308.639
1233.86
341.851
1445.45
2736.18
167.041
2666.62
6297.86
983.334
765.735
310.645
2548.22
251.192
117.129
200.748
220.44
783.801
939.062
1519.92
2364.61
3555.26
1026.84
4707.45
2037.72
2588.88
1161.31
1126.2
4352.68
134.67
1743.36
2626.16
1158.7
1487.98
358.028
3794.5
685.054
737.667
357.361
1941.57
889.478
950.309
5474.84
5030.98
423.993
389.817
5932
141.857
158.74
2675.2
3883.18
494.069
549.206
1127.01
3464.55
908.171
3090.14
1756.43
1360.75
707.067
2754.44
457.031
386.773
1006.59
764.66
379.635
469.477
1562.25
567.295
288.461
717.555
1119.65
1350.05
311.487
628.423
466.837
891.04
3168.57
2379.33
437.266
582.038
4312.98
1076.68
1043.69
339.92
343.29
2312
849.106
2683.44
253.24
1131.42
590.461
814.796
1883.86
934.09
3648.11
511.608
2364.62
222.092
508.176
992.927
1030.9
1294.92
516.118
376.594
591.697
1521.05
1399.96
705.2
489.36
270.554
1080.89
343.629
2153.06
1214.6
302.696
5026.44
110.742
2858.52
405.921
943.141
769.358
1093.63
198.452
1692.5
1516.67
5249.87
846.594
1420.75
3640.34
1288.16
460.592
1467.67
891.258
914.511
1012.98
426.473
304.41
4603.69
383.395
1830.35
5500.18
3709.52
7586.07
316.301
588.562
1194.4
3428.98
1257.65
133.346
863.858
1378.21
1686.33
1609.47
2314.78
1607.71
1869.17
5047.7
442.216
1036.21
510.281
1540.99
1019.78
1718.04
1679.25
544.946
1505.42
342.015
776.556
1633.56
340.625
651.695
1236.33
2161.17
1050.79
680.045
291.716
630.877
2755.82
1612.45
3187.32
976.848
1962.91
429.907
1007.01
152.784
1015.81
1168.25
256.076
2255.28
615.914
959.621
386.724
1293.94
202.704
6116.88
394.046
606.134
796.15
1477.44
1316.38
526.537
1445.11
901.615
479.078
701.521
764.985
116.979
847.754
95.8564
1648.99
1250.01
588.593
849.6
953.183
1942.91
1085.24
2213.41
3871.32
363.905
1425.61
2242.36
3034.54
527.614
418.165
2819.23
465.883
1670.91
811.191
1461.03
2077.71
239.872
5258.22
3099.32
2890.82
351.151
442.979
75.1742
574.494
741.737
601.037
876.02
661.132
343.009
1103.51
1186.67
1936.74
652.928
1245.38
1726.87
1558.15
2753.95
1457.49
452.086
3626.89
1458.68
1469.58
4583.78
1913.12
3449.04
415.755
450.758
4029.68
761.749
970.381
531.289
653.195
1881.9
1584.47
2069.44
663.151
2367.75
150.969
4276.18
1562.33
188.577
241.239
207.864
3035.42
557.463
712.823
273.835
165.035
957.162
1610.65
426.048
812.973
1157.29
2999.25
2619.42
1461.05
637.318
100.325
505.587
600.729