491959
6.25838e6
7.24371e6
1.27796e7
2.02414e6
188862
7.30958e6
1.96404e6
1.27457e7
467693
9.61946e6
3.03225e6
724889
2.6394e6
4.41635e6
8.45299e6
1.54703e6
803561
1.26913e6
1.18792e6
5.92709e6
1.35923e7
911647
2.27593e6
3.97916e7
1.22237e6
2.62372e6
1.68361e6
207298
1.78737e6
1.11429e7
4.69997e6
2.21402e6
1.81141e6
6.89816e6
2.96571e6
2.77774e6
7.22836e6
2.26615e6
5.40128e6
1.35331e6
2.05287e6
854539
2.381e7
6.73931e6
1.60869e7
1.41554e6
9.51439e6
4.89253e6
6.922e6
4.04858e6
424422
1.04275e7
3.21395e6
2.26678e6
3.61689e6
2.07141e7
8.9498e6
134233
2.46583e7
1.15747e6
1.18732e6
2.17738e6
8.33434e6
1.46425e7
4.7669e6
1.9901e6
597932
4.49657e6
4.11967e6
8.68301e6
1.95751e6
5.79691e6
4.95158e6
4.0219e6
1.39423e7
1.43968e7
1.12486e6
523732
8.90447e6
1.98529e7
1.77023e6
3.13955e6
2.83452e7
345054
3.55532e6
229762
2.65414e6
1.96214e7
1.64132e6
1.91487e6
1.19405e6
3.84214e6
5.92757e6
431142
434021
47243.4
752670
3.11283e7
2.4891e6
985780
3.38535e6
7.19159e6
6.78674e6
1.05625e7
3.63126e6
2.34734e6
3.3227e6
1.29271e7
4.06866e6
336884
995228
1.29661e7
1.28668e7
1.35694e6
5.57764e6
1.55447e7
3.40111e6
7.00917e6
3.26325e6
9.85941e6
6.20425e6
201570
2.59102e6
1.15475e6
3.41526e6
1.14112e7
5.59246e6