5021.41
260.402
3173.37
205.001
7609.17
3804.68
222.615
1265.07
794.331
332.235
1885.65
373.513
1115.64
722.219
3023.73
6987.45
874.639
4989.53
114.135
3186.1
250.506
1455.58
76.6062
1158.02
5837.62
4998.81
2231.6
3488.42
2641.5
3237.9
277.345
121.542
925.849
2475.79
6741.8
4654.96
339.52
5126.01
271.755
1481.38
2375.42
1291.06
6290.74
206.267
1250.13
5413.88
2139.91
5960.06
1891.25
750.439
3703.96
178.687
748.927
812.124
7091.17
138.517
3911.11
1240.2
4110.03
170.673
2127.79
9392.55
148.267
1966.16
4211.49
3415.17
226.906
7297.05
497.242
576.843
1644.1
3015.29
2733.8
74.4503
6804.53
3341.99
3515.41
5454.49
267.326
1391.35
2714.49
700.975
4314.42
1490.55
987.847
1381.53
2317.32
655.371
3635.43
796.723
1421.67
960.991
1779.07
984.383
2483.12
605.866
12419.9
113.759
2526.38
289.715
1355.98
515.134
1498.73
251.254
4050.47
1094.07
5485.43
2739.27
1634.86
593.045
1945.54
271.546
4468.92
313.493
4786.4
3362.11
2710.3
831.845
5586.31
5902.94
3390.49
2169.3
305.32
376.711
2182.13
2257.21
499.99
93.119
159.927
1620.69
911.578
1041.56
118.431
472.59
3969.56
1600.35
2269.81
312.771
1281.05
673.66
5619.38
757.15
147.343
1968.58
491.048
683.799
572.932
2951.29
637.925
1116.77
577.609
107.388
1044.81
1284.9
2005.58
1292
1114.99
285.504
3890.81
1410.22
5474.44
853.311
513.703
154.835
2323.41
5869.65
1511.87
851.452
2510.68
1376.58
1705.25
2257.83
2611.85
4840.93
4082.14
316.318
5168.53
2928.31
517.616
2907.66
272.706
3886.81
1391.67
522.492
217.402
892.728
130.933
2113
3799.73
973.431
429.206
4721.53
767.992
1680.65
4654.82
468.505
1549.03
3133.2
648.19
1608.63
3694.94
919.903
1683.07
2072.61
7371.84
5584.84
1841.54
3871.89
3008.91
4683.59
477.692
3250.62
613.321
918.417
675.969
1751.1
264.568
2302.12
5946.2
677.298
1399.15
3333.23
374.896
1396.94
222.771
3333.1
2748.81
212.92
728.591
3054.26
2482.69
2493.39
766.247
1992.23
1288.95
1725
259.896
2809.22
781.094
3200.92
888.19
386.923
379.125
162.723
1038.73
1384.65
973.686
530.508
1025.03
2143.05
796.941
96.3005
162.169
9667.48
1060.46
286.633
4087.16
437.099
7468.99
2176.15
1232.68
2296.39
4081.76
1618.69
1425.5
4136.33
289.911
3261.58
2654.23
1305.58
998.357
4151.86
3929.51
856.456
1675.76
465.683
1273.11
1820.56
514.863
1254.42
3572.32
1721.78
1783.57
4822.76
3548.07
8420.93
576.774
410.581
1468.6
2970.24
485.13
251.942
1637.76
2713.68
1334.41
340.523
1576.8
1259.42
2590.33
2154.8
281.577
1020.93
294.179
4509.47
3582.24
1375.99
1671.04
630.434
1404.4
4374.01
775.551
1178.97
800.506
2659.3
2454.13
1047.77
2147.8
3475.59
5332.16
847.682
2697.35
3525.82
386.005
7745.14
5589.05
3024.26
1844.75
6768.22
1810.29
1165.07
3119.77
586.372
1809.48
493.178
2182.45
3502.88
5445.17
2190.6
2374.24
5236.73
1700.21
785.073
3866.32
4110.75
1042.14
1236.97
7224.22
424.955
7234.37
3035.1
1439.77
1399.43
4571.9
49.1865
346.491
307.96
253.137
390.552
4867.57
1361.07
1962.75
1984.86
807.214
4117.02
632.011
2897.63
4377.53
1456.35
2153.67
3372.11
2675.25
860.817
9912.84
2271.76
1351.14
619.491
606.653
1227.46
3428.29
7370.25
155.668
1126.08
3865.21
855.462
643.804
1214.32
128.648
6094.6
562.524
4098.21
3054.66
1250.1
320.591
6433.81
980.675
1271.77
444.954
2409.91
505.47
601.963
1476.04
8245.9
819.673
1132.46
2454.51
8369.68
1488
3790.98
3103.88
3563.4
1666.27
1259.22
377.432
780.864
847.038
4050.35
1080.93
672.384
2142.7
609.273
6134.15
977.95
1603.5
881.668
4993.93
158.737
1316.8
3573.95
864.56
557.294
3464.82
1591.13
1820.57
1483.22
1372.24
834.877
4711.84
2530.26
522.575
146.123
648.54
1275.04
1684.29
3075.78
2942.95
1401.15
683.131
2735.25
3258.6
3473.64
2843.95
273.456
128.84
1727.64
1981.22
1914.26
1386.6
3348.87
353.579
420.034
1634.81
2875.04
361.775
646.33
5153.52
860.632
1833.59
5480.01
574.494
801.679
889.708
755.753
4442.73
391.395
2493.52
1329.81
559.074
1061.73
1538.84
1563.93
2292.71
1839.06
5319.84
1328.11
973.05
1567.36
882.175
1720.05
528.162
10697.8
2320.77
1369.96
2162.94
421.034
6379.63
783.222
5822.26
2325.83
515.858
535.174
2345.89
1426.24
1972.37
3984.87
2170.56
520.025
616.305
1565.98
1197.36
1128.28
783.139
2759.7
10038.5
3236.96
494.992
2137.01
2124.14
1299.9
163.813
3108.76
296.492
185.152
2782.81
206.753
2250.61
8091.28
4216.29
2218.03
160.768
240.452
340.834
206.365
2285.78
2495.71
1531.92
2497.17
134.037
1456.66
2012.94
5569.3
1734.47
429.965
238.142
1073.61
1805.55
187.593
740.87
6250.99
829.797
887.187
487.875
1012.07
766.448
2250.24
863.869
882.559
4970.99
2227.12
6492.94
4417.54
5729.18
711.596
1437.51
1016.79
2052.91
2895.42
2955.32
281.905
61.4287
1158.62
2316.24
3089.96
3969.34
52.7655
643.444
1064.92
3734.85
369.833
7212.01
1550.96
852.377
937.808
2381.16
1006.77
1513.96
1172.71
1885.68
391.274
931.578
4204.69
630.862
1267.64
3006.5
634.955
4206.3
1017.62
133.807
1952.89
2875.22
551.578
3168.08
1926.33
244.307
3006.53
2580.42
834.201
1937.7
2339.58
1134.47
97.2025
1321.08
546.012
1362.29
223.934
2153.24
1991.07
867.48
2753.49
4410.99
2264.72
3143.5
1476.99
5092.95
649.648
2387.13
1889.72
3085.51
6585.08
647.864
5942.56
1009.97
446.883
1162.5
447.586
3305.9
1147.19
2409.35
544.394
3344.75
2712.34
5366.39
9330.28
1066.97
179.688
1670.67
167.881
10938.4
620.851
2181.5
1038.26
1631.04
265.799
2608.12
5436.62
71.6909
4654.12
3266.35
237.507
192.252
1731.18
687.852
742.349
1852.84
3279.47
3245.32
3518.97
6834.75
906.067
627.296
986.44
770.464
4861.6
395.155
2580.26
101.784
3252.12
1759.73
205.454
517.694
1837.82
1956.31
63.9932
4437.69
5580.79
1294.43
5700.02
56.3852
2878.49
3380.7
3200.48
3075.54
3484.74
177.095
1951.5
737.558
613.81
62.6121
3659.74
6668.24
2456.37
3196.76
1053.1
353.411
585.713
1321.73
3828.57
1922.89
1088.8
1780.26
579.367
3458.86
538.529
1214.23
314.327
705.141
4321.73
1416.38
1371.93
987.332
1761.45
954.488
1139.56
1655.73
3123.2
3771.72
199.061
1951.24
168.467
355.563
172.919
3709.64
635.558
1439.06
369.861
267.951
2882.59
553.069
1439.34
831.615
435.31
1248.28
4058.82
1304.5
2313.2
272.049
5045.67
539.195
1295.13
1426.85
3042.55
762.754
833.938
395.829
1304.91
1142.05
1206.49
705.482
1512.59
290.314
2490.25
593.416
1800.72
1571.72
1762.91
1620.75
5227.58
1399.52
157.069
1986.58
3448.12
2653.26
499.209
331.246
821.536
3447.67
1127.08
164.434
6157.21
7205.91
1423.62
350.32
1829.02
3037.34
795.546
3013.36
1548.33
2970.57
575.438
1373.08
4129.23
882.624
497.113
1890.45
9331.26
4048.48
143.024
966.002
1874.93
4535.4
2954.26
3130.24
2607.71
3509.04
6505.26
1758.2
6213.84
3464.21
223.101
5315.17
722.845
326.387
526.898
1291.65
2447.02
1845.46
699.16
1867.37
8389.27
1183.34
2876.43
7461.26
1490.73
1283.99
2272.04
1410.7
1339.2
3177.35
1240.44
739.692
6561.26
3082.63
1867.34
5293.1
560.04
5185.5
2793.32
224.193
1740.5
4771.72
1326.42
1748.59
440.702
756.562
357.961
296.713
827.002
696.231
168.108
645.954
3144.41
404.777
3339.99
1564.54
184.79
1307.25
2488.32
2934.93
1158
3705.69
620.905
1939.72
2597.28
1317.69
1301.5
1102.5
4180.68
1083.72
10042.5
723.286
879.336
1494.42
1032.6
2122.53
2955.24
8048.97
1839.59
2125.43
134.011
5485.72
526.018
1488.84
325.341
312.147
239.644
5223.27
1323.86
3403.28
1676.3
2041.05
1228.93
942.125
3286.84
1021.21
2450.09
4913.16
360.208
996.913
1571.22
4583.48
2508.91
6225.53
742.141
798.705
1170.41
333.433
448.851
2916.3
2506.12
1328.74
4862.12
661.344
6529.16
1906.64
2245.35
2287.56
489.74
342.003
314.913
6578.68
1677.89
543.525
687.127
2229.5
7096.89
2176.38
422.573
9254.38
857.972
755.819
3593.02
296.809
1722.65
139.305
4400.31
327.296
192.34
1826.43
6826.45
436.218
130.319
748.056
3023.4
1474.61
292.075
1501.43
2539.53
2033.5
4174.59
192.753
2499.5
1633.79
3398.1
1560.83
7752.11
2233.61
1158.51
5116.68
4553.89
684.01
1759.7
793.224
642.079
1345.62
1585.51
3914.38
1316.97
3346.54
1288.32
796.394
3591.45
2837.92
910.581
1422.78
1958.28
1369.46
142.976
119.782
2675.58
279.941
2345.92
903.71
3034.36
1290.61
9374.88
1379.19
1809.18
143.44
1093.57
5256.81
572.21
220.397
1583.32
766.175
7014.24
4755.58
1141.21
1340.28
4370
5038.94
10636.9
1943.96
3469.71
1680.34
5939.11
880.572
2921.26
5292.84
277.829
454.833
999.262
1140.07
545.422
80.2254
484.981
548.692
1558.68
1324.3
992.643
1063.23
533.363
5257.17
355.275
810.179
1542.08
1018.49
2478.54
527.124
1189.93
2959.46
2707.36
412.33
3670.52
269.826
3130.21
1318.17
1990.49
6290.58
1061.89
2244.34
416.012
1762.38
868.839
7433.05
125.716
4475.49
2735.62
998.51
2297.54
1572.78
1926.55
620.915
2983.29
179.446
1831.7
3317.75
1064.28
2404.63
3706.74
564.652
1569.64
1320.35
2335.01
2829.94
235.955
5738.86
3503.13
6853.98
2433.2
4038.89
1536.36
5194.45
1264.58
3017.77
1443.59
2925.06
3013.01
422.915
2580.77
448.729
3142.76
261.316
218.744
3582.38
1464.03
3717.71
910.496
3421.02
1963.33
4015.02
930.97
1419.15
639.558
2646.56
9652.72
7404.85
5187.26
370.022
2138.36
845.1
3100.23
5861.19
441.596
615.07
634.64
223.195
656.144
856.81
808.374
3190.07
956.709
1068.68
1201.92
579.386
2324.55
1589.5
183.025
1121.98
1837.57
477.363
2977.66
1131.45
4467.46
3160.71
168.608
2810.87
1794.77
1425.27
142.01
1144.65
279.911
648.543
2570.2
732.12
284.591
719.281
4828.93
955.82
186.35
1435.85
1427.21
226.459
965.525
1487.54
270.383
173.136
1513.79
2336.54
591.968
1443.3
137.746
2888.06
2790.03
4369.4
2008.13
583.974
1060.41
2205.6
1773.57
4296.84
641.504
3063.22
2916.6
698.794
2619.65
800.445
1728.84
12560.8
325.919
1508.11
153.205
466.746
7866
2933.9
1228.57
1468.07
2222.72
1621.71
2860.6
1339.09
4736.98
4477.93
190.714
2998.74
1655.12
409.55
2167.8
1663.27
3416.42
464.11
82.5914
1846.29
338.625
551.571
543.061
483.437
565.7
2164.91
2758.63
924.674
3929.44
1146.88
1649.82
820.551
932.216
2713.9
2741.34
6805.71
2654.12
1433.48
2448.75
1452.77
718.721
1835.91
692.688
3098.37
1574.51
1208.67
131.147
1002.45
1357.89
281.835
783.186
11358.5
1326.78
105.748
2797.09
1499.31
1125.71
3926.7
1596.74
2022
2586.69
168.73
421.939
1971.08
2583.14
1684.64
2636.81
1515.19
534.577
4170.1
1445.13
617.015
6777.19
151.333
3761.49
3132.12
3911.13
2576.03
901.631
823.827
503.04
401.685
443.103
5356.86
145.327
779.167
2667.38
5538.81
1442.1
3341.43
2871.23
66.5663
5426.73
2601.57
1891.42
8637.02
1541.82
5145.06
6901.44
2609.47
4515.81
2414.94
2194.46
1225.65
10180.9
156.776
825.247
211.504
972.705
716.421
1128.9
947.93
795.509
1735.08
1276.21
843.361
391.412
2430.84
1818.42
1019.92
1476.26
3006.01
498.906
565.904
255.574
2343.33
526.246
1478.93
3897.03
5264.82
1619.88
1971.63
250.767
643.814
2110.27
605.018
2638.71
646.253
1080.83
658.519
1060.95
2828.06
117.542
172.378
2755.06
372.686
578.118
1466.62
1916.26
1683.27
4776.54
1919.59
2035.08
213.94
5155.27
921.176
6187.1
7113.02
1272.28
3433.17
1226.29
972.022
5790.79
300.117
2396.54
827.176
998.306
424.829
4118.39
1837.55
1727.98
4243.12
650.677
1038.61
2426.03
767.851
2859.78
591.323
5816.23
10334.2
811.259
5485.96
781.886
1521.13
4137.97
1294.17
1865.91
645.25
234.575
3920.81
93.968
2435.82
1869.88
1063.2
416.574
1203.27
1611.02
1788.34
3166.31
727.772
1725.54
903.697
5492.64
6489.25
2024.32
3056.09
325.55
1585.24
505.644
192.806
5432.37
5997.3
4194.71
757.584
614.297
6089.54
4855.81
740.736
738.814
1632.47
1801.65
2506.93
481.301
388.342
7264.84
2318.11
421.611
968.246
1267.75
1585.58
663.277
1815.8
5311.39
2695.94
4984.76
3628.43
578.868
8696.43
1459.16
1246.43
1327.04
3861.68
387.035
640.205
300.6
6318.25
2605.86
100.507
621.425
874.012
10337.7
228.784
2525.44
402.329
657.858
1584.54
4510.78
1829.92
5448.09
1191.38
628.333
162.339
1876.37
1312.94
4847.77
9497.6
1719.97
6510.15
2060.47
1743.5
218.056
2718.78
968.27
1716.02
1231.26
1470.31
3876.11
544.694
5640.5
829.773
4386.26
7811.84
4817.52
1524.23
6383.18
2144.26
1870.9
237.132
1254.54
492.438
2010.99
190.723
1840.77
1401.15
1564.57
818.767
696.755
1173.96
1639.28
2808.29
971.543
3725.59
1109.57
5199.28
822.96
439.32
3041.2
1240.66
314.27
4266.22
4932.65
181.839
688.134
226.044
1752.93
83.3461
5149.05
2862.32
425.371
469.612
2548.82
538.82
1516.22
1379.51
5663.77
2315.38
892.304
3491.17
291.867
1131.86
1348.27
913.301
771.969
1049.41
692.503
470.521
3985.34
2177.81
770.689
602.17
1444.38
780.129
6035.21
748.383
740.943
1062.16
587.669
1504.02
4979.1
4003.55
234.466
6861.27
1459.91
10824.1
271.592
1553.88
694.381
843.431
2535.71
4266.45
372.428
320.624
56.7214
1242.33
2038.11
2281.86
2285.33
711.671
198.18
6301.1
588.558
5820.97
553.625
524.084
3660.37
1179.69
1558.83
6483.7
1676.48
4520.43
1159.87
456.762
343.54
2852.23
727.567
278.829
5090.91
278.875
1211.53
248.761
1152.4
109.709
2821.2
2204.29
1915.03
3096.3
1476.25
91.5102
726.465
907.999
7560.01
646.441
399.247
705.451
801.289
1204.06
1571.03
1910.43
4429.89
2812.37
5746.78
1085.28
266.52
1979.19
1091.34
2121.45
144.544
881.7
1848.41
3568.44
1273.82
918.198
1884.14
653.04
837.763
198.032
131.208
3426.01
168.988
828.702
1537.62
750.645
5549.41
645.308
373.054
819.665
4286.4
3916.71
230.481
1931.09
2673.32
403.364
1206.46
791.356
1060.82
927.528
965.754
8183.16
4616.06
3332.8
816.132
326.589
3332.11
2053.06
380.21
2336.21
2132.73
1979.86
2287.31
1192.01
707.469
3630.12
538.141
1964.69
4294.68
669.286
493.99
2057.6
817.505
3849.05
164.005
494.091
4122.87
1620.38
742.593
712.466
7330.95
1806.14
879.315
8334.32
1017.16
837.144
226.369
2062.55
3611.66
2956.94
8406.11
304.64
935.368
1909.33
1414.03
799.608
590.565
5189.93
11423.9
1826.04
1407.37
1637.47
2232.14
1709.24
3392.15
484.372
697.131
2183.93
479.635
1589.35
420.184
671.293
5393.83
2215.07
2352.56
5961.65
6810.59
2109.72
459.566
960.885
5394.14
2859.1
330.325
2131.76
7052.54
193.497
1462.31
2702.24
2888.65
167.69
706.333
1700.35
771.186
3029.02
889.882
2073.04
835.209
1062.34
908.159
1212.33
1470.12
2175.2
2457.6
632.851
327.776
781.029
573.849
2825.13
2004.47
1143.92
3978.81
169.83
1567.61
6929.69
1100.46
6485.48
2038.44
1154.7
627.05
715.652
1740.69
2627.57
969.759
1554.83
933.949
1430.67
1005.88
280.425
147.296
4631.67
1124.28
1262.11
520.684
750.689
201.503
2616.58
64.8595
94.8228
1697.77
327.336
2005.16
40.9601
737.795
960.582
642.026
1050.17
3609.79
1237.31
1152.83
64.4542
2042.44
3210.87
1424.81
2378.13
1127.45
1891.68
4540.28
3000.52
1145.16
293.236
1033.15
1070.97
2477.08
4970.87
1341.89
5538.94
1465.7
972.286
1603.03
422.818
1259.13
862.82
2134.46
831.533
2327.5
433.871
987.765
496.866
3147.44
863.293
399.345
1153.67
5244.97
200.695
8686.6
4768.46
1022.07
453.261
2256.7
2895.33
2187.9
5463.85
3353.19
129.633
1880.36
6561.65
4198.53
735.562
571.664
947.258
3292.09
3807.97
2127.71
1024.28
1615.12
3870.91
7693.54
737.098
1461.73
1123.84
3174.7
1063.22
1317.7
1373.31
3634.29
791.325
721.308
3736.16
1539.25
3341.15
4699.09
2272.12
2211.48
94.7503
546.538
6926.14
2864.31
711.922
255.717
2316.23
919.815
2987.97
1402.46
2518.28
338.518
735.666
432.956
203.299
1007.66
5854.89
1687.6
1108.81
376.112
62.2697
1110.14
70.0155
1398.02
2354.24
1602.49
725.466
2120.27
1221.88
4354.67
1426.16
6689.44
2295.64
1767.08
6252.74
1156.75
1483.19
10857
3910.7
916.784
1657.87
851.211
1082.66
3137.33
2394.79
842.359
995.77
5918.96
467.014
1555.47
1091.01
8737.95
792.52
6152.6
1188.14
1843.62
275.626
2495.06
825.482
196.216
9025.63
1392.34
333.473
485.585
3752.12
1476.23
3749.17
5766.71
4341.64
5660.11
296.903
1494.93
826.49
1526.28
3960.41
4867.84
6389.91
470.087
3716.78
232.291
1780.61
2779.19
102.402
792.212
2807.39
3830.65
880.896
3124.62
2077.82
1168.23
866.561
135.484
776.543
1937.8
3248.89
2176.64
1154.99
3792.61
1046.7
2763.04
3203.02
7576.51
6863.17
1566.35
362.367
637.131
1850.18
4854.24
592.173
1717.02
2753.37
1896.36
6855.58
181.034
1488.72
3296.91
1778.4
3359.51
677.736
2166.75
4801.39
299.139
6462.03
1271.15
2225.05
1241.81
373.439
115.459
1115.63
1812.96
576.6
2013.22
3665.23
4445.09
664.648
3579.39
695.072
2385.44
489.68
4273.76
1039.47
358.272
4727.47
411.757
3971.84
3820.6
88.544
634.003
5437.5
289.907
1575.12
238.978
6331.9
623.451
771.153
302.476
1218.27
1177.49
2685.26
1588.24
1612.96
3368.6
94.6646
49.0203
753.14
1049.14
1073.59
1621.71
3912.9
1005.57
1252.79
2692.84
2601.67
4557.82
1764.34
590.03
721.625
45.4247
665.149
477.14
1816.1
3257.3
1281.42
833.569
543.899
3511.05
3760.23
1981.71
1583.94
2249.18
1000.39
764.307
2282.02
1298.14
1451.84
3781.45
4467.09
3620.53
1098.73
2384.9
3903.19
3215.39
2704.69
3941.21
701.908
1848.35
1087.07
897.523
6237.62
1422.44
1837.28
4412.9
158.431
1500.71
1388.9
1149.53
944.452
2743.31
4488.67
1941.47
1254.69
139.807
538.598
1048.51
807.303
3653.58
2276.14
2033.1
532.083
1807.1
267.045
137.126
7679.51
1509.74
1167.78
162.064
2169.25
4173.99
471.465
111.433
2493.83
5448.95
5620.96
998.056
125.372
972.878
1077.59
2056.28
3636.88
693.981
1530.95
1394.46
1134.62
100.317
114.485
1687.98
2710.69
4254.92
964.91
3977.51
3558.96
973.061
1313.59
2296.04
2454.67
715.385
633.226
3506.96
655.396
115.586
215.084
360.43
5874.09
1377.47
2319.24
2813.61
1221.38
2692.02
1141.36
4316.41
1432.14
2182.85
3070.71
200.466
2679.7
2755.53
228.518
2715.39
452.259
91.3514
2858.67
474.847
3550.33
4024.48
508.671
324.254
383.229
13177.9
5336.27
1560.48
405.409
4731.26
3446.59
941.172
3447.39
965.049
85.7497
6069.06
2122.98
3530.21
376.157
564.425
2283.76
1091.94
673.532
2673.93
4706.64
1108.35
7965.55
2882.43
3060.22
7567.63
3156.77
1006.63
482.532
2465.64
329.023
196.018
2662.97
1788.41
63.9309
320.905
798.738
151.591
554.558
343.433
3147.42
5278.31
1984.65
334.285
1353.2
325.726
446.867
357.603
1817.63
2740.61
37.2724
1033.61
395.716
2935.59
966.345
1769.06
4395.05
374.031
559.793
2240.17
1404.05
2031.73
1097.55
839.717
577.082
1748.33
614.301
2808.82
737.689
149.46
1285.49
4530.95
1452.44
319.847
3921.58
823.363
410.764
4369.21
3043.54
1625.3
518.39
6541.01
1248.99
736.346
70.5319
966.614
958.025
129.283
599.311
1089.12
2510.9
1455.6
200.452
1339.85
6800.75
816.977
1193.55
1368.18
3750.16
565.697
935.778
2776.2
521.438
203.364
1055.3
1321.92
374.228
953.477
5420.03
1263.26
570.647
3180.66
66.8349
138.834
7014.89
361.101
1141.62
397.855
1897.52
2817.45
1381.06
4614.8
1792.89
1067.54
207.865
1059.19
5321.67
505.296
1018.04
3364.34
2155.18
2523.7
2269.84
6722.16
1938.24
114.768
2805.95
3569.79
174.837
4298.59
2339.79
136.677
344.17
398.504
1189.62
1269.84
670.7
359.919
900.126
329.112
1192.19
1297.8
7060.15
674.138
1204.57
725.453
1288.65
1355.85
1763.62
877.618
1183.62
1607.02
706.799
250.663
2410.1
1589.52
141.315
3496.01
6618.61
1228.51
3810.25
3255.21
5030.6
3813.66
100.643
1547.2
3655.04
196.695
5483.3
199.265
321.823
2779.46
2663.48
2783.19
7457.49
3571.42
2795.64
824.985
481.663
1696.41
491.506
1030.47
5296.05
2776.2
6833.74
9557.58
3064.08
8430.64
2525.07
1135.84
758.97
149.643
2353.53
1237.65
869.757
1966.69
2159.17
1301.24
301.329
327.505
733.165
2101.02
6923.78
1715.17
1218.98
632.965
2036.54
789.803
1159.77
1522.98
8193.17
2192.67
447.432
765.615
87.0075
2501.47
175.075
5992.62
213.557
369.568
693.434
2150.57
8226.56
2050.18
3780.17
261.899
4545.74
1961.03
2377.08
1620.79
7490.42
474.844
3386.76
588.828
581.397
827.028
644.892
3747.08
678.168
165.718
1675.68
1829.32
1890.2
5838.99
676.197
375.343
1489.38
4413.61
1738.14
211.49
1510.75
4561.74
3456.36
3408.41
991.479
5900.75
2110.87
956.579
142.661
3521.94
4091.33
2179.04
2320.58
1411.72
4020.53
516.086
444.689
579.177
110.948
484.028
5351.44
370.75
4427.98
7147
736.785
2086.07
2403.6
1395.84
1431.98
760.581
175.933
1553.41
572.582
2244.37
1107.77
2286.34
382.084
3214.1
11698.5
4133.57
2404.18
2139.56
6092.32
5794.93
2559.5
2761.5
1694.62
3523.08
111.754
1730.92
147.363
437.801
3922.97
1897.32
4207.97
5935.89
1593.69
1463.04
6017.27
4933.16
6520.05
9537.18
2103.24
367.026
1305.71
2254.13
1756.95
607.221
773.691
2601.1
1986.53
813.976
1499.28
1213.27
698.853
459.089
791.328
409.405
4977.69
1431.09
1365.82
1459.92
1888.08
2226.04
310.404
3376.56
715.565
1991.38
1972.24
4070.6
466.031
1480.99
787.676
1674.27
774.915
6324.74
4471.17
83.255
3253.31
1977.28
1134.38
1313.36
1283.32
1566.47
2369.01
1352.94
1970.9
321.797
2037.09
3812.45
6338.48
1319.31
6891.76
8597.89
375.017
154.328
887.814
56.3682
345.254
2244.45
2722.53
4093.2
292.889
1394.12
1170.2
499.929
2840.22
424.706
226.687
929.943
1250.04
255.246
277.438
9613.9
469.13
818.933
1381.32
1284.33
8912.95
2259.4
405.925
1003.31
1559.88
2197.19
507.408
1484.31
3106.16
95.9033
2748.65
2949.34
3993.48
3356.86
2418.18
136.21
5905.29
120.856
2024.16
426.747
5637.97
1000.42
513.733
436.51
831.983
1049.04
531.893
558.262
215.591
2574.57
5546.92
720.919
5084.75
2612.06
1183.41
1366.73
233.219
1988.3
1542.36
169.382
3606.7
825.2
4219.5
4776.81
1339.73
241.525
1006.6
1110.12
281.678
2198.08
132.803
720.01
1929.1
1990.88
416.879
187.459
1610.61
1822.53
2167.57
5557.36
1006.4
334.196
4140.85
1350.63
2219.26
3229.44
1167.54
354.83
477.006
3170.02
2525.15
974.011
812.05
2114.08
3498.41
645.947
1526.49
1397.69
3780.06
149.178
488.585
1109.39
1430.79
2486.06
1417.98
748.622
486.872
981.402
3295.44
6994.26
2090
2889.34
3356.23
3085.2
122.609
46.1649
4226.99
5457.67
2802.27
971.653
4911.99
3229.7
6608.77
389.422
557.679
6703.8
528.247
1420.36
708.278
673.275
860.368
1884.16
4118.32
4672.39
337.754
6969.24
4113.91
1277.39
2938.82
933.925
640.773
99.0852
1434.19
4802.86
3711.53
1499.24
991.18
324.891
323.529
2081.82
807.32
1378.54
12153.7
614.817
1433.26
4879.68
246.704
6373.55
421.311
2623.74
275.282
648.627
1894.73
667.663
1370.21
3692.01
1341.59
2362.37
7707.55
1038.93
4106.27
1507.93
557.474
13832
2488.23
2855.87
2834.04
749.177
612.72
65.4941
2149.57
4073.19
1984.42
1730.47
2897.35
2816.47
279.572
6983.58
2883.56
336.244
146.009
3161.99
815.098
377.551
795.188
361.717
181.162
2322.45
1680.73
982.362
1024.24
259.372
2334.01
265.474
1315.45
2447.31
1445.06
566.527
1257.67
1082.89
2049.88
1444.05
1264.26
1180.02
1852.67
1024.94
2541.82
2247.68
630.703
592.698
1799.58
279.312
546.127
5251.36
3112.56
871.581
3080.68
9601.55
7516.42
1198.28
4017.59
4674.2
1209.95
865.121
1985.55
1198.3
2390.77
1677.89
10349.9
905.684
84.0143
1344.87
1241.39
1439.41
3067.25
218.423
1940.9
7069.85
3481.33
1834.25
1226.11
4524.52
325.944
217.479
3626.4
2677.34
877.422
3194.26
3894.51
3352.82
1715.17
5612.82
285.828
1598.01
834.33
10406.8
2681.16
9317.36
2057.73
293.332
925.89
1947.5
3224.58
4139.56
147.616
3590.09
1120.26
4466.48
2392.3
2406.17
4673.1
488.648
1268.52
1800.47
5632.98
344.536
2587.82
2096.56
104.977
1048.79
2480.59
1737.59
3202.54
4545.37
2938.31
4812.74
5284.46
3993.56
561.849
78.0814
4234.12
1603.77
320.804
428.21
296.273
3636.74
2661.15
2020.94
494.859
238.345
3536.72
1634.43
1122.76
3613.89
3258.37
7062.91
1051.2
3171.57
861.498
1597.63
452.033
1641.76
1414.73
2175.01
2654.49
3896.09
2575.5
614.737
376.544
476.649
1753.32
3382.35
1166.33
1474.93
341.793
300.127
275.07
2556.91
1217.88
5298.59
1420.85
333.75
2860.53
631.128
2753.08
1242.81
9573.98
962.19
3426.14
3844.35
2576.75
6470.04
4245.5
1556.95
375.217
199.479
62.4211
1790.05
3509.5
1620.68
1258.76
1599.49
598.977
3458
9100.29
719.284
2335.91
3128.94
8185.97
380.454
671.811
347.439
1005.22
3802.73
1558.55
349.555
4463.64
344.195
1648.95
210.541
303.453
3871.36
444.591
2370.11
1249.36
152.853
797.109
2909.48
2114.2
2704.39
1618.2
1980.68
2132.27
5155.41
1323.46
608.694
2403.12
5835.1
1984.34
379.911
8194.54
1687.19
1131.6
454.146
849.787
847.13
1557.29
9053.36
1751.34
5356.52
6559.89
615.199
419.239
3656.97
61.6832
1637.39
221.497
3631.31
128.785
4023.56
1302.19
497.788
225.891
1418.69
1929.66
1577.13
1588.22
1307.45
8007.63
956.191
5633.78
1307.48
1036.15
93.2419
117.766
1992.25
1633.05
4004.85
989.614
3434.64
399.174
509.282
4941.6
2066.83
3816.97
1542.38
1618.93
1145.93
694.407
5602.97
1056.97
8982.13
1282.59
2043.05
1458.37
5981.88
2740.4
3607.25
854.642
5778.15
2946.42
3914.29
6552.38
1444.53
353.083
4835.75
517.259
334.216
6568.28
2390.96
4145.06
357.67
1121.27
126.195
1235.09
383.029
1220.11
3103.76
910.974
820.318
2262.41
5834.45
2284.22
2392.66
1285.79
10921
65.5637
732.005
4302.02
5291.73
976.959
863.839
6430.71
914.165
3167.87
366.992
2046.54
382.808
688.168
674.928
5978.19
2023.23
675.118
961.402
1764.44
4602.18
537.292
5933.51
818.526
2938.71
4922.4
1438.23
1008.34
397.362
2835.91
1362.58
1113.37
4858.41
818.908
1598.66
2251.21
143.341
2160.57
4033.98
1706.23
5529.02
6720.18
467.536
365.106
1517.51
1663.87
779.532
1909.86
480.731
695.606
3521.22
230.228
2095.79
177.824
2963.94
552.09
2475.88
376.429
1946.13
1590.47
1103.73
813.489
272.997
1949.51
702.283
999.604
1197.91
1630.73
302.406
299.135
400.843
1757
377.448
4377.18
944.513
3650.05
989.748
1929.73
4480.5
1310.26
103.745
122.636
969.491
2591.19
153.689
1279.2
6865.19
1695.82
2709.61
67.4158
1808.28
7723.51
2098.81
1088.01
3427.41
4120.06
1991.48
461.206
2566.23
5505.91
3144.07
1718.25
1574.77
1173.7
1890.29
198.822
2805.63
6552.91
723.527
6206.03
683.868
8151
597.487
2657.03
2923.83
1734.24
654.29
138.404
160.257
11784.4
282.188
410.155
744.432
3387.14
1225.64
6831.04
4027.51
178.343
2619.61
1463.71
3160.51
1234.25
1566.85
1226.16
509.438
280.306
1829.86
1491.2
192.747
209.21
4098.34
965.001
620.867
1604.68
971.712
657.086
2795.79
1742.01
205.261
4772.23
2406.31
2149.47
1100.22
437.82
103.03
873.023
6823.98
2193.74
2588.89
2018.27
954.079
1920.83
5420.83
1638.09
3765.04
5218.28
3441.72
3401.98
517.384
1950.85
2726.49
1232.98
827.966
854.817
1293.34
1170.36
4555.57
160.047
6719.93
2066.28
3256.97
625.951
815.196
9039.39
1275.8
2659.39
1185.62
680.859
1152.19
1137.98
2843.85
146.152
1532.35
7633.36
1225.74
1037.16
499.849
4442.54
934.552
5452.39
6056.46
2456.49
4992.75
4064.74
1189.78
218.071
6683.17
129.691
386.686
443.205
216.616
2647.1
5362.36
1016.62
9533.96
286.692
1698.92
889.405
1187.11
1893.23
583.469
1011.95
1084.15
2323.6
1293.79
2032.33
2502.11
950.76
947.324
3196.55
3776.85
158.98
1731.51
2929.88
3337.64
587.084
671.491
544.145
1825.95
4936.98
1254.6
1447.89
1422.1
3001.98
1532.67
4992.06
8085.27
1377.96
376.488
5398.07
3268.41
483.691
2073.64
4362.52
3137.78
1682.32
544.144
6546.95
311.844
4024.3
1348.59
2496.39
459.061
1131.29
1068.02
1054.52
1256.96
3763.73
1550.17
679.339
3017.42
616.452
411.322
563.101
2826.5
4983.51
451.103
7438.89
3025.52
2083.24
913.041
704.763
1058.58
1964.13
253.739
1344.89
5248.24
520.346
129.333
90.672
1600.58
484.617
765.189
3048.71
6120.65
1086.98
6382.35
500.782
287.134
341.824
744.903
3688.72
1345.94
126.433
455.002
107.451
370.317
1687.73
444.696
3558.59
1349.32
321.648
1150.1
870.102
390.577
173.114
4197.45
458.888
4774.73
3593.06
597.59
939.777
4657.59
567.917
860.235
2830.29
1108.87
1033.23
779.415
426.691
2466.44
506.089
421.41
167.861
644.119
2604.98
667.846
3266.91
210.897
460.66
86.7235
760.25
1714.49
3552.93
4841.82
2936.41
1195.48
249.331
457.94
1468.41
2185.41
1073.83
2328.63
3988.83
5242.54
5949.85
1032.84
1620.09
2868.55
5328.36
1569.42
2104.28
733.522
776.426
593.508
904.509
2721.74
1070.64
6017.02
1604.22
2884.21
1334.93
319.388
80.2093
6636.6
2249.41
1371.46
2245.01
1322.07
2140.23
1921.29
1064.83
491.81
98.0799
1602.62
440.638
1486.53
295.062
444.087
1235.94
846.284
820.045
500.768
1626.63
9208.92
3153.01
13173
1296.82
1799.69
647.094
234.531
4090.38
761.354
1768.19
1866.32
224.808
2166.09
2223.25
1807.67
438.581
2560.75
1118.73
1737.41
3417.27
1440.52
546.13
6935.96
1268.95
3702.5
368.876
1047.31
1974.06
2702.76
913.908
2251.02
3540.36
4376.72
8267.52
3274.42
420.605
1788.44
511.708
4859.45
1217.05
8383.8
1305.69
5831.38
1523.19
253.033
653.379
756.588
660.026
6282.7
2916.95
1258.59
2811.73
113.632
3294.8
781.611
132.73
9705.49
2743.55
4528.97
5832.02
1208.47
9084.46
1848.52
288.104
96.0843
2627.57
414.966
3249.67
469.148
2715.25
3819.84
3589.58
2369.78
4229.83
4497.31
289.799
3265.02
286.311
10744.1
125.615
1333.92
2858.34
2193.31
3181.96
2374.93
1178.79
1544.7
1234.5
565.475
2405.27
3309.68
3850.74
267.917
4118.92
2750.16
1356.89
3507.73
2380.11
1704.4
1494.38
1695.97
1676.77
277.482
1577.24
748.789
1322.75
5025.1
171.977
999.438
6705.95
2364.41
965.712
1239.23
321.849
591.217
1448.73
2097.79
2886.67
7439.28
789.376
2270.65
4945.74
6336.47
998.603
2039.74
1360.57
2947.94
1595.19
3065.72
6076.43
809.67
1074.56
664.071
728.371
1835.62
2466.92
1704.2
1310.53
1000.52
4135.52
270.331
2652.46
2080.77
266.512
646.923
2329.09
1754.1
1510.18
5340.18
287.741
2399.05
497.951
570.711
4088.51
94.523
1121.21
231.693
394.96
2550.96
3949.83
2410.52
251.361
5432.73
1585.33
724.197
1268.56
2183.44
5037.66
1917.95
706.596
284.05
646.481
8783.2
401.545
7486.24
244.503
1074.71
1398.85
1103.49
4992.43
460.647
1228.33
1376.04
48.9878
864.714
2275.53
2353.14
975.526
212.723
199.115
1330.92
1331.86
5608.69
5818.61
1912.63
4465.96
463.642
2778.66
1989.59
504.039
8228.94
776.651
9051.33
1213.97
101.862
223.88
428.494
3526.34
3228.46
3947.21
3910.06
2885.78
1319.95
3164.38
731.187
5655.18
1761.91
1880.11
1958.32
1012.53
755.516
1588.92
6736.73
384.649
366.138
5495.88
4569.2
368.417
10006.1
1718.76
1903.79
253.862
4292.76
1055.01
1238.89
3947.04
2204.19
284.028
2841.37
719.8
3478.67
1553.53
494.832
169.735
4574.71
2810.92
1040.56
1113.07
1188.09
750.462
1454.98
1269.47
552.841
2615.57
1704
1607.62
487.818
2275.84
1776.45
1493.71
1852.08
2001.03
2791.87
115.331
2664.55
3263.55
4058.21
5865.51
2159.2
315.96
4285.85
1451.94
2353.03
206.05
1303.37
655.32
745.655
2003.7
622.102
1951
307.38
1429.82
161.721
2871.13
2084.59
3403.08
1459.74
920.008
1052.34
760.505
226.152
617.55
2991.87
888.446
3003.57
3849.72
1557.24
4454.94
77.5773
780.237
3367.94
1531.45
1013.66
796.84
1298.48
491.972
197.044
1766.69
2032.34
863.171
768.141
2570.9
123.427
832.819
435.621
4703.85
2460.77
1602.02
2628.82
1554.89
2328.85
813.817
1556.84
9385.67
3092.75
2109.6
201.251
5675.82
245.672
11437.1
188.53
7224.54
2837.36
561.902
826.896
898.222
1916.71
4520.7
127.702
2103.05
355.282
2075.48
1739.74
4158.49
994.561
2516.46
2389.59
4636.07
1232.79
1124.39
368.1
6079.55
2430.15
5715.34
4770.84
859.594
5819.49
188.401
1923.14
221.025
588.876
737.611
171.719
1441.32
341.823
1170.07
1787.92
757.119
1394.86
1472.45
4244.55
14119.2
1553.14
2603.64
2023.06
1709.03
860.911
530.173
367.162
6201.31
1116.88
1824.35
1193.11
3864.9
565.542
207.453
3256.13
1796.71
1249.56
1166.14
690.582
128.573
158.123
2082.62
1196.49
814.923
321.232
3297.39
325.296
1844.06
211.254
9992.25
3916.2
4505.53
2542.12
417.7
2408.13
5031.49
1050.68
734.034
1673.59
1520.78
823.921
2507.63
1062.23
8475.45
3752.12
4089.33
193.528
1654.93
5567.1
3756.43
3512.36
1350.63
1515.63
449.403
1145.53
1791.63
908.459
458.883
188.761
115.908
4375.65
1955.42
4785.09
83.5288
1506.35
993.71
2205.17
2137.2
1441.77
5213.13
261.645
3823.9
1201.43
960.131
1188.21
2944.96
2104.03
646.241
543.143
3613.83
157.66
817.447
4285.83
978.089
4372.02
1068.03
569.838
4056.43
753.536
7245.21
3146.88
6792.76
928.568
1683.85
3243.88
2582.56
2779.62
2037.82
513.882
1536.07
1366.87
476.955
3565.57
1338.02
4575.64
494.13
2146.2
771.442
1878.09
109.914
1783.58
2652.24
3765.29
247.037
7581.24
4687.58
1506.23
362.713
1456.45
2804.98
2125.73
4274.7
2113.39
1128.51
1659.91
69.4819
1543.35
334.858
2430.7
951.969
1946.79
2197.6
504.526
1573.95
145.935
15219.6
4855.49
2989.19
2317.69
417.103
1722.37
1610.88
74.3093
3780.07
4109.08
1088.3
1799.18
43.1528
9592.08
669.179
1394.02
1410.17
404.226
287.479
1599.98
442.104
1014.59
1304.25
3636.84
564.726
1091.51
5044.71
993.907
662.464
8647.65
376.658
2155.62
3080.21
321.579
386.639
7893.75
1589.79
314.287
1172.59
2625
1579.42
2588.4
374.056
1635.97
3783.35
710.234
1740.73
2597.05
546.297
429.673
2146.53
1893.12
125.889
716.655
1324.47
925.751
1529.91
1983.05
5314.17
287.542
725.667
3408.51
1676.1
4149.61
4219.61
1267.68
883.17
1046.05
743.092
91.3724
3979.04
580.906
5634.78
1582.51
430.645
378.07
82.1726
1700.19
3196.37
2816.62
115.966
2900.72
673.224
902.706
874.729
670.89
1091.33
2713.57
730.056
7633.06
1584.53
1544.51
4783.38
2783.91
834.628
725.791
3327.18
846.307
3678.6
7274.61
711.445
403.982
1066.77
2007.69
1170.21
370.851
3830.23
4774.66
1312.28
5661.71
165.728
210.403
8578.71
3940.33
627.376
1923.75
673.099
6189.13
1596.77
355.915
4187.23
5704.18
268.954
1125.66
705.111
2238.69
1390.76
579.08
2384.73
2713.19
10180.8
508.812
5987.14
3197.6
612.959
5470.9
3093.8
273.241
1159.49
2878.19
746.095
4250.76
3225.86
225.093
133.312
2692.02
2844.93
4804.76
2860.41
4989.6
2608.6
865.046
1733.59
107.442
2870.74
2068.73
155.877
4873.71
679.909
83.5581
1125.84
4817.73
498.747
1575.75
2426.26
349.522
959.675
569.701
720.715
1880.43
2159.98
6467.74
287.182
467.466
299.262
2160.19
393.202
2435.77
1106.12
3409.85
988.048
299.33
4500.88
2071.47
471.094
1577.26
235.831
1445.47
2667.73
2089.31
8438.45
1725.66
7249.39
6836.1
2649.18
824.168
1339.84
3809.88
96.6236
3322.45
1051.91
183.595
1349.88
1418.91
1113.67
2693.21
1427.04
983.303
352.074
565.684
952.627
4853.63
719.299
427.411
2748.98
1301.64
2473.5
495.035
2702.76
1352.94
2646.36
599.922
219.532
3294.65
193.948
1313.4
4006.28
1858.21
343.376
205.36
224.859
1026.64
6927.06
5934.2
1656.67
2757.65
4666.82
971.086
574.776
1623.02
2256.61
536.199
409.217
2981.07
1651.08
533.916
2253.24
558.737
255.644
3082.69
1752.86
1847.01
217.628
2935.34
1269.06
1196.44
603.955
629.507
3485.47
795.269
2061.05
5500.11
1376.77
9694.74
3917.28
2617.36
2934.44
2515.15
1020.76
1970.5
1470.78
6177.31
803.69
4064.82
432.86
1704.17
102.385
4435.15
976.11
649.877
2863.44
92.4927
5389.61
5674.3
925.797
742.578
5318.8
1658.36
8903.72
125.335
2540.65
563.396
2596.36
1632.85
4614.19
1608.91
200.849
2609.42
3914.82
1819.18
2152.95
459.197
2835.66
79.6438
1382.35
709.645
2945.41
806.463
705.034
5094.1
808.102
3416.38
1342.38
1775.38
1708.38
8796.31
2090.97
4085.39
392.715
404.028
3425.2
5396.28
109.844
1562.97
929.168
157.084
184
305.235
5348.52
581.904
1721.48
5548.53
4407.7
4478.17
553.732
1344.7
540.066
1013.65
713.442
586.029
1236.4
646.889
2613.06
2197.34
955.601
74.6905
1808.38
508.496
927.316
209.915
344.244
2797.2
2802.38
2916.62
2145.36
523.114
191.029
1779
3257.73
426.189
1856
1007.62
838.69
2125.56
7058.4
9488.23
1247.42
7523.18
1056.03
2592.43
702.677
4221
86.7271
289.514
2198.21
879.048
1460.55
4097.31
1820.86
219.866
7491.87
814.783
811.594
329.214
1786.57
2078
695.484
3220.83
565.681
3298.43
1309
2220.24
1929.33
2351.81
990.987
733.884
878.614
3317.03
115.43
988.994
5808.35
3115.68
664.987
3586.04
2995.9
2847.15
1285.99
506.003
2483.16
1723.54
1350.34
7753.18
1333.44
1926.99
1171.23
2089.96
903.863
8794.6
1901.67
3727.9
836.806
8139.05
110.029
206.7
1982.13
2006.68
2627.25
355.831
2953.4
6369.82
2210.58
626.284
1050.77
1641.95
340.851
439.726
12645.5
926.39
5940.69
5333.91
1233.29
979.774
4111.06
2211.22
785.352
2724.65
488.925
134.844
4938.46
3699.62
1318.64
2983.59
359.776
2540.13
121.357
1884.03
1186.91
2235.93
1051.69
611.852
517.868
414.882
846.764
925.453
215.469
2452.32
1006.66
2528.09
578.1
613.146
634.751
676.321
470.804
6013.1
1726.98
1883.15
1776.74
408.954
1237.56
2345.15
918.198
6237.8
652.981
857.986
2007.4
2092.08
1474.89
838.621
2890.21
2511.38
1534.68
2975.01
515.784
875.523
229.784
2077.49
905.416
214.552
1588.63
1037.71
4536.02
1845.98
347.695
1668.24
2930.65
564.778
704.623
1039.46
5115.08
3851.47
4756.28
555.338
1057.33
1010.31
821.243
492.267
1193.09
3459.75
1054.09
1276.17
1852.95
1463.22
2988.67
4283.1
737.496
5841.46
75.3698
142.982
4325.55
624.455
3314.1
535.405
2520.83
694.248
628.878
2202.93
2480.24
3459.25
1290.96
5276.8
1722.06
1223.74
210.269
690.095
2547.04
2560.19
167.777
146.427
134.167
107.37
623.988
1278.43
2759.31
740.644
6919.61
573.953
5398.15
1282.69
2955.19
2363.08
747.649
225.229
2182.44
758.09
493.511
652.629
7175.32
3303.2
1407.27
1162.22
3553.96
3282.19
1544.11
2571.84
3007.19
3306.78
5064.47
772.209
341.561
129.96
81.383
1145.64
828.856
2734.04
492.783
5840.36
288.005
1777.45
996.64
2983.93
464.198
3864.7
3775.96
238.532
491.443
3694.63
1400.46
3480.32
2029.15
2346.36
223.932
4157.81
2312.36
615.496
10654.1
835.965
1854.1
2452.98
1899.26
439.502
6346.35
275.145
910.786
85.2371
779.569
162.514
1395.18
269.998
322.315
1202.88
195.158
455.882
1946.9
320.697
2029.28
7024.25
581.701
1841.36
342.657
475.899
623.061
2352.53
3480.81
3096.99
4389.33
9094.72
5853.02
5273.18
457.666
62.191
4407.97
473.419
4105.19
2732.41
668.151
1386.46
2498.65
3080.29
548.178
2110.33
384.888
3446.54
3145.48
333.09
120.388
885.075
367.394
6868.91
873.395
443.927
1687.53
1990.15
2384.32
634.056
2589.94
5889.83
3128.62
3849.34
1061.82
304.151
11577.4
1423.04
3732.4
992.117
398.384
910.725
2903.81
4111.89
4519.77
1993.97
294.694
6288.46
838.731
508.85
3386.41
39.5007
312.774
754.115
543.895
2693.94
1106.39
5060.94
1943.45
1624.69
2029.35
1787.45
306.525
283.419
5689.62
3137.69
2271.61
5621.53
3051.27
2733.7
4050.56
6747.68
3593.24
894.256
2774.11
3203.31
1126.58
1540.49
3751.56
3347.11
167.678
7980.01
937.274
1574.62
6501.7
3082.38
1101.99
1158.39
2046.48
775.326
1038.63
1895.54
792.249
157.189
6809.96
2391.95
964.244
3449.42
137.092
1213.27
1396.12
3286.68
270.918
2641.87
419.183
1448.52
2858.15
1462.47
1423.96
5363.75
6648.76
626.368
1932.18
2435.73
1271.89
1382.25
1193.26
180.026
3350.09
2163.22
47.8726
6504.2
10227.1
3568.1
2699.94
6451.7
5934.83
1957.32
7486.73
2576.94
165.946
2465.95
575.783
576.571
3486.3
1475.95
1166.32
225.276
1589.03
5034.41
1059.77
2194.95
3524.94
1731.74
366.251
383.859
390.248
928.056
469.449
793.835
3589.79
839.571
1385.38
1788.3
4658.98
671.015
2884.7
12866.2
299.162
1298.9
1084.14
1357.79
421.408
317.232
3365.64
476.639
4470.21
4625.08
3694.77
2252.44
1844.22
335.288
589.79
913.429
1204.78
4759.22
1956.07
8008.88
1338.53
454.484
4183.75
4073.44
95.9266
1072.76
938.983
1460.17
2317.17
327.769
365.333
6307.4
1657.52
371.268
802.829
1334.29
1121.39
111.242
2360.66
681.266
4415.12
1891.69
2055.98
2541.33
4590.06
4222.38
1049.51
1328.1
449.87
668.495
1160.32
140.732
4199.76
452.173
857.875
734.149
203.063
3516.97
1642.94
1571.24
3874.18
535.113
671.362
2916.97
1651.82
737.006
269.092
991.215
480.26
1107.8
1274.14
3206.81
1693.38
3463.53
1198.15
7416.06
1907.25
4741.89
1194.58
469.494
2473.62
325.142
8134.03
2733.79
416.835
4216.98
2831.6
3977.33
783.121
560.184
4279.17
84.9828
5465.28
3317.48
4427.94
5063.97
345.665
1982.11
483.853
4179.6
1852.76
1192.69
256.173
666.79
445.284
631.764
2317.34
997.171
1226.55
1758.25
3473.08
1275.61
551.757
3998.91
1406.92
561.351
260.336
1715.69
2129.99
687.803
3634.51
445.831
1124.65
1498.23
6672.85
1104.09
2018.1
282.403
278.42
409.663
227.684
96.8098
61.7737
737.959
2963.71
7265.78
186.549
1941.41
2623.65
56.0632
2067.22
3091.67
1126.64
382.577
617.616
188.355
2112.78
236.455
4105.84
1341.42
88.7845
2144.07
1046.38
1562.88
2082.24
2559.62
647.946
2068.33
1397.35
583.789
1880.98
570.186
626.339
6074.61
3630.08
2365.57
1886.02
532.902
2128.26
1469.06
1183.1
7093.53
1915.02
286.206
301.001
623.628
3527.94
3835.7
612.311
1950.17
1163.48
1354.28
4096.92
283.183
8251.44
4846.95
1813.72
2235.52
7143.4
1109.75
1567.93
563.498
84.8025
1878.59
3495.46
3853.62
347.394
3959.24
2342.75
10373.8
593.648
1206.06
2124.91
2207.34
3522.74
176.645
596.608
1886.89
620.037
3295.6
7345.78
771.303
4429.42
323.075
1035.53
408.225
2264.96
2542.25
240.554
1091.49
319.831
1102.04
1872.07
1224.6
1838.62
1442.76
38.9957
1166.87
287.35
1765.26
2788.31
437.323
1068.2
2243.6
2220.2
2464.7
746.785
4813.24
4719.64
5624.6
428.093
2846.19
768.896
3747.01
1173.55
220.208
4494.5
164.695
2791.22
1729.14
281.575
158.762
5820.77
604.036
1566.23
7987.97
356.474
8687.53
1245.37
148.01
215.398
106.687
10163.7
5762.32
716.938
4958.02
6162.98
3149.55
513.776
2771.65
2966.05
5916.84
4420.6
1232.43
938.036
1035.73
358.922
391.771
2358.76
2134.32
9756.73
4218.88
410.954
2281.23
2320.63
2466.96
1566.26
6990.65
2250.73
649.28
1717.92
163.029
296.756
231.435
1552.09
461.936
328.016
5745.01
2370.47
2884.63
468.454
3799.3
2049.18
2029.32
3039.03
3183.71
2407.24
8420.63
377.617
537.289
977.339
7432.09
502.672
3989.71
188.595
1652.72
548.288
117.169
1856.37
807.409
820.848
873.361
328.609
3671.4
934.488
529.481
3412.28
2241.09
222.045
5009.4
2151.88
5864.82
1355.91
2593.93
1085.49
1036.98
942.967
934.144
1274.1
1400.79
1351.93
1965.73
3501.29
2483.37
3032.49
366.043
4407.85
2552.54
7102.87
12295.5
547.7
1620.21
286.3
1439.67
2723.66
1337.59
1890.27
1162.42
1383.84
2403.3
316.571
992.082
1864.29
1507
969.295
133.171
864.863
1656.17
4406.57
1648.99
3859.33
402.552
478.517
1298.83
237.038
3326.62
3405.42
5223.03
6381.65
2395.66
461.486
2051.38
1753.85
1899.45
9976.47
1150.39
2027.35
226.545
781.024
184.461
1801.3
335.821
4435.8
624.381
4217.89
1244.53
2096.73
5002.88
2761.28
165.083
1616.58
1106.94
1061.35
503.537
1849.75
1578.98
3322.37
1696.99
1291.81
500.476
1346.87
1148.35
339.466
3334.67
2879.73
973.41
563.019
610.974
5214.84
1285.45
3770.1
3642.2
430.205
1564.05
1927.62
3199.56
5608.64
2859.27
619.859
348.796
2162.35
157.362
556.579
1033.59
379.721
2195.21
196.994
3834.98
366.759
4869.53
707.599
572.375
67.5952
1272.65
4688.88
252.572
5758.08
1280.36
1253.02
167.216
1986.19
2110.69
1010.41
3196.41
2012.45
7013.4
2082.52
1366.48
2437.04
2849.47
1167.71
160.112
1779.91
225.933
7792.73
1694.24
188.415
548.481
1453.86
442.475
8855.33
5569.51
3560.46
764.384
872
9424.03
2165.01
4244.1
8309.02
4879.08
1940.93
409.283
811.524
1747.1
828.734
2995.27
1858.65
994.445
3064.17
1974.61
147.242
814.126
2885.97
1958.6
111.679
809.274
772.523
3086.51
6677.75
6724.32
1156.76
2399.41
2272.28
116.21
1549.23
418.591
1218.72
587.079
2599.07
1241.98
768.829
811.636
170.266
2288.13
1177.94
6083.34
191.734
963.561
1259.85
7453.53
3971.24
3662.05
4686.45
376.565
2759.81
919.637
3261.82
1006.52
947.997
855.347
104.568
531.628
1122.97
363.074
5935.94
2647.1
1282.06
224.994
178.289
5638.04
371.631
3135.72
556.598
191.146
3762.3
5448.35
1797.68
369.333
804.043
704.215
3036.45
870.435
4071.49
4747.49
2184.56
2855.24
422.19
341.726
919.999
2228.65
169.757
281.903
3054.94
266.542
236.488
1090.9
1775.64
900.861
565.808
2744.3
2683.34
1601.86
344.44
4093.58
1816.3
108.896
3613.67
887.105
2305.45
3286.64
1236.12
1241.65
5972.95
439.105
1554.13
2393.86
4042.48
10501.2
5897.58
4263.19
5579.2
1129.6
5691.06
2340.25
1335.61
1816.79
665.576
1480.84
2705.36
2948.71
235.419
661.079
3395.44
9887.82
1953.35
148.98
946.288
1048.49
2908.61
8771.62
1008.52
1625.27
7787.5
3180.37
443.426
6844.44
5694.96
1218.93
628.411
2991.71
2144.58
680.15
783.895
3011.57
2590.55
5079.44
751.963
1138.36
543.128
3028.04
7406.5
2852.81
798.859
635.896
3805.97
48.8726
167.348
1362.4
261.721
2432.19
2721.57
321.322
487.546
1049.47
4407.86
139.313
1128.03
1841.84
685.57
1643.24
3053.7
717.382
3289.81
2275.94
1815.42
88.5744
1955.97
4558
9862.23
5403.62
4759.79
8284.67
5015.8
899.125
104.816
1790.06
1495.22
911.604
1419.92
335.532
2188.47
1547.21
8747.13
87.6343
2250.36
740.457
2439.14
1745.76
1021.35
1292.12
2086.72
148.394
1085.14
83.8102
3182.47
3832.62
5904.79
1401.41
2652.06
1251.88
1915.08
2157.21
4399.23
1189.58
6769.65
301.002
156.753
829.553
867.652
1092.8
2404.08
558.916
1908.41
578.186
1047.16
1816.93
407.394
4356.48
583.482
874.809
511.933
3315.45
745.501
929.402
2563.99
169.937
3724.68
2632.46
112.761
2359.17
985.747
432.872
2100.74
153.266
780.348
2255.81
2828.77
754.795
229.04
1373.52
787.476
2596.54
2763.76
1250.74
515.205
2815.79
256.434
2308.44
4253.19
3383.97
241.477
777.952
2830.4
783.757
5736.38
3131.86
3776.13
422.982
4565.38
528.303
4500.27
197.479
2977.17
8138.84
1598.76
598.95
365.363
4427.07
61.8894
8514
8571.06
2080.44
2961.28
670.761
4199.5
186.121
1549.75
1227.73
139.833
228.521
3361.12
748.434
1204.35
661.985
196.476
285.198
740.305
2554.57
2037.14
3080.88
2766.5
1292.66
5126.74
233.793
384.841
6146.96
6879.07
1501.42
4986.51
2202.74
2727.1
1872.09
2332.44
3073.33
1973.11
859.45
2411.52
2760.64
2535.44
5733.38
1101.96
2601.47
1055.74
580.698
3075.1
1561.71
963.863
80.1336
1878.62
2216.39
140.637
1067.15
3685.8
1428.11
6428.81
829.376
4516.92
2524.4
1576.09
2667.14
255.122
12619.4
4258.44
3428.9
849.673
1391.86
3826.88
4582.39
2297.97
3501.62
3716.6
943.042
425.739
4853.11
4178.89
687.885
1563.27
456.945
4886.89
424.277
379.212
517.835
3816.96
1264.35
316.326
774.818
503.748
1738.36
3698.16
1696.13
3657.11
214.342
524.926
5348.68
385.738
665.79
2129.85
2633.52
2551.02
612.826
1792.74
1734.26
1873.01
1379.28
780.472
2769.29
5016.92
2940.28
948.728
1860.19
2873.95
620.31
3156.5
1188.97
102.443
720.555
898.109
2496.42
1181.04
119.234
1400.16
177.494
896.606
4327.26
361.073
659.487
193.591
847.524
5565.24
2680.61
129.533
70.493
1430.96
117.579
120.642
1747.94
2971.08
799.853
426.428
2603.04
2291.72
1223.92
2566.26
433.015
420.842
762.773
872.173
2547.19
1436.45
830.951
3341.32
2747.65
188.028
3611.89
1765.42
1213.8
2020.31
697.281
717.933
3244.9
5171.2
2908.93
3388.87
4729.43
2227.51
663.712
368.582
4470.29
1129.55
4329.63
537.042
553.046
692.506
5375.33
395.655
9390.68
2585.86
12669.6
624.147
2439.47
3634.63
1325.83
6358.38
482.402
5377.61
6626.9
2311.81
2385.18
3237.26
2878.15
2624.66
157.837
2599.66
3113.76
1579.3
1093.19
4146.49
999.92
602.642
2352.73
1433.25
3296.88
4365.03
69.9138
365.657
793.79
1219.12
5454.37
5399.47
541.271
136.081
596.751
1584.48
2320.48
3626.45
3585.19
3327.35
2997.23
934.657
6933.31
381.368
472.285
3036.74
1139.5
2711.2
5674.33
1872.63
165.261
537.497
5485.18
3028.19
230.642
4322.01
3324.95
1526.41
1076.56
694.15
995.741
236.678
2607.32
1897.72
1242.44
5127.81
850.836
1711.08
1713.51
1793.44
246.497
1952.46
9689.89
2620.05
321.003
101.007
3001.92
4520.51
426.602
390.421
2549.23
1897.3
4462.07
7367.99
803.784
4521.85
1214.36
4001.67
380.722
3961.81
399.797
676.459
1044.88
786.544
2826.5
1486.25
6460.53
2550.57
858.768
3356.42
2186.47
7782.01
2054.48
6605.44
5618.87
602.681
1626.07
1444.15
2967.97
4803.52
1966.42
2101.33
910.474
196.32
2363.3
260.455
3834.24
3366.92
624.444
822.364
1153.37
1414.5
1286.05
1213.97
605.673
5409.33
838.226
757.981
163.035
887.165
762.729
224.86
4280.04
1615.6
4159.06
2486.87
980.804
3930.74
503.68
1830.12
1112.67
199.997
1526.15
2007.57
783.745
4668.44
5051.94
319.257
10590.1
83.3597
690.559
1035.97
1366.11
697.589
522.878
2922.05
863.771
323.626
11135.9
6061.34
860.304
1869.2
5723.13
902.459
1982.24
396.46
6615.04
3643.95
3346.58
1862.33
189.029
1634.59
6805.38
927.486
1676.68
1656.78
4865.02
4898.5
113.728
9021.58
3688.45
836.321
1825.58
1889.31
801.651
2194.97
1655.05
688.234
2813.66
4356.42
2647.36
1516.71
1180.13
174.355
5032.47
597.188
271.826
312.764
1852.2
84.0094
811.916
1303.15
1170.96
1344.52
210.566
1750.31
5677.38
1515.28
1374.51
5609.24
1572.5
3525.99
1295.42
1479.48
3475.27
1801.47
2541.86
2523.96
2615.76
907.216
2578.9
5340.83
947.742
2328.56
2703.09
929.092
1819.76
2315.09
3223.19
1126.22
1330.34
205.955
153.966
523.549
429.98
831.625
4982.64
846.534
3609.4
448.2
2275.97
824.243
1545.23
3869.33
226.225
1583.53
4307.92
4284.1
972.444
3292.3
245.523
1964.36
1844.66
792.297
1041.14
3199.46
371.378
551.173
187.552
1943.67
8627.59
964.374
2698.15
7281.64
2788.92
878.193
704.306
382.672
990.428
1704.84
2314.04
920.25
207.72
7386.94
3772.78
3391.46
405.267
592.833
199.998
816.935
996.811
434.288
2480.4
3713.41
833.536
867.054
1558.5
240.052
959.828
1750.42
3064.94
1265.02
660.12
3401.57
411.332
1617.76
888.668
6125.35
1705.82
349.775
360.16
692.666
2394.93
3469.35
1395.96
5375.44
2114.12
1951.79
2909.68
773.442
1927.88
1663.02
1085.42
798.203
663.755
1673.4
1540.68
406.406
2891.46
1191.85
136.715
1537.97
1626.28
3356.59
367.951
2605.74
1543.79
2010.2
2804.84
7573.29
263.002
276.157
2233.24
3283.1
5414.4
2146.26
607.681
2748.92
2952.88
3945.32
2447.89
3323.68
378.741
2651.29
3119.05
736.891
2650.51
1712.15
892.339
4351.09
4413.36
953.324
2179.56
1996.02
6005.91
1340.01
491.08
301.065
101.497
722.079
1090.79
357.076
202.474
266.385
892.01
4399.8
3755.15
3250
3513.64
371.177
1616.86
306.625
1129.85
813.012
3400.7
2940.43
5290.51
1544.09
132.755
118.468
115.229
3494.55
4334.04
522.092
2954
3721.54
1772.39
374.379
429.711
50.8686
5151.95
3372.91
2534.48
944.474
5803.81
827.222
561.517
913.553
299.603
2328.33
634.051
4096.24
5007.88
103.74
1391.33
225.051
91.7488
267.048
6086.77
3679.27
1197.58
2908.05
2012.35
1711.42
1825.58
2525.32
3032.78
2736.94
577.286
3746.08
2119.89
551.51
2983.25
383.129
2521.33
5483.37
3187.34
275.352
916.417
1370.47
9171.17
2623.66
651.562
11056.9
2513.59
3947.53
65.5172
1145.28
2384.11
2203.79
5744.6
3548.09
108.559
1321.98
850.132
1384.86
1308.23
2428.95
1690.95
1303.52
708.636
3906.99
1077.4
2984.89
1445.82
724.482
2520.63
2375.59
2620.35
1405.66
565.994
124.914
1414.99
6868.06
3558.99
2932.32
625.245
5036.32
2319.58
1109.43
3471.64
541.493
6396.2
3460.7
118.661
340.001
895.11
665.943
1492.93
136.428
1191.37
635.035
7181.92
1031.66
1918.98
2765.99
587.601
629.172
620.866
611.707
2857.48
262.696
667.842
800.527
3664
40.4379
1071.4
8453.33
2701.78
370.673
525.72
1234.18
1019.31
14223.2
630.016
4294.56
155.202
655.19
4573.27
750.398
5573.14
510.561
338.686
3741.67
433.231
2174.31
655.569
3223.78
1410.58
1126.87
2380.32
1368.27
6199.5
261.639
4565.27
6924.16
870.521
911.441
1732.19
660.665
302.909
2504.41
1779
1589.07
445.498
8582.41
3735.24
192.613
107.593
876.083
1649.7
1076.86
1312.27
506.785
2298.83
921.534
2885.82
2584.02
1296.96
603.816
5015.26
187.745
3198.39
136.938
7406.11
1702.36
240.96
6050.88
359.096
1997.71
1345.78
762.836
1648.56
9466.65
1093.58
1659.83
1274.56
309.747
1184.06
2178.01
2883.22
8840.55
5003.35
1130.89
1727.51
4888.34
800.091
405.617
194.485
3713.47
2259.14
7599.2
2318.91
1565.81
1272
8745.25
2411.65
2190.43
185.507
3558.61
401.72
528.312
5123.83
961.232
1678.7
990.377
951.822
889.496
2858.34
371.186
4085.1
6836.93
1994.27
306.432
343.942
133.326
903.353
482.977
452.883
632.253
2377.4
1142.75
734.977
308.525
390.554
1637.11
442.41
4050.03
3320.58
1680.05
380.181
514.61
263.426
273.923
7464.09
3963.53
163.092
1383.9
4176.14
54.1991
2128.29
522.067
4450.91
5869.44
385.452
5749.41
2760.08
1977.02
314.457
2220.45
1978.55
4914.96
1165.77
2846.27
565.293
692.417
1668.07
1750.33
1401.68
178.658
973.953
4434.02
287.249
3021.09
985.846
1405.6
1468.69
317.973
516.658
3057.7
6533.42
4514.93
2665.7
2939.34
307.285
858.441
1049.56
4193.35
1773.68
2069.35
1804.5
457.828
1740.46
11570.4
3837.16
785.985
289.668
1654.69
6607.86
601.769
2468.94
1947.46
8571.24
1779.24
1829.94
396.257
420.662
244.81
1784.53
2191.19
1616.6
4472.52
912.663
207.829
1421.87
915.917
1359.43
330.455
1779.04
2927.76
650.483
1289.95
2022.7
72.5134
1073.94
682.099
3679.05
935.427
1270.5
431.101
4513.55
1824.08
5969.47
1112.52
3725.91
2379.8
3241.96
716.199
786.707
551.897
2105.64
5434.52
625.053
3034.48
2720.25
1103.08
119.993
1653.75
1233.77
297.113
859.83
1906.88
4046.2
498.969
243.55
2218.08
5766.17
2724.96
1050.67
12280.6
577.346
653.618
354.228
98.4391
3532.79
1444.31
3921.89
1132.45
1200.33
7247.7
4276.14
6451.15
1824.35
1235.35
602.662
2259.94
654.332
625.081
6718.4
642.728
1442.05
5553.5
3350.53
293.366
764.208
2751.23
971.314
2906.85
3363.72
1256.15
2553.94
1768.17
72.3925
4234.81
7626.06
1639.53
2838.98
558.168
3169.51
2369.04
556.973
3982.3
3209.44
1447.74
3634.11
2707.85
253.297
2027.66
587.378
403.792
7698.46
404.868
1403.36
3859.77
3962.08
1762.72
115.196
3060.26
348.754
2395.66
202.043
726.977
2550.08
1377.88
1114.48
886.294
8375.72
810.896
265.369
1768.3
504.154
261.693
151.443
2104.29
3504.52
1395.92
2764.49
3680.84
3419.93
1770.79
1726.46
2211.3
2049.7
134.83
514.296
167.969
215.531
6674.09
794.05
1134.19
363.222
2951.59
7504.98
1422.39
119.214
309.275
743.477
4100.87
4651.87
867.35
2407.43
326.823
2765.58
392.243
2319.61
3983.34
7825.41
357.485
1472.31
3313.22
957.506
3184.71
254.445
5659.85
3506.99
1054.56
2818.54
910.753
474.771
754.483
2771.89
5109.53
356.258
1761.93
762.891
530.113
416.805
2117.99
1438.51
1911.61
342.488
845.812
234.659
3592.2
1886.48
3352.37
457.357
402.49
3330.32
3022.69
1014.48
335.123
3128
2391.66
275.836
1018.15
2397.14
4173.2
274.663
1162.11
137.598
3814.76
5817.23
1098.63
1753.18
1202.31
492.117
1558.47
2919.88
4984.35
1915.02
1104.3
5065.17
828.119
344.41
2118.11
83.7919
3968.79
1564.67
3496.24
1003.98
387.47
2352.18
188.228
3819.01
749.253
4660.34
594.701
1354.88
2713.03
3704.71
1264.66
3209.82
483.927
524.883
2137.73
3149.96
2287.76
328.275
1705.48
577.525
1389.62
455.052
617.908
402.94
1641
9386.83
385.308
4444.15
132.597
2090.54
1628.82
3980.62
343.748
1991.55
939.245
3466.9
527.924
103.429
1145.04
246.702
2680.85
935.072
282.303
1505.99
422.405
701.366
3797.74
576.566
11027.1
154.677
3434.11
44.735
812.049
1310.9
120.415
300.562
51.1527
751.831
8147.46
849.78
2205.93
1863.49
643.444
775.927
811.842
900.135
4025.13
317.952
2146.35
842.91
8236.58
770.373
4209.02
1843
1326.97
3785.17
4890.77
2556.19
3933.98
615.616
766.46
620.245
1155.75
371.759
678.453
2527.76
836.441
204.599
2713.26
245.954
5302.34
3312.98
2812.25
2847.6
761.074
583.617
711.829
6168.14
467.903
1380.74
848.698
1794.25
1869.54
1588.05
5397.93
3574.7
1588.58
967.008
2357.77
1634.64
1353.5
3839.6
1709.25
10563.2
814.818
732.807
5103.69
1871.23
4132.61
845.038
1927.92
1138.58
2153.62
7395.42
3535.25
2643.24
968.652
1112.52
1489.99
7410.38
1636.72
5366.78
2623.89
453.908
881.717
359.883
5398.61
1084.51
3641.84
712.126
3100.72
901.02
1679.13
2012.52
3926.58
1030.47
4380.14
2632.47
820.84
2407.88
702.123
1708.84
421.919
1047.29
3227.31
3016.87
4563.95
2295.3
2073.52
2584.78
1251.17
638.105
3776.96
1721.77
852.345
1121.73
2618.2
2538.04
6164.89
985.469
675.846
594.977
606.001
1027.63
1368.02
4540.55
1461.23
1166.88
3127.74
3744.97
2872.44
335.684
74.6961
1035.2
2085.52
4121.59
93.6373
3175.43
3631.4
3252.06
474.93
3411.06
2095.94
8547.11
849.909
1901.88
1293.86
6345.44
250.272
961.725
1284.52
1801.39
1832.4
2455.93
3158.64
1014.82
1357.34
12990.7
7789.51
765.854
1084.11
1808.85
3685.41
74.4744
4962.59
5874
2520.11
3927.38
386.73
7378.02
1168.87
405.226
448.345
836.932
603.705
107.614
2881.58
901.574
971.506
206.527
2793.64
885.542
906.859
2006.51
382.883
1558.86
333.767
884.562
897.165
868.447
169.595
3875.62
2699.23
1533.59
200.784
4558.67
509.482
1333.22
6958.57
1209.07
1420.39
405.032
4941.55
1864.38
2213.36
375.886
1255.6
1913.21
3294.53
2741.91
761.458
2114.38
1268.83
155.453
267.547
349.201
7797.37
545.601
7911.89
1849.25
5409.91
1568.39
4401.76
2426.56
3061.91
4754.85
5682.56
427.247
448.095
568.627
431.223
500.443
2423.69
550.675
573.476
1429.25
107.936
188.109
3351.94
626.196
596.401
2295.66
1221.43
3271.81
1220.72
2825.74
1348.59
1458.12
2254.02
1588.48
2662.87
4009.46
175.192
3180.01
228.562
2095.25
3489.82
1313.53
4058.89
645.957
155.111
3104.16
2278.01
1880.29
5567.15
4391.38
462.319
665.874
808.153
1530.57
1772.7
140.58
5958.99
982.691
610.835
223.766
68.9334
13538.1
323.425
514.069
1195.13
2676.65
2599.28
6155.86
2778.94
1408.72
1562.08
5927.35
6228.23
154.208
1665.86
1484.41
4156.51
1126.68
1769.31
296.265
2306.13
1565.81
4514.49
4332.34
7554.05
1353.17
1903.4
1844.19
335.451
1764.35
1067.1
906.002
1375.97
846.925
2160.28
2677.74
826.493
3967.56
2167.82
1193.27
2822.25
585.565
660.52
1721.26
626.761
2611.47
1543.77
338.236
1434.45
1244.56
265.812
1204.19
1036.43
428.367
1270.77
8485.88
438.161
1476.2
1977.47
1143.03
2342.17
5806.81
435.464
1968.54
4258.54
668.765
782.204
1663.86
139.143
3991.99
3694.04
665.302
3837.46
2104.29
3228.09
3005.88
633.123
8390.67
4889.34
5638.2
835.789
2976.08
1928.77
2133.55
2324.57
1844.92
1141.53
3805.69
578.107
150.833
864.356
1054.86
852.691
139.028
738.429
1281.55
2821.41
3917.03
329.725
210.37
921.832
303.375
2635.02
5581.3
5617.79
857.215
2582.05
4158.31
6878.68
2415.46
2384.35
694.758
718.923
238.934
1810.98
2161.54
5540.69
316.275
1189.6
1351.31
3387.96
2986.34
265.595
475.897
3883.05
4753.72
1037.91
503.55
3920.09
746.716
842.551
236.209
43.3094
4191.73
2415.12
2041.38
3066.83
2818.1
2166.14
3219.02
242.817
2973.04
485.933
4213.14
173.155
747.164
2513.1
349.398
1023.06
6294.75
2077.51
519.833
980.841
978.292
4622.63
7996.84
616.123
419.459
2309.88
360.108
1853.07
991.703
408.443
2493.37
700.8
390.094
804.362
1410.84
5156.98
238.738
440.638
1378.57
5201.69
2613.7
243.627
395.852
238.608
3254.4
1792.61
875.016
787.515
51.2938
4342.05
517.132
1480.24
330.12
49.8314
2124.4
2447.81
3604.88
364.134
2203.91
996.047
1522.52
2731.42
6069.15
9601.28
2150.82
883.136
693.314
1521.39
8049.05
3875.04
1211.14
888.286
1802.92
1266.8
292.229
1358.83
7394.2
659.451
3424.06
128.842
466.82
760.518
4256.51
3546.52
1367.14
1706.84
2050.06
1246.27
504.174
374.985
819.981
1640.53
266.823
687.456
1029.63
203.101
447.166
1860.86
3016.71
2375.06
482.742
1084.19
10542.2
471.584
1208.91
1375.88
2031.44
4503.32
242.968
1496.33
96.1989
1448.63
308.177
2655.34
2367.95
3356.2
1281.26
263.956
2255.39
2157.5
1216.66
2431.11
678.255
2350.27
1644.13
735.315
665.595
2706.79
259.172
2222.5
646.208
1341.76
1017.37
563.336
3736.7
1309.17
3068.74
2139.75
468.26
329.203
6287.65
5742.69
1744.28
442.624
1072.05
2332.92
1956.52
2115.54
38.0899
3114.82
806.088
562.314
1591.08
4673.72
201.994
4809.36
933.025
923.183
2560.62
385.665
1318.47
1617.08
2614.38
3347.51
5655.89
1335.29
7322.44
1599.68
2321.39
4648
1499.89
136.623
875.494
1046.4
598.847
3041.4
3034.95
443.97
60.2271
951.537
1067.81
242.087
172.27
608.996
1179.57
1109.51
218.493
387.814
4664.83
586.718
3939.63
244.739
2168.66
3386.13
2450.51
696.489
2905.71
977.475
1085.42
2036.65
4304.08
1291.24
550.191
1508.41
1213.93
8103.49
1171.25
507.163
1006.3
711.098
2318.76
683.568
669.318
1532.84
3189.57
1543.62
1564.45
14992.3
183.033
84.7113
1392
137.447
297.748
5281.7
138.612
2102.68
324.101
340.095
100.406
218.377
833.364
3315.9
8114.78
2763.97
2846.91
1715.98
4403.61
5907.02
1293.28
2309.74
8771.92
60.6492
1292.3
1524.5
1921.39
2146.16
2751.57
994.398
4408.03
186.411
823.606
1151.01
1317.81
2448.93
1275.79
4550.87
666.464
233.186
3075.51
2087.85
1370.77
225.086
418.882
2726.67
3196.98
1136.91
2398.67
3442.57
224.295
692.85
2033.47
1894.84
295.299
1048.28
4145.97
2724.33
3701.89
7645.01
3984.08
1043.75
1857.86
1260.68
1121.42
224.19
3633.91
1122.31
1228.42
633.607
1493.14
3703.03
1473.43
5168.17
620.274
289.82
5835.65
1728.18
1695.87
5986.53
4546.61
1885.96
82.6426
1216.15
1645.78
102.145
13152.4
3462.94
502.551
514.934
3087.69
2594.71
1873.47
121.184
117.345
2143.4
3271.36
8908.74
1851.93
2060.91
10802.4
420.354
2395.26
2127.12
1645.88
3702.9
2941.02
562.38
1400.74
267.697
331.593
799.922
1753.87
968.365
608.388
5082.9
303.292
6280.23
660.552
627.977
783.475
144.423
2771.76
1057.08
1576.37
35.0103
699.685
530.293
7246.59
7855.23
815.623
1708.58
213.971
1877.61
999.58
1576.33
5880.56
55.891
872.557
2113.84
1949.94
1433.56
3260.86
860.694
1758.6
510.241
1682.33
205.554
192.167
3803.47
3106.47
3991.95
1406.28
172.429
1209.43
1349.45
138.18
1588.95
571.886
76.0249
2128.37
1478.96
3818.12
1047.15
903.558
155.409
5432.9
1585.9
1146.44
1947.69
1097.69
210.818
3412.75
1550.73
753.181
883.806
8024.66
1356.71
5614.06
635.297
2563.3
5751.36
1196.72
6796.53
92.59
207.62
1393.92
479.89
1640.99
5499.7
4052.86
1859.81
2286.75
837.844
2529.49
1054.71
692.92
3899.57
1409.57
2072.02
477.864
1686.84
230.208
7310.91
663.001
1564.92
622.859
252.14
649.74
385.349
178.49
1507.3
112.99
5491.48
1292.06
2182.49
4618.12
167.734
840.718
964.084
1047.51
2132.36
696.659
4593.41
4329.34
1274.15
278.339
651.177
2770.85
952.596
1881.77
1038.34
3518.44
587.722
2399.15
1376.4
2217.5
281.48
277.014
1025.48
334.359
1720.48
1794.4
1374.77
3105.05
898.634
2774.03
1033.4
231.619
1513.54
338.215
796.26
1918.18
567.164
1643.56
8077.76
805.191
4593.34
1491.36
7085.22
2382.55
645.689
2264.84
1876.43
8567.66
1932
764.699
943.367
3590.34
1830.75
355.826
62.4606
2525.07
2495.81
1652.42
6488.26
1298.08
1318.5
339.897
1715.81
997.705
3275.27
2890.93
386.123
309.232
1251.31
325.196
603.171
836.197
2499.94
764.914
5143.47
957.336
551.231
6605.6
1049.57
2250.69
639.394
3311.03
750.671
3855.39
2481.66
1376.46
7015.03
1032.78
1674.63
4107.17
866.741
1323.78
218.058
1390.09
408.26
1047.9
727.759
13234.3
3403.65
1792.48
1715.89
1621.63
4262.57
4369.98
300.566
535.32
667.407
265.754
544.409
1275.6
2136.34
880.838
2872.49
204.343
288.03
585.107
2399.56
1238.31
186.774
2979.08
1407.16
2957.05
521.725
8728.86
5133.44
4176.48
1694.57
1095.01
3445
248.045
62.5507
5161.08
229.487
344.949
2270.55
2408.81
1481.79
6046.19
2378.28
439.082
3565.45
1956.11
184.77
328.725
6270.84
1555.48
2193.7
3074.46
6083.32
1194.65
469.996
1067.89
142.653
317.825
578.371
695.873
2107.96
3004.65
4149.67
670.136
741.358
645.819
1522.63
2382.67
847.117
2495.92
1454.54
2854.43
568.924
631.229
1817.78
13947.9
2109.62
4302.95
1919.91
1639.02
496.609
2286.21
7247.34
1405.02
2095.46
1247.33
2520.37
115.224
3978.92
125.266
3085.38
3564.74
2235.09
2142.9
1964.27
4912.56
1530.92
2803.05
1698.07
1360.66
1029.24
309.619
6129.39
3279.13
1839.54
3902.12
6789.31
979.699
560.907
5437.02
500.557
4084.01
872.181
1511.24
6519.02
114.267
2299.13
2468.23
874.501
186.225
3377.83
1939.91
1872.68
1006.77
418.239
257.997
1292.41
734.021
4666.38
2109.88
1017.2
1043.61
1724.77
884.943
1829.59
3645.46
2542.5
2259.68
1613.42
6038.47
93.4321
316.439
1522.96
678.79
8869.06
2192.71
240.884
294.645
2535.07
4186.36
1230.55
3821.69
948.984
5600.99
2131.95
1530.89
1758.06
5061.19
308.563
2698.58
5889.64
739.952
1620.94
3585.84
827.405
826.877
4996.15
4786.95
440.223
4097.26
994.23
3193.71
4260.81
639.772
107.05
318.988
3083.59
1256.61
2789.24
3593.26
2003.87
791.129
5126.19
1074.21
793.016
1300.4
250.144
3034.62
4136.82
5038.84
971.909
213.006
1936.71
4706.94
1616.23
1125.67
4853.11
1834.98
360.743
8746.72
1301.81
2933.63
1911.45
1395.52
1356.62
59.9414
4461.04
7402.22
341.926
445.022
315.61
3155.16
1033.86
1584.5
2962.86
4335.72
478.262
724.094
5529.35
3783.23
879.067
3473.11
57.8592
4005.99
1810.68
612.452
1061.96
595.071
605.113
846.004
1222.34
415.173
948.09
2372.72
1898.01
1066.59
2812.02
622.462
641.941
1172.55
259.164
3076.45
11702.1
572.037
1953.49
1203.93
2206.65
2900.12
1471.76
4466.48
4409.34
609.255
108.897
6728.23
4100.16
264.921
2105.81
2040.25
2609.22
1575.48
276.128
44.4925
4850.5
2384.96
228.234
1919.47
76.2924
1056.25
1655.96
1201.93
1702.85
401.821
850.088
1733.42
786.18
3316.37
476.47
444.703
355.415
2431.91
1475.27
1415.61
262.337
439.853
3757.25
478.984
560.644
1832.51
312.852
812.825
2244.37
888.396
139.773
499.389
2053.42
3357.89
234.199
53.3525
175.494
3485.4
4065.65
3918.43
2906.23
499.083
789.713
1231.47
2443.32
346.998
1970.6
2895.84
1992.83
1665.59
302.382
163.74
1397.8
237.076
849.867
679.313
2738.69
956.989
3605.69
94.206
1006.73
3137.28
6369.69
2709.4
976.09
4504.03
453.859
506.87
2675.76
1747.22
214.311
725.574
43.372
317.701
1156.46
722.508
1190.7
3985.46
6515.15
779.245
1422.1
328.184
13062.2
2190.42
575.603
769.009
659.227
303.115
975.442
10047.8
2422.84
70.9109
1442.99
6831.07
5843.19
1268.17
2392.15
595.68
5585.51
817.42
3626.03
5880.17
372.806
870.096
4971.43
870.456
2599.06
7599.43
1170.9
1642.69
1002.33
2744.49
736.619
719.26
179.439
318.6
1084.75
2043.27
201.606
873.326
536.128
280.049
351.495
2278.23
597.269
1498.73
2094.11
921.463
2006.72
3975.92
768.728
266.526
241.586
1761.19
1960.47
9500.55
9085.21
1369.39
1852.81
1981.1
3309.33
362.378
6695.88
848.778
3863.49
919.165
991.332
393.903
1337.36
988.209
2747.73
5942.38
3971.56
2744.81
4781
3991.96
512.763
2687.62
2085.36
1314.88
2864.01
270.459
7583.44
273.863
194.814
1036.88
1240.5
878.58
702.202
139.259
1801.99
1704.12
6786.24
573.41
238.122
2228.61
697.569
534.37
1775.34
1551.5
2019.2
206.163
630.251
423.453
840.163
2845.49
2989.32
96.2996
527.157
851.548
5131.44
198.96
4569.06
959.776
936.431
8060.04
4145.71
4485.18
3588.32
103.645
527.499
810.539
860.935
5227.46
256.957
1860.14
3777.33
900.124
1631.49
1176.95
1184.94
483.962
628.454
13189.6
1045.4
3661.03
267.261
1311.98
224.043
283.442
2899.58
811.966
4646.94
655.01
3069.16
1386.3
1688.53
595.128
1258.99
1115.52
246.837
809.606
3333
1797.71
587.139
1591.99
1317.54
951.787
3893.03
2067.41
854.486
82.507
2287.05
240.195
6443.1
791.138
338.514
399.823
856.752
520.513
3117.86
3938.17
609.574
1654.72
827.713
1087.79
3820.69
4993.36
1211.89
118.508
2922.63
3658.83
327.146
3813.34
449.736
3258.16
1851.2
4417.87
771.145
425.57
1194.55
1273.27
1359.22
364.942
1385.41
7075.95
635.13
4354.12
3135.71
2053.6
730.401
836.138
1436.81
344.894
962.81
1965.32
2978.6
774.898
1737.31
1477.69
953.788
47.3763
3850.01
2508.53
3750.79
4659.77
1730.89
476.536
977.558
6864.17
1751.46
2262.59
358.728
1233.89
3061.15
868.378
1172.53
1549.33
969.21
454.628
538.629
2054.34
269.908
1725.01
513.198
14716.1
1005.47
789.93
1077.65
200.583
838.312
1912.15
878.03
155.205
780.224
3086.39
2684.29
62.3182
1927.61
620.948
1419.66
5205.9
739.228
605.026
2440.77
5229.44
2067.46
8980.1
3870.36
139.473
1478.09
1127.91
3167.81
204.767
1352.17
221.667
1562.33
660.422
595.304
3513.61
97.6061
1817.26
135.434
100.38
797.651
1467.36
42.8921
461.457
2617.91
6044.31
2968.14
1683.99
3728.96
868.373
1814.67
2942.98
3369.94
2742.47
361.084
1914.37
1554.24
1112.48
2769.74
1631.1
2822.13
1728.49
7191.49
289.491
1210.58
990.281
1268.45
406.625
7367.75
9194.6
61.0257
334.364
1313.12
142.626
1482.2
1518.41
2398.59
272.993
935.872
791.32
800.954
1674.9
1764.19
2692.82
2827.49
1673.07
1598.5
2382.59
354.558
123.225
2785.48
3376.65
2013.39
1299.71
1536.4
696.221
2520.59
3759.64
2392.18
537.73
479.228
2332.28
229.498
1055.42
798.498
1492.16
3643.04
614.671
2975.51
4482.79
378.874
806.847
4636.76
1029.33
443.718
1578
2526.07
853.768
1714.88
1295.81
2604.78
1092.56
3839.11
194.725
704
3908.83
6337.07
3574.89
1465.23
669.443
2927.46
2753.26
1460.56
2348.43
1313.03
369.107
1375.65
605.45
2145.94
2408.06
548.487
1267.63
491.514
670.958
228.485
5149.73
527.449
982.704
437.463
1851.58
6144.93
1322.29
152.004
697.387
402.299
321.032
596.258
4797.41
1895.76
70.8483
992.575
4182.01
763.1
1307.5
3609.02
3246.56
1241.92
891.355
901.985
1524.04
4299.52
4809.45
1669.93
1262.85
934.337
689.78
1767.8
399.682
229.531
3122.48
1468.2
1575.69
899.27
2145.63
2023.02
597.87
1436.59
1648.87
1395.21
938.62
239.143
883.851
774.068
3817.95
2771.91
924.482
626.953
1065.94
509.459
1545.72
4801.28
2123.5
2780.81
2273.45
3205.18
4930.83
95.1625
1376.79
2684.39
423.26
1474.6
4167.49
163.772
1122.82
3317.17
557.493
2036.61
992.338
2277.13
112.253
91.4472
2731.49
323.638
416.358
841.624
3714.14
1492.83
1300.4
1572.45
9002.09
3147.53
1755.31
3431.98
3961.41
2933.19
6239.49
796.559
7926.44
284.365
855.723
1348.03
1065.36
673.212
2061.31
2195.27
1207.63
3196.31
453.892
5739.67
5205.5
727.34
674.008
2731.36
354.761
2786.95
725.407
2330.7
5158.99
1102.54
5831.12
559.088
965.106
2853.76
2015.75
96.1543
4247.69
1082.36
192.087
2376.22
5872.43
786.908
2220.3
4529.99
8609.94
3592.04
1377.63
90.4352
1016.98
1074.07
1233.21
1770.27
57.2218
2292.83
103.931
3945.66
2071.45
3179.07
3295.15
131.073
3057.01
1409.18
1317.65
4844.92
2521.17
1012.2
2680.29
933.453
3428.33
4618.25
1592.24
4538.91
1491.19
282.614
2446.34
6424.22
2873.32
2592.76
2372.49
4328.6
802.895
615.733
66.878
2248.13
900.98
3353.17
1093.35
4965.08
5184.4
282.532
1460.37
1512.12
351.75
1095.38
2356.45
6138.01
5248.92
1354.63
5973.28
3809.87
2752.19
3536
3686.7
10338.1
5180.16
1619.09
3800.7
4541.56
4467.58
967.254
1747.31
4074.22
5279.18
1786.26
1257.11
1743.42
1140.44
1128.09
1253.35
416.848
6038.46
1782.98
851.405
944.355
711.749
744.962
152.945
2379.14
303.248
804.12
3297.4
5543.5
596.578
1452.99
772.118
1433.02
1981.6
849.35
87.193
3001.5
2426.41
118.872
6826.77
3896.9
354.82
1750.92
1275.75
1587.74
3448.05
3662.95
821.1
1792
1374.39
1692.3
2200.34
431.051
217.14
158.023
2585
2009.31
440.989
3976.89
1937.43
2121.9
3747.31
5995.57
3292.41
919.751
490.873
1795.04
2743.43
2936.2
1176.41
3111.77
470.938
706.995
445.125
614.518
77.2162
803.624
366.88
1471.95
4338.63
2609.36
2265.13
1295.13
2100.15
3362.03
6532.1
2391.62
3550.1
1565.9
1313.76
704.654
915.053
368.91
3454.85
984.624
1752.98
915.833
1392.81
2004.79
3367.16
5956.61
2663.3
3231.82
231.232
1620.64
436.924
2035.42
317.742
263.469
2348.92
856.956
2535.9
2388.1
2484.8
3159.14
5383.08
1626.7
1194.85
1318.28
332.757
1826.37
918.388
150.996
3856.08
615.312
995.801
2070.12
13632
394.067
3646.34
139.314
313.187
1403.87
366.458
4053.53
252.546
198.296
4596.67
2875.49
1464.67
2200.56
3370.86
163.771
236.068
748.804
3020.4
252.214
575.36
1378.67
580.079
734.613
960.856
4441.67
1560.65
2848.74
570.175
947.033
566.845
1340.73
2395.07
431.164
606.051
1107.15
1610.86
5656.52
5101.44
2991.85
1768.63
2683.9
2725.04
1542.54
8410.33
766.279
461.458
105.34
277.419
919.429
584.304
294.953
108.734
905.854
3659.3
1259.59
68.4538
2178.06
2142.06
2188.54
133.016
239.217
2832.54
760.044
1077.87
1815.33
109.697
125.15
3004.02
6472.19
330.781
1766.08
383.415
3911.25
159.891
199.767
358.06
2041.6
2283.41
924.228
5157.49
540.878
3085.16
7476.71
2677.83
1130.77
507.517
1210.14
855.736
3478.65
2101.78
2770.39
4745.86
813.623
14037.6
552.415
1809.01
6944.55
2394.18
1344.67
313.701
4535.33
751.434
10503.1
785.835
328.544
835.338
1364.29
941.049
2686.58
262.882
641.803
8574.37
2201.74
1062.88
2714.49
1893.35
4467.38
2645.1
207.407
1310.51
641.665
883.008
374.563
1138.55
1511.87
137.791
4700.81
197.857
3002.28
1348.9
1603.85
1350.92
3225.71
2629.99
444.752
159.141
4365.45
2093.1
552.055
762.477
649.387
4392.57
645.896
5903.11
98.3824
1405.75
4734.52
3379.63
6995.57
1331.85
4366.37
301.906
2430.88
636.679
3130.79
1138.79
457.6
1627.69
1155.06
1059.89
270.936
822.18
2932.34
4723.96
984.356
1457.25
171.516
796.778
2229.95
952.379
176.791
566.671
4532.87
1263.84
5723.66
4548.6
826.251
584.654
3711.06
1414.08
217.205
6809.51
642.062
591.686
1778.85
2245.71
292.286
5619.06
748.03
571.838
347.474
3968.06
2217.42
1154.28
3352.7
2149.57
484.574
6160.7
2368.66
2099.78
3170.42
6289.5
1695.1
384.603
3987.45
1018.95
3527.88
3196.45
7386.2
1574.91
174.217
1124.13
105.394
6674.77
994.266
6449.38
3969.08
1114.86
6270.25
3321.83
549.995
278.53
4894.7
134.727
1639.14
548.397
3529.73
305.625
1131.58
219.624
2122.61
743.215
699.512
916.159
292.83
111.209
1288.11
1455.88
5005.51
607.637
795.947
3528.89
410.769
5598.54
415.451
195.999
1473.29
53.9015
731.588
3527.57
1167.13
5214.91
3649.31
2857.57
776.563
1754.37
121.789
4047.06
1566.8
2266.91
4566.46
754.55
616.162
9295.32
1047.96
1497.06
2151.63
1768.24
799.638
3763.02
4121.68
987.415
201.15
5709.49
949.457
2871.48
1673.19
463.982
814.114
790.597
198.603
4743.02
7936.6
392.069
1874.46
1559.42
2175.74
455.817
203.193
2257.69
2585.89
2866.46
1882.86
5008.09
1087.85
4102.74
3429.34
1014.71
724.664
1849.68
732.042
2063.79
882.139
7544.1
4068.56
367.072
494.118
3673.7
1728.89
3894.69
8520.99
2017.92
301.825
1795.78
583.415
12113.1
1972.46
5272.02
150.696
6706.12
457.54
1364.08
2090.79
2319.5
4353.91
435.015
790.811
407.967
3165.82
1463.39
2731.22
1418.69
398.18
4156.47
155.893
1454.61
4641.06
593.541
797.812
188.003
2011.27
1335.96
273.847
8440.17
2966.76
1942.42
2080.36
2478.98
5827.27
1066.52
783.63
134.98
902.691
400.963
856.84
562.615
2725.13
2484.61
438.471
992.129
5106.41
2236.58
944.387
2509.48
356.461
3675.61
1913.43
565.791
2274.23
764.553
2708.51
378.785
207.524
1232.75
533.091
3537.87
533.802
434.367
1204.1
823.238
211.722
303.226
290.321
5900.72
848.719
2591.78
8017.1
2349.07
975.096
235.54
932.533
660.519
723.892
10546.9
396.301
7278.13
1400.99
709.956
2777.56
1587.75
1652.27
10511.8
2900.74
2715.33
868.126
509.286
928.823
339.115
1121.47
1935.03
1305.96
2555.45
9493.29
847.017
1091.32
10093.5
299.091
4364.51
1897.48
3332.25
4922.47
4938.11
1155.69
523.356
2478.89
2856.19
676.653
1057.9
665.851
846.465
4894.74
3149.71
248.337
116.644
1787.8
1745.27
1431.73
4723.89
1425.37
1507.47
3330.14
691.734
188.817
4154.45
4384.83
410.954
220.529
2270.68
421.052
5133.04
383.706
183.198
199.526
1103.75
5653.24
1369.37
5268.71
1295.64
1629.63
2930.42
973.955
1721.9
3787.02
140.916
591.148
3787.55
4842.68
2190.29
4073.53
2604.92
1988.99
2047.34
2301.62
9324.84
1360.56
714.093
1100.72
2752.04
1504.09
322.687
5139.41
929.468
1450.73
1150.92
1734.18
1403.4
423.022
4956.2
277.812
5291.91
3933.67
496.03
1095.5
2960.47
1192.87
1159.51
1678.61
2134.09
1613.4
161.441
974.556
1570.97
3068.37
626.383
2402.58
654.884
1197.16
1521.43
3596.44
4124.25
434.498
3555.08
1734.85
2685.56
3264.14
5802.57
1645.89
2081.58
3523.05
429.627
1163.96
4323.16
430.786
1144.82
4036.35
1254.49
806.86
3056.91
390.756
216.722
1266.32
8437.97
6250.75
690.622
3480.78
1722.51
492.133
1913.85
995.909
382.737
1978.82
215.535
1553.23
3204.37
434.094
2167.82
4215.11
968.738
1967.73
3293.33
2708.28
2681.19
1509.96
530.587
729.32
1337.69
8454.7
1191.28
366.08
1739.53
1752.3
262.543
2398.52
1309.78
2551.59
136.657
6150.25
1011.16
1808.11
165.218
772.349
490.566
555.308
488.533
2936.45
3883.03
1005.43
1403.02
5169.96
1638.4
76.652
1531.09
3071.08
2538.55
2134.44
1620.27
3347.28
3260.14
562.714
1740.88
1931.99
1245.17
1712.01
6368.24
1351.58
437.089
3299.3
3334.4
1441.17
4009.91
1729.15
506.379
450.596
300.597
8283.24
4841.17
866.113
7705.02
679.221
5452.82
1608.07
4286.07
1947.22
419.136
1155.11
2577.29
1068.1
6000.1
494.358
2327.28
1296.84
1040.49
2015.52
394.812
125.913
2870.3
737.236
2830.88
227.255
3378.67
1678.35
1554
7551.04
402.934
3529.57
931.761
1033.46
1875.13
1075.38
67.5809
1531.58
419.204
1393.27
2903.49
1410.58
14427.2
1300.83
1904.58
1010.72
572.566
1559.56
4035.04
4066.7
366.822
600.608
1181.97
1081.73
3014.74
1285.36
2954.2
788.275
1934.73
177.373
2154.81
5573.21
4769.31
286.817
2666.99
4903.46
5554.48
807.877
2699.88
198.392
3673.01
3649.15
2739.32
55.2059
872.533
3545.63
533.283
3525.76
1218.68
1323.19
4557.77
196.227
1563.67
4165.83
15944.4
5535.99
4452.04
2250
2470.49
1334.72
2631.27
5663.45
3437.88
2151.69
921.189
843.119
397.391
3394
4037.65
734.951
860.115
918.987
60.5893
2161.01
3097.07
716.71
1657.93
135.242
3905.17
1063.84
4339.78
578.214
840.314
138.91
150.017
1944.73
904.583
67.8728
3214.02
3431.59
2555.4
3009.91
3287.89
1098.66
1852.44
772.017
333.059
1039.78
1630.21
2760.36
2507.97
902.064
2772.02
1037.47
2243.48
1642.55
1330.81
2800.95
500.808
5023.42
3486.26
1280.03
1819.65
141.056
2530.35
195.71
796.162
3339.76
1596.44
83.1901
421.911
793.448
8002.24
3073.62
1664.35
4228.49
209.729
518.513
2417.35
2230.06
1381.7
612.625
859.83
244.406
2986.91
340.304
5560.05
2587.69
189.301
1390.58
1678.39
1155.16
1757.9
3971.69
1429.26
2742.75
228.011
4215.72
2720.18
3231.53
1695.56
2393.55
1213.05
232.309
1133.49
3591.78
511.903
3255.31
3821.42
4273.18
624.466
8693.87
1622.19
3494.86
1547.98
2620.24
3853.58
468.419
3488.02
4393.66
1755.53
1631.1
363.373
146.551
3467.47
3706.97
320.817
2959.67
923.03
1837.79
1077.82
1170.81
518.966
1717.03
1037.93
82.2011
5881.09
168.783
208.693
4009.91
1187.77
2822.17
1434.03
1485.98
200.765
1892.69
5826.89
546.454
1066.43
271.556
988.709
2391.99
2088.2
551.893
971.333
6453.01
1695.42
1199.51
4738.35
5033.11
1039.93
8577.07
2580.27
1020.58
5251.1
6175.07
1121.99
1445.75
6824.95
2816.65
2350.39
1769.47
533.709
2545.07
1510.33
69.1651
1349.62
434.172
781.296
1965.34
1341.99
892.528
524.099
1232.22
2170.66
495.316
1530.52
8587.39
3222.16
554.213
2943.29
1366.95
68.2434
1699.45
2655.17
337.66
3809.36
2638.87
1868.68
2513.31
1882.13
1269.31
2633.32
538.625
4367.08
1247.75
843.275
2381.74
274.197
771.869
2177.7
3641.84
273.864
1671.75
4037.27
3468.85
1100.07
8176.26
1987.3
2746.65
1662.07
3318.55
7781.82
1951.97
1919.35
920.648
1021.33
173.147
4380.18
2223.2
3467.12
16982.6
2574.16
1949.97
1975.6
2848.53
4996.07
1180.72
3373.42
282.779
5638.51
696.183
2154.48
2206.82
1114.55
9473.89
3315.15
188.755
3339.58
1392.67
936.486
1008.81
4705.73
6093.92
1298.52
1384.58
454.464
2255.52
646.129
1281.91
3577.32
491.702
1027.16
1007.69
1008.29
840.825
545.276
42.557
5931.66
2161.46
2259.97
101.161
3364.98
1946.16
2231.08
919.184
6658.86
284.325
737.321
680.245
161.695
844.659
2271.26
1293.64
732.361
411.575
2178.92
1642.4
1439.04
1130.21
4345.91
760.425
569.463
1429.61
332.993
2410.78
200.605
356.435
1721.94
4813.27
1179.1
7560.05
464.337
2396.14
3588.41
210.542
1673.35
1596.98
3336.35
82.4702
341.154
2573.86
2215.78
2395.66
1939.26
957.741
507.882
2989.92
1615.8
372.121
5839.67
1906.56
206.788
5844.2
656.636
2720.56
1720.91
2659
182.919
2990.04
1758.92
3544.27
1892.06
2583.17
852.461
6339.96
1471.92
892.785
246.361
229.644
802.559
417.605
573.724
219.695
140.465
263.774
3462.84
2631.47
3314.65
4358.68
425.948
1511.51
751.768
232.002
3013.2
640.11
2327.15
1784.11
995.818
4561.62
5663.51
1460.49
1682.12
6211.38
329.298
164.676
642.822
3366.33
2393.4
389.726
1391.16
6266.69
2419.49
778.122
326.281
867.226
892.174
707.25
545.366
1576.99
952.438
5943.24
2277.27
668.68
735.186
990.718
2886.46
1491.75
2471.06
3984.8
2924.97
842.63
1093.58
755.336
6391.83
814.148
5151.09
308.197
1244.17
330.273
1317.04
2414.72
2351.45
940.965
1510.8
1450.87
417.404
2433.51
6824.61
452.296
383.284
1282.07
258.926
947.208
523.88
2079.01
874.719
3022.7
1736.93
4182.71
6262.41
888.351
429.243
4217.13
803.162
1606.77
2921.88
2217.57
301.853
46.0466
1646.22
650.316
374.06
1121.2
1395.41
911.169
536.482
2113.71
2731.48
5730.61
1025.22
511.3
3031.04
1575.39
3770.56
2360.7
2898.06
1447.66
3371.36
117.229
396.045
7911.61
4892.19
7859.08
747.897
60.5394
660.598
2461.62
3568.81
2520.93
363.505
2688.25
1290.05
2307.12
1106.92
2143.94
794.693
676.554
916.637
2884.99
4615.84
5388.32
601.404
2286.57
108.977
2614.75
611.933
10560.6
2054.03
1379.13
1189.62
357.389
3599.04
2567.68
3803.06
829.259
3050.01
2875.85
1379.8
705.853
308.494
1871.19
3667.83
342.044
1607.86
1442.83
1306.37
2047.11
302.501
535.061
1303.67
2949.24
421
1701.36
2911.46
2151.02
1287.07
284.727
320.718
646.665
788.823
714.345
1070.38
1073.49
1118.67
2124.53
360.724
2385.86
1814.96
480.548
254.221
442.337
8466.58
1534.32
4653.5
2118.6
2889.39
1454.84
3035.21
3505.22
2132.68
85.4597
743.062
3625.36
2520.21
305.992
1938.27
5078.11
2255.57
431.004
1109.57
343.561
1359.11
955.843
1754.04
450.164
3186.4
1251.44
2638.98
1287.12
8178.43
4011.9
6418.4
787.1
2852.85
3813.59
1032.19
9372.25
3119.1
10598.5
1775.46
412.211
1660.9
2066.5
715.286
3293.39
975.117
3883.4
3644.95
897.906
851.079
2032.29
450.502
2156.66
1926.25
38.5673
1652.1
1433.62
2430.31
428.628
1248.79
2149.89
2899.66
1446.04
1067.23
746.423
198.291
2880.22
1457.56
2397.08
8945.83
793.119
538.196
1307.35
3645.21
2608.34
2580.96
4325.65
4430.24
1155.02
1118.98
1862.86
465.421
1429.79
1345.93
864.121
4913.96
557.606
1138.63
361.821
2877.51
72.5568
2667.52
4146.76
1107.55
1220.33
4418.82
1876.19
3056.79
6996.65
1203.7
9646.99
3686.92
1412.41
3116.5
1754.94
958.249
2854.89
2523.63
849.019
927.049
1135.89
5108.78
470.365
11735.9
3996.73
2886.64
2415.33
2642.03
2669.38
629.165
2981.15
2570.92
213.537
3044.26
541.722
1693.19
8680.96
164.488
775.531
3910.66
5332.86
1651.77
5157.57
212.227
458.904
1104.15
3341.6
76.7939
859.319
1554.3
451.044
212.384
1894.42
73.956
6312.38
1454.4
962.339
175.698
4267.38
205.506
1437.05
341.275
2201.61
1198.16
1752.32
1188.19
1282.58
4446.65
1532.47
4873.41
1746.62
3531.02
1007.4
2233.22
5848.52
322.082
174.681
2855.6
209.538
4000.23
317.308
2352.61
483.214
1209.65
3866.54
2571.69
1277.08
342.084
247.855
426.577
2785.83
4335.3
3358.58
1633.14
2380.3
1682.78
3423.35
2068.57
5715.66
162.489
688.533
2829.14
674.151
4905
2552.98
269.943
1859.95
2422.85
647.156
679.854
737.303
3970.77
768.625
2411.9
296.156
1453.26
333.26
3308.55
835.505
257.567
2242.65
943.615
4739.54
2637.23
4681.62
3491.79
776.567
5917.85
893.117
1243.55
7272.1
2769.66
2205.91
2914.79
1665.45
270.93
330.726
1374.44
2488.45
1873.36
200.709
1439.33
1833.66
6463.92
1028.65
430.011
3586.86
2145.88
1782.25
4057.98