419.884
562.62
88.428
661.276
195.866
106.543
33.5654
139.967
55.6684
98.7982
1002.24
628.255
1084.26
194.541
110.098
158.277
267.353
575.129
834.286
1887.93
409.754
46.5566
392.099
416.44
314.443
322.09
533.111
155.717
116.716
746.29
645.553
295.911
528.434
330.172
359.888
497.597
365.133
182.104
64.3604
215.223
73.0885
84.6192
276.686
149.971
102.856
82.7336
369.115
109.345
799.483
323.877
163.311
420.708
679.276
616.397
163.863
187.018
128.958
246.244
699.94
185.449
227.086
98.3928
470.789
250.749
681.643
177.57
330.43
580.484
83.7021
160.946
694.908
293.939
192.214
120.654
86.7882
82.3119
112.083
163.535
214.833
428.835
212.486
386.863
491.432
627.743
93.2671
254.659
55.4753
597.486
88.7195
72.3224
83.8122
201.697
630.941
571.311
245.073
253.832
248.164
174.142
688.384
314.57
150.756
184.771
141.235
82.8605
112.992
298.216
193.55
98.7202
193.24
153.851
311.547
281.046
225.112
116.451
428.92
50.5841
247.676
89.0596
130.988
501.974
68.7631
490.45
604.067
128.099
150.537
34.4348
75.3462
561.27
93.8279
238.739
68.5027
141.081
173.964
370.154
287.001
185.699
164.818
585.369
133.704
94.9842
667.607
616.228
145.495
132.727
176.78
297.295
461.264
425.74
173.9
98.0951
411.628
355.542
339.064
213.967
40.3741
153.803
220.669
168.465
167.146
167.14
365.11
317.952
40.3434
72.4671
76.9952
49.8807
75.3276
82.9558
148.787
335.316
139.338
47.4965
75.7999
634.851
378.937
797.78
432.23
288.755
187.653
394.633
307.756
130.989
177.727
187.27
150.418
106.918
228.461
133.256
82.8457
178.828
83.1183
339.486
110.792
573.226
520.133
863.031
173.977
459.521
415.211
224.78
134.14
559.725
492.155
36.4704
526.289
240.267
115.014
493.51
498.871
432.795
791.376
128.994
156.508
387.141
412.514
555.63
162.975
194.228
78.9689
53.8628
240.024
697.966
194.679
207.105
386.978
265.93
67.6966
211.299
289.701
80.9368
202.851
678.893
121.358
406.167
167.943
319.048
688.164
135.112
646.415
263.612
223.916
316.598
166.03
285.56
643.12
98.1124
626.284
368.549
275.282
540.838
421.475
86.3774
70.5999
46.4515
139.989
1099.52
324.475
581.391
153.996
662.644
162.99
35.3598
307.748
72.2283
169.34
84.2976
229.124
505.291
467.82
206.974
162.601
355.731
671.853
251.475
255.953
281.109
244.592
218.923
598.741
500.8
851.379
77.7308
113.508
278.142
116.957
144.058
563.012
235.035
319.061
243.938
73.8987
64.6832
483.269
430.423
222.641
36.3948
94.7694
87.4252
447.393
341.779
71.6981
278.186
116.028
136.088
81.3263
733.523
80.438
229.803
334.857
344.4
345.646
62.9876
223.669
94.4625
61.518
532.167
119.7
292.918
174.082
353.44
292.677
127.862
103.111
268.971
390.691
316.645
567.587
212.184
240.171
279.092
139.057
148.743
48.1051
321.915
353.588
312.845
541.163
446.898
238.353
45.3335
407.476
530.343
425.279
815.001
1102.22
108.852
83.9895
296.752
320.58
442.508
256.511
70.8593
200.925
119.458
230.979
173.889
74.2252
51.5857
178.791
178.499
359.979
446.654
373.254
328.11
137.911
49.0669
168.115
633.22
179.038
91.1652
348.646
1367.2
607.813
60.8705
112.336
592.575
152.297
96.5004
98.8722
115.332
606.172
541.094
77.9629
207.262
68.2656
148.457
1044.13
192.801
120.459
521.257
148.362
117.889
346.406
70.1819
317.823
117.488
148.419
396.863
235.666
303.589
282.605
249.95
364.347
514.604
123.278
189.183
160.827
376.096
756.389
260.674
110.286
399.586
258.257
204.849
220.081
86.3804
99.5957
639.384
500.687
88.3616
166.084
87.7227
149.377
225.746
601.814
984.977
103.66
572.958
145.349
279.491
40.6768
274.248
155.326
122.188
238.619
154.726
162.835
79.1185
226.269
278.275
379.305
150.106
425.449
291.816
128.96
237.633
151.65
949.941
294.884
696.993
165.468
128.063
208.61
486.203
410.909
424.783
299.173
102.863
149.486
198.637
164.555
242.77
340.784
346.484
82.9433
322.024
309.755
296.853
275.055
242.156
996.712
1047.69
168.079
185.009
85.2792
641.695
143.952
232.764
192.344
402.953
213.938
135.364
192.012
186.557
81.3133
184.904
136.573
385.676
276.718
142.176
242.708
172.588
134.628
96.3034
494.664
642.573
110.746
583.818
89.3339
241.113
372.422
1013.9
154.961
215.806
67.5198
92.3817
579.046
181.011
92.9006
84.3848
279.411
326.081
164.664
178.822
393.795
135.46
223.144
270.675
71.4492
368.024
141.295
742.52
179.062
156.984
449.473
90.9192
66.7199
48.9117
131.243
388.846
1173.43
332.247
318.131
213.623
130.997
237.084
444.769
198.945
76.1403
124.649
199.051
213.247
505.166
766.718
407.604
412.378
136.223
119.743
120.758
509.043
268.406
467.326
267.446
438.781
150.972
91.1148
284.057
57.5739
35.513
134.164
569.417
329.731
273.367
292.853
102.597
117.527
414.148
223.529
138.517
857.832
93.2919
597.542
86.1671
196.393
79.7495
181.375
513.997
210.989
112.553
376.347
59.6784
396.91
97.716
184.467
98.6299
142.192
527.372
144.553
58.4048
208.943
419.283
541.408
71.3565
176.89
105.68
181.753
325.703
669.321
447.343
120.695
260.637
172.632
93.1996
151.823
86.5282
734.12
312.676
100.542
271.04
126.22
151.903
424.981
123.633
706.37
326.931
224.59
350.993
279.242
144.277
93.5528
290.676
81.4165
558.439
170.672
63.3695
454.397
395.074
815.997
96.0131
75.7925
409.984
218.079
30.6741
271.075
352.338
101.326
623.629
359.027
196.601
54.6372
191.458
435.281
234.912
327.16
153.737
146.846
91.0312
241.148
180.91
136.632
67.2304
292.365
51.9818
387.362
188.946
652.582
221.953
93.5403
213.264
219.839
147.92
235.1
246.192
448.122
237.951
92.4847
199.678
240.478
331.931
269.368
231.925
166.592
275.657
246.493
446.195
436.807
176.412
261.072
175.323
45.955
153.915
232.328
801.061
210.206
335.931
574.995
210.265
98.7559
176.452
75.6638
213.179
41.5847
77.051
176.893
152.833
370.78
226.656
348.955
126.272
440.35
91.9803
86.4013
301.94
167.234
390.059
1266.3
380.464
415.008
358.965
417.607
545.86
343.223
270.33
246.623
173.796
229.166
268.909
728.44
111.949
213.489
73.7369
341.552
52.6026
250.679
349.482
503.778
247.566
188.468
121.987
220.079
79.5386
160.736
360.923
177.213
78.276
540.87
73.1571
96.9435
109.608
603.305
182.34
465.867
107.934
274.467
360.165
422.916
49.8144
389.393
991.394
487.454
102.272
537.293
288.552
129.266
427.819
234.903
532.544
77.3824
171.497
161.939
230.436
148.07
73.1749
369.024
869.449
110.804
69.7134
274.048
565.676
184.602
532.395
252.588
318.158
560.306
269.887
76.6204
334.527
130.772
515.431
82.8652
233.041
997.433
314.447
258.378
105.555
168.079
314.931
117.732
266.275
186.011
70.852
221.828
1022.73
328.356
226.911
1281.57
649.209
232.227
560.832
141.459
601.739
506.023
280.802
52.2597
303.875
64.7348
65.6229
240.312
582.131
83.5176
154.147
284.849
933.983
336.058
93.3245
134.904
228.674
247.805
143.922
224.372
262.096
475.981
59.5906
89.4384
154.894
197.263
366.42
613.817
238.096
57.1457
347.939
507.109
141.138
245.827
540.264
196.015
469.198
109.713
124.215
733.723
605.37
585.955
534.086
927.331
82.4825
45.4094
813.505
867.048
326.564
149.354
134.665
38.9871
128.688
553.468
147.761
190.571
104.544
596.734
683.32
468.769
35.4859
88.0632
752.321
884.113
156.427
104.159
144.721
207.747
79.9482
188.94
118.283
91.325
219.032
285.016
683.52
115.544
222.277
74.8561
109.205
614.591
124.856
124.203
507.89
96.0729
164.182
588.064
418.316
104.194
369.338
87.2669
264.846
130.473
109.356
136.605
286.495
245.682
126.685
233.169
38.2679
222.749
414.974
39.0122
478.049
226.73
634.537
310.608
1470.36
212.42
264.473
101.655
98.5786
174.77
219.737
101.081
223.785
506.614
1090.5
146.282
287.466
73.3505
188.059
93.199
293.081
407.19
310.934
177.202
81.6474
59.1498
129.155
214.24
389.404
163.452
258.366
224.369
115.635
854.145
84.4745
76.3953
352.113
88.5185
203.916
63.3361
80.207
90.1812
60.9197
1634.99
101.635
94.0018
390.359
407.402
382.773
210.946
30.7298
37.859
241.961
119.539
266.55
298.694
231.313
93.7522
125.725
208.175
91.2006
301.825
216.598
364.541
347.894
134.435
543.148
113.982
631.196
187.889
215.097
95.3815
502.361
61.6725
173.184
416.793
233.315
226.453
222.341
228.565
42.9734
209.881
143.484
911.784
223.501
595.74
177.399
154.72
574.418
238.616
310.5
170.427
66.1043
119.344
50.1452
324.223
273.488
490.484
178.602
214.98
214.841
214.347
397.357
43.9654
70.8259
48.8557
141.293
452.055
77.0248
96.5099
745.601
170.677
235.457
99.6871
187.289
230.773
134.351
83.2099
44.5633
392.434
318.983
95.7577
523.309
198.57
103.376
628.452
254.23
226.651
147.529
58.0614
70.716
822.6
48.8172
479.363
230.635
249.941
157.204
321.401
237.103
126.74
75.3055
276.27
46.3638
116.982
131.918
909.538
799.622
65.3859
1458.32
140.416
380.885
120.249
266.998
146.845
64.7591
262.955
329.522
248.665
298.099
100.75
102.475
107.544
234.546
553.997
112.792
420.909
377.219
83.4331
542.204
103.442
252.506
38.2149
197.828
122.247
1251.01
107.901
470.396
520.586
562.803
363.257
61.4638
168.096
351.958
99.3651
383.344
407.028
188.334
202.762
264.289
401.132
789.325
160.376
71.8393
126.325
156.115
159.444
245.929
258.187
115.042
109.514
288.474
278.548
209.589
159.127
357.269
391.516
103.171
360.522
547.615
64.3277
182.519
488.119
260.999
540.608
47.3914
518.533
163.346
127.649
300.228
65.6676
138.034
264.71
57.016
584.729
444.103
239.339
63.7897
256.566
594.765
411.435
329.961
143.424
236.085
132.16
39.667
179.488
134.929
406.823
802.411
125.85
125.22
191.081
199.167
63.5314
220.497
133.768
482.758
177.493
58.4191
155.438
86.7803
77.6541
451.486
492.524
132.094
88.7194
283.238
359.31
148.667
141.21
63.7996
263.646
277.524
110.197
379.567
111.886
51.5767
479.033
346.465
53.18
859.021
66.515
472.482
108.723
132.052
547.692
263.809
362.034
754.508
224.827
800.116
67.3861
207.265
34.8835
94.669
110.78
297.257
39.7468
240.289
456.519
248.99
110.149
449.875
163.263
219.176
374.771
82.1237
30.051
611.008
79.425
149.728
156.613
488.813
84.4691
637.539
54.6948
214.824
222.408
69.0118
93.6888
347.694
234.178
108.607
158.591
309.39
111.507
39.0108
208.739
97.8582
217.407
451.846
34.2444
588.729
800.349
28.0276
321.744
447.465
164.085
78.6636
115.737
236.047
35.2413
343.536
485.306
441.068
170.108
192.114
143.525
43.0488
414.617
196.004
175.824
185.302
436.05
54.0174
318.744
98.3812
418.197
125.515
198.824
73.1614
136.609
221.568
66.4728
986.748
713.562
274.527
69.5238
108.828
46.8694
154.034
130.877
365.934
132.03
199.926
479.948
571.382
108.358
421.301
270.945
195.676
268.742
499.087
107.392
382.236
100.056
118.424
759.438
869.435
283.936
159.499
243.964
91.0566
43.3516
264.036
146.793
641.092
139.409
304.423
460.982
65.841
150.638
253.775
261.039
129.446
548.209
101.131
106.092
228.868
439.493
204.659
165.234
78.2151
678.77
66.6977
237.631
205.724
435.728
201.529
397.476
136.868
916.389
498.281
327.194
217.817
231.338
281.235
613.152
181.177
629.615
378.434
634.142
226.304
206.258
166.571
166.697
169.76
145.72
80.6186
238.564
195.457
124.587
977.87
604.121
620.495
503.89
185.226
84.9565
230.553
135.62
316.724
134.591
537.356
182.983
461.797
583.18
298.439
136.143
379.979
100.825
176.655
167.651
439.675
101.679
349.702
44.6254
543.356
349.116
330.132
378.976
1190.42
224.44
419.971
1217.89
233.038
293.042
432.398
165.587
249.645
588.982
75.9233
119.894
286.008
50.7231
179.729
175.301
113.532
145.519
193.924
738.982
54.7609
49.254
325.995
228.441
223.973
1225.36
143.293
514.716
127.065
1015.82
501.902
748.002
349.232
574.17
275.705
129.62
468.92
389.625
199.097
236.036
337.227
149.612
325.662
267.575
299.409
136.766
153.527
281.053
1076.53
134.994
111.076
90.4338
160.595
326.327
212.273
486.968
69.0603
269.903
319.404
939.228
490.206
63.3598
819.913
202.603
129.715
383.184
40.8611
36.014
235.744
80.8228
361.648
140.29
291.605
275.032
601.245
368.185
173.615
129.84
407.929
401.494
113.955
132.726
453.362
455.99
681.268
162.081
138.289
116.05
257.704
471.892
65.1288
101.545
74.9085
331.857
545.815
134.378
625.743
734.034
378.257
95.2576
138.614
189.225
363.671
155.427
192.719
527.776
726.71
73.2797
565.289
55.9884
191.984
437.255
157.036
390.652
226.414
1020.36
127.485
37.2206
52.078
196.01
100.645
115.228
492.201
114.458
83.338
66.4757
723.086
868.527
166.857
211.454
115.234
480.875
151.31
799.125
446.165
351.882
151.89
70.877
280.691
210.043
534.03
33.0082
296.388
104.306
142.43
156.122
347.331
103.457
200.39
163.816
260.699
88.6075
217.378
242.743
151.8
114.916
503.98
113
120.102
286.22
510.893
474.12
256.926
152.375
151.457
132.953
324.367
672.748
64.178
115.963
134.976
561.175
46.4696
316.325
281.253
426.501
59.2347
450.667
259.883
632.185
97.6619
67.7601
99.209
65.5012
176.773
510.459
335.67
155.156
174.674
173.202
400.216
63.4112
366.069
346.525
76.7885
216.409
90.209
79.8899
708.885
93.7938
188.289
144.178
161.907
196.298
315.872
91.6439
106.626
166.324
122.299
1071.68
602.842
213.049
62.7874
418.657
143.993
543.74
554.226
201.892
117.171
325.156
73.5774
814.317
85.3326
164.203
110.827
815.599
82.2166
413.449
643.699
785.565
255.475
119.938
68.4112
59.2946
384.255
458.293
424.159
246.759
596.813
182.561
107.891
142.363
54.4462
1231.71
57.2728
246.73
157.095
394.159
54.4354
156.427
260.814
265.908
121.812
93.8107
105.228
248.667
116.839
552.262
261.743
926.635
616.418
76.195
200.147
338.058
246.328
1019.2
236.387
152.231
59.5543
158.957
290.687
123.693
97.2184
70.0125
67.6847
549.334
85.0865
243.16
285.993
69.9015
377.715
209.587
334.84
384.105
37.9049
259.936
443.331
417.315
321.209
55.1147
171.402
172.778
165.191
85.408
180.363
436.688
112.038
280.119
328.709
245.063
156.549
130.672
49.5342
105.351
593.956
477.948
122.551
176.37
274.784
269.726
70.0315
145.328
236.493
490.096
165.754
147.517
954.18
121.064
94.7053
258.505
95.1745
701.882
679.409
100.726
298.191
347.067
115.145
125.9
558.051
48.296
434.604
258.619
501.453
71.5239
290.429
146.907
528.577
127.183
603.557
31.5688
490.104
41.2997
336.863
432.575
43.9087
174.5
172.194
503.168
334.308
741.011
43.2866
376.402
713.435
316.887
222.518
413.123
58.4022
37.4401
145.8
545.624
239.109
310.594
266.799
797.8
99.6777
193.684
371.215
177.717
361.673
123.943
646.551
162.03
96.0176
418.365
61.5006
73.4356
86.3487
309.218
258.004
535.774
414.295
170.937
47.9923
666.554
69.3779
272.288
113.04
34.9208
128.523
134.884
233.072
89.3209
227.519
129.886
242.885
396.994
302.508
163.624
343.821
583.915
106.189
114.776
252.876
209.908
735.471
113.609
513.188
272.714
299.293
284.701
108.434
362.281
378.682
85.9972
529.444
77.7291
288.881
262.558
127.31
327.869
46.8771
124.419
494.079
560.734
237.25
500.366
251.982
256.781
111.718
573.458
890.874
376.71
45.7123
214.303
39.725
361.907
180.028
61.1179
182.798
137.436
518.011
361.911
546.166
338.563
159.243
236.945
137.823
215.638
115.109
150.288
143.499
341.657
305.692
184.152
283.4
188.347
39.8096
46.1398
207.91
168.206
203.779
185.534
75.9788
275.301
85.0477
798.025
76.3856
47.7824
157.97
1220.42
223.647
82.5825
173.236
412.601
208.667
396.259
123.609
378.22
70.4345
244.485
100.615
519.145
475.008
86.1409
935.685
51.4208
176.623
216.973
262.627
182.58
223.727
1116.01
111.747
74.5807
180.16
100.965
119.021
748.723
133.749
267.269
192.585
679.923
275.179
268.366
216.458
101.032
421.685
295.439
458.101
327.731
220.773
381.271
99.4097
389.902
418.998
139.504
187.929
224.773
254.776
152.973
526.902
104.445
305.572
167.554
191.566
103.531
130.441
77.7009
458.685
313.563
242.546
245.317
73.4739
681.392
597.118
78.8213
51.6218
151.147
194.988
71.7235
153.989
141.624
121.315
126.569
175.217
230.759
886.881
84.3378
310.172
160.798
203.092
71.078
501.284
221.358
123.36
311.17
327.802
89.3702
361.537
159.303
140.688
93.0675
84.8563
137.521
75.3611
140.481
139.608
424.956
85.3926
64.8077
256.718
266.32
162.627
41.7784
83.1689
454.123
29.7643
506.242
428.942
666.292
232.927
356.931
203.776
337.597
209.276
358.081
155.127
359.053
64.0063
94.7453
118.472
261.156
178.619
640.549
251.277
150.224
34.0962
451.835
195.644
520.149
105.294
231.207
85.695
330.988
105.214
489.801
86.7235
191.906
187.778
591.975
156.171
241.832
242.628
80.1881
159.339
274.439
100.453
316.972
89.4386
680.157
439.183
400.057
95.3666
321.295
249.393
1123.94
258.462
309.615
87.0787
368.366
152.238
204.499
77.2012
104.432
61.6217
146.23
371.77
330.47
409.404
569.805
68.4108
183.272
300.796
332.241
495.961
495.727
212.221
125.173
327.4
132.121
332.274
153.376
99.0662
396.715
773.147
105
431.762
717.023
37.6061
317.484
153.574
417.376
278.81
130.586
134.221
119.311
516.015
120.267
49.3128
225.709
399.314
97.0688
370.84
646.969
194.532
269.033
1727.79
409.505
208.024
639.45
104.22
261.838
92.8491
582.521
203.451
234.545
148.493
285.044
162.853
57.5178
95.612
245.676
77.3567
357.667
199.201
1013.35
171.714
406.036
117.655
160.663
369.908
164.182
200.795
1259.52
433.388
737.86
121.538
82.7125
104.255
523.294
131.352
121.318
679.873
51.0776
185.067
265.262
124.604
511.036
318.291
62.7454
149.986
139.129
296.884
301.481
52.6168
154.001
391.02
122.559
186.959
367.905
553.408
51.4851
210.126
293.182
135.852
183.399
220.76
252.981
154.993
111.931
547.13
325.342
115.663
418.542
163.574
197.938
40.3303
153.518
326.168
249.94
253.835
522.615
341.111
580.601
113.557
125.846
222.158
251.305
219.187
348.284
265.873
162.539
185.719
77.6031
500.173
49.3375
94.8008
530.763
190.977
511.724
427.479
90.811
256.208
432.979
336.286
75.0489
132.085
274.282
80.2074
377.846
41.1126
230.995
562.395
365.823
144.394
210.242
534.446
292.635
658.342
210.372
131.416
74.6615
370.703
283.517
111.489
287.782
135.527
197.427
172.12
194.844
127.709
93.9489
701.653
284.139
418.872
198.327
47.0878
60.7642
74.3848
706.889
53.1653
176.15
395.58
131.644
491.906
81.234
132.371
63.9499
710.666
280.983
154.237
170.274
553.603
185.817
192.632
622.985
211.372
55.1416
85.0202
54.9324
76.3252
205.41
102.861
135.634
128.014
346.074
217.125
473.547
71.0006
325.096
273.366
497.032
168.262
189.425
365.289
721.984
21.8562
103.081
67.3253
363.21
109.529
118.164
156.477
1235.46
104.387
675.907
58.9672
212.044
295.84
156.867
439.218
60.5479
98.2512
153.814
211.398
333.701
570.979
89.18
227.613
342.464
189.762
400.984
199.508
928.005
170.434
267.176
196.179
266.678
270.05
74.9228
132.223
96.68
369.522
112.639
120.24
437.81
221.736
462.757
122.324
309.23
71.5314
690.897
65.7951
792.309
361.778
261.601
40.7282
113.102
99.3669
77.1479
393.549
522.811
333.809
231.141
747.389
65.9758
141.388
258.688
230.246
79.501
32.6618
107.689
75.8984
89.5378
60.6143
267.835
399.353
1240
148.94
271.564
281.644
314.244
294.192
215.373
156.957
364.054
295.19
199.537
242.036
187.748
223.3
269.585
83.4369
355.555
171.125
335.823
549.616
105.945
36.7977
692.001
214.124
343.938
374.48
443.309
595.406
316.439
130.799
109.672
161.655
692.205
269.136
405.468
1194.71
362.629
191.562
385.026
496.155
134.123
78.7363
50.6907
154.065
89.3262
285.649
181.579
70.3429
373.819
593.806
229.007
288.415
167.335
201.104
641.584
555.327
320.348
510.928
234.629
244.565
233.962
342.8
107.907
668.917
1073.4
246.538
132.955
858.282
163.969
550.33
381.473
109.573
52.1951
208.207
307.553
57.7117
287.681
829.61
179.956
201.137
34.3557
145.491
321.387
168.783
83.8504
43.6699
568.842
99.6158
332.359
397.098
178.905
94.1277
123.172
203.049
133.98
372.663
181.777
645.031
511.639
275.719
763.188
82.8567
150.09
382.395
240.866
448.566
129.239
128.807
78.915
82.4279
266.31
377.482
59.6564
637.075
150.794
290.897
885.993
158.996
870.204
286.745
190.659
485.712
317.478
213.462
181.766
71.6625
171.181
359.788
122.331
105.715
51.9565
312.222
157.81
221.933
84.6283
274.144
274.393
530.76
64.0989
129.829
369.89
193.943
47.1719
173.343
112.189
210.266
120.964
583.456
226.923
57.979
189.216
460.058
169.093
81.7465
265.489
317.46
798.528
324.023
885.849
598.711
24.8358
389.661
114.119
115.348
140.707
248.93
80.5401
270.548
96.4838
513.135
476.919
281.024
113.454
86.5528
245.288
125.297
180.225
154.769
546.135
132.428
221.995
273.708
59.8495
651.611
192.342
85.1684
598.105
135.781
279.277
254.453
135.495
482.361
150.385
319.616
103.748
94.3806
119.249
151.514
230.226
738.334
55.2247
111.972
213.188
195.301
624.318
391.419
173.753
148.597
498.386
100.518
121.793
635.445
417.036
179.403
24.8251
118.244
79.6849
399.568
401.354
141.615
78.994
104.134
152.088
162.926
537.53
76.4986
209.676
235.583
209.761
124.754
165.437
72.9779
528.82
185.221
55.8297
157.822
268.849
183.511
384.598
213.311
208.995
103.63
412.153
121.148
236.506
255.371
260.422
644.49
178.033
441.108
176.382
435.838
450.074
369.508
147.221
395.295
48.3052
397.205
160.416
431.187
75.3617
416.118
167.098
198.703
353.539
524.66
142.356
726.024
448.936
75.0791
129.859
108.155
377.239
133.272
826.508
76.0142
129.914
280.946
401.349
276.865
354.757
647.308
54.3188
768.065
90.9684
454.348
358.273
119.838
314.743
135.227
294.786
313.782
61.1066
84.1595
138.604
262.76
79.3226
315.806
566.24
681.283
58.9449
254.67
95.5079
182.431
74.0654
83.3445
776.483
491.489
185.503
76.9713
223.196
709.218
425.543
103.013
409.084
197.637
196.621
123.158
150.942
316.954
242.229
682.608
180.271
89.6562
246.142
106.085
61.1264
124.183
328.024
169.21
322.186
202.933
406.431
175.556
590.392
129.209
158.244
210.146
307.081
71.1595
72.9758
189.039
42.0395
301.036
77.4649
116.25
90.5965
1192.06
491.934
143.265
95.5315
206.407
103.998
207.285
629.585
73.9115
438.835
396.817
131.817
279.016
348.531
211.721
473.685
41.0797
74.4813
429.871
323.294
213.976
621.55
1600.14
113.874
201.86
236.752
189.91
291.853
374.783
78.9969
473.137
99.1834
431.274
154.215
128.597
81.9808
662.476
379.765
121.02
273.669
345.445
108.192
70.1509
93.5564
137.129
116.614
102.748
117.729
410.579
63.6806
200.668
66.639
497.75
346.935
98.3299
145.331
269.43
118.004
645.579
427.344
109.967
43.3986
658.748
75.3139
246.318
89.6771
43.1201
695.296
162.484
51.9049
687.049
63.5311
63.1792
263.302
137.138
28.4666
284.978
280.496
318.352
205.49
131.862
323.089
372.993
106.584
1138.35
186.035
257.049
176.943
197.146
148.118
96.8163
346.556
1028.24
327.567
377.396
69.6862
176.849
1334.11
414.968
101.483
69.6853
88.0696
137.87
551.253
471.377
85.1786
727.07
712.829
301.445
762.873
459.146
297.079
88.2396
217.036
660.306
291.457
165.473
189.865
336.288
40.3957
91.7047
120.214
107.353
198.958
333.118
235.882
255.869
141.282
75.2978
463.233
618.042
365.338
363.278
223.054
183.155
183.099
592.256
493.176
621.022
84.6373
145.88
250.717
323.095
125.447
134.111
382.56
514.607
242.556
238.488
272.273
258.598
102.494
332.323
54.2099
487.77
499.767
162.459
443.549
286.432
56.4633
234.916
96.0162
127.294
608.834
626.997
539.025
274.715
256.507
421.092
604.291
153.159
465.196
324.387
60.2738
348.696
55.415
513.765
99.8549
245.04
194.863
136.388
376.232
395.669
230.59
206.379
123.425
213.066
134.165
134.043
203.926
132.26
123.274
192.67
102.74
218.66
451.484
352.1
125.286
1470.46
262.809
479.128
39.9783
206.826
188.68
57.7599
405.652
337.2
404.072
369.723
383.611
141.364
648.287
113.26
552.061
398.097
740.384
337.755
267.442
633.973
127.2
129.673
322.014
57.2454
349.599
658.779
137.036
223.115
77.269
842.113
123.858
97.8654
53.6597
274.184
253.682
518.361
116.167
805.927
166.8
146.076
223.578
166.978
114.038
589.846
81.3946
127.003
406.15
151.071
96.5408
493.68
708.837
89.8944
67.9301
160.465
285.123
651.926
100.361
916.649
476.358
64.6135
364.611
77.4577
90.8885
262.901
482.452
283.753
153.716
142.155
118.173
395.25
445.032
125.148
531.062
349.026
244.027
872.765
157.847
326.781
283.785
88.6516
71.9371
259.144
78.9176
352.203
73.8871
133.333
101.427
96.788
681.871
537.113
134.028
239.119
295.73
551.001
238.358
413.576
151.889
87.2306
61.2004
211.207
299.998
336.754
240.166
103.454
227.228
762.304
270.503
285.122
453.307
43.9842
85.7714
291.613
207.049
40.7837
128.365
312.044
54.7209
379.482
190.321
250.584
236.006
392.906
138.873
188.891
37.8507
447.673
315.042
123.779
260.733
271.124
403.006
447.129
653.053
306.357
139.566
103.8
292.366
107.196
245.727
246.406
40.8276
133.696
192.868
91.4914
114.081
283.202
389.531
136.826
299.127
198.36
818.455
75.5683
269.392
114.434
576.599
346.865
437.148
534.587
107.905
134.537
142.751
687.112
322.177
167.109
497.482
102.962
500.723
432.214
359.742
178.558
77.4426
442.052
94.8582
532.621
334.996
195.655
878.945
123.182
98.6272
887.487
170.359
117.723
114.751
221.887
253.318
768.901
860.364
130.436
207.13
389.058
195.809
608.618
137.422
93.7005
107.476
616.737
539.378
326.722
106.817
197.505
659.719
176.714
128.321
212.707
222.438
497.998
138.575
228.694
238.453
132.22
175.076
141.176
257.561
170.467
233.692
520.057
689.443
107.08
167.415
288.321
133.863
375.174
279.546
108.513
458.956
421.525
459.414
41.1818
950.265
157.027
138.814
575.971
86.7342
55.6649
85.9758
121.12
906.818
1460.15
372.467
343.982
85.9996
285.353
856.771
396.533
110.703
662.149
92.8036
173.432
639.72
287.398
444.572
293.214
461.639
234.443
51.6297
104.646
283.352
778.344
248.57
79.5273
627.272
378.238
112.677
266.114
245.556
78.949
204.402
105.393
912.174
95.5507
54.089
212.498
120.793
99.0361
57.3258
182.083
223.083
558.037
62.0002
330.8
166.76
222.446
327.878
112.446
251.776
268.049
237.1
361.701
110.093
498.556
131.889
131.847
192.728
492.422
755.269
183.282
292.853
239.138
186.491
396.719
162.274
23.8323
208.149
401.992
101.828
47.604
93.3107
455.863
276.739
125.853
280.299
78.1769
513.805
45.713
145.231
82.3519
355.877
176.058
235.662
227.919
462.576
87.912
73.3875
231.52
327.675
367.258
339.186
286.852
100.976
173.716
222.923
150.044
182.218
760.917
183.14
268.789
101.772
812.834
215.707
150.81
585.564
100.5
165.397
303.37
162.684
339.638
342.586
388.324
91.5334
306.757
107.728
266.352
323.636
704.786
416.434
271.157
287.46
373.266
111.912
93.3422
346.819
1047.8
86.1989
138.426
205.07
82.9383
74.6185
82.0101
111.307
240.372
258.666
597.664
691.273
87.0908
108.716
139.711
174.06
76.0125
219.523
113.009
188.467
92.0572
98.912
199.66
309.87
125.797
401.114
73.3184
66.1088
427.15
155.937
518.71
216.646
338.463
129.128
300.897
226.433
53.248
511.629
35.1882
402.918
285.614
78.834
174.038
291.12
661.733
220.998
66.316
263.703
324.726
494.573
212.928
160.363
97.792
612.606
61.1429
385.431
145.158
109.272
107.126
229.019
92.9354
213.927
351.31
530.491
330.916
139.34
285.92
181.934
108.065
158.971
240.92
76.6439
192.68
991.839
204.048
90.3335
222.615
180.801
94.4044
137.855
185.353
412.799
236.88
74.2451
424.917
940.896
44.3919
846.95
62.7859
208.344
291.86
73.3253
395.002
48.4796
233.911
298.633
47.7953
357.514
321.853
304.859
77.7639
188.723
666.121
374.027
319.514
42.7929
378.253
197.696
216.941
85.1269
55.6527
120.306
247.591
162.301
59.5252
259.211
107.411
158.478
228.515
349.377
176.246
128.51
100.652
683.692
778.642
64.2623
166.821
437.145
91.2442
90.083
389.539
502.079
229.556
163.64
97.7779
139.942
164.341
84.7392
407.95
256.193
75.9199
196.805
684.968
728.527
101.177
456.814
520.637
103.591
127.472
187.121
192.648
697.61
766.041
265.58
228.408
117.518
188.105
654.266
209.462
244.826
138.364
259.167
50.4756
102.828
302.624
65.5863
38.4564
56.5552
141.454
51.3868
266.631
183.229
165.059
974.753
136.952
164.233
226.424
497.521
916.233
600.883
43.4772
81.8037
257.507
395.079
114.522
410.824
509.666
154.851
736.432
229.42
738.643
177.346
108.352
384.79
267.634
464.597
88.9239
422.195
265.719
354.439
797.333
64.6387
236.693
189.305
134.739
943.928
700.477
265.831
96.1993
289.45
536.491
94.1755
365.067
108.901
350.967
186.666
110.922
1088.93
175.09
429.592
64.5588
203.215
143.805
139.352
98.0208
55.1516
1000.87
61.5071
116.226
339.88
233.817
110.224
36.6933
154.973
216.206
94.0362
219.565
445.974
193.923
55.5369
230.083
50.7714
399.303
323.167
389.134
123.169
194.03
49.8131
97.6683
334.875
66.9937
135.496
649.369
694.913
138.825
86.3639
197.367
797.474
233.493
293.513
170.051
88.0418
220.969
199.664
121.397
58.8439
851.399
238.155
427.717
47.0335
193.919
121.578
570.132
351.428
60.7171
119.873
99.3221
502.043
257.856
69.6006
191.543
545.002
133.379
346.138
295.682
85.8104
72.0096
240.912
245.73
199.203
159.489
247.635
438.614
114.56
156.276
94.4723
387.354
210.08
487.579
268.116
230.725
467.215
168.092
299.043
160.843
65.0195
116.327
215.548
156.013
594.711
115.37
67.253
147.807
523.478
115.773
41.8255
202.032
312.155
213.856
170.455
54.8109
155.7
59.3094
54.4566
66.1513
183.327
363.912
243.051
157.52
214.802
191.87
77.1343
247.77
84.5944
106.17
132.293
1049.15
143.401
173.478
491.27
282.144
252.326
212.84
769.62
113.239
97.8003
573.473
48.7237
167.299
525.078
235.983
286.308
240.577
197.688
1254.36
89.5568
379.217
254.289
932.776
144.992
189.129
124.176
446.259
451.253
118.649
502.559
258.213
235.773
66.4912
271.294
195.727
117.801
144.3
59.6814
56.8936
79.5774
457.866
428.995
414.51
456.52
155.61
199.995
408.232
319.375
266.107
356.505
463.14
391.081
122.209
430.305
405.413
111.693
99.3312
166.252
66.4621
1192.04
165.799
90.6667
153.532
98.8141
193.877
383.009
132.054
1225.15
100.159
132.674
606.926
87.3431
581.942
739.459
570.408
81.9993
84.8822
38.4057
98.5695
161.829
206.894
557.093
100.507
311.099
61.9883
98.4765
255.917
259.351
322.618
222.795
304.815
130.832
81.2125
490.329
87.5222
842.764
124.701
123.558
379.914
753.998
431.64
193.394
89.366
76.0577
243.628
47.3323
98.3353
41.5279
34.0746
621.784
420.925
162.213
152.309
194.409
212.126
512.729
743.178
169.277
290.141
394.769
220.054
287.55
257.736
183.188
75.5181
659.994
513.597
89.2999
598.109
287.551
72.8287
102.147
826.421
576.012
181.901
110.497
137.952
241.531
439.165
1480.38
73.2228
527.442
414.97
97.1457
447.925
189.866
145.26
323.238
429.873
140.609
119.145
107.124
498.81
81.7556
306.128
294.625
185.575
420.651
190.689
101
203.419
875.728
103.082
124.703
277.697
605.11
462.858
39.409
35.3352
156.504
382.975
280.229
120.936
83.9693
160.444
61.0574
382.162
31.6031
541.245
229.178
448.093
1179.19
268.067
716.394
322.536
260.223
158.071
166.211
119.744
86.8712
587.3
122.955
212.018
532.35
500.695
73.7324
210.395
163.838
192.326
51.7912
377.658
387.654
341.625
447.465
181.225
192.304
152.353
321.212
160.456
237.141
150.415
287.999
85.5594
265.701
95.4648
110.868
64.124
538.311
165.21
752.729
706.235
73.5441
297.777
331.736
401.173
285.602
404.557
138.566
366.405
521.563
409.989
49.4856
200.127
670.601
78.6921
409.886
262.943
287.383
73.2916
335.209
203.776
52.5809
164.521
81.0186
78.0345
221.674
71.2661
241.951
115.475
95.4775
107.356
86.7292
324.738
259.857
57.0563
347.214
213.652
116.722
143.578
253.408
204.452
73.8777
211.758
40.4448
196.699
667.378
361.655
152.365
91.6092
111.164
132.696
302.002
1209.35
137.391
432.643
540.469
1626.9
147.494
442.312
327.217
927.251
398.853
637.172
201.614
658.927
96.1689
126.259
124.827
508.018
82.1394
74.3349
196.071
120.014
180.201
582.917
200.921
159.132
80.1018
90.407
146.777
429.22
128.631
151.766
344.345
724.767
208.637
78.2996
146.828
123.854
345.671
290.08
300.129
111.747
685.31
138.065
799.906
305.322
152.756
256.296
294.371
408.745
518.751
511.886
183.925
197.578
590.296
321.078
66.6641
176.925
99.5973
586.1
529.869
257.491
277.406
261.395
494.385
54.6398
239.621
189.225
749.616
45.3465
293.188
291.484
111.511
211.717
252.046
252.243
291.985
413.871
179.231
418.235
98.9062
479.053
293.323
287.626
195.719
486.283
213.327
266.035
201.316
206.748
165.84
350.423
371.719
321.597
243.327
75.5302
539.57
80.6959
45.8319
268.683
382.647
54.8481
127.759
136.978
165.851
29.9425
298.518
272.848
152.296
178.199
63.4048
126.54
381.711
82.3445
195.8
42.5449
813.428
220.385
473.057
109.618
232.373
179.491
43.4807
238.145
981.074
78.1839
161.759
142.962
277.005
151.955
466.509
484.022
110.853
627.984
558.222
216.579
627.05
123.619
185.514
178.434
129.815
54.9328
99.9054
334.894
200.571
126.066
84.3693
182.199
171.146
233.378
63.6532
142.207
313.92
387.081
616.04
173.651
170.713
124.45
280.748
339.759
62.7546
174.001
550.507
549.744
192.765
236.293
173.807
178.772
339.445
364.119
242.021
169.012
471.886
71.3153
152.979
657.637
235.984
71.3911
151.983
133.214
119.305
85.5158
388.335
235.222
531.842
127.499
112.977
1479.35
297.09
525.526
526.451
146.253
200.075
238.619
773.449
224.806
191.408
555.477
371.928
212.427
221.215
80.4491
419.873
241.135
536.487
483.49
249.662
120.871
151.903
540.029
420.297
213.984
90.6757
226.66
881.706
367.929
161.732
270.108
128.482
158.831
450.555
269.326
228.164
305.828
40.5251
312.368
180.031
815.234
202.398
386.326
86.5022
360.323
123.018
233.141
112.712
187.961
416.214
158.428
157.777
444.596
250.904
312.444
366.12
137.725
264.2
211.061
635.917
31.634
347.145
241.696
76.6313
22.4202
521.786
195.273
81.2355
215.096
97.4079
854.885
765.927
694.889
123.256
117.563
241.206
1001.63
515.096
232.481
101.454
534.55
56.7842
403.512
483.558
70.3869
52.9359
445.1
151.763
284.599
165.571
688.528
266.96
58.3601
322.631
357.405
92.3838
112.042
160.377
1045.16
109.117
310.424
195.394
91.1116
64.5819
229.612
114.918
308.842
178.221
231.133
438.244
189.525
464.037
44.6773
302.555
184.694
62.3749
656.393
147.75
123.904
250.531
113.704
294.971
613.381
190.461
381.32
148.668
151.464
163.366
700.34
84.0682
61.6795
205.178
150.981
250.275
148.492
446.776
667.406
67.2692
84.246
200.129
205.884
139.344
224.564
236.407
73.7537
717.416
213.856
104.908
464.957
292.497
527.964
101.433
47.6537
1249.68
516.219
141.869
160.476
266.766
887.045
257.528
513.913
109.884
188.442
44.0362
249.79
123.066
273.437
585.055
96.5574
118.141
496.022
85.6216
1213.48
569.12
55.3697
194.175
132.966
130.606
220.104
64.8491
256.595
52.5858
164.115
374.518
124.637
666.89
192.771
236.613
25.4638
68.416
74.9994
150.417
72.1534
98.6398
1088.28
99.3989
299.989
300.293
62.239
147.995
179.43
219.875
206.914
57.3384
266.645
378.666
196.567
128.355
362.076
44.3114
68.3272
49.3965
285.577
403.477
218.418
119.741
436.857
346.193
167.217
109.492
521.388
53.0301
251.677
161.509
483.307
317.544
205.077
117.229
140.943
154.608
888.643
321.121
801.889
106.929
53.5974
143.773
318.461
784.159
103.228
629.753
73.7139
22.0757
1117.87
402.684
112.869
205.157
157.507
106.589
293.971
106.706
197.935
372.984
1099.79
250.157
483.745
218.825
689.156
182.931
138.247
102.751
376.164
81.38
271.309
267.035
44.0644
251.998
443.89
365.441
181.44
182.499
232.141
361.801
60.2805
171.268
101.887
378.302
155.972
618.097
271.424
300.238
246.698
468.594
180.956
368.931
176.091
79.5899
1031.59
180.311
50.7842
59.1786
411.331
412.987
93.5404
178.705
139.55
78.0445
270.364
104.712
94.6132
910.172
55.2866
866.996
80.1486
488.619
580.271
148.403
405.903
342.142
177.539
255.076
697.049
900.575
194.518
393.991
341.261
216.243
287.281
137.55
929.541
334.439
264.079
224.593
169.755
170.609
28.5365
320.183
844.447
266.56
44.1894
330.997
383.741
21.0938
67.7937
72.5263
52.0314
389.016
784.37
392.401
474.437
85.5117
203.641
109.531
622.65
86.4356
229.493
343.102
45.3212
455.662
52.8565
436.838
256.477
318.294
184.034
57.0744
247.709
164.74
424.801
414.656
84.5666
353.735
241.528
446.87
83.5356
36.7937
472.976
308.738
213.437
221.708
485.152
150.425
269.139
334.131
257.175
147.442
259.345
491.552
426.076
267.637
178.374
217.333
71.048
305.466
134.243
415.353
381.665
100.051
346.152
184.741
200.008
396.681
234.271
124.398
386.638
83.1451
39.3278
73.7068
730.725
216.087
303.993
94.0102
391.472
150.716
161.774
63.3148
275.144
288.83
233.988
137.372
72.8201
639.429
209.547
133.714
307.811
416.846
402.465
109.965
207.414
172.775
549.497
98.3274
86.2262
224.861
257.77
622.66
78.4833
143.069
245.232
598.705
417.728
212.663
303.681
820.77
136.683
41.9733
189.095
210.852
226.145
38.0834
195.376
339.84
82.3374
259.388
377.205
148.706
72.6622
578.842
110.119
410.594
207.31
176.694
135.545
484.484
258.629
666.252
333.358
276.644
88.1961
256.994
90.095
226.475
346.167
271.503
288.448
114.04
214.056
332.434
101.968
274.979
129.281
273.711
568.68
76.2709
62.4458
681.257
106.822
83.5549
442.447
214.308
512.822
747.261
591.523
184.771
149.264
72.6714
347.101
203.321
255.272
186.155
591.138
498.659
59.9555
347.195
179.257
485.464
78.1662
152.014
461.026
78.5605
140.146
247.675
162.563
108.693
195.794
193.4
338.031
430.051
905.491
542.781
95.9648
97.524
161.429
618.463
415.01
283.641
175.961
589.801
87.0661
154.28
84.1012
509.285
512.874
150.077
1023.68
197.095
100.189
45.7732
113.485
79.5127
251.243
173.339
137.845
126.281
143.249
185.453
350.713
365.404
138.472
72.0182
104.869
418.335
161.801
146.516
592.781
396.468
81.3037
303.349
327.195
184.179
130.293
164.357
113.19
178.762
68.9821
251.919
284.147
29.6772
124.555
146.248
109.684
214.233
122.13
334.021
652.468
361.931
167.266
32.9519
289.589
120.618
230.39
1635.66
167.327
144.957
254.657
113.205
171.348
72.6436
700.696
271.35
49.6062
366.101
62.7783
359.109
190.203
198.371
250.942
326.972
408.412
86.9579
130.763
103.464
515.058
586.739
69.9024
223.357
190.222
415.126
633.362
179.996
275.16
929.595
158.435
245.566
41.0244
197.899
794.363
171.706
814.569
572.349
171.835
560.129
187.276
468.941
221.355
136.493
510.44
255.896
400.933
455.807
705.119
842.906
516.087
227.653
93.0368
296.328
97.6881
166.013
493.124
107.443
353.327
520.508
199.938
133.776
43.8368
256.987
91.5053
100.976
181.942
189.991
379.688
187.947
303.06
301.486
657.87
96.4071
336.342
113.061
1011.22
134.089
271.099
267.713
125.794
291.505
441.616
352.4
82.9132
153.721
392.863
579.023
42.939
276.415
38.4599
103.512
513.291
213.629
237.956
296.698
367.76
393.463
71.3219
56.31
82.3863
279.837
288.537
83.604
61.0901
290.833
65.9261
126.164
157.053
171.319
1090.9
582.304
82.0504
170.293
71.5107
273.276
395.6
732.664
175.278
194.804
146.169
246.204
388.157
202.455
107.526
157.395
166.718
148.915
308.113
46.3895
341.246
404.465
245.637
265.1
293.686
212.61
125.609
130.294
49.1321
505.423
811.595
174.751
233.253
293.902
576.883
228.938
191.928
43.642
1090.55
157.598
351.99
500.066
347.871
427.527
169.315
192.928
136.512
341.561
129.313
520.16
67.2382
558.181
86.5452
90.1458
158.498
238.272
196.215
133.901
141.101
72.6032
147.875
375.627
398.468
602.09
164.214
143.451
368.981
623.707
460.415
718.239
879.348
704.857
120.447
464.749
1246.81
132.976
99.0596
289.907
53.7596
286.628
270.611
239.912
145.065
730.402
102.909
136.409
292.868
191.947
155.954
142.745
177.3
346.088
78.9909
159.758
153.458
153.459
47.2574
252.853
441.576
200.727
102.794
466.819
295.44
206.323
327.683
270.876
133.112
103.418
27.5418
212.295
180.486
269.845
206.146
359.085
190.821
439.558
107.639
249.884
505.502
574.739
237.501
185.705
230.881
422.129
226.85
239.889
288.278
60.7652
101.564
134.943
128.493
342.036
138.977
446.239
230.073
503.61
213.694
472.336
184.907
555.233
371.865
159.032
68.1048
241.981
361.936
63.2753
147.638
185.674
834.565
89.6497
316.098
155.144
345.651
716.837
72.9934
329.954
1182.21
52.4966
1019.54
459.567
148.41
263.056
265.665
169.461
178.852
253.222
212.917
378.247
47.6572
114.402
908.45
572.393
144.106
95.8122
222.981
53.6988
347.57
866.059
183.088
322.658
105.02
264.477
171.053
39.0788
338.918
191.346
108.372
220.024
64.123
301.819
821.512
648.139
49.2862
208.219
154.49
101.389
140.845
186.112
229.86
54.3223
219.406
176.987
112.101
358.12
223.254
387.839
115.958
106.145
60.2236
172.773
757.259
47.1287
85.3475
65.6299
54.2615
420.92
286.769
377.177
366.67
33.5916
191.76
140.778
444.107
608.711
487.4
184.654
393.212
289.951
499.887
269.861
371.894
672.42
163.007
211.793
119.007
111.704
70.3635
86.998
90.6986
155.251
114.955
72.8186
1260.63
458.291
155.291
67.8393
90.1088
454.891
349.381
427.449
137.319
228.026
242.559
225.908
320.298
194.374
171.486
327.547
286.457
144.376
132.819
434.688
230.348
220.771
240.685
185.315
60.172
232.943
138.71
105.209
501.834
363.258
45.8928
50.477
239.128
67.004
71.3144
188.568
509.46
379.015
540.5
984.38
811.253
86.6264
77.3291
82.629
141.821
279.242
268.692
205.673
295.694
179.899
184.915
136.581
120.408
572.874
314.608
499.013
130.051
347.194
519.177
151.418
270.423
337.05
197.47
197.291
164.734
85.5724
198.995
291.229
107.376
139.398
109.769
337.184
176.589
204.907
128.315
99.3347
418.071
378.614
36.8698
87.0069
245.166
93.8515
539.621
302.385
125.127
205.522
162.62
379.013
587.785
264.485
501.004
993.464
346.536
196.079
320.505
663.824
202.41
89.9854
279.565
336.89
111.838
38.8589
131.392
258.504
278.039
342.888
453.864
132.821
273.392
112.762
88.0673
208.673
190.287
523.381
33.3498
67.3887
54.3046
192.453
312.659
1060.2
202.496
285.24
409.369
396.77
118.555
93.0866
106.218
159.456
208.346
154.853
165.794
281.77
67.6368
350.673
195.868
402.212
130.987
99.0849
709.705
423.675
104.224
363.566
352.151
361.713
169.655
181.497
195.426
551.586
475.004
256.517
235.526
62.4309
230.09
859.806
78.4493
201.794
1127.5
224.725
169.423
484.155
276.03
102.757
48.2167
294.223
230.69
372.854
146.447
95.3174
402.377
74.544
178.594
73.0416
402.752
606.536
269.106
287.041
188.798
523.863
265.193
61.7579
201.371
74.1578
49.4797
869.249
640.58
248.801
146.249
81.1491
872.458
52.5204
162.991
333.837
774.478
75.82
156.182
145.877
223.227
1570.04
327.878
663.835
154.216
239.434
178.455
234.188
569.611
85.1426
304.822
160.913
89.1696
474.359
435.525
205.438
280.122
528.893
425.27
392.901
204.401
187.343
93.7059
132.962
34.1406
1024.76
113.967
96.2867
1180.39
194.899
214.225
175.77
558.369
127.617
365.302
163.56
544.966
620.063
296.707
450.332
180.656
606.397
65.2676
101.731
325.446
46.5012
103.744
620.152
142.796
220.364
207.085
129.447
662.177
249.839
238.207
174.569
206.247
202.277
270.957
142.027
207.027
329.087
523.101
328.877
117.371
114.206
70.0589
416.152
131.856
900.668
196.269
230.611
114.058
18.8848
959.051
132.614
425.874
72.3096
501.136
68.7732
234.046
393.777
134.676
193.628
484.069
1064
164.855
444.342
157.893
155.789
238.371
770.804
508.737
144.406
346.285
104.837
111.264
120.569
114.728
303.58
201.835
145.978
66.9701
234.374
88.9216
421.281
286.105
187.843
465
486.031
183.662
127.687
358.349
380.31
579.51
161.893
290.521
185.626
440.572
531.737
227.711
139.84
131.482
70.0145
294.128
76.8758
171.619
132.869
206.439
357.228
691.593
56.2353
102.055
387.021
504.79
218.132
399.533
298.727
73.1711
221.059
60.8633
48.2841
131.912
75.3503
183.001
353.191
166.439
138.654
226.719
410.693
214.888
169.513
136.987
105.909
99.3846
711.233
242.559
174.208
785.679
489.756
392.473
341.33
25.8278
165.646
311.826
35.4007
506.072
93.6141
51.5818
208.751
158.711
67.7203
739.628
289.332
147.689
113.42
105.134
127.131
493.313
531.968
124.592
187.978
55.2683
504.883
209.509
317.348
217.734
115.831
49.623
260.838
234.374
202.941
281.28
105.177
137.365
85.2223
425.412
187.96
424.536
341.035
229.897
149.842
139.601
393.999
86.8805
192.756
130.415
125.193
574.488
273.084
117.594
658.078
160.811
79.9942
160.993
41.3384
93.0105
41.7101
441.694
744.608
325.08
922.531
406.44
66.1643
82.1877
687.344
82.6165
246.979
231.938
70.4991
226.795
226.123
372.644
288.49
163.217
244.857
189.682
576.377
294.794
118.054
232.833
189.349
1172.8
224.42
124.448
33.2161
79.5722
414.085
151.298
414.36
830.097
87.5959
648.56
730.556
150.696
215.141
87.9845
196.121
150.836
854.036
108.428
61.6501
114.951
287.437
223.689
739.592
558.805
47.1879
345.55
49.4023
89.2671
633.769
164.752
309.467
64.1074
63.9918
54.6686
268.36
192.016
58.3573
909.613
146.394
401.144
77.2164
171.738
468.299
669.647
118.749
209.786
689.866
166.316
768.628
264.814
974.569
454.962
933.009
150.287
127.391
274.5
102.685
81.7114
260.033
115.576
136.173
104.192
750.673
30.2104
424.748
1085.06
186.539
488.862
121.765
288.81
130.727
743.281
272.671
63.1086
363.455
257.536
871.916
94.4489
176.199
130.004
60.726
81.9956
53.6273
367.767
149.707
207.37
152.457
108.81
318.256
292.375
316.822
864.522
161.687
353.106
100.644
261.614
59.7503
137.828
293.954
150.207
95.511
389.944
170.168
107.672
990.064
430.064
95.3898
173.621
105.335
137.806
154.195
237.447
308.072
94.5087
296.879
180.262
354.763
198.445
304.57
360.907
260.665
195.449
145.426
336.911
70.9375
154.003
198.087
235.797
231.966
68.9864
341.796
340.367
254.016
174.242
132.023
412.496
156.082
251.597
105.934
118.658
143.11
104.876
60.331
462.703
407.807
113.226
95.4632
304.512
553.905
618.808
288.884
1070.48
764.576
856.258
217.435
285.476
62.9722
285.612
229.994
421.264
221.706
105.803
320.09
446.368
547.11
79.5153
54.4526
437.661
397.645
163.515
362.543
172.355
296.78
345.798
304.058
24.0897
37.2069
344.248
42.8619
718.04
173.668
88.4035
136.769
240.712
106.384
330.725
216.793
69.4377
141.466
173.285
602.471
191.499
67.7375
93.3807
47.1249
55.6146
214.578
443.913
78.073
350.91
915.483
439.694
210.864
189.285
137.271
239.602
148.169
428.743
293.332
154.295
99.3783
205.652
46.5822
35.9114
323.522
86.8821
234.432
165.246
46.8778
262.68
143.234
136.401
190.736
330.726
48.3507
557.802
323.949
372.486
35.0354
193.282
76.7166
433.21
571.119
585.278
98.1767
56.9963
154.967
164.884
58.4697
124.967
256.502
206.905
508.969
283.583
425.378
80.695
174.803
174.587
69.5446
33.4883
304.004
33.3609
267.548
227.89
199.075
664.949
64.2331
319.575
504.332
126.655
194.782
478.431
371.379
570.835
733.407
149.033
119.638
239.289
886.334
322.349
84.1168
428.742
146.387
266.971
62.6175
87.2208
287.01
595.016
236.924
331.518
144.89
701.837
378.547
635.027
166.85
145.333
196.038
161.835
258.13
377.022
403.808
251.941
342.901
66.6367
388.86
440.69
471.78
479.384
157.929
295.371
429.167
320.622
100.156
370.089
170.118
219.533
368.779
83.3885
134.659
217.044
980.336
318.656
181.847
298.767
109.141
144.385
71.2848
32.365
268.703
174.242
285.609
906.094
553.75
281.166
174.289
680.43
122.745
428.019
49.3148
773.244
84.4362
192.831
523.971
309.491
131.622
297.767
295.111
46.8418
124.469
174.593
307.75
903.017
128.002
332.568
447.426
127.402
540.188
455.755
88.3907
100.799
147.842
76.3434
74.2672
108.875
438.173
879.886
618.101
79.8956
269.76
501.211
406.166
299.588
404.992
150.986
275.813
299.9
183.17
357.814
724.194
183.783
163.482
268.51
402.263
350.94
145.086
1101.63
130.658
64.0778
326.844
202.101
163.858
106.366
101.566
276.98
900.825
138.285
163.222
190.585
310.565
549.487
474.099
35.1045
426.804
155.699
122.539
276.973
789.865
129.511
86.8492
78.549
103.286
972.239
134.775
217.623
109.103
68.6831
45.303
388.68
484.795
148.696
297.663
67.2522
297.734
272.377
456.623
255.683
156.873
224.88
356.955
506.395
372.012
70.0499
561.068
230.836
113.006
269.991
71.9849
182.246
254.15
583.448
74.2175
304.915
226.317
93.2087
116.721
161.77
444.092
251.193
284.102
791.273
516.254
111.528
54.3849
110.982
58.4068
199.517
304.082
659.39
754.084
120.401
248.639
59.5733
60.1347
241.579
571.446
95.8259
95.0339
192.6
472.119
198.458
37.8086
146.281
569.708
125.388
386.654
765.758
1904.93
290.361
82.6759
162.658
270.275
144.552
136.872
387.165
552.595
223.502
98.0308
382.986
364.373
271.178
223.53
58.0881
178.494
339.077
220.998
229.108
119.23
83.188
234.19
294.643
507.675
284.758
555.733
114.268
158.178
95.2158
111.324
126.412
273.054
246.785
263.098
92.663
107.796
46.7285
81.2213
405.898
42.7771
81.0163
345.615
136.632
157.852
307.865
510.593
75.2216
585.923
98.0267
94.4925
114.324
70.205
185.006
125.581
88.572
696.079
394.11
165.833
187.915
160.556
153.779
75.5282
155.925
270.69
248.764
597.464
110.575
115.635
697.006
825.29
911.056
166.138
217.799
62.7731
100.015
626.829
234.687
236.123
33.5695
413.695
47.3479
105.028
441.827
159.331
267.767
251.44
67.3229
625.755
257.536
111.823
322.456
621.817
736.979
355.262
604.759
226.023
628.694
255.759
175.338
278.946
133.529
300.933
236.655
278.293
221.449
167.712
161.394
137.229
141.673
896.724
204.351
104.176
202.948
817.119
822.203
86.3494
517.294
109.622
261.077
219.542
111.16
297.301
142.03
54.1765
66.3893
133.236
279.092
139.888
124.113
209.886
92.5307
234.846
175.641
223.895
251.227
131.362
250.368
198.605
362.296
77.1199
361.085
175.135
400.996
192.836
392.638
117.965
208.597
108.087
351.507
645.79
68.1714
453.189
242.038
426.488
134.751
336.196
480.058
352.67
171.477
188.644
376.077
109.519
1267.41
107.775
95.9897
67.7063
866.499
40.9931
273.463
305.452
316.634
308.419
118.336
198.918
51.0591
99.9165
277.001
77.2441
115.536
170.162
462.735
148.572
177.406
50.0357
637.309
560.793
254.355
309.153
953.837
88.9526
71.5186
182.434
1469.12
349.389
429.692
387.009
68.7919
987.665
444.618
75.2087
729.857
230.795
219.987
369.778
142.377
176.722
654.451
35.021
288.569
206.683
566.572
33.3166
50.4631
104.233
264.749
209.419
529.257
77.1709
1256.46
714.976
111.419
102.808
74.5914
79.389
444.491
180.839
162.533
464.659
467.846
503.68
107.851
149.333
538.829
158.476
78.6447
273.189
97.2991
856.687
545.808
42.7097
362.376
113.602
45.6314
162.478
176.708
198.13
129.586
323.812
749.364
106.789
276.853
459.829
134.334
84.0463
550.151
41.4509
152.894
155.662
298.717
715.741
260.229
170.455
132.271
180.194
87.8123
52.7344
83.9336
152.798
243.059
106.601
166.152
358.24
211.965
390.76
96.2583
201.639
303.757
241.444
670.184
102.532
293.636
339.571
200.485
228.48
356.526
166.725
119.073
290.477
65.4642
226.047
312.6
273.85
333.028
76.2108
240.391
179.475
56.4902
150.695
1083.16
71.1799
349.672
233.996
180.243
367.65
108.401
147.033
379.648
89.038
216.112
669.698
337.281
139.504
116.003
421.325
381.865
32.7132
304.981
146.773
240.371
310.68
468.401
296.75
166.202
170.729
57.0989
274.531
317.682
196.928
514.442
389.403
327.563
199.048
354.399
600.198
37.0322
237.885
41.5087
125.267
121.873
195.962
27.2644
325.136
410.816
99.4828
511.67
151.115
114.794
279.366
297.558
128.646
127.616
81.7959
187.233
262.873
411.659
792.763
153.921
512.915
1057.84
390.28
349.025
577.464
351.088
265.241
133.415
132.278
342.333
208.78
123.443
147.067
137.65
580.082
429.631
244.956
128.902
827.587
279.862
271.37
137.397
1452.91
132.197
179.021
267.445
262.31
519.993
601.936
254.919
209.066
312.775
140.254
311.055
242.403
256.675
192.877
132.79
60.4384
239.889
162.138
158.925
103.027
840.082
144.983
356.612
375.551
705.409
242.461
181.481
493.183
55.9583
235.346
754.696
126.187
324.016
216.283
198.18
304.004
411.48
93.9656
520.559
758.611
167.33
135.689
784.839
129.295
139.941
41.5873
83.1679
282.15
769.982
306.498
354.128
612.029
189.24
133.226
721.962
411.834
269.361
220.866
204.779
160.177
122.013
185.374
117.958
216.779
500.645
387.958
549.984
61.9873
431.867
117.625
414.66
364.909
339.181
70.7036
669.619
224.888
859.934
273.831
795.852
182.592
216.809
821.193
274.222
96.6247
73.8719
287.758
332.984
439.017
309.233
212.022
605.5
91.8661
229.525
332.21
71.9619
250.344
210.706
95.4955
331.113
614.323
102.489
251.214
164.405
145.538
263.684
326.851
741.926
229.944
287.576
1735.85
109.644
245.654
109.947
350.775
211.677
484.854
289.13
117.244
128.094
236.921
889.011
470.952
248.29
40.1735
180.422
304.488
462.541
334.614
269.908
405.151
499.733
253.26
622.037
80.149
637.537
240.101
376.797
34.6443
136.059
758.914
319.255
125.491
710.588
94.3062
72.5587
193.331
870.265
40.2876
166.734
193.765
341.957
113.097
139.932
207.393
215.962
113.699
704.56
469.35
186.009
86.4937
643.564
365.337
383.074
468.209
288.569
253.827
318.249
523.057
36.0956
243.026
157.917
536.766
296.76
37.5138
54.4994
97.0161
139.916
397.534
40.2168
218.346
316.088
115.826
337.212
588.351
130.421
140.336
88.7026
77.6724
89.3508
783.911
116.918
145.824
485.178
307.652
123.948
120.216
652.173
285.112
76.5822
223.388
213.636
140.473
256.756
106.161
330.013
238.893
35.4588
139.348
65.2387
54.378
210.227
116.661
501.577
107.106
626.665
136.606
187.76
125.852
177.084
121.111
1323.13
586.19
236.234
174.32
188.598
81.2465
51.8916
114.337
973.374
128.078
47.4341
386.186
523.676
100.44
138.912
662.437
152.686
152.582
208.147
322.685
211.376
338.019
54.7235
161.607
213.04
543.002
76.8687
282.58
189.865
256.769
151.182
163.306
464.251
52.5922
417.158
163.06
332.337
72.1607
316.856
106.851
79.8567
50.0073
809.011
107.653
386.558
462.507
566.492
262.996
45.7346
459.518
998.413
547.564
130.615
134.957
147.417
76.9803
175.544
154.549
378.6
59.3154
160.562
192.677
66.6214
294.507
467.569
103.901
319.681
302.121
141.832
405.83
143.443
123.851
197.073
679.663
110.696
675.309
352.626
1101.78
267.735
353.14
132.836
99.8504
72.5842
102.197
637.748
197.584
260.893
73.3017
89.2342
252.201
235.214
79.1408
334.272
211.737
262.474
84.7473
253.787
121.483
122.948
331.644
173.1
665.657
357.294
294.4
197.699
52.5743
569.055
182.579
153.452
117.135
268.032
144.333
261.401
278.61
311.502
32.154
315.41
606.683
38.4126
262.529
61.498
130.811
558.593
89.926
375.91
494.786
87.5707
45.5282
539.565
108.603
661.745
1014.67
468.816
98.6279
192.132
76.7031
818.292
593.335
248.013
187.289
122.578
327.39
296.3
108.458
187.131
93.8832
147.386
279.537
371.317
343.693
433.595
83.763
145.172
336.596
220.39
56.0078
197.48
230.09
132.207
53.0936
71.1411
222.707
259.126
103.953
622.176
22.971
184.997
63.0615
340.477
123.694
231.703
43.5419
79.5799
513.107
83.0055
356.587
318.151
652.899
163.99
423.597
373.702
137.089
415.298
83.6589
477.233
126.544
366.412
548.239
187.087
158.506
184.217
60.6522
170.74
589.808
33.9432
215.564
125.841
346.353
877.203
797.581
429.527
504.124
252.29
324.018
44.2419
31.1674
48.5118
738.775
97.8559
194.101
97.7645
141.405
165.926
1267.94
285.548
266.554
239.586
235.089
374.736
416.315
197.07
313.877
218.456
95.7434
527.621
176.383
241.578
331.318
199.44
181.887
266.195
203.553
350.465
704.685
199.598
288.365
273.882
175.115
418.195
365.717
189.865
71.3187
121.98
168.842
395.687
99.4888
224.566
220.154
245.684
312.872
577.562
107.198
140.688
161.336
52.9988
249.343
61.4628
455.383
108.283
392.26
353.116
772.171
284.678
192.736
202.563
418.897
360.852
675.153
197.54
212.805
808.772
249.172
206.156
539.783
206.24
82.5786
228.741
440.133
171.416
523.818
115.296
308.489
51.2593
77.6064
246.327
52.133
111.138
906.726
259.205
221.686
78.8643
425.301
352.957
67.9986
185.725
188.557
72.7096
66.0162
95.6261
250.135
102.133
103.684
97.3647
146.389
143.423
200.299
522.804
85.8833
232.824
390.613
343.01
119.354
134.152
484.961
59.0499
558.315
125.871
115.496
238.098
111.512
326.837
156.568
117.506
454.994
262.736
158.663
96.6728
947.273
494.403
311.75
258.834
232.052
38.0167
767.179
297.474
118.201
602.412
121.447
82.3531
257.942
97.8632
85.267
229.512
213.914
76.2996
68.7294
165.025
47.3715
93.8484
175.124
418.722
227.173
686.132
450.269
340.3
232.561
484.603
87.9882
42.4972
710.492
345.379
239.972
43.0941
135.422
505.344
46.5105
309.963
248.755
272.867
528.7
49.1553
318.216
142.556
206.891
417.415
833.3
285.452
570.885
171.92
133.555
1241.46
353.689
218.988
144.21
305.36
318.987
265.486
624.548
241.712
449.31
106.999
221.687
448.998
125.435
199.039
236.035
511.332
188.976
103.78
313.481
125.49
466.122
62.0407
503.225
159.441
67.4839
429.712
177.043
119.809
102.037
377.98
675.771
557.986
649.021
318.102
166.109
296.993
349.658
326.588
90.3881
70.3565
211.468
72.1378
796.56
691.815
357.966
330.198
388.417
146.005
193.451
455.865
468.951
379.91
926.693
193.105
208.165
174.156
268.083
147.49
96.0188
100.003
452.477
517.695
344.119
234.624
193.693
162.328
76.458
815.846
94.8495
189.349
117.783
363.116
299.939
155.896
26.2158
70.1704
410.254
89.8642
83.7124
504.452
128.225
456.217
166.869
511.815
286.01
231.241
99.3022
76.1316
497.02
392.131
310.93
423.551
481.332
192.724
590.695
138.762
127.142
153.309
297.545
199.669
200.35
217.486
77.6692
760.281
137.263
243.327
256.907
77.1295
122.056
440.752
120.487
245.468
111.611
74.3652
138.44
435.642
368.248
130.159
420.837
687.476
99.3898
156.844
343.535
92.3831
79.8657
192.758
373.551
52.3453
59.2797
244.742
74.4787
262.213
220.084
80.0768
111.407
485.961
359.797
734.75
631.215
123.676
262.985
190.074
76.397
143.726
323.65
350.405
1040.55
250.117
374.625
33.9038
96.223
648.113
245.81
720.414
675.752
141.869
435.332
349.626
205.807
293.155
108.73
266.342
456.516
395.747
139.004
537.103
63.7135
518.738
183.57
108.464
820.565
200.782
155.656
139.562
70.2809
426.32
68.0662
96.4003
273.147
464.071
274.124
136.708
243.803
265.892
239.945
82.8319
60.9739
232.171
171.269
81.2342
187.041
368.83
362.965
51.9759
189.131
52.3685
271.985
351.828
141.008
57.1222
338.319
369.097
226.047
166.095
118.034
374.036
946.021
206.668
545.111
167.246
104.233
100.802
566.281
167.006
770.001
323
354.488
371.074
568.436
159.444
205.731
499.885
456.255
292.917
645.148
582.53
552.765
205.704
398.268
170.938
252.136
85.4274
289.791
289.247
83.4065
72.7654
331.669
175.436
238.387
734.219
194.022
76.7018
226.543
242.085
620.902
375.615
515.787
284.464
227.695
114.279
58.7117
1182.69
151.853
546.259
117.456
372.653
122.607
280.352
254.928
214.699
243.905
236.721
235.527
109.311
316.514
233.185
36.9015
208.315
522.899
510.458
46.3519
114.696
689.376
69.0201
646.176
205.19
215.115
677.062
193.881
114.239
41.9269
301.588
446.734
394.835
120.929
173.408
212.575
133.068
355.399
314.273
565.268
77.7212
145.565
663.703
282.5
61.6673
49.5668
133.556
47.4988
203.995
1326.26
70.5551
30.3622
563.012
307.481
38.6864
202.774
200.957
31.5038
254.735
1038.75
259.403
155.303
159.991
61.6616
880.046
146.85
112.31
681.148
92.5703
229.855
264.807
91.4118
295.294
309.368
173.91
153.257
212.301
811.354
91.3816
103.075
66.6706
167.44
591.993
296.149
74.6099
230.388
230.696
105.001
158.136
182.476
186.126
205.506
158.988
102.464
941.562
262.243
258.222
485.468
185.735
122.444
680.017
424.949
398.803
234.408
69.4479
138.827
66.4474
270.593
53.7894
156.414
371.603
229.886
132.804
182.226
850.166
156.255
519.134
750.592
111.762
270.961
162.828
292.712
184.551
450.095
205.472
102.204
643.06
779.149
43.1679
232.552
70.2225
212.398
413.241
261.253
538.313
294.883
256.171
44.2937
85.5978
354.074
199.824
344.428
438.926
69.6256
368.156
129.012
253.554
359.847
440.181
356.256
483.103
364.288
184.141
165.198
151.351
491.804
147.13
230.818
37.372
726.333
168.498
465.255
351.908
224.864
186.163
272.752
140.941
37.0174
145.4
211.393
204.324
109.262
308.041
348.479
168.6
253.157
117.35
276.298
124.828
498.304
340.737
429.674
363.717
125.848
661.769
88.5516
397.059
53.2685
243.236
90.145
43.0124
468.96
391.415
155.898
436.708
97.5509
46.0672
341.179
68.6205
202.189
53.1797
76.7867
170.804
444.466
902.021
201.406
227.086
166.667
954.323
388.751
141.871
269.493
130.335
552.214
322.887
120.276
60.3798
399.298
441.486
195.229
320.249
368.485
289.145
666.899
247.063
72.2714
211.226
478.097
145.842
47.2152
104.436
218.146
77.5231
58.8937
111.321
318.552
389.742
45.7383
204.315
46.9098
293.566
562.155
283.764
316.602
424.148
132.655
379.969
1055.31
169.035
97.4687
503.506
160.605
176.904
313.605
250.712
122.482
1053.38
366.32
235.546
41.3551
282.724
369.941
80.3883
417.065
580.84
87.7811
119.185
114.304
324.773
85.2573
694.608
392.91
163.619
89.6948
88.8346
143.622
214.139
810.803
224.245
206.424
164.129
350.532
290.446
172.982
615.119
209.236
172.202
238.067
198.769
131.996
532.798
232.531
181.808
123.377
54.7047
81.2217
35.4485
188.824
276.414
445.945
45.0489
245.308
626.131
312.189
56.8859
78.0159
53.6505
276.98
126.296
115.54
77.1067
366.053
225.73
83.9612
75.3101
156.34
108.818
339.534
971.804
657.747
447.981
118.892
184.647
339.568
82.3284
133.656
140.156
110.831
177.278
75.8267
89.8792
275.339
113.553
137.228
737.801
98.6784
136.224
673.641
202.286
568.312
90.0715
90.9723
695.85
216.844
227.113
99.0788
223.462
224.163
236.425
214.865
562.543
148.416
836.4
262.17
72.6938
793.674
193.56
149.013
467.709
217.463
305.484
336.169
1233.9
451.481
523.828
495.456
79.4475
49.6273
56.8049
115.113
106.75
82.9471
139.242
131.579
270.231
291.399
90.5084
148.821
171.644
238.338
131.771
173.206
216.271
631.849
560.878
607.23
342.361
608.489
105.536
672.397
656.661
389.923
151.224
551.487
245.243
591.434
44.032
169.614
1232.34
224.48
405.259
665.028
703.961
279.782
183.185
493.09
248.357
174.787
141.278
200.762
176.915
360.484
529.822
207.937
239.863
52.4563
264.544
101.534
50.5263
194.803
201.934
103.017
80.4572
104.084
80.5236
360.804
424.07
129.006
100.358
259.825
268.693
227.717
158.3
505.248
99.5132
69.3425
244.06
212.674
663.39
39.7044
497.945
304.468
595.297
1205.94
142.761
245.683
201.622
512.801
46.6485
758.746
45.0158
521.621
118.273
402.802
341.664
197.164
241.194
112.511
365.953
139.803
114.896
84.8272
65.644
175.669
117.882
310.944
163.999
895.89
109.567
63.7763
589.8
122.894
831.799
82.6561
160.797
635.61
480.148
361.311
228.01
41.2256
134.558
81.969
117.121
242.335
54.3868
156.509
347.468
344.528
290.507
565.788
187.754
66.3618
141.078
31.0274
311.434
72.8438
179.146
149.62
78.8935
350.845
203.584
814.006
269.961
233.712
155.329
418.769
54.4479
141.975
904.041
166.398
109.933
108.308
114.139
81.9883
119.912
151.921
598.174
123.01
244.812
118.491
842.555
66.1756
281.148
257.003
84.0122
142.273
836.61
88.401
112.418
58.8813
57.1197
117.449
296.712
141.181
25.978
278.834
241.684
315.533
212.249
80.8985
383.289
794.539
190.388
387.093
67.619
77.4894
105.038
258.818
312.847
446.161
433.704
108.416
49.8245
97.5223
181.295
391.48
627.77
931.633
92.7438
210.551
153.335
519.418
253.212
547.472
339.532
78.4805
466.649
64.0062
212.363
134.909
1239.55
721.24
1150.95
415.784
470.879
112.356
244.864
46.4829
126.804
148.777
187.295
708.198
382.2
171.709
96.3551
183.794
72.4584
142.748
145.183
179.938
248.943
178.433
485.476
122.48
88.8998
123.99
80.0234
217.752
117.732
497.468
195.78
87.8336
87.3158
218.052
1053.26
138.385
502.17
320.532
802.708
157.475
109.101
244.107
82.6641
143.881
440.105
685.731
85.4796
280.428
157.21
385.76
120.122
410.868
94.9354
509.372
427.054
123.27
307.362
568.69
227.903
622.477
617.096
292.975
88.2114
648.319
135.677
295.13
648.359
70.2032
142.124
366.704
93.9724
91.3589
120.136
146.943
252.115
408.242
302.907
264.621
472.212
318.375
311.963
161.449
172.846
751.525
179.419
236.165
510.853
1182.81
184.58
501.936
52.6376
208.747
175.221
497.985
192.406
99.8842
30.3355
155.686
327.154
218.414
218.662
90.5069
82.9543
67.1159
263.789
108.394
349.885
100.403
429.468
395.18
492.829
239.23
160.945
481.596
68.4736
382.156
56.4397
73.5345
316.751
437.196
68.4691
63.1095
328.943
347.654
44.6177
246.881
213.926
310.712
168.927
425.958
109.351
504.312
166.694
227.205
144.699
84.5203
223.664
266.996
57.5351
108.056
168.792
516.946
626.621
522.567
376.529
329.839
104.172
174.093
448.97
482.353
334.229
90.8916
92.6516
157.338
609.176
509.928
240.832
569.027
412.028
57.601
92.4633
141.479
75.0335
264.092
532.481
468.666
131.597
215.308
434.376
159.068
485.789
266.331
147.35
174.134
100.37
173.18
172.105
180.336
82.7656
262
96.7136
124.862
287.908
179.204
172.323
783.147
340.076
369.467
399.956
121.577
489.818
91.8962
158.266
184.785
320.871
294.462
302.118
118.237
274.419
219.518
105.94
630.838
315.953
119.863
129.358
498.778
670.068
257.493
899.135
288.909
177.718
46.0073
328.572
299.994
389.401
93.2515
190.37
167.391
141.538
255.527
541.529
149.049
79.3297
596.314
301.931
154.941
248.642
236.821
101.661
465.764
51.3717
243.638
135.437
79.1328
48.0019
32.3248
432.335
239.714
468.74
182.049
140.622
71.8749
501.24
683.584
200.447
72.3395
427.952
459.971
167.004
193.403
174.893
133.156
147.399
65.3453
58.9377
328.561
157.421
97.8839
240.58
275.45
101.994
108.041
181.686
284.29
89.4806
466.713
227.664
488.869
258.569
348.66
50.0847
97.7297
94.9666
165.759
215.493
381.532
301.013
70.4407
410.037
47.9919
422.845
1095.67
454.358
355.084
219.675
1064.35
551.498
191.709
317.187
400.397
135.674
587.435
1133.9
126.939
70.8858
43.5992
833.759
210.492
73.2
121.615
167.447
225.798
225.165
42.0942
408.839
296.955
453.745
192.957
404.657
282.577
52.1514
117.658
496.685
66.0925
135.469
441.778
250.79
231.871
131.456
92.8477
197.215
1169.6
169.588
64.5401
142.2
327.203
205.463
74.5201
228.348
175.563
482.971
162.412
801.704
52.401
152.492
99.787
123.077
118.77
335.085
49.3582
578.172
44.1131
45.4577
357.061
394.571
135.918
386.041
99.0835
625.692
493.887
213.407
45.9986
123.619
47.969
161.064
204.208
75.042
693.427
307.577
678.039
211.923
244.178
91.1165
620.507
172.213
129.412
50.84
330.982
337.432
178.845
261.292
170.203
210.483
471.464
311.853
95.8336
292.204
152.773
202.738
181.497
166.333
290.837
501.086
426.086
33.1086
156.932
87.0347
371.436
359.002
341.622
197.69
820.492
183.481
54.3558
118.835
328.127
186.327
439.683
335.682
240.106
306.699
226.824
173.768
161.312
331.069
577.107
55.5662
72.8569
370.441
611.816
275.856
200.257
57.9444
25.3602
126.663
138.218
264.093
150.652
246.028
1224.86
258.827
204.634
66.0829
57.3861
234.945
282.444
129.303
239.397
60.9971
215.961
350.563
236.082
224.971
148.03
101.613
156.489
70.4838
189.621
80.4791
52.1329
179.29
235.228
39.0293
316.087
120.656
196.019
180.411
340.59
760.798
353.197
74.1163
173.701
121.784
286.665
821.606
305.358
799.169
254.927
469.568
467.079
164.308
215.524
369.182
145.193
185.358
179.881
133.736
119.592
479.265
51.3685
690.942
36.4401
458.67
146.7
131.696
51.5646
99.4849
343.906
250.241
1018.11
125.12
70.0487
328.299
669.205
402.067
312.471
113.176
283.025
95.5618
96.7664
261.304
507.303
231.381
537.491
130.321
361.957
268.766
271.365
136.17
191.185
271.28
32.8437
172.232
151.185
326.361
119.375
128.776
48.3461
103.133
395.732
83.6668
91.8629
170.965
447.495
554.006
244.412
62.9971
251.014
291.301
39.937
342.827
91.1801
75.8848
460.468
221.005
286.834
212.132
223.492
92.4493
261.272
97.6733
312.404
62.0039
139.655
58.8161
113.73
137.218
94.1082
696.832
131.379
39.9508
390.067
201.533
608.834
419.322
339.525
62.1204
117.991
320.749
81.1633
60.313
125.587
357.686
188.254
188.573
98.8109
383.326
220.011
53.2901
55.7449
241.292
260.511
38.8645
278.678
201.498
253.871
201.174
204.844
82.0148
93.1926
67.1891
101.187
361.674
400.485
253.766
387.127
470.009
85.8439
125.157
104.595
499.755
164.453
153.319
195.038
524.889
522.373
58.2089
111.255
112.552
215.668
591.044
546.968
100.482
93.9409
569.732
378.484
346.409
189.007
352.237
104.765
127.328
151.944
88.8658
80.227
224.407
80.7758
375.125
699.987
45.6105
199.871
201.957
173.253
70.4556
557.993
677.777
811.293
91.1626
31.5961
246.229
166.876
132.702
377.175
207.45
216.212
144.614
290.307
110.759
201.315
471.188
93.1869
363.808
70.5421
127.494
119.485
482.211
48.7874
216.085
1034.67
36.6277
287.528
108.189
223.002
445.179
632.492
56.7089
811.77
68.8661
231.648
1005.75
960.604
206.086
124.412
357.412
81.3705
411.717
78.557
229.188
108.98
956.728
383.615
212.057
841.618
645.623
260.618
405.893
235.71
60.4009
80.8671
480.964
673.481
84.3177
649.561
229.371
476.074
435.597
711.031
132.043
88.2405
134.368
486.717
157.039
381.359
281.649
102.905
41.7774
389.19
869.772
489.528
547.371
173.075
537.179
317.167
659.32
276.654
170.963
61.6537
185.937
183.346
198.87
211.773
83.9036
481.073
263.032
90.3066
136.044
709.684
710.904
197.723
98.5164
46.9913
41.3054
234.224
78.2976
251.322
113.936
405.948
237.997
162.421
70.5579
190.07
168.6
76.1459
226.781
211.359
62.6129
165.092
74.4719
61.7872
355.192
231.581
282.055
916.373
163.065
126.985
123.695
189.239
293.614
193.638
646.887
81.8077
130.711
413.254
254.691
88.7732
228.255
669.888
187.53
132.91
284.365
79.033
218.93
87.105
553.204
382.568
59.5191
409.538
63.832
192.077
17.6583
290.784
490.293
166.655
347.767
619.235
27.6275
44.7641
62.5914
160.57
330.934
318.541
407.604
424.069
127.478
76.51
433.15
366.514
106.892
163.855
360.481
67.5501
122.543
301.207
162.851
108.987
77.099
129.226
299.21
67.4856
85.2155
612.243
385.425
230.703
185.875
401.277
164.344
108.875
124.626
256.587
204.002
453.478
134.329
236.209
65.4264
558.386
102.074
184.284
290.223
269.097
324.234
633.711
210.018
195.508
449.513
103.433
187.963
102.466
125.84
348.85
263.269
245.836
71.7041
61.9106
91.5978
292.244
726.477
193.569
96.0315
241.46
466.7
134.987
251.167
284.451
152.459
113.633
30.8224
215.53
116.984
100.226
137.811
99.9637
116.165
191.672
272.575
185.924
165.174
438.308
492.994
385.855
278.975
137.138
121.57
241.771
86.0174
107.542
108.623
203.175
158.478
156.695
302.301
120.449
165.148
646.481
63.3464
168.899
57.5635
237.808
316.808
224.943
184.822
79.8907
87.0738
275.509
75.6982
174.529
236.153
279.058
418.772
219.953
229.802
359.387
339.466
132.311
48.1969
367.825
301.19
242.454
145.285
169.182
92.1044
390.716
94.0478
434.289
575.621
276.219
223.979
99.2118
278.483
67.0613
148.871
727.753
117.15
266.567
176.14
862.57
132.177
65.228
186.697
424.972
150.883
166.318
1014.91
459.759
259.106
141.46
256.726
113.182
123.289
1103.97
101.811
88.7998
115.615
60.9049
214.563
172.662
190.114
227.458
260.999
186.003
182.152
387.494
229.589
223.946
316.756
170.395
110.508
110.698
113.876
56.2683
939.535
389.081
412.878
221.32
234.401
308.888
600.6
423.649
437.903
484.316
419.238
185.931
91.4155
216.547
145.673
55.8785
382.399
326.278
275.951
274.361
132.297
778.917
431.113
319.017
192.381
243.273
232.867
436.439
137.463
453.817
573.912
71.0301
386.394
323.051
526.147
443.281
327.848
69.9216
112.735
81.6297
318.896
620.203
58.0528
290.634
123.671
44.3699
213.467
864.43
104.198
31.6221
166.959
473.541
27.3445
430.874
468.293
545.188
242.864
65.2039
515.397
116.681
291.672
404.581
663.349
245.167
70.3501
73.8688
81.4807
93.1293
196.83
90.2443
250.15
264.594
49.8161
187.81
448.423
165.892
259.934
106.465
459.899
146.664
74.1917
256.756
199.097
66.8561
128.766
478.981
331.959
63.4331
32.584
146.646
603.779
194.76
187.688
409.368
389.859
592.005
243.78
209.236
439.14
719.084
149.651
126.747
106.74
540.232
58.3664
95.7843
137.087
303.431
432.478
378.171
134.179
129.129
294.155
116.241
172.162
739.038
324.718
48.7915
102.211
124.562
370.525
1063.55
225.658
168.281
203.47
226.845
109.643
502.974
131.961
315.352
122.775
507.308
194.251
296.455
118.102
64.5888
125.905
270.786
90.4227
343.256
642.7
168.67
345.915
130.661
339.869
269.287
78.9096
252.468
498.361
201.508
304.027
137.621
66.6687
112.544
230.206
410.941
273.373
320.459
145.831
380.589
75.2495
138.68
47.5634
251.707
401.472
152.108
379.636
202.907
566.299
116.25
477.765
412.428
152.23
176.047
321.719
314.924
47.5278
111.071
128.249
102.67
655.701
569.313
175.043
196.321
142.735
180.744
135.926
106.682
111.316
120.898
129.031
69.1149
821.481
194.125
27.6528
226.551
214.513
336.767
42.3445
198.642
41.6394
404.676
75.5219
86.4019
77.6369
340.348
347.422
58.3662
90.5403
427.956
173.2
104.168
130.131
221.936
53.6463
209.174
438.587
83.4737
560.435
138.929
38.8155
555.797
279.037
106.184
189.407
312.865
366.026
268.148
214.233
411.254
140.466
108.527
427.18
178.594
63.0186
610.835
42.2589
448.72
200.819
140.067
64.0648
225.361
185.935
598.599
247.736
972.748
514.274
224.81
295.092
470.184
346.835
134.371
299.933
70.7575
55.1888
213.937
124.192
379.178
70.0878
100.667
74.9415
53.363
201.608
82.4549
347.747
195.638
418.957
174.096
208.481
603.557
521.162
85.0826
100.714
105.307
216.422
157.713
167.314
460.675
697.384
112.326
213.98
199.516
628.435
161.005
403.483
133.905
248.133
563.004
510.125
341.283
61.7699
369.137
490.583
263.723
387.27
433.693
224.097
421.629
139.772
33.653
643.771
240.948
219.496
127.177
113.577
319.064
564.088
135.602
138.361
35.7994
225.942
395.173
254.031
115.336
73.2432
165.391
121.36
94.0713
381.261
404.654
274.515
270.979
176.752
320.385
221.461
65.9068
46.2743
203.415
66.3818
231.1
193.248
68.5056
80.3964
156.839
427.664
282.791
431.27
536.156
347.246
1114.82
772.897
261.107
88.6802
291.017
67.5738
578.728
126.543
77.3487
244.691
44.7017
72.4524
299.28
78.7785
370.12
86.7149
84.8696
212.264
136.116
221.674
111.98
223.845
82.9538
191.921
497.461
142.266
255.303
248.853
74.1746
241.284
181.925
275.239
442.113
580.809
181.305
160.366
123.683
243.943
476.407
90.9965
67.4968
133.255
510.624
374.959
182.627
572.86
692.462
244.053
314.893
290.293
158.977
63.2633
576.153
406.597
120.804
376.861
295.313
383.722
423.393
354.317
41.8954
385.664
730.074
127.934
164.138
114.665
173.225
352.028
115.464
503.474
300.821
72.9706
234.761
275.411
86.5478
118.955
375.851
970.319
148.633
106.089
195.867
281.829
200.229
73.007
157.409
357.961
532.86
496.275
179.43
531.312
190.092
264.042
161.211
195.742
260.379
140.987
77.2362
256.861
243.637
273.646
104.994
148.479
81.9804
41.7311
129.98
99.3297
91.6376
169.583
181.719
110.311
289.973
408.415
253.356
396.724
440.231
302.278
107.729
372.103
281.485
53.8642
665.897
753.308
69.387
378.663
78.6267
82.081
279.421
498.886
300.517
135.858
141.181
174.986
80.6969
207.051
124.987
159.188
279.998
45.6482
658.367
71.9267
643.202
440.277
417.317
136.671
231.969
81.1268
247.417
117.614
116.392
548.772
55.1779
148.128
258.174
28.2178
654.67
286.572
582.963
36.3671
77.8619
358.272
292.488
97.3999
403.577
48.6759
384.021
313.603
499.753
130.729
37.7588
895.376
437.113
745.234
144.329
224.901
316.056
747.118
568.182
217.98
1021.23
437.698
830.042
162.581
152.949
370.941
113.673
309.724
363.263
207.98
155.37
195.481
75.8296
212.01
120.039
353.727
103.705
507.297
55.9019
149.221
801.762
383.799
1114.1
207.641
577.135
68.3999
638.098
153.625
180.527
148.923
802.763
184.735
268.36
150.585
182.188
446.444
106.185
222.808
198.117
248.69
104.218
65.2226
115.058
217.295
209.264
44.2884
97.5712
442.013
383.447
134.805
338.922
421.517
127.586
228.677
116.267
54.6812
526.157
830.04
139.42
149.116
206.351
477.059
264.622
350.751
329.439
450.603
181.343
225.042
120.289
446.244
143.967
112.601
143.062
458.164
69.3977
271.214
84.5024
173.617
201.617
114.582
440.711
92.3103
161.799
515.459
351.573
48.2857
125.611
211.852
296.243
822.502
372.905
237.823
254.134
38.6093
360.551
245.556
332.002
378.848
234.688
500.345
374.042
122.182
68.6453
97.1425
68.1951
289.156
544.728
255.319
118.297
121.158
254.351
264.391
278.819
181.197
144.593
69.3717
244.498
412.902
84.5702
110.922
297.861
185.012
66.404
182.22
833.421
276.596
283.874
119.642
120.359
57.6597
123.153
90.1331
170.536
84.3848
108.501
104.681
320.548
748.634
78.0029
18.9621
205.236
430.936
356.042
162.471
603.261
83.1596
93.4097
935.819
154.225
127.219
95.4987
58.4921
192.143
439.687
303.902
36.4327
466.542
213.72
401.396
182.608
382.855
216.074
775.462
313.107
69.1927
314.89
133.011
345.08
588.641
180.601
288.112
470.737
398.488
76.7314
350.944
108.918
118.675
244.234
174.822
684.664
179.874
213.84
280.276
425.437
74.1781
47.0534
186.493
528.597
115.498
201.757
116.404
313.501
273.384
351.207
948.18
132.44
284.88
170.51
218.429
148.511
186.018
121.873
288.619
888.787
421.088
152.35
151.868
271.487
288.669
239.345
360.596
126.079
205.063
538.323
689.323
166.671
617.885
457.165
280.118
140.732
212.103
132.512
510.891
41.8023
397.762
424.381
450.763
476.101
201.765
180.401
116.571
762.642
245.142
134.23
180.876
79.544
393.409
126.181
472.035
275.549
209.933
130.716
267.162
98.9344
103.79
288.392
178.541
616.068
614.778
379.253
467.596
184.613
371.462
354.284
70.3642
104.866
276.991
162.304
162.756
581.843
216.962
557.734
154.048
52.6763
234.492
49.7185
193.874
104.282
321.155
272.243
191.318
436.371
181.753
697.403
245.824
106.747
263.448
210.37
400.8
407.768
202.884
110.831
174.892
516.912
605.129
92.4786
400.518
124.914
159.485
39.1042
82.8436
311.701
88.9956
88.7581
165.855
47.3832
576.738
53.614
86.4182
820.856
954.593
380.218
1295.04
172.351
66.7521
588.733
122.688
300.158
176.676
560.548
168.297
91.871
199.813
247.492
263.095
443.933
56.3397
137.218
328.762
268.942
342.308
78.3455
240.204
416.58
448.851
523.614
140.904
370.13
279.407
73.2877
209.863
42.7376
454.433
154.714
115.492
512.483
247.604
837.946
447.662
336.673
82.6859
123.893
169.35
82.142
66.475
730.689
278.785
119.075
154.329
305.342
77.6923
269.297
428.152
587.66
249.137
46.0584
822.437
243.97
95.1573
685.066
482.144
610.66
216.452
744.539
699.214
121.86
227.295
52.561
161.58
690.892
308.411
270.768
258.465
379.192
63.5721
120.302
278.97
74.144
242.602
510.132
80.8889
360.801
423.944
191.82
237.693
94.2491
320.051
621.166
705.156
143.293
67.7407
798.764
608.575
209.742
90.2846
199.964
320.835
504.168
61.1942
119.441
123.105
826.337
114.788
242.93
520.16
313.316
379.283
396.387
252.71
82.6521
559.759
511.323
217.689
558.681
504.944
132.493
118.797
241.783
117.78
92.7398
301.472
68.8831
98.4953
92.9948
292.818
733.663
152.163
447.548
297.183
873.527
290.666
413.573
292.099
141.803
121.188
159.303
153.977
190.081
44.0278
279.287
132.855
656.456
430.901
185.861
856.285
242.569
193.781
821.122
339.699
94.3774
643.269
236.656
583.033
503.393
56.8961
147.434
155.458
521.933
279.396
139.414
523.59
179.77
90.0358
183.082
277.194
206.086
179.45
161.855
89.0864
117.808
566.991
318.909
267.765
109.213
172.197
619.838
79.9213
607.981
341.075
436.1
488.16
373.395
183.076
99.2586
163.708
396.461
340.901
50.2204
272.769
79.3483
280.281
310.098
624.459
423.197
87.1861
216.643
232.315
183.77
328.433
101.295
273.502
94.3734
492.813
348.775
777.607
54.1268
134.834
29.1669
150.431
224.873
90.5297
819.238
582.107
154.745
58.9618
304.532
150.422
126.876
300.4
279.129
774.257
421.345
307.168
260.774
61.5235
158.324
307.422
372.32
173.818
248.042
328.814
156.654
214.257
488.034
87.1112
217.543
217.408
967.455
555.416
432.651
215.678
86.4372
182.913
254.945
98.4677
87.4788
24.1562
197.002
228.458
129.562
787.454
190.307
53.3482
507.967
293.52
143.512
113.095
194.949
180.327
133.008
205.024
89.7043
210.037
118.046
187.747
117.625
1185.7
461.611
734.995
271.904
223.384
430.888
360.624
91.7703
92.3157
65.886
122.52
100.184
181.714
513.566
148.926
353.117
226.333
227.974
69.1788
151.059
322.452
229.66
136.589
363.097
249.411
580.498
367.56
158.245
187.298
91.4667
305.96
127.651
252.522
218.431
55.2334
153.078
244.794
386.749
92.8486
120.086
81.0383
54.1361
127.279
322.258
32.8064
433.921
153.714
40.5955
1041.55
128.517
154.912
218.054
224.811
93.7022
260.676
242.668
60.4508
170.186
293.147
331.551
121.095
152.71
161.933
332.108
276.059
212.756
179.279
151.919
542.577
246.502
210.552
242.147
107.843
197.288
116.622
295.674
42.2017
539.404
120.677
193.975
163.963
1308.2
708.118
88.9464
231.152
234.803
72.6608
238.881
437.208
505.804
197.964
118.36
355.851
260.25
176.506
143.726
170.136
132.492
51.4326
209.718
469.639
113.382
442.133
94.7311
86.967
636.515
262.549
250.833
309.083
183.457
228.003
252.027
94.5298
47.8054
180.528
126.986
75.6765
150.068
139.575
220.431
143.004
339.12
139.118
172.243
445.619
192.559
98.9693
460.186
149.786
405.156
81.5561
229.701
143.618
257.549
20.1396
194.572
309.436
107.327
122.87
843.169
378.884
237.507
246.595
130.934
276.101
270.55
217.489
1076.97
63.3608
36.6068
370.919
115.248
371.268
164.994
48.9467
57.5603
190.598
194.901
170.597
454.4
214.125
56.1503
49.3477
213.964
106.38
622.681
126.375
335.677
584.536
110.563
156.489
204.302
710.297
149.567
88.2605
103.685
127.622
217.988
32.8387
231.355
158.969
316.58
924.564
83.9634
61.2235
281.35
331.374
112.138
135.317
358.386
463.328
297.747
66.4949
192.26
119.881
428.599
79.2884
628.494
106.122
108.68
460.393
532.718
136.388
52.3653
256.431
438.95
200.466
323.948
264.329
177.074
289.982
307.331
595.154
162.99
94.4084
206.858
285.673
293.157
140.101
419.157
458.987
122.694
52.6634
316.866
689.272
346.83
448.407
366.311
307.043
75.2602
211.055
582.501
188.021
687.318
103.685
153.48
225.211
284.661
203.776
75.0188
400.182
265.171
250.431
263.992
524.03
105.287
245.411
320.76
470.186
76.0856
125.952
662.013
343.511
476.613
669.219
79.7027
162.609
774.448
331.471
618.559
475.374
117.118
1034.77
1023.9
74.6289
331.96
477.363
93.0645
544.019
331.657
237.359
124.658
382.046
782.436
200.915
566.675
196.927
207.744
483.852
63.9509
371.429
158.62
849.248
90.9578
120.12
165.391
78.8387
391.278
341.533
510.7
202.093
64.2438
57.3121
312.388
112.527
93.7904
382.073
54.2891
335.63
101.071
146.847
425.134
234.235
683.308
347.195
153.07
42.2803
159.366
678.023
55.124
157.903
488.584
264.261
229.804
127.61
367.665
695.66
309.693
161.878
1262.28
229.599
60.9663
190.101
45.6678
47.9884
165.3
165.546
202.654
809.877
160.257
256.947
35.3027
95.062
829.582
637.468
342.505
195.686
105.418
95.2435
89.4466
508.165
85.203
414.762
409.157
803.867
103.172
60.9487
291.147
430.814
414.264
252.116
493.316
180.155
453.725
594.522
260.858
67.4741
126.82
499.582
209.461
113.659
99.75
243.427
56.1602
347.564
184.431
677.756
228.115
199.636