2692.18
882.016
4364.26
4353.71
5117.44
6955.29
5204.99
1619.89
4222.2
4881.44
2454.95
12285
2231.83
2405.11
8890.33
6898.59
5907.8
1827.43
902.484
5357.72
15459.7
9783.27
4607.07
1589.3
299.881
218.582
992.156
619.027
3623.78
5256.13
5292.85
6413.6
11721.6
3027.97
7244.49
14018.8
15493.1
14087.7
18467.9
15579.2
5527.08
5374
10347.5
8194.04
16358.2
792.288
5112.77
3101.94
13909.1
1961.34
5285.61
1522.06
2093.3
380.385
6192.15
5851.66
7308.65
9592.5
1026.84
1029.85
7959.86
1126.65
14986.2
1667.9
10738.6
2437.72
3815.84
2719.05
5643.11
23605.6
576.967
10851.8
1787.94
8773.69
750.167
6562.76
171.609
2703.7
690.684
13828
16403.3
3728.57
15038.2
11252.2
3562.39
3696.7
639.67
3063.36
1965
3935.83
9308.42
10109.9
4217.06
3456.53
3801.35
375.684
5067.27
7809.91
2364.63
1897.88
6031.8
552.317
8530.23
525.14
7799.25
3291.33
1801.94
18234.5
6389.35
1657.46
1998.14
1704.02
9427.64
20844.1
16055.8
1259.63
12401.3
8586.91
1289.02
1104.21
452.385
4011.44
1743.17
2376.98
7014.61
1196.36
324.602
7178.53
11572
6505.11
6336.87
4685.72
1612.45
3050.09
2260.83
6459.98
12296.4
1288.45
1256.77
2629.36
15241.1
6747.2
13479.4
2879.73
3610.09
8556.42
7168.68
2514.46
542.809
17399
7394.01
6925.52
2511.94
4048.58
2235.8
2417.6
9116.09
9596.94
517.899
6343.02
4080.85
8776.08
3698.17
8450.1
12612.7
964.375
4624.7
1410.06
1286.33
2241.59
5221.3
2334.02
20472.6
4100.56
2098.25
4565.27
20407.7
5957.04
2174.4
6279.13
1598.62
1538.01
671.743
37012.6
11302.5
2411.15
3612.54
8790.42
4472.9
2703.58
807.373
9422.98
17863.2
1228.01
2400.83
4998.97
6694.91
3005.37
2448.09
190.876
1864.67
29883.3
8284.67
472.114
2733.63
7041.99
7336.09
1408.34
6947.65
13823
2466.26
869.713
6759.74
2661.69
3625.9
3825.89
2891.28
5730.61
5560.42
126.397
2538.69
9929.89
13558.8
1373.27
974.061
6472.19
10948.7
1012.99
2142.15
231.113
1737.55
112.024
17204
3487.4
2488.91
6515.05
315.376
18261.4
2959.86
1684.8
13217.1
14467.6
3170.6
18288.7
2240.26
25886.5
579.849
4556.49
13226.6
15234.4
20036.3
349.892
4601.61
1035.48
13516
5968.2
18168.4
1398.05
2330.9
2109.44
6063.46
11276.6
36347.5
7363.15
1267.96
22823.9
13972.2
13979.8
936.902
5108.03
924.021
9542.21
1321.93
10702.9
9105.59
5872.41
4148.4
3874.63
600.974
2169.33
297.4
1269.86
556.108
3160.6
17497.8
1458.06
1990.37
15150.5
4877.83
10973.3
2954.27
1795.08
17409.1
2370.48
1682.09
3569.71
3028.09
6294.36
1142.13
2582.75
4322.03
10516.3
2481.72
168.966
5660.93
4224.81
1253.42
18925.9
1014.27
808.715
15481.9
6808.8
19957.5
6649.31
620.841
517.576
20980.7
8651.59
1356.99
4900.45
12474.3
1128.05
1512.93
12220.6
5621.83
3033.32
9017.88
9452.65
8857.62
9192.91
17674.3
2018.9
141.56
3389.23
10701.2
11008.7
1268.42
3491.66
3227.93
873.718
21251.4
11216.8
8821.5
7179.23
4155.46
141.575
18150.7
7107.96
259.204
3235.01
21564.4
632.687
5355.03
4382.36
4667.07
197.462
1764.15
1396.18
4087.2
6647.43
26819.7
16670.7
1836.43
319.451
4473.02
15431.8
32824.1
874.254
5889.7
8707.31
4144.2
2789.06
6138.25
5417.87
7275.77
2114.77
1108.54
3994.75
8380.03
5797.23
5986.26
1909.59
694.96
11321.1
227.214
1803.49
3840.65
3802.5
9223.23
2576.43
4579.31
5672.64
1843.83
6132.61
15347.9
13815.6
2454.52
4862.25
13680.1
7293.91
207.931
225.753
6566.32
7921.09
10940.5
16174.7
2349.49
12019.6
2618.96
11888.6
25102
289.484
497.666
3871.64
1322.22
10503.1
4272.78
3475.33
2982.37
3882.17
5265.28
308.908
1818.6
647.644
1861.46
6991.06
1140.18
11249.3
4322.23
2005.25
556.829
2824.14
19919.6
20173.6
3736.77
4080.79
7384.37
1825.27
12481.8
12473.8
6462.8
8799.57
7383.97
3850.32
9934.72
9433.06
15938.4
15120.3
884.676
6413.8
324.83
6719.97
2713.06
6957.31
2895.52
2645.46
21942.5
6156.05
831.034
3750.49
9965.54
478.568
7041.34
364.073
8328.27
1170.73
3568.9
2717.72
865.918
10126.4
6090.78
2477.09
10344
26202.6
3683.89
7510.28
5047.47
1966.29
5680.87
11958.7
2321.29
2539.29
1145.97
5352.18
756.21
5884.8
2970.68
3085.42
12884.1
14177.4
1258.72
21316.1
1570.6
13030.8
2230.78
3077.27
5422.14
6318.21
301.924
17625.4
2139.36
17982.1
4819.51
1883.95
3216.14
8794.02
5036.19
5065.95
12555.6
9434.35
3360.66
3241.48
6188.42
23509.5
1014.11
7829.4
16433.8
2178.36
699.992
1544.96
4899.32
8136.11
7177.78
5089.82
6410.87
1617.9
3921.43
10549.8
3628.62
4868.64
5946.35
648.365
4888.34
7894.12
3967.95
570.291
860.799
712.522
11662.4
3577.29
21157.8
10887.1
6326.29
1410.24
2945.84
22086.7
13158.9
8418.26
3367.81
2410.11
2352.34
14255.2
7175.65
1179.67
17215.9
252.39
11241.4
565.199
13896.7
7514.56
21016.9
10557.5
5742.49
4048.12
470.393
7779.61
7441.58
2828.06
3345.66
3866.44
6903.6
5130.65
1120.76
11335.2
278.685
9222.01
38864.6
4209.02
8388.31
5178.91
14191
1644.78
5131.46
8928.82
9859.32
18516.4
1264.22
7119.61
8074.32
2958.74
2211.39
37472.9
1517.51
21646.8
690.803
1097.35
869.751
2605.41
4605.55
4503.01
11531
6606.26
1471.13
1705.84
4678.66
1104.9
10079.2
6042.6
3308.17
5859.53
2931.99
19422.9
145.194
5916.63
13413.7
16615.7
10862
1830.3
1864.61
15923.1
1540.91
6975.26
4285.56
7287.15
534.641
1076.29
7535.48
2808.56
235.643
15337
1196.42
7829.17
1807.51
6896.37
14152.2
8184.22
1401.43
2953.73
3373.85
370.387
9176.9
25512.1
238.152
17358.3
10299.5
2164.42
932.366
408.874
6856.13
4579.8
549.647
131.297
21643.9
19055.7
8071.02
20429.1
1615.05
1390.45
4875.2
336.973
415.602
8976.09
13841.9
6836.78
273.937
464.524
1757.24
2517.76
4368.5
2825.78
1021.86
2705.1
7592.27
17517.4
27828.1
19042.9
452.769
2578.97
19288.6
3353.93
4964.25
5293.58
9524.57
1020.97
1664.44
615.259
2935.4
718.968
3716.07
1170.65
5987.1
2202.72
4617.85
2583.67
237.795
4998.32
4226.52
10244.7
16465.3
2184.93
4311.6
9095.95
1870.44
1245.83
2032.33
984.676
342.76
3420.85
8758.85
2832.95
3898.56
2704.64
3415.14
1476.4
5800.34
11407.8
11732.4
2734.7
8323.81
3684.38
6823.75
2659.89
4222.99
11679.5
4753.05
1004.43
9329.31
15546.3
4531.98
387.128
3197.09
6957.87
2759.97
5091.25
8569.04
5663.05
1807.45
7815.99
8428.71
2206.24
6419.35
809.398
5533.13
6329.49
2534.44
6314.7
9953.54
2501.71
1892.27
11906
8316.44
1198.67
1987.9
9496.53
7680.68
6764.9
1394.99
4855.76
1185.49
6453.75
1668.86
11648.5
631.907
12702.4
753.514
634.091
12413
13332.6
18215.9
12330.8
2747.14
5051.86
6116.09
9294.46
866.78
4631.7
2455.99
8783.61
3779.27
5730.57
3161.2
32747.1
18002.7
4349.6
6877.97
1953.45
10107.2
1821.75
4585.43
3780.43
3227.56
1989.57
8125.59
1447.85
1608.17
11215.9
10110.3
2621.81
7974.37
310.045
2655.37
14622.6
1552.2
21136.2
6864.59
14175.2
18034.8
12472.8
547.275
1873.93
2541.27
1786.78
2421.64
1945.19
1162.63
2900.23
1350.31
2677.65
266.477
2310.46
7250.79
6974.91
14683.8
1789.74
1012.43
25325.9
6347.43
5561.93
7147.44
3704.05
474.475
1986.64
3419.84
7953.62
1870.73
1242.15
4829.6
3512.53
2118.23
4923.87
5108.79
24931.9
8656.72
16756.4
14614.3
1451.29
247.83
3509.99
957.589
1559.29
650.044
9077.54
3756.72
5732.26
3939.73
9872.27
3737.38
6354.22
957.161
4762.46
11347.4
6333.15
2955.13
301.678
1373.26
11679.4
2035.63
3946.55
611.874
1096.67
5426.66
14777.2
10255.4
17179.3
5774.68
5276.7
13446
2546.41
2401.91
850.49
29772.4
3038.36
5061.75
8921.17
8819.44
1928.53
1893.89
22350.1
9103.48
3209.8
2315.39
6094.9
7274.93
25904.6
2751.03
3180.31
6357.25
26828.5
9082.84
1045.06
14862.4
4847.16
8129.96
6186.12
1646.93
868.836
2064.82
2069.52
2913.13
2253.52
437.223
6984.92
7392.26
21232.1
5100
725.745
3330.71
2850.92
251.202
14988.4
2786.53
12527.8
8561.44
6927.58
11360.9
11390.9
12050.7
13603.9
10271.7
4627.99
3801.14
2376.48
3069.07
6485.36
1736.47
3800.51
1332.83
16424.5
713.947
1132.82
4795.82
10629.3
1795.81
2538.52
856.402
2029.91
13543.9
7412.34
182.793
10212.2
8464.65
2099.8
29615.2
9370.51
4816.93
920.844
2767.2
14341.6
5372.02
7573.55
4118.08
9207.75
6330.24
21533.8
706.395
3770.43
1857.98
740.842
110.209
1804.31
1212.71
765.234
10183.7
10482.6
7094.7
1817.51
7924.43
9149.39
5002.28
1236.36
1922.83
2614.65
5989.47
363.533
504.099
40401.5
825.727
12944.6
22730.3
2814.54
691.209
2624.77
1140.15
9649.31
1778.52
623.309
2800.67
11307.2
1033.99
7071.86
1116.76
7813.43
237.483
6040.31
9100.13
7862.83
2438.48
7975.32
1419.48
2817.96
937.716
5752.53
13705.5
982.417
8759.8
618.076
5786.99
6108.02
4420.75
1292.19
14782.8
477.847
9789.94
887.239
6947.69
5902.16
6702.39
21080.2
300.955
5096.93
17651
285.169
2478.27
2527.7
4619.02
3131.29
1069.34
10107.7
1555.38
1329.02
7138.58
10724.3
848.829
1841.91
9837.54
3281.73
664.586
22207.4
656.855
3927.52
6279.13
7258.94
12199.3
1833.1
452.399
11910.7
4225.09
4334.26
2659.27
2674.16
16069.4
6681.84
395.078
3057.59
7081.04
2741.23
5397.24
830.413
35507
11204.8
19696.9
6884.55
4421.39
834.965
10772.9
12830.4
3723.58
4734.69
477.096
15858.1
4184.8
6887.62
7948.82
5328.75
6275.26
3390.87
3970.28
2550.07
5292.31
3977.68
998.656
3464.38
1739.36
2649.31
2132.34
675.498
12266.7
13536.2
20588.6
4456.38
546.778
8437.5
9705.85
21654.2
1435.23
1049.18
6012.95
4429.48
535.8
213.082
2666.46
3540.13
2569.65
14101.5
7606.88
2443.55
7134.24
2345.84
3461.11
14923.8
2374.66
4245.07
7276.38
9124.48
5833.73
4410.09
4422.48
12256.3
19155.7
7444.61
18462.5
18685.7
11248.5
5484.3
8534.19
2405.69
20316.9
1427.14
9263.44
8195.49
559.649
8131.68
3158.64
9541.92
5616.24
21330.7
87047.5
4798.2
2174.85
3780.76
8796.54
6018.63
7927.07
418.758
3738.28
311.676
151.901
5621.34
12458.2
11944.7
3173.19
1253.65
971.64
4635.33
561.848
24382.9
5406.48
584.967
4810.57
6283.51
284.136
14941
484.504
7574.93
8927.1
13179.4
4527.65
5580.57
536.419
6660.54
1764.8
9505.42
3055.58
6483.74
3994.7
7330.44
1937.84
295.273
20750.7
7043.27
386.88
981.549
12959.4
12895.4
6763.51
8908.84
1722.95
1233.2
10975.1
2453.89
4218.63
1508.56
5930.55
26846
11218.5
6812.15
4660.31
5648.44
5559.12
15620.9
8714.84
9475.99
1386.79
29592.5
1672.19
3763.84
549.972
15741.9
14120.4
1286.49
3879.09
966.039
184.585
761.717
3251.01
6652.79
4893.61
6484.45
21795.1
6951.2
2163.49
12086.9
3714.89
4074.13
11598.5
14147.9
3198.41
2272.31
6664.07
5049.15
2569.84
9624.32
10075.6
2492.28
13719.4
1135.44
12896.4
2845.9
670.067
11828.5
1315.91
10770.2
10464.7
2141.22
5996.07
27500.4
436.124
1419.63
2363.5
3192.52
8163.98
2466.18
1602.58
9473.77
2203.7
10902
9573.74
3904.63
7515.35
8189.46
1019.63
31528.2
2485.3
21585.3
8477.6
5115.8
3929.77
3048.97
422.915
19225.8
7436.01
1282.84
4417.07
21003.2
5634.88
9842.86
13457
3680.28
3641.82
4856.84
3062.48
3488.94
3350.86
4918.49
502.752
4267.12
2537.86
2511.58
8276.56
1915.16
441.79
6477.56
2960.5
13785.3
2222.83
1469.7
1219.03
928.125
1871.73
6166.53
1285.03
5442.55
15305.8
1692.36
1783.41
31941.6
5215.73
9363.51
320.012
2575.1
2131.73
23339.3
2161.28
7778.36
6154.48
2215.55
210.19
1565.57
8242.29
1160.33
11821.4
4835.24
2169.93
3070.36
8243.54
1200.96
28041.4
10464.4
2750.57
2386.29
807.221
13410.9
1297.85
847.71
4350.52
16323.2
626.353
5740.3
719.765
2155.57
7620.26
4334.77
9755.61
24143.8
316.235
4737.39
1414.83
4074.45
2370.23
16800.5
16815.5
7018.56
5858.26
4563.57
408.878
5147.74
10877.9
9844.01
10949.8
17087.2
16982.1
5256.49
5303.36
9011.93
6148.19
2790.69
1604.32
5431.51
7374.63
147.015
4236.15
6705.84
580.562
17938.4
122.031
14509.6
2998.49
6055.68
3558.65
14504.6
2903.14
9590.67
3930.21
1052.33
3527.97
1031.9
8515.69
5381.77
1334.55
6334.26
1130.06
773.107
737.914
5408.01
5878.16
242.452
598.545
720.059
3396.16
2940.87
2922.19
567.298
21757.1
9588.91
17286.7
3541.18
3251.74
4621.72
11324.3
3323.15
595.254
2522.06
24277.5
1580.54
4610.46
936.989
13925.9
4760.18
17641.7
1016.36
345.271
10906.8
8004.69
3510.93
5797.46
16581.6
1376.25
5247.87
957.358
10632.7
1681.42
6305.65
4768.59
9476.62
1145.88
6134.05
6342.64
4562.09
2109.5
2860.41
26068.7
15117.2
2075.38
20216.2
8260.04
406.471
2099.4
3688.39
4984.34
9730.39
9441.34
5426.48
4010.12
4748.4
4662.39
8213.9
5680.36
2054.72
23310.4
5679.73
15396
9830.26
5024.79
1790.12
1622.86
455.851
12889.1
1418.07
7484.76
3001.73
672.471
5447.92
7448.36
11933.8
7746.98
219.359
217.312
688.651
11985.2
5088.76
3770.1
2379.87
5001.34
14262.8
3607.17
571.184
21039.6
323.776
1419.99
1585.74
2831.31
1397.47
4283.04
13438.9
5345.87
250.658
9271.86
9254.38
2300.25
6743.58
12673.5
4695.28
11453.5
2696.39
547.446
3878.49
30860.5
7923.44
2533.86
2626.81
1011.04
22742
8359.18
4817.81
531.987
2805.08
7397.2
1809.89
16171.5
6764.45
4194.92
4507.02
29970.4
17139.8
326.455
4470.12
10097.7
2394.92
13317.7
865.014
9956.93
7956.58
1091
5140.71
7766.56
16772.5
942.125
1847.27
1683.73
2000.53
8746.14
10286.7
675.565
3955.59
1094.89
18229.4
2798.24
2489.99
11224.4
4704.95
91.8538
1475.8
1465.58
18273.8
9547.01
14392.7
1729.34
11967.8
3586.89
1949.05
18853.2
4065.78
1865.13
13578.5
17157.1
4472.88
16048.5
13306.6
13034.5
5884.49
3343.38
4241.41
995.925
9606.43
1431.52
11323
6938.72
13125.2
529.409
9526.65
2294.19
2668.12
5197.1
7648.96
1760.79
14485.1
7343.57
1904.71
13128.5
9609.25
727.186
3039.68
520.987
14186.9
13098.2
6224.15
5217.37
10279
5612.06
667.827
7528.81
12884.1
6078.09
21494.3
550.096
407.873
3302.72
7093.1
194.465
28234
10593.9
5131.02
1028.41
3891.74
5725.32
7496
8359.35
8034.37
5406.64
12141.6
7958.67
608.721
15422.5
3516.64
4848.92
3860.26
2143.95
8160.78
6294.56
2159.62
9985.63
9005.26
2466.38
981.877
198.91
2106.72
6423.97
760.419
913.415
1543.82
9919.56
2113.73
1149.73
2865.74
13007.8
1505.43
1170.9
9748.45
2700.94
6923.78
5036.98
6835.72
14572.4
1335.36
19271.2
1782.85
5539.14
16698.6
3585.98
4696.94
29783.6
6337.13
6810.25
17320.8
7739.01
3045.51
9205.13
4664.09
6989.75
3922.02
2984.12
8895.58
6792.87
4584.64
13018.1
31252.3
4975.84
7864
14672.5
7588.35
7496.07
29030
2139.06
3437.46
1339.81
4787.9
11311.1
773.67
11039.1
10163.9
1162.9
1076.1
2946.78
12166.6
8941.34
13963.8
9934.56
142.939
3640.75
2994.08
2007.22
7981.82
14577
1344.8
17847.2
18584.6
2066.54
4503.66
5893.12
9587.49
1183.11
4538.84
3258.82
7094.1
2775.4
14821
539.58
17217.7
1527.61
1487.28
20757.9
2012.25
10811
3048.53
3144.18
10727.4
5218.2
3659.54
2062.89
351.037
3921.98
9119.21
1111.46
2741.61
159.804
498.989
7198.92
1744.21
3759.27
30193.9
3639.89
4782.3
2859.8
8613.8
33690.8
8646.78
5923.77
6767.09
1395.72
12444.7
308.434
976.173
465.907
1211
4539.3
10361.9
763.265
1058.12
6116.86
14033.5
4164.21
548.303
169.884
2234.55
5093.05
1027.27
2229.94
16743.3
12776.3
4857.73
5606.93
575.883
12320.4
5754.18
1734.9
6548.12
11100
12704.6
11902.3
8602.24
15071.2
2493.02
1007.58
8882.57
949.12
889.248
1114.43
2730.11
4917.8
639.395
5709.82
993.429
5302.64
3507.24
8596.94
13508.4
9613.33
4502.62
301.115
2938.06
3591.69
4224.44
1853.01
562.849
677.898
13173.8
1296.42
9218.62
1488.43
2215.85
2541.55
2747.25
259.86
2129.81
28418.6
20239.7
21227.1
12668.8
2889.07
722.607
6038.42
5615.58
9961.23
4276.43
5157.22
2535.07
1835.68
4514.83
531.425
4830.83
4071.56
8054.85
12145.1
4466.68
7917.63
6882.74
7162.61
4915.73
1540.42
4736.6
23523.6
566.538
16196.1
260.728
6712.55
11257.4
10003.1
887.669
24721
2239.83
1276.41
5165.93
2270.79
5514.6
5214.03
10123.4
12282.6
11565.7
2349.91
254.556
2273.88
1664.07
3321.94
18384.1
2382.23
1893.7
5108.61
5683.95
1220.4
368.985
6477.97
24692.5
21828.9
1912.42
688.685
14568.2
2159.53
4500.16
5823.12
3228.64
10934.7
673.693
2136.68
564.14
7345.58
5150.06
3885.55
2718.31
4095.09
5776.55
11543.1
9207.74
4685.07
3669.94
1062.84
10473.7
33497.5
1126.06
243.365
4251.88
21337.8
18009.9
9266.2
7247.02
4093.47
1135.16
1254.51
11056.5
899.776
5098.1
7313.98
325.67
4086.96
986.611
7975.16
3106.62
6168.03
5534.26
3382.14
803.527
4631.61
6617.32
11847.9
31518.1
5326.16
4479.3
1976.41
6789.8
9708.05
6064.03
11491
5960.26
2443.84
14035.5
423.321
3630.65
8660.14
122.508
7103.51
562.447
909.147
559.875
1356.08
1205.95
18729.7
731.579
363.522
2869.83
4407.78
1157.51
3815.14
8548.66
2271.27
1252.93
5696.35
6434.79
9145.16
4161.28
3711.1
4850.49
2065.14
7718.72
9139.1
129.599
2065.6
2927.19
4268.36
11038.3
466.524
1647.71
5008.93
29186.1
880.441
21820.2
10125.8
656.053
784.904
4852.58
2085.75
17058.2
8113.06
6814.67
2183.29
6916.25
1400.31
5121.92
25115.7
7532.8
12668
12340.3
147.426
4109.47
33873.6
3575.03
3077.42
8039.79
9887.45
19154.9
2069.14
2819.04
5924.99
200.979
3079.03
1683.27
13397.6
7726.04
3624.21
1196.12
24959
4617.77
2711.28
11840.6
11189.5
1598.83
552.701
1895.11
4272.25
1141.55
2542.17
4764.79
9896.01
1933.19
4408.8
535.616
6298.29
5964.1
6082.81
4377.28
4708.98
2249.2
3214.89
539.873
3834.68
1745.26
33723.5
4968.91
9000.05
45374.5
22643.2
17747.4
938.916
6572.49
13902.8
9066.28
4480.36
4163.28
4684.05
634.449
4805.57
134.624
13686.4
2278.72
8572.22
17281.7
4443.4
268.213
13535.4
5940.93
5813.65
525.258
3102.76
7627.51
4740.04
11636.5
791.727
11065.2
3662.15
4876.52
558.753
4911.03
2957.5
39675
9809.4
9400.33
8193.49
2124.13
1667.28
1612.36
2213.14
2087.91
1362.52
4524.19
10289.8
4178.27
1214.01
759.178
7161.83
1332.8
5088.36
2075.36
2445.96
5761.44
2697.9
2865.19
11254.7
6382.14
1720.38
18592
978.355
4004.28
7959.12
9977.82
6137.86
14722.7
2844.71
2063.17
8198.2
8449.91
13295
2217.32
13059.6
9636.35
8811.73
2288.1
1805.93
8383.06
6122.96
7766.02
11397.9
940.652
4368.64
11956.6
2857.71
11811.3
996.529
14771.3
4302.81
9182.49
12724.6
2946.16
9758.55
5055.4
2341.08
5213.67
4718.76
3756.64
450.94
3932.22
757.409
8011.23
689.858
18547.1
5313.62
10516.6
7143.39
1850.37
2051.6
12837.7
6007.56
15383
22042.3
2202.54
12689.5
6533.19
13656
6470.8
1923.58
799.392
2045.84
16990.6
7060.66
6492.36
4414.48
1891
177.846
7138.49
1206.77
2092.17
4117.47
8355.48
5335.04
7408.68
3978.31
7682.42
2077.14
753.349
7065.39
10536
6922.48
8876.95
1331.04
1395.54
12169.5
3386.07
4613.36
648.163
15134.6
1990.36
2533.72
6085.78
5741.69
12320
11191.8
2200.74
1980.8
12105.4
10296.4
16609.5
4920.52
8640.85
299.632
2102.19
13850.8
24910.5
10948.8
23685
3027.6
7119.42
2332.69
9328.41
10868.5
5249.23
21238.4
1997.77
6601.91
15271.9
7858.3
2111.2
503.861
9284.23
2216.8
10551.8
27837.2
3226.88
4776.16
2815.53
1535.51
10993.5
7314.87
2132.58
7491.75
412.51
2882.81
3836.22
8337.82
3872.95
2701.8
12849
10397.5
3104.62
6842.22
8663.49
163.878
4124.73
573.384
7753.91
7525.81
528.217
18776.3
411.857
1536.41
11752.4
9064.84
7975.74
1066.12
5712.62
6012.99
3529.15
11194.8
680.43
1415.26
465.449
4044.15
665.127
3834.84
1797.88
19618.4
7008.51
20697.4
1757.32
15295.4
3796.51
7180.69
2466.54
1421.17
9442.36
13672.7
13116.6
5808.91
3945.92
10471.7
7274.25
7138.91
5995.88
997.867
24852.6
4850.84
4857.12
11917.5
4870.47
453.943
24277.9
16575.6
641.071
2559.13
12054.8
4199.07
623.907
3768.71
8292.44
14476.5
13482.3
12521.1
2702.06
8700.52
3695.64
3842.21
6465.33
6565.65
1613.03
9985.03
7205.78
15436.2
10315.3
489.451
4602.27
5216.4
989.516
1062.14
4931.8
2677.3
6495.17
8391.06
4542.64
2010.53
1096.85
3322.77
5661.93
632.395
3709.36
6625.57
4142.38
1353.2
2557.62
19997.1
19304.4
7646.95
12899.8
11088
624.224
948.622
3186.79
6605.08
13100.9
3844.74
72.9597
5414.61
9334.79
2173.51
1300.84
6989.81
6814.4
1459.47
6201.66
707.129
2546.24
3768.62
1259.12
6759.95
14013.4
529.926
8651.57
10650.3
26198.9
2408.39
2497.47
1426.22
9652.29
14118.2
6859.91
335.314
152.257
1363.97
2477.65
1244.18
15298.4
6251.03
3491.84
1725.33
1918.03
5121.87
7869.58
10731.8
411.508
1484.26
3377.06
588.724
679.916
2563.56
995.754
1979.82
12731.9
10904.6
1067.57
6791.67
5566.02
2268.62
2535.6
1334.16
8476.63
3409.95
5303.22
5139.87
9570.45
26316
25593.3
147.311
3873.67
26868.9
3724.18
11785.6
2385.95
5756.77
3455.13
1809.49
3940.14
3156.83
8860.91
2734.49
1226.46
2211.67
4118.41
14080.3
3034.77
1887.89
7374.26
36473.6
2444.22
358.713
8579.29
4051.62
25129.1
1245.53
10895.7
4496.22
6801.52
1740.37
11155.8
13754.2
4420.88
2037.96
11008.1
734.446
135.617
6214.27
2585.97
1750.5
1389.9
1875.2
7441.97
7005.87
3850.11
2945.62
3535.44
16464.5
705.98
9172.43
1767.66
4940.11
2464.55
3204.08
13712.3
2511.09
233.593
8488.98
153.604
4206.85
7561.31
2915.58
4123.48
8005.02
13479.9
11769.4
837.289
9180.9
4897.66
2894.81
15230.4
4957.56
9531.36
5946.72
1464.07
482.872
22783.5
8213.15
12771.3
8147.48
19216.7
1312.69
5257.78
1966.41
3861.05
5920.39
10456.7
1499.47
4073.98
6922.37
4342.39
9660.4
9651.5
1061.97
8030.41
4838.44
10050.1
5478.12
2697.94
1108.15
344.392
6395.88
697.572
2398.83
6393.51
6051.54
1209.06
4036.63
19658.9
8905.14
6902.38
1752.2
6866.1
6444.68
6159.9
4569.89
1847.66
7169.33
12634.3
277.263
31976.8
809.677
2727.58
2817.57
3355.63
14257.1
2101.84
10855.9
430.076
1072.31
12716.6
9629.25
786.147
3629.47
6999.13
7958.19
2535.9
1415.66
2830.81
6682.83
6926.22
985.804
8904.57
7427.48
1560.54
14949.7
3164.07
2405.18
439.578
11025.3
1178.92
13158.9
1386.8
1762.27
6633.41
11362.2
1872.35
3811.33
1339.82
5826.12
6398.77
3475.41
448.814
9075.65
14933.2
11946.2
3242.86
183.342
1880.68
11314.5
10845.8
1644.53
5661.68
14065.9
12023.9
1837.2
13083.3
475.697
2456.38
495.272
360.438
3732.54
6642.95
14070.4
1740.99
4011.37
4931.81
8503.47
7019.34
11198.7
2576.41
1943.92
992.404
8131.36
9260.66
1258.62
4629.13
2570.07
2288.26
1305.09
13022.2
1216.43
171.956
16484.2
524.907
9451.92
5865.91
6291.51
819.853
9173.43
7680.95
7372.26
1169.8
4045.28
15627.8
11546.2
4482.13
6293.24
9916.39
1982.26
405.862
1020.46
10242.7
13199.3
540.017
11139
262.88
9595.31
529.15
16661.5
2054.41
704.052
2853.05
887.392
2941.29
555.893
6182.4
3471.36
669.338
5216.43
5457.4
3769.19
2287.29
24382.6
719.904
5466.33
16045.5
3178.62
7101.79
3129.08
6310.44
1155.34
8364.49
27902.1
5175.36
8504.19
6492.5
6482.8
456.837
22469.6
8254.62
23962.5
2520.64
9596.19
4514.24
4746.08
3649.75
8259.64
1104.2
3495.8
370.629
4610.73
29913.5
730.021
5807.76
1717.43
1640.04
336.185
4161.24
14785.8
9123.33
3752.23
11187.1
4443.08
388.072
6778.33
6224.38
12719.6
2538.95
862.119
2112.56
6610.76
582.23
1948.4
24881.4
6148.1
2645.86
3077.42
1664.94
1976.78
7821.78
4035.64
10354.3
9098.56
8850.36
4369.96
227.054
1226.19
13453.1
4198.47
1435.21
12155.1
511.072
11507.2
1366.4
214.445
987.917
1830.75
17823.7
16961.9
13471.5
2934.46
1574.15
669.465
2909.83
808.898
1966.45
9426.47
8204.52
6604.17
9187.68
1550.65
9263.27
618.539
6349.52
9833.31
392.414
5956.15
3484.2
12305.3
3829.05
15846.2
69808.5
7550.18
19974.2
3398.48
4702.33
6840.71
945.421
3034.34
3643.27
391.14
1898.6
6337.21
3623.77
18961.5
2076.94
129.083
6287.43
8262.75
4581.92
2164.21
4314.98
4461.86
1965.39
8903.58
5370.81
3663.68
10161.9
8800.97
1019.58
3308.69
1472.61
5362.52
7666.67
5884.81
14281.4
1426.76
15658.4
7370.01
3360.94
830.364
1784.99
8348.23
1077.72
19848.6
2114.24
7819.94
1190.83
18195.2
7150.03
7190.08
6275.25
1794.64
10337.6
276.474
3378.34
8210.8
6551.38
5878.91
6270.23
12547.6
1705.96
10660.7
8601.29
8548.8
4270.09
3807.77
6349.09
1252.31
4595.55
9183.71
1723.87
3040.58
17844.3
10704.9
455.561
1755.05
4519.07
2911.55
7339.3
371.606
1426.07
9616.31
6532.39
22804.7
1440.58
645.709
1508.87
13229.2
8743.44
10363
12041.5
2622.3
2416.41
378.322
23366.9
18127.1
2806.69
601.616
8660.88
6179.45
8610.34
13704.8
3927.7
2194.57
232.548
14943
6714.1
1356.54
3349.78
15414.1
15204.5
4935.05
8482.31
3240.75
7273.81
703.731
4650.85
4354.21
2399.39
4265.99
1174.35
16171.4
6966.39
8334.97
19713.6
1309.68
2039.43
8388.53
3736.09
5062.8
2340.38
2161.28
6180.16
1168.13
457.947
14835.3
14882.5
5696.56
193.238
9453.25
2827
1443.28
287.985
7216.91
5400.14
7014.17
536.06
1265.93
2803.3
9320.72
8401.54
1500.88
2336.94
4299.07
9074.41
5492.09
3043.04
4999.02
8563.73
4737.6
237.852
3312.78
4624.12
7637.83
3687.46
5491.07
14034.7
452.985
22485.3
7806.52
12817.7
1136.75
21094.9
3083.67
7303.06
1906.46
8764.87
12839.2
2773.43
2464.8
2582.63
677.748
4139.84
11894.8
1013.51
12856.5
6390.71
3420.78
7372.97
980.673
5215.16
949.95
8196.33
45685.1
8516.93
3528.3
7030.27
6594.19
28612.2
3994.81
4280.12
4975.53
10300.7
823.079
6304.84
1758.58
2756.22
564.77
1254.49
1829.63
3397.42
5628.24
14986.7
2582.48
1286.94
11872.9
8811.07
13892.8
5909.4
6311.04
3440.12
8754.65
5856.56
2601.58
12706.6
4457.76
4148.43
1661.15
1652.14
6650.34
2107.07
20610.3
1147.4
5792.83
9002.97
3901.66
37717.1
13812.2
9013.91
5237.88
10764.8
16991.4
16598.1
5083.93
26701.3
4721.95
2638.75
6498.06
4691.86
2604.43
2558.46
1296.84
463.72
8693.98
1001.63
10355.2
3264.71
6798.06
3449.09
450.227
2311.8
6941.99
9153.1
1716.02
2796.6
3585.32
9846.91
4327.6
8652.77
140.289
20559.4
770.756
9636.09
5518.67
8195.63
2385.64
1229.91
3722.72
6592.02
518.052
3291.01
7147.87
32790.2
3079.43
2137.72
5838
3716.39
7481.14
6764.43
2887.46
8143.34
1961.58
10646.7
4050.74
2690.54
2238.93
12062
2240.46
6156
6644.27
14527.6
4432.58
7632.06
7107.95
1465.4
1581
4945.29
3827.5
1917.63
3363.46
3701.05
835.425
4654.5
33817
9147.68
4504.46
1756.89
9265.91
3182.41
8615.97
5590.23
2354.69
2566.13
8874.6
497.021
2364.06
6580.92
9623.58
2832.36
4176.4
167.691
18360
8488.91
12316.3
6439.28
932.294
9869.57
743.727
755.6
31571.8
2271.89
783.456
7791.73
15997.6
5084.95
1646.52
16360.5
221.074
4366.3
4280.49
685.525
8210.14
1942.75
2043.2
5373.12
681.891
11333.5
18644.9
18212.9
15082.6
7433.33
2467.36
8261.3
3725.62
2967.41
2941.09
1750.2
9713.85
3560.56
1664.48
13949.7
11948.2
8675.57
7607.37
12332.6
33543.7
1629.99
9095.68
11023.6
3203.97
27871
653.009
4421.55
4644.78
1815.93
2293.05
1598.15
2736.03
6622.46
6753.92
995.255
3434.26
13576.3
10997.1
20417.5
21691.2
10199.8
1352.88
3301.41
12659.3
4690.27
4401.06
2139.53
1166.22
10226.4
6978.85
5336.08
20560.9
693.915
5543.18
1422.6
2277.01
3920.35
12737.4
11618.2
14582.6
4932.58
2828.68
6817.48
4594.91
15447.1
9899.72
5000.03
13821.8
2709.32
2145.49
4373.34
21929.9
3335.18
4354.6
8905.01
10999.6
3841.2
6919.7
2614.2
1111.01
6019.04
2379.98
4632.01
5564.73
6809.87
1552.13
4060.65
9352.23
3614.55
1024.8
16451.9
10383.9
9347.8
2656.58
5752.38
10982.3
3823.91
14473.4
1426.83
7037.75
3668.49
1321.33
1367.13
13969.5
1093.16
17490.8
11043.6
371.641
5891.82
1637.53
2532.06
7877
4570.75
1444.56
4895.19
412.739
7237.4
4006.04
6780.84
4140.65
29516
503.448
3212.45
8261.79
6482.16
10435.8
11602
1895.59
1376.41
3632.67
12210.3
15717.5
1524.82
3318.58
1701.41
13052.4
9300.41
1728.69
5701.14
9167.17
7107.98
8252.53
16170.7
10335.2
3226.72
748.316
23201.2
499.248
106.31
9935.87
11396.1
8940.79
4950.98
10710.3
20880.6
817.822
6203
5321.58
5910.74
1350.86
20870.7
12013
5154.91
2300.35
1759.32
352.213
10365.5
8750.22
5768.61
2241.13
5249.59
5954.84
3740.62
3317.89
1069.85
241.766
700.04
5694.18
9087.21
369.745
2715.14
551.508
9147.85
9783.04
4556.13
6507.52
17361.8
3319.83
2725.94
609.965
690.153
2945.49
4038.75
1227.56
8920.56
20790.9
1423.96
29420.9
10793.7
5743.1
4539.34
1168.7
4029.32
1755.09
5456.79
523.509
5456.76
351.887
14432.3
9437.64
184.712
5233.18
2623.28
5699.44
10612.7
19159.5
20460.1
2250.97
227.774
4632.41
7533.26
2241.89
3338.06
104.579
2918.96
3684.56
5244.47
9910.6
258.339
10535.7
1863.65
1905.96
1972.44
881
1781.7
4537.18
8955.21
5305.59
4803.62
13299.8
1099.24
11387.3
22459.3
6749.98
9558.55
3954.88
10959
19738
446.972
3083.48
2791.61
3130.74
4461.6
22629
4118.25
7610.72
405.277
968.223
5821.18
3369.66
7756.8
9323.75
184.435
2404.77
170.205
845.394
3116.55
12047.9
23838.2
394.254
662.842
21392.7
13645.6
12867.4
2510.72
7883.34
1025.37
4788.32
1444.58
19472.2
8336.66
4555.71
14891.7
1986.61
1452.12
1676.29
1724.63
2691.4
886.681
12811.2
407.546
6982.51
4445.4
31612.9
7373.97
9464.78
3815.58
972.229
5843.14
13293.3
11091.3
9367.51
417.227
8424.77
21881.9
11182.7
2908
17782.5
390.258
1159.65
1487.99
5299.84
573.664
2653.06
2155.08
414.862
88.1363
6603.54
3002.1
4791.27
2747.36
8814.91
22927.3
5536.66
1424.6
2583.5
176.504
4602.7
159.62
16723
5748.69
5412.99
3496.28
2351.05
7264.03
11221.3
1113.33
684.28
5239.1
15578.5
844.204
7484.95
2925.31
12573.9
4626.38
1116.16
8241.36
3653.35
657.197
3689.87
20808.2
1570.34
10051.4
4938.76
25120.4
342.063
16140.3
946.352
1791.37
120.112
2304.89
9577.72
1272.15
5011.11
5839.04
20366.7
8698.52
6404.58
13359.7
4805.13
7683.58
2648.24
714.249
42242.4
7186.74
3913.6
14402.6
19294
1909.22
2939.58
10712.4
1524.11
2990.98
2729.78
2028.51
6854.67
3855.99
18719.2
4995.16
1773.1
1052.7
27195.5
390.569
1103.74
1576.26
1780.54
277.546
2486.5
6830.63
2505.82
2497.95
506.275
16832.5
6435.19
18429.2
14756.2
3464.61
639.437
16401.7
10785.9
2927.28
491.356
10613.6
10480
2612.6
14264.4
556.891
10984.9
12445.1
8424.2
280.112
9680.74
7601.25
2788.99
1790.57
11318.5
6787.04
13915.1
30100.8
26985.8
15568.1
3114.59
16297.4
2350.17
8691.3
14286.3
3556.13
590.653
3169.93
5912.54
8031.04
4628.95
1286.29
15144
10145.1
3802.26
5655.53
10618
9225.88
15111
361.753
4233.07
7467.19
3495.32
8601.57
6007.31
2940.79
30393.1
761.444
10086
468.082
6155.78
5072.65
3954.92
2595.52
26507
5394.48
4745.63
2453.81
12319.4
1270.84
11576.6
5261.01
5240.8
5811.67
7680.39
1323.33
14764.4
714.579
6946.25
4173.84
3151.6
7526.64
7562.33
4330.07
12472.4
6176.02
10727.8
9628.43
1601.4
4516.17
2804.75
7286.98
548.867
280.64
3938.34
2618.46
1104.47
633.486
388.996
19064.7
6531.39
2493.53
564.473
3432.46
4587.58
10140.6
10458.3
10966.6
1474.24
1860.88
18491.3
7338.38
1686.99
896.617
3989.65
18056.9
4986.09
6667.93
16035.6
5296.37
3597.08
6755.05
503.541
29516.8
6366.08
4618.71
332.428
3072.21
4835.2
1030.35
6035.78
6114.73
29352.9
9958.98
11463.4
4472.53
2861.46
6890.43
2184.34
6509.61
13255.3
10491.5
2836.08
5068.82
4616.84
6792.3
5037.6
10116.1
481.402
11489.2
3595.73
9804.39
2715.7
532.796
7179.87
3445.3
3394.15
1077.8
1986.65
3963.95
5483.96
1948.09
2468.76
3376.98
7808.81
9635.51
2343.05
3117.44
505.515
8426.6
1214.75
6091.33
17356
2069.85
4610.59
8378.35
6653.64
11252.6
242.766
2373.72
8150.72
8114.96
5456.14
4270.86
15329.8
3163.01
1229.35
5983.25
2785.32
1163.37
9874.53
1882.49
722.033
10956.2
36573.2
1042.71
499.778
8601.2
874.731
19145.6
3941.23
292.74
5656.37
374.751
6190.97
3457.67
1152.91
3491.96
736.314
4957.04
4153.88
10759.7
5503.11
676.074
1355.02
4097.98
1349.13
2655.48
19021.6
222.738
3003.69
1466.02
3471.73
6101.4
15691.7
2075.37
9008.12
11016.3
1437.23
6751.83
3205.17
15243.8
18337.9
15338.5
7258.95
154.36
266.485
7740.58
8847.3
4411.63
2444.37
12687.8
1245.44
3476.66
10555.4
21762.2
1419.75
18428.4
7188.84
1408.33
2213.33
5751.96
1197.31
10449.7
1557.01
3495.9
12910.5
13802.9
6202.36
215.729
17422
3810.85
11511.8
478.091
3651.8
1091.4
13314.7
1289.62
9245.04
9826.4
1447.94
2180.89
7946.98
5269.9
15449.8
15430.1
2304.8
2166.45
1083.27
31585
6202.77
385.085
13901.4
442.476
10919.7
484.244
5521.4
3776.64
3432.26
1094.47
18420.2
5218.47
2476.86
6198.68
14899.6
7282.39
6210.92
1082.31
7325.72
12199.6
1055.21
6308.08
7091.56
2995.48
13202.6
1345.73
17359.5
2466.68
4963.95
465.068
6455.04
8007.03
10042.7
11459.9
7754.98
1177.31
238.369
5752.61
10389.7
1498.49
4426.98
36369.8
15667.1
1936.83
944.238
5290.55
2083.81
1531.26
14950.2
20044.7
8076.61
6785.48
3348.7
4358.22
112.593
6824.65
5858.87
7386.5
3990.37
1607.76
36741.7
5323.17
3916.59
2532.38
2138.49
6087.45
7308.39
10002
2452.03
456.224
330.809
2216.34
2724.48
15835.7
899.968
1639.97
14990.3
10078.5
7090.73
1267.12
655.705
4225.72
10796.9
29195.6
10059.4
20156.9
2615.15
1572.62
10519.6
3033.14
3808.55
5033.02
4351.72
1051.7
8042.93
3655.98
3873.92
6359.1
14059.2
9113.21
8657.17
1251.47
7344.54
6947.06
7471.16
2256.33
7788.36
5185.5
3195.61
653.185
2026.98
5422.76
9183.39
10405.9
931.716
1495.93
2162.59
19116
6580.24
2484.75
4133.23
6825.22
489.409
8126.41
7717.47
12948.2
1484.91
12479.9
10014
2499.51
1231.96
783.461
15075.9
13351.6
2621.78
4898.29
7151.99
3812.63
4245.97
3054.19
11668.6
2570.08
1463.87
13655.7
12196.8
438.367
17037.3
3201.02
1193.28
1615.31
7022.44
5026.9
1489.63
5163.11
1798.74
22651.6
16595.9
4199.47
15335.2
14024.3
3581.52
619.039
14960.9
18633.4
3589.77
299.987
3158.09
11804.9
3751
273.445
1272.69
5832.6
1680.44
8898.93
1642.36
11375.8
880.656
5222.77
4689.35
14026.6
2142.07
10902.3
5973.72
5573.76
1350.25
1191.45
6771.88
11052.8
3587.64
13774.3
10178.2
23037.8
8527.97
3521.71
2325.3
9220.28
3575.94
13490.8
5392.35
2679.73
7279.83
9977.59
1874.8
563.381
562.634
1503.87
6301.55
910.032
1118.06
4260.26
8373.66
3264.44
6768.5
9184.87
2504.02
4799.52
6831.93
6532.46
203.152
5867.06
3670.9
18653.3
4698.51
11215
23909
17469.9
910.948
2527.07
6116.24
539.684
19908.3
4945.45
1668.84
3540.68
3388.99
23103.7
7365.54
2709.33
3210.01
8345.87
7207.97
3329.73
5660.82
11654.8
12237.1
4286.38
16104.4
3113.88
16922.8
8868.51
10473
3823.62
10395.5
17202.2
859.468
13420.5
440.959
2813.64
13515.2
11161
3682.73
5819.71
2350.01
2670.7
1469.17
1099.47
22297.1
8992.2
5792.8
5004.21
4906.26
6005.55
9775.57
2995.52
126.477
3053.16
1306.7
941.404
4845.67
1318.26
9647.29
2627.11
9201.35
19862.2
6026.11
2617.07
5636.85
14047.1
3903.01
651.97
3044.02
15514.8
2860.5
1478.87
5961.05
30000.2
163.691
23710
669.917
1868.39
501.115
187.26
7790.35
22429.6
18108.9
5548.63
16505.2
7722.7
3543.07
8480.83
1148.75
2716.59
4412.88
22579.4
3805.96
2908.9
1605.39
6360.04
1650.32
2274.66
3017.06
1005.09
4151.67
4929.02
26544
13317.1
1183.35
11446.8
643.589
7970.28
28340
310.995
864.341
6632.9
3167.11
8947.66
4687.08
4568.43
1150.53
5297.11
6848.83
757.685
13321.1
8865.96
2762.94
27888.6
6267.47
1496.38
6137.24
10153.6
3145.52
2440.56
5837.69
2613.73
4392.67
6074.73
10466.8
3411.62
4688.52
9788.32
16957.6
16500.7
16642.4
10591.3
399.856
327.37
4123.88
8004.63
4830.9
1636.31
7097.74
6645.88
9197.36
8465.59
5092.57
402.668
11784.9
2104.59
1290.92
1506.36
5953.94
7224.69
11772.1
9262.96
4331.59
6353.24
11975.7
4499.84
10532
3633.61
11298
3701.8
1936.14
22687.8
2575.35
1968.96
26696.6
1322.56
1384.42
32841.4
4539.74
7092.15
30410.3
2234.09
9723.76
2973.36
20378.5
3205.64
13359.7
13057.3
16824
1807.37
456.984
3347.29
1402.75
12749.4
3987.99
1532.4
2246.85
7813.1
7976.5
3094.54
11948
1895.21
123.348
12012.6
16248.5
856.645
3128.5
4036.55
5306.11
793.986
7041.53
646.484
2237.63
5704.52
6575.13
21132.7
8342.27
14906.5
8266.83
187.029
10240.6
25980.4
752.041
6577.02
10558.2
17139
4428.4
1215.28
1664.98
2267.12
3932.26
16743.8
1465.08
7371.98
1581.12
2518.1
8688.76
22246.8
9534.47
11497.5
2168.27
2057.18
5464.46
279.564
1486.56
2314.2
2401.65
683.905
5939.2
28004.3
18759.6
698.678
711.134
1196.35
3013.12
32291.7
4391.84
2815.7
611.775
11000.6
4698.62
4911.48
4457.53
5712.75
6573.92
5930.33
6584.87
2926.21
8150.36
12498.8
973.595
8583.23
3558.13
1933.05
1134.41
11228.4
8732.25
15447.1
480.515
7174.07
4517.78
9828
342.046
6355.26
6126.73
3680.93
4280.46
8469.24
3125.77
10324.8
3306.4
24297.2
6821.88
8349.72
439.713
2133.03
3044.22
3794.08
2901.84
438.404
19982.5
3654.93
2548.88
1038.77
3057.38
23265.2
4235.94
5080.85
2281.3
3321.6
1546.91
1096.26
5261.52
1691.34
8960.81
744.725
5407.36
2124.97
3246.48
16299.3
6508.41
6556.43
104.06
16294.8
158.507
4230.53
7899.02
8269.65
1922.81
5359.72
6198.67
5687.95
877.063
885.267
1367.47
6778.24
681.361
901.138
26912.1
17683.9
17649.4
10584.7
8311.64
1056.21
10578.8
13965.9
10753.7
2006.89
27696.2
840.94
2007.93
3333.95
2283.96
11571.9
220.084
2007.91
3146.17
103.423
28233.9
4534.16
5587.48
854.803
17631.9
417.006
532.345
6106.1
137.776
9263.15
8347.8
4923.87
1503.31
3668.57
2530.18
3341.2
7654
615.61
5305.41
885.545
6176.17
8472.54
244.565
18101.7
550.434
963.693
4667.37
8868.54
2560.56
678.95
14075.9
1748.05
9751.39
2924.47
2421.05
1863.46
1571.07
5572.98
3075.21
3405.07
13039.1
4725.01
10527.2
16768.7
2500.57
15685.9
6044.75
1510.41
23476.2
4919.58
5318.78
1228.39
537.623
2443.35
3017.36
1884.02
1916.93
4392.08
2640.39
2037.13
15005.6
6771.94
2757.62
1417.7
5308.8
16116.4
2705.92
15137.8
3166.59
910.017
5616.58
4281.66
5227.36
9062.46
17680.4
18673.7
7627.71
3131.66
4345.34
5940.03
4598.12
534.953
185.733
13118.8
3580.99
220.635
6083.21
19800.8
9164.62
3180.44
18627.7
21121.7
425.697
25673.8
5259.38
3815.86
3542.77
4520.48
10678.2
4255.68
11891.6
608.215
243.278
880.467
11783.1
3760.45
233.118
2962.76
15885.1
3953.52
5622.53
1785.79
1114.85
1675.92
3084
19740.8
863.548
7857.08
7149.85
8614.55
441.932
1926.04
21467.4
3096.9
5766.83
10733.1
13825.7
3019.84
6402.82
10730.6
3349.39
2590.94
26088.4
14883.6
1147.9
14733.9
21391.3
1579.8
6348.35
1885.7
3105.42
4701.54
8248.23
1278.15
9882.71
1675.21
1686.6
2796.41
5848.97
6694.25
2238.37
5446.15
785.733
5526.42
8677.34
3563.99
1416.14
5615.27
2891.71
509.046
5721.63
1722.1
4648.42
9163.77
1192.37
9214.14
6476.07
8498.78
4351.53
3957.43
10388.4
1603.65
5103.17
4697.4
2466.38
7218.9
7303.77
9577.38
2206.4
761.706
10405.1
2113.65
4173.02
4667.6
5787.38
1007.33
223.838
960.57
7233.26
12348.4
3902.7
2164.73
8467.16
1330.35
7240.12
824.078
19303
798.519
13094.2
8814.53
2201.12
3324.82
6348.87
20082.8
4314.29
220.161
1118.14
8052.71
6594.34
5157.08
1759.6
4059.05
10687.1
1953.82
6266.89
468.704
9933.24
6416.09
11053.1
8104.23
7046.13
11489.7
7908.95
2971.85
1503.5
7073.78
6741.5
11199.2
2064.72
1701.81
1971.84
26859.5
12341.1
21629.1
13530.9
9487.51
557.638
2847.34
970.854
339.755
7217.1
6081.67
2054.51
5277.85
2218.03
5650.79
8241.58
5950.15
542.721
5981.22
5579.2
4743.66
2903.87
2490.57
7513.23
1921.69
3012.89
6703.75
6316.96
6031.81
8090.58
2738.04
19711.2
9337.41
8017.72
1267.27
8167.74
4981.68
5485.59
8140.52
2850.5
3429.4
2124.54
9034.97
21491.3
11674.1
1333.76
2148.35
2209.37
4777.44
977.893
4468.87
715.883
6369.73
829.931
3126.01
389.726
5471.27
3321.31
2032.62
11518.7
13220.6
5409.29
5181.61
3635.43
3423.12
4636.31
5759.6
8516.25
2757.05
15858.9
6941.68
8773.26
2422.7
5885.41
2095.63
870.747
6409.17
5605.02
23542
8300.9
5954.64
2204.31
6549.67
4787.4
179.138
3597.66
718.081
18329.5
1515.39
3140.11
1710.26
4638.35
2945.24
10280
14221.5
29941.5
4763.36
2700.19
6261.2
3576.87
17373.2
22149.3
5935.23
3147.74
24875.4
2482.83
838.883
1741.29
4104.87
4667.37
8951.15
7443.78
7753.22
2269.59
6315.75
4288.43
3301.36
21076.1
6813.11
1391.05
1090.33
26245.3
555.739
3152.43
852.877
1090.38
5153.29
772.451
1330.28
4133.24
13655.5
8374.62
4264.78
1171.77
2631.75
4952.57
2031.24
4309.9
3457.47
3194.75
7565.96
1387.36
684.305
9194.33
2428.3
11271.8
108.674
599.279
3932.54
811.475
4575.13
9095.07
26781.3
2272.58
95.4234
1104.62
2525.75
7417.09
2017.84
7173.61
2919.52
3898.61
1550.3
8130.26
7057.11
19354.7
3999.79
3110.51
1257.86
11864
10470.2
6918.98
16601.3
5048.48
5073.12
794.8
724.072
3187.88
7367.61
2162.72
1767.05
12135.3
1043.94
3930.93
2831.01
1007.73
3474.36
2803.76
5157.91
10264.8
5796.33
16019.9
8705.52
461.703
666.236
36450.8
5753.43
4163.25
2044.28
459.91
4941.82
16347.8
8473.62
3253.04
3213.82
656.103
4560.96
10256
7516.37
9064.14
10373.6
2119.24
9669.07
4003
7494.1
18996.5
2572.53
18303.1
20599.3
377.778
1791.68
1993.59
9573.14
8209.27
30574.3
1131.28
22417.6
2172.81
4566.63
1198.55
9173.38
2873.3
766.302
8547.71
9630.71
2705.16
1175.25
2393.07
1879.93
7014.92
2218.15
7755.73
8930.42
4045.55
9165.4
904.503
3005.14
6999.36
3231.33
1869.31
1415
4339.05
3382.44
1063.11
6440.5
603.592
6217.83
10589.7
5805.12
4971.12
229.047
16621.9
9562.11
16946.9
6465.27
13441.4
14507.2
21946.9
8090.55
6390.17
2908.37
25000.4
1033.11
14726.1
1309.4
2868.93
6114.27
3776.63
635.471
10545.6
4072.81
1455.98
24045.5
9034.24
2405.88
16335
7263.54
7466.01
12869.8
8860.81
4362.68
4287.79
162.173
1379.02
5994.78
7114.9
3807.19
2559.69
889.058
1207.33
14141.7
22492.4
20301.7
9188.41
5961.14
1381.14
17681.3
2788.88
494.152
34145.8
1842.76
4745
2320.71
2171.89
1209.7
98.8377
4531.11
3414.03
1799.66
2654.46
3070.74
5288.95
29333.6
2155.64
4394.89
675.283
749.224
10734.5
2011.12
1314.63
3186.75
3423.66
7652.71
705.354
6695.89
11629.3
3353.03
3297.33
5480.69
411.429
380.099
19785.4
5771.21
12136
7081.76
1452.89
17639.8
14746.7
1203.73
10069
4058.06
2774.91
7616.25
7280.58
22530.7
1138.52
2181.34
5426.36
4206.13
18452
21758.8
5378.3
2877.49
1588.49
5724.88
3816.89
1548.21
8039.83
7392.9
9642.28
7340.68
1626.71
1714.88
1173.43
1897.43
1816.26
6537.19
955.059
10888.2
5786.98
7870.71
9530.96
3624.72
23158
8919.33
6761.9
571.741
485.956
2627.96
7873.71
4627.46
798.122
4361.73
5427.26
4123.51
7484.93
7002.59
1937.98
2149.29
5517.21
5068.83
5343.85
2215.06
7167.18
6416.53
8222.29
3511.52
265.426
21074
29034.9
2912.4
2203.61
6034.47
2761.82
14209.6
9183.93
10428.3
2371.21
2069.73
8340.52
425.57
13817.1
3746.72
2254.08
2922.14
2137.41
592.637
13254.4
217.458
6495.54
1367.87
15915.8
1358.72
1881.16
1235.35
687.007
8290.64
1621.59
2501.54
12958.5
2155.67
3045.41
9288.32
4273.63
5161.32
1605.66
2438.84
24585.3
3171.63
335.253
3288.91
7388.88
195.47
5826.02
655.435
1290.24
4691.82
4837.35
7367.91
966.026
202.115
736.025
13822.3
4051.68
970.832
9650.4
3886.35
6125.68
2544.9
690.501
2651.78
9052.85
4766
4038.17
4580.04
24264.3
3871.49
6794.29
3491.55
3685.97
3971.78
7677.31
833.726
3998.33
6304.64
3226.78
8846.87
749.881
15624.8
2509.01
1115.73
5322.7
12239.7
5924.43
3857.39
5992.59
1924.69
1979.72
22093.4
9231.29
344.246
6445.74
6443.25
5973.47
672.851
276.147
1580.5
834.215
3395.83
5101.34
5576.94
3329.83
477.843
828.719
1650.96
4335.77
2439.7
3167.9
10314.6
13335.6
2454.05
3157.87
18097.5
524.338
714.547
4173.6
406.557
2039.71
304.711
5181.4
1830.32
13743
10024
23450
273.298
684.898
2613.89
8170.57
5288.67
7120.61
11707
1445.05
3207.32
20267.4
983.234
673.803
2173.62
1401.07
21900.5
3372.72
3823.02
9470.94
948.552
15823.4
6527.3
1379.89
4661.22
13115.1
10897.4
42450.3
780.342
668.488
588.859
3622.3
7782.48
2408.54
4537.29
10884.4
4119.97
3007.35
8809.91
9823.4
2208.35
3515.59
9168.14
3046.23
17466.4
2810.61
2759.49
4787.92
3689.51
7380.35
7019.16
338.249
2725.39
11911.8
440.32
1760.72
7283.84
7475.81
11740.2
17414.4
3048.26
14582.8
897.818
646.774
172.897
1235
14903.3
3469.18
4802.8
892.239
5317.24
15373.3
9711.35
9506.27
23747.1
3836.46
11930.2
2627.32
5577.96
11079.4
1035.43
5822.81
7167.18
309.512
368.915
7991.29
10879.6
8403.02
3114.49
8069.54
11586.7
37544.1
6349.47
7177.51
3125.5
17159.8
10178.2
25214.2
1527.74
4208.98
14116.7
16586.2
1711.17
1333.91
12125.2
4825.96
4265.13
15051.4
2251.81
4307.96
5931.19
2113.62
3328.95
2303.42
4802.78
1384.19
25919.7
1582.21
1230.37
4198.22
8434.92
2341.36
3500.37
209.233
4148.21
4749.21
3087.22
2538.27
5405.7
4760.25
2269.76
4138.84
364.407
6459.14
3673.01
1881.94
241.874
4308.85
546.341
12410.8
12923.6
2067.71
2604.68
2062.56
2832.81
11986.3
392.344
7481.26
2319.82
647.831
1303.51
2909.51
3411.55
6616.62
7192.32
2515.02
441.352
2500.73
2482.79
12886.4
2202.78
4778.13
148.321
278.034
572.79
3528.72
2592.51
3197.47
1053.46
20830
15096.5
589.998
10641.1
5927.17
8774.42
2239.96
1512.28
9912.03
820.298
311.419
18192.4
8189.5
473.793
34208.1
6995.74
5384.79
3859
6917.01
3800.85
10109.9
3096.6
5452.16
18948.5
14444.1
676.541
6603.51
376.893
2576.32
8038.2
3604.56
894.478
1948.76
14090.3
1028.23
1178.48
2729.69
5020.75
15636.4
8948.7
2934.42
6320.62
10634.1
12504.1
35924.4
662.366
13555.7
3354.2
2596.08
13952.8
2268.89
8314.13
933.71
1571.26
34482.3
17923.8
22575.3
1009.25
2376.87
10179.7
3542.49
1227.02
10894.1
291.027
3293.99
8596.69
8862.11
20784.3
7018
9469.58
1912.94
10715.6
17070.6
8717.05
5956.74
498.269
696.417
4938.09
4598.42
1804.33
6112.04
4212.64
4009.54
6201.35
4618.73
776.724
3947.34
27443.7
13859.7
786.534
306.66
5539.19
2946.09
11944.5
9491.9
1187.02
3483.22
3833.31
18372.8
9072.86
3900.99
8324.13
11071
3393.58
8982.66
5293.96
4455.41
141.75
14218
3717.78
8402.39
5515.19
16763.1
390.263
9987.68
3245.71
7410.96
5363.94
7497.52
617.146
8568.29
3684.15
20871.2
2637.02
11581.3
1354.05
8699.33
1555.38
4538.79
13007.9
8807.8
3024.31
4234.86
455.027
2112.08
946.667
7769.05
3861.38
3620.09
1139.02
2922.01
7391.14
1527.35
6057.81
1110.28
1301.05
660.438
6129.48
1056.65
1696.45
15813.3
6162.2
13292.1
4827.47
1644.59
5673.63
17786.6
470.762
2928.42
1851.27
5767.61
233.786
1403.17
1185.35
5468.76
6589.95
14367.5
3283.35
3241.36
3792.06
2117.57
8866.34
13521.3
2035.78
2271.16
753.468
680.756
3755.12
4535.4
2668.85
10622.9
10286.3
8144.51
5782.43
4970.27
12449.2
9378.26
915.033
628.932
6844.32
6242.29
12336.5
1606.37
11583.3
1178.64
2137.06
3745.34
452.276
4139.75
5907.55
2874.17
10034.8
2007.49
1619.5
2170.34
14377.3
4395.57
1954.01
1179.99
8982.5
248.732
1921.06
349.61
10119.1
7313.23
1675.21
4466.37
1092.63
2388.91
2582.93
38800.6
8418.81
13482.7
7379.21
420.935
6776.05
7618.92
4017.72
1121.16
12207
587.499
9151.97
3322.25
6880.67
2145.48
171.239
9124.09
170.991
2075.07
3138.24
7805.21
7750.5
15998.2
1251.04
17063
1748.6
1191.26
2582.54
25492.8
6084.51
8695.13
4045.66
3137.79
13631.8
3042.04
6837.18
3026.48
20755.5
5201.74
5635.01
7142.52
14557.1
8097.32
4531.79
2704.6
2815.51
5130.97
17553.3
3024.71
2258.91
5556.38
12934.5
1133.44
3553.31
13810.3
7165.29
3782.77
6433.46
8416.65
1650.09
518.351
5556.68
34641.3
6008.7
15167.7
6046.43
2534.73
5565.17
6506.3
9501.46
832.407
12254.3
3463.36
7091.66
931.665
2580.87
391.758
5471.67
1750.46
9267.75
1668.78
3449.51
9513.01
611.865
3494.19
5380.41
15190
8677.88
2728.27
1304.57
2802.02
2359.58
823.419
2376.92
3395.13
5736.74
2750.45
10320.2
6623.06
3397.22
5033.74
14972.5
1928.54
2936
5248.91
2924.97
1489.97
5782.21
4895.51
7977.21
10371.5
27381.8
8580
11211.2
560.198
2518.47
1743.89
5792.23
708.852
6110.32
5113.17
12323.7
12534
1095.05
3109.69
5358.99
5078.36
18472.1
3271.24
3106.7
3103.05
2941.92
3309.15
2641.32
3447.21
3182.25
3683.67
6693.65
734.848
7289.53
8695.34
5010.33
3393.35
3441.34
4078.18
7359.07
1686.29
23604.6
4028.42
531.983
3175.77
8134.11
8174.06
11415
293.413
858.238
3630.96
1801.75
854.698
3761.79
2283.38
3567.16
1306.23
23819.5
3912.76
3155.35
20584.8
694.295
14803.3
1985.85
1293.71
9529.6
2065.08
2319.67
381.898
7571.02
9136.32
7807.92
4369.49
2865.34
3430.08
11706.6
7061.54
13306.6
18043.6
6038.88
28447.5
644.916
2074.87
2772.58
15348
1759.95
1363.61
8339.01
4375.97
9411.19
12248.5
6826.01
3859.28
12244.7
1462.29
5411.33
2548.56
6340.02
1258.69
4033.23
3038.78
4180.27
2509.46
3368.19
822.633
15579.1
14186.8
2970.6
14715
861.668
3652.08
2956.94
1016.15
14719.2
3219.18
4931.76
6962.98
368.618
9337.41
694.854
3245.3
1057.88
17714.7
7668.84
1534.34
2941.86
3148.12
12647.9
2818.12
1168.75
16635.6
1100.34
431.968
829.171
5118.48
349.623
8045.47
2687.96
4913.97
2864.39
1845.38
8777.55
3551.58
931.519
9654.23
2400.24
6476.27
4139.84
1506.2
6955.68
3206.08
856.531
4097.84
5556.42
466.957
6233.32
3770.21
16660.4
11835.6
18428.2
14835
3006.69
2001.82
11781.2
6322.31
5306.27
151.805
3245.45
3434.02
8474.14
4556
7295.49
18675.1
1031.61
5085.77
4983.66
2685.42
8417.18
7545.46
31945.7
23099.3
9723.51
659.606
332.201
6161.05
9965.69
317.35
8039.24
3741.94
236.018
5836.86
1524
262.798
11204.4
17210.5
7378.38
14505.6
4070.59
14710.3
5249.18
5242.9
704.891
2296.06
1075.67
2334.01
8973.81
7851.23
6746.97
2450.42
1578.68
10465.9
1774.32
512.97
651.586
868.297
21729.4
958.097
4589.91
507.265
1118.94
12796.4
11243.9
1409.53
4910.08
4066.08
6210.48
11814.9
7761.32
11927.5
728.504
4455.14
640.804
497.173
6662.53
14652.4
373.448
3235.28
5652.38
14372.3
15938.2
467.604
5804.11
1263.21
9949.58
8657.06
8854.67
1050.58
2906.18
9740.74
611.339
15450.5
21710.3
4208.1
2816.95
5121.84
14067.3
1255.39
581.62
840.839
4139.19
2662.55
1661.18
574.676
1662.23
6684.59
2028.43
30139.7
1441.48
6228
18215.2
1757.17
6805.91
5829.73
7513.92
5657.23
2710.41
11436.8
7546.74
25316.4
284.858
7991.9
4351.2
3799.69
4908.52
11605.7
480.572
4471.7
4373.42
2700.93
2079.54
11294.5
11660.7
149.381
15464.8
32751.7
2447.66
33952.5
12458.2
846.918
436.147
23264
8177.02
1569.6
3298.09
2961.43
1687.29
8054.08
374.136
501.969
518.738
4020.34
685.105
431.896
1294.73
4714.15
2988.49
3776.07
20557.5
2508.03
2793.7
1061.82
6368.39
12306.9
7863.77
18249.8
9868.41
1485.44
1738.38
1244.65
1928.6
1278.83
23198.6
357.408
2796.38
2275.33
764.19
2385.3
8350.01
755.646
27792.4
7502.36
2427.61
10800
11542.8
148.194
3779.44
6508.69
2259.99
6547.35
4953.65
7847.49
3374.91
1938.82
12133.8
18496.3
12825.6
11486.1
4266.89
14954.6
1619.79
5050.34
666.576
223.986
3236.01
20129.5
13627.4
1654.32
2820.84
700.265
1220.79
8518.53
3652.97
19191.3
6243.21
5271.3
1097.85
3754.21
1436.35
1983.76
330.614
1273.4
2462.47
20490.5
372.838
3753.77
820.14
12262.8
8093.44
617.157
6152.37
6336.73
13423
5186.31
5703.5
1000.07
426.262
5643.73
13745
7066.35
10882.4
7130.86
175.317
4762.02
2444.21
1547.94
3984.63
1256.35
3418.33
2030.37
11886.9
1880.58
7209.24
4624.98
734.682
1979.88
1575.87
5863.85
1682.35
709.76
10964.1
5914.4
940.703
5676.98
2228.08
9181.62
485.261
6477.47
8844.46
9665.91
15306
6248.49
6742.29
2878.87
13553.4
719.156
4960.32
3190.65
2045.41
1433.9
871.36
5809.9
11992.7
6758.9
4569.17
8088.26
952.842
268.297
2590.54
9701.59
7648.75
633.82
3880.97
5507.17
956.33
5897.04
2406.44
3654.14
43187.1
1695.54
6465.74
1303.01
9043.41
2553.14
7207.48
17248.6
3566.19
15120.1
10270.6
3388.69
558.532
6933.62
1840.78
2221.41
3008.38
1113.66
2790.78
2088.46
30009.5
787.359
2572.61
3707.75
9554.49
5712.37
1911.62
2091.28
1059.41
987.628
13368.4
7321.63
12734.2
2158.03
1777.16
30085.9
2658.41
9420.97
390.592
3590.88
6918.06
1684.72
1499.93
8409.56
9009.3
8020.73
481.507
8068.23
19025.1
17982.4
3751.23
2044.88
4165.48
1863.96
2524.21
5711.2
3891.01
14018.8
2951.49
7560.38
1329.36
4098.96
8963.19
8180.1
2882.34
4887.76
21655
13222.3
2150.01
1229.49
6622.86
459.437
3988.16
11502
9675.44
5277.58
4661.53
3194.32
6082.46
317.611
2972.31
6532.01
1104.33
6310.18
1907.46
1123.01
2166.73
3292.07
9736.09
4007.94
36798.6
3137.89
5638.26
428.006
3977.12
5334.17
7495.26
5904.12
4214.2
3539.98
17573.5
17569.8
17940.4
3989.14
12141.9
1290.81
5976.62
4488.18
8948.96
156.209
1683.2
2061.34
9726.56
10711.9
2607.7
6595.61
5631.98
5741.84
5180.76
1577.23
212.646
2911.28
9674.5
3983.68
8041.32
1652.65
5648.07
14460.1
2325.25
788.891
5580.53
1497.08
2504.43
6020.56
6929.23
17853.8
2910.55
857.704
9806.82
1824.69
2919.63
10055
3867.19
7206.67
13057.6
4190.59
10003
10494.3
1246.82
2305.45
15964.6
13403.2
15837.5
3723.58
8979.15
2040.6
2454.56
2916.84
1520.73
735.272
4548.36
13685.3
6117.71
19661.7
6931.2
18362.9
2011.63
1323.42
742.543
1193.99
5228.38
14541
798.103
1012.63
1714.77
2943.84
2906.11
349.18
10774.7
11347.5
7423.59
6004.31
2418.77
5145.7
5226.77
2595.92
6319.93
3816.7
7130.42
4204.32
8259.5
8357.79
5864.93
18587.6
1902.28
36561.4
2922.97
2014.32
3341.44
4232.42
3186.02
4481.11
18060.2
3368.27
19873.6
2369.91
4825.91
5049.51
3489.68
17443.4
4546.46
5342.26
213.61
31851
3545.39
2324.77
335.097
16915.7
1644.44
7176.61
2851.87
18544.1
424.083
5271.91
7620.85
9421.64
16417.2
1579.21
2616.25
1424.89
12335.2
4080.93
13875.2
512.453
644.195
803.285
10012.9
5498.59
2817.06
5909.4
12930.2
473.309
266.584
20405.2
13307.6
6358.45
6931.15
5012.85
1038.49
8029.38
7403.57
11133.9
14090.4
13584
8196.96
1376.87
635.874
2737.17
3429.79
7723.74
958.157
3244.33
3511.22
13054.4
143.519
1225.8
2460.88
4469.73
5708.08
306.065
1313.41
1560.33
17010.5
4331.56
5241.86
2732.33
6542.52
258.87
482.568
11294.1
21709.2
7818.32
28441.1
10014.3
1427.11
652.557
6243.41
2468.4
5416.48
11454.8
20171.1
2983.24
2831.44
2675.29
13988.6
19589.5
14574.6
3094.66
5090.89
3276
649.72
804.295
874.868
22573
1377.06
7395.73
9578.03
11974.4
9639.68
5683.27
2152.78
1715.38
4951.83
8559.78
5721.58
13939.7
2303.29
15151.7
1010.74
1398.51
10863.5
1563.58
5733.39
24762.2
9589.48
1421.5
3442.42
1158.65
10114.7
8785.48
480.9
8805.96
13702.4
3866.74
8274.25
5110.56
6945.21
2730.34
4106.66
1735.55
690.63
1411.53
6374.39
22092.9
8376.77
576.154
4387.61
1248.67
13141.4
6649.96
10695.6
4840.4
8968.32
2740.72
2247.65
9822.84
7572.34
22918
4478.72
2469.06
2253.19
4305.14
3200.26
10770.1
1094.79
365.402
5071.86
6871.49
16758.6
7636.9
11618.2
252.294
11036.9
8396.56
999.869
119.431
2032.69
3276.31
23600.2
18461.2
6350.6
3634.85
2959.16
6878.23
9678.62
15134.4
3081.9
3394.99
4135.79
3939.43
3463.82
259.238
8564.14
14012.2
5582.17
17408.4
257.097
9282.27
1333.99
9407.87
16592.4
125.796
3256.65
481.899
248.859
11021.5
9519.4
740.592
7155.68
537.817
236.86
15301.9
8636.87
853.696
2324.29
17224.7
3986.99
1218.03
3424.7
20663.1
6476.02
12847.4
3863.57
5958.84
20982.9
3495.09
5388.8
16809.6
2736.73
291.936
9075.56
3868.3
1926.63
552.597
9140.39
17690.6
8656.48
2285.42
9773.81
218.509
1858.28
2666.98
28930.4
679.518
1845.72
8115.7
17778.9
641.988
12240.3
747.855
4350.46
14914
3765.98
5497.37
11977
757.404
7869.64
6862.98
3128.74
3096.81
6516.73
1532.68
2039.8
568.679
6139.41
11596.8
4340.25
3595.68
985.808
5045.39
1130.49
1022.2
1380.82
11015.5
1686.73
5255.17
3696.3
28148.2
6310.24
1173.81
13120.1
1525.64
1609.87
1572.08
1841.38
12446.7
4952.36
94.9949
369.586
6561.43
555.933
915.966
3010.84
467.331
1145.28
16490.8
1896.88
7030.37
6492.42
288.924
9912.76
145.921
5850.15
24775
10468
1868.14
4422.68
4178.38
556.846
7015.85
849.783
12418.4
795.94
983.02
8940.93
6858.99
2042.72
7662.98
967.888
1394.13
8020.7
13157.7
497.436
1481.13
2068.15
9962.85
17098.7
13903.7
10952.6
2532.35
4916.14
7645.35
6250.77
1153.38
15484.6
6465.14
661.795
7724.73
149.346
1341.31
3454.04
7346.04
3922.1
4381.02
28533.3
1550.34
35854.4
334.096
2072.86
3495.33
1099.21
2087.3
398.81
2841.94
634.655
3581.91
5113.71
340.796
7010.7
7765.31
2087.32
1769.16
12194.5
2636.87
5816.3
22283
2074.03
3812.03
160.313
17050.3
1836.9
8712.41
930.437
6372.64
7399.36
842.962
2805.56
679.839
8050.31
13983.9
1310.56
5294.32
7161.21
10078.7
2206.82
21745.4
2030.48
6648.86
10229.9
1605.96
729.521
6168.95
2945.25
3852.92
2402.99
5354.64
603.406
24423.9
3084.19
1149.96
3642.87
7883.17
20673.8
497.282
3309.94
7748.03
8241.48
3414.28
231.124
5640.73
2115.68
3786.91
7239.32
3522.69
7063.79
2677.29
2646.11
3338.44
19444.3
3222.76
732.214
358.842
7983.59
5177.84
9951.13
8066.56
567.529
3770.96
7218.71
2276.75
11475.3
1306.52
8838.98
3618.59
13240.1
4524.22
9427.92
4576.27
1838.55
2064.81
3035.15
250.444
8182.16
11830.6
743.074
15646.7
3828.46
1292.74
976.651
13030.2
19139.8
5193.32
4371.01
8234.3
5667.68
7045.27
6411.25
15312.9
247.256
3290.94
2631.05
8129.22
2431.4
12334.1
14321.6
23441.6
338.7
7619.93
16643.7
2344.17
643.473
9803.63
11338.8
5749.32
12836.1
3460.88
34641.1
12236.3
1518.52
2694.67
14447.2
19020
9761.07
13083.5
1713.95
1005.31
7090.32
18031.3
14759
6181.63
14827.8
26610.5
202.267
6343.52
7561.29
616.124
6627.51
14175.4
13209.2
3773
2210.45
3235.57
3811.41
16736.3
13365.9
2396.38
5331.09
302.173
6127.31
1588.61
5579.14
14557.3
159.128
1042.87
4035.37
9521.88
5064.56
1734.45
2413.31
4530.36
11702.8
5498.67
3656.15
703.262
9405.52
4866.5
4864.12
6034.36
6970.48
2229.95
934.471
6832.69
1080.19
1295.57
1853.85
6730.76
9403.95
24832
3123.53
8628.76
470.775
4243.85
8762.14
28729.5
1306.01
8512.98
2968.58
3371.92
2101.86
1433.13
2535.06
1995.84
21260.1
12204.5
3644.07
7518.09
6702.73
1043.93
5700.33
2313.5
16745
25470.3
685.207
227.444
345.745
2990.35
4712.31
3894.91
5975.53
23050.1
3198.41
175.589
1441.84
11905.3
26182.1
15253.5
5478.01
254.98
1931.56
5678.67
12981.7
536.457
1543.37
12815.9
11650
3683.48
9913.49
3590.74
488.213
6004.26
31108.6
9567.11
713.437
1822.26
7035.92
15178.3
3173.52
8016.78
12698.3
14088.2
5042.5
7040.25
4998.92
2901.84
5554.53
1159.5
644.29
150.522
1290.98
3741.6
11497.9
16838
3806.3
3342.95
3301.02
12035.2
7673.13
3054.88
722.473
13326.1
16494.9
5643.58
2290.88
7116.5
8970.86
11146.6
419.723
1191.52
6820.98
1557.23
662.542
8218.99
3817.67
3106.1
10782.3
12564.8
7556.62
5136.92
30429.5
6788.7
11069.5
3927.38
265.071
665.055
17726.3
19289.4
7611.53
1896.48
4334.97
2956.77
698.841
3166.61
17535.5
3085.65
18355.1
7583.41
14177.7
3879.15
2154.24
1906.7
17323.1
19805.1
1939.85
837.711
14258.9
21654.3
120.792
3532.75
15070.4
2330.36
1814.1
6162.44
189.655
3280.86
4048.73
1812.33
1275.35
4756.76
1082.19
7846.72
1048.5
19569.6
5904.8
28102.7
3422.51
1637.71
984.431
455.882
1062.44
457.118
3547.65
17914.2
3408.78
3893.15
1104.08
2127.4
8827.31
13333.5
788.46
7050.48
7803.16
5513.42
18770.9
2046.34
10268.6
11799.5
339.627
11142.1
1088.19
3395.54
263.341
3177.65
32105.9
4301.43
3789.42
10304
15682
291.371
14638.5
4006.89
4019.68
17083.9
3358.35
6213.41
9807.44
6512.48
5861.8
30311.8
2442.98
12428.2
1714.91
6729.11
15402.7
2434.35
716.112
6559.2
5939.97
13604.4
13345.9
6821.88
5117.56
171.94
13053.7
3021.95
9183.3
4823.14
1043.77
3343.49
24620.8
8832.61
1679.22
805.469
19997.8
1701.6
447.086
11620.4
6429.95
11264.5
14396.7
2407.53
6167.46
17433.4
8969.26
13813.9
2132.95
6829.22
19357.3
1172.94
4934.66
7005.05
3693.8
575.705
1790.28
2469.27
2123.79
1280.3
8105.52
17657.7
2199.56
1150.95
6678.56
9832.84
1328.88
10363.9
4420.99
1852.35
13017
5813.07
1813.95
2279.92
15634.2
2891.56
8402.21
3279.4
11199
4200.6
25810.2
1747.65
1344.11
10210.8
4934.87
574.502
13042
11976.1
3179.37
532.626
3512.78
6776.3
1863.64
3149.72
13531.4
1322.36
144.054
7838.42
4423.06
9935.89
3988.18
955.19
4373.31
2625.71
6851.99
1432.62
2568.25
5812.73
4762
5941.95
5464.33
98.5901
5310.3
2308.65
3174.7
2849.64
4953.61
3167.73
2332.34
4777.25
29799
27179.2
4710.04
7028.38
598.054
6189.3
3896.48
7532.54
4660.46
1294.42
1601.14
25554.5
5621.21
5004.57
6390.57
15081.2
1937.84
5336.3
1552.83
3223.85
3696.47
4322.14
4757.82
8354.4
2320.94
12604.8
2511.89
9219.22
3359.2
2376.98
10799.6
22039.3
4747.01
4022.91
1369.18
323.636
14223.1
1134.57
522.777
13650.4
4028.88
9172.79
2318.59
9839.99
977.508
4032.51
2603.69
7485.76
4064.73
14331.7
9416.93
3056.25
4209
3283.16
5446.42
1341.84
15804.9
1444.21
982.451
25740.2
1556.55
14016.6
9579.84
4980.03
374.308
22769.7
2349.06
4389.85
208.421
654.156
9634.47
1512.55
3230.65
8873.64
8158.43
4887.91
3936.57
4605.52
14108.2
9016.61
2141.73
1721.94
1280.01
18795.7
13369.8
2037.21
6004.17
19274.2
3685.23
11658.8
9770.38
1623.32
12293.7
2389.1
7014.79
27718.8
13537.9
388.104
3208.53
1398.53
3992.43
23198.9
20735.4
627.593
489.562
2693.79
12504.1
668.67
3527.53
1531.34
4048.57
14287.7
26276.7
2229.51
6912.85
7608.72
7657.88
1844.41
6967.03
18962.7
4871.6
3067.78
13367.9
9260.17
13202.1
7623.14
1000.65
176.712
13119.6
4972.7
2893.99
27190.2
8387.6
5764.76
12158.9
28113.6
8055.07
1216.45
12228.5
1965.95
449.68
25372.8
4860.06
25540
14365.1
6781.54
20974.5
2319.25
17640.5
657.316
4849.76
483.37
6289.44
6475.71
5440.15
6321.92
2201.67
6572.95
723.415
1072.47
12810.4
5906.93
10907.2
1576.69
45000.5
3110.66
3829.71
711.004
19145.1
3025.34
450.323
285.847
3416.36
3554.67
567.295
1020.68
1120.97
2656.49
4868.59
4925.15
1342.49
5584.23
1785.64
10729.5
1737.69
429.029
3627.67
116.625
7552.61
9395.11
3601.61
5252.36
920.083
3487.2
11327.1
4640.1
1225.59
4412.68
10142
10492.8
4456.18
4384.63
9283.8
17252.4
4396.28
6852.65
516.89
1426.62
8635.92
5590.09
1817.05
2129.07
2122.08
10640
5377.32
6691.7
3631.77
1393.87
5681.08
6311.25
3009.81
8652.3
3414.2
7889.45
4022.89
1050.13
3958.43
4333.14
7511.22
827.242
27093
2851.51
1967.8
14079.3
20687.3
2140.49
3026.77
973.807
203.037
1077.66
7959.31
35872
77.6398
20159
1903.8
744.406
881.194
11973.6
14582.6
8479.03
10656
5033.12
12453
5395.72
3984.66
1256.95
23000.8
1852.15
600.853
5017.92
1966.91
8300.81
14459.2
13871.6
18052.8
7235.61
5057.46
20002.1
11179
4328.37
1732.44
184.742
4304.99
3746.51
3785.11
14576.9
1223.03
9657.02
1864.54
7222.39
3401.21
497.182
6335.01
13520.8
2782.66
11423.3
575.873
3987.34
17283.2
25666.8
15851.2
12326.9
12568.3
12802
2354.16
430.405
386.606
2949.84
13237.4
21241.8
22159.3
2116.02
8018.48
18808
6364.13
2571.54
2104.84
1230.79
42955.4
16359.7
303.05
19009.2
7768.79
2012.82
6103.62
18901.8
12004.6
2258.89
1154.34
22645
2070.99
11427.5
14521.7
4427.17
1183.93
2480.36
757.499
5288.88
1949.1
661.051
1935.96
4787.4
7051.91
15148.6
7488.4
5119.75
5738.7
2042.74
2268.24
16407.6
9003.3
11298.8
13170.8
2269.26
8292.57
4349.58
668.312
8029.81
2198.35
8146.31
549.12
5427.47
4945.74
5322.88
16548
2517.85
1116.79
5643.07
325.719
2427.65
5678.07
8813.09
10487.1
11542.4
1783.74
14549.8
2100.74
1529.24
781.007
1248.18
2616.78
365.301
8975.99
2923.62
3027.22
958.013
10542.8
23901.1
5269.96
10374.4
7093.64
196.135
5240.67
4496.92
10776
1994.37
5234.02
3553.73
4947.9
10317.3
16735.1
6031.47
847.645
2680.35
1940.66
8251.96
4417.5
1371.72
645.497
24856.9
464.79
11746.8
2276.5
2631.5
3040.44
1566.32
675.325
2796.66
6849.71
864.542
1275.58
1683.34
634.996
4281.27
1529.11
121.378
256.658
5020.84
473.413
8372.89
6471.89
17576
1008.92
18840.9
1905.27
5876.11
5297.98
1468.67
7167.04
11293.9
15104.7
3012.44
1968.23
23292.9
8135.46
8850.23
792.357
1121.74
7028.59
2933.76
561.029
1012.39
12333.7
18413.1
17071.8
197.626
6441.32
12098.2
8154.11
15586.9
11558
6753.74
22121.8
5821.91
4624.06
9247.44
2229.42
3297.07
1570.69
6478.21
1145.18
1104.36
21251.2
9276.92
19587.9
7472.98
3188.76
8504.36
400.818
6674.62
1478.68
2844.38
12231.1
15873.3
5319.87
15478
3894.6
23093.7
1543.7
4581.19
4586.79
16902.8
2228.93
2586.86
1424.05
12622.6
13263.9
7905.51
1823.67
10252.5
3197.55
412.737
4548.38
4645.11
5657.12
13853.6
3015.86
3402.13
1373.62
7760.84
5056.82
7565.03
12767.3
7133.36
7676.05
9314.53
874.114
3106.24
1023.83
1291.77
1428.52
5750.04
4018.33
1911.47
7401.98
5593.19
26461.3
1847.75
1735.46
783.55
8323.46
11179.6
1130.5
4255.33
304.103
1142.17
2574.06
2472.39
6103.36
6460.31
424.758
3451.32
9032.91
11575.5
6653.87
11786.6
1269.14
12598.9
2817.19
1505.82
16245.8
7093.38
2454.01
5552.19
3773.87
104.999
13981.5
1802.63
329.867
4369.92
516.624
20372.1
2324.65
1691.66
2140.43
3438.73
3829.33
18440.9
3035.98
1826.03
6160.97
25006.6
7088.99
5905.9
14689.2
1900.2
9775.48
348.923
2661.9
13889.5
3091.91
9154.1
824.135
963.449
7575.91
13125.5
875.022
16858.8
2442.48
2537.27
15030.8
8438.52
5013.38
2264.01
3773.69
964.004
4606.9
4043.69
20923.9
5664.26
6018.61
12160.9
4059.8
2269.27
1864.71
3294.76
3635.24
12565.3
3012.39
17213.2
4254.63
5580.43
11466.5
6052.55
1710.77
2719.11
406.656
2146.62
14970.1
5356.18
1349.25
976.094
1836.92
2210.93
2247.16
398.86
1930.31
2887.01
13874.3
2071.32
5702.38
3361.73
1429.37
14277.4
17466
8509.1
1176.38
1737.12
5463.38
507.557
892.961
381.434
16523.8
3299.39
14491.2
2092.31
5504.32
410.537
3325.32
11375
1704.44
9590.45
464.586
3029.93
1131.43
472.279
4606.23
29997
5553.53
5754.94
1729.3
15418.3
13102.4
4014.63
44656.5
4136.02
16314.1
706.643
4330.72
1093.11
7316.95
6573.36
203.363
1910.87
1138.48
4969.93
2660.36
9710.11
2832.01
4112.34
3413.75
9287.57
26558.1
14624.2
4556.46
10031.7
7577.26
4932.65
7351.11
7228.4
5885.83
15241.9
8830.89
446.362
1450.67
3477.46
9442.06
4506.82
21521.4
10853.3
1136.51
363.441
2063.41
1068.5
13463.4
5458.87
2264.67
7388.89
1262.39
4734.17
661.446
1190.06
1149.78
2118.28
24182.4
3514.29
717.066
16256.8
3268.25
811.013
3271.81
322.063
1298.84
1838.24
2712.54
8438.13
521.333
1523.68
2036.91
4297.92
11407.1
3650.62
335.574
3694.27
4623.98
1699.26
327.201
1774.83
3347.42
8469.79
2962.26
3056
716.279
19569
4229.27
13119.4
5689.82
10051.2
1542.06
1048.74
1054.38
2177.55
5693.87
1720.68
9818.71
3659.94
5388.43
1951.47
9240.13
4867.07
4273.73
9681.71
7157.05
4855.31
14341.1
2525.42
5368.98
11586.7
6438.76
14676.5
7337.58
3315.78
2698.42
1915.38
1754
17755.7
8461.2
2190.35
673.545
6349.86
8157.85
1029.72
2802.99
8059.69
4418.77
21276.7
450.213
4292.84
335.106
11624.2
2451.29
12307.5
291.497
2111.07
1427.64
2544.1
4634.48
3442.01
754.834
4247.54
14927.1
6225.48
6714.56
6112.02
5984.34
6326.32
864.551
8238.67
1636.55
3853.65
6249.43
10199.8
18172.9
2866.28
9987.56
546.75
1698.87
13456.6
395.435
2082.64
4151.11
1637.84
9497.41
1611.75
2584.27
492.359
2872.85
2649.77
2908
3494.67
564.747
7001.07
4969.17
5223.97
6768.18
2923.76
6086.17
24405.3
1014.23
14227.4
2774.71
614.842
17785.2
2765.73
2958.3
1050.12
11180.8
201.236
5688.65
12802.9
3952.86
237.004
9368.73
184.213
5564.48
2445.74
2317.86
11327.5
934.296
3155.11
6628.49
2562.08
29768
12342.1
312.269
11400.6
3563.59
8526.88
464.806
292.633
895.836
458.524
7899.56
6959.02
15505.7
9291.69
5154.14
960.207
3443.63
3598.93
6212.96
7774.74
7316.71
3760.02
4214.33
21267.5
28819.8
29840
335.237
7598.29
10799.2
2038.86
2984.44
4055.44
991.902
830.161
290.189
7383.4
2127.74
3034.59
2524.36
9196
1408
20723.5
3516.22
16051.7
3218.97
1772.64
7068.1
2453.88
13137.5
7818.52
21816.6
2644.43
23885.6
1144.96
36603.6
15942.8
11315.4
637.322
35745.3
10274.9
3106.25
6586.42
1361.85
2981.25
1428.57
9848.59
7742.12
23683
4443.31
2095.62
6745.66
6928.72
10289.4
24199.2
3933.92
673.393
7174.51
660.438
2891.32
5348.47
4886.81
2010.12
5299.27
23611.6
4620.66
3376.85
5327.79
9227.23
3464.68
10334.5
6797.02
2521.9
2162
1993.54
4451.54
9637.96
5935.15
3854.79
2826.28
6077.71
1212.11
6074.03
1917.75
33057.6
1946.88
2140.86
1077.44
1442.05
3503.21
542.435
24805.3
9123.6
21788.9
7437.72
5133.07
728.002
2310.17
2569.46
3119.73
6515.67
4410.46
865.462
1635.39
1236.32
9746.6
8089.11
2546.11
8054.74
11727.1
925.255
4887.6
3750
2196.79
2862.36
2741.68
3824.39
22541.4
5540.39
235.437
10377.9
5064.92
9537.42
5358.07
3989.72
12354.4
10584.9
9333
3822.89
778.406
6171.72
910.448
2072.16
634.055
5075.27
11085
30661
4111.23
4301.9
5859.68
1429.53
211.968
767.598
28779.9
5483.2
2245.31
3589.15
14287.7
4359.14
377.282
1333.41
2244.47
10957.6
316.229
17320.7
12039.9
4678.49
169.444
974.109
23749.7
1960.99
5625.24
3397.85
7091.18
311.383
9790.04
7976.51
4591.98
10724.6
2949.38
8934.45
11939.3
7155.4
1575
4559.38
7574.13
7848.92
16985.9
34209.3
2019.87
2129.64
3250.41
1709.37
6856.12
3935.7
1747.08
3579.74
14903.4
2791.3
6727.93
1695.25
6580.84
9606.6
7021.88
7326.88
1717.3
10318.3
4118.7
1567.38
2181.82
4263.04
706.331
9035.32
33207.3
13950.1
1206.46
8845.55
37232.6
3046.74
13876.9
3962.99
21515.7
16636.5
453.275
933.491
11530.5
2792.07
6523.28
393.856
663.552
4296.48
13330.6
2996.33
4997.4
2444.63
5612.71
17489.8
7215.2
4905.14
12947.4
253.942
1049.06
2323.48
11308.6
13220.1
9442.15
7676.36
917.495
852.111
695.046
6144.92
2233.49
1066.37
11678
859.217
6314.06
14565.1
6589.82
14801.3
11884.8
1669.13
1459.89
768.836
7724.82
5070.16
4351.09
3792.8
2453
14642.8
17784.6
7777.68
2028.59
1173.73
1242.67
2137.27
6226.95
3026.12
460.831
4641.14
3212.17
8442.44
11140.4
15497.2
6741.15
840.318
5273.18
5165.95
8017.74
9553.98
9198.05
2701.77
9047.42
1763.67
1847.38
3933.37
181.79
239.98
3698.26
307.067
2804.84
9801.06
11805.1
5898.45
22930.9
1700.73
6418.93
699.32
12151.3
3234.26
1776.08
850.792
6803.15
10302.5
9450
3916.03
1543.03
4869.97
1078.34
339.212
1807.32
282.359
8359.07
3051.63
17009.5
2787.17
9990.96
7688.81
4878.86
4160.07
6303.83
4313.1
10193.3
1443.28
1727.61
11162.6
1882.94
2013.11
8562.83
182.821
785.274
11547.3
2943.79
5235.53
1983
236.201
4614.4
2741.28
4108.74
19771.4
16076.2
1771.41
5481
8633.55
12677.7
8395.95
4377.84
8708.63
17676.3
496.079
5833.96
12538.4
7197.04
5074.45
3956.2
1225.63
13114.1
7896.82
12605.9
10476.8
2038.63
1257.39
3164.64
10052
18034
9055.82
391.861
516.523
12007.7
4309.98
3444.24
7547.66
15136.8
1625.16
6320.93
17971.1
1381.3
3557.74
2811.29
10105.1
315.208
555.167
585.579
6825.62
1349.92
6665.28
13305
1071.83
261.643
19357.4
1453.2
4435.34
3986.69
5855.61
1060.84
1293.98
17534.7
25285.6
19482.6
1920.62
4711.05
476.627
1852.81
965.889
3513.58
4401.08
5324.34
2345.74
7443.5
3692.02
399.11
3250.99
13220.8
275.02
2039.16
10089.9
2931.11
3389.32
763.678
10891.7
6271.59
5575.47
5075.84
1773.81
3626.28
7240.47
2501.26
817.628
2265.42
8924.02
7089.23
2364.8
9675.98
1880.99
3702.69
11762.9
3319.18
7511.28
9525.7
8597.65
9235.99
3078.34
8598.75
466.299
10379.7
16430
832.156
341.473
17427.1
4263.77
6922.01
2786.66
1146.3
1494.68
10564.2
792.143
17532.7
6383.06
619.516
9041.76
3747.31
2070.99
5694.47
4264.14
1601.89
7626.97
2624.42
11270.1
6414.73
2659.7
6433.01
6545.21
3170.39
5432.93
2056.64
120.645
9739.92
1258.41
17845.3
3141.62
3547.61
10855.8
6690.8
6245.08
20293.9
4079.76
1969.42
5029.08
420.433
326.076
2337.96
4489.16
1764.81
5013.75
9844.39
10261.9
14783.3
4953.7
16661.8
8066.83
8435.53
12131.7
4189.38
2241.67
1610.83
6170.44
14631
1170.31
16592.4
5795.5
26845.1
5076.66
5750.79
25775.9
3780.03
2872.06
3669.1
4698.48
5006.45
4716.97
16736.1
5968.85
9413.21
3402.81
6126.68
677.579
36128
1401.29
2808.17
7161.53
14638.7
5168.12
2125.49
730.14
7848.83
25966.7
4101.66
1673.06
18781.9
3806.01
23935.3
19294.4
5120.23
9933.67
5395.2
3714.3
1754.04
482.412
2664.48
515.59
8750.23
2247.62
3143.94
1233.86
4799.92
401.078
6242.42
7068.53
11966.7
6212.19
3772.71
2263.97
5572.93
13751.7
2744.76
11597.2
11827.8
10662
3486.01
425.529
1122.13
4692.26
5845.46
5996.06
1290.48
250.192
2856.58
5311.8
15037.4
1331.95
5890.37
10502.4
11596.5
17171.3
5377.3
6537.38
10099.7
4358.57
2978.87
1385.83
1997.66
4906.95
2444.58
835.928
10735.5
3170.03
17558.6
1572.77
7215.25
1675.15
1076.85
14126.7
8429.16
2566.46
24279.3
1620.46
21819.4
13421.7
3738.31
11126
9796.1
17573.1
11364.6
10286.8
2869.89
14827.8
921.62
225.094
10488.3
160.301
14466.9
4880.19
13554.1
6640.93
8460.51
4055.3
5523.69
24582.1
1457.69
10034.1
8758.23
256.87
3999.58
8917.52
3154.81
4458.01
6720.33
7744.25
11942.8
7315.25
12135.9
7301.39
5384.03
1707.04
5695.71
1453.75
9376.11
45065.5
1132.61
6085.59
14446.6
8021.28
864.167
9640.03
2674.45
601.13
87.6014
2153.92
26205.6
8384.48
2377.68
7013
3009.67
215.045
890.758
8958.94
10948.9
1185.58
6596.2
12227.3
7928.7
6541.91
875.752
7994.22
1401.39
4959.31
21649.4
2627.29
440.112
3221.18
4188.88
272.338
1079.55
2562.29
5445.74
880.872
7149.94
10396.6
2179.96
448.704
9111.81
7414.95
12880.8
168.031
10209.5
5569.29
2112.37
343.838
10267.7
2397.92
1235.35
1357.02
6879.01
4416.35
12532.8
22265
739.352
23902.1
17293.7
1625.89
15262
842.649
3699.26
5070.24
2640.72
17375.9
2479.8
1906.11
13110
9242.83
1478.21
5852.83
8074.94
14119.7
1102.26
2219.44
485.057
12372.3
1997.47
16122.2
11090.9
12477.7
26371
7637.43
7519.28
12624.3
8556.59
10382.7
5302.72
505.643
865.575
1889.69
10793
1881.54
8458.12
8962.74
14353.4
9495.88
14329.1
6022.34
9651.03
3655.76
569.443
7447.32
5885.71
16076.9
1013.82
316.729
2749.44
1816.57
25255.6
1830.32
7172.82
5847.54
5338.64
2946.25
2904.27
6457.87
7310.38
5187.72
488.683
13663.5
1483.67
3479.34
6537.93
2747.18
1193.66
87.4417
9123.96
11386.7
1993.95
228.105
11264.2
20336.7
3352.23
25187.2
1703.97
2452.49
17499.7
13236
3823.54
2731.46
3920.39
10966.1
18231.3
1360.5
747.639
11572.4
3030.09
13427.6
625.647
10867.8
2177.92
7784.4
11514.3
2401.36
3566.26
693.618
2854.04
9620.39
6753.02
5073.34
8738.4
12487.7
30221
14611.9
5711.46
1791.47
1186.22
4450.14
1279.36
5881.75
11498.4
715.389
3962.77
4425.02
2716.32
3733.78
5434.14
11626.9
2328.11
1818.47
5324.69
8451.32
269.117
5013.1
169.38
5025.64
3511.18
2806.65
4458.76
8083.91
5302.7
670.541
2932.86
23650.9
2595.97
5236.34
666.503
2274.91
5391.65
3106.4
15847.2
721.332
3087.56
1990.02
1424.46
18206.7
9336.02
8426.98
19574.1
12196.2
7153.31
6069.54
6077.98
8978.38
1394.04
8453.43
12017.4
3034.06
531.048
5839.41
14804.1
19351.5
3919.04
577.658
17015.7
2956.82
9210.93
1428.49
3542.95
5894.53
892.426
4930.5
380.62
5391.17
5481.86
12052.7
6451.24
13049.2
3755.19
4991.92
324.834
2146.06
12347.6
19610.3
2147.04
1302.64
6241.99
6986.02
2027.78
1427.9
4042.37
2473.35
423.887
3681.97
2499.26
9569.39
11863.3
5214.06
2695.42
4348.5
4209.67
4429.68
1548.77
9707.7
11675.9
1020.55
11157.6
11023.4
2892.17
4825.17
2470.41
17478.7
498.18
25202.5
2421.03
14930.5
2869.26
1124.43
20343.6
3444.75
8307.39
3927.14
2070.95
738.459
6694.66
1103.54
8041.82
4085.01
11823.5
8094.26
4870.39
1482.15
4536.01
1670.39
8560.23
11276.6
4370.61
3625.39
6197.02
1654.36
10499.8
3516.79
2583.22
2464.73
9928.21
3560.02
5065.87
13601.4
5383.99
1793.09
1530.73
5183.19
5737.49
8065.04
9191.73
10022.6
4465.26
2506.22
13290.8
4526.11
9655.28
8060.39
3604.53
9006.77
3355.46
2959.7
3082.7
1590.37
2612.91
3201.31
3353.97
8533.37
2685.29
729.462
612.896
11064
1325.33
2533.5
1027.46
1686.76
8054.82
2199.59
19969.6
2102.69
735.963
11505.4
1604.28
10547.1
5684.14
1144.54
3346.49
19908.1
2151.27
497.669
1252.18
1733.46
1817.78
613.412
384.146
20319.9
1981.96
4471.86
5417.76
1236.12
828.838
6657.69
838.998
2046.74
9790.85
5990.63
5189.15
2572.6
2544.05
6055.15
5101.32
717.124
3735.12
2089.49
1528.3
10929.6
13385.9
2458.84
8797.12
9924.41
3805.24
524.589
19063.3
1364.26
23525.3
2115.43
3363.21
6317.02
2510.32
5430.61
1726.76
580.985
2784.93
9565.61
4181.42
4698.44
3947.65
5462.59
6165.82
12017.8
3604.51
544.121
3857.22
3397.5
628.064
2218.54
2293.47
9901.22
2534.04
7804.71
523.468
3106.19
4595.34
2232.61
11244.7
8045.35
593.201
9827.05
5537.55
7251.81
2418.26
7227.78
620.278
580.6
3984.37
10944.6
1651.04
784.405
16978.8
4678.16
8178.1
7791.59
605.264
4715.76
11254.2
7242.99
1805.98
2168.94
3802.99
9128.27
1332.53
5007.28
241.073
552.103
4407.12
1777.75
11827.6
1993.24
1611.75
1611.45
10518.7
3475.19
2110.69
5248.62
691.986
805.315
7616.23
4434.66
30791.5
14337.2
705.905
4971.29
4949.46
1258.55
11200
2980.98
2290.75
1968.16
1106.67
5517.74
9894.18
2427.05
3240.53
6755.63
5544.91
2152.7
1948.43
395.933
11978.4
1120.36
8902.57
5961.91
428.092
8148.7
2271.82
478.043
11529.1
1650.22
2722.1
783.358
6233.65
4386.99
1205.2
21577.6
763.007
6512.29
294.742
10208.7
7744.18
888.517
1167.53
2959.71
3356.95
165.612
4363.67
7551.46
3291.65
1129.23
1675.48
10519.7
26387.8
12403.3
1261.47
2696.58
1733.8
2541.96
11228.3
10353.1
8993.41
600.148
5425.42
4001.63
8579.61
14040.9
624.662
2668.99
2016.52
1436.46
5668.02
7333.76
629.447
4059.75
6871.07
2934.33
947.427
9511.13
8438.32
4455.77
3538.75
4394.62
3582.54
8273.79
592.288
7197.07
8681.5
16769.5
24110.4
654.412
4505.28
2653.13
1358.74
425.767
2107.47
7370.87
4325.65
4945.45
3135.93
608.715
730.242
22842.1
8135.34
4156.24
9330.74
1556.79
3072.47
13272.6
5302.56
1445.2
4868.26
490.46
3708.57
15885
9734.96
1050.32
6962.38
1503.88
1154.55
1756.26
7401.7
1230.2
3004.42
7043.36
3887.43
5724.89
1998.51
8591.46
7637.22
7683.31
8680.31
14404.8
8194.17
3000.63
5687.33
7578.01
21161.8
15147
6995.09
8426.98
5197.29
7140.41
17562.3
846.456
9950.17
1989.31
7530.87
2359.45
1556.28
6222.12
1569.65
258.888
8812.92
5582.16
632.346
10835.1
637.12
722.568
5485.39
12049.6
8619.75
3184.89
880.836
2078.74
8818.52
1755.59
1851.26
2519.49
5133.07
4981.87
1917.9
3190.49
2076.62
4836.17
5138.55
1356.22
330.495
13036.1
5386.48
382.757
3236.97
1150.81
2245.2
6365.15
12215.2
3192.1
2136.14
4055.87
8593.65
18424.3
2927.63
26959.7
20244
1508.91
4477.89
2483.41
881.193
4321.85
11723.7
239.347
10012.2
13530.8
1619.56
9779
2995.42
14871
1087.32
4089.05
1226.63
4907.92
15527.4
3549.33
1338.88
13770.6
8794.3
13760.2
4731.32
1414.31
3792.89
10239.1
637.516
11526.3
5798.24
12994.6
4620.44
2864.39
2056.03
10091.6
1903.08
9851.62
2516.53
7881.7
16685.4
5240.05
1583.61
7273.53
329.995
1724.84
11508
1128.21
7362.27
5095.99
5185.44
12588.9
2864.6
5221.65
353.224
770.281
6194.46
4177.27
27171.6
721.478
3659.3
4041.74
17675.9
12646
14086.4
3752.52
415.768
3702.8
10494.3
1262.01
6935.98
9466.7
3572.8
8560.86
6341.1
6985.15
24900.2
3503.71
1923.98
1199.51
12023.1
5797.32
4888.56
11612.5
5625.76
1219.57
2624.39
12092.9
8074.13
1752.82
4247.91
11969.6
23108.9
14737
3654.26
12617.8
3152.98
720.179
13719.5
10709.4
12661.6
12446.3
4783.13
3018.8
11727.9
3022.89
1051.77
27177.1
8592.71
5386.91
124.541
482.709
4121.08
26396.4
4075.28
4168.74
1899.16
5347.08
151.836
12777.9
15350.1
2252.3
39850.2
4621.94
3701.32
4011.46
8429.27
856.886
536.759
4386.1
2464.23
2497.97
9656.17
7188.29
4404.4
9141.83
10067.3
13015.9
2913.41
6544.76
17883.7
243.082
403.035
569.188
6807.62
11620
4774.87
14926.5
1589.59
1718.91
1391.82
7515.2
14309.5
1944.04
1263.56
6777.28
1176.4
3667.06
9485.37
9023.18
2272.29
5199.33
289.314
122.307
3248.66
6954.27
3761.85
4219.19
1671.37
245.288
944.348
1892.25
646.577
616.632
3784.82
3448.63
735.121
31727.9
6915.57
2227.95
10057
10937
5994
3647.67
7005.19
10597.6
324.796
12015.1
5553.13
10842.4
2303.26
633.204
4216.22
6159.59
2484.99
7667.83
8206.11
3381.96
3315.5
660.848
15447.6
628.154
20583.9
3290.86
8853.68
1722.79
11330.7
16548.8
12467.2
2645.82
548.398
7847.21
11181.2
12823.9
808.311
1226.63
11037.6
24003
8570.82
293.694
7437.01
6375.37
2633.36
6251.28
3449.46
11463.1
2066.04
2459.21
2282.77
4185.12
10428.6
10071.1
1088.48
1832.99
4959.12
1557.4
9592.05
2709.06
17721.6
1645.71
2917.83
5084.99
472.926
14985.1
12388.9
5994.34
18357.4
7869.24
3174.65
2795.18
2277.44
28323.2
9158.84
12120.4
13233
692.662
7841.05
2243.54
4844.31
6004.91
3073.98
3913.36
5864.63
1745.2
7356.83
5855.51
3856.99
16340.3
2719.7
12174.1
10072.1
903.422
2937.13
11260.9
575.446
2062
2405.76
1523.9
6262.03
1583.16
943.091
4171.16
8014.11
3434.13
737.339
2307.53
3232.14
1097.56
20716.5
4224.65
1198.24
4056.24
5539.69
12701.5
9269.81
3308.59
10932.6
3780.76
10491.5
4824.8
15788.7
5279.36
9340.25
758.373
613.664
7767.07
4888.02
1951.34
17438.6
6049.16
2306.52
5119.66
1230.64
20570.6
2694.8
12070.6
8243.35
11913
1228.74
8864.03
1306.68
5102.94
1743.05
585.996
34387.2
6966.93
1014.79
3967.7
1744.04
9198.85
9294
12070.6
186.567
8695.96
5523.13
13123.5
7412.43
6137.18
36976.4
4041.29
770.734
7419.14
1643.21
1091.87
30037.2
2921.75
5904.28
1628.78
14694.6
1170
13383.8
2879.17
1593.63
2235
3582.87
2622.11
3750.49
6693.67
5537.23
15500.4
10828.6
16648.4
4289.54
3254
4892.7
5849.4
1297.45
10962.1
28859.1
1675.6
9463.42
10368.4
3228.07
1423.69
2987.22
4998.4
30336.7
13043.9
9450.35
1503.85
3215.41
5964.34
328.555
9739.91
22317.7
5160.24
10024.4
4843.63
15267.8
9978.76
2273.12
4887.76
5583.92
14216.7
14695.6
8825.51
3373.49
2613.38
3125.17
18407.4
4490
305.961
2353.38
19477.2
1700.81
7503.47
10370.9
4773.49
4678.48
3308.84
2308.77
6018.48
343.948
15684.4
13249.5
9245.28
17966.1
9416.37
729.438
6021.04
8982.64
1541.32
9647.73
19849.6
10457
15323.3
7773.7
7889.17
2783.04
9641.68
3594.71
1083.98
3014.44
9398.18
5495.81
5924.97
2450.03
2326.71
6921.82
7095.32
9501.18
4672.36
8377.76
14966.5
17443.7
442.972
5218.62
10785.7
2398.2
12356
3567.61
3074.57
4344.09
5295.72
429.481
2061.48
3957.23
8025.35
4546.79
2059.35
1691.81
5107.45
3111.44
18860.5
7419.55
1762.12
5733.59
1404.67
228.155
2880.64
1338.45
511.236
6451.92
5221.35
4654.67
9478.72
5891.28
4965.85
213.534
2504.04
393.098
4588.66
1813.46
1483.03
4382.53
997.693
2362.74
2681.42
4227.66
1095.82
423.644
186.568
877.459
794.831
2917.68
2353.11
3403.91
1480.71
8277.31
2019.92
2383.36
680.72
13567.4
4435.95
1535.7
3242.01
4313.39
17348.2
364.563
2545.37
9900.67
754.65
4150.64
4779.54
915.806
1557.44
3753.21
7508.33
4046.52
3088.14
7755.77
3174.94
2734.8
11711.5
1799.34
5813.52
2482.12
3851.19
2227.22
11221.7
3175.6
1526.46
22309.8
15971.8
8895.55
12244.9
10923.2
7994.23
3809.03
4469.52
17674.2
331.801
1572.61
25062.4
1660.47
679.365
691.165
10217.9
17913.7
4246.7
3690.08
5782.08
456.543
1124.9
2541.82
10428.9
5323.29
4163.3
7594.08
281.78
10247.6
5916.5
3331.57
7049.53
173.287
33352.2
4403.51
4460
6540.71
1155.7
7614.4
3392
960.492
4685.06
2179.84
8170.91
12992.8
1691.22
595.693
8401.84
5115.4
2025.54
4816.17
14384.1
1119.61
2026.91
19609.5
1179.54
10292.9
3761.8
5802.13
5506.13
780.958
6423.75
387.526
8067.6
12313.4
30323.3
7247.03
2947.43
3073.89
3507.68
13823.5
1746.51
4232.42
879.512
11296.6
7717.02
9213.32
1236.77
3462.07
7916.72
43184.6
13327.9
17810.3
7398.41
2213.33
4167.68
2192.27
10334.5
224.928
7168.1
375.698
17357.2
3718.62
6107.27
4013.58
6402.87
711.682
3963.42
731.396
2141.05
2994.75
494.416
9885.11
17458.5
14856.6
3168.33
1718.61
10659.2
10633.2
14166.3
2562.92
190.016
14168.6
1583.03
5439.65
11821.6
155.718
3558.51
6895.29
5549.82
18065.3
17209.8
8445.61
757.781
7849.99
6493.83
27509.7
3054.66
1735.79
533.233
5516.92
2631.42
9518.12
6314.78
12398.7
6442.62
5723.52
2038.82
1093.89
690.385
1069.54
1062.52
14757.7
15006.4
790.773
12788.4
15441.4
7096.76
5148.03
2673.98
20666.8
9976.43
513.679
1221.87
4397.65
12389.7
6150.51
23851
4179.18
318.551
5701.09
9753.42
751.213
1259.97
2698.58