1.96439
1.81721
5.07857
2.21819
3.36717
0.717273
2.99047
1.25742
5.07213
8.83063
1.82121
4.58224
1.23527
9.53204
2.24552
0.363777
8.66997
2.30933
3.2247
1.38603
5.01459
0.716925
2.93261
6.83763
7.45345
3.96953
2.11928
5.33825
3.04417
2.38759
4.18302
2.77114
0.928857
1.46207
3.2577
5.46746
1.56
7.2041
4.83996
1.85963
4.45051
2.37588
5.06326
2.00132
2.01482
0.535689
1.75992
5.4698
9.29754
3.97065
2.06474
1.34878
0.526163
1.30609
1.47554
1.64431
0.656906
2.24439
3.74701
2.52307
9.30589
0.684917
0.805011
2.72183
3.46952
0.82024
2.26548
0.778985
3.99618
2.95111
2.4758
2.71248
10.5788
0.956487
2.60223
1.49094
1.71651
0.793781
1.50904
1.30852
5.10612
5.29314
1.2463
2.03969
2.55007
0.294112
2.5517
7.24028
4.37524
5.48831
6.42611
1.08113
0.606336
1.57776
1.45995
1.68539
7.52371
4.29963
3.12811
3.1703
2.14413
4.1753
3.01594
0.673271
3.27817
5.38593
3.9341
2.05144
1.15851
2.77891
19.6462
1.49485
1.30797
1.72249
5.11853
2.18324
5.17969
1.55853
1.88197
0.232838
1.93709
5.17742
1.90916
3.59615
1.86955
3.69394
1.22553
4.27694
0.717618
2.8311
1.64462
4.5099
2.4252
5.38889
2.13176
4.68021
1.23118
0.723757
1.93521
2.62128
7.30153
9.54723
5.25735
3.83585
2.13084
13.3363
2.51779
4.50241
9.6533
1.48561
4.72332
4.26068
5.91159
10.1717
12.4996
5.38938
2.65144
4.63671
0.187463
1.68852
2.53153
0.798119
0.935
5.21406
4.98971
7.08009
5.34941
0.186686
6.63654
2.04189
0.687813
2.01173
3.21029
3.48421
3.21039
9.29695
0.454919
0.380291
2.33931
3.35532
1.74709
4.73069
3.31514
1.65121
3.23361
1.12576
5.77729
1.88184
4.29537
3.09527
3.2657
3.97856
1.26992
7.22584
6.92013
0.818658
7.33107
1.08828
12.732
5.56797
0.729769
2.02383
14.1954
2.6507
1.03871
3.20457
0.0831408
3.37684
0.392605
3.72114
2.92816
2.12941
1.32784
5.76645
3.90322
0.259824
3.84265
0.394657
1.35041
3.56291
0.726475
3.28153
1.72342
7.96773
0.949588
2.54069
1.67196
1.22529
4.01276
1.22685
2.74084
3.65825
11.3526
3.36189
0.548648
1.13371
1.18075
4.39861
2.2637
1.88131
3.35945
2.11389
4.6633
2.54266
2.92616
1.50858
5.59611
1.85937
2.59904
1.89097
2.28843
4.32891
0.85307
5.0732
3.67256
3.032
3.80002
5.36415
10.291
2.81346
1.16511
4.17115
11.2835
4.71137
2.38999
1.76361
0.68535
6.87431
1.91001
3.18993
1.43053
4.19984
5.21766
1.08651
0.397682
6.42413
4.5493
2.45694
3.57338
4.45855
2.03613
1.46834
0.443967
1.24999
6.28988
3.26551
2.58627
27.4971
2.56993
12.729
2.66747
1.31372
3.87093
1.80741
5.18117
1.45013
5.25163
11.0671
0.349413
2.34471
2.63074
2.48705
5.82704
1.94684
7.14884
1.64246
4.90538
1.92483
10.8707
2.42868
0.461285
1.9619
6.71503
5.04311
5.02498
4.13895
2.30942
1.71085
5.05782
1.61195
0.952141
14.7668
1.70166
9.56206
3.05521
9.65045
5.22093
3.71409
1.59163
1.08192
3.57778
4.50933
2.24313
7.30198
2.66371
7.67797
8.16023
2.79799
4.50524
1.35348
3.9597
9.63773
9.71158
3.04831
0.676107
4.02183
3.38225
7.76272
4.21558
2.64336
3.73363
2.7521
2.51291
1.8121
2.79897
1.16048
3.31783
2.59112
1.22543
2.02188
1.83124
8.43443
1.25932
4.37661
2.5186
5.96656
6.16161
0.403861
4.09429
6.37205
2.45425
4.86941
2.57094
8.81901
1.74616
2.45988
10.5617
3.16127
2.16362
13.009
5.10025
0.757882
2.78542
4.73853
0.760988
5.53439
17.6862
3.69028
1.25987
6.0353
3.85344
1.22711
8.2677
1.99249
2.43665
2.93964
3.26075
4.37644
1.4486
2.34697
2.27196
1.53714
8.84441
4.31172
3.30291
1.71345
4.24698
3.95455
0.888534
2.2402
3.78874
5.1426
1.79673
7.32442
3.54765
5.33196
2.63816
2.13371
2.30755
2.35198
4.89076
3.99104
1.40847
6.44189
4.33801
2.5232
0.357376
8.52278
0.722765
1.50452
1.4413
4.84895
2.17779
2.60953
1.7329
1.62548
6.11554
4.23545
1.51634
0.979744
1.82307
1.7657
1.22895
7.92035
1.761
3.85732
2.09025
9.92642
0.822475
1.16634
2.45755
5.34376
2.29924
2.10687
3.38668
1.86933
4.33489
1.02759
1.35761
7.93561
5.38762
1.78157
3.52155
5.91534
1.44511
1.50745
6.55347
9.03953
0.968056
1.43682
2.26616
2.33162
4.96806
3.07558
1.44391
1.9619
1.20976
3.30651
9.2781
2.61121
2.15484
1.78099
2.18614
4.06476
4.70769
3.52855
3.56923
1.67443
0.681441
4.62617
6.20002
6.67866
2.5705
2.76042
1.67198
1.13174
1.00643
3.28224
3.46644
2.31609
6.22897
2.36315
6.15449
1.15187
2.97633
0.575365
7.05531
6.8859
5.76532
3.39256
1.79889
10.8879
6.45971
1.34723
5.98202
1.22005
2.80215
3.5756
6.61923
2.94192
0.41602
7.09005
1.6071
2.76836
1.64756
1.06791
7.43366
4.40685
0.902119
6.8934
5.80098
0.0523963
1.07897
2.75416
4.20744
0.789321
1.33087
0.326408
0.805295
5.08829
4.85083
0.627966
4.9169
6.06241
1.0862
3.925
1.15722
3.77928
1.11626
0.60078
3.81327
4.02015
7.89177
0.743418
6.80358
1.08097
0.139492
6.8856
6.88207
1.4918
1.38224
3.56563
3.15251
0.742335
1.56498
1.77959
1.83358
2.51805
1.07312
0.854148
0.870779
2.24498
1.50632
2.43763
1.08838
5.29231
0.572452
3.23981
1.95619
5.48791
2.27854
3.95067
1.03033
1.53117
1.94498
2.52278
10.6531
2.01488
5.45885
2.60126
1.87251
6.30175
1.56409
3.41898
4.8844
9.14539
4.78661
1.70147
0.485223
2.61099
0.196771
4.60913
5.36877
3.65136
4.46815
6.01978
3.03805
8.53198
0.869323
3.86137
4.75854
3.4619
0.592681
0.453849
3.31786
6.72269
4.14096
1.32878
3.99679
0.779892
4.61198
1.134
2.12704
5.45582
7.89478
4.70477
0.993064
2.58653
1.42375
2.5758
1.56339
4.64328
2.69626
9.59459
0.734339
1.00545
1.13655
10.9702
0.883153
4.58778
2.30206
2.88749
5.03741
12.1251
1.33605
4.34091
0.826596
1.74277
24.3328
6.44956
4.16187
0.772727
9.36901
2.14179
2.3557
1.65405
1.35401
6.88358
11.3865
2.85616
3.80458
17.1327
5.02539
5.35133
1.99032
0.71766
1.58824
1.09187
4.43495
6.28453
6.19203
2.99357
3.11161
3.82267
2.63228
8.15824
3.63205
2.11784
3.16373
5.24438
9.05927
1.52268
1.94558
12.4569
3.21749
3.33018
2.76647
1.33168
4.28063
6.90161
1.4871
3.16167
4.20745
7.64609
4.09077
3.13359
10.7476
1.89789
8.90205
4.00275
3.1801
5.78132
7.45092
10.0793
5.83103
1.7077
4.03905
0.506085
2.39722
2.9474
4.39611
1.99435
5.70423
3.2596
2.89812
1.37162
0.730704
1.08511
1.7077
4.09973
0.327305
2.38173
3.1232
2.36216
7.98816
6.01484
2.06047
0.17699
3.61613
4.58326
0.111941
2.26256
0.875322
3.24782
1.36157
2.4931
4.0594
1.38885
1.2344
10.968
3.97407
2.69351
3.46532
4.23228
6.4084
1.6408
2.2209
5.65413
0.27667
0.863969
11.2329
0.178866
0.194828
5.76074
1.84387
3.86866
8.47535
6.02009
5.94102
2.81803
6.15044
5.67682
0.453455
10.1469
0.940118
14.9725
1.43615
7.84595
12.0584
3.56807
3.97945
1.44172
1.27506
1.78957
2.41819
11.6358
1.23817
0.804571
11.3647
1.96409
3.84345
0.99172
1.48032
0.139468
15.6854
1.48545
7.51389
1.84016
5.91838
0.597513
0.964237
1.30692
2.46662
8.55882
4.92666
1.37036
0.476052
1.25983
3.41656
4.14225
14.4895
0.821693
1.14593
5.3794
5.26238
0.689022
3.20966
3.07936
3.71667
1.05561
3.35464
1.5813
2.85232
3.68536
6.84626
2.66894
9.86432
0.677233
3.36456
7.7469
3.78895
1.46288
4.7325
0.648075
2.30369
2.05259
7.77335
1.68493
2.77855
3.58982
12.9342
1.76614
3.71959
2.66383
3.6022
0.607467
2.36439
1.31694
2.08739
5.80211
1.92735
5.54902
3.06725
3.17607
3.47216
3.88683
1.68253
0.82047
0.953814
1.58857
2.16017
5.80855
1.54506
4.43064
1.88637
0.284345
0.690728
5.09697
5.46179
1.33561
0.638054
2.30346
0.614729
2.76031
3.49964
4.40651
8.93611
6.11696
3.54067
0.583709
8.1786
2.13351
4.13464
3.89688
0.849062
5.2501
1.94867
4.9505
0.431801
0.613996
13.9976
8.00346
1.91883
4.14603
5.35726
3.65208
2.96752
0.934335
0.762722
1.54225
2.38415
1.34296
2.43802
2.85107
0.692679
0.774758
0.462346
8.86293
0.875213
6.36247
3.32468
12.6174
0.959109
2.06801
3.752
1.31024
0.633075
2.4358
3.21939
0.899437
3.51944
1.24262
1.02211
0.316449
5.705
7.91571
4.68387
13.9565
8.60943
4.34461
2.0035
2.18892
3.15799
1.76715
4.57395
13.2875
4.1827
0.694434
1.02164
1.65564
7.63214
6.73671
1.8361
1.77544
14.0022
2.00191
4.87232
5.84631
1.06973
4.87459
0.407057
1.52121
4.28798
1.2421
1.20959
1.71283
10.4958
3.53112
0.969082
10.6289
2.59493
4.14626
1.47745
1.44711
1.58662
1.4707
1.17205
1.06111
1.17941
13.9931
4.27485
1.43034
2.46181
0.936379
1.19801
1.64642
6.33094
2.23788
9.07596
3.84043
0.533309
1.36087
1.7413
0.4793
1.02835
0.519198
8.56255
1.72361
1.5611
1.9906
1.57862
0.82485
1.40681
3.41829
3.19339
1.49952
4.73277
4.82359
4.02772
2.81132
6.08061
3.28951
4.3741
2.42768
9.64862
2.30493
1.72298
3.67065
1.94031
0.622411
4.47966
0.720917
3.07609
1.41275
2.43468
1.59513
11.1012
4.29833
3.27921
3.6356
5.47004
1.17291
5.17397
1.49006
3.10325
1.62272
7.85853
3.04971
10.4908
2.72122
0.574892
5.24434
0.867941
0.949775
4.58072
3.83789
5.96668
7.7035
4.18072
4.54132
2.76914
0.926593
3.68773
1.5573
2.61435
3.07998
1.52322
0.965977
6.63626
3.37287
1.16658
2.57709
8.89292
3.22654
5.27632
1.16784
11.5619
1.48122
0.514197
1.51837
10.8542
4.04321
6.90856
6.91957
10.036
7.79496
7.67475
1.55911
2.22769
4.32854
6.91028
1.45549
1.12189
3.69649
4.92313
0.890391
5.47099
3.36307
0.893331
1.98472
6.99579
8.99942
4.90878
3.69992
2.775
1.33843
7.00812
8.15037
5.78776
2.09343
2.05756
1.44761
5.89013
5.73377
2.74812
3.21255
8.26534
9.31126
2.73514
5.84507
0.727332
6.05525
2.78727
6.28043
11.4782
9.56469
0.947081
1.33314
7.52864
6.43767
9.22283
12.6242
1.62833
2.03722
9.18844
3.11924
1.58347
8.24238
2.62613
4.57145
2.0179
10.6691
2.36961
6.28964
7.20634
7.16601
2.63467
4.26686
4.45433
1.94978
1.25354
0.395504
2.27838
2.29842
4.43516
0.896258
1.80698
2.09833
6.26606
0.898434
2.40601
3.06733
2.96944
2.90726
1.22763
3.81297
1.88601
3.61838
1.21315
3.06785
2.62507
11.8896
3.04242
9.6634
0.744578
0.608102
8.31796
1.50284
7.56061
2.46544
1.57741
2.24574
6.20152
0.769144
6.58957
3.4719
6.93727
3.19289
4.89591
5.50325
1.43397
6.82467
1.42433
6.99238
4.16987
1.86782
6.95655
2.56321
3.27713
0.462961
7.19032
2.85076
0.752894
1.80848
0.310825
1.14794
5.57966
2.89013
4.02402
3.79165
7.06349
2.17673
3.03436
1.50033
1.74673
11.3497
1.65163
14.5824
4.95659
8.73729
2.14223
2.32173
2.11051
1.49534
4.84991
3.00312
3.85577
2.51946
2.22974
2.42018
4.81711
8.67431
17.5224
7.17491
2.3845
2.20793
1.70909
4.08467
5.80419
10.3184
0.50892
0.393565
11.0206
18.9488
4.03797
3.86469
5.90557
0.559102
1.02012
2.51242
2.52901
1.89437
2.24163
4.63265
0.854814
5.79005
6.50558
7.50283
3.24037
0.610831
4.27992
5.61166
11.9671
0.324489
3.88592
2.70853
5.30645
3.81554
12.7409
17.8973
3.48666
3.84892
2.58209
0.229846
8.98612
9.85545
3.43946
1.43205
2.06848
5.3676
1.93791
6.80492
2.45307
0.768386
1.10621
3.21133
0.998892
3.37264
10.0227
1.99703
2.21031
0.965601
5.3222
3.60291
1.3251
3.30732
6.32116
1.06927
12.552
0.371121
2.94506
5.43062
0.628042
3.43634
7.55172
5.09849
5.70045
2.93425
3.55498
1.65934
5.47827
5.3172
2.45654
2.35004
16.2581
2.3943
2.29857
2.7454
1.84614
1.48749
3.26676
3.33357
1.75235
5.8979
5.40357
2.5814
4.08656
12.771
8.48242
13.9247
9.66968
4.28975
1.24857
1.96682
7.55535
1.96948
2.09338
1.61353
1.20789
7.91834
10.3955
5.91516
5.57937
2.70484
1.56072
0.836637
2.83099
7.67067
1.06117
1.9633
3.45358
2.4559
3.81693
3.92195
3.82325
7.02515
2.34022
6.55572
2.7076
1.9819
5.44779
0.911629
6.17111
3.43712
11.3374
0.277139
5.04237
2.18311
2.60698
2.28501
2.22977
3.76982
7.2785
7.04814
2.40618
2.21484
0.717244
2.76927
6.49135
9.29145
4.58275
5.17575
1.36288
0.393489
9.30637
0.444067
7.99199
5.23453
5.43926
3.15634
1.8547
3.10158
8.38726
1.33191
6.52115
2.28433
4.65709
7.41382
8.2878
2.5433
2.1226
14.6299
1.17255
2.21658
2.98218
0.972962
1.69464
2.22236
14.3222
0.602981
5.30964
2.9874
3.36813
6.43219
2.7309
4.24525
5.08492
1.62826
4.4851
2.20632
2.97324
0.615939
1.16386
1.84248
17.4682
4.44082
16.7868
2.65156
2.69237
1.44571
12.3097
7.1518
2.51773
2.29776
2.04764
1.01221
6.68203
3.26498
3.2317
4.91755
1.6025
1.52178
1.25741
20.4462
2.86476
8.54926
5.18947
9.31432
5.96022
3.66735
1.76089
1.871
5.85027
2.05063
1.47773
13.2739
2.69856
9.45624
1.07654
0.809104
8.07274
5.01179
3.47493
3.85355
0.161831
8.0419
17.7652
3.23075
2.89442
4.23951
11.232
5.11412
0.326302
4.94248
2.01823
2.42176
1.14249
2.18174
5.91203
0.628574
2.29221
0.963403
1.38619
1.08994
3.024
6.7049
0.690202
5.77
4.78097
6.41181
0.994759
4.45312
4.09344
1.16622
2.95293
2.51919
6.11741
3.51664
4.91656
2.60889
2.42038
4.62405
0.548172
3.33263
2.10721
5.13233
1.74123
6.87301
0.844487
1.17414
1.08186
1.29642
5.71666
2.41795
4.29518
2.13051
3.91045
5.10003
6.40658
1.21342
2.92381
2.19923
0.100563
2.16626
12.4952
0.396454
1.17224
4.65719
1.98987
0.693282
3.40035
0.663644
1.71509
0.379804
0.695907
1.3083
9.60434
0.39661
8.84988
1.73938
5.15464
11.6797
5.56374
4.94068
2.87937
3.70204
2.88029
8.50245
2.65418
0.989631
2.04161
4.49857
4.70765
1.75946
4.45538
1.50748
3.11659
2.14722
0.462557
1.26659
1.31821
5.52839
1.12938
4.07309
1.53278
17.1096
3.82641
5.57934
0.923616
3.14279
4.97186
7.37429
1.94581
1.94712
4.75872
2.29612
18.828
12.1631
9.36465
15.543
3.23998
1.61167
4.58882
5.06578
12.9752
2.24941
0.961001
8.68759
9.10542
2.71865
1.14549
2.31301
2.82583
18.579
2.51246
1.26174
0.645488
7.07234
3.36769
3.51602
6.98226
4.15251
6.54557
1.76106
1.48575
5.17126
2.85968
4.16075
5.24397
0.445447
2.35227
1.70975
0.761827
0.641483
4.68468
1.66392
0.912568
2.66058
3.06945
2.47021
0.189542
3.26529
1.94085
3.01776
2.79991
1.45271
2.42387
2.28941
4.36605
4.6778
3.33043
2.00051
12.1001
1.58185
6.18669
4.72401
0.32395
3.73444
0.936288
7.73136
1.30235
1.37156
3.82072
3.03841
17.1821
3.70705
2.49
3.16222
2.90025
5.01134
0.291133
2.05495
3.48743
8.02472
0.55663
5.69979
3.29021
6.36636
0.961459
2.19427
1.52578
1.34187
2.29118
4.82553
6.31382
5.88795
5.7663
17.289
2.50406
5.75073
1.17047
2.12407
1.84319
4.27547
0.874063
2.27898
9.40919
6.33745
9.55121
4.42745
5.54587
10.4994
0.978663
2.77014
1.46453
3.17446
2.71625
2.12955
13.7893
2.60152
1.1618
0.269337
4.01602
3.97996
0.2968
0.894385
1.28212
1.6768
2.6623
4.10941
2.37376
3.00489
2.74245
13.774
1.37133
3.99947
8.21329
6.27979
1.21597
4.6138
1.18925
5.94156
6.59001
3.82767
3.50161
2.46901
8.40421
8.12332
4.23721
1.04496
13.7925
9.56702
5.48974
0.452987
14.6841
4.26767
5.05891
1.18702
14.6895
3.01954
1.67298
2.0332
1.15704
1.78289
0.217554
8.6333
1.10454
8.86251
8.02899
1.0451
2.15892
1.38664
0.964222
2.05148
3.54725
1.28463
2.0384
3.2276
2.58418
4.25876
3.02803
6.14095
3.43073
2.9145
4.02789
6.8711
2.97904
9.03629
6.15374
4.06359
10.017
8.23573
10.3248
5.51195
7.90719
10.4313
1.90968
3.63414
1.10264
2.56438
2.57171
0.878955
1.87372
2.33207
8.00922
1.80491
1.43129
1.56847
0.830347
1.78285
7.4314
4.82199
1.80698
1.38474
2.62932
5.74746
1.66378
1.88535
3.85166
0.910094
4.77561
1.27552
3.10542
2.60335
2.86196
4.70716
0.912023
1.69821
5.55438
4.96777
2.08756
3.0922
1.87398
1.64514
2.15435
1.75501
1.06027
2.63639
6.42925
0.390598
1.85978
2.41473
6.27249
1.12642
3.97843
26.5329
0.90843
9.85958
3.05872
1.43554
2.21286
9.05822
2.86192
3.60113
14.2973
3.21999
1.9164
1.16089
2.0607
7.48439
3.65337
8.96764
1.49454
0.458818
1.0989
6.40385
4.05025
6.08252
3.1438
4.05322
0.522258
5.96834
6.58607
1.76857
12.8713
5.72014
5.82386
1.07372
1.59838
7.62132
9.6688
4.30194
6.50834
8.29013
9.92068
3.59594
3.25027
3.56579
0.78611
7.22026
12.8122
1.38703
0.692141
5.55859
3.99618
3.15691
0.523443
6.22772
0.45276
8.14928
5.2185
2.48601
7.79048
3.29413
4.70946
1.38925
13.1158
1.20419
6.95413
11.2645
2.77924
0.629267
7.02
3.6817
13.5299
1.05604
4.01386
5.41786
0.726066
3.74972
12.172
8.80028
2.75906
0.76851
1.6703
1.04638
6.00878
6.24343
1.87389
4.79144
3.37115
4.98769
2.91607
0.217394
10.8869
5.5516
5.13811
6.10818
1.58569
0.669624
0.638981
10.0377
2.626
1.21341
4.8849
1.27478
0.515408
1.31018
8.98542
6.01614
1.72705
2.05264
3.35605
2.95339
5.87573
3.89501
4.45313
3.37395
4.29023
0.565237
10.0247
9.9631
5.87461
0.626161
3.63798
8.7427
1.64641
1.17481
1.4674
1.43854
4.20443
2.97362
2.29532
5.37458
4.09787
8.14066
0.788178
9.6467
5.8862
7.1018
5.5316
4.02734
6.91807
1.58294
1.89033
1.9764
1.68372
6.25103
4.23433
2.74432
0.62521
2.55723
1.13298
4.5545
0.677535
1.71347
8.21978
5.59939
2.18827
0.958547
5.16382
2.13666
1.52727
0.30603
2.19155
3.461
5.61405
1.00595
4.14319
5.9189
2.59199
1.47218
3.0227
1.59801
5.08147
4.93886
10.0537
1.44952
1.60558
7.04921
4.047
6.29701
4.91101
3.36613
2.58634
4.097
1.70581
2.50858
6.34111
0.468676
10.4071
4.15675
1.14896
3.38871
4.39146
2.06263
5.34833
3.59144
7.43856
2.02007
2.33116
14.5771
7.43758
3.81429
6.83442
4.94827
0.468696
6.1528
1.44105
17.8644
5.36193
1.53581
3.8362
4.88105
1.38828
6.95917
1.18903
8.57286
4.62532
2.39097
11.4222
1.15098
6.88782
1.34706
3.09548
1.38708
10.4535
6.42903
1.60961
2.7248
1.28821
3.79135
0.0551719
4.61715
5.57601
1.91917
2.05418
3.12055
1.43936
7.58678
4.25461
0.848621
2.76306
5.59844
3.73051
3.92305
8.37401
1.13269
5.4645
0.736761
9.75251
1.26714
1.16182
2.07525
2.88034
2.41013
6.00594
2.42188
2.05947
5.56788
0.442351
4.52376
3.98065
1.38403
2.3619
10.3226
4.30288
2.43978
8.03311
7.59126
7.83161
4.51915
10.2902
4.44683
3.64165
2.98814
2.80869
2.91516
1.92433
5.95582
3.41404
6.68217
1.3852
2.87464
2.40594
3.82474
1.28975
0.92235
1.28413
13.9417
1.96904
3.68133
1.98601
12.9556
4.08814
2.8538
0.829858
0.755926
0.882958
6.30071
0.52078
0.868566
2.34239
3.00515
1.41067
7.77449
13.2174
5.34954
2.02905
3.21214
5.31685
3.04312
0.8045
3.83277
4.71854
6.05766
5.18069
3.29045
1.01018
1.31769
20.5051
4.70263
4.12531
3.44672
4.34004
3.41203
1.89269
6.4142
16.1153
1.56404
2.65633
2.74908
7.87606
2.86452
2.61498
0.710545
2.34537
1.01143
3.56914
4.7256
4.58075
1.06395
0.713685
6.11091
4.76619
4.34726
1.00298
4.74818
1.14277
0.940887
4.10576
1.89057
3.24989
1.0296
0.630669
2.40265
1.32922
0.896665
0.823926
3.71735
7.42106
3.51591
7.97627
4.7796
3.75824
1.42172
5.96601
4.17435
6.70005
6.95591
2.0111
1.12899
1.78077
5.80969
4.47913
3.22469
7.17409
1.36146
0.372457
1.8264
9.69266
2.91408
1.87375
2.16028
8.12876
1.64697
1.00574
4.46923
1.22472
4.9159
1.30225
1.57908
0.345955
3.02981
2.16375
3.44716
2.83973
8.19823
4.30736
9.47551
0.940466
6.19079
2.10867
2.2756
3.06627
3.04548
6.41647
1.55498
5.20124
0.490994
0.545508
8.05347
5.8295
2.91987
4.39385
2.36334
2.30134
3.93544
1.58136
5.49208
1.64536
1.57266
1.98916
3.39553
2.48745
1.38534
5.18715
3.18441
8.85093
0.539371
1.08742
3.97636
0.0881221
3.19751
0.496513
3.32565
6.67303
0.126566
0.802475
2.46238
5.21038
1.93015
1.40812
0.215703
2.78705
4.14101
12.3373
4.10103
1.68734
1.71796
2.92845
10.0913
3.33297
8.38538
11.5868
16.0611
0.558585
5.19621
1.57214
11.1577
2.34483
3.41775
1.58487
2.13227
6.06074
10.1285
1.52696
2.55182
3.92763
4.1463
3.28965
1.30409
8.1285
1.73409
5.50656
1.90349
1.49403
0.830749
3.5915
13.8909
7.02022
1.95117
0.380465
16.9185
0.573772
2.12303
2.83796
2.27473
2.57647
0.689832
8.73077
7.10552
3.39047
3.94425
0.708935
1.56672
7.86249
1.0805
21.7684
7.30429
5.53225
5.16282
4.84254
2.7433
0.929448
1.34543
2.58747
1.25105
5.05162
1.03874
8.56405
3.43576
8.23979
3.91717
1.61708
0.95743
2.4158
2.14509
10.151
1.38658
3.92044
1.88824
3.20255
4.84861
1.2229
6.66726
4.00865
3.58219
1.88692
3.24355
1.24776
4.60744
0.207513
11.7753
1.7096
5.31711
1.60731
9.40914
4.91388
0.25128
8.34041
7.62129
0.63392
5.13729
6.2489
6.2476
2.0904
11.3755
14.4118
0.267656
3.54394
4.46343
5.09566
2.93738
0.103327
0.653553
1.20981
2.00266
1.19959
3.83895
5.48393
8.5876
16.9176
1.68193
4.39186
2.71294
3.33437
1.41418
4.86753
6.30574
3.18211
5.97762
2.87039
2.76601
0.794331
1.70156
2.65447
2.19688
2.82923
1.27737
8.22537
7.15858
8.40189
7.42851
1.24325
3.97204
4.0171
5.31388
17.5764
3.31877
0.34471
1.3706
3.69602
4.50809
7.50319
0.785107
2.67004
0.0347722
0.850492
1.74106
1.87122
1.21959
9.69323
9.14877
3.28786
10.3235
3.01117
8.78809
1.09413
1.19131
3.88323
8.55298
5.71366
5.97459
3.78478
4.47282
3.12043
3.40079
4.97139
3.31728
7.70593
2.79947
2.31551
3.04993
1.67912
14.3777
1.19175
6.88296
0.471072
0.686831
1.36626
5.54601
5.61659
3.37649
5.32139
11.0231
1.51503
7.1865
0.919612
6.30961
3.43357
2.69185
3.45423
1.6237
5.56834
1.73075
3.46185
3.5778
3.11307
6.56056
0.13719
1.63994
0.323107
20.4856
2.0451
11.6909
3.00186
1.13455
6.15636
9.69102
6.01145
3.67602
1.19499
2.00838
1.93738
2.30751
20.206
10.7025
1.42825
10.29
5.57279
3.35845
7.56823
1.98625
0.173581
1.40319
1.55887
10.4128
1.87665
3.71459
1.83649
0.486532
1.90766
0.971246
1.39905
4.75188
1.63923
4.01911
1.67852
3.31354
3.88306
4.49724
2.53439
6.85481
2.09102
0.478359
14.5663
4.34437
3.93241
3.37233
7.89743
2.10312
1.07457
2.57171
4.38551
4.92491
4.19601
0.180449
2.45893
0.0109011
3.42422
5.32431
0.905157
3.22821
5.58926
5.18628
5.09867
3.10509
5.87833
5.37615
0.800974
6.31565
0.425028
5.63623
5.41747
4.75509
1.16575
0.935153
2.33891
5.71335
4.31551
7.16722
3.71893
4.43482
0.594355
4.13647
2.18371
7.2504
2.51991
2.23191
2.39081
4.09576
0.604978
11.9519
3.87908
7.42061
3.33714
2.57956
5.90224
8.42678
1.55269
2.28898
0.903815
4.57442
1.02701
1.87724
1.96469
1.77129
0.271165
0.125642
1.67949
5.35355
2.46551
6.44822
6.50009
3.75864
0.63242
3.91364
0.419029
4.78211
1.83946
1.38753
3.32123
3.4189
3.86039
4.8519
3.2518
4.47173
0.295797
6.04997
2.06714
6.80709
1.70264
1.95532
6.4173
12.2468
1.41538
1.77775
2.23007
1.76005
1.19852
3.39104
3.59104
1.52817
5.63613
7.91363
2.55461
5.6271
3.65436
0.852407
6.85188
1.98354
4.84142
3.05794
9.90492
0.0865984
3.26866
3.92732
1.80123
8.50985
4.06285
6.24368
0.360307
0.686716
1.22403
5.20695
6.83947
4.29409
1.62669
4.29323
4.08574
2.79327
3.25311
3.37404
1.89971
2.59926
0.0486106
10.0053
1.73952
7.95625
2.24564
2.16582
1.88331
9.64796
6.19451
4.71746
2.55358
2.47665
3.73827
4.21444
3.25158
2.7733
1.57529
8.07145
2.37874
2.54653
3.11053
0.634124
7.51567
1.77367
0.774044
4.10028
1.78297
1.83405
1.64768
2.83441
1.22879
2.0262
8.96635
6.27295
5.7189
0.116477
8.51441
3.90263
4.53122
8.07367
13.2237
6.85659
6.61889
22.2049
0.45816
5.01824
3.00909
0.611703
6.8496
0.36446
2.65229
0.636
2.08717
5.08778
5.42407
16.6196
3.69307
2.33888
1.85434
3.41881
1.71047
4.97331
7.95077
2.64997
1.06065
13.6069
4.39621
4.90457
1.5582
0.868492
7.90519
0.924833
2.87252
6.50728
15.3083
9.32126
0.992651
0.540771
0.346179
4.25056
5.87562
3.6572
3.1131
4.66699
14.1779
7.36647
11.4151
7.01925
19.8636
0.950527
1.47983
1.59971
2.33906
0.983994
10.1631
4.5974
3.13064
9.72272
9.50684
0.833807
14.1107
9.18815
0.797077
1.33491
2.22223
1.84344
9.63891
4.53632
26.8335
6.81619
1.38912
3.97793
5.6527
4.81556
5.09195
3.14287
1.52558
0.955891
1.19695
7.80481
6.35154
0.763909
3.81544
5.534
2.41167
2.80609
4.55628
3.56918
4.8214
5.10893
3.70301
1.51533
1.5141
1.6086
4.86245
6.26791
6.43929
0.510933
0.690056
2.58841
3.26619
3.07165
1.01057
2.46175
9.2626
2.95148
2.89086
5.14585
4.67464
0.236949
3.69053
5.56981
2.32245
1.05926
4.89648
3.93234
4.35231
3.99721
2.05895
0.907409
2.38866
2.4655
16.1041
3.33162
3.54011
5.52235
1.3978
2.16771
3.92488
8.94508
4.68374
7.04251
3.15451
5.12926
3.67384
1.10265
3.80802
8.72698
1.0794
3.04228
4.78768
4.3859
6.85457
1.1837
10.9624
4.89945
0.950486
0.637849
4.40278
1.6176
1.01656
9.55691
5.71576
4.58409
0.805428
7.1043
2.75978
6.63717
0.873404
5.88534
1.87224
3.97456
4.8759
1.81799
1.26689
3.83111
0.721114
2.03035
5.51314
6.45703
1.04738
9.45111
4.38389
3.56573
1.71094
0.74603
1.15441
3.14449
6.1057
3.12762
5.54576
2.69068
0.803293
3.44696
3.51232
9.91737
2.22038
2.35192
0.290136
1.35289
3.63073
0.44016
7.87473
1.693
2.65476
22.4153
5.5537
2.46195
1.62172
1.83374
11.0776
5.28986
8.38143
0.693025
2.59522
2.72017
2.99596
19.8577
0.335788
1.66015
3.1408
0.569102
1.52344
4.06023
0.83832
0.979777
2.90132
2.7825
3.82967
1.7157
1.35997
2.72379
3.65157
0.64457
0.716504
2.45452
11.4463
0.740667
1.83394
5.49825
1.69534
0.639181
3.09053
2.1498
1.78756
2.01231
0.161744
0.489202
1.39658
1.55792
4.10272
0.890458
1.70594
9.91528
5.03962
0.499988
2.10135
1.52227
1.23103
0.735787
13.2802
10.5045
4.76585
0.711058
3.24091
1.27828
19.8327
2.61041
0.78718
4.1031
2.52763
2.23784
0.484012
6.03793
3.64057
5.12141
1.72915
4.93039
2.23462
11.0827
5.38178
1.5815
3.13814
2.57137
5.20943
7.29132
0.734608
3.43739
5.57948
0.317473
5.0241
2.84708
6.6366
4.71844
1.97375
1.86794
9.80395
8.40188
1.13446
1.86425
1.89973
0.400215
4.02177
2.37868
2.78887
10.5172
0.369688
5.1611
10.5415
7.40025
16.1503
0.637193
5.94803
2.94587
7.30786
5.7781
2.84942
3.08738
1.00766
5.11749
9.03644
8.14286
8.65818
1.64272
1.49587
3.84122
1.00961
1.79958
2.02497
1.06476
0.602419
2.31566
3.90628
4.26345
4.87904
8.53582
3.44246
12.7817
1.32917
1.7646
5.70238
2.35701
3.45175
6.71683
2.2689
3.73812
3.11191
2.51802
4.01656
3.0606
2.2389
3.29231
0.0484013
2.34449
1.89073
7.85587
0.955895
2.53038
2.81323
8.82036
1.09263
2.0057
0.671457
1.59879
5.26121
0.828997
1.19429
1.05875
3.52718
1.68382
2.40103
7.43778
8.34153
1.99881
2.50471
2.3107
3.06842
1.62907
2.19084
5.86206
3.125
0.476362
0.322951
4.67295
4.38809
5.80709
3.59844
7.88577
1.20397
2.30281
1.99441
1.95042
1.76387
1.44951
1.74366
3.07468
6.13103
0.851813
2.74739
1.17199
1.94537
3.88073
2.2327
1.8682
5.35937
3.83095
1.42527
2.30027
11.7416
3.35102
5.65176
5.65512
6.11106
0.503959
2.12501
2.93454
5.58927
5.92797
3.1101
2.6917
0.447537
2.6579
5.11146
9.44405
2.29449
1.73457
5.59544
0.782374
2.98297
1.68705
0.179844
5.60672
1.39725
8.65736
5.90621
1.81102
3.67967
4.21151
1.79078
1.06386
1.88904
10.0938
3.50209
3.2347
0.548994
1.16664
4.76427
6.07803
3.42647
1.83903
3.7334
4.6326
6.59107
1.42197
7.20177
1.96269
0.224475
1.58556
5.06422
2.85051
0.172371
1.22102
4.32172
3.80224
1.56336
12.9913
5.7302
1.40241
7.02916
1.39331
2.09805
0.727549
1.80483
5.88043
5.09186
0.549628
1.29035
14.1319
1.70838
6.78819
3.19763
2.01198
0.108782
2.90308
2.64619
10.6937
5.9815
0.737111
1.1426
2.67242
7.52454
2.27219
3.05849
13.1267
9.76902
1.39048
4.73275
2.56424
1.54379
1.22404
1.56608
3.40767
1.17652
0.959864
5.65065
3.64589
4.66449
8.00926
1.554
4.74325
6.6683
0.595112
5.0394
12.1193
2.40714
2.27735
5.1898
1.48706
1.24186
13.6081
3.72127
4.0203
0.901245
0.752584
7.39231
0.290071
2.84301
2.5965
1.46805
0.636826
3.02472
1.91052
1.94047
2.40178
6.09512
10.2678
1.62792
3.20928
3.0447
3.11511
5.85296
1.86873
11.7881
3.34627
7.65284
2.82564
2.55464
1.91635
5.10999
4.45661
3.81524
1.57611
4.48496
4.30609
3.21096
1.16994
7.13157
3.38927
3.56593
5.53122
0.845372
4.14884
0.797955
4.80712
4.57232
5.31773
0.53642
1.2776
2.02834
3.35364
3.79178
2.74359
8.83131
4.74648
4.99617
1.17112
7.09633
10.2645
2.28225
2.50281
2.71832
3.07177
5.67189
4.76144
0.713002
0.408015
2.53891
3.63767
2.79437
0.804706
3.04626
8.64595
0.312169
9.05465
2.60417
5.26551
4.39667
2.37273
3.57362
8.15468
1.95513
3.539
1.22308
2.72637
4.2022
3.31701
8.39144
3.67426
2.93992
6.09993
3.07023
2.31497
1.39728
4.88754
4.96298
3.6442
2.88349
15.8219
7.55616
9.36333
1.75015
2.36945
3.10492
1.65615
2.55226
5.66431
6.05851
9.03425
3.47847
1.73545
1.55903
0.876779
8.10407
9.63737
3.37169
3.79531
1.59764
4.7742
3.13525
10.437
0.426571
3.01526
1.74865
7.21998
7.93067
0.932258
3.45476
3.08483
4.42328
2.45189
2.33737
0.846345
1.5986
2.18183
13.1188
2.03292
2.71009
2.07219
3.75665
5.22477
2.29149
9.22865
2.3587
1.19577
1.1472
3.98967
2.24151
5.55922
0.111719
1.62107
0.509891
3.33489
1.01899
2.85738
4.54343
0.411613
3.82681
4.85969
2.8176
0.789896
2.066
0.805643
1.85334
1.28666
3.43988
8.42886
6.83029
1.92847
1.58639
0.0231042
2.97374
6.00781
2.2415
3.67637
3.17682
3.57904
2.84973
0.656733
0.307687
3.10663
13.2903
4.13386
3.571
0.950004
3.67644
7.8942
2.89005
1.13442
1.31807
1.02795
5.28848
2.13648
2.15985
9.18334
1.72537
2.23064
2.11983
3.48742
1.74556
0.777084
4.95724
6.67951
2.5772
2.1325
4.18162
9.02422
4.67148
2.34635
3.18803
13.4039
2.529
7.54538
2.1155
3.38924
1.80491
1.67941
7.36982
1.68662
3.36046
1.36318
11.8459
2.67119
3.51904
3.7566
2.19402
5.99107
3.18808
1.49901
2.7702
7.05766
2.0135
3.1254
1.55945
10.6054
3.14415
2.58908
2.46051
9.36483
10.1271
11.8407
5.38369
1.21581
3.7547
6.36724
6.04213
2.91369
2.05177
4.18581
4.40739
8.58824
0.913706
5.97746
1.68777
1.63379
4.61643
3.64201
2.29047
6.12539
2.24003
4.97999
2.24478
7.74601
0.731304
0.825394
1.90686
4.57023
6.32878
2.30165
6.40076
2.50678
3.93564
1.31582
0.626628
5.94211
3.59367
2.76917
8.84459
0.139793
1.52641
3.61053
1.2188
2.30674
2.11612
1.71537
0.344788
1.36598
3.36771
4.6124
2.15283
0.418942
4.48376
0.277624
1.08888
2.51175
2.50866
5.38378
2.47588
1.39408
7.34392
7.06767
2.50724
10.9704
2.80142
1.22172
2.39674
1.03136
5.66651
13.3178
0.767507
12.8844
5.44754
4.11887
1.06101
0.441658
5.00991
0.981679
0.403668
3.59638
1.91421
4.44927
2.4423
1.82346
5.30142
4.31834
1.29463
1.68536
1.45894
0.649001
6.8763
0.466123
0.950665
5.98586
5.1462
0.249285
1.67673
4.6655
2.33847
7.62882
6.17274
0.717838
5.96419
0.536297
0.247273
0.801827
7.62655
2.56606
2.1125
0.497948
1.1993
8.14815
2.58508
1.22931
1.57016
0.467726
9.40019
7.73137
1.69254
8.62521
1.63455
5.98484
2.52772
0.604719
1.20334
2.64522
3.16101
9.95121
5.32891
8.41604
3.81764
0.487801
4.42339
5.67658
5.43564
3.40158
1.68341
1.85167
2.70476
3.65882
3.51906
2.09571
0.949876
1.17913
2.08153
0.80394
2.20663
1.50935
3.55341
0.884356
1.27643
5.06664
7.98767
3.54652
5.37178
3.30247
9.56152
1.53985
1.14586
1.52489
0.986098
3.92737
4.43461
2.75846
8.17211
4.32313
5.26429
6.17562
2.37025
3.31441
4.75572
0.31634
2.29582
6.30189
1.55591
5.86871
3.38584
1.31498
1.54863
2.031
6.97552
1.33816
0.552793
6.35562
0.436925
2.23105
1.53531
5.83287
0.29736
10.9501
6.02918
0.134679
3.48552
1.93318
3.3649
2.99432
7.529
4.03464
1.62762
4.51393
1.42484
4.3882
7.88588
10.0563
5.57352
4.99736
1.80655
1.79877
4.88133
5.2298
2.72737
4.9109
18.5285
0.265462
2.79384
1.09046
2.74881
2.37194
11.6967
1.59188
2.64417
7.84097
4.27177
2.15472
0.775218
0.781348
1.54949
1.74066
2.29715
12.1851
4.06211
0.786808
3.84153
1.26521
6.34354
1.77355
9.35946
8.68872
2.90277
3.07309
12.0043
2.84093
5.61816
5.36901
2.42656
1.68749
9.49646
2.69348
1.96454
5.32153
3.65828
6.25482
5.25254
4.40327
3.13902
2.17111
2.39476
6.58046
4.50828
7.03269
0.450179
9.44186
1.61354
6.80971
5.95166
2.08896
0.233223
2.30406
2.34614
1.30637
6.4271
1.96873
1.44908
7.98705
2.94162
1.63826
0.944172
1.7456
2.89494
1.53482
3.18601
7.12888
1.47906
6.40803
1.04838
0.600834
3.23136
1.09733
2.57575
3.99003
1.44878
2.41665
1.48445
7.46391
8.10719
0.533375
3.0027
2.84817
4.84951
1.78722
11.7582
5.08389
3.93174
3.51417
3.83472
0.852382
8.96857
4.74098
7.239
5.89056
0.991335
2.34207
4.40283
3.021
3.44194
2.06625
2.79992
2.86504
2.01332
9.63283
1.30183
8.88774
2.76865
3.59558
5.78598
2.89119
3.82845
0.94011
1.41417
1.79928
7.10573
2.91222
0.603458
1.82876
2.86852
1.37769
0.629671
1.2324
0.307176
2.29351
1.76812
3.85913
2.91276
4.29316
2.76597
4.91654
2.24192
5.17981
4.89451
1.92349
2.29281
3.14174
3.12989
1.40239
2.19393
1.63804
1.15616
9.50357
3.25119
0.542165
6.7893
1.49027
11.3994
12.2325
1.63827
3.44376
1.77751
2.89578
3.66238
2.17992
3.77293
2.96431
2.64979
5.15411
5.0959
1.63382
1.62271
9.65963
0.755905
0.643168
1.89043
4.79876
5.9506
3.00012
9.90865
0.916266
2.11271
1.24653
0.322496
1.56223
2.45368
13.0696
4.69848
10.0652
7.45718
6.07465
3.67796
2.72291
4.67793
1.39315
3.11555
14.9197
2.92229
3.14117
1.44898
6.80087
3.49201
4.68536
0.64876
2.30914
1.26965
6.15617
1.06187
0.675455
4.89047
8.10055
0.369696
1.93385
13.0646
4.03139
11.1162
5.68898
1.22016
8.20422
3.78594
1.51512
3.45615
3.49185
5.06891
0.53183
3.47867
8.32005
8.21007
1.86195
0.320717
3.44152
10.1644
2.10861
2.18063
6.22885
6.21518
2.11245
2.51606
3.57442
4.47918
5.41201
1.68179
4.85033
3.49325
1.1694
2.80421
2.75747
6.51148
2.1069
1.85331
1.94986
0.550352
17.9719
4.90938
5.85854
3.15883
2.88692
4.49828
2.02436
4.05402
0.188476
2.05159
7.76177
0.743305
0.614657
12.4485
2.86663
6.23583
9.0137
0.762926
3.73098
38.9128
8.09509
2.0556
4.13546
1.63788
8.99965
0.785397
8.48655
9.94416
0.869699
4.83069
3.51113
1.31164
3.13365
3.12248
10.4374
0.436973
5.20324
9.69705
1.10712
1.5085
5.35508
5.01776
0.538138
2.34874
1.25526
7.24674
0.553359
2.11824
1.03302
6.92739
3.56467
1.30477
1.84256
4.52847
5.65916
0.888621
3.86709
6.20452
1.91504
3.32763
1.21044
3.77644
2.6756
2.56348
2.31932
0.761877
6.24783
6.13239
0.467693
6.43866
1.75085
8.4119
18.1503
1.00821
2.93547
6.49864
1.36785
1.49398
10.4817
1.13814
2.81471
0.859234
5.98333
2.13657
1.32799
2.07707
1.36075
5.11541
11.0457
3.34331
1.46181
9.03881
10.4599
12.3561
1.65968
0.855545
1.4508
2.36478
5.09174
11.919
2.2482
2.27632
3.23024
5.93075
3.91839
7.65866
6.25791
2.013
0.479928
0.421545
2.5702
2.01222
3.9635
3.10744
5.43299
2.33307
10.0463
0.91832
1.78407
0.314403
11.9004
1.99546
0.909736
7.64653
5.49104
3.85323
1.54135
6.19416
5.00453
1.09465
6.25881
1.12539
8.51585
0.473946
6.72849
2.65119
0.870999
7.86362
0.216559
10.0721
5.4468
5.05901
7.87847
7.23313
2.83764
1.93145
1.75636
1.62019
2.33474
5.12205
0.626331
1.75296
5.90653
0.894752
5.7759
3.14516
2.8242
4.14784
2.45638
0.840266
6.4015
3.98348
5.44974
4.86054
4.64261
3.81193
5.86958
0.537445
0.942188
1.45846
1.98714
9.38056
3.44672
0.874326
0.274804
1.18218
2.86424
15.0251
9.14693
0.655669
8.84328
0.792891
1.83619
3.65018
3.57031
2.83904
1.65942
12.922
0.517576
4.59991
1.04043
5.23773
3.64941
3.47279
0.360612
2.20585
0.437409
1.12554
0.568879
2.11871
3.84529
2.03247
3.10991
2.81996
6.3484
2.88988
0.544047
5.29554
2.10803
0.843016
0.799381
4.01505
4.47945
4.28718
2.28182
2.67812
1.30071
2.34194
1.37123
4.08386
5.45273
6.18526
2.92055
2.88879
10.4884
4.99878
3.63477
3.1791
2.71079
9.26652
0.772036
1.99667
4.13351
5.61701
7.46788
16.076
2.28132
4.27455
5.98758
1.90706
10.4987
7.45323
0.579564
1.22925
5.132
2.78102
8.43448
4.06971
1.2925
1.93169
5.29487
0.956154
5.76944
4.30159
2.04569
1.39163
2.06434
4.68707
3.86672
1.9844
7.27828
1.93328
0.996625
5.75707
2.08596
1.52201
2.38949
0.649448
2.7125
3.17079
15.5355
3.17634
2.51624
3.31086
2.09693
8.03163
2.99717
3.53317
1.62852
2.38368
3.05724
0.972434
0.0477426
16.1044
1.52266
0.526818
3.8795
2.38394
2.94633
3.94978
5.56173
12.1206
2.26236
3.14068
1.98516
5.73463
2.6227
6.42926
1.5377
5.91586
1.98754
1.90579
0.250815
2.02211
5.39013
3.28843
2.78446
2.32501
1.58551
4.70838
0.34798
2.89148
0.309305
4.36091
1.66213
2.91862
0.490113
2.36945
13.0906
5.83375
5.03143
0.338187
0.814926
0.836156
6.5361
12.1963
5.7551
6.15584
8.37066
5.47264
3.02401
7.09841
2.1368
1.47121
5.67961
7.01679
2.89035
6.05219
0.638498
1.4356
0.670452
1.62033
2.80197
4.37071
1.3778
3.22781
8.63496
0.441402
0.836122
8.97952
8.57244
3.14967
3.18486
6.51109
4.47206
0.569491
4.12278
10.1529
4.68404
9.73497
2.11365
2.32442
1.73542
0.811132
8.41302
1.88393
3.72466
4.00525
8.3336
1.6792
20.8175
3.01918
1.51503
0.696849
1.85039
1.62474
0.837284
3.29785
0.464019
5.30482
14.8294
1.88729
0.491171
9.63647
6.56273
0.489589
4.4952
0.73103
1.62612
4.06986
1.64734
10.289
5.6507
5.56153
2.19596
0.866555
1.9118
2.34474
11.7821
4.45605
2.51528
2.00207
3.84573
5.29645
0.899493
3.83356
0.697629
7.04674
1.26408
1.55599
3.10265
7.79554
1.33696
13.8368
4.32541
1.50599
2.22096
0.345425
8.13318
2.51988
5.9782
4.07755
4.23423
2.11253
1.246
1.17576
0.768228
2.59666
5.85257
1.28464
7.00815
1.34907
0.78208
5.95486
5.84223
10.3075
2.91676
2.25332
3.49718
1.95727
4.21898
3.86921
1.76321
1.81976
6.37446
2.69405
3.68585
13.3425
0.346661
5.24358
1.83563
2.54403
3.78889
0.787486
11.3262
1.26805
1.95887
0.706406
2.22057
8.8754
10.8053
7.81771
6.62793
3.08076
0.48278
4.66977
3.2816
7.3287
2.66213
0.536874
1.46052
1.32159
0.133281
3.49622
7.70975
8.19873
4.90339
5.88588
0.746871
2.66663
3.83251
3.48195
1.58261
3.33987
8.30673
1.9846
3.12721
2.04151
5.16422
14.6756
2.54477
5.62675
2.99669
10.3061
6.55604
1.37741
0.991895
1.35731
3.48234
1.7874
1.3221
0.323011
6.39454
2.4773
5.09506
6.07121
6.22413
0.652027
2.11433
2.58316
1.36088
1.13762
0.563073
1.6664
3.24719
6.6055
4.37947
0.417721
3.85414
1.1426
6.88425
0.823435
1.76253
2.78942
1.55211
1.44197
3.1206
2.79423
2.09017
14.4574
3.20358
4.32149
3.22153
0.902793
1.46663
1.87267
3.73087
16.0978
7.68222
0.587242
2.40635
6.30572
1.82682
4.50472
2.12204
2.06331
1.48557
2.73576
4.45554
4.04562
1.77314
7.22844
10.7392
0.615697
1.65559
0.696408
3.43809
0.603946
7.38048
13.6391
6.90038
0.186277
1.38394
2.70516
2.85289
4.54299
1.88593
1.99244
10.6434
1.62088
2.76917
0.703827
2.35156
9.22515
6.91359
3.63362
5.06558
1.44382
7.8859
3.4899
5.18184
0.150208
3.56857
1.34514
1.91519
0.957764
5.60869
2.54019
10.9868
2.37176
1.21783
2.79019
8.32036
2.64534
10.0409
4.42804
10.2605
11.238
2.15836
0.233166
4.92389
0.896103
2.34212
0.306947
3.14608
1.60261
2.34069
1.80677
1.59487
8.8057
4.39256
2.49704
1.81941
4.79885
1.55054
1.41246
4.28508
3.46942
12.5198
5.68633
0.797638
1.72879
9.11463
2.77338
7.48818
16.0918
4.74791
2.77756
2.42481
4.26924
5.82623
7.42458
1.56313
2.47424
1.03507
6.33852
2.09767
2.53256
3.59339
3.19384
2.38027
1.48186
3.21081
2.23256
2.25167
16.4857
3.54448
2.71859
1.90984
3.61914
0.628538
6.93659
2.87889
10.6422
11.1941
1.42909
4.62837
0.740887
1.50894
4.59813
0.385953
2.35964
0.812556
1.28628
5.65813
2.07138
5.01567
2.91543
3.3674
0.463974
3.88365
1.30613
9.87284
1.7679
3.66425
0.93756
3.28746
3.31649
2.76812
2.16795
1.77897
6.72576
10.2262
1.1327
4.24526
6.91739
8.1273
0.649181
1.54059
2.42452
3.98802
7.12823
2.36962
5.233
3.32988
1.10393
2.96324
4.88205
3.08395
2.82751
1.25393
3.29632
6.52496
3.42185
7.29903
10.6871
6.00428
11.6175
2.11066
8.31071
5.54733
2.11602
3.00032
10.5998
4.83544
5.97349
1.89931
2.0881
2.6869
2.26724
2.66062
4.49528
6.94774
6.48536
3.39022
2.17897
5.1129
1.88284
16.5439
0.548511
0.538882
6.95617
0.90389
4.32431
0.976157
4.61029
0.04687
1.93375
9.1037
5.41931
7.79902
3.52665
0.126153
1.99435
9.32345
4.59929
1.36689
10.4492
3.01474
6.33928
3.24125
1.46726
2.42057
1.76556
1.24647
17.3618
4.25716
2.13229
1.07777
3.75108
4.58387
8.83821
4.39541
5.94808
7.64569
0.504809
0.860554
4.63352
2.00694
4.81072
4.21454
4.67959
2.57573
0.943017
1.51262
0.279769
1.60887
11.5809
7.31317
0.350763
1.90735
3.13195
0.981322
2.07878
3.98027
4.16893
5.30755
0.822716
6.50821
26.7093
2.47737
0.941844
1.30453
2.23311
1.1736
6.14964
5.29901
2.25508
3.01356
4.95141
8.89206
2.10694
9.28201
2.04799
5.93798
2.92294
2.16661
3.45562
2.68401
1.04328
2.83665
0.457234
12.9646
3.34251
7.78528
2.55423
3.77151
8.12792
2.77822
0.680515
0.977961
1.28182
3.82866
3.16526
3.55964
4.88455
5.72529
7.53742
0.969392
1.8178
0.722146
0.40398
1.19455
7.76021
8.771
1.55828
0.35443
2.76672
3.186
4.37361
10.9845
2.26706
3.31897
0.632967
2.4645
1.43118
6.75417
9.43237
1.84955
1.4915
1.84792
0.970332
6.01152
4.80887
3.95502
1.66284
1.08736
7.36899
5.0692
3.49712
5.01523
3.08948
0.411025
6.24938
2.85924
3.99228
3.1517
7.99162
8.37484
5.34749
6.99024
2.09779
2.18552
2.31619
2.66275
4.92136
8.65386
7.3322
1.72214
1.43449
3.94839
1.19734
3.66888
7.45241
1.76136
9.91684
12.4454
1.21534
1.59693
2.13192
5.40557
9.21879
1.49481
3.81556
4.41185
1.06893
2.87552
3.34205
1.14723
1.43151
5.85035
3.73619
1.36736
1.22488
1.27333
3.85523
3.91765
1.99858
4.58643
4.43007
2.49837
1.92235
2.72692
10.7343
2.5248
4.09356
1.25475
0.280158
3.71314
3.67168
1.47608
1.08016
4.27958
3.34032
6.3956
9.20992
0.66122
10.0052
4.18094
2.69303
4.09299
18.2635
0.613938
0.616137
2.82726
6.58156
3.92958
12.8867
14.3655
3.24337
2.40043
1.54844
4.81278
6.02829
2.38722
2.23844
1.32654
1.32976
2.29778
9.24993
3.94917
7.70251
0.95885
1.99699
5.60846
1.52661
1.45596
4.88729
7.84599
2.67679
3.66395
0.688663
8.31223
4.47001
2.3061
1.61867
0.786666
12.4959
2.43296
2.44884
3.88793
0.566073
3.53789
1.69238
5.17615
7.66057
4.21096
1.71191
5.00143
2.19125
7.07017
4.16802
2.49391
8.37616
1.81336
1.32082
7.4372
1.46939
2.15346
3.13349
5.06334
4.683
4.41898
1.72904
0.656741
2.49555
0.277627
1.45753
6.176
3.72267
2.8147
2.23663
1.40084
8.1132
1.86837
3.21009
0.856495
5.61457
1.46229
5.24572
0.811078
4.75412
1.11654
0.311125
2.19755
3.26923
5.12591
6.52947
5.47128
0.258892
10.6537
1.16267
4.63145
2.81486
0.944693
7.24884
1.02167
2.46306
1.24529
4.18349
2.72627
1.53394
1.48629
9.08085
9.67357
4.91206
1.71451
1.37229
1.11395
5.57474
1.54206
8.14144
12.2596
0.681387
5.66387
9.18404
1.51932
0.430451
9.07066
2.2194
2.5927
5.14936
4.00796
7.97986
1.36118
0.961749
4.08697
2.54721
3.15738
2.07936
5.99043
9.86656
5.31432
2.67163
4.12763
2.18397
3.93751
3.95194
1.0367
6.94634
6.7209
1.655
2.6958
0.817516
1.94849
1.56766
4.41886
2.63455
0.45192
7.59514
4.27727
6.22689
4.78222
0.818296
1.10548
2.09697
5.63987
0.798225
0.815422
5.06961
2.1137
7.87049
3.31146
0.839566
4.77969
2.23817
2.6924
1.05698
1.84747
3.09877
2.70103
1.36616
4.77344
7.77158
10.2051
1.0934
0.896155
2.34971
0.260645
2.42391
5.8974
4.9026
1.3228
6.23036
2.13553
2.37955
4.04104
0.372219
4.56251
7.72484
4.20755
6.9605
1.27392
0.984773
4.14888
5.08246
16.2465
3.203
4.61282
0.592408
4.23097
4.21586
3.31157
9.9702
1.13558
1.06825
4.45366
4.09408
7.18868
2.82697
1.62866
3.21569
0.154924
3.32216
4.60519
1.44316
0.284926
4.53928
3.88254
8.04181
2.7655
3.4512
4.30866
10.9249
0.567048
2.37997
1.51984
6.03989
2.05085
1.88705
1.65031
3.36361
1.05151
7.47108
1.31541
0.791726
7.20196
2.05419
1.05023
6.0154
3.60742
4.55143
2.20134
6.85476
4.31563
2.32947
1.50229
2.26518
6.10651
3.10648
6.61867
6.96951
2.20563
7.57112
2.48134
6.03375
8.87938
0.838039
1.39617
4.23233
1.4764
1.86168
0.0132708
2.2984
3.08141
2.57997
5.63663
4.23314
3.67037
3.64295
2.12702
0.942132
0.465227
3.12615
2.64567
2.43595
0.434785
2.11843
0.393543
8.43219
6.11588
1.94329
7.41239
2.93789
2.36622
4.55853
0.559364
3.06677
1.91313
1.0971
5.70698
2.34231
2.73021
14.8666
2.18951
1.79262
2.76254
0.68438
8.45927
0.751746
8.79235
1.29828
4.95071
2.14173
10.7849
5.46136
7.95236
0.599257
10.6647
6.89619
7.27837
3.99763
0.856866
4.36056
3.303
4.54457
0.204272
4.77341
3.33651
1.17097
7.80918
2.8505
1.48111
1.78584
2.59357
4.14002
0.968392
11.377
1.101
8.90188
3.12355
12.8735
1.29241
8.87777
2.40394
7.63668
1.7678
2.41184
1.7948
3.65399
5.65364
8.36988
11.5367
0.744024
1.93394
3.07422
1.00674
7.83621
1.42476
0.755222
5.14943
0.637181
1.06252
3.20737
6.28986
7.63061
6.1258
8.19947
0.624803
0.948976
1.73406
2.25177
0.834198
1.03049
1.35062
0.904119
9.01186
2.35987
2.91483
4.50381
6.46173
4.0952
1.2174
2.22132
13.5326
1.18236
5.27618
0.245184
6.00533
12.9573
1.70853
5.34788
0.668726
5.4515
2.07039
3.19411
3.14099
4.59498
2.09157
2.17926
8.89375
0.932863
2.27709
2.51995
3.77632
3.40439
5.63709
1.96893
3.15971
4.01303
6.88337
4.3974
11.6599
0.674785
2.60662
5.66118
1.01701
1.29051
4.35419
0.480378
0.734327
4.16706
3.75968
1.98383
2.73509
3.83588
0.100389
7.41413
2.49802
1.4024
2.71227
12.5693
0.40685
6.06801
0.666367
3.72554
7.87035
0.81389
12.9632
3.92596
2.14836
1.49846
2.07191
1.09834
2.728
5.68732
1.54726
3.72913
1.54068
1.63153
7.14282
6.86213
1.97839
4.04486
0.948349
0.630109
5.5566
3.18148
4.41942
11.8342
9.72281
7.0907
1.24907
4.22439
2.13687
4.33478
1.58023
5.89184
2.96705
2.58791
2.54527
2.91016
2.09928
4.98265
0.986747
5.95749
3.60366
0.253575
9.90252
1.86344
0.284665
0.7547
0.997219
1.30387
2.38422
7.28768
3.40289
4.06289
8.19794
2.2421
2.29066
3.81374
3.3569
9.75116
2.5667
1.94403
2.5424
2.99239
0.299862
0.197513
1.47022
21.7437
19.8648
0.375461
6.1911
5.33743
0.785305
2.97157
6.73685
1.78462
7.47917
2.94157
2.43196
5.33778
0.460994
1.15867
2.3616
2.50528
1.22377
0.934975
12.054
0.918798
5.69747
7.73156
3.90667
1.58675
1.64153
4.49281
0.38719
1.80533
1.52183
3.13015
3.65664
5.09674
5.81915
1.28839
2.68277
6.05963
0.486806
3.25554
8.4294
3.04104
8.63316
3.08461
1.15096
4.48936
1.98836
5.4478
1.93722
7.02171
8.96884
2.77133
3.36688
2.97235
1.6934
2.70462
0.224427
2.07368
0.813534
12.5737
13.5182
10.6259
1.5494
1.96385
2.97871
2.446
11.3008
4.63174
1.90423
2.60312
0.893041
7.56665
3.64462
1.13696
1.54272
2.41191
7.82187
9.24786
1.14931
0.34854
2.80312
3.83426
5.73167
9.23155
4.3187
1.27787
5.73944
4.26504
2.60054
6.09351
5.62231
12.2764
0.738302
0.787443
2.14546
1.02439
1.1772
1.55108
6.81561
8.72362
5.20754
2.2005
1.53183
1.14287
10.2405
1.72563
3.43525
23.2345
7.26665
1.59361
1.20406
1.13847
4.75654
4.60948
2.07408
1.14062
6.31631
4.0063
4.92743
2.04283
3.45139
1.46889
2.94354
1.90936
7.9425
6.38036
1.57046
6.80727
3.17098
7.74063
6.16762
6.16673
6.89544
1.76373
0.264977
0.641336
4.94504
5.06923
2.76478
4.5898
11.675
4.21593
4.23297
1.7723
14.6619
1.56093
2.40247
2.45287
0.541915
0.98985
3.09405
3.13631
2.00195
0.489796
3.13606
0.37617
3.70664
18.6317
8.66178
5.83551
3.5254
2.46509
4.63938
1.34177
2.93498
2.57841
3.97419
10.8187
0.633963
4.18608
0.174269
1.79108
10.4812
3.77364
1.58853
7.05474
2.36031
5.40265
4.00865
9.29209
0.389747
0.951644
1.51221
3.62658
2.65791
3.9303
1.99531
1.46487
1.68532
1.3114
1.2599
1.05298
7.49411
5.83436
7.2756
7.25608
6.34147
0.698755
2.67769
1.52944
0.28735
2.90891
1.27437
3.00939
3.22162
1.76045
3.77339
2.99479
5.02993
4.46522
3.15939
1.40919
2.25291
3.21964
2.52022
0.393272
1.08498
6.84939
2.32311
0.355832
7.70926
7.88648
2.18993
11.4279
4.54333
4.29956
2.91259
0.432776
2.62695
5.50495
8.74329
2.06729
2.62772
1.71779
0.397361
3.55437
2.15737
2.40311
5.80995
4.20647
2.5605
2.56427
1.88403
3.867
6.5614
0.120556
4.09931
2.17237
3.40092
3.28022
2.1488
2.61693
3.68777
12.268
3.08412
1.3708
4.25595
0.571953
2.66301
12.5061
3.97101
0.61159
3.01028
2.09502
1.57253
2.40306
0.309221
0.774607
1.60294
5.18027
1.61654
2.55347
3.48953
3.98988
3.09243
3.26459
8.68756
0.490896
1.53933
3.67093
2.45102
7.41007
34.0744
2.46352
9.87777
1.49172
2.16216
5.60376
1.72268
0.436226
6.27754
0.914448
2.41117
4.43075
8.2345
6.50457
1.29041
11.0881
3.21715
1.00934
17.159
1.0793
1.25149
4.82649
0.960766
0.973636
0.377354
2.58621
0.888766
1.18738
1.04823
11.8121
1.32628
3.41884
0.767119
8.94248
12.0976
4.90048
2.14912
16.169
9.23142
1.3358
3.31307
2.54519
0.510222
4.6091
3.72062
0.343712
1.216
0.498336
3.11729
3.24767
3.37863
4.87872
4.87661
2.8104
1.63964
8.57474
2.72006
4.52598
1.07083
11.0996
1.64101
3.64181
9.78276
0.808174
3.11718
2.33609
1.48967
3.27307
5.95411
2.2539
3.46487
0.832959
1.0693
1.69508
4.69442
0.632233
5.52582
2.89395
2.4963
7.88641
1.12532
3.69735
2.83503
4.15638
1.57435
1.4351
4.90048
1.57455
4.07735
0.941767
0.237942
0.766458
2.7111
6.46889
2.89897
0.680999
1.06172
0.38544
4.81602
5.69501
4.68527
3.16104
1.70299
0.140663
1.0418
2.54683
2.89187
2.6011
2.73733
0.594907
12.1787
4.61654
2.0412
0.686198
11.5816
0.981393
3.46353
3.46322
11.2949
3.13977
0.916485
0.761312
15.4609
1.46903
4.63294
2.58483
9.0253
6.60692
2.07917
3.45078
1.13678
7.188
9.35162
3.19169
1.66193
11.0062
0.276596
2.96754
0.227359
3.64
3.40564
4.99997
4.92011
0.885119
0.364052
2.65643
0.468869
0.524957
9.44039
1.93632
2.33808
0.784983
2.31583
10.2286
5.44068
5.34727
0.781996
2.61979
9.20867
7.06855
7.17701
1.58382
3.73347
3.18616
4.27825
2.53768
0.196583
8.31891
4.13141
5.56838
3.09534
1.15948
1.07674
0.590012
0.419779
1.66745
1.48506
0.323685
5.38404
5.24251
0.96584
7.10738
4.98884
5.48577
0.91446
0.797369
3.23326
5.7936
2.58436
0.336917
5.77945
1.95027
9.09483
7.09128
4.16808
0.523663
6.73671
2.22336
6.13571
1.52358
2.1233
2.24252
4.77233
1.02327
4.94897
6.34775
2.93843
3.74413
3.64834
2.51986
0.394459
1.14878
1.21622
5.15373
2.82567
14.1802
4.12507
3.78087
0.627803
3.06312
2.89722
13.2811
2.31192
2.08583
6.03901
7.54696
0.727197
1.78741
0.694649
6.50731
2.18826
5.51292
0.744708
0.979828
4.35103
4.44626
1.90074
4.45647
3.89428
10.7173
4.70577
0.892404
13.051
2.92086
1.35995
3.03355
5.71064
5.52287
8.93664
0.298826
1.07557
2.98516
4.30824
0.10817
4.20584
0.0474004
3.06376
4.35127
1.36083
8.76974
13.1009
1.41313
5.61571
4.56098
1.29413
3.77248
1.55662
5.63206
3.18925
6.87304
0.48901
5.43384
1.15333
1.75987
3.14583
4.37653
6.1188
4.39195
2.3821
5.2177
3.41365
3.40221
4.07078
1.70395
1.06788
2.53248
6.18133
0.880986
4.73526
0.65475
5.64356
7.34036
2.33327
1.53394
8.29497
2.9289
4.38845
5.08524
2.26524
4.67907
6.78465
2.9065
7.38074
1.90299
1.67766
4.3026
1.15586
14.1347
3.52488
4.37494
0.659548
2.21356
4.41819
2.2785
1.96423
13.0113
6.94757
8.41052
2.62688
1.72751
1.21839
4.31629
6.00105
1.28126
4.39788
0.830396
0.564203
3.84169
3.05065
8.59387
3.45673
1.02082
6.91806
4.82653
5.64997
2.23606
5.77961
0.782936
4.01921
0.792265
2.98403
0.975293
1.57166
3.19146
5.1881
2.78386
4.12132
1.71956
6.78194
2.2339
3.0601
0.278881
10.2309
8.46636
0.164726
1.12993
16.5121
3.98546
2.6816
2.65649
5.8331
0.814803
4.31058
2.29937
1.18989
3.00832
0.140141
13.1532
1.88214
7.63779
4.23726
1.76945
7.2256
6.7546
0.994763
6.04889
0.853101
2.70515
0.934581
2.2504
1.60608
2.85169
3.32064
4.94865
0.470832
1.00907
8.25274
7.93159
4.90574
6.67534
19.6292
0.442303
2.81761
1.91682
0.378153
15.824
0.758091
5.52314
9.8011
0.727751
2.72282
1.57215
3.45172
6.90139
0.952102
1.14073
5.04869
1.75658
2.77366
1.65283
1.23141
2.30099
0.265106
1.71514
6.63181
2.53222
2.2257
0.960279
10.0689
4.54412
6.0705
1.0582
5.02497
1.51307
1.80472
6.94545
1.77475
2.67819
0.375548
3.47146
1.67094
1.15542
1.00168
1.44909
4.50187
4.23948
1.1404
0.730739
0.564789
2.26575
1.97555
3.54924
5.59359
1.38077
1.7963
7.76584
5.21527
5.00264
4.08461
1.72598
1.80085
7.6556
2.01015
4.5645
4.86299
1.11837
1.91817
2.9015
5.66368
10.1669
4.77817
1.58985
2.22647
1.93839
13.1102
6.52013
5.55436
1.21228
5.36133
5.51501
3.54321
2.98974
3.24165
2.98899
2.56765
1.84178
3.33457
1.39594
1.39728
3.37264
0.48195
1.50139
2.64474
0.0895525
6.46854
1.75551
0.445536
3.9327
2.33748
7.61649
1.29822
1.22457
0.266937
3.73165
4.36653
1.2719
0.943194
7.32822
7.89486
8.7784
17.3131
1.56772
6.62211
6.9774
4.00399
0.555721
15.31
5.12717
1.27143
11.2095
1.38142
15.4895
4.79267
1.20936
2.72972
1.47105
2.28938
24.0012
0.957987
1.58945
5.32725
0.822571
6.91361
1.12455
0.303851
5.18616
3.04645
10.4483
3.29899
3.12158
3.23993
2.05853
0.390687
1.96188
1.26615
10.1489
5.57807
6.40577
3.28879
5.28947
0.971325
5.03906
2.7913
3.08415
4.84565
7.65303
1.21867
1.87952
0.496158
2.84823
3.06683
8.64506
2.92063
0.766924
1.75975
5.06604
0.574274
3.06776
7.2424
11.9642
3.98971
4.229
5.46883
6.50007
18.9647
4.95898
8.42697
0.694771
0.780902
3.31298
3.10403
8.91383
1.28532
1.54401
4.15997
7.34791
6.24139
4.66652
1.15302
10.5844
3.85051
2.99207
4.99304
0.611682
7.67156
1.44806
3.47536
1.67242
1.62922
8.5756
2.209
0.470071
1.21259
3.64656
1.17734
6.12332
6.22008
2.14513
1.70469
1.99175
2.56493
2.86218
6.08634
1.50041
5.73783
13.9062
2.14806
4.69703
6.26983
2.23332
8.23194
5.01988
3.61185
2.43447
1.21659
6.59048
5.57849
0.870871
4.23453
4.05471
9.62772
18.9853
4.9021
1.90302
5.54001
3.27052
1.23538
5.78559
4.51586
1.32371
5.1955
3.51845
0.358863
0.539136
1.00759
3.84834
5.13587
2.21824
1.04622
0.800238
3.20554
1.67061
0.614958
5.3485
0.645362
4.17054
14.4874
1.18383
1.71113
3.27121
1.61623
1.54084
4.03862
2.58688
10.4276
3.34233
6.7122
4.06658
5.58297
7.37039
5.51004
3.4993
2.73672
10.4685
4.49476
1.88592
14.3592
0.441344
14.3403
1.24004
0.117026
6.89994
2.76087
5.68954
4.30994
0.520859
1.66383
2.54575
8.97511
1.31878
2.98292
0.955625
2.93085
1.50559
3.57666
0.697042
4.78633
3.5209
5.07907
1.06998
2.42303
3.90204
7.63053
2.51134
2.34884
2.37984
2.47024
2.56986
2.72709
1.68251
5.14849
5.3678
0.111266
1.12458
1.16393
5.91942
11.7026
6.41801
11.5825
3.99187
5.66578
1.5783
2.0923
0.886835
1.5397
6.3795
2.05699
1.82707
0.305226
1.19078
0.53541
3.55341
0.35299
0.958404
3.90287
4.25143
3.74084
1.77774
4.4925
3.91879
3.10983
7.66518
1.07732
1.94389
3.33097
2.35854
5.32793
3.44713
3.4315
3.94374
2.90393
5.9793
9.14309
3.10048
6.30579
1.15681
3.72681
4.90373
2.21799
9.00384
2.84403
2.95144
3.1918
3.72623
4.29409
5.67588
1.50972
9.41072
6.26569
8.17806
1.79739
0.646079
2.19455
10.2583
4.29802
1.38991
6.23907
4.41851
1.60313
0.891897
0.649488
5.17426
3.92694
2.65945
3.37192
1.50444
0.593154
0.736793
3.05752
3.34749
1.73824
2.95724
9.37819
2.84934
38.8836
6.3185
1.28747
0.739351
7.72187
7.7422
0.245056
3.47496
4.14595
7.24671
4.22208
7.28014
2.08179
0.558289
3.27992
4.17636
1.97878
3.89392
1.44017
1.84947
4.14513
6.0259
1.7933
4.16116
3.06145
2.12562
7.14353
1.63916
3.03461
0.842802
2.02544
1.90041
5.13491
4.05158
0.821009
0.268666
0.852123
4.62013
2.34635
5.85862
1.50656
1.05553
2.85531
5.35997
1.37419
1.88216
1.3076
0.500102
7.01953
2.72912
1.07503
3.19451
0.736264
1.7256
3.86728
0.226097
2.62831
0.190133
6.72368
9.7461
16.3773
2.72362
3.49378
10.2622
0.935265
3.40254
1.91772
3.26794
1.51613
4.61199
5.86741
3.04365
7.58453
5.99322
8.13988
4.62218
0.483189
4.66739
4.93608
2.62857
5.03891
17.9312
0.504618
2.57232
2.45156
2.27436
8.56213
0.043109
1.93117
2.28904
5.17095
3.47919
5.57766
2.7569
1.97238
5.19539
1.88078
1.46477
3.55367
2.46784
5.59724
6.14248
3.72411
2.61326
2.0413
8.02263
5.47558
0.103822
1.66833
1.29759
2.78478
5.10595
1.12077
7.60049
8.44935
3.12406
0.846354
3.69021
1.86892
11.9266
6.34584
5.81957
2.42957
2.56023
4.79137
2.98701
0.496723
2.4666
0.605998
1.37999
3.74428
4.23246
1.56391
1.14715
1.46377
1.63353
1.62641
0.44968
1.07853
3.14756
4.7494
1.652
4.27809
3.23666
1.79025
5.81342
2.75189
12.4461
4.57323
4.43943
1.19028
2.03359
7.66642
9.87487
4.25119
8.10027
3.36002
0.684559
25.9398
7.87162
6.94419
9.86244
2.64297
1.29107
1.53606
0.741517
0.909526
2.06948
4.30728
6.63115
4.18286
3.2191
6.49532
4.15043
8.93454
2.05093
8.58877
8.62089
7.46118
1.13366
11.6388
3.82546
2.64114
4.69013
2.88885
8.90782
6.52489
11.2606
1.15852
9.28024
3.89369
0.942662
0.86415
2.45963
1.05315
2.85855
3.16196
0.430689
1.17907
1.67727
2.13478
7.3616
3.44882
4.36432
0.110382
3.82457
1.82319
5.12179
1.74878
9.43581
1.46221
0.849736
2.25163
0.331444
0.512122
3.54341
8.17137
1.05729
2.95305
10.6901
2.44483
1.08833
3.14702
8.26747
1.9961
14.1233
1.30813
2.30131
3.77608
1.03089
7.12586
1.75442
1.06568
1.44084
3.20294
1.2121
0.654158
2.97749
2.50305
2.03012
0.967799
4.85505
5.53066
1.47355
0.748149
6.20619
5.29176
3.87429
0.713935
6.53056
6.45851
1.49237
6.19551
8.77959
3.70751
6.84441
10.2858
0.935388
0.999515
3.66028
3.24967
2.6549
1.4157
2.04218
3.08355
3.26973
3.9843
7.28973
1.37307
1.85232
3.25965
4.09068
2.9062
5.18777
3.66278
6.31938
6.32912
5.38973
4.8112
1.57389
7.60037
7.278
1.02208
0.286254
0.930237
5.24265
7.49436
2.24561
5.85695
0.967624
4.19322
4.65397
0.65179
8.23534
3.61877
13.5975
1.13684
2.10936
0.943933
5.59359
2.93659
4.15098
1.96208
3.10887
8.59547
2.18111
5.23553
0.856311
3.1071
3.65104
10.8218
1.13745
11.2565
4.64723
2.80782
2.19868
8.4417
1.14987
0.745905
4.48102
4.53841
2.11583
9.41692
5.08981
3.53402
9.02228
6.17481
4.21386
3.65427
3.2791
2.26604
8.68546
4.02274
0.503779
9.45359
0.642309
6.39826
5.92462
7.87197
1.84547
16.9742
1.26429
9.93151
7.46472
0.826384
6.72742
4.61656
5.79779
1.2268
2.60389
8.57441
3.13752
4.32047
0.335179
1.05654
1.89659
6.17996
4.01311
0.952873
11.438
2.99838
8.40308
8.90286
4.45394
3.19415
4.00048
6.40819
1.47751
1.63088
5.89664
2.36948
1.15045
5.43166
2.91511
2.05007
0.623863
1.75111
0.591669
0.66843
11.8642
5.25767
1.45504
1.43911
12.8861
4.73496
0.506129
1.60171
3.30849
3.12187
1.95257
6.71942
0.897499
2.1701
0.822375
7.71157
2.32178
2.67966
0.24074
2.43607
2.66501
5.1253
0.0418818
13.5586
1.19401
4.52536
3.68865
4.6251
2.88015
1.71161
1.02911
6.20176
1.35132
3.42064
2.0289
1.64764
1.92691
15.0901
0.596342
4.13261
2.91661
0.871239
0.618181
6.56007
2.7185
1.58826
0.621013
4.82325
0.537512
2.20693
0.453925
1.54846
5.55414
5.5716
3.3902
2.78335
2.26423
5.80088
0.357915
4.57309
1.34293
3.37413
3.5241
5.27895
8.00817
3.96721
5.84648
6.60921
0.56361
9.14782
6.76221
0.896845
9.15175
2.45455
0.65277
7.49243
3.12199
0.919177
1.79583
0.746114
5.5144
4.22569
6.99376
0.178271
2.64001
3.86182
4.02246
0.740816
2.14558
1.16867
6.98673
8.06294
3.71482
1.75022
1.34822
4.87696
3.33607
9.79046
1.37246
5.73167
5.6572
1.18713
0.537227
1.59399
9.42771
2.72311
2.83838
6.2295
4.98252
11.8523
1.45462
3.91476
0.805723
1.65484
1.39772
3.76922
2.37207
11.1482
1.94367
1.74301
3.2519
4.27408
2.25142
1.19254
5.06587
1.98209
1.93427
4.66702
5.14604
6.30433
7.61242
0.424142
3.63036
0.224518
1.08797
5.29638
1.06369
5.21586
3.69489
2.35255
4.46804
5.99317
16.4194
8.36081
4.3079
2.75417
9.14647
3.05374
2.03802
5.22549
11.3755
1.29889
9.82992
1.39191
5.83644
2.00793
5.08689
15.2217
1.50826
0.703921
4.2671
8.74524
3.29528
8.02774
6.16436
2.48947
12.4855
2.07735
5.35111
3.59812
0.525006
5.81628
2.16084
2.84606
1.48334
1.63721
0.050372
6.52207
3.3794
4.42035
9.58488
0.555393
6.99209
8.87499
4.01503
11.0644
0.215088
3.33867
1.30916
4.89939
0.408073
3.93891
2.56191
2.07519
1.52748
5.84824
3.08363
2.81848
9.98946
2.16077
4.87744
1.28145
2.87399
1.75511
0.955454
4.61503
1.20206
3.99223
1.77598
2.52423
1.6299
3.28117
1.54459
0.298719
4.73523
0.672794
4.9673
2.65693
4.31298
1.95396
11.2497
0.672745
1.524
3.35973
2.1825
3.49066
5.3154
0.936409
9.90045
0.137469
0.679457
0.890739
18.8203
5.04342
1.18954
4.38267
2.07826
17.2842
5.26041
1.17184
0.686043
1.47122
3.94089
9.66802
2.22679
5.71426
3.75965
1.34656
7.65629
2.28298
2.61446
1.84864
10.7268
2.07112
2.63493
2.79684
5.31457
3.55669
2.9977
10.6866
2.83191
4.99645
5.52755
1.53467
3.80722
4.10859
3.97284
1.38473
2.77024
2.52543
6.1917
1.85274
3.54267
8.3397
3.34554
1.59378
0.800602
6.82836
2.30232
0.429198
5.67825
0.798174
2.93152
6.53632
2.15086
2.03787
0.37392
3.91588
2.80113
1.51084
5.5887
4.55721
3.44509
2.98305
2.80445
3.54197
4.36397
1.84979
1.69292
11.4888
5.77853
6.0686
4.4458
6.79625
12.7798
1.43624
1.68619
9.8247
2.7875
0.117606
2.76055
2.39823
6.50723
1.00368
2.2541
1.20862
8.58315
6.06027
6.64093
0.471182
1.18323
6.03218
5.37505
2.54965
1.74138
7.05936
1.29461
3.87669
3.49062
4.09692
2.70071
1.64913
1.78286
1.34345
4.36825
2.5375
5.3497
7.07724
0.856009
3.00836
4.26446
0.247294
1.25398
0.75628
0.699972
6.73088
1.79585
11.1271
2.89765
4.14094
0.980116
2.92443
3.01453
8.38316
6.08563
4.30598
1.41217
2.75598
3.84781
0.477307
3.80641
5.71778
2.39748
2.38004
7.57479
1.95232
3.8852
1.01234
2.70003
1.77188
1.36191
1.03596
3.01672
0.867591
1.36115
4.73726
0.424646
0.350026
3.64385
0.779073
3.22085
3.44697
0.900563
3.69482
0.870259
6.29038
3.68326
9.40845
6.39604
5.9088
7.36711
3.45145
4.87495
4.82367
2.35294
9.43041
1.63527
0.259063
2.7406
4.66221
9.97417
9.62416
1.1206
1.60942
4.91888
5.69439
0.416632
7.76725
3.53744
0.748981
1.45583
1.30788
5.90904
6.09375
1.19654
1.22905
0.977966
3.52173
1.18522
0.555154
11.8795
1.13944
0.625046
1.08888
4.97329
6.02512
4.38236
2.41214
3.61333
9.78672
2.80451
4.11364
1.47568
8.51995
4.06677
1.02218
2.32367
2.80419
3.01655
1.55078
4.61776
1.79322
0.995793
2.84772
6.08175
4.76333
2.33443
5.82767
2.19522
10.8267
2.21568
1.17632
2.2172
4.04141
0.739122
9.20913
2.23636
4.08547
2.17441
0.428857
4.44763
0.561646
6.07336
5.08704
7.42137
0.507167
5.80861
3.70503
0.396334
3.20203
2.2427
4.32255
0.378695
14.0257
0.522322
1.96798
4.93626
2.99671
2.72797
15.5512
2.54402
7.10806
2.08287
9.51881
1.03291
10.6653
1.63811
0.357226
1.8493
8.76737
1.86951
3.83725
1.19251
7.87816
7.40531
7.04205
6.33328
3.48296
4.35117
2.95478
2.99735
7.2073
5.09709
27.7658
1.41715
11.9553
1.51703
7.36567
0.673039
3.28739
6.76985
5.93208
4.13215
2.46259
0.741992
3.6334
9.08577
7.15824
1.15306
1.22956
4.73516
1.0398
2.79637
0.432006
1.60381
1.00543
5.66586
6.13822
0.941487
1.76598
2.88599
16.3372
3.52909
13.763
3.46519
1.69169
2.4433
0.943098
4.08309
5.5961
0.92685
7.66893
2.60403
7.12211
5.83639
1.28313
2.15492
0.877683
4.37973
6.8029
3.69913
0.203553
3.39466
3.24328
4.6136
6.64572
2.35981
1.3094
0.783699
13.4164
5.03282
3.2279
1.92118
10.8415
2.23008
1.04017
12.7158
2.56825
1.74085
3.00598
0.2738
4.31479
8.00161
4.389
0.602622
0.799113
15.6412
0.594374
9.49886
19.5583
2.16874
4.19773
2.43702
2.87505
8.63587
0.6815
2.52777
7.761
0.276068
7.09033
9.22513
2.59992
1.95767
11.0947
2.82901
1.78406
1.59387
1.28201
3.73722
1.8358
3.14154
1.7499
2.0903
5.05713
1.88993
2.98945
6.73574
4.69478
0.734476
13.8379
3.25432
13.2222
0.13798
3.73913
2.75597
2.41512
6.144
2.78472
3.12976
5.00409
6.63497
3.15963
2.72726
5.02056
1.53758
8.49866
4.88944
3.43093
0.361046
4.62047
5.05
1.03335
4.42999
1.79506
3.01475
5.5566
2.75931
2.47206
4.93387
2.93132
7.41716
2.08754
1.36276
0.218723
1.82716
3.09883
1.43148
4.71725
4.49823
2.07382
2.01142
3.6095
1.06809
25.5931
3.10665
6.59958
6.55183
1.26618
1.8128
0.577358
3.30222
0.942785
4.07156
4.25354
3.627
5.91243
4.47086
18.0545
1.25529
2.58674
3.72842
1.10475
2.37592
5.75734
0.242829
0.122644
4.56186
1.26192
6.63568
8.66218
0.930052
2.88569
0.375185
1.65846
4.92565
7.46521
1.92185
1.59353
2.82699
2.00038
0.460387
4.66884
10.6874
1.35019
3.99742
2.38638
1.5817
5.64269
2.57416
1.52172
4.12667
1.3811
7.52624
1.16223
1.98523
3.29933
3.00956
4.44989
5.62274
4.35564
6.89033
2.3189
2.56472
2.3649
6.32174
0.31962
0.640587
3.74534
3.52582
5.26399
1.28049
4.22717
2.34634
2.17557
7.04481
3.00569
3.89481
4.69934
1.91197
3.2968
2.49978
1.3826
2.73636
4.22513
3.03598
1.12499
0.351524
0.584013
1.54499
7.30636
18.8466
1.16313
10.1524
6.17732
3.86322
1.93946
8.97948
2.46749
11.0807
6.00788
2.51712
8.85672
1.02493
6.85691
2.02608
2.57242
7.74027
5.77611
0.871539
1.8499
7.01289
0.644733
4.6647
2.03834
1.99602
2.48147
4.27861
1.06227
3.87418
18.7982
0.651865
2.51996
3.10796
1.9435
1.73348
0.875033
6.05478
5.28936
11.4078
1.90691
0.731492
2.33212
12.6905
16.3657
1.94952
4.55404
4.54195
1.29675
2.00753
3.65951
7.06316
7.1326
1.11193
0.861393
2.46082
5.24861
1.60358
1.91785
1.24079
2.889
1.82079
1.40768
4.24107
1.6296
1.25295
3.74145
1.61895
10.1964
1.75368
1.47021
0.774277
3.12797
0.947579
5.94002
2.11904
7.92362
0.968529
3.40551
3.63343
14.9558
3.13675
2.71052
0.486848
2.47574
7.68455
4.95281
4.70066
7.31125
5.2609
1.11038
0.522994
11.7836
1.61219
9.78941
2.18028
2.07159
4.25247
1.94236
1.55977
1.14509
1.23394
3.86004
3.88019
3.21769
1.30056
1.22984
1.60091
12.5314
7.05127
1.83906
3.74839
2.00928
5.80396
7.31599
20.8311
2.32862
2.78555
3.36641
1.16113
1.35173
1.27295
8.17381
4.83016
7.49521
3.69045
1.62596
1.58999
6.19889
3.35449
6.68618
0.639898
3.77463
16.727
2.55461
2.37876
1.03756
0.424515
3.52896
5.11592
1.72481
7.16087
3.98546
1.25011
8.33062
3.97774
7.44569
2.00454
1.73635
6.49969
1.35659
6.39349
2.94598
1.85111
0.8474
1.47723
1.88474
2.27603
4.76504
6.11995
4.17763
2.01794
3.33673
4.46236
5.90171
6.72807
3.6368
2.1879
0.157727
0.298046
1.1515
1.91538
0.729613
2.88038
7.09628
1.8663
6.85888
0.927054
0.225585
0.477097
1.98651
10.035
3.0809
3.61106
6.0602
7.65287
1.12787
1.95888
11.2797
0.47223
20.7052
3.13439
6.31674
1.21197
2.93205
2.03528
1.93674
5.06559
4.51998
1.79265
1.56639
2.1154
13.7966
1.2531
0.909632
0.873681
1.62108
2.46072
2.45805
0.394213
2.60688
3.60939
1.36725
5.83377
4.39658
2.94923
2.06152
2.37812
5.61919
6.70378
1.20105
4.05111
2.11315
1.39607
1.18149
1.38937
0.547561
7.09138
2.08798
0.870812
1.12601
0.95991
5.68673
3.62688
10.535
9.45863
5.82815
3.23154
15.1491
1.73623
0.996238
13.3881
1.97583
7.78224
7.91546
11.5435
1.40234
6.19033
7.75869
4.20464
3.81601
2.89939
2.69576
2.40813
1.20556
3.02281
0.239359
7.03594
2.35847
1.45509
3.93655
0.642697
8.52686
0.13295
3.39273
8.43858
1.50668
4.77701
0.390016
2.21777
2.20657
1.60789
3.49453
1.46715
2.44658
3.0974
4.68738
5.00034
3.00015
3.41629
1.67781
8.07779
1.84501
7.58109
1.84245
8.42854
1.54938
1.89637
1.62938
1.32206
1.67867
4.74555
1.25471
3.43276
2.99112
0.835194
3.075
3.54705
4.53609
3.12434
2.80674
0.879345
9.6417
1.72634
10.9319
7.75165
2.04581
1.36586
0.338646
0.801044
11.3313
1.78546
1.93946
1.66242
8.50886
1.49882
2.15993
4.41208
9.31861
3.81565
4.186
3.74603
8.38672
1.21518
1.73613
4.27468
1.80031
1.61303
2.39194
1.58821
0.811436
3.48257
0.759877
10.2516
6.57562
11.0428
1.47432
10.004
8.2003
1.85245
1.10343
5.20753
0.631062
3.20846
1.09372
0.515307
8.81539
1.22994
8.14953
0.519865
1.48501
10.6262
2.28321
1.97581
3.72941
3.3203
3.42263
11.8467
4.07942
4.7527
3.91752
1.62357
2.42699
4.44578
7.3768
2.97477
1.36857
4.88221
8.85857
0.62851
2.75969
1.67032
1.04152
3.94768
3.96469
5.18692
3.69122
1.34245
7.24893
5.03831
7.15307
6.5688
10.0203
3.00507
1.76465
4.19751
1.86044
1.91252
2.22706
0.839752
3.27789
9.63235
2.67757
3.12239
3.31217
3.1573
2.86635
16.5959
1.47034
4.01371
3.65754
1.05944
5.40694
14.059
16.7926
1.41663
4.04739
6.00121
7.06126
3.28754
5.81807
2.57652
4.06665
3.85937
0.738274
0.237071
9.4195
2.90797
4.04131
2.31665
0.335673
0.558586
1.93692
1.27793
5.35258
3.86029
4.48004
3.19701
2.16909
2.92457
1.82733
4.0885
2.09297
1.56503
3.19036
2.24432
8.30823
1.03849
2.06657
13.1113
1.46001
7.1951
1.61956
2.13187
2.55769
10.2559
0.727641
3.1451
2.31392
4.22688
3.37541
3.59388
7.28635
6.03584
4.56702
2.51911
3.24951
4.69823
1.36648
2.38687
7.71796
0.644838
4.98094
5.93853
1.22511
0.93949
7.23008
0.0460833
2.23837
13.8458
4.65099
1.67365
3.86664
1.20655
4.85194
3.51592
2.16035
2.88617
7.95018
3.50636
1.03109
0.810413
0.178867
1.16
2.98055
2.46051
16.6597
1.01037
2.08721
0.906244
1.76462
1.49207
0.443065
2.25489
12.7472
1.96881
1.05241
6.57485
1.73284
6.51463
1.84322
3.92974
3.73688
1.90958
8.63226
1.33981
1.08326
1.72277
6.76702
14.1278
8.33591
0.229859
1.17918
8.01065
3.96507
0.445976
9.86318
1.37279
1.42032
1.51377
4.61586
8.18303
0.692619
2.1166
1.57415
20.4741
9.8109
0.501302
0.722598
3.25914
2.05648
6.11955
0.712322
4.84559
4.88026
3.79232
1.53375
2.91549
3.61762
7.79651
0.201668
1.709
3.75204
7.86526
1.96566
1.24918
4.65354
5.15329
10.3385
3.09435
2.86485
6.39524
3.46157
0.706851
1.4038
1.10576
1.65061
3.72475
9.65125
3.98664
2.97306
3.02954
10.6151
3.96127
6.99045
2.61622
1.39397
1.65216
4.48447
3.23034
1.45104
2.49508
5.67469
10.6451
6.62865
5.79224
2.20109
3.45339
1.79081
6.87031
0.675715
1.76483
7.83882
4.3981
4.33296
2.78198
8.20304
10.9085
12.1824
3.09223
0.343376
7.63651
1.00591
0.679643
10.2149
4.07433
1.56777
2.16604
3.93856
6.81245
3.07913
3.10233
1.90073
4.66864
4.6265
3.35674
3.85937
1.82999
1.97527
17.0421
6.61049
2.70736
9.56365
0.492995
7.18615
2.76454
1.18854
6.78446
4.68294
5.29302
4.39128
2.24443
0.815975
2.45054
2.90297
0.911052
1.42779
1.67823
4.35546
1.61515
2.13925
6.90601
0.988169
2.3588
0.672365
4.73501
2.80294
7.7168
1.66405
2.02246
4.37656
0.938735
1.33918
1.02916
3.93259
1.3828
1.53379
17.4413
11.0875
4.23455
0.953085
3.75421
11.8337
10.3274
1.72032
3.34877
2.30483
11.2169
2.67992
3.31764
0.862819
5.47475
7.23901
0.543117
2.12581
2.35711
6.57062
1.03708
1.11961
9.02423
7.09682
5.7083
4.15417
1.14131
2.43003
16.7155
5.59114
2.76376
10.9792
6.13886
1.06713
7.09063
1.02992
10.7382
0.938192
3.79097
3.42915
1.86052
2.60871
7.94499
1.9762
8.88686
0.725378
1.07821
4.67832
1.49815
3.13471
5.38079
10.4612
1.85844
4.82814
1.19864
3.30996
13.9688
0.754857
1.94993
4.26373
4.29505
11.4143
3.6862
1.56738
3.04882
4.17995
0.772235
0.565081
1.96994
2.09127
1.6455
9.0928
0.919
1.81878
4.02565
3.43328
0.848097
4.24175
2.85438
0.552776
6.83452
4.79667
2.61073
3.18149
2.64143
0.232504
0.83609
1.91474
7.69431
3.9742
1.78695
5.30713
0.724645
2.69081
2.3821
0.270047
2.22651
3.47486
8.6682
2.33258
1.6422
1.86637
0.724667
4.40899
5.33184
1.67281
6.15381
1.49792
1.32688
5.97607
1.03836
8.73191
0.732343
5.41976
2.14795
10.4148
4.53043
4.75346
5.72517
9.10383
4.5079
3.08122
2.09381
4.34455
2.26622
3.25608
1.99723
0.699292
5.23786
5.25839
6.83199
3.54913
3.49503
2.2737
13.0088
3.76457
5.11595
4.4502
4.93291
1.62203
0.43322
4.68
6.76477
4.453
3.04377
1.67293
7.19604
3.6076
1.49291
1.43643
2.54785
10.5352
1.70365
7.98003
0.79582
3.30798
3.13816
1.16397
5.5369
3.46892
1.35676
0.374839
1.18885
7.31514
5.90309
1.87603
2.17833
9.36148
4.63704
1.22552
2.55032
1.44195
2.05245
15.4099
1.63785
1.47728
0.478583
1.93535
2.4567
10.3693
3.2698
2.68977
6.15573
3.11041
1.40944
0.622051
3.42569
1.37118
0.833498
2.09252
4.31611
0.749727
2.91908
2.5891
5.24609
7.07151
1.94115
1.41885
8.24929
4.20483
5.78322
1.26844
5.21776
2.8924
0.447561
0.741195
0.713904
10.545
2.39772
4.21375
12.5837
2.08564
7.15482
2.70292
0.977236
9.73565
1.20182
3.64792
0.559
4.2695
2.04444
2.41495
5.04539
6.64117
3.74642
1.49673
3.19484
1.68852
7.06185
1.33501
5.40724
7.70688
6.59803
8.99714
1.04104
2.98771
4.74585
3.80364
0.239974
5.40706
8.15538
3.02968
8.59468
12.5958
12.035
0.924133
0.162802
3.15867
7.39762
1.36763
5.29513
7.22358
4.38325
0.966069
4.70438
1.31262
1.3954
2.8286
6.72359
4.23489
4.75372
1.20899
0.796378
7.44478
1.88386
12.5149
5.97529
4.69733
5.41388
2.41149
4.94122
9.73859
2.11979
5.84069
1.01189
5.7487
5.60902
5.62444
3.24069
1.48548
4.4425
1.00358
3.41733
1.50104
0.961046
1.9545
10.8826
5.59211
3.7173
1.62191
1.90059
4.09193
1.03596
3.41216
4.88552
4.32331
5.04478
12.4504
9.64299
4.92745
6.87896
6.22687
0.758878
5.88955
1.76609
3.77841
3.43929
0.218629
1.80001
4.07421
0.857752
2.82882
1.154
1.03479
3.50327
1.89053
1.76134
1.59601
6.53984
3.43758
1.35756
14.728
0.670724
0.229554
4.59217
0.268684
1.80964
1.31084
2.46919
5.05533
1.90091
9.22578
0.955051
0.590741
6.48032
1.06569
2.03923
0.23606
1.35697
9.43984
0.32946
2.81012
1.88466
4.27461
1.3038
3.15606
4.69813
7.3085
3.02085
0.61473
0.233579
1.35556
1.58761
13.8463
2.27062
0.427028
2.81145
3.25618
13.5195
2.2241
5.70045
2.33135
3.78082
0.250223
0.159053
2.70689
10.9034
2.17375
8.35075
5.99913
4.70163
6.86708
0.607101
0.617687
8.88403
0.343881
2.53093
5.18695
3.1243
1.67628
2.58525
2.28129
1.40028
6.61436
2.21507
3.6648
0.184341
0.516581
3.24952
11.2548
7.89879
3.08674
6.12071
10.207
2.57063
3.53254
2.41883
4.29231
7.79149
0.555898
0.88305
0.792529
1.75827
1.44364
3.74236
1.22597
3.69468
6.00589
1.193
2.4093
0.569481
0.934434
1.3669
2.26914
3.7369
5.38222
10.2264
1.23596
6.88948
1.00524
3.79338
1.84317
4.69985
4.56236
5.53128
1.57134
4.10053
1.68346
5.97705
3.45248
1.50675
2.55868
9.26685
5.96389
3.83654
2.71406
6.01451
6.93286
0.871952
3.475
4.98781
4.17542
6.66748
3.20516
4.95279
0.8343
1.0358
12.8402
3.56046
1.25593
0.384276
2.28917
5.50246
5.03656
9.09283
6.12016
2.45788
10.7944
3.24539
7.4714
0.915167
2.90648
0.682638
5.40919
0.883397
4.93376
1.70579
4.22274
1.02844
4.91481
5.79213
0.223945
0.600202
10.7769
2.55212
3.48105
0.425846
1.1222
2.1872
1.98697
1.97442
7.65205
2.2544
3.00365
1.69126
3.87608
2.9166
5.24351
10.2343
1.14018
0.964757
2.67178
6.81298
0.783096
3.28697
0.971249
5.09839
3.78619
7.34446
1.37392
1.70364
1.47666
5.44589
6.15534
2.32173
2.59345
4.59219
1.05438
0.857703
4.83511
3.68889
4.52972
11.518
17.142
5.47677
3.71837
6.41122
4.06064
15.3893
1.6296
4.63892
2.82806
4.32571
6.04488
2.82928
0.438369
3.90783
1.57755
2.66895
0.664231
2.18046
4.39378
1.28122
7.10258
2.99627
4.3311
6.82428
1.13815
1.59576
0.839185
1.6659
11.1105
2.15395
3.33667
5.31194
8.09779
9.57796
1.68012
3.31324
4.30039
1.92673
1.81889
7.69729
9.97193
4.53396
5.31448
5.97433
2.62179
3.08114
13.1314
2.46664
3.00069
6.73656
12.2222
1.06146
2.61237
3.08359
1.78082
0.252582
2.75586
11.4791
0.685782
10.1019
7.2252
6.02404
6.52414
2.59606
7.93567
4.11553
6.53295
2.77945
1.5101
0.309016
2.34431
0.614136
10.7542
2.91737
6.82306
1.80722
5.33365
2.22188
0.335761
3.01114
2.66107
6.84869
7.08154
6.36478
5.7644
5.99195
4.05589
12.8233
4.23709
1.17736
3.11652
3.29776
12.7597
0.444873
9.97264
2.63061
6.07592
6.86157
4.77264
4.17643
2.26373
1.67977
4.40804
1.17184
1.34674
3.28427
0.783898
1.58842
9.23188
1.45453
1.13594
1.54364
2.04165
3.42757
5.58855
4.53934
0.423195
1.27184
4.12932
5.44956
3.82127
5.26022
6.62985
6.03025
5.81554
2.16677
0.9798
2.61501
1.82051
5.23029
1.84139
5.6315
5.72975
0.275969
6.92821
7.17608
5.33203
4.67697
12.9607
2.1804
1.53088
0.793456
4.70274
1.24674
0.315793
5.17428
2.02779
0.663662
1.95628
2.17436
3.84853
2.97853
3.02023
2.23447
8.47885
3.14091
7.81134
3.74875
5.62937
9.72593
3.5106
5.87173
1.60647
1.82712
2.90525
0.980037
1.96442
3.80444
1.19036
8.56755
0.68637
5.11436
2.07292
6.14546
0.834112
4.65104
2.4917
1.74565
1.82366
1.10852
2.36864
3.8982
0.45772
2.45222
3.95066
1.78049
3.38653
5.20455
9.2539
0.861512
6.14562
5.90825
1.13986
6.21773
1.59574
1.94405
2.3926
2.6604
1.96758
1.50805
3.58119
1.64294
4.12674
1.88841
11.3317
3.22573
1.68465
5.60345
6.1274
1.31854
6.5347
4.04382
5.27521
6.37572
3.42836
4.81482
3.79365
5.04707
3.98737
2.48138
3.5312
7.65018
13.6133
3.96596
2.90533
1.9585
3.47751
6.61072
0.332955
4.06165
7.40636
10.176
3.31874
3.29117
2.76452
3.60835
7.5818
0.154663
9.01271
3.9385
1.15567
0.475488
1.18837
4.83621
0.432346
3.51269
3.73732
6.4491
1.61987
4.88885
1.33428
3.69812
1.88664
1.10687
10.8981
2.40138
1.77717
12.3403
8.61168
1.56943
3.84255
16.7214
1.08461
1.877
0.764264
1.33685
3.23761
0.4465
5.03656
8.26043
1.76225
8.51461
4.94563
1.76148
2.52285
2.39604
0.623934
7.15166
1.05397
8.19008
1.87336
3.61429
0.565491
0.897282
5.37523
0.247444
0.961643
2.75521
3.56307
15.4017
5.01495
0.35393
1.13004
4.57571
0.828481
10.6807
3.12743
2.05439
3.74741
5.54885
5.44265
3.14598
1.30144
0.457
0.886958
16.1963
7.16713
4.18103
0.652798
1.24973
0.656101
0.213821
1.84628
7.68236
0.396885
9.37226
0.761607
4.64678
3.88976
4.218
2.30027
4.64649
0.510819
12.7951
3.42553
1.56152
2.13341
6.58166
9.39808
4.49014
0.897069
2.5449
1.37364
1.72307
1.40952
4.43619
6.73957
0.569944
1.56553
1.50036
1.61018
4.65911
0.981386
3.94853
3.41299
0.693358
2.12878
2.19964
14.4199
6.45106
8.87641
1.36436
0.78013
2.92632
4.80352
0.231177
17.0285
3.60446
4.66534
16.4168
0.791806
13.2251
1.93589
1.16668
7.40045
4.12456
1.28539
4.61716
1.72114
1.65756
5.48108
1.83399
4.42158
1.45322
2.81848
7.77231
2.39785
7.27328
0.818268
2.58484
6.90578
0.894824
2.92365
2.463
6.91746
4.29949
0.106042
1.64425
4.37505
0.861252
0.563729
2.42976
1.59783
1.12214
2.81788
0.210192
11.6382
3.70088
5.07453
1.22427
17.103
2.99788
7.91729
2.65713
0.749607
2.91779
5.22731
0.919627
6.21874
3.43982
1.32485
1.68729
1.33898
8.23183
5.69128
1.6152
1.14755
5.05328
5.90298
5.26012
4.61098
2.94274
2.39084
0.396782
2.15346
1.94922
2.27326
7.81921
5.74611
2.20043
8.25598
1.88851
12.0591
2.90007
2.25816
3.66106
6.30344
4.21587
3.2114
11.6042
14.1127
3.33608
1.68863
7.92556
2.74699
2.94679
3.58014
2.39014
2.62611
10.8616
4.56562
3.54664
4.9005
3.26101
1.35955
3.52589
2.614
0.625416
3.40375
10.37
1.82246
3.45792
7.24152
4.71495
4.22226
13.2379
2.52243
0.868179
8.99629
0.336626
0.815844
9.64887
1.50754
3.50661
6.7438
6.82787
0.452745
4.03528
2.65154
7.17959
2.68735
1.2289
1.63888
3.6302
1.41603
1.85034
0.932846
2.4929
3.09969
3.30314
4.0573
1.06414
0.436323
1.57844
5.6251
2.33916
4.15437
3.48332
1.00117
2.15332
6.15672
4.52456
1.12589
3.3079
7.58238
1.30709
0.796457
8.4896
2.01729
3.79745
1.84472
2.21982
5.98117
3.021
3.13245
7.80413
9.67775
3.81349
1.04163
4.22425
3.00072
2.08522
5.75346
7.52467
0.695137
1.63583
2.49992
1.41012
3.34634
1.12683
6.114
7.65185
2.66458
2.66695
11.5756
4.99989
2.20779
1.35847
3.56323
2.89177
6.27678
2.92791
5.65703
1.3206
11.2036
1.93348
8.99781
2.66795
2.78353
10.7542
3.16195
3.90511
0.840335
0.605891
2.36521
1.20744
5.05035
2.98516
7.25605
1.83034
1.33631
1.0207
1.91973
0.600793
5.33921
6.08664
5.61304
5.34662
7.86682
1.6101
0.846578
1.28666
7.05861
3.7368
1.92036
6.85209
0.994481
1.97429
10.7272
14.774
5.01807
5.77222
5.54244
6.05983
4.34791
9.87881
6.47883
3.62454
6.95443
9.87604
4.77471
4.94745
5.50792
7.57918
2.80623
8.3005
2.06477
6.40339
5.67669
9.70699
1.02858
0.146941
10.6423
4.86021
10.9658
4.42981
3.27181
1.57857
1.20546
10.1071
3.8793
25.7806
3.09034
2.31451
10.996
4.31956
3.41084
2.66556
0.971449
0.900329
3.91585
0.974192
1.34431
3.58691
2.30334
2.30135
8.29156
2.40098
1.61776
1.97764
2.5727
2.04497
5.15005
14.7663
4.4899
2.8919
2.71181
1.37569
9.54365
2.26771
2.6132
3.88694
5.3929
4.73944
2.77084
0.996796
6.7236
1.82149
1.9941
8.92859
7.89898
3.20463
1.84211
9.04373
0.395061
3.54222
6.01732
1.94282
7.34914
5.58694
9.6637
2.17095
0.701512
3.70735
1.07263
3.39828
8.69362
9.17958
3.54146
4.9352
1.04241
7.79229
3.69783
2.15186
2.43928
1.49003
9.34774
11.6455
3.06883
10.1392
4.15178
14.5226
2.25524
2.69023
6.21406
2.39024
8.17498
1.97725
8.78563
0.370825
1.8705
2.97005
1.24361
3.23463
7.45712
5.5944
6.41131
8.86592
4.09069
5.54402
2.94416
2.8301
0.152344
5.74375
2.85892
1.45509
3.9279
2.0079
3.1905
1.88105
4.50695
6.53365
3.19075
9.20712
1.43582
5.27123
1.85925
2.19726
3.85877
4.83668
1.11017
4.18676
4.30419
4.69932
10.5795
2.35189
8.28566
3.49041
1.93592
5.65973
1.98017
1.13029
1.84702
2.70874
0.128376
2.02633
0.830506
2.81017
1.47238
6.91151
0.916679
7.84822
1.44483
6.26922
2.38486
7.73493
5.90535
3.96738
2.44448
4.1615
1.16404
1.89943
5.45317
6.59403
2.826
6.82594
2.87023
5.18165
4.60559
1.30427
6.98056
0.635941
2.15959
6.35687
6.10189
9.00729
2.98151
5.06259
1.366
1.09999
1.23411
0.359861
5.72278
3.39625
1.09354
5.12692
1.95665
4.82191
1.98197
1.08524
7.55077
2.66339
8.38768
2.69807
0.866872
7.48164
2.6679
2.30549
3.34371
6.97275
10.11
0.471552
0.477443
2.57194
5.09813
4.55751
9.03558
7.95489
2.16481
2.98226
2.41506
1.40997
2.24989
2.65323
0.711527
10.1757
1.54511
3.79691
2.10407
2.85978
6.06249
6.12156
6.26554
3.18659
0.173035
0.661601
1.77185
5.19353
1.31532
4.45828
0.274086
7.95152
5.68454
1.80235
3.30266
4.18893
1.18792
4.31556
1.39828
1.05851
4.58119
3.04156
8.2984
1.45303
6.82179
3.81914
2.27086
3.00065
1.86006
1.39074
2.93624
5.25333
1.3813
3.26044
4.04251
3.01715
1.89519
4.04662
2.30773
3.00239
1.26813
4.3088
3.94489
0.71181
24.2703
8.82272
5.03724
3.74766
1.8796
2.01061
1.51211
2.02795
6.02903
12.0556
3.15328
1.64696
0.771782
0.216721
7.0388
2.02058
5.43796
3.92545
8.36291
5.14982
4.77107
2.54573
1.71455
4.69847
10.0624
1.32668
0.928603
2.34988
1.00215
0.629664
1.45381
0.917878
1.43611
7.45192
2.06148
2.20998
10.3066
1.54355
7.65738
8.13195
1.40635
2.03708
2.43962
5.18707
7.33767
3.64743
3.57504
2.71302
3.14548
0.408557
2.62191
0.709852
3.9394
0.894314
2.10769
4.02534
2.74374
2.53007
7.98104
2.09852
13.6869
3.49186
3.25747
1.76417
8.23127
1.86128
2.58343
0.486373
5.40561
2.885
1.28927
7.43792
2.45049
5.55071
0.144372
2.60604
8.77443
5.69998
2.55117
5.74828
9.29061
3.44817
4.59342
4.93888
0.865671
2.30069
0.918166
2.23975
5.20582
4.33829
6.02382
7.98206
1.67408
3.63728
0.825164
0.882753
1.41364
0.536161
27.4769
2.55231
7.14337
12.4852
3.67723
7.35753
3.45714
1.5081
9.37979
2.67073
5.73999
1.13599
4.9747
1.22105
6.06744
3.66203
4.71109
2.62569
1.89194
2.57319
3.69817
2.81271
0.729168
0.73623
2.49219
0.387008
3.69934
1.34483
1.17017
10.0168
11.8552
5.13065
1.07508
3.58514
10.4822
8.42174
5.79126
1.5865
3.61065
7.82846
1.4701
0.180491
6.47917
4.45163
1.89424
17.8439
7.16656
0.476875
2.53829
2.14562
1.69813
5.49132
7.29074
5.49728
17.023
2.20964
2.3192
0.219191
3.18164
1.61755
4.11788
2.77735
7.15332
5.05354
2.68068
26.4996
12.2042
3.25218
1.0757
0.61674
3.76498
3.56375
0.941499
3.24694
4.18737
3.19691
4.73397
2.43969
4.34256
1.09034
1.29156
7.92244
3.54724
1.94874
0.225608
0.929526
8.40553
13.9358
6.52211
12.1723
2.29288
2.96097
2.04461
2.96973
4.12792
0.910357
6.59695
1.35986
0.689605
1.30936
1.76615
2.80816
2.7084
2.10511
4.18679
1.46865
6.18838
2.04454
2.11473
2.29373
4.446
6.36643
2.38928
2.84756
1.24898
0.182239
0.470699
4.1021
1.06279
0.741627
5.62939
7.56482
11.0848
0.446348
4.11284
8.54907
0.66415
6.35188
4.0103
0.399681
6.41515
0.422092
3.84392
5.02865
2.43776
6.36058
0.911077
2.26166
2.26912
9.01828
0.456897
13.6562
2.7281
3.1672
2.60869
6.6061
3.81674
6.33221
4.47199
9.63754
2.44488
6.9837
0.0618042
5.72324
5.41911
3.73352
3.31813
0.368778
1.30501
1.82274
5.59776
4.07131
2.68361
3.19756
2.08371
5.13937
4.78261
3.63696
5.08318
0.243012
5.02482
1.84809
2.77003
2.77703
6.06279
7.79445
13.9999
11.7094
4.97849
5.45021
5.60055
2.45159
1.83708
7.9993
0.95309
2.87915
2.15209
0.0563433
1.31822
1.09193
5.41061
3.77679
5.2621
4.84592
5.70989
1.087
10.8921
9.14137
6.67073
3.33658
11.2595
3.57442
6.55796
4.46988
1.15613
0.655771
1.11429
4.93476
0.854004
3.44171
5.3854
3.7858
1.18202
6.27946
4.54955
11.5697
25.5568
0.456075
4.69289
6.92185
6.96021
9.04165
1.13736
0.859089
1.15844
3.21083
4.43834
1.01293
1.83747
8.37374
1.51285
1.96614
1.73624
10.6527
0.506673
1.42131
7.28327
2.05383
4.09182
2.7708
4.247
9.90703
5.12357
4.18013
6.14684
5.28783
4.30939
3.19372
2.70451
1.83983
5.42662
1.18983
4.36277
0.883543
6.8303
1.449
4.28092
5.91874
2.21662
0.683457
4.22665
4.05987
3.63948
2.91636
3.60572
4.52916
12.7911
1.8644
3.07111
6.40315
7.18261
5.66698
0.432807
6.60972
2.53368
8.8426
4.13626
1.68734
1.18355
4.61385
2.98525
0.557823
8.2613
6.15473
0.226582
2.19826
1.95122
0.65768
1.43924
2.57711
1.66306
2.2278
1.91728
6.23798
22.9826
2.72178
12.9614
4.24162
5.66146
11.3081
9.00126
2.9442
3.07845
9.76264
0.958507
2.40203
0.663359
2.54944
5.37381
1.45612
5.23295
4.73387
1.94448
0.258962
2.18011
9.55126
12.046
6.35209
1.58388
6.80932
0.53594
3.8957
1.48287
7.14216
2.87102
8.25646
3.63184
6.63184
5.8365
5.35084
2.67686
0.343775
1.15323
3.00205
3.52295
3.08955
3.736
4.73366
3.07899
6.4378
3.3862
3.11003
7.2322
1.62929
4.80909
0.755122
0.461742
2.75698
1.83819
1.33217
2.91637
1.59308
5.81263
3.26195
4.49278
3.3352
13.3135
3.80539
1.29174
1.46566
1.22039
1.66879
0.723091
4.29742
1.72874
4.4269
2.96611
0.847663
2.72885
0.781588
7.2522
7.37688
8.97662
0.956843
10.505
4.09543
3.51197
4.21756
2.52944
4.60003
1.39126
7.35539
6.04224
3.60729
1.19942
1.5666
0.74106
8.805
0.897594
2.29814
1.71922
3.31909
3.02268
6.77373
0.818904
2.83272
4.9008
3.03704
0.894876
1.33651
10.7415
1.93401
2.40976
0.557169
9.41136
1.97304
4.39617
1.62499
4.70999
8.26953
2.42573
0.547649
3.98718
2.61033
2.04609
5.36547
3.77457
0.929965
3.39932
1.24725
4.59232
0.969782
2.27231
2.32542
0.96917
4.20478
1.41774
2.42036
2.25027
4.42124
0.40336
10.0006
0.640101