3.44229
3.25853
5.64338
3.34963
7.83091
5.63283
3.36912
2.85176
17.7663
2.03465
14.4486
6.13578
10.3573
9.66642
6.64714
0.427327
5.02959
9.10175
3.81125
2.12465
7.0097
9.97225
4.06789
4.52906
2.5353
3.80871
3.02913
18.4134
9.5013
5.56395
1.221
5.37862
4.13189
6.76074
3.28981
1.23834
3.31132
3.6102
12.311
5.75567
4.60248
2.24852
4.33878
13.3682
19.1128
1.87546
7.59886
5.31063
3.37012
4.36805
10.7856
2.66017
4.81945
0.797543
4.85478
5.68599
3.12564
2.18901
17.0394
7.53283
4.68502
2.15068
1.96067
15.965
6.68163
11.2715
4.73075
8.20096
3.20377
3.69827
3.14352
9.63454
3.56814
2.80566
2.24016
11.5501
6.14793
15.7794
5.04543
5.85896
6.0693
12.2509
4.08359
6.84881
1.77105
2.59725
4.75457
6.4957
2.46623
2.66052
2.07496
6.30519
3.76908
6.34611
3.63676
4.13366
4.98051
8.02918
5.16583
19.4392
3.86794
12.7684
4.82234
2.68163
6.12258
5.99678
3.556
4.6697
5.41526
2.41926
12.4622
2.59581
4.85841
1.80858
3.42857
2.26751
2.95318
4.8096
3.98065
14.8451
7.85528
1.3994
6.24598
6.89098
3.24065
3.25443
7.24074
3.4497
5.98448
3.71975
5.78603
5.2335
5.66461
8.56859
4.99713
4.23759
9.32081
2.37541
4.4175
2.00048
9.42778
2.99793
12.2243
3.0788
7.32152
3.8772
5.71152
9.00513
13.5513
4.27136
14.3702
2.15911
3.3152
7.67681
3.05084
10.9428
2.89417
11.0622
7.07491
4.11293
4.93743
2.45046
5.57948
3.18021
11.7608
11.2525
5.75018
5.0185
12.8202
2.41056
3.12035
3.10453
2.594
4.79341
3.91139
3.1713
7.19577
2.85114
2.68853
7.81703
2.64999
3.70773
1.74599
2.6772
2.03639
6.32196
13.6529
3.33026
4.55622
3.92902
3.79206
7.09414
4.91084
3.55985
3.34172
1.97545
13.923
3.44524
4.60318
9.24653
3.46727
7.90864
9.65563
3.83176
4.24141
1.55001
2.04926
23.4498
7.44018
5.63993
2.73021
7.50882
5.34576
9.96309
6.59729
3.31011
3.00122
8.26423
8.27693
5.39978
4.27341
4.60934
7.5328
1.83428
1.96045
0.859729
5.48142
3.70562
3.13743
6.09985
9.01233
1.70409
0.8991
4.58227
1.99859
1.99056
9.11079
3.16585
6.78823
3.32843
1.40354
8.04439
5.47461
6.43629
9.57691
4.79953
1.75396
5.57972
4.01143
7.05251
4.24409
4.89434
3.81384
4.75273
9.40486
8.16271
2.74817
2.01871
5.50201
8.28172
3.88372
10.3596
7.18541
2.8065
6.01916
5.26766
6.56159
9.35233
4.78464
5.73695
2.91391
18.9735
8.82591
7.36486
5.34423
4.93543
12.5899
3.7428
9.64529
8.203
3.77176
4.64185
5.90471
2.17536
3.65242
5.04023
4.1352
4.98256
4.19714
3.40879
1.86574
2.69502
3.02933
14.7851
6.79683
0.743765
3.79936
8.82759
4.04097
2.93804
2.78625
3.34817
6.15739
2.37674
3.16193
3.9384
1.3131
7.84335
3.04878
9.91585
11.3839
5.56535
3.08991
4.43081
1.77015
13.1567
9.43832
10.7495
12.6794
4.50476
7.66447
3.57533
3.53476
5.80362
6.62444
3.12937
4.80975
3.91583
2.69542
5.00771
14.8687
1.88396
10.2713
2.57906
10.8693
11.3175
1.58581
6.24106
5.87092
11.5783
19.7255
7.22857
9.36948
3.18511
2.83077
5.08614
6.861
9.64748
1.61422
7.60771
6.77639
10.3838
1.96425
3.0033
2.86375
3.60808
7.63275
6.65792
1.5792
7.49212
2.01308
5.82514
3.95285
8.5307
8.70509
5.70385
5.24539
9.0812
2.31153
9.81776
4.7219
2.21626
4.20541
1.07167
2.79354
2.66319
4.68532
4.76201
2.64074
4.08145
4.78382
8.32198
2.12642
5.36556
5.95712
2.53221
2.52859
3.09623
6.54255
4.93639
4.19896
11.8865
3.57221
3.89272
4.42381
1.6913
1.989
3.26007
1.4453
9.16371
3.1098
0.601642
3.57939
3.45063
5.86333
7.25252
5.02102
4.32289
6.47979
6.90521
1.17695
5.23221
5.49381
1.84147
6.80262
1.91107
1.59517
3.22267
3.76335
3.49503
3.43541
1.86239
3.04538
7.65921
2.15175
6.10778
2.36338
3.77612
9.47832
6.54512
2.68089
4.95775
5.6925
5.92238
8.24825
3.07159
8.10293
8.4457
3.44768
14.4338
2.94068
4.14121
3.25078
13.8339
2.93747
13.0318
11.029
2.34331
6.1675
15.8356
6.34469
7.22012
2.23102
8.50599
6.04947
16.4361
1.31827
2.20821
2.01384
4.32359
2.23312
12.1305
10.3019
5.08985
4.3071
9.49074
8.09268
4.10828
2.24808
1.63233
9.55127
6.10622
4.22871
5.22219
9.57071
3.99565
8.78555
1.5206
2.82345
1.86419
2.83876
2.4608
4.67786
4.21171
1.9791
12.1035
9.22591
6.08667
6.69791
13.673
5.17481
7.0203
5.44085
2.76706
16.2366
3.397
3.04973
3.4835
15.9271
0.990679
3.5094
1.34242
8.45339
8.0864
9.2347
7.66932
6.76934
7.55204
2.11511
1.58232
1.21488
7.21775
2.20998
6.34445
10.324
2.56636
1.817
3.03072
1.59031
5.58008
5.12181
6.2403
3.39338
0.790279
11.0524
9.5742
2.46408
6.34126
2.61114
5.16788
1.94798
2.43331
5.18966
4.47399
1.77296
7.16957
5.86569
7.4573
5.01477
2.58357
6.76727
1.92045
6.36995
4.58216
4.26557
5.39108
7.3494
2.29464
6.22051
4.99266
3.62296
3.41262
1.76371
6.7128
4.58028
1.29685
11.1937
6.65401
7.74697
4.58938
3.19551
11.1101
11.8022
1.34179
6.57135
10.3415
10.2756
2.61428
3.65573
3.06429
3.44636
14.124
5.77862
1.86295
6.2125
3.47368
9.13345
1.93129
4.86875
3.65784
4.69021
19.0373
2.70067
4.69
5.28697
1.34911
4.64052
17.4001
1.7958
11.6025
7.23983
7.46272
4.66185
8.9399
4.40882
7.82576
12.0102
6.34926
4.1557
8.57513
3.83793
3.73592
4.42927
4.33768
11.3036
11.6269
10.3063
8.8908
10.5449
11.0386
9.69108
3.03335
6.94031
13.9594
4.78566
1.00707
1.9668
11.9359
4.00479
2.83293
7.31602
8.7471
4.89409
6.27124
3.7844
3.83546
9.70645
1.72594
6.62837
3.11855
1.5911
4.44913
3.06221
4.32245
6.91263
6.3065
8.17389
5.6153
3.76997
4.6776
2.3302
4.32667
4.48714
2.31465
9.00026
6.16333
5.01254
6.9795
11.2841
8.35729
5.37989
7.15111
3.79723
3.96938
4.02632
4.89865
5.77762
4.36339
5.45445
8.72968
19.3191
4.92242
6.24533
5.55757
10.9383
6.7295
3.10422
13.4411
3.08095
4.46216
4.49109
1.95605
3.44957
4.12248
3.69947
6.88659
4.58397
15.1028
1.21559
27.811
2.95693
3.59552
8.05054
3.90235
3.54406
6.40931
1.91399
3.87094
2.39143
4.04535
13.2436
3.4176
6.59433
2.97054
9.46848
2.93307
13.3943
6.31402
5.29656
2.92501
2.9996
3.9686
1.95742
8.12796
5.74205
7.77001
3.92501
12.0561
12.0715
4.19299
2.35361
5.17558
6.21039
2.89441
10.2186
9.91032
1.06783
1.60638
2.98636
0.794181
3.94147
7.68515
11.3725
3.0406
6.90484
4.56526
4.62432
1.28836
3.40498
1.36987
3.7854
3.13491
5.94929
4.00363
2.07002
1.51
6.84354
1.51302
4.3905
8.47007
2.68586
8.52111
9.80652
13.3724
7.36244
1.5409
15.2402
4.80894
3.29447
6.48981
1.67769
6.39109
4.1196
12.7905
13.4836
8.89423
5.58108
9.27029
3.28537
1.32371
5.69884
3.6538
8.29512
6.37731
1.58846
1.86719
5.80255
5.76284
3.98925
2.93734
5.32235
2.31553
5.27601
1.95844
3.16058
11.4545
7.87929
4.24088
4.35406
3.28458
5.89422
15.4171
9.26426
7.76356
8.32858
5.23652
5.10012
2.57419
3.60473
4.68063
3.07044
13.8098
8.27231
2.40759
14.7938
10.7511
6.91883
1.60738
15.7442
1.72672
6.92409
5.05921
5.08646
5.40095
4.21795
2.77422
3.29765
5.52065
3.44588
6.15675
8.7739
19.6928
2.23582
4.7053
4.70164
10.0367
3.18341
3.67483
4.66235
14.6757
8.20126
12.2928
5.26564
6.13758
11.338
4.83926
1.61872
2.45446
3.18957
9.44237
5.43171
5.38905
5.58632
3.60314
6.72141
1.92756
18.6631
12.2195
5.14145
4.82579
3.46136
5.53764
5.73961
3.55335
5.9585
5.09888
10.2998
7.29359
5.58718
6.53756
8.81658
4.1478
3.26814
7.59481
3.87015
2.29681
1.04805
1.89139
6.04145
6.0569
12.7174
6.89413
2.17463
9.32889
6.78135
2.47727
4.07543
8.67848
7.24582
7.26772
4.04715
4.05246
13.9744
4.52766
1.52332
5.88798
4.29854
8.85887
14.3878
5.74829
3.78194
7.50548
5.89265
2.84408
1.95704
7.07993
10.8428
6.11175
2.52329
4.73753
2.6827
1.37272
9.90177
6.61937
3.57959
6.40614
1.73898
3.14059
1.36112
1.27679
8.85009
5.92835
2.88618
8.01701
4.49389
3.2583
8.92617
2.84437
2.639
4.486
5.04337
1.80828
6.69893
12.4112
2.05988
12.016
2.24523
6.36887
4.11705
2.11593
7.07337
4.4835
3.96807
13.3343
1.48807
10.2092
5.49178
9.3462
6.67404
4.93733
3.02881
3.27445
3.07485
18.3813
9.7156
8.73395
3.29791
3.83543
14.9921
3.24646
3.84006
6.2217
4.02605
2.42538
2.68708
7.42399
9.04267
5.26896
8.95096
8.36583
2.79883
3.32004
9.44341
9.56761
3.91374
4.37336
1.94137
1.27141
3.2389
9.69296
2.61328
8.93844
5.02203
5.00116
5.85701
6.66715
13.6552
4.55338
1.87509
3.56329
3.37703
3.96233
2.76599
1.46985
5.51004
5.717
6.78924
3.62053
8.21542
9.80158
2.41613
4.41293
2.07185
7.9542
3.59568
2.78782
2.654
2.28635
9.99367
5.05054
1.34203
6.22754
1.42689
3.30815
2.70929
11.9242
4.27975
4.01151
2.1897
3.28742
1.99743
3.33898
3.29832
3.64067
5.52669
3.93067
2.15379
23.3756
16.0469
2.57019
4.36673
14.1404
4.23883
3.37675
16.8796
3.46997
6.93069
8.17784
5.01764
8.98818
8.20843
5.34112
4.32061
2.99903
5.09247
2.18979
9.81856
13.7212
7.43388
2.37228
1.08798
5.74548
1.10983
10.2332
6.03403
5.14789
5.79468
4.51718
5.60604
1.82525
4.00292
2.66411
4.89739
11.8819
3.42259
2.75533
1.65681
4.03192
7.20159
3.11119
7.94221
3.59887
2.06907
17.9139
5.06996
5.62819
6.82718
2.28559
9.19079
3.08029
6.63955
6.34662
2.8132
5.45512
4.86277
3.059
18.6457
6.96
2.80735
2.1935
6.46248
6.02429
2.73164
6.14591
11.315
2.53261
3.15366
5.06228
2.93951
8.47055
1.9387
2.31295
2.2517
4.96162
4.18684
3.76217
2.03828
3.12183
4.27375
1.10661
4.75535
15.9919
4.65079
5.00262
2.38426
11.1233
6.10177
8.02328
5.95156
3.65271
1.65011
1.26423
6.76398
2.44498
5.40048
3.69604
3.94609
1.72111
3.39946
4.19784
2.6523
10.6465
8.29415
2.24543
3.79655
12.3469
4.69477
3.36131
5.71498
4.74154
3.27724
11.0731
10.7504
4.25811
6.68511
3.5032
0.999149
4.62449
5.3862
16.8398
2.84774
1.59841
8.68732
3.69281
15.4176
12.3934
1.9867
6.47094
5.27879
2.01578
4.48346
3.54655
2.43356
4.12748
10.9138
2.50724
21.5705
7.93178
4.90032
4.75809
7.61032
3.06558
2.86139
7.25006
6.93843
7.56326
3.53895
2.10152
4.25518
6.53363
7.21802
1.51455
5.46328
2.47256
4.72066
7.82597
4.24747
2.92777
3.90409
8.17849
3.25505
2.32812
2.47601
4.54198
5.63971
7.09715
8.88504
7.34026
2.60203
3.34056
10.8911
0.894976
9.6555
4.87972
2.33767
5.02194
2.04346
2.02302
3.01061
8.76111
9.78023
3.24042
8.08087
8.19875
1.00225
13.328
13.4718
2.36723
10.8369
15.0109
10.0314
6.24614
4.64369
4.40658
4.43843
12.081
2.79134
4.11879
1.50069
1.54347
14.2004
12.0437
6.20007
1.2744
4.06673
3.09636
3.99923
5.70133
4.12108
2.38368
5.71095
5.00591
1.52631
4.02616
4.43557
5.0386
6.1263
2.57269
11.9392
3.54026
7.66761
1.75806
3.44446
25.5819
3.58739
1.27812
11.0347
4.75185
19.0984
2.20166
11.1231
1.37853
5.21566
6.48331
2.45195
8.33024
4.92216
3.88588
5.29551
5.13335
3.04049
5.39862
2.28547
2.75737
2.70226
4.51377
6.98662
7.3169
17.2454
4.24421
5.09526
6.81044
2.26639
4.04705
3.22863
6.02352
2.55309
4.91706
2.23703
0.804969
2.50617
3.72156
10.4415
2.20289
1.61687
8.84888
5.47395
1.09285
1.94474
1.95468
3.56942
12.5066
11.4826
5.58873
6.50435
3.99847
7.78309
9.03447
1.96418
2.20073
17.865
2.34925
3.38868
3.94772
9.55078
2.05759
3.43977
1.12717
5.8992
8.73162
2.32903
2.42464
8.47581
2.98808
3.61826
2.38717
5.96803
5.1717
5.53055
7.43271
5.70376
6.78027
8.81627
4.1523
4.37051
1.71218
5.93234
2.31432
9.13641
5.43883
6.81595
6.5388
9.85354
6.2585
2.75912
2.63134
3.00545
20.8406
1.64096
7.74425
14.2505
15.1499
2.95761
9.49819
7.39206
2.7048
8.38341
3.33586
4.2758
3.74401
9.14809
2.085
5.98313
4.19834
12.1783
4.60661
8.01731
1.86128
2.89943
1.79415
12.7449
4.92918
4.32616
3.14591
2.85043
5.09921
6.32331
3.99367
4.70446
9.95683
3.54704
3.62591
5.12153
3.44792
5.71973
4.1058
1.45167
15.9474
13.6371
1.37935
10.7597
6.322
12.1261
10.8682
3.21535
3.5364
2.08682
1.99025
10.6838
6.61238
5.73669
11.5373
8.76822
2.65224
9.13243
2.54415
3.53957
3.73555
6.80223
2.05091
10.0411
6.58179
7.69997
6.28045
1.4685
4.11899
8.67182
10.9267
1.47452
5.06145
6.21035
16.5291
2.34986
6.06491
2.10615
9.79466
2.00566
2.74218
10.7267
3.71567
1.13012
7.24759
7.42739
7.46552
3.37248
6.29378
10.1616
3.4665
3.6637
6.84625
3.40345
8.51305
8.36197
16.0834
9.9434
5.50095
6.96121
3.47886
6.85358
1.76869
1.43128
7.3021
3.90568
6.15103
11.2314
3.53693
1.72826
3.89084
1.10689
2.14868
3.91143
3.18941
4.63161
14.0654
2.20234
3.91221
5.84513
6.60203
2.3857
3.35758
3.65594
8.83858
4.79125
4.95467
0.944208
3.74589
2.27535
3.08286
5.11234
4.80668
3.82236
2.10881
4.1948
1.99501
2.47492
11.9543
11.5969
2.89074
5.95533
4.49209
5.22953
10.1808
7.10239
2.57998
7.526
2.1893
2.17303
12.2085
6.94326
2.94105
2.65792
7.24226
7.50181
3.01931
5.33856
1.48865
3.62064
2.0392
4.29437
2.663
4.08771
1.28616
6.41949
7.11358
8.17067
11.7005
7.50105
1.56358
3.54923
4.88387
6.11372
12.3229
4.53503
1.19023
1.9384
2.45679
6.71154
5.25088
1.34108
2.0226
7.54082
6.66753
3.00781
3.89749
18.5009
6.12722
6.72844
2.63117
2.24287
2.27854
2.81572
5.14635
2.48797
3.03897
11.3093
1.57382
4.53442
17.7468
3.09766
4.74028
3.57933
4.46528
11.1157
2.04823
6.44177
6.42977
1.77991
7.03728
5.4448
6.78192
10.4002
1.59355
7.92319
7.82258
11.1277
4.90886
4.19505
3.70508
6.94344
4.73143
4.38253
3.47579
5.77375
12.667
2.48825
9.68804
3.43943
4.51894
9.50909
2.19922
4.96836
3.10226
3.30258
1.6074
4.62801
7.00512
1.49782
6.52447
4.93864
3.57323
2.89373
1.08152
4.96079
4.27744
6.32805
4.76583
5.45571
4.18835
6.24163
6.68272
3.13363
11.2102
2.39317
9.47749
5.55422
1.74731
5.53862
9.9287
6.6823
18.5566
13.1671
11.6525
5.87355
6.34346
5.55923
3.55205
3.77587
5.85354
3.84692
2.80103
7.58162
2.26038
1.7927
4.55158
2.23548
5.58715
4.88974
3.57313
2.84191
5.19865
14.9774
5.3309
2.997
5.17579
6.36026
1.93817
5.95699
0.930157
13.9007
1.12665
3.87625
6.49216
3.7894
18.3878
2.26592
9.53821
3.52048
7.49678
4.76849
17.9078
2.50489
4.05459
4.43433
2.77369
11.9133
8.0905
2.62911
3.87727
10.4948
10.3151
7.56736
5.17005
8.33339
10.87
1.98333
2.89386
2.56696
2.68574
10.6326
4.76387
3.3476
12.1144
3.78549
3.43646
13.8269
14.0932
4.27079
3.9073
6.72226
1.89803
5.90023
7.99602
9.42594
3.34791
3.6487
2.85794
2.87553
2.64924
3.9735
5.78332
2.44513
9.14949
7.42826
1.69629
15.6314
7.56212
3.11813
5.63036
2.86218
6.7124
3.19683
4.75724
1.9272
0.849592
4.96021
16.7195
3.99342
2.69947
1.52437
16.3586
4.97658
3.7281
3.95118
4.06405
6.80381
7.14971
7.64571
13.6103
3.15155
11.5437
4.106
11.1672
8.62304
4.2014
5.89119
4.58225
4.35981
6.64786
13.4923
0.984684
5.35149
5.77138
1.90889
3.59541
1.56887
3.25502
1.65933
4.12677
2.29604
2.83042
4.33321
1.97738
3.19991
4.0334
3.65168
2.80726
7.9897
8.64699
10.8796
11.3622
2.25041
10.4024
2.83848
2.89694
11.0748
4.82546
5.35886
8.19846
11.8871
22.4952
4.58674
1.77873
3.6631
2.86189
4.72083
1.83111
12.2789
15.1067
4.73675
3.24149
3.06836
3.65849
6.08168
15.4948
4.22866
5.42885
2.8458
1.97233
3.34852
5.60714
8.15795
6.01901
4.37131
1.74511
10.6698
2.9689
8.58553
3.76403
4.52858
10.5977
4.39421
3.40227
3.67006
10.9968
12.0812
3.62866
1.79979
5.81802
10.7837
4.76357
6.97472
3.99878
3.90238
3.21122
3.84055
11.197
7.41102
8.46742
1.62883
9.16381
6.51439
5.56682
5.61015
3.34672
7.85277
3.24632
5.11359
4.52765
6.29792
4.45904
6.01189
5.81284
7.05244
7.98499
5.17769
2.11565
5.56131
1.51411
4.81404
1.99017
1.11884
4.09136
11.4259
4.02266
3.77788
7.52891
3.22503
6.15401
7.84084
24.4673
8.57796
6.93783
1.81489
7.66514
2.29888
2.62569
6.37825
5.6938
8.66813
1.61748
3.75388
8.83287
6.87919
6.26979
7.08314
5.20593
3.1883
1.85885
6.18694
11.2793
7.34043
2.61042
6.89834
8.39203
11.2552
5.82604
4.27317
5.34584
4.20822
1.88532
1.98967
11.0216
6.39596
5.33357
7.04013
4.84238
6.89447
1.55397
8.1861
5.31234
1.86
4.5338
1.91361
2.36619
4.69067
3.41613
3.11662
13.8813
3.48309
7.77585
2.62798
3.61854
4.67015
0.801703
4.46049
4.74677
6.237
2.4608
3.72639
16.5596
6.37328
2.01573
6.41164
1.55819
25.3428
4.9323
2.24091
6.95436
6.58284
11.1879
6.13769
2.99619
3.34986
5.64195
4.16622
7.79843
1.96731
4.1345
8.88228
3.66986
2.45327
15.6115
4.40885
1.26237
3.88917
3.08502
2.1585
5.54811
4.35167
1.31449
1.60808
5.88535
3.70531
2.91466
9.31433
5.15811
3.93113
5.56248
5.45226
2.50539
5.42284
9.61834
4.86815
6.75096
9.29441
1.35053
12.4176
12.1679
6.42932
2.37058
4.9228
3.02819
10.7258
7.84015
1.59022
7.11093
4.84622
2.99118
7.71259
13.2706
6.48418
4.804
10.2013
2.83092
1.7312
8.17094
8.01511
1.74178
4.17324
4.50751
5.66117
1.98726
5.84096
9.21189
1.26754
7.51505
5.46529
4.70732
12.5595
3.99659
5.9795
3.64354
2.05041
7.90088
2.78012
5.15062
8.67512
3.92158
4.41012
1.58803
2.88824
2.43466
4.52015
7.80471
5.2989
7.09027
4.68842
1.93994
5.45028
7.35396
2.44246
2.86429
32.2987
4.01886
4.50372
18.6865
5.26298
4.20113
5.00942
4.2434
1.67661
5.4733
3.95806
4.8535
6.34488
6.50185
6.2853
9.37638
3.76701
11.6217
3.81537
5.67475
6.96222
7.25626
3.51101
1.74733
2.51172
4.60946
2.85331
12.8672
4.74992
6.39427
3.11123
8.90538
7.57422
3.50054
3.73072
12.0156
3.75175
2.24081
4.71936
4.34979
8.04123
6.88812
3.77192
2.45058
7.79132
11.9446
2.12348
4.8442
7.23565
2.56357
4.11815
2.91026
6.75209
7.17106
4.44233
15.4391
2.14383
3.8386
4.45801
12.0846
2.08166
10.1543
1.24527
8.64275
2.32665
3.72728
7.31463
4.94292
9.35197
4.45814
10.4861
3.92415
5.2912
3.15575
2.7119
8.79974
10.2834
5.58836
1.85786
3.47333
3.82939
2.61476
1.56937
4.35276
1.44284
5.30498
16.0485
6.79937
10.5162
1.62029
7.74993
0.765466
5.27923
2.88335
1.84168
2.34376
4.92603
9.66268
2.47273
2.06456
7.81931
2.48672
3.92603
6.27199
10.1713
1.4613
1.68426
12.9467
6.3797
9.12668
3.06149
2.23538
10.7661
2.73794
5.46051
1.89526
3.57251
13.6542
13.6934
6.68681
19.3427
4.11492
8.8325
7.07112
3.74317
3.2376
6.63767
6.5972
8.30117
1.57898
7.24823
4.18546
1.59825
6.87475
2.3931
6.44215
2.87951
2.74434
7.16104
6.23127
3.48158
3.87792
1.47506
8.81986
3.08186
3.61888
17.4967
4.87123
3.41957
9.63084
3.83693
4.40939
8.11528
5.04314
3.61792
1.33801
3.22313
5.3733
1.88062
9.05649
5.19874
4.34089
1.37665
3.0862
4.17884
3.92301
5.16334
5.00503
13.0736
1.94009
1.21518
4.55841
5.16523
4.52781
11.3068
2.13455
2.87406
5.92551
1.74788
4.58854
2.10314
1.95714
9.26
1.80099
5.85042
1.93699
3.64267
4.15971
4.40884
5.45215
1.7929
5.10219
3.09852
7.0791
1.08682
4.32487
2.26446
5.93483
5.64476
4.80118
6.35631
2.2623
3.29912
8.91247
5.05367
5.07575
7.18686
4.89093
5.21228
5.05918
3.03514
4.18576
5.88613
5.04613
9.94659
5.80633
8.50827
9.63822
0.434615
9.01777
3.82157
8.32384
6.85004
2.9772
5.99517
16.3483
5.6256
3.85763
3.19183
1.44993
3.36107
3.55088
3.11483
4.12635
2.19119
3.4597
6.29691
3.25089
7.80706
3.30763
3.88104
1.98856
1.86227
2.81471
19.1892
4.32294
2.35778
4.25626
5.83029
4.59035
2.78831
2.9994
3.10067
4.11464
4.93666
4.3266
3.51013
4.46379
1.92739
6.66558
6.70204
1.74766
5.75558
8.42796
2.4139
5.3432
8.58282
3.23432
7.59277
6.59884
5.11108
12.7592
5.53411
2.17262
7.67304
3.44044
5.65716
2.87442
4.92121
2.68093
2.61333
14.6538
3.13154
4.35778
4.12218
6.62539
6.09239
5.2781
7.22123
6.12342
1.87337
10.1795
3.23608
2.3858
17.6052
2.28104
5.31292
11.3022
6.23176
11.7145
1.94108
6.97959
6.74303
3.52544
3.97839
4.85623
2.72784
8.29909
8.48267
13.2421
3.0302
5.10857
5.72113
3.24064
5.41007
3.89416
2.62428
5.83776
4.42431
5.28182
10.1754
6.48976
9.01393
4.46384
4.68798
1.098
2.08996
3.28325
16.0796
5.82725
6.70199
6.65583
5.11168
22.2386
4.56947
6.64231
1.80188
1.66709
10.5895
1.15636
17.201
4.81234
3.25207
6.56956
2.29325
5.19862
5.07645
5.02424
13.6837
2.0262
6.65152
17.4131
6.29124
3.38919
1.41322
8.73925
8.27511
7.05539
5.08114
7.55133
1.65108
4.69113
2.92377
2.76123
7.58544
8.66213
2.39263
3.36575
5.21407
9.45218
1.47096
4.06624
1.91374
7.4867
5.49432
2.59767
9.965
8.84493
9.94774
3.67071
4.98943
12.5128
4.91648
6.01813
2.9381
7.39305
5.34552
6.46877
4.91898
2.37969
3.99324
12.2684
21.9052
4.27409
6.29555
6.19298
6.23181
1.60333
5.26436
4.57098
1.76229
6.73311
3.52254
2.00797
10.084
2.68894
5.59157
3.2623
2.93165
1.53066
4.71026
6.79811
5.61562
5.8165
3.2424
10.2658
3.16045
5.61052
5.39362
5.6983
1.09304
6.468
16.1156
2.61913
10.2112
4.61115
3.96453
2.16657
6.15953
3.94084
3.46359
2.98454
8.2264
5.04433
5.19668
6.34443
5.83286
10.2082
3.69506
10.6432
2.88075
6.23784
7.17635
4.70492
1.4386
2.9084
10.9815
1.54585
1.68955
7.34331
1.14391
2.2712
2.35115
2.03837
3.00664
2.59627
4.82814
6.31367
2.65058
6.99466
4.18193
1.96853
14.2278
6.23551
7.20739
7.46315
1.31819
4.3613
3.29706
2.43028
3.84689
8.59303
2.65185
9.73636
5.15657
4.6655
1.24252
6.31249
4.95535
2.7709
5.00168
2.51201
5.64926
5.5826
1.24669
5.65516
8.73906
6.81124
4.71179
1.62182
3.52511
2.06431
6.23936
6.99255
5.05629
5.66347
2.14823
4.48894
2.00657
7.9299
5.07913
8.11588
1.49415
9.61028
10.622
3.53493
0.943926
7.92701
7.89371
2.66003
6.50689
18.5928
4.5604
6.75427
2.33245
3.48129
8.15226
3.87383
1.57046
9.68207
5.79698
1.92372
3.9079
3.14388
8.81431
1.07775
3.21549
4.03326
5.76191
2.22274
3.07867
3.12287
4.72499
5.07058
5.27423
5.95008
1.33582
18.7957
5.0302
5.41042
10.6066
2.41166
5.73847
5.87592
1.73469
2.73942
2.658
8.61999
10.778
7.96548
1.88293
2.28472
5.89111
12.8416
11.2194
6.51791
2.74326
3.20774
3.56826
7.22727
1.84185
2.08514
1.09904
2.9205
13.3378
3.18436
7.96129
1.43606
1.59825
3.28938
9.87116
5.66797
10.4547
1.48708
1.45757
2.97279
1.87071
3.12726
5.90115
3.06724
4.08515
1.60708
4.33675
7.27226
4.36609
2.1514
14.2825
6.82807
3.29931
5.78048
8.07313
3.794
1.11135
12.619
5.75807
6.28462
3.78095
8.21313
1.78269
3.87725
5.38546
4.50882
3.78709
11.953
8.07507
3.94367
2.7977
4.67653
13.5899
5.91686
4.15952
2.42281
10.5632
10.4325
6.40641
6.02809
7.23388
13.0243
24.3314
5.32295
8.68232
3.24753
5.87789
5.11134
1.79858
3.39973
1.5979
3.70747
2.98033
1.64298
19.7839
10.3314
8.04158
0.700725
3.19061
12.6547
4.02473
4.18384
0.706497
3.96194
12.9126
1.90652
3.97392
3.85555
2.05104
9.53606
2.62641
5.43459
0.997084
3.46144
1.82392
6.20437
2.59828
2.58215
9.25993
5.04782
2.52099
5.27192
6.60834
3.13777
3.51335
6.27071
2.92694
4.46569
6.55811
6.20748
16.3891
6.63578
4.59529
7.70535
3.68557
8.86161
1.25998
4.7331
2.48525
21.2708
4.00381
1.30978
5.98871
10.526
1.33497
1.46147
4.22878
1.75331
5.38409
5.04805
7.86829
1.82703
2.90254
6.55834
3.05177
14.3427
10.1832
3.60862
6.2353
3.09661
2.77558
1.38307
6.71593
1.5083
3.60174
6.39933
7.32478
3.60738
4.55313
1.93815
3.38066
2.9123
3.09242
8.76389
5.15625
6.26078
4.7724
1.46712
4.57448
5.51772
1.87971
10.1785
6.23726
1.86971
13.5407
5.77998
3.16392
14.6181
5.35623
9.81722
3.72885
7.59625
10.4076
8.16424
3.61079
14.5347
1.68706
7.99295
1.89391
2.02341
4.4411
4.58991
1.20024
4.37109
5.38115
4.44914
4.81092
10.8525
5.59286
4.7245
11.4075
9.88265
4.79773
4.21414
8.4648
1.91697
9.13511
1.79797
1.41189
3.88619
2.65371
5.75878
5.2357
8.43997
1.75736
9.95618
3.88715
12.1218
5.27659
0.764051
11.4076
6.4763
5.29636
10.3974
2.76943
4.81793
4.01218
5.78844
6.3665
5.26636
4.60107
7.76244
11.6526
2.0396
4.8444
7.82228
8.1164
7.21076
3.50978
1.75947
4.07811
5.59776
13.1462
5.3792
7.34888
6.2238
4.52618
5.87664
4.54544
2.14537
3.26896
18.5779
6.59054
10.1008
15.6492
2.15667
3.74063
3.33439
20.659
3.13763
1.65272
3.44673
10.0617
4.32166
22.7471
3.10764
3.26401
2.65518
4.88246
1.57068
2.15836
3.63704
5.05921
4.30106
4.18821
2.05283
3.19723
11.5707
7.0062
2.97497
5.77302
8.9569
4.09506
4.7074
11.4359
12.2778
2.88508
8.64156
0.931013
5.54762
2.61667
1.90101
4.49859
1.87058
7.45788
5.89
3.46791
1.73498
7.79292
1.85368
5.8373
15.8367
13.2449
8.49062
3.66201
2.63429
11.3107
2.53146
12.9295
1.59625
4.30165
4.56216
5.51502
6.52158
10.9989
13.198
3.35671
3.40642
8.95277
3.13845
8.52124
5.95196
1.11129
4.73638
2.83056
3.80266
2.44688
4.57125
7.84066
3.9642
5.12488
14.3562
4.43226
8.01343
2.93501
2.11482
9.2922
1.52127
7.66247
3.1624
7.65069
2.3767
2.43482
17.968
3.37355
2.09261
1.68059
7.63447
4.9273
7.12387
14.6948
5.76163
3.42414
1.08304
9.14074
1.84365
2.85999
0.944007
4.29648
20.0444
3.25707
4.64838
3.44319
6.14064
14.8805
1.38541
2.91671
1.75258
4.79369
2.67552
4.16304
2.66055
4.49608
3.7872
8.90992
4.61424
10.2081
5.85197
12.5027
2.7363
7.9686
1.95864
2.18021
5.34531
12.3223
3.66254
2.16612
14.2805
3.43517
1.17307
1.18632
5.13555
4.97204
4.95868
5.9428
4.55889
1.27046
9.43378
6.68803
14.4569
2.64865
1.8909
3.86058
5.33591
3.15367
13.101
7.7153
14.9189
4.1603
15.4284
1.45692
8.41476
1.45218
6.08624
2.98644
16.5794
2.62811
2.26774
2.46024
4.01205
3.42515
9.98419
6.70273
3.1038
18.4176
6.18005
3.49678
2.98608
3.59318
1.52338
5.47221
3.80286
3.05504
3.39561
5.6122
7.83514
2.50627
1.44642
4.38126
7.64332
1.86126
2.96518
6.80368
3.12968
4.85081
8.02179
1.49366
5.51423
6.63369
1.54036
3.84086
19.4577
9.79549
0.734375
3.90021
3.89628
1.60358
4.19635
6.37233
2.3359
7.6427
2.71053
13.4359
9.07934
8.15148
4.51092
3.16006
3.02025
7.64411
7.87244
11.2775
5.978
1.002
4.52997
1.81469
4.37286
1.3538
1.53315
12.3941
6.61339
11.2694
11.4021
4.1527
6.97172
5.95201
2.76582
5.65946
9.06574
9.65132
2.46479
3.15672
9.56781
4.26745
8.48703
8.73487
3.39193
1.25729
1.95937
4.05001
1.60787
2.35463
7.65842
2.39923
5.67636
1.50984
7.77783
2.28758
6.84501
8.30642
4.93913
12.9154
5.02543
5.97457
4.54911
3.33626
5.59524
9.48687
5.34201
4.2651
4.32233
2.13932
2.51257
2.82936
2.47232
6.49014
3.08494
2.78158
3.84186
7.01431
9.33636
9.49236
6.91302
1.48742
7.99596
1.18126
5.28779
9.43053
7.83936
7.88679
2.99047
15.32
8.1452
7.91507
6.98279
4.53559
0.897776
9.71723
15.8382
9.57273
5.44856
2.56482
1.55638
3.7527
3.52245
3.3854
8.76251
3.53341
4.27605
5.30239
5.32632
9.8206
2.86858
6.90578
2.21139
3.17687
2.5915
3.44858
1.99158
1.76185
5.01003
1.54348
2.00516
5.75318
3.69927
1.88443
4.09683
9.33635
5.08875
13.7928
6.7784
5.5465
6.41308
4.28204
6.70767
5.54762
3.95105
5.87627
1.86171
5.02133
3.25177
11.1321
2.77483
5.36522
1.82172
9.17915
2.09693
11.1497
4.38489
10.0284
1.78256
5.15418
1.46519
6.36769
10.9884
11.9528
8.34076
10.2025
17.0187
2.61353
2.47052
3.42002
3.90992
2.6396
2.39874
11.1187
1.22706
8.02265
6.39229
5.74667
3.29901
3.02054
3.22554
11.6117
9.35447
4.30542
4.62418
7.47311
8.35123
5.85747
10.3209
6.37203
5.99036
3.42973
4.85267
5.66137
4.87113
7.65605
6.49303
5.57977
6.71673
7.84879
1.12347
4.50787
9.17574
5.20909
4.50074
2.43951
1.24226
3.51197
6.5974
5.54754
7.02481
4.24142
11.678
6.87034
5.02359
2.7134
4.03806
2.32538
1.78651
3.03264
5.50957
7.46338
2.04263
13.526
3.15843
5.41554
1.64335
2.76546
11.4594
5.0894
3.94205
4.84674
6.6146
5.21785
3.01825
4.27069
1.60298
5.83275
2.28173
4.28532
5.65029
7.87972
4.08759
6.08368
6.25047
2.6679
9.56245
13.0069
1.61531
4.77927
5.34006
2.16306
2.34782
2.75678
17.3412
5.1935
6.93078
2.68078
2.71016
4.5196
2.54415
7.0818
3.55845
12.1163
2.25021
7.63409
1.23163
4.82542
4.53587
9.82977
3.95321
1.01957
5.35665
2.31888
3.76636
2.46628
2.4544
2.81757
2.1665
5.41993
4.98586
3.10227
4.79341
8.17187
4.18084
3.3702
7.49312
2.2718
21.8041
7.25305
2.44199
5.37147
2.18185
3.20381
8.152
1.44362
1.12441
1.88642
2.77777
3.09225
6.78851
1.28239
1.90965
14.5198
6.6231
4.9567
8.3888
3.37845
4.37331
1.91213
3.81198
1.98631
5.57058
5.48576
4.50037
4.37075
7.60832
15.0279
6.79528
4.29862
3.3428
7.34488
10.2881
7.10874
1.159
2.5209
2.46161
3.9016
2.26115
4.36035
7.47515
4.64428
14.2469
2.07157
1.97905
5.99344
7.37938
2.7167
8.30418
7.95069
1.19381
12.0143
3.35238
9.48484
11.8991
4.77685
3.67278
2.28671
4.26064
8.99801
8.16801
2.66936
5.01544
1.86104
3.66932
8.03117
26.505
3.49451
5.37023
4.83494
6.14603
2.16144
10.659
7.82538
4.57473
2.89865
1.52709
3.23617
4.28762
5.15702
4.43634
4.74917
8.65434
7.67977
4.30218
6.36654
8.86671
5.64971
2.70811
5.73868
6.4331
3.59489
6.26113
4.52023
8.55448
5.73889
4.5191
7.90976
4.92338
11.0201
10.1561
4.31866
10.715
12.3793
2.44386
1.71895
5.10998
11.6258
2.42789
2.41636
4.0993
2.55719
18.7995
2.02543
5.21442
1.64099
7.01378
7.78719
6.31893
1.42661
2.35094
7.6089
2.9815
2.35627
1.90981
6.99137
4.12213
4.48479
2.31459
8.11639
9.60496
4.06731
6.45774
7.15383
3.20706
9.15878
6.90393
3.00488
5.92761
1.98084
4.4477
1.6905
1.96738
12.1087
5.12349
6.39084
2.74116
1.82572
2.59738
2.86087
15.3701
5.52963
8.19187
12.5722
5.10882
6.41185
5.05322
3.45195
5.46674
4.40248
2.87577
4.75675
1.81025
9.78717
7.18197
7.92199
3.90238
6.80981
8.13608
8.1814
2.5562
3.16329
11.7268
2.37732
15.0385
6.31579
7.71321
12.8097
5.91
10.6521
2.98512
1.01539
3.54977
1.03939
3.4008
5.67642
7.42029
12.9167
4.10225
4.62823
5.74732
4.9245
5.30609
4.96724
8.72744
3.46458
7.26865
4.18459
10.5916
6.69896
4.66527
13.2638
2.98395
7.95509
4.76131
2.06096
18.4582
3.40411
4.5792
2.52806
13.1976
10.4694
4.8688
9.10169
20.7544
6.15487
3.65041
2.80223
5.19775
5.0713
11.448
3.55612
6.7329
17.1503
7.99605
7.18465
4.78065
3.34416
4.64588
3.63862
9.0099
14.6845
2.35235
3.69827
4.52424
2.64869
5.91445
6.68306
5.79069
7.70898
4.96607
7.14969
1.92397
8.25193
4.57011
3.39001
1.04826
6.10688
2.18756
2.34467
4.88102
9.4266
5.53575
2.26984
11.2231
17.1953
3.14502
4.30369
4.47496
5.86056
5.34598
5.17176
1.55142
16.4079
2.37891
5.20775
2.8291
9.21205
1.85819
17.0717
4.59241
10.1349
3.03605
4.46139
9.48993
2.42226
2.27501
5.15906
2.51525
5.39352
2.86587
7.11257
6.51971
5.68693
4.83166
7.02669
2.45152
2.3854
18.4542
2.37033
10.6742
2.68162
3.8212
2.02948
3.54835
4.86577
3.0946
4.66796
9.06816
6.00682
4.4979
1.96024
2.11531
3.13031
14.563
7.86567
3.58507
4.16666
5.22451
3.10066
11.8873
6.36986
9.92074
3.25948
17.9723
2.98004
2.5484
4.66001
3.32723
4.015
9.73321
4.25017
2.94711
4.46565
7.74578
2.37101
2.21275
2.59933
5.38745
7.35825
1.09998
6.99794
1.11399
5.96448
3.41877
4.44253
0.776502
1.89491
1.51371
8.56369
2.40821
0.423267
11.4173
5.60849
2.92739
7.45516
4.85641
3.36217
8.26053
2.3734
16.7231
7.84993
4.12823
16.1437
5.29003
0.869467
9.87
1.9696
2.05615
4.28421
7.92728
4.89123
4.88963
8.38787
7.17711
5.94648
3.48343
9.21575
2.861
4.29485
9.62701
2.95967
7.22106
18.0948
5.65746
2.88748
4.62169
8.92938
3.24994
2.28148
3.901
15.5464
9.24644
4.5692
7.96614
3.74853
5.2023
1.75694
7.21209
1.95529
9.59482
2.08154
3.06042
1.23589
3.4428
3.04052
7.98818
1.16855
3.03717
4.33389
13.8295
5.89023
2.52397
3.14832
2.31666
12.2725
6.45645
6.66706
9.45962
2.81929
3.9483
5.50026
0.998793
5.92163
2.62248
5.2742
4.76135
12.3511
10.5276
4.32472
6.60952
7.82334
2.57957
1.12888
6.65443
9.13935
3.99523
2.13522
1.6048
1.97953
4.28644
4.85753
2.23229
5.06466
3.8256
18.4901
0.558862
3.79865
5.79312
7.72444
2.45383
3.21144
8.24405
5.84131
6.45963
0.701661
10.4497
6.03377
7.46218
12.0513
8.31999
1.42281
6.09092
3.62724
3.10404
3.28276
6.5582
3.79528
7.66882
3.66561
1.76679
5.94936
3.94509
1.73689
3.68731
6.64647
4.82089
12.0372
20.1639
6.4101
4.57591
5.21785
3.39411
6.95658
5.85547
8.53308
6.82443
6.11651
2.72023
6.93538
1.63331
4.31017
4.04528
15.5034
8.98356
4.94675
1.42721
6.1915
5.34848
3.76745
4.90074
5.69145
2.34386
4.80861
1.15639
3.53003
12.8759
3.44989
6.2383
7.15459
2.81959
11.641
6.8434
1.93171
7.6488
3.523
2.30403
13.1837
5.9631
8.13095
4.45299
5.4149
2.98706
1.7995
1.95844
6.52063
1.17774
6.58934
6.69791
5.28936
13.5417
4.57036
1.51695
6.09833
5.13786
5.01097
4.4563
14.9358
4.32986
8.46624
3.11804
3.74322
4.44352
6.81886
5.48063
1.24992
6.14926
3.93847
8.18968
4.66414
3.59878
3.73635
7.86046
1.55094
2.1881
6.07959
10.0244
2.13241
4.49842
0.973317
9.05947
3.70669
8.11186
5.00753
3.80495
3.72786
12.4994
6.62141
3.89209
3.00224
4.87298
1.60298
2.67874
8.17624
4.49235
5.21724
10.7228
2.99447
4.38137
8.2398
5.4441
7.05866
5.22726
13.0944
12.2647
6.7682
4.48375
1.03011
3.63341
3.89003
7.07539
9.96915
2.90617
9.25259
6.79372
4.87953
3.47128
6.20618
8.66867
2.23803
3.51175
6.97696
24.7829
4.83744
1.58989
3.51434
3.45324
3.31666
2.83431
2.37865
2.32572
12.8063
3.87298
2.62332
1.32049
5.33921
20.1962
4.39634
7.59992
14.4398
2.15874
5.47453
6.28197
6.28588
6.51939
9.88728
0.801373
3.76242
9.90924
3.60418
8.17363
13.2128
11.6489
1.48517
3.76079
2.35023
2.54421
11.7109
11.7372
2.50218
3.51614
7.75588
5.85829
14.3014
15.1084
5.5506
4.47383
4.34448
4.23015
7.13969
1.8042
3.33304
2.94968
9.18389
8.37828
5.52197
4.06132
3.50447
8.55899
13.0615
8.65221
12.523
31.2077
15.0435
14.4591
1.39383
5.16664
1.41395
7.39219
6.16737
3.35883
3.16754
14.3451
9.5692
2.07874
2.33766
4.45898
1.82697
6.66473
4.08464
6.65004
4.82338
14.3895
8.66695
8.12956
8.75402
7.68023
7.80664
10.0969
1.52682
7.37016
5.47371
2.3696
2.42427
4.01345
6.48309
1.40371
2.02249
4.76596
20.249
2.20086
0.822013
14.1283
8.72328
4.74181
5.09978
4.0047
5.26251
6.22813
2.36214
2.97061
8.06294
3.44712
9.31696
14.1688
6.76215
2.21096
5.36974
5.24112
5.53648
11.4938
5.67474
6.4571
7.37878
3.31908
15.4412
2.19007
4.54414
1.52648
4.291
3.40461
2.23176
4.57855
1.41027
1.69574
1.87372
5.67878
1.08622
6.96771
9.64913
7.77805
6.21376
4.6379
4.01086
5.9611
2.43823
1.95593
2.68832
1.82078
4.16729
3.13108
2.24837
4.84552
4.80464
3.50924
3.83422
8.16452
8.17861
5.54982
2.64361
1.71921
3.37764
6.15035
7.11072
2.11324
4.9956
4.12269
3.63362
4.80665
8.50877
4.33537
2.75672
1.33644
3.1079
6.00444
5.44696
12.2227
7.40439
3.18395
4.09195
1.11788
10.6542
2.93639
14.3981
3.39522
4.65406
5.09532
11.2639
8.47207
10.4722
5.07254
2.4779
11.7764
2.3555
8.91647
8.20856
2.57052
10.9745
6.68737
1.73461
4.26838
4.23528
13.122
2.95633
11.8313
3.24351
2.69248
5.19661
4.14371
6.37312
11.003
2.67956
2.1082
8.92023
1.34945
5.28929
21.0424
3.00342
12.2798
3.12794
2.10912
4.00555
5.73948
6.35232
2.77395
4.95291
2.91853
6.20941
3.40281
4.03379
4.98505
5.75444
3.34072
4.93449
3.61524
4.78297
9.17498
8.12002
4.40628
5.17047
9.47453
8.44154
7.52666
5.04892
1.43207
6.61641
2.83928
9.623
5.90499
8.38545
4.67565
3.29915
3.57154
0.977292
5.42132
5.49107
2.11779
1.42572
1.47135
6.91075
8.56371
4.66387
8.43035
2.93998
9.57775
2.36974
4.26145
3.90838
6.35081
4.03683
9.32195
9.49627
4.91993
2.70518
3.69319
0.759201
1.93749
1.21745
5.89389
6.30786
4.84646
2.57244
4.53966
4.88181
1.34942
3.49598
4.17007
3.15742
6.27571
10.4602
8.01562
11.0188
3.86751
5.08717
5.10822
2.43091
4.15849
7.03897
8.67335
7.96592
0.465312
3.47314
3.01309
3.33418
2.02196
4.44877
6.33652
7.40934
12.8019
4.32298
1.87544
3.15248
8.07599
3.15503
4.45067
8.62241
8.77474
2.89906
5.90438
1.91751
11.4158
3.19294
2.55416
2.5478
4.14942
3.53447
3.61233
5.09518
7.76346
16.2601
6.93825
6.26239
2.43845
7.25171
6.5354
10.5873
2.68604
2.11358
3.65567
2.28373
2.04266
3.35706
0.875745
1.31529
11.6474
8.70918
5.19983
2.51598
1.37479
3.39142
7.76734
6.92083
7.9746
2.43907
1.58324
4.07105
6.7029
7.86267
1.49856
3.88474
2.65512
4.57282
11.2704
8.00342
2.25334
11.534
3.58366
2.45889
7.00572
8.53384
3.12752
3.49601
3.73328
4.88032
16.0653
3.48567
6.21478
21.6746
8.75887
7.04999
9.87359
3.25628
4.28966
2.24347
4.96735
6.50457
4.04829
3.78465
11.13
5.82948
10.6808
2.07694
15.5644
8.66357
8.47416
4.47615
2.77881
9.60857
5.30053
3.28551
4.26144
6.27539
5.96427
2.8516
4.60689
16.8834
2.46186
5.40987
8.9714
2.38702
13.0921
7.91976
2.18258
4.67871
2.9442
4.10698
6.6444
3.16995
14.0977
3.08592
2.70046
7.23
7.50021
6.53294
2.90346
3.01528
3.80847
2.77647
6.38663
2.44231
4.68663
6.27384
6.4296
2.95526
2.16294
6.55394
4.47671
8.23833
5.32364
4.3013
6.06546
2.16416
5.97745
3.84799
2.3594
2.68888
5.06025
1.1855
6.82628
8.26122
4.60179
1.66952
0.889937
4.1513
8.72845
7.47481
3.32244
2.04315
5.06833
2.73766
2.1057
8.36754
4.49715
5.55521
2.62852
7.63862
5.47706
5.41974
3.43012
3.11355
7.54674
4.1247
1.10956
2.07934
8.51137
3.14784
3.75102
6.42294
4.05609
4.6362
2.81062
4.98495
8.49879
1.07237
5.88097
5.21471
5.27759
15.3901
4.24425
7.40301
3.37553
8.79398
4.54273
11.2072
4.84136
2.28768
3.2275
4.0546
4.94754
3.49313
3.99497
12.4479
8.37955
1.97782
3.59706
7.48128
1.99225
7.81661
4.50022
12.154
4.63987
9.15537
7.55366
2.42637
11.2418
3.06151
1.13549
7.54897
5.69945
3.5566
5.51641
2.04803
3.04852
5.51463
2.70769
2.21453
2.19835
4.25193
2.03099
6.19114
2.78121
1.814
7.11267
4.70143
2.55249
6.13913
4.29284
2.4995
23.8891
5.06237
4.9722
3.63882
4.34339
4.69187
9.24018
1.09275
1.97696
14.6316
4.71727
8.04387
0.747678
1.5752
13.5087
0.923564
13.5722
6.82004
2.58348
3.41735
2.05512
2.35915
9.74938
7.20427
5.4346
0.991296
1.03235
2.79916
3.69778
9.29615
1.33289
6.67634
2.26059
1.94287
7.15808
3.50504
5.89098
1.8146
7.43044
3.50732
11.7783
4.66365
5.75837
12.2163
5.66249
4.05333
1.71481
2.19275
1.96682
3.87349
13.1889
11.0337
5.96587
6.25749
1.54012
3.95487
2.75245
5.18428
4.73126
1.87123
4.95729
4.91458
10.974
1.35225
9.11843
2.51494
2.42219
5.34028
7.96612
5.0526
1.79726
10.0199
3.06469
2.81894
1.69879
7.82111
5.7345
1.54853
13.6699
18.368
2.29989
6.30203
5.37129
7.33848
3.91908
5.03967
3.6729
5.91007
5.38328
3.22762
15.2019
3.23388
1.77463
5.03959
8.90563
5.70181
1.78532
2.4231
3.25557
5.8992
6.40783
6.7349
6.12474
2.16478
5.93812
2.09449
3.20679
6.95743
16.7616
3.78446
2.8014
3.04872
7.93381
4.27199
5.91965
1.18736
13.9545
5.2555
16.3181
8.47683
3.32187
8.4766
12.7787
4.89737
5.05808
1.30918
2.27723
3.90596
5.06207
8.14071
4.53252
0.621319
2.83425
4.87094
7.48596
5.18166
1.81387
2.54467
2.65057
2.89732
5.15813
2.92109
2.43218
7.11337
2.9669
6.58738
8.73245
5.61833
4.91579
2.9426
2.00555
4.10074
10.3735
1.18269
7.26843
2.58297
6.18925
2.41737
10.3165
1.40585
2.38419
14.6525
1.43959
6.09165
4.96915
5.15848
3.9111
2.76159
2.95764
5.13293
7.08379
2.27665
9.48595
3.35729
10.9764
14.7442
2.47163
6.98736
5.75339
10.6625
15.3827
4.84357
2.25365
2.47488
12.6461
5.92131
10.0628
1.1705
5.31223
5.10651
12.5256
4.08996
5.21117
3.82149
5.71255
3.6321
3.88194
9.01927
8.21522
3.78485
2.51387
1.87743
11.3115
3.32611
6.90831
8.97144
8.43469
1.46057
7.30767
14.3085
8.59015
6.16972
3.21152
12.2611
10.8773
5.24503
7.00121
3.62834
4.91799
11.0075
4.45558
3.92876
4.15445
5.17672
3.81523
1.68874
11.8681
5.99157
2.14544
8.44245
3.22771
4.23612
4.38276
1.6987
4.04753
2.54085
1.94263
2.68532
3.0915
5.04371
5.30357
4.21629
1.41588
11.3056
6.60328
1.42195
6.35383
2.64928
5.99108
3.01406
3.25816
4.75375
2.757
2.87936
0.372258
5.42916
0.493703
4.19736
2.68774
13.7974
5.03757
12.9054
11.2153
7.73518
2.40775
2.73309
4.77408
5.06678
9.49687
6.50143
1.95416
3.87689
3.9575
2.56121
0.787519
14.2688
4.57047
4.28752
5.91234
3.30654
6.569
1.41151
5.88143
5.68726
4.53694
4.32297
2.70894
2.56921
4.50243
8.98918
7.51553
2.69752
5.74861
8.01891
10.0909
2.41014
2.4001
4.46382
5.81843
7.65812
0.909161
2.52493
1.88855
10.5034
7.63097
3.95019
3.02621
4.41378
5.10931
5.24355
0.959085
2.96013
12.8216
3.58146
5.7271
9.2058
11.4554
12.8553
3.10552
1.0386
12.0387
12.0202
11.5694
10.7438
2.22796
4.84618
19.7243
3.24809
6.08255
3.24259
5.04128
3.16785
8.06328
7.55827
1.64774
5.94936
17.8
7.47963
4.32194
2.70043
5.72709
6.05751
1.90243
3.88867
3.2224
7.34733
12.8165
11.6781
9.20158
3.13381
3.41653
2.43584
7.17024
3.12741
5.68268
6.09052
4.34812
5.93243
5.53442
13.3047
4.69617
4.18893
12.0857
3.07488
4.73743
5.83346
9.54824
2.14588
12.256
7.77234
2.82708
1.99998
2.46905
4.31575
10.938
9.67632
4.2021
3.43957
3.26926
8.49529
2.38682
3.85249
3.11023
7.3374
3.39355
11.881
4.40608
3.66701
6.12065
1.49586
12.4452
5.50686
10.1971
10.1542
12.4691
1.52276
7.28631
3.46871
5.79185
10.366
3.22205
3.89962
9.04981
8.35217
14.2354
12.8773
4.85316
3.14053
1.65865
5.35227
9.71627
13.127
4.38932
2.96433
4.90634
4.55218
4.82709
9.32733
2.13108
1.30137
17.1765
10.6202
8.59895
13.3431
5.861
7.0562
3.21791
6.09077
2.86818
3.98603
0.40803
6.29418
5.4833
11.0292
5.04533
5.21065
12.5065
4.45761
4.27099
8.30317
2.51799
6.81549
5.56156
2.54625
12.5535
3.10656
3.04729
13.8922
3.56059
15.7769
1.30283
1.88011
7.61254
5.00813
1.87064
3.15658
8.14171
5.19267
9.96619
2.54259
5.86062
1.48041
5.75225
5.34757
2.58601
4.01058
1.74093
5.92446
0.787276
4.18717
3.8242
7.11254
2.64082
1.29056
5.62516
1.08849
2.68239
4.79614
17.829
0.688688
2.49346
10.767
4.75662
4.45899
4.63243
8.97132
1.75696
2.40887
2.54106
2.32714
3.35224
7.61536
16.9419
6.24859
5.38564
4.18719
2.27625
5.7114
1.47636
3.39439
8.04283
4.48433
3.59947
5.74962
2.40182
10.8417
11.9099
6.31724
7.64401
5.99734
10.8546
7.37312
5.30088
4.32607
4.40424
1.11314
15.9113
3.71574
7.13177
0.961448
14.4561
9.33355
3.93623
1.99267
1.37002
10.4852
3.63585
5.08069
1.06838
4.48877
3.23087
3.0837
3.95189
3.07215
2.80518
2.11745
1.14578
1.25259
2.79659
3.09665
8.30495
3.4955
1.84876
5.6211
4.59844
4.30049
1.26431
11.5496
17.4947
4.42491
12.6044
6.4408
8.54458
4.81998
8.96281
3.43738
6.41285
1.04755
9.2092
5.54308
15.5678
4.94156
3.72734
8.71036
1.98765
1.13353
7.72585
3.14511
1.9337
6.81074
7.56309
5.21732
3.37107
6.45451
3.79835
7.82948
6.96319
13.6692
8.33705
6.63467
4.37895
3.8157
4.43427
2.69344
8.98983
2.65797
6.1512
16.4153
3.68063
6.94789
3.29988
2.40536
2.35608
4.80356
1.36839
9.74879
3.35391
2.03504
11.501
4.28985
5.08257
10.9292
3.69752
26.3263
1.82434
3.53903
1.9197
1.48077
6.07479
3.79822
1.63812
10.2089
2.38376
5.03255
3.39678
6.74722
4.07285
2.36069
5.62928
2.92379
9.99283
5.15282
8.47834
1.58775
6.0169
2.6058
7.27196
3.36687
4.7064
1.51204
12.0659
4.26931
3.2521
9.85003
5.09737
2.11321
8.05261
3.08158
2.93549
2.62913
16.0652
3.84691
7.04909
10.0763
9.86488
4.23902
4.12582
2.42149
2.69272
14.5192
7.53937
11.3432
6.0949
5.24909
7.9087
1.6218
7.80856
9.66862
1.64051
4.95139
14.9848
9.33973
8.43913
1.13729
26.2493
3.82199
9.95854
5.68305
3.40666
4.92726
4.06151
2.3199
5.54134
8.8797
5.8362
5.46324
2.41592
6.08592
1.58524
5.96849
9.44345
5.43531
1.77826
10.8638
3.56238
2.44597
7.54992
4.49126
3.5864
14.5335
8.4775
0.742385
2.52281
8.11474
12.8746
3.74472
6.96335
2.69107
5.23206
0.795998
8.96777
5.21258
7.53782
2.2642
7.29584
4.10949
10.6856
6.94739
4.33578
2.26197
2.26382
2.86884
6.24869
11.1058
11.3244
0.612067
9.42109
5.30119
5.27378
6.18825
13.9634
2.07378
4.5151
2.48265
7.67022
3.70311
2.81319
6.91987
3.55117
5.46148
9.91002
2.45372
2.57271
11.5427
7.87686
3.32793
8.53876
7.08773
10.2238
4.13302
5.89322
8.12323
5.62828
11.3769
4.30054
9.12788
1.57312
3.94905
3.05557
4.80418
5.83823
7.66962
12.9594
3.48104
5.98115
4.02635
2.69113
9.6856
4.67932
3.31089
3.71034
7.27597
3.33881
4.19871
4.56316
2.45748
2.02763
7.90468
12.7203
2.9793
4.31531
2.34744
5.62199
4.41762
7.67877
1.18453
2.46782
2.18984
9.44906
2.26963
8.35513
9.12834
2.54091
5.21949
1.12395
2.08093
2.9478
15.2329
15.3391
7.50295
3.56718
5.84711
6.31563
2.96184
6.55717
6.14075
1.98473
2.35859
2.63865
7.50542
2.0092
9.17197
2.56742
4.53899
8.51677
28.5272
9.48179
8.60726
7.47404
1.2808
1.6572
2.39962
4.00541
4.06606
6.03983
14.0404
5.25586
13.728
7.36796
6.56772
6.58551
3.62975
3.9791
3.99099
2.11269
5.27167
2.49499
4.21118
7.02478
7.32804
12.8543
8.54676
6.43559
5.91186
5.55016
1.92994
5.50677
9.5081
8.0753
3.64625
2.94071
4.05016
2.54758
4.77264
6.96629
10.5175
4.3102
6.50835
3.88638
3.29344
7.50476
6.50739
3.34138
3.24485
2.56157
4.75197
2.61453
7.9836
1.22956
10.6977
7.78541
4.06284
5.26034
3.11118
2.0967
2.09794
5.81618
2.02274
4.90854
5.93063
1.84943
5.77638
1.76186
7.68202
12.726
14.7015
7.25988
3.62577
1.84609
10.8604
2.08018
7.18441
4.00812
5.15607
3.09677
12.9191
6.23049
4.96004
8.74764
6.70113
1.53867
11.0579
1.96438
10.3387
2.32157
2.14155
16.2321
4.24229
1.26761
2.99584
5.57404
7.9173
3.88225
2.10656
1.21084
4.1253
2.98337
11.1016
4.73242
12.6749
6.83627
7.72083
3.0423
4.30016
7.77953
5.56092
17.0665
8.66044
7.84992
1.57174
1.72843
4.62213
21.1179
3.49844
1.57033
7.36765
1.02514
5.79713
4.86831
1.82317
13.8577
5.42421
9.0252
6.27768
9.58485
8.10149
5.95485
2.73228
16.7902
4.00303
2.63782
2.00822
4.78862
3.6883
4.68959
11.1275
1.15119
2.52637
5.1615
10.6978
8.32329
13.0589
5.75083
2.90565
3.89406
7.78435
13.6484
12.7209
7.73866
32.2628
10.6207
6.81052
5.0723
2.0633
2.90713
6.42642
12.5665
10.7652
4.26838
10.258
5.54925
6.12833
6.50838
6.8699
16.6477
7.62087
1.57922
5.77364
3.00604
2.01416
5.72669
1.4766
9.93452
8.33697
5.61314
9.48569
8.92024
4.72877
3.96257
3.96018
5.3869
4.88422
6.92782
6.26665
12.8807
1.34638
4.03461
3.7843
7.67228
2.41474
2.94905
1.41858
1.65087
2.39558
4.7879
4.13042
4.5002
5.02085
8.22136
2.58053
2.40984
3.33843
6.3747
13.5155
1.9301
3.86834
8.71138
5.57672
11.636
6.99654
4.58802
3.3683
5.43215
10.9506
6.81209
2.14305
6.19723
3.59804
2.95056
5.50096
0.853383
9.71775
11.2308
4.59873
1.17901
11.5176
8.2797
7.35782
6.77762
7.73825
2.21631
2.61497
6.69514
3.87201
1.36805
6.11809
5.99838
4.28606
7.83163
5.48024
6.34834
5.69591
6.09469
1.56273
3.76627
2.92809
4.71858
2.58677
3.2987
2.33001
3.71564
5.48639
10.6742
5.73706
1.36938
7.51934
3.23999
10.9957
17.1334
6.96034
9.63871
4.64509
3.32508
4.7341
5.29678
9.8741
13.3889
3.98839
4.83183
5.75836
2.03117
6.45242
4.25316
2.7553
3.36924
2.24276
4.6355
5.07358
6.65484
9.34435
5.46643
4.8783
2.43934
4.7681
3.48988
12.486
14.3688
4.89813
2.61212
9.24592
2.5669
6.29778
10.212
2.12416
4.80565
3.61359
3.79639
0.739161
3.88018
7.7882
2.35674
6.19348
10.6633
5.00053
5.35405
4.61558
12.999
8.03988
3.3546
5.29935
4.99192
3.62938
8.3068
3.32517
4.49481
4.66626
13.6757
4.128
6.12421
3.40519
6.04611
2.33769
7.08559
5.57343
5.62313
2.55866
9.65473
1.80059
6.53251
7.62392
10.5148
10.2306
3.84721
6.8025
2.48945
6.11723
12.4708
6.75136
1.70725
9.48377
5.62798
3.82819
4.16293
18.629
11.9726
5.1928
4.59423
5.05289
5.24509
6.82457
5.47818
6.03499
2.80341
4.78215
7.31383
1.07702
11.4748
3.82823
6.58471
2.1583
17.7978
3.14363
3.97218
3.59477
4.56701
3.82442
5.88601
4.27519
10.0721
2.50567
3.92496
10.5654
5.06516
4.74728
5.94788
3.65157
3.06417
5.86038
8.39342
4.35047
7.38889
5.09683
3.89463
7.70783
5.9953
3.60529
2.93597
3.40943
3.98199
10.2525
8.80288
5.60777
2.4241
4.15421
3.65347
3.53672
4.6877
6.74937
2.9727
13.192
5.23517
3.35723
5.64452
4.25665
5.84613
6.58272
2.62404
2.91247
1.50226
4.23345
2.24468
3.19405
11.9922
5.51304
11.6016
2.01225
6.45698
3.34133
8.3678
1.72539
4.12362
6.22408
8.19117
5.28782
0.98665
10.8906
10.491
6.37084
9.34937
12.7502
1.20111
7.06575
6.54851
1.87827
2.08505
17.178
9.17088
5.49374
1.98618
3.11154
3.73264
3.60918
2.82068
11.1409
6.27795
2.72481
2.68277
3.7753
14.6385
10.7994
2.64503
7.78565
3.21706
18.8167
3.76309
9.84694
8.05576
3.02349
4.91023
5.22514
7.15428
2.38756
7.523
4.52104
15.002
9.43382
4.64098
9.77548
2.98894
5.22598
9.03234
5.2715
5.22043
21.7498
4.09782
4.61581
3.88623
6.05436
8.90325
2.33742
1.08424
4.07474
4.60673
12.0816
4.03867
16.4412
7.73857
4.34975
6.36888
4.74278
1.97713
3.65254
4.16936
6.31338
14.122
2.67036
3.8995
6.14996
9.99201
2.0546
3.01398
4.33173
8.8101
10.0953
2.81255
1.10379
8.15521
8.31566
13.8316
4.00189
4.25167
8.91834
2.78993
2.69014
3.74514
4.47234
7.32222
8.51581
4.62542
11.2353
2.62878
18.3166
3.48288
1.33675
4.38891
4.27841
10.8699
2.69284
0.798305
13.0004
6.10712
4.61369
15.1843
4.45193
5.90586
5.5103
3.7819
6.63704
2.90541
12.531
4.63268
7.04132
7.01907
2.10567
2.04575
3.50253
2.2536
2.83166
2.95873
3.67952
2.11812
2.91867
3.96764
2.17827
4.07629
3.65932
2.55597
3.97199
8.22054
2.90866
9.63399
0.455507
10.2095
13.542
5.95902
2.28319
9.95654
3.02293
13.6061
2.61842
3.56056
5.66409
1.48328
3.19438
1.78746
6.8205
4.45628
4.27573
23.8566
7.72265
5.7692
11.142
2.22002
13.4102
4.52466
4.33504
3.35193
1.3972
14.5301
2.8356
4.19802
6.27569
3.07263
11.8258
7.94782
10.4674
4.6209
2.92572
5.57384
2.55083
7.6332
4.59057
5.97995
18.2756
4.26377
3.02903
4.95197
1.48319
12.0292
7.0068
3.36593
6.651
6.46692
5.91725
9.43703
4.40594
11.6599
5.45745
3.89166
7.7007
10.0537
5.89159
2.0393
14.0184
2.33798
5.39571
3.62986
4.40639
8.99753
7.08908
8.1221
6.88745
7.03478
5.94284
4.01658
24.3269
5.45682
3.08022
1.59505
2.48509
9.38539
10.5068
2.50942
1.25097
4.91943
16.8857
11.3423
3.38202
4.20314
2.71856
5.27964
6.2467
4.46899
4.74933
0.8891
12.326
13.5902
4.35296
2.81118
4.21219
4.54102
2.67493
7.02544
2.44971
6.30603
3.76297
5.62072
3.72668
7.64548
7.315
8.60215
6.50093
7.88973
2.49344
3.45493
2.97019
4.00658
2.96439
3.98697
5.44384
6.09746
1.98601
2.62249
6.01161
3.31892
2.64513
6.31685
6.15801
4.19651
2.08093
4.78064
5.34826
0.662053
10.375
9.32861
2.76141
2.46051
2.66545
4.21576
6.80425
6.44602
2.19011
4.19771
5.41026
3.55677
2.77943
4.09387
6.79689
5.53283
5.81935
10.8466
3.69022
7.14869
5.37492
4.873
2.03845
21.8183
11.2338
2.37769
1.61374
2.50798
4.12424
4.02044
5.32719
2.65564
6.05086
0.834517
5.13776
3.54902
2.10588
11.7109
7.97524
11.2494
4.19358
3.69114
4.99763
3.11398
12.8905
11.1357
3.13204
3.31349
5.57024
2.97486
4.00548
1.5594
2.78966
9.092
1.63624
2.55436
3.68173
2.8094
3.35238
1.86668
3.65057
3.1092
4.58976
6.7979
4.91287
3.34783
4.42776
3.70159
4.15654
2.63812
5.53848
3.72616
3.17971
3.22377
3.85733
5.44839
2.24151
8.92665
2.26067
17.6086
3.15007
8.00467
3.13956
2.71459
6.62086
6.40518
2.47193
5.34169
5.65563
9.1697
3.09602
4.93026
3.09136
4.62006
9.85335
2.21004
6.43326
4.38413
2.45599
5.12097
3.78238
5.98311
5.55592
4.82463
2.70797
3.09763
1.69008
7.94646
3.13939
8.88142
3.66568
3.60585
8.01258
4.03308
4.8741
1.84745
3.18027
5.78085
3.01798
5.2324
8.9631
32.2721
2.30402
3.15241
3.70603
2.45483
14.6917
13.8829
15.9247
2.40237
5.00349
1.4491
9.27269
2.63927
4.17662
10.6756
5.34019
3.32833
5.97886
1.79744
3.3474
3.12092
9.3184
9.37626
2.07221
9.35414
3.66844
3.80171
4.88904
4.6101
10.1742
4.55602
3.15536
8.38108
0.871315
9.40239
2.14561
4.40983
1.61706
5.66535
1.64229
14.5742
3.98166
1.40767
8.42806
8.82835
5.09353
8.59
2.02299
5.522
2.33425
7.25258
4.11107
5.68695
2.39726
7.43627
3.35468
1.54951
1.44065
5.22612
6.65119
3.726
14.2981
2.62028
1.21576
1.58426
5.36112
7.52686
1.50975
5.9773
2.25993
5.8151
7.6547
4.02697
7.9452
4.95567
4.43645
17.2218
9.12126
2.84804
5.35768
5.88655
5.38102
3.36605
5.27834
1.62835
5.07233
3.95967
3.76985
2.92227
2.42167
2.91126
3.63571
12.2185
2.77903
3.29345
9.52615
9.00944
4.71635
5.78245
3.59443
7.24642
3.38631
11.4761
3.22996
4.03725
11.6893
3.34333
8.92876
2.70426
4.97003
9.55071
12.307
5.76561
3.50917
7.35227
2.52503
7.77755
9.09887
4.73736
6.89397
6.04683
3.41346
3.78473
5.81339
3.8659
5.79705
10.6915
4.47486
6.28401
5.33172
1.49768
2.01383
2.14717
13.0685
2.98217
4.37336
15.2768
2.28906
1.36972
2.43464
7.14982
10.2181
4.13617
4.06929
5.85669
2.50032
5.70331
3.49875
6.41563
3.16843
3.42498
1.93139
8.50746
4.23172
12.0455
18.7978
3.29149
2.89581
1.42609
2.59811
7.7186
4.18617
13.4844
3.03524
2.20525
7.12732
6.03417
4.57137
9.38516
4.83991
2.871
3.29552
11.4109
4.11493
0.961458
1.4574
8.64928
3.42096
6.91267
1.19941
3.92467
6.59747
5.26209
1.84802
4.50629
7.53195
6.90025
5.02305
4.44948
4.0502
1.44075
4.66343
2.55059
3.24795
4.20538
5.85615
7.04507
6.07221
4.24634
1.31673
9.51803
3.26203
5.68118
11.9075
4.72203
5.23235
3.23577
5.02234
2.09793
11.5241
4.57082
8.84232
3.25615
4.48902
5.53263
4.90098
1.95719
4.70937
3.173
6.46215
5.45003
2.37728
14.5315
17.0441
1.83477
3.33969
3.37169
2.58921
1.38761
13.9414
4.58046
2.91625
3.8544
1.10955
6.1245
3.40825
13.7497
3.81834
3.46661
6.99569
11.492
10.8273
4.07652
2.19023
5.28908
6.71169
4.60407
2.395
5.57426
7.00617
5.97934
3.16038
8.08856
10.5612
11.1016
2.29638
3.2264
4.77577
7.16328
5.92461
2.254
10.9771
9.52103
2.23215
7.53026
13.7574
4.61169
3.32014
1.57598
13.0889
5.38284
2.21219
19.2346
2.3838
4.5682
8.74809
3.25866
7.05734
4.28543
1.71068
10.7525
5.11385
4.81012
1.3785
6.68853
7.99102
12.5683
3.92396
3.82104
2.64053
11.8953
6.13757
1.53544
4.84629
2.80316
13.2049
8.67917
7.15534
4.83339
4.51729
10.1121
3.30551
20.6371
4.05341
6.46878
10.4942
1.81697
15.316
6.69637
6.62568
6.54113
12.4732
4.15859
6.92771
5.8741
5.34873
6.45751
5.0667
1.94434
9.92803
1.93335
4.43291
6.63665
1.61906
1.64203
3.07823
4.30578
1.4254
3.09096
3.91985
7.28756
2.88121
13.5582
3.51441
3.1091
12.737
2.52793
3.90598
4.89923
5.87391
1.76446
5.33897
3.80576
8.67227
7.56418
2.99989
5.58382
5.61171
12.9599
8.74174
5.73777
1.40544
5.93533
1.27981
8.11945
4.19893
14.6825
3.81288
7.31361
12.609
5.86832
13.4048
2.55582
4.69519
2.19056
4.50071
17.4641
5.28127
2.61298
2.89308
10.9383
9.69534
3.81735
8.48177
13.0294
3.66785
10.1613
4.52879
2.34374
19.785
5.14331
3.75427
9.32241
4.06987
11.6397
6.06981
4.01833
4.95858
4.4308
3.08443
4.56598
3.56365
5.04688
1.69951
3.49485
5.66153
9.03883
4.6086
4.85437
8.20965
4.17085
7.91902
2.70744
6.54376
17.4937
4.17152
8.46336
1.83858
5.39627
3.94417
1.57913
3.4278
3.39569
9.29813
10.966
7.65104
4.11764
1.97988
15.7199
15.1738
5.71239
10.3958
22.6929
8.66473
5.437
4.25781
1.90636
1.56162
3.0583
12.7082
9.02749
3.57557
12.2814
10.4667
3.24262
3.06766
5.81947
3.9903
4.94778
3.78403
3.41326
9.69018
1.76514
9.69754
2.25984
2.12942
3.91711
4.69536
12.2218
3.6206
6.53496
9.48196
5.70523
5.12252
1.7016
5.08005
2.20489
12.0547
4.46797
3.66865
4.56201
3.34804
5.93461
1.44184
2.7041
2.46135
7.15953
5.73321
6.16309
2.13403
5.15365
8.6131
1.67724
4.00243
6.36658
4.55727
7.52707
5.74398
6.19555
6.02765
3.33145
4.33386
2.61489
8.98133
2.75976
6.49135
4.43866
5.31598
3.20094
2.68185
3.00422
3.04662
15.4521
4.09422
4.99532
13.2893
3.01868
3.09721
3.59544
1.95838
3.2898
3.98706
1.15241
1.96348
3.32299
2.29073
6.82528
5.37705
4.4396
5.40093
4.10708
2.75592
3.20848
2.37168
4.11592
10.9893
9.56892
1.87564
7.30613
7.84912
16.8131
4.07665
2.08476
9.40215
1.51558
6.06787
7.92527
1.65478
4.67065
4.26136
6.17589
2.40367
5.662
6.74225
5.22083
2.07296
3.03661
4.41196
11.2648
2.25953
5.67597
1.64905
0.579532
7.85035
1.17736
5.5774
15.6273
7.35016
5.71016
3.91162
4.71236
7.36342
3.0607
2.19687
9.26503
8.13437
11.1891
2.07121
7.34584
4.35488
5.64391
8.59021
3.8859
4.58034
1.89953
4.71673
7.56284
1.65771
7.36589
6.34668
3.65485
2.79881
10.441
1.19393
1.79284
4.18122
4.49754
11.3904
6.98578
5.79066
3.01775
2.40797
6.4416
6.87491
2.14517
3.1699
2.49195
5.67511
2.22747
2.70427
5.91347
5.78553
1.59396
7.24053
5.62898
5.83741
6.57078
10.9181
3.83267
3.5713
7.00315
4.76331
5.22883
4.48075
1.7572
2.44098
16.2282
4.54464
11.2706
1.56707
1.84212
4.22347
3.37202
3.51661
12.5182
10.5952
3.42807
3.952
5.41631
2.42023
6.44889
5.52721
6.57336
3.6608
5.33736
5.04732
1.97071
5.70557
6.61115
6.61515
3.64084
3.39051
5.39051
4.83067
5.26583
3.63673
3.43446
1.98648
6.67674
4.94174
5.9252
10.5271
3.47444
5.26867
16.3256
6.27978
7.18237
1.75687
5.77282
7.4412
2.3549
3.94139
2.7398
1.86833
1.62173
6.12008
1.06076
2.60201
6.70874
3.90146
2.30611
1.4211
6.28665
3.82013
5.61935
3.93411
1.48442
5.81596
5.18922
6.64884
10.2062
2.99687
5.89055
6.17615
2.27859
6.4425
8.27428
6.53442
6.30417
5.66324
4.0997
6.26544
6.25756
5.34523
3.57071
3.1299
4.12111
5.30445
7.25727
5.47057
4.21359
5.02947
3.12645
5.52021
3.06787
4.14832
15.2102
8.93235
10.7025
5.99876
3.66878
4.73358
4.21251
16.0329
2.82418
8.20954
1.51768
11.1986
13.3669
10.3133
3.16438
5.93414
1.36173
3.67724
3.80487
3.11141
2.5368
6.80326
7.15664
3.05653
1.67819
5.13815
9.7876
4.19531
11.2551
3.69534
6.74125
2.33449
5.06656
3.06791
5.48692
6.19228
10.1122
6.12188
10.7757
2.98601
1.42419
3.12052
8.5327
9.8584
7.39947
5.86385
2.94815
2.49343
2.85917
2.61084
6.70926
2.69889
5.69545
5.24953
2.25497
4.48147
8.23017
6.26686
7.73582
6.40158
1.91712
4.52397
3.91574
3.51827
4.99242
1.43834
1.88376
2.18169
1.28566
3.57234
3.76201
6.02724
6.35361
7.52191
3.37542
13.933
2.0506
2.35743
1.91211
7.6971
5.49874
3.51379
7.0598
5.02899
9.28826
3.96374
4.19325
3.49619
9.73271
6.94191
14.4561
2.90474
5.80433
5.56691
7.16525
4.16099
2.37153
3.29479
3.13218
2.82086
7.42275
15.0136
5.27228
9.84574
5.79938
16.3299
1.78384
3.97026
7.43635
1.55436
5.68707
3.02291
3.80749
8.87159
4.46293
8.22389
11.1898
7.22155
14.298
6.87299
3.97718
2.85379
18.1653
5.13109
5.53741
1.32344
7.93743
2.47864
3.25222
8.47479
2.65242
10.0016
8.16055
4.89393
13.9094
5.47679
3.41852
8.94263
1.37107
3.73095
3.73326
1.58249
4.32673
1.96166
3.68471
3.73015
2.68965
5.07182
4.1402
14.4841
1.42706
25.8275
3.24245
2.90295
3.21507
3.15559
3.27645
3.4914
5.95624
7.57685
6.73357
9.45345
1.56113
4.61518
6.13354
2.80527
8.09078
4.7961
2.66304
10.7609
4.57798
3.88491
2.10171
1.70537
6.47077
4.19019
2.2776
4.71778
8.04842
2.89553
15.6393
18.8659
5.7678
2.7751
11.5347
1.70477
7.51252
3.11247
0.679792
1.49612
16.2342
10.8261
1.51343
7.6157
3.31087
1.74973
1.8626
5.65574
3.0355
10.0534
3.43109
2.67207
6.51759
3.70352
1.67678
1.30404
5.05742
3.78539
21.2338
2.46591
2.38483
13.749
4.81318
14.1144
8.84959
5.82018
9.38542
1.82577
11.2246
17.0169
3.03334
2.31452
4.81031
10.2643
3.40359
8.82271
5.46251
4.01132
7.54149
11.7439
9.36387
11.8562
7.83048
7.15422
3.63235
1.13927
5.83566
3.05711
4.88682
2.62534
5.85335
3.70762
3.58033
8.34283
3.27695
24.9614
4.76433
2.90346
5.36326
8.63608
5.17433
2.60955
4.37265
4.58278
5.00181
0.533582
2.37761
18.9204
4.17134
7.02436
1.76646
8.28315
11.2458
8.11096
4.6144
14.0566
16.2909
4.20586
2.77705
10.5737
8.76497
9.81281
1.9541
2.03624
4.20955
4.78485
2.50319
4.45484
1.93122
2.91478
0.829534
1.84698
2.43962
7.59105
12.114
1.80052
2.98335
3.81162
11.4222
1.14286
5.13842
7.68119
4.92462
8.28672
10.3872
3.34544
2.07832
1.84258
2.71729
4.80637
2.39022
4.5148
4.09837
12.0172
8.50628
4.43344
2.80273
1.80803
4.12146
11.4926
5.33413
6.93091
3.79092
13.8719
3.41854
7.27662
8.4641
11.1038
5.61619
7.59835
2.91233
4.7397
2.58456
4.13693
8.11357
4.98691
7.03384
3.48946
6.95996
3.51352
4.56859
5.04457
5.54553
8.65379
8.89542
4.99326
3.70151
5.33314
2.47347
3.41062
5.30422
6.44979
3.94775
3.58664
7.31308
7.94998
6.49796
4.78204
3.36546
3.38976
3.91887
4.73687
1.69655
3.88427
8.47558
3.26833
12.0186
1.74404
8.07666
5.09469
3.2541
6.99782
5.56659
17.6774
5.05133
2.21457
7.78145
7.45115
4.47865
5.97182
14.3837
7.07801
2.68046
1.07336
6.67202
3.57853
13.9192
5.16314
2.47777
11.4072
3.73872
9.24178
8.45511
5.30044
1.77997
5.04523
4.34445
9.02172
2.63281
7.00404
1.30085
3.0368
1.37525
2.37976
2.1384
2.79366
3.26112
2.43836
7.67726
3.28444
7.67558
6.42943
3.87949
2.37287
2.14925
2.66547
15.7058
5.64004
2.91769
8.98065
2.38436
8.24029
28.7755
11.7171
5.46624
8.02396
6.94521
7.12092
9.05209
2.88576
22.0274
5.73676
1.40319
8.1351
4.02485
5.02567
7.59663
3.00979
6.04469
4.9536
5.66654
1.21186
1.59724
3.1278
5.64038
2.0901
2.16868
8.18927
1.9464
4.63056
5.98086
11.4342
6.02409
7.66827
4.42132
13.6513
8.90242
21.9507
3.55487
4.74315
4.5658
9.09416
7.58144
5.0047
5.73631
1.69647
9.53313
7.6916
8.31443
7.46887
2.97776
1.49339
4.65709
6.03695
5.10858
6.29289
4.45541
15.4795
2.15589
5.6216
0.95237
2.77714
2.47544
3.42886
4.12451
2.09771
3.71903
3.83836
4.92381
2.89958
3.92979
6.33699
5.30928
2.95081
11.5943
6.28295
4.88162
1.76079
1.47438
8.08029
11.3647
2.87681
10.5399
4.71601
8.83082
1.89576
5.08342
5.26084
5.28387
6.19064
7.2588
2.87202
5.44128
4.13398
1.41694
3.02557
8.12015
1.64408
17.1911
2.61529
4.16968
2.25465
3.37423
5.64005
4.29029
5.05469
0.905921
3.03043
19.2246
3.80471
2.30023
7.03667
3.58291
8.02175
3.22832
3.95178
2.77756
7.80077
5.78963
5.69415
3.5318
6.87361
7.26899
2.69876
3.83351
15.2037
4.68937
4.46444
4.85588
5.57669
4.42498
2.90145
8.67404
5.44691
3.21996
4.35135
4.86244
8.1386
21.7543
3.54734
2.39175
3.2393
4.76756
2.98661
2.48867
4.09665
12.2546
2.15919
4.53734
26.641
2.92005
4.63571
11.2806
1.87082
9.60635
6.155
4.44564
4.87071
3.23279
25.3562
11.1399
3.95719
0.908511
8.09895
6.11222
4.0909
6.01363
6.22783
1.81925
4.68873
1.83898
4.42014
7.86834
4.81024
3.16304
5.52022
3.92328
3.929
1.23326
4.80645
7.94019
3.41562
3.65642
3.02467
3.7875
6.16364
3.40611
4.99644
1.00411
3.27159
2.02081
9.54204
6.96886
0.884183
1.36627
1.11232
2.65495
1.12047
13.8001
4.39074
1.75842
11.8499
7.81295
5.76109
4.08564
4.05003
3.4198
2.96066
2.25588
3.58561
6.6766
4.71127
1.91337
3.85953
1.3736
8.70479
4.59424
11.148
5.58111
6.3865
5.25148
8.24473
4.78047
8.77382
1.08721
6.43462
8.06452
2.25322
3.89948
1.4427
5.72465
8.55125
3.86376
1.39505
7.19079
7.71972
4.32007
9.31024
5.12747
13.6863
4.03493
8.06914
1.65809
3.80324
9.08483
8.34355
4.96313
8.02374
2.56548
2.59935
5.73097
1.78023
10.34
14.1376
1.43896
3.85633
9.78243
5.45169
4.07651
10.1302
2.83888
13.1958
4.99687
1.84278
4.18554
5.58618
6.03728
3.42029
6.28734
13.3054
7.17762
0.977551
4.8907
5.83915
13.4475
21.931
1.96097
11.3318
1.59777
2.34702
10.5238
4.93657
5.34497
5.13415
3.17285
5.66696
4.88126
3.78117
5.59507
1.75877
7.08244
7.31056
7.1131
3.78998
3.99365
12.906
1.44727
6.0246
10.5988
1.61374
2.33904
2.76166
2.44796
5.70621
13.4135
4.55092
7.00743
17.3301
5.74328
5.31848
0.904365
16.1033
4.3582
0.944509
6.95572
9.37411
15.1047
9.51231
9.29748
4.20943
9.84507
1.98299
1.02722
4.12223
9.64509
6.51497
2.27421
3.53925
6.8057
5.43211
3.79235
10.0633
4.91389
3.04937
9.54024
2.92605
24.0446
7.748
4.11955
13.1897
3.05569
3.63372
3.08867
1.19891
10.8045
5.1533
2.88279
6.13913
14.6101
2.37591
2.3751
4.1857
1.74193
9.21334
5.77077
44.2421
5.69619
2.98565
2.51721
1.1529
11.0874
2.21061
3.4794
3.67823
3.98667
6.51067
5.50065
5.69327
7.70579
6.24901
7.4205
3.5457
3.92106
5.6014
5.66182
5.18879
2.93193
2.83589
3.83076
4.62515
3.32401
9.80785
8.21068
5.35647
11.4799
3.091
7.46452
10.1197
16.3979
3.90945
1.3149
1.50576
8.26108
10.5179
5.13852
4.27384
2.16591
3.35549
0.867287
7.69735
2.18937
9.39765
4.03724
6.27381
15.0136
9.40172
8.97349
1.34941
1.97326
3.27183
1.37866
1.30508
4.98726
3.5862
9.11872
3.92097
2.88255
2.07565
5.04696
5.50422
10.4081
2.87988
2.40888
8.00531
3.52623
11.7021
11.6059
3.5783
2.94266
23.2823
1.60309
4.77953
3.23968
3.1777
2.26087
9.1143
14.2409
1.09625
3.52376
5.23068
14.0925
3.50537
10.0156
4.44813
2.3202
3.63475
5.66049
7.47088
2.96058
4.86513
11.15
12.0172
2.25985
8.33158
6.82457
2.51867
4.69702
4.02565
7.40982
5.7817
5.35548
7.65581
6.34169
3.92216
2.1133
2.89385
7.49762
2.07339
3.55975
2.67913
8.64507
9.60674
2.15774
13.9253
4.04815
5.16301
21.5382
3.52453
14.9076
7.41975
3.6153
7.09954
4.83416
4.00568
5.45237
5.56518
2.47234
8.95405
6.28089
9.96465
11.096
8.42604
15.2317
2.23423
2.22775
2.53756
4.59105
10.7976
7.5665
3.90839
15.1289
6.90761
3.49347
8.56676
11.7675
14.8116
2.65946
3.92379
5.73134
5.70189
5.39013
4.71907
3.64401
5.62872
6.04322
3.8072
6.69478
14.5233
7.1628
8.43249
7.85417
2.14108
7.68579
3.31713
1.37456
2.6763
1.42438
6.15334
3.98406
5.42071
3.24108
4.44331
0.623259
6.85871
4.06686
3.61094
34.8791
8.66699
3.87266
4.96679
10.0583
7.44367
3.30026
6.07205
2.49069
5.27521
5.19238
2.62462
2.46657
10.8512
2.30161
2.72417
5.80417
4.11032
12.058
2.55227
5.55094
5.9173
2.58238
5.91424
3.16274
4.88972
10.8192
6.9163
4.79347
5.219
2.16683
1.47925
3.22898
3.70657
5.1848
0.432206
3.03505
1.37377
18.7395
14.5509
14.8333
13.4539
12.7667
2.00797
7.52947
4.48568
2.13817
6.73021
2.37231
5.35654
10.0578
7.88272
1.64432
7.26315
10.7825
20.9488
1.96446
7.1281
2.60547
1.55329
5.41484
5.96291
2.9542
2.98324
15.4255
7.00649
4.26349
1.85962
8.38645
4.52752
6.14234
2.2415
7.35546
7.38424
1.80126
3.32976
5.88763
5.35332
13.711
3.08099
5.98464
7.17571
7.64948
18.3479
5.78646
6.1484
8.1742
2.67573
6.59873
3.02105
3.788
5.81475
13.2709
8.0639
1.90119
6.20545
6.58453
4.43301
3.53868
1.45961
4.84912
2.62318
1.94449
3.05457
6.26271
5.61672
4.16364
4.90064
5.41134
3.66083
6.56766
1.94028
10.8098
2.80666
3.08051
7.92785
1.58545
18.4734
3.08573
3.2035
18.3564
6.06915
1.35165
8.06108
12.8098
3.2509
5.95744
9.18462
16.6604
3.11854
2.45678
3.41471
4.54139
2.2696
2.87043
3.00436
5.44313
5.72028
9.35344
5.32087
1.51325
2.33927
1.77204
8.51647
3.54165
6.83392
25.954
4.5418
6.87703
15.5534
2.90228
1.72514
9.06372
6.669
4.43076
7.99239
2.87601
3.76358
3.95843
4.48109
4.33687
9.56963
10.111
2.13988
2.19998
9.69788
3.37475
4.00256
6.19624
3.69389
5.27727
5.98009
1.94519
6.31124
9.68658
10.7184
1.12201
5.55664
5.25631
4.72726
11.6139
3.53843
3.12683
2.53405
4.52588
4.20021
8.68023
6.19802
25.6798
23.8786
10.0238
6.36719
7.58425
9.74159
5.23901
4.11071
7.47793
7.76829
7.36186
6.16242
16.8124
7.52117
6.79598
3.74475
7.74034
10.6142
9.29065
4.73032
6.86265
4.74311
1.35736
6.50745
3.45724
7.09957
4.18197
7.27952
1.7828
6.6289
2.4993
2.13572
3.80689
11.7315
13.0043
2.57626
4.40879
17.542
5.65208
6.65723
8.52436
9.81211
4.04429
1.69489
3.02748
2.52612
4.53485
19.881
2.51132
19.259
7.79118
12.2416
10.8575
4.61019
8.1766
3.24852
3.69762
12.9835
10.1183
2.33992
2.89385
2.16746
6.75656
9.56849
4.55863
4.09579
1.71223
6.66483
4.29635
1.39627
10.2244
3.6572
8.94945
6.89073
2.13255
7.49944
4.24821
3.96896
2.53211
3.49908
3.60778
6.85246
3.66256
4.66
2.72039
5.09075
0.91049
0.572001
2.38206
5.01363
1.96521
3.64453
3.24227
2.62707
1.58048
3.38357
4.07569
9.64924
3.75397
12.2463
4.36714
20.1514
7.26747
2.03965
3.23396
12.0612
3.31821
3.76816
2.94988
1.58809
10.3372
7.76765
2.54735
3.19439
3.5663
5.35486
4.74042
6.38191
5.51544
2.27568
10.2576
3.70724
8.06281
6.84447
5.66836
3.48626
3.61735
3.92332
4.66226
6.81481
1.99141
6.57963
6.34714
11.6192
6.71983
6.12346
3.53537
2.51348
2.61913
2.2131
1.84675
1.69109
3.8735
10.663
3.35614
5.18436
12.3044
2.65587
4.52216
7.83989
2.86054
4.21359
3.09909
3.14166
2.23525
2.97747
3.96556
5.55554
8.94749
4.42659
2.80517
4.86178
12.5349
4.69869
17.8421
6.83022
8.27512
0.878136
5.37571
4.48872
2.25344
3.08852
5.31046
12.527
2.81684
4.15018
2.94831
2.54954
4.10258
4.20449
6.40034
9.33747
9.2792
1.96104
3.5194
4.27782
5.21069
2.89306
5.67636
3.001
0.646776
6.85354
3.0653
5.37313
5.9258
5.62663
6.27139
1.25985
10.8197
6.47238
6.83811
3.04199
9.64688
2.63107
8.1577
4.2733
0.900114
4.79883
3.03753
20.8589
7.75713
1.139
6.92948
4.46645
7.90356
10.8158
6.41461
4.03651
10.0311
3.78803
7.89225
1.37323
4.98559
3.17743
3.59534
2.66683
5.92423
2.17759
1.32687
3.4605
0.996188
2.17014
3.38535
6.62907
5.39399
11.9708
0.716002
2.78917
9.53677
13.1369
6.30322
4.25269
10.7736
2.85415
14.4782
7.8764
8.12889
3.53974
2.03872
7.52267
4.2051
7.492
4.78919
2.52244
5.32597
5.26402
3.3327
6.99996
4.65646
7.74242
2.96839
2.21397
5.40448
2.14336
2.70958
2.24906
8.20552
1.31164
2.42385
4.14545
2.59699
3.53442
5.88352
3.33987
7.18633
5.26813
2.55169
5.24772
6.63255
1.05263
2.30683
7.76392
3.70559
2.08744
2.72962
3.40583
8.28503
2.22093
5.96056
8.76659
6.32601
0.581048
6.35874
14.2863
5.99436
8.53016
6.33761
5.77464
2.6657
15.8896
6.46637
10.3367
3.43458
4.78937
8.20692
1.97098
10.0935
6.08812
5.07751
6.47108
7.31835
7.96855
4.50619
6.78192
1.79854
4.26932
2.50912
5.32146
1.08781
5.56316
6.29352
4.01324
3.63786
1.81479
4.62417
5.57319
1.78517
3.55599
3.2635
1.93328
11.1865
4.53908
7.68408
4.65411
10.9632
4.0856
9.28749
2.16275
10.2751
19.9859
4.0476
2.12615
4.51662
4.23768
1.50297
2.84367
1.71202
6.81024
6.20423
2.18871
5.10814
4.81838
7.84342
4.4989
16.1194
5.23421
1.7011
1.17758
2.41896
3.31864
3.14916
6.73919
4.72626
2.63666
3.49311
2.28655
1.92733
2.2722
6.75364
16.2764
4.77851
0.992421
3.66529
1.59016
17.1555
3.38289
4.17851
1.63527
9.0017
4.06347
5.89022
5.42474
5.41172
6.62581
6.33756
5.03632
25.0072
6.04342
3.44618
9.1918
4.47952
3.97435
7.63103
8.13649
9.39876
5.24275
2.5773
4.30705
2.65058
8.97359
3.65331
7.37203
10.5243
9.00065
6.80824
4.1218
2.3037
6.24226
13.537
3.43168
13.9616
1.55635
5.38482
2.38152
7.72364
5.46898
4.8238
2.95272
10.0351
2.63604
1.46291
2.74724
1.86551
6.77853
7.9507
7.30771
3.64541
6.66091
5.13571
15.5514
13.7475
5.41064
8.8391
1.53134
4.26618
7.2118
1.37634
31.8226
0.741948
7.15912
1.03731
2.45378
2.48062
8.71336
2.34178
5.18488
4.85187
8.67057
2.94637
3.75381
2.96751
3.72575
5.11556
3.46831
13.8664
4.16196
8.29969
5.81847
9.59564
3.55161
4.96711
3.11804
2.76871
18.26
3.67513
5.69218
3.72634
7.32498
5.16707
1.66662
7.75523
1.14786
15.5825
3.22485
6.57645
5.76143
12.3412
9.50668
2.28292
9.38553
4.67206
2.53285
3.88062
4.19343
9.54526
4.86089
5.12654
5.89234
2.33162
5.99106
7.71873
10.7666
2.61632
2.19911
11.7026
4.89872
6.69952
5.45067
7.56997
6.4241
1.5943
7.25901
3.91192
6.29118
12.1071
5.74201
2.22407
12.5925
7.17274
11.5641
5.42331
3.2854
5.42702
3.36059
4.71306
8.32633
7.02749
4.06841
1.93437
11.3174
2.56936
5.14314
2.4563
3.24068
2.65807
1.27857
3.65008
4.86233
5.04015
7.11731
9.40688
7.98647
11.4621
2.21716
1.79998
1.68997
7.57771
7.04981
4.42748
2.31564
7.94083
11.9623
6.00717
2.23109
13.7508
3.20413
5.67014
1.98463
1.61906
4.51931
20.1317
6.92489
7.47716
2.63845
9.06457
4.97694
5.61364
2.35032
9.12605
8.42166
2.44653
4.6487
9.90428
5.43504
2.2134
3.00182
12.4623
3.66869
2.702
5.51964
1.81192
2.91953
1.58975
8.89826
3.46248
3.55232
2.08637
5.61255
1.63335
3.05808
15.5514
4.64913
7.13109
7.43481
2.48456
6.21631
3.05439
5.71175
6.63312
5.31568
7.35852
5.54747
4.7501
11.6788
3.96625
5.07196
4.81352
4.053
3.38463
9.67608
3.01531
8.34622
14.2499
3.26716
3.31528
2.74481
2.17756
5.1898
4.98677
8.22616
2.24104
6.97272
2.83205
3.16781
0.992873
4.49223
2.36088
3.1676
1.43284
0.956109
10.5045
19.4498
5.88648
14.9308
14.5867
5.26803
4.71928
5.44504
13.0716
1.52599
2.36031
8.6352
1.53879
10.6138
5.44287
10.6068
4.95062
12.0142
5.27217
2.86994
4.60311
2.97719
5.25297
2.30491
6.32512
12.4
0.840735
2.33969
4.17329
3.27336
5.55085
4.13381
7.08493
5.60648
5.51309
4.11188
3.30692
10.5536
4.17617
2.90306
10.9299
4.88698
3.83117
4.9247
12.6507
3.57746
5.64753
1.76653
4.08018
6.15512
1.72875
4.42622
5.23593
5.91877
7.10754
6.90148
5.47085
2.73297
2.44426
3.38899
4.88979
5.60311
2.84982
3.08994
8.95149
23.3687
7.56118
3.16267
6.70376
5.24462
6.7257
2.71004
5.0923
2.60862
5.75051
22.6158
1.82957
3.31375
3.57253
4.86564
12.5551
1.46234
0.443301
3.43292
8.16727
13.5364
2.2003
6.11924
2.8902
9.01453
5.34875
14.5025
2.57599
3.02507
2.35751
3.82784
1.14691
7.64815
3.27215
3.29102
5.91675
1.96548
3.77676
8.23864
8.44856
4.06434
3.86759
4.14937
8.04474
2.8054
3.73578
4.72021
3.93079
2.9211
8.48565
5.03708
6.30598
12.6774
5.72877
1.04348
11.7846
7.43698
10.7069
3.56974
1.7824
5.91046
2.88793
11.7665
3.45955
6.59037
5.04127
5.0995
1.47415
4.96364
1.8153
5.62123
8.86396
2.13773
4.60825
0.951631
4.25248
15.5163
3.19528
2.72082
5.1534
6.70879
4.06799
5.57826
3.17739
3.93342
5.67293
5.14598
15.673
2.36347
0.635666
2.89684
12.0466
6.43907
4.79974
7.39132
1.98784
4.69557
5.49518
2.60289
3.49972
1.66328
2.19842
8.20398
2.76988
7.32969
3.40016
2.04784
6.25631
3.17351
6.01831
8.04772
2.94226
1.97638
5.82345
2.93338
5.8244
6.73879
4.65766
2.86008
9.115
5.94878
14.722
11.6822
11.5883
7.38896
2.26434
25.9883
7.70803
3.60853
2.96891
3.13258
5.99782
4.0879
10.7402
8.74749
2.84572
10.7769
8.40375
4.70938
5.69925
4.10201
12.6757
3.09755
1.84332
8.11087
7.9114
1.01226
4.01496
2.80906
3.82911
3.27836
6.65461
3.92698
5.08024
8.39416
3.66472
7.88144
7.6315
10.4177
1.99588
6.73046
7.1532
7.2191
10.9525
1.6321
2.93384
2.37204
7.39855
5.79346
3.26687
7.84468
5.24369
2.0007
4.78851
2.41123
1.23093
15.1494
3.1387
5.70065
5.86004
3.21109
4.40835
7.64852
4.81881
1.66276
16.2073
5.82857
8.73597
2.59637
9.15812
3.65609
9.87345
7.68808
2.61633
2.53763
5.18239
9.14228
2.03656
3.44575
10.0292
4.24647
3.33832
3.98933
10.3362
3.78487
7.11546
4.19626
4.0953
5.77251
6.33445
3.40732
10.2651
8.53474
4.03115
3.5718
1.55864
1.92717
2.04646
3.13981
14.6121
3.7358
2.98126
1.34872
3.59627
5.58791
2.13291
3.80891
3.40325
8.57864
3.84376
4.21901
15.4478
10.1145
3.72918
5.76673
1.49834
15.3128
2.38511
8.53651
9.80327
3.91214
2.9909
1.82989
10.2542
8.24253
4.86163
8.6401
7.07393
1.93743
2.86105
5.76719
5.23831
9.52729
3.12915
2.03992
5.1507
4.17778
7.10992
1.29056
3.36314
5.9903
6.63918
2.22042
2.63309
3.89585
10.1296
15.9733
6.08417
11.2885
7.28275
1.72711
11.0389
4.9595
1.75749
8.17903
5.209
3.45784
4.95122
24.1566
5.56774
7.36376
5.55369
5.16659
3.99727
3.46779
9.67382
10.5322
1.71886
1.25734
2.80956
21.8381
4.109
6.57084
4.77852
6.18874
7.67219
7.51421
9.73252
4.36151
6.12026
6.66677
8.0851
8.43706
5.81108
7.88957
12.8337
6.39371
1.87163
2.54549
11.8092
5.69172
5.04302
4.07633
6.09063
10.2513
2.15675
4.23063
6.60535
20.0313
3.80506
12.9904
4.1198
14.664
2.80714
4.4387
15.4534
5.0149
5.42848
4.50787
7.27263
4.4349
3.9957
11.8868
0.879616
21.0017
9.41282
12.1459
3.52066
4.14969
2.1281
1.37052
6.00202
4.27163
10.2
1.83003
9.48672
5.41451
2.05647
4.47691
2.82206
3.49629
1.35844
3.59209
4.87152
23.75
6.11934
8.21077
6.57322
3.43627
11.7962
1.99233
1.58253
8.83853
4.53832
10.2685
10.7591
2.3171
4.02737
7.4442
2.22283
2.80518
4.83704
3.66432
8.443
7.17269
13.142
16.2444
3.58853
11.3378
7.67323
4.43203
1.85131
9.10502
6.25174
4.67931
1.44274
12.7801
4.53992
3.52553
5.15593
5.79504
6.88192
5.35233
13.0546
3.24357
5.1646
12.9032
5.12439
5.04828
3.70815
2.97217
3.75354
6.67333
3.3496
9.35219
2.65224
4.85011
7.40825
5.57192
3.62407
4.63936
4.83432
2.82012
8.90196
1.79971
4.81095
2.2137
4.25231
1.88592
4.23613
4.33426
3.17912
9.42
2.54751
7.91396
4.02776
1.09159
5.06193
8.47422
2.78396
2.51258
10.1156
3.8996
4.80971
3.87609
2.39625
4.85488
3.42291
7.24675
2.38024
2.63819
9.72565
2.61289
8.39743
2.2888
2.93479
6.63974
4.82645
6.79831
4.04805
17.8136
4.73016
6.23964
6.89737
2.40816
9.59651
6.88374
4.64009
7.60803
1.86978
4.3268
3.27283
5.5783
10.538
8.62733
2.36158
5.5364
7.53235
4.28252
10.1576
5.51045
3.52725
3.439
12.7708
6.1581
7.06434
8.14959
2.19176
8.5668
8.07774
6.6919
0.890028
7.19398
1.23752
7.20497
3.67718
5.47396
9.23789
11.5619
2.815
5.82975
3.36545
1.36172
6.6153
5.33252
4.19661
6.52765
5.21538
4.50904
10.7672
2.04362
3.73851
3.49922
9.12014
5.88845
5.1326
3.10545
3.05095
16.3608
7.51681
17.3826
5.67518
6.36529
5.53616
3.54704
3.68127
1.81103
8.90202
2.19287
7.06003
6.52498
2.22762
1.38971
6.66589
10.371
8.62467
8.89146
14.7825
9.09337
1.56932
2.42571
13.5465
6.09026
14.0648
2.56963
16.857
7.17583
9.09243
5.00979
2.86225
2.52015
9.47446
4.57376
6.1121
9.01676
2.74124
2.47047
5.60948
8.0004
5.19764
2.08582
4.0648
5.00733
9.05322
2.0146
2.88775
4.18739
4.24542
16.3846
4.40184
5.50569
7.15199
14.8251
2.42517
6.12023
7.95939
2.30983
11.1523
17.6337
13.7922
3.10951
5.66309
5.21413
4.07786
9.7987
3.32556
8.43769
5.81851
5.29331
8.42215
3.96017
13.7226
13.8769
7.38685
4.38495
3.8887
6.76161
4.00268
3.2687
4.23974
5.92378
1.87203
18.5898
2.16627
4.22437
8.33188
10.0083
7.89255
9.92336
5.72331
1.65576
3.44098
6.93902
1.29747
3.0487
10.4707
7.53472
4.03697
2.40994
5.3065
3.15002
5.37045
7.2781
3.1125
3.88625
1.06377
1.67694
2.46687
3.6296
8.55912
1.19802
4.0455
2.55823
0.994278
3.58844
3.10004
7.11831
1.50775
3.11387
2.85286
24.167
17.5494
8.58816
3.43336
4.5869
4.36675
8.72019
12.5241
0.70984
4.79653
2.51012
9.85605
3.79182
2.0699
2.85669
3.49942
1.79572
3.56096
6.07874
3.27186
5.46605
3.60093
3.83823
4.38533
3.83026
2.49831
2.41557
3.1225
6.85524
4.25237
9.97475
2.91602
7.93172
4.21131
2.12511
3.53361
3.46806
3.83166
2.72325
1.8814
9.19412
1.92153
2.66106
4.53234
2.9421
3.62312
5.57465
8.36897
5.19924
5.26585
5.81613
4.00672
0.832452
2.1073
2.08372
2.18951
4.32043
4.54524
11.6204
2.31527
2.91096
4.07788
0.808331
5.74731
4.99044
7.56204
2.87629
4.70815
3.23295
5.26788
7.03742
3.40825
4.81846
1.30533
7.57838
15.781
3.13013
4.91757
1.26308
11.3158
2.94299
2.3666
1.84919
17.7307
2.2351
4.27141
7.73
3.8343
6.04816
3.79129
1.99805
6.02833
5.69935
2.69661
9.65001
0.840131
9.34112
8.54666
2.57312
5.16024
8.05451
6.38551
5.2605
2.80946
4.77175
1.98317
3.76326
1.7919
2.26017
3.87146
1.8493
7.79861
11.3726
9.02389
11.864
10.1311
8.21799
8.98086
6.99119
3.28233
3.4412
8.7758
5.90926
0.604976
3.01377
4.75292
4.6138
1.22037
4.55584
22.3329
8.63881
5.08005
10.1837
7.19578
2.80494
13.0436
2.48407
5.79391
5.05969
3.90829
4.39948
3.92745
1.66072
2.24665
6.19282
5.48594
4.8838
11.1141
3.53232
3.43283
1.59743
20.9953
2.62519
3.67865
4.03312
3.49604
3.57551
1.75071
3.83976
5.62692
4.82871
8.74943
12.2649
3.47267
3.20982
3.14977
4.86997
1.86456
8.90266
3.48072
8.55898
4.54276
2.57229
3.4104
5.18779
4.37244
2.60657
2.47243
3.10734
3.01658
1.8094
3.44142
5.70683
9.33264
9.80441
4.8662
4.96533
6.7657
2.48479
3.50971
5.13612
6.90204
2.22754
7.73988
6.43932
4.04099
9.7852
11.0915
4.63241
2.73985
9.00961
8.10664
9.78142
2.95199
8.14499
2.79388
3.06156
12.0575
1.46661
4.40887
8.22256
4.01113
4.26428
1.58416
19.9366
6.78318
6.66219
9.22401
3.56891
2.91745
3.33432
12.8978
6.65762
3.76774
7.79879
3.80711
3.8605
2.52525
3.09515
5.14201
2.21376
3.0041
8.58612
2.67237
2.00342
7.85855
9.78641
10.9199
5.54031
1.74468
10.6243
1.76826
2.76023
1.51585
2.1351
1.6776
10.3215
6.34543
4.52005
3.02529
6.55266
4.13788
4.45838
4.01102
4.70077
10.6768
8.73586
15.8296
5.60898
1.94375
6.7461
2.02434
10.5182
7.84308
7.27014
5.99467
12.8249
2.85409
2.05099
9.37742
2.46438
2.01196
3.93485
1.60156
1.27045
0.904532
2.8424
11.3443
10.8602
2.52113
5.41582
11.5001
2.39274
4.64965
5.21901
9.8777
5.32128
4.81226
16.1313
3.82048
4.95623
2.23511
3.66832
7.0374
7.39935
3.39924
1.87128
7.89083
6.53193
5.1253
3.86136
9.88387
5.17976
5.03101
9.68693
6.48429
5.76035
9.84935
18.2246
2.66204
2.73521
4.17723
5.26526
14.0911
6.23787
3.11754
1.55346
7.8041
6.94579
2.25619
7.54638
2.82139
11.8991
15.6406
5.6297
6.40013
2.12998
5.38244
8.69574
3.14601
2.49678
1.51649
6.56523
3.87793
12.549
1.72
3.77877
7.03338
3.70893
2.97898
7.55481
2.47597
5.66137
20.3816
10.5555
3.6397
1.38188
7.46467
6.41088
3.3112
4.26183
1.74308
1.93924
5.0272
9.33476
4.11781
6.74951
2.62467
4.09617
2.15527
8.2512
4.81988
4.34921
6.70036
3.61197
1.90087
3.59826
2.28473
4.56527
3.30328
8.18019
1.00796
5.23205
6.63423
16.0146
2.13851
6.99764
4.87609
8.11313
4.01478
14.3519
3.37884
6.0514
3.62097
6.50053
2.82361
10.5101
15.8465
25.3458
7.46698
4.26565
5.38727
13.0295
1.79177
13.1498
2.09655
12.8156
5.84962
2.33901
2.63216
1.38375
6.58868
3.07258
5.54154
6.67289
9.21038
2.97624
1.84204
5.69679
11.4821
6.89882
1.08219
2.61339
5.00079
3.52028
9.8337
2.12146
7.11702
9.95698
0.634432
5.81771
2.48669
13.2535
9.75472
6.84333
1.18887
5.98249
2.39567
3.24779
4.78239
7.72397
5.85717
3.83911
10.0233
1.52565
1.99751
3.07074
10.1817
8.61205
3.19665
4.69705
9.1486
4.72677
3.52989
2.00905
4.92328
4.08511
4.32174
1.36429
9.27816
3.84752
10.6494
5.32048
14.1945
2.70047
7.55445
1.3306
2.16147
9.32424
13.4146
3.43874
4.77504
9.25897
2.28744
4.24672
7.97525
1.47505
4.87161
4.76704
7.31552
1.09568
12.5515
5.47433
4.11804
9.29636
1.66943
3.84991
10.0538
10.0631
10.6911
12.0019
4.97479
10.7138
2.50388
2.91276
4.96389
3.75501
2.75091
8.64571
9.70339
9.31372
2.57658
6.1823
2.03324
5.01487
4.07174
3.63549
8.34842
2.10474
5.98673
3.50114
3.21892
7.59004
11.3603
2.80578
4.08234
4.3705
5.96568
13.6257
4.52685
9.92222
1.7611
4.03018
2.08602
5.88274
5.13363
10.0698
9.22981
3.93653
4.81699
3.03093
6.42379
4.10392
4.76564
6.56875
8.96788
2.34557
5.04681
3.39867
1.60648
1.63658
7.01163
1.41264
2.59846
1.57897
1.06014
4.75688
2.57976
11.316
3.76008
3.90368
5.4202
6.19852
15.8423
4.19836
1.00124
4.94064
4.26086
2.95317
2.72174
2.79834
20.7283
1.63951
9.41719
6.48596
4.30276
3.17274
6.06378
2.6993
2.55392
6.4593
1.89666
1.8551
2.94351
1.38715
9.13094
9.25465
6.84427
5.80335
5.75784
4.00967
5.50463
1.00241
4.87944
3.09139
3.76584
4.3636
1.15176
4.44602
1.65782
2.91491
6.08507
7.09301
3.73312
3.5909
4.24177
10.4596
14.1948
12.0468
12.2644
4.87852
2.76837
1.51019
3.35258
3.54532
12.6336
5.69006
10.749
8.36464
4.31357
1.74664
4.98518
17.2145
4.08551
2.80578
11.2139
2.47855
5.70789
5.19795
3.81009
3.10352
10.4123
8.29719
2.7293
1.14352
2.85843
6.56118
5.26653
9.08932
3.27476
9.04908
2.31439
5.7332
2.34913
2.21298
3.64226
3.61831
4.8214
5.62831
7.86426
4.88026
4.42657
3.48514
2.92001
8.61548
3.39683
4.62941
2.00201
3.62365
6.84983
6.00733
5.5518
5.7443
3.07943
5.01257
24.4161
4.31171
5.40595
6.36039
2.48913
1.90437
2.5561
4.76724
2.32698
8.31942
5.8894
3.89862
6.44698
8.27333
6.20382
3.08354
8.51232
2.69903
18.8733
5.56797
3.55133
4.55806
4.0447
8.99771
11.0333
1.35214
10.8313
3.49951
2.94703
5.05541
9.76171
9.68669
6.37934
1.98486
4.01277
8.75377
11.1677
8.57357
3.14573
5.29014
3.52092
8.79887
4.42546
3.75774
3.02732
7.77674
5.55245
3.59328
3.99319
2.35726
4.44934
1.28893
4.20964
6.24469
0.735313
2.35039
12.9268
2.03197
4.37832
10.7889
11.0616
13.8413
4.76919
6.28255
10.1807
3.36278
9.90847
3.80269
2.45724
4.5742
11.5786
5.45624
1.85589
4.59098
4.35128
2.74136
4.18947
4.10604
0.913355
4.19976
6.96715
2.01217
9.84987
7.76576
2.43913
5.35579
6.03593
7.85146
14.5493
2.7594
5.21115
17.6952
4.25249
0.999753
1.9864
15.7825
2.71583
3.90754
17.4447
1.26976
3.15785
4.81026
5.79617
2.06894
2.4544
4.60455
4.95871
2.27042
2.32233
9.2967
1.64955
9.72181
3.88014
4.99591
3.94986
4.22786
3.11868
4.73212
3.35872
2.56595
6.73144
7.57957
2.85663
2.3477
3.67435
3.10812
7.994
7.51
1.90147
3.68548
2.01983
5.91625
4.76752
3.26916
5.55504
1.49575
4.49377
13.623
2.66347
6.72801
7.46768
4.44854
2.57375
1.76795
3.42684
5.8771
3.8236
4.30914
6.04437
7.0178
4.75839
3.88465
8.41376
13.0858
14.3193
13.6083
7.69828
6.84847
3.97175
4.91292
3.43883
4.00495
7.83957
1.62686
10.9117
5.69291
5.86367
5.11518
13.0374
3.64104
8.62598
7.3441
1.19658
4.61517
1.78304
7.48274
5.30134
6.31611
3.64715
1.65997
10.3526
4.45427
7.26744
3.69338
6.20223
15.078
2.22171
3.01007
11.1565
5.4996
3.45738
16.4623
2.37626
5.18143
2.8266
4.12383
1.82594
2.66122
7.77637