588.532
122.305
337.837
520.657
953.71
420.375
240.414
141.163
321.281
616.03
290.651
94.0978
257.461
466.556
717.863
108.762
191.76
147.734
286.776
261.955
107.622
200.589
92.0622
328.561
96.1197
361.94
229.579
198.168
234.356
169.417
118.727
245.455
826.115
234.143
133.998
74.8731
103.303
200.92
155.17
677.551
212.345
282.558
206.103
121.384
148.717
279.07
136.169
184.507
277.382
236.52
418.293
289.107
386.798
208.392
253.604
375.992
124.81
161.984
2230.11
116.802
493.473
529.085
104.644
819.93
262.552
645.141
295.074
297.142
296.217
1048.09
544.485
294.55
100.318
424.763
381.201
755.004
458.919
368.152
207.42
591.693
556.983
140.792
67.371
174.648
126.832
181.767
277.235
644.762
92.0641
124.65
358.629
607.374
177.341
490
123.844
117.847
244.166
412.805
101.476
84.9418
194.361
171.739
92.1437
254.422
336.245
405.669
129.183
960.419
107.293
135.002
154.174
364.509
119.897
153.587
345.715
132.86
253.031
128.811
84.2568
155.255
359.192
108.689
124.323
170.146
117.817
319.325
290.571
368.333
92.0058
210.234
146.505
79.3719
219.478
465.517
170.37
146.605
1316.66
139.106
133.427
447.232
726.086
637.386
496.167
360.118
270.193
111.853
718.733
189.257
181.269
156.134
367.062
434.63
140.458
111.544
171.537
65.0522
514.099
535.329
117.802
69.6512
287.988
156.719
496.189
112.448
69.0186
424.748
108.771
469.841
104.854
719.93
596.62
130.267
513.61
193.71
225.119
1045.8
92.7518
1062.52
118.417
123.548
186.493
299.563
222.204
296.129
165.762
82.9316
446.371
133.118
540.035
141.467
40.7201
428.859
289.602
655.122
379.591
225.345
515.627
175.452
168.24
711.031
171.788
139.936
274.751
117.932
54.9157
214.398
530.714
92.2499
85.6951
215.063
89.9016
918.224
658.601
292.972
71.758
262.08
398.787
106.804
88.1116
59.2762
68.2367
122.59
545.917
452.722
134.788
104.699
883.885
92.4177
358.332
283.056
343.302
428.637
198.891
519.471
265.236
131.715
191.294
277.678
397.575
142.741
554.12
328.144
183.196
167.224
177.777
270.963
265.319
90.4017
137.115
249.284
236.993
405.779
717.774
82.0556
348.454
70.666
569.575
348.796
346.78
66.2565
88.6725
689.135
558.562
162.579
1309.35
363.352
88.2746
65.5185
51.5389
123.544
291.832
204.932
201.178
455.111
73.1091
290.842
368.573
80.1747
167.201
133.23
217.595
810.609
151.042
218.759
254.301
80.9288
82.0312
231.668
253.045
31.5758
290.2
304.889
336.649
171.381
349.77
513.338
537.553
580.609
374.205
492.793
382.319
217.268
254.181
65.6991
212.643
67.8278
199.364
124.435
246.845
225.937
418.301
128.625
887.935
308.568
614.138
293.707
41.7193
79.6637
189.978
823.213
103.768
291.842
254.665
896.052
637.772
135.141
367.571
152.249
254.474
216.719
76.5596
181.694
57.7636
126.58
279.421
426.636
352.558
138.187
292.552
121.128
285.768
642.926
484.964
108.227
51.3736
239.75
45.5369
158.676
116.198
286.076
744.356
146.072
237.237
378.47
304.909
182.094
211.37
94.0992
286.167
355.803
349.032
352.268
574.818
1231.99
420.58
81.9678
204.898
302.771
100.024
498.459
690.618
248.688
582.119
96.2883
96.8357
345.781
102.717
57.6967
418.907
79.697
261.213
367.551
217.069
141.508
58.0977
56.202
1119.53
179.748
83.2398
164.299
949.501
38.1225
116.117
248.33
75.8545
80.5035
396.019
110.602
387.557
143.329
84.3278
516.64
661.931
327.324
187.286
282.798
147.715
389.48
193.323
466.461
70.1292
191.122
158.436
390.893
398.544
104.311
410.845
319.574
372.947
500.433
153.483
70.095
148.663
155.524
138.188
74.209
155.114
151.223
785.125
259.894
395.03
156.811
312.211
434.9
167.203
90.7289
486.371
63.8841
792.724
280.084
144.81
129.088
67.4301
321.299
163.913
396.08
318.264
158.928
237.915
77.397
155.772
140.257
375.463
113.859
441.633
144.366
557.339
273.579
61.9409
573.269
69.0619
928.309
167.268
458.338
140.963
160.251
38.4026
343.807
603.72
251.244
290.432
235.096
64.0551
360.537
59.9316
115.011
426.13
88.3257
185.088
287.47
218.841
554.973
300.314
515.163
147.476
106.756
304.621
1297.63
297.969
374.347
119.571
64.2397
762.993
271.292
231.214
379.387
149.636
492.366
147.395
278.037
375.006
140.825
394.638
235.746
148.238
598.324
496.503
81.8038
552.107
101.883
338.654
62.3111
138.917
289.758
323.091
72.196
725.604
259.581
339.621
248.09
463.94
84.9077
91.629
140.318
406.639
183.783
164.452
601.029
208.533
149.916
282.414
281.78
201.276
100.448
170.964
838.241
269.628
971.189
418.763
347.276
694.22
96.6918
541.083
168.042
178.002
260.141
220.924
744.084
254.828
549.411
235.283
135.539
140.101
302.632
371.707
383.75
88.9611
257.412
72.215
367.709
320.31
129.921
514.583
154.698
160.822
196.478
268.695
134.503
68.9068
810.142
273.603
584.972
278.602
893.854
256.393
404.393
240.132
64.6535
282.49
899.454
767.623
602.076
91.5725
1215.85
749.608
126.39
218.647
295.004
376.95
461.107
451.23
102.723
238.788
202.026
318.097
385.032
389.238
181.294
214.06
395.363
178.433
186.157
65.914
324.562
106.911
537.906
137.554
392.208
168.119
230.178
197.218
340.602
246.996
110.373
193.306
193.293
237.391
159.753
443.24
732.499
306.785
443.642
370.862
205.79
161.347
377.082
623.296
713.185
402.317
46.1764
398.428
355.287
190.375
120.644
472.867
85.6433
280.69
227.359
499.089
728.449
178.373
108.365
217.763
309.084
154.079
99.3146
496.961
661.27
375.315
451.681
235.821
505.363
325.432
335.197
563.651
173.424
611.949
96.0561
250.216
1133.83
368.096
41.8827
1387.17
114.593
154.854
800.856
100.221
75.1634
209.584
1187.93
196.106
223.482
101.883
105.768
148.832
314.455
288.704
464.641
147.969
1041.47
128.579
413.525
131.121
343.403
359.704
297.788
215.772
292.724
587.494
105.34
151.677
489.019
218.681
375.786
844.776
118.205
473.29
720.009
487.43
117.19
917.85
211.581
1430.45
69.9968
78.8727
143.469
453.396
263.192
168.547
364.117
272.908
177.086
162.186
135.674
275.645
251.138
393.391
603.121
294.429
198.925
227.335
1178.18
182.434
224.729
183.442
277.124
99.2953
437.763
276.632
516.449
198.343
147.12
370.332
148.063
168.127
76.6465
110.302
275.985
309.192
485.173
125.336
585.066
161.218
110.727
506.946
177.815
295.427
115.931
252.576
143.815
247.089
401.919
369.99
537.003
269.79
135.744
142.771
466.31
560.302
50.1375
184
176.23
221.837
62.432
257.259
212.446
242.225
139.757
164.835
277.41
218.255
331.495
630.151
599.504
300.677
281.012
305.523
327.251
305.993
684.782
74.6838
141.208
835.534
221.443
629.776
334.155
344.794
515.939
157.852
498.305
207.013
331.812
323.521
345.703
484.332
240.111
276.575
213.075
256.267
408.662
109.942
258.434
253.369
331.325
212.533
527.102
114.521
74.6717
204.166
302.836
217.739
491.325
236.736
73.4495
735.882
306.391
274.671
293.22
568.349
102.785
118.051
852.014
145.621
377.761
105.301
211.418
136.626
758.81
172.558
453.65
201.296
115.134
757.247
172.093
518.034
197.897
85.9673
484.304
29.2081
425.235
58.7848
168.002
250.231
133.65
324.279
73.4516
172.408
335.443
161.409
581.983
190.594
509.159
107.278
56.8405
47.3116
112.015
456.819
563.158
443.421
326.12
305.003
318.719
903.403
108.238
284.101
397.734
385.264
289.604
216.612
131.043
183.007
82.9583
434.881
86.7826
279.314
192.636
61.1404
85.4255
111.781
122.079
408.791
223.551
344.624
179.437
1044.95
95.1176
496.405
754.841
327.486
245.386
567.261
541.558
144.272
184.251
414.637
125.788
66.4186
86.3116
79.064
42.3231
116.85
454.788
544.547
383.705
570.273
190.317
1373.74
72.5762
171.607
94.6095
178.325
333.73
93.5773
177.265
423.014
264.077
191.107
658.682
180.147
301.17
123.163
103.294
170.759
128.494
428.522
93.5737
94.0472
183.313
793.552
187.448
255.869
62.2047
220.362
189.044
150.349
103.979
351.537
89.0606
149.084
483.863
177.358
280.115
213.388
249.989
95.5552
1311
258.391
240.533
204.926
78.7627
101.25
288.608
218.566
169.781
380.926
826.595
236.776
151.225
584.625
398.021
166.635
131.489
566.595
115.768
250.248
582.446
129.873
157.528
475.546
340.924
129.921
254.716
124.029
334.453
401.304
406.145
514.173
72.2935
273.314
326.393
556.204
522.123
511.081
199.028
132.627
282.579
63.7582
214.712
377.956
281.679
58.5206
47.8979
176.325
384.861
412.727
151.067
473.782
304.014
229.86
644.146
127.022
508.148
351.287
192.341
62.006
1622.18
32.3559
146.259
350.143
181.295
335.357
127.904
245.903
207.349
698.181
172.081
434.115
111.63
242.706
89.5326
392.78
118.441
392.063
515.13
55.5751
56.7654
134.927
1059.94
298.358
123.887
566.766
203.063
630.393
339.513
327.537
142.569
326.423
132.247
624.957
340.434
661.401
105.276
294.935
167.712
161.67
372.462
372.393
407.102
52.4725
137.91
220.572
193.134
154.586
60.6939
670.688
240.705
186.595
300.592
511.634
287.796
82.6909
432.851
853.122
315.627
493.419
59.7369
178.289
52.5781
205.089
135.919
345.357
723.199
74.5747
552.462
230.426
293.898
114.736
469.498
72.7646
162.723
935.137
672.195
1022.04
355.303
332.177
441.253
174.563
397.97
79.3181
63.5191
245.597
261.628
263.169
301.489
908.282
222.823
224.228
151.653
462.642
493.691
281.016
164.269
78.9513
320.414
175.648
177.981
275.432
582.714
615.511
145.944
140.367
155.222
453.277
192.673
153.799
107.446
338.188
105.222
83.9383
323.673
176.733
328.965
422.339
214.5
169.691
239.608
619.156
133.597
376.357
287.394
248.695
100.094
238.359
139.736
158.104
466.573
552.243
1018.74
221.64
92.4048
519.316
363.755
511.048
408.339
574.187
425.235
85.2064
131.051
199.448
182.616
122.36
209.744
93.1328
264.941
117.027
381.6
106.17
81.5273
369.612
166.155
137.54
217.997
529.287
971.339
42.8536
142.706
163.174
719.047
610.21
389.486
97.9116
373.666
301.848
130.601
119.51
196.119
1520.06
81.1948
502.57
469.897
93.8699
129.711
70.8314
172.844
235.484
167.947
405.37
656.799
300.868
104.432
614.527
98.3488
369.181
120.776
116.6
274.036
197.215
181.861
175.354
118.693
298.561
125.889
308.052
166.596
120.631
45.0707
356.667
160.967
614.479
226.467
504.514
155.601
414.652
57.6876
99.7854
535.111
188.247
71.0833
731.199
491.155
658.595
192.141
450.016
251.71
74.469
130.214
463.511
372.35
60.7707
120.394
322.227
107.962
121.882
158.807
651.398
377.477
138.107
188.754
194.498
257.536
132.628
256.541
110.87
195.317
339.198
192.494
371.089
67.5395
347.354
322.098
158.756
246.96
401.866
233.091
130.934
105.854
882.63
257.094
55.9558
416.184
401.649
187.16
88.7739
690.432
402.503
632.239
385.63
495.67
149.785
241.733
106.141
245.399
478.574
443.21
614.92
146.287
339.064
373.353
151.947
564.338
168.505
583.46
126.075
92.5881
601.975
451.212
1133.69
512.11
314.006
710.079
79.1132
202.206
68.7864
121.633
110.583
114.666
121.904
172.488
248.687
134.786
187.354
240.436
93.6094
195.13
497.82
551.164
167.726
137.192
414.785
635.745
346.149
247.464
197.151
140.561
86.979
384.417
160.899
263.139
259.237
460.077
349.614
118.919
414.894
181.567
132.311
208.351
735.562
481.946
68.0922
115.55
240.865
100.193
150.222
127.389
343.318
155.984
192.452
172.722
175.522
217.101
108.243
88.4934
130.673
1288.28
802.976
625.887
256.214
116.07
102.819
368.577
140.379
484.249
1192.85
190.486
361.087
92.0393
415.546
512.417
190.597
111.197
90.311
312.015
52.9095
80.801
182.596
812.137
269.5
191.241
232.218
212.822
192.253
475.286
125.045
71.473
483.397
941.301
276.782
282.679
111.257
112.622
88.9211
191.322
131.972
605.733
202.086
352.812
196.044
304.084
566.828
137.646
364.885
78.0755
382.024
339.218
233.415
271.186
53.8546
94.2061
143.312
144.138
361.099
418.363
168.577
458.052
383.806
164.486
186.299
294.366
79.175
176.995
169.41
726.46
185.967
215.016
77.3231
377.664
179.821
106.395
324.23
140.595
761.025
253.949
199.864
190.549
144.969
510.448
179.336
430.609
206.297
191.527
48.6594
95.0082
101.981
951.519
194.992
276.151
594.433
39.8471
534.708
312.741
277.816
72.0902
124.207
55.6938
362.855
96.0202
193.028
406.606
99.6345
599.85
428.294
504.674
174.591
111.071
484.903
177.797
394.417
44.2326
326.535
666.612
322.421
467.101
740.946
401.36
385.857
140.688
301.164
298.131
466.649
193.011
257.877
297.599
151.397
373.243
143.972
201.689
521.971
569.995
218.717
172.842
189.919
141.103
186.13
257.372
378.801
45.3449
408.653
473.268
759.882
152.199
71.8882
84.5165
135.672
62.2944
56.6438
177.711
185.636
71.6153
132.537
145.106
1169.23
77.11
176.636
179.219
260.941
38.3156
91.1303
255.511
100.49
93.3005
673.747
827.316
804.743
163.973
221.741
244.317
99.3319
244.35
132.131
149.114
522.523
75.4045
120.59
135.608
96.6844
314.173
74.4641
350.873
298.42
122.973
305.387
343.131
85.5367
141.666
179.787
211.433
308.057
87.8369
144.064
552.459
472.653
530.923
191.892
148.012
170.567
384.023
56.6272
73.4122
571.146
1035.18
219.428
150.425
222.826
214.631
100.265
172.759
499.032
127.764
262.322
535.951
637.098
829.558
391.452
67.3457
211.429
56.5779
400.265
160.984
367.631
413.729
180.78
84.4216
138.646
97.846
572.692
256.556
123.327
224.161
240.192
285.815
307.644
324.839
476.836
89.5119
362.27
28.3787
141.897
698.206
63.541
414.287
208.804
75.9742
148.104
496.748
159.091
909.87
444.152
111.704
310.683
67.082
301.776
273.202
410.229
1097.48
74.3031
175.688
269.056
155.299
138.97
39.8114
186.723
387.773
235.23
542.355
276.294
669.8
478.008
1058.87
183.627
538.269
243.045
102.618
123.683
439.19
325.179
416.874
224.048
181.031
322.56
268.026
151.738
180.055
204.865
207.851
141.25
302.621
284.852
90.0881
393.556
112.046
629.177
82.6204
280.547
455.718
488.423
54.1807
1014.94
152.571
397.512
160.568
57.8512
712.029
241.486
444.753
244.999
110.467
475.327
324.745
142.118
92.8535
148.023
108.438
805.771
223.737
162.981
206.862
537.871
132.444
255.934
194.874
484.188
359.992
84.6921
429.361
327.104
396.091
737.071
299.627
894.614
579.128
166.279
53.8703
617.444
202.51
378.001
71.3406
191.119
53.0611
290.11
119.084
84.8523
480.792
269.707
326.437
435.621
162.404
248.506
360.173
256.861
941.718
799.407
101.556
342.757
274.04
223.768
504.029
74.0127
253.639
444.443
497.172
128.082
98.3971
56.3647
69.0035
141.498
198.826
554.765
178.768
658.403
57.5671
256.161
64.3396
242.415
326.696
193.219
315.892
393.245
49.5634
307.49
65.0385
335.771
472.03
266.745
81.2702
386.438
678.544
310.84
1049.02
306.506
444.228
263.333
894.526
433.196
186.329
673.77
146.916
127.614
579.526
121.558
108.765
606.626
98.3219
151.773
570.682
70.1604
361.891
481.433
457.428
82.3926
156.604
132.614
245.157
284.556
459.31
265.126
128.015
1067.24
101.73
320.406
418.919
1175.03
240.278
413.803
124.604
121.71
459.498
186.968
281.94
471.45
238.556
546.538
1223.01
241.958
543.784
132.073
796.781
286.092
223.58
778.602
575.534
222.679
93.9666
515.657
313.467
270.32
242.012
441.753
112.951
61.9309
265.747
164.448
359.646
78.1481
86.5148
146.142
88.3166
250.147
453.919
676.44
271.028
174.217
491.032
201.899
1869
147.123
300.721
162.401
242.997
304.194
119.537
89.7828
188.768
818.552
95.4266
548.433
41.1202
1240.76
183.962
665.11
200.39
174.565
99.9681
637.261
134.211
245.657
195.359
315.97
377.235
377.57
214.096
398.056
83.2517
344.395
96.4866
552.942
280.833
445.695
296.837
114.81
437.592
55.9954
204.599
131.047
189.094
49.2056
312.431
297.074
321.241
114.739
225.282
232.199
114.081
168.112
174.395
917.733
78.0449
349.251
492.535
96.9306
92.5877
50.0008
349.958
170.708
870.018
59.2423
327.485
181.986
160.784
977.922
179.848
120.912
432.105
715.917
440.509
295.889
818.524
493.882
519.393
216.049
82.1999
473.332
360.923
563.207
1056.5
182.102
443.781
211.205
213.313
165.339
285.99
243.267
106.536
338.15
327.137
117.368
338.707
60.15
84.0653
80.6434
848.095
505.981
122.859
257.979
397.49
75.0147
417.984
239.929
962.193
180.405
360.631
86.5162
66.7884
349.943
130.114
106.041
306.927
282.316
105.8
439.996
489.042
730.567
315.41
265.05
375.769
744.304
485.692
354.215
106.056
623.726
252.901
163.276
344.198
384.566
287.485
274.367
364.625
271.002
145.888
653.137
137.739
309.567
106.568
72.1048
234.462
257.801
96.3459
695.68
119.754
186.539
299.036
96.2891
657.341
220.948
172.956
126.386
360.841
109.148
366.324
30.1619
265.421
128.644
54.3541
191.112
890.085
56.0365
194.971
483.639
171.535
193.536
191.785
599.11
205.506
274.994
504.408
218.145
241.438
202.927
990.181
265.417
98.4024
188.99
86.6284
222.18
210.27
229.237
86.421
146.469
208.496
491.81
136.354
266.996
77.3282
204.187
251.764
303.364
676.212
266.201
379.463
580.582
259.304
71.6132
52.2587
95.3047
742.81
402.483
227.047
748.477
470.099
203.29
1558.43
1077.98
195.415
122.319
226.244
754.613
124.471
372.838
471.303
396.274
612.553
461.051
257.934
1080.64
205.732
718.426
421.776
180.144
137.091
262.935
329.379
69.8125
191.701
175.999
220.784
467.64
440.546
521.05
443.635
131.206
226.363
167.832
122.742
432.053
163.5
664.682
170.358
519.45
81.8072
268.864
649.589
308.3
323.735
181.882
419.999
655.912
340.2
407.192
417.361
306.58
338.001
167.608
108.442
80.741
232.411
169.272
230.604
260.692
304.298
705.792
415.147
323.04
89.7308
103.389
161.288
182.201
172.657
235.925
277.265
83.3223
302.203
155.253
332.094
278.064
209.938
487.887
117.735
296.267
121.793
102.103
207.737
263.309
153.306
166.295
260.869
334.802
128.162
178.156
147.001
125.012
695.394
331.731
147.103
94.1826
702.104
35.489
355.439
417.898
202.219
89.2504
238.883
144.193
318.483
345.475
460.423
461.431
115.13
292.795
749.326
412.788
279.287
166.093
340.827
224.408
297.173
366.628
271.409
342.525
72.568
113.879
120.731
160.389
291.712
189.269
269.781
234.745
504.589
142.098
339.322
170.18
621.601
321.794
66.5249
353.071
164.185
211.249
81.3669
570.726
250.985
1006.25
497.55
316.648
212.318
746.056
576.185
272.495
284.877
180.144
84.5525
465.437
52.972
341.241
1079.86
182.681
135.461
160.261
457.611
345.186
281.952
123.473
608.785
1576.33
488.265
164.067
116.619
270.578
187.072
120.621
589.263
346.106
258.245
96.8749
164.158
644.269
104.918
263.826
321.873
137.964
106.38
245.94
342.518
292.658
265.185
392.505
558.96
75.7544
250.498
312.493
84.3278
978.452
119.939
187.932
104.332
382.499
645.114
69.6799
53.3041
113.947
170.745
317.858
226.087
270.13
299.968
124.192
400.453
82.2898
339.606
233.704
533.895
56.7337
311.895
644.406
170.288
53.3014
334.355
614.292
697.355
209.301
325.01
559.913
230.119
839.836
67.8065
395.522
131.083
78.7904
1000.74
328.009
693.922
685.301
269.691
166.509
523.21
209.905
375.26
457.358
90.0423
463.309
121.396
750.162
184.642
123.832
570.46
135.653
94.9226
216.72
528.189
241.612
313.399
134.792
154.187
223.24
371.206
461.649
153.126
236.657
417.856
207.278
60.0016
178.176
205.161
1005.89
393.806
145.329
305.006
190.604
415.905
148.575
522.96
827.349
362.016
215.987
1151.66
276.135
478.808
574.649
529.8
148.81
84.041
261.034
211.998
202.9
424.764
103.098
225.813
101.46
98.3351
330.758
99.3123
410.403
581.163
151.77
80.0514
533.314
350.42
365.743
842.729
492.124
504.139
481.969
142.633
33.0102
132.628
602.649
373.963
1121.43
86.0366
141.08
79.5075
137.097
279.265
84.8631
111.746
165.802
73.0818
429.947
65.2225
186.094
115.927
124.888
822.545
485.406
58.1128
190.112
409.008
139.942
204.511
545.883
480.34
228.727
667.406
419.485
131.355
52.6249
428.975
112.632
402.136
289.508
70.6776
209.825
383.334
258.312
228.259
457.418
128.025
121.334
124.956
517.537
138.628
283.138
233.436
816.041
250.508
151.736
257.912
198.738
1218.12
187.317
217.085
121.999
514.446
112.683
103.562
426.049
223.984
144.664
92.7657
262.696
738.184
94.2181
96.1557
200.791
278.572
563.131
274.777
96.4373
288.668
424.553
869.272
275.726
149.033
336.567
205.726
151.902
128.622
339.126
62.8145
371.084
270.332
210.53
765.955
335.919
343.528
765.197
269.513
253.239
158.499
423.11
183.856
436.915
617.832
91.3733
294.907
222.507
162.546
255.4
237.468
150.73
738.564
175.364
346.541
210.766
376.595
443.93
324.038
74.7211
324.102
147.874
137.517
757.674
1211.38
107.373
464.832
146.674
185.25
268.317
332.871
255.163
208.151
83.2187
188.159
143.704
599.193
575.976
108.821
118.036
333.07
342.5
222.457
65.2256
286.913
428.851
188.843
278.671
34.6302
345.719
132.968
999.035
225.279
779.824
342.07
160.589
137.092
199.891
110.878
93.7406
392.999
121.397
504.644
340.269
71.5065
355.514
159.924
435.734
104.932
799.252
480.132
131.277
213.604
1542.02
538.382
132.756
280.549
50.4867
517.54
459.327
134.92
375.893
239.167
96.5574
595.734
513.131
117.001
173.767
907.571
142.1
78.6522
278.864
736.339
268.43
173.745
113.344
564.331
546.555
446.907
375.458
130.506
226.844
107.405
132.557
220.558
432.097
116.539
455.099
624.856
510.164
204.925
140.059
176.486
147.957
717.475
127.816
870.569
310.867
175.272
151.7
249.69
97.0874
188.153
225.012
334.616
59.3388
60.5738
202.217
95.0845
675.753
146.383
91.7431
908.71
661.696
708.226
82.4332
1199.69
118.325
263.952
251.078
766.218
605.25
125.839
177.088
663.635
225.72
576.491
103.641
420.157
182.614
458.556
978.319
303.513
119.585
82.8779
102.555
90.6716
386.327
119.153
255.668
395.043
147.92
132.78
774.642
289.749
240.645
262.842
629.731
628.306
265.659
251.32
741.462
142.169
378.105
270.343
159.495
343.433
589.292
106.647
304.65
276.488
21.2492
57.6697
402.656
795.152
543.119
657.027
56.7614
140.878
110.51
1202.18
1081.89
168.329
80.2378
213.436
270.551
127.535
442.827
654.04
442.619
465.16
384.437
226.58
542.756
371.197
134.837
179.465
168.38
529.046
161.527
283.996
501.959
101.418
341.115
227.319
147.384
129.057
317.579
233.039
91.5621
90.3815
136.869
81.3184
186.694
239.996
287.235
109.257
241.257
429.977
410.355
73.347
178.624
218.569
160.808
262.239
357.296
167.939
373.253
575.659
226.385
492.303
69.6936
119.528
541.903
554.827
149.664
224.827
98.6991
228.597
79
244.782
653.205
95.2861
964.73
769.478
159.288
186.904
431.859
126.578
227.172
199.792
371.945
427.263
441.591
145.392
42.8673
94.2319
317.985
182.647
134.82
147.189
376.941
261.097
279.909
247.535
236.219
79.0914
1349.35
206.454
216.097
577.102
329.128
106.276
234.251
91.0641
169.823
203.494
435.733
634.891
786.089
132.486
171.429
115.452
128.359
227.621
191.133
652.852
107.187
324.099
213.956
262.813
161.73
184.405
395.442
292.597
475.96
294.845
445.023
213.969
262.804
264.625
188.661
116.317
477.417
60.9792
340.056
473.726
72.6169
368.057
513.357
69.6948
163.541
352.197
903.616
123.121
210.672
216.396
749.114
135.383
533.366
296.322
146.637
409.752
159.234
211.208
169.491
139.634
92.4809
611.433
50.3841
210.001
77.1759
91.693
253.924
116.773
267.468
162.064
675.541
651.963
67.9972
398.83
48.6117
276.156
224.275
114.226
151.496
611.141
207.544
182.965
45.6323
177.274
134.286
620.459
835.448
261.432
128.696
377.792
966.934
286.89
166.189
278.225
196.449
370.051
1224.61
249.609
370.124
389.318
222.967
161.973
202.376
216.715
429.949
440.675
53.5682
181.866
504.284
557.072
124.583
360.999
317.561
61.4607
349.475
269.819
393.409
214.478
642
614.636
158.825
123.235
122.534
260.784
61.1755
279.875
241.375
219.997
197.217
618.956
190.779
406.947
529.585
146.897
352.554
330.034
522.479
128.66
195.082
787.623
247.784
300.953
272.697
89.17
156.244
113.872
347.178
956.805
332.021
492.521
179.991
96.1135
115.245
128.807
136.063
134.422
399.606
232.662
198.46
255.152
159.036
280.997
376.26
420.413
359.938
375.628
1096.28
508.414
204.882
494.261
261.334
80.1768
357.506
673.974
677.86
103.265
213.418
575.697
534.645
190.084
149.577
62.0396
396.248
281.144
87.8767
505.537
144.959
249.586
117.312
120.637
316.538
509.762
394.454
89.3261
640.72
391.542
262.44
110.787
91.9117
675.62
715.271
170.678
102.794
63.4158
310.533
502.548
808.744
236.076
72.4379
369.649
581.216
75.2624
310.559
239.387
781.189
242.899
108.474
149.949
441.948
914.864
314.689
143.98
173.708
146.374
336.49
391.497
300.1
907.032
1019.99
323.886
229.322
365.652
262.335
237.218
328.19
91.1635
98.3873
161.194
317.232
340.012
397.382
444.274
422.077
339.89
349.015
126.413
430.97
187.906
354.777
287.521
165.009
122.869
381.228
189.535
768.15
301.199
273.515
162.91
308.123
197.263
78.6101
612.471
82.2723
384.631
174.472
267.32
58.9782
266.957
103.092
297.877
229.227
167.217
481.601
217.924
230.046
74.6769
120.857
607.782
895.342
219.656
67.7897
502.75
317.012
114.247
146.353
101.864
119.462
93.7802
100.408
179.49
75.094
245.965
303.844
108.734
104.374
193.909
153.796
350.402
149.648
163.209
151.997
449.335
89.7414
75.8226
429.504
124.382
75.861
91.5911
102.397
123.653
1018.72
99.0418
411.375
99.0224
46.5752
273.027
93.3036
131.954
187.23
226.428
99.6769
791.149
145.221
181.048
135.001
153.81
127.751
252.221
337.187
142.158
254.16
129.699
141
101.023
92.1975
413.918
86.8488
113.533
199.781
150.171
86.706
235.974
306.598
297.531
320.477
263.279
174.44
230.577
263.775
166.631
419.635
373.336
574.819
1202.04
299.289
361.297
156.491
1195.3
178.464
178.907
160.508
453.373
201.213
339.543
605.755
405.61
257.893
811.246
291.119
477.375
223.559
246.216
913.714
207.706
94.7958
219.001
203.576
63.3081
479.586
524.032
231.042
182.607
89.7968
42.9026
470.466
148.275
172.475
89.5909
373.805
70.7021
255.772
181.152
127.601
97.2806
105.026
91.9678
182.711
83.3791
144.319
83.706
750.364
603.907
70.7865
98.0547
201.931
201.052
155.154
189.789
103.027
95.5762
382.841
90.0427
362.065
108.964
352.33
257.227
382.657
166.855
201.945
142.417
128.378
100.138
252.279
379.194
99.4141
465.568
500.302
290.532
106.593
145.715
357.61
101.75
201.076
375.969
113.387
411.773
72.0353
405.987
215.053
277.736
218.953
72.6389
310.406
234.267
106.79
377.498
422.774
345.828
512.982
210.836
180.468
291.516
429.963
498.468
65.9918
1271.31
602.435
264.944
46.2399
189.67
472.15
443.756
306.217
829.237
124.3
131.831
233.192
241.35
423.697
97.4121
136.019
372.31
72.3116
205.086
124.543
379.092
245.076
422.786
497.881
98.6257
225.815
331.357
188.61
67.9817
883.788
396.123
452.214
82.0683
125.974
913.499
87.2033
1049.61
613.425
345.15
526.024
152.391
455.596
58.3799
383.713
157.045
573.998
289.065
182.641
673.472
406.922
412.781
157.51
560.325
89.5108
141.987
439.152
282.033
145.284
82.5018
329.855
122.529
522.894
368.721
181.825
417.934
260.641
205.892
523.242
72.601
117.059
730.431
193.493
337.719
98.3225
105.322
306.083
422.343
77.7187
331.805
367.657
266.138
76.371
269.119
812.333
113.275
422.071
135.945
161.274
155.097
317.076
209.385
115.061
557.554
205.819
109.281
122.449
144.292
56.5479
957.316
184.063
118.669
327.185
175.985
857.556
148.906
117.021
504.882
153.32
187.001
139.859
495.836
548.58
294.014
162.308
239.7
67.4804
431.977
223.573
178.965
181.304
154.907
332.145
324.315
485.577
370.283
191.496
220.284
106.097
317.653
743.164
289.871
281.895
700.722
288.686
207.358
504.371
117.701
559.903
80.4138
139.729
512.42
720.368
219.163
117.845
151.075
160.724
397.528
252.775
972.013
58.6628
211.735
83.4897
294.401
339.796
352.452
527.278
279.449
135.889
531.53
569.745
297.318
362.325
303.012
395.485
259.049
331.689
424.233
109.572
93.2891
146.989
169.42
93.325
395.494
111.142
260.242
285.354
534.605
281.72
285.063
49.8273
407.253
181.115
119.888
298.641
59.5556
188.572
464.698
322.676
259.566
288.326
763.288
105.524
263.923
221.755
184.748
224.46
156.2
170.958
202.953
1496.31
128.826
559.333
110.663
230.188
1063.39
247.477
1318.15
412.75
453.34
304.534
168.133
80.9347
669.035
282.86
528.972
1418.82
576.94
206.684
146.139
154.538
516.015
144.66
447.099
172.202
90.5038
153.625
43.965
266.689
235.838
603.979
292.388
321.935
710.418
423.859
252.268
634.398
273.849
154.989
581.533
140.692
112.599
107.841
459.886
472.296
132.709
255.787
109.284
75.2356
441.799
430.429
1244.79
145.978
163.499
312.701
206.712
145.969
64.124
123.015
243.399
377.39
453.291
202.725
888.854
67.237
95.8384
90.0243
214.436
217.269
303.991
185.829
524.145
255.024
212.589
176.046
97.7756
382.312
207.277
518.567
160.934
474.293
875.434
243.772
56.1722
160.58
629.241
261.801
468.204
235.333
69.4192
54.6292
106.773
123.748
96.2741
131.688
83.249
530.34
110.426
312.794
361.485
508.845
81.8272
463.659
72.9307
600.569
156.523
116.175
76.1216
103.308
91.0627
244.222
77.3387
387.388
173.648
74.6206
201.048
270.983
292.212
304.918
187.634
115.057
88.2333
251.389
193.95
171.647
95.9463
153.66
735.518
373.01
408.55
203.42
104.65
115.472
99.1928
139.221
303.833
146.04
296.343
177.841
43.1623
167.547
476.289
965.063
174.466
95.4288
517.202
54.4175
173.238
271.854
1204.92
330.714
98.4915
536.133
103.893
483.572
229.514
65.5347
470.72
772.989
70.3998
376.051
122.675
157.099
204.163
145.228
305.305
206.363
470.377
226.897
503.066
195.184
705.85
297.172
457.899
770
57.3705
238.748
167.71
207.211
722.639
185.559
73.5857
212.961
148.938
250.672
318.435
402.218
313.755
274.713
519.763
208.474
146.654
56.1875
446.618
325.873
188.081
114.433
242.774
77.864
345.795
305.905
623.566
374.717
385.942
57.9602
212.435
472.056
519.152
367.027
385.543
105.349
231.925
386.331
99.8281
274.889
912.233
116.976
145.247
114.703
146.637
166.108
865.482
151.367
143.978
125.024
143.923
631.016
106.538
167.959
181.716
315.127
345.962
124.991
108.917
74.5733
318.56
230.251
748.526
311.053
179.153
214.949
434.572
192.929
135.583
299.456
264.999
259.462
156.505
195.606
127.322
84.7436
697.141
185.374
152.835
64.7647
271.415
198.262
208.204
452.86
180.3
525.204
247.259
392.312
103.111
105.935
586.768
221.901
554.344
101.444
644.759
402.281
1419.36
161.209
281.514
1037.08
141.72
74.3185
276.487
415.583
80.4075
301.922
143.5
509.765
140.157
553.411
133.437
118.13
254.164
147.265
154.5
165.509
282.051
400.864
75.0024
359.448
122.893
786.518
312.32
170.354
140.355
103.262
460.038
492.448
91.2699
509.182
51.8806
450.652
102.023
734.065
97.8942
207.723
141.802
157.595
177.923
90.4663
92.7161
141.731
1314.31
226.27
309.491
272.467
134.663
103.368
208.966
273.421
171.307
232.102
383.306
497.853
149.941
454.301
48.4116
1001.22
155.977
424.742
86.7573
203.679
463.156
286.685
191.794
675.805
560.77
498.104
347.968
155.354
286.666
340.762
60.817
236.74
469.57
719.066
600.813
346.255
109.088
225.54
138.402
142.958
323.344
401.772
236.176
724.657
165.019
86.6671
107.749
259.821
204.404
432.942
550.611
179.754
352.385
112.271
235.016
132.774
196.21
383.998
127.693
91.5928
239.809
237.689
85.5326
334.461
52.9159
209.275
264.454
290.757
655.655
215.19
330.268
820.325
313.205
687.453
165.517
91.1172
329.344
227.337
141.197
153.731
107.713
241.853
194.647
66.799
114.066
137.923
577.29
108.374
89.7464
172.639
318.501
272.426
136.658
344.096
102.77
335.804
965.527
107.858
115.506
242.361
186.969
217.301
371.706
270.604
174.518
304.396
134.545
247.923
763.689
192.729
178.322
242.009
756.082
108.606
47.1362
297.358
740.489
122.791
210.261
174.692
640.13
343.232
868.567
383.695
130.328
137.395
373.065
96.4306
208.324
91.4311
258.299
937.769
171.987
325.379
145.198
300.074
67.7951
331.874
137.975
162.67
463.299
314.081
387.53
382.156
289.793
743.064
392.787
180.564
503.647
516.775
503.157
959.438
456.463
86.634
117.875
66.1876
154.778
126.381
95.9838
98.3048
351.733
265.428
183.324
207.184
187.631
215.159
191.55
141.516
684.628
785.322
203.104
366.117
145.58
299.128
327.811
69.0622
853.418
167.722
350.363
575.488
128.249
700.154
532.947
487.596
191.612
685.45
391.798
151.39
406.521
68.6557
205.868
389.93
190.011
260.125
73.9779
105.901
1204.59
154.088
67.3891
557.725
569.066
91.8309
282.327
136.639
150.06
410.16
213.931
270.803
430.248
249.255
199.264
437.205
338.242
105.746
159.189
569.905
203.732
66.7591
468.915
1101.33
99.2776
475.153
61.6508
136.216
211.559
138.352
296.356
322.338
500.154
538.321
218.723
149.058
448.377
764.759
86.9837
122.978
81.6916
658.85
452.449
241.358
643.533
93.6192
318.556
387.62
246.11
175.663
256.058
705.536
179.967
111.238
155.647
362.461
987.931
355.077
213.929
452.877
105.896
117.093
375.787
125.733
775.351
600.671
141.189
628.412
284.109
499.164
368.23
110.741
278.079
251.358
361.872
450.753
253.781
301.407
719.136
425.184
152.337
70.5254
591.692
196.153
201.308
268.49
60.3303
103.777
91.9938
210.84
220.847
651.882
93.0942
574.191
464.247
310.545
77.6731
460.173
49.3719
218.97
343.184
145.665
680.434
80.8095
688.859
190.566
208.297
431.495
242.555
390.452
100.446
437.003
368.711
90.859
181.018
1148.59
112.205
94.09
1055.78
54.9144
376.665
145.583
268.808
741.545
773.585
160.391
29.1595
537.624
117.833
147.46
215.011
241.437
720.28
92.4026
668.982
523.497
375.131
66.2414
280.495
134.465
527.442
301.638
784.913
218.44
579.447
99.369
330.026
208.184
664.286
335.293
686.878
136.069
247.866
130.739
403.242
93.2833
96.0184
296.006
711.457
332.795
381.726
128.05
397.272
355.017
74.1158
61.5851
466.529
317.741
45.7569
597.606
222.487
414.559
498.337
153.835
255.217
503.015
351.203
95.2889
191.135
282.697
526.471
318.581
283.077
186.898
621.598
81.7011
601.524
87.0189
81.0786
247.783
189.846
121.651
358.051
711.699
103.709
303.81
272.995
973.848
60.7891
420.024
198.46
634.385
449.902
1482.32
275.777
203.507
1234.54
195.406
121.515
98.5587
187.374
138.92
327.577
136.419
383.212
253.232
241.654
269.863
341.025
191.688
140.107
464.053
394.021
425.169
78.2647
203.739
245.674
414.422
70.7968
282.298
150.019
366.438
125.389
270.404
573.807
105.689
195.291
140.744
233.357
229.649
547.041
192.132
89.3156
124.599
45.5174
324.463
195.21
88.4945
305.397
112.735
209.27
135.404
281.647
167.988
74.3938
274.859
440.514
303.756
241.63
132.064
365.915
173.949
434.115
269.317
86.015
367.386
225.547
265.631
247.97
152.071
207.903
678.805
613.141
139.346
40.3286
280.77
287.307
111.577
749.578
455.688
723.567
587.459
320.085
339.732
346.261
635.028
149.938
900.558
159.567
147.818
56.643
64.7334
122.982
278.471
109.62
245.791
342.956
97.8011
193.82
168.319
129.36
204.863
224.212
379.676
214.681
72.0373
700.408
93.8246
43.3422
63.5393
529.573
131.254
721.847
568.508
76.6672
240.463
147.646
236.473
813.177
104.65
579.689
93.9558
136.183
332.938
310.621
113.148
183.826
277.928
340.135
361.701
66.5155
163.085
32.4109
653.932
297.12
241.996
287.498
137.315
428.88
1510.88
276.322
143.816
114.077
105.161
174.589
513.269
210.587
286.418
313.923
195.361
238.571
138.68
316.486
274.74
132.665
357.629
182.183
105.529
85.0164
350.931
151.709
228.713
307.559
155.93
88.7812
656.237
554.491
200.334
178.118
50.2425
659.998
177.193
372.946
86.7157
153.981
240.769
252.453
131.001
241.25
121.544
121.193
221.11
98.3513
77.3098
193.425
168.662
136.336
161.119
149.348
407.013
59.2315
215.376
261.967
313.792
191.351
299.71
416.701
435.617
73.6741
306.583
84.3005
483.85
648.174
292.029
133.902
120.473
321.371
438.414
117.361
112.449
235.368
138.286
364.797
229.923
440.365
348.646
257.631
192.131
152.665
194.104
305.783
140.335
185.394
316.203
284.572
354.964
330.111
295.278
96.7538
277.627
171.795
608.577
214.441
275.631
122.405
228.866
708.162
162.473
469.393
233.806
379.208
200.407
177.295
145.13
265.584
299.563
249.767
218.95
126.184
373.6
101.861
704.117
342.72
1453.6
194.746
294.195
207.873
112.024
606.072
180.348
50.4903
1191.91
155.537
164.615
305.44
249.587
327.046
218.084
177.003
276.349
634.856
364.309
51.65
107.885
187.965
473.448
364.645
143.286
269.577
1353.94
420.283
490.018
88.1726
469.998
319.258
56.0812
132.211
1155.54
332.803
82.7876
574.339
546.005
789.905
331.051
371.848
125.231
684.112
685.097
461.767
135.262
76.3681
36.7353
313.427
609.432
90.8838
131.157
185.59
171.653
96.2819
65.2517
118.182
270.226
175.337
209.992
241.836
156.017
88.316
349.122
251.233
328.847
712.761
626.424
257.494
204.981
63.108
543.968
504.315
287.301
403.966
115.592
524.577
58.6551
116.888
131.168
871.043
695.437
391.492
72.2925
407.607
413.81
159.705
489.125
215.25
224.179
79.3783
90.8928
478.875
445.303
69.6079
217.492
84.244
202.192
133.173
112.341
454.67
221.494
447.865
180.511
274.154
283.619
610.288
187.707
191.914
233.895
102.997
396.264
47.9759
753.932
250.419
261.391
262.955
517.85
358.615
222.859
151.84
49.9624
232.165
136.432
264.255
208.945
265.263
631.451
223.555
166.558
126.949
460.774
716.179
184.673
78.6985
256.017
400.931
241.016
133.975
280.605
718.778
174.13
427.533
329.557
556.318
478.432
527.4
196.664
98.7301
370.523
246.826
204.021
844.45
87.9219
417.244
252.538
249.431
101.699
423.007
569.352
94.315
50.672
102.299
559.068
281.854
86.441
325.237
188.59
475.504
187.123
261.677
789.605
197.862
253.591
201.752
180.068
55.2314
226.657
595.807
647.176
629.799
349.568
312.64
141.238
273.362
307.111
61.1547
81.4419
192.845
169.121
100.06
182.086
313.789
110.314
198.55
91.6343
223.743
137.146
106.447
265.998
92.56
908.741
406.77
349.413
204.476
498.15
274.105
293.333
132.175
194.337
230.773
71.3566
292.486
351.181
53.8627
168.483
423.429
101.634
276.989
207.377
196.028
226.342
426.135
188.453
743.195
368.521
143.772
260.105
69.4484
100.134
191.728
115.16
264.536
155.536
532.97
233.799
128.84
198.458
531.737
304.887
152.301
60.3269
118.483
341.008
720.543
82.0525
141.251
284.852
290.556
262.639
90.8109
166.684
380.048
114.738
69.2418
354.132
81.0714
286.225
188.871
154.264
593.144
467.068
79.0575
340.661
177.107
315.505
91.0766
950.718
129.187
500.38
384.485
560.791
389.466
117.322
326.846
334.767
450.753
155.944
403.002
204.066
384.265
153.397
212.908
361.659
415.121
126.93
592.647
779.841
85.9598
307.174
149.031
126.154
667.532
92.2595
477.236
852.465
197.642
579.759
531.726
264.761
807.767
186.638
252.362
665.073
164.619
322.872
994.175
197.489
195.881
328.431
175.851
144.661
130.932
341.357
1277.39
173.893
299.863
77.7344
337.499
166.877
246.155
144.157
283.128
209.269
412.599
125.148
266.41
278.799
362.43
214.416
87.363
242.489
359.628
62.9421
378.431
417.828
795.773
548.1
263.865
607.368
165.769
72.7723
273.279
104.854
267.408
212.791
237.42
333.448
198.952
113.755
153.724
199.789
328.314
399.903
688.684
257.432
293.518
98.2612
106.428
133.578
259.073
404.61
249.653
1933.17
107.757
415.83
227.777
401.177
393.182
129.318
199.336
390.878
385.105
324.634
308.423
238.999
159.582
116.504
145.523
276.763
208.271
162.81
276.731
242.579
655.184
114.126
169.148
245.294
187.676
83.693
151.694
163.536
168.522
220.337
241.599
298.518
230.739
264.904
225.616
539.383
59.3872
769.197
650.253
247.864
326.277
298.016
304.325
487.365
116.712
506.068
85.6798
265.935
79.3062
270.59
207.567
190.169
106.462
62.73
182.685
596.991
51.6408
570.713
234.767
587.535
185.822
370.895
187.731
102.595
304.439
87.9222
126.755
627.703
193.631
110.812
100.146
52.5577
180.796
274.237
137.376
435.705
945.056
376.504
939.255
215.999
237.532
197.263
727.736
598.449
203.958
977.765
329.572
116.798
328.822
61.9632
199.793
239.862
122.102
77.0464
114.728
126.448
641.671
241.857
410.146
65.7307
91.0253
522.155
1059.4
126.611
56.5093
799.813
82.3164
966.178
381.444
543.45
497.664
304.431
97.2283
306.042
354.947
900.399
249.178
187.046
207.351
1276.56
308.537
204.039
83.7341
79.4141
837.296
417.454
521.553
548.789
389.263
63.1707
133.568
131.299
635.999
354.467
86.1588
275.968
52.2661
552.061
368.345
503.282
67.3642
185.243
126.478
714.156
185.264
93.0435
39.8999
88.1227
121.27
187.965
668.695
186.954
171.626
370.233
137.083
105.539
185.857
1209.01
478.4
244.253
235.528
191.182
369.948
103.764
99.4623
229.891
388.767
91.8828
84.8817
87.0989
197.248
138.26
469.345
392.949
152.353
156.124
487.465
414.505
478.915
177.116
110.915
182.764
56.698
368.29
48.3986
362.875
302.74
88.9742
296.664
223.62
221.361
360.155
89.3753
92.439
169.335
507.761
638.061
113.418
156.709
108.958
452.119
342.735
694.543
257.672
125.958
339.561
306.226
228.733
316.12
265.803
157.843
97.9642
276.2
151.887
460.163
234.907
131.214
132.899
136.638
313.156
244.934
419.823
558.155
140.108
843.751
180.587
244.003
309.242
93.0856
157.158
145.588
140.769
174.542
789.736
115.953
71.6933
275.922
96.949
126.833
176.365
92.7267
575.637
36.6653
73.5377
265.679
63.2262
343.112
210.443
104.088
395.592
289.805
158.523
152.854
178.102
50.2037
54.901
159.087
60.0904
92.5114
201.607
736.303
340.063
330.291
412.198
265.71
267.134
234.295
36.9967
142.991
226.299
75.8726
178.902
137.587
148.682
521.444
74.8603
402.508
235.088
126.173
204.685
743.327
192.16
192.985
142.51
230.203
286.543
63.2611
309.04
336.19
317.745
168.49
85.5449
114.49
258.46
78.0489
288.532
254.408
189.346
222.657
104.779
45.4196
85.8976
125.452
348.898
1616.97
164.592
1107.74
340.189
250.657
705.808
188.021
86.7388
281.79
119.12
196.335
262.659
215.801
128.381
104.434
90.7884
466.611
138.566
134.157
896.299
116.201
585.167
124.71
308.407
340.256
253.611
811.807
84.4377
965.26
73.9856
176.453
188.801
114.22
349.059
506.667
182.991
172.071
584.691
172.927
890.088
571.903
143.176
236.372
114.184
132.724
118.105
126.409
120.312
95.6423
181.741
127.154
180.002
405.561
223.152
274.734
627.694
64.5552
781.84
61.816
157.255
702.787
167.761
324.102
304.277
64.8847
387.22
64.4141
251.443
277.144
142.214
274.587
74.6969
224.477
452.956
261.976
146.376
347.183
226.286
124.352
492.59
550.432
224.254
389.615
438.728
323.15
462.024
137.887
228.228
278.131
483.232
287.03
324.44
326.935
82.0363
92.3251
250.646
355.412
212.395
568.176
180.193
178.891
130.668
488.096
55.9336
73.4136
168.781
140.659
822.481
851.887
300.625
89.7106
112.313
124.592
570.016
107.82
69.3079
272.216
153.609
337.034
329.719
432.558
571.192
1004.27
190.08
230.797
198.249
110.062
130.343
465.425
355.561
194.039
77.7228
537.291
201.427
208.388
47.0279
831.865
344.274
92.191
97.3093
108.028
954.405
227.213
147.652
271.415
246.758
995.845
491.849
1084.39
915.454
231.609
243.469
406.289
186.436
93.8014
169.695
151.468
433.008
256.821
89.6245
1023.54
225.105
135.419
1844.73
504.56
1102.41
189.261
886.352
192.383
122.189
305.775
218.42
796.176
286.156
277.691
100.401
347.086
982.784
72.3174
497.734
406.489
230.059
673.983
704.346
321.892
78.8451
422.924
167.427
303.55
154.776
101.667
256.578
267.511
225.384
190.154
203.231
99.2242
745.135
179.008
409.149
644.868
177.923
128.52
200.968
573.388
391.772
228.118
933.157
219.23
175.799
460.929
143.531
143.106
63.8102
173.938
275.325
597.716
728.713
140.2
227.518
126.849
630.474
337.196
378.889
182.423
374.623
223.191
315.563
116.746
433.757
371.047
96.6844
320.694
114.07
144.405
117.235
508.402
480.946
158.484
455.696
341.725
201.607
480.273
122.618
582.012
262.125
255.219
152.834
808.467
144.512
482.239
261.331
231.994
218.99
486.702
333.95
296.979
363.781
59.6193
285.847
597.655
314.5
171.012
172.609
827.56
1434.51
433.967
227.079
255.572
97.6572
207.422
134.257
124.406
164.368
339.72
271.257
356.542
52.7034
332.302
173.808
124.393
100.513
126.296
422.265
367.666
110.828
283.481
244.129
217.454
173.413
99.1646
128.873
381.156
221.877
546.252
197.426
514.446
283.059
194.168
439.301
52.1445
332.456
687.068
1111.3
113.05
110.397
167.86
201.703
479.661
199.867
251.774
114.139
316.425
475.527
73.445
373.337
781.938
201.043
146.09
127.551
133.89
233.06
281.836
895.75
280.374
488.381
299.866
180.398
174.252
474.859
108.621
446.465
516.261
308.906
101.664
723.755
48.9469
435.855
87.7241
147.918
738.381
548.084
341.285
84.5195
246.993
105.865
150.18
179.174
208.036
200.244
889.284
980.398
970
547.967
90.5255
254.517
480.301
162.313
152.822
514.79
537.145
348.828
136.623
834.212
117.078
417.817
439.942
473.238
139.821
788.003
102.805
87.4529
160.754
346.169
215.18
374.722
90.2146
255.199
269.403
101.783
64.248
147.485
125.19
46.1215
60.8449
423.003
387.624
324.142
321.216
182.053
207.448
160.716
188.637
196.065
252.88
404.621
189.677
615.339
373.958
386.605
656.73
103.586
309.083
54.6487
241.697
643.044
149.906
139.989
328.795
308.691
111.943
571.105
245.05
256.136
267.867
118.514
142.51
117.353
98.1305
45.2338
447.624
159.872
277.228
76.7523
328.928
160.014
616.388
312.327
928.471
177.104
534.715
201.701
241.199
161.624
780.674
248.54
82.9394
92.3933
200.534
395.309
125.103
78.1827
108.276
442.299
138.196
782.825
633.327
291.194
91.9601
76.5256
330.296
967.95
104.218
190.642
453.372
239.17
143.419
279.248
290.956
126.87
443.955
151.381
66.9764
476.773
140.528
403.033
219.093
303.755
148.245
128.808
900.586
141.193
239.015
262.075
407.066
701.803
476.276
317.481
319.512
902.874
343.928
438.235
69.2001
413.52
497.645
596.411
396.37
199.248
437.677
309.984
297.511
116.564
110.354
1018.27
272.003
118.751
171.663
87.6284
238.788
417.867
276.12
55.622
156.548
196.858
329.64
466.305
128.682
231.73
72.8207
333.161
176.772
70.0739
135.886
170.014
174.358
556.85
222.838
469.147
326.409
638.341
549.478
232.204
173.394
59.0227
72.5203
177.295
714.75
123.279
287.815
1014.05
216.369
73.6984
791.141
470.763
49.0193
127.871
193.455
296.58
151.216
293.108
106.366
106.378
244.618
430.309
270.892
416.044
89.1178
166.539
702.277
436.369
87.3344
480.87
266.723
450.524
384.387
705.639
298.68
453.507
285.92
230.476
220.455
126.338
402.3
498.693
168.659
293.516
126.298
375.186
312.752
394.118
511.311
256.851
125.467
190.532
236.592
59.0253
228.997
306.5
587.225
57.8994
58.7939
313.931
256.459
118.646
69.8038
181.319
274.351
182.761
418.681
788.135
178.027
57.4631
305.987
454.966
136.626
109.517
295.355
95.7972
232.942
226.569
620.714
85.0237
226.717
339.228
225.342
839.076
94.3029
489.196
280.412
137.451
585.899
102.682
226.163
92.9856
140.266
146.099
327.991
209.627
269.746
372.281
435.898
214.517
250.811
288.675
154.874
200.58
166.124
109.29
396.217
309.625
164.188
124.986
91.0394
323.358
548.669
436.431
57.0479
131.846
400.842
47.8742
333.772
71.8142
379.604
465.314
463.86
426.813
56.0586
123.324
1219.73
346.72
76.2645
92.3029
343.702
153.595
243.105
53.4606
87.4558
169.703
403.905
189.689
202.391
127.418
95.616
75.144
556.648
920.957
244.34
147.679
242.274
247.571
265.764
594.101
93.0348
338.3
124.245
762.297
726.187
491.366
108.203
750.784
50.9777
260.185
109.31
120.055
220.758
119.814
431.256
1065.12
306.458
211.646
131.384
151.93
302.32
172.429
448.058
148.582
259.516
569.178
113.25
154.355
682.511
687.981
244.968
464.707
146.665
122.04
134.379
513.504
279.167
266.912
293.7
272.08
384.577
449.582
154.646
57.457
192.183
109.803
229.589
118.558
183.953
443.721
267.159
121.564
95.1899
69.1021
80.8227
138.137
93.2425
49.9618
338.813
199.28
286.237
463.154
220.774
171.215
311.969
165.671
45.5885
190.558
90.81
117.174
165.329
356.3
284.701
157.025
145.579
125.031
153.663
94.7237
222.603
802.741
136.204
153.661
300.395
147.208
52.9103
198.782
97.2635
357.405
87.0294
326.053
115.48
177.894
935.849
867.498
238.047
635.304
109.451
165.943
347.118
346.7
163.302
422.82
91.2101
150.956
1787.81
285.909
264.883
180.719
790.281
492.809
588.759
214.275
122.926
1128.78
130.164
289.67
595.621
279.066
297.692
142.525
52.6701
539.996
118.639
587.699
207.096
193.36
124.679
259.184
80.5752
150.303
512.145
418.599
54.3701
93.8033
312.148
265.306
420.374
970.617
281.178
62.9429
248.672
465.694
81.1811
58.189
124.539
363.385
295.277
554.215
180.037
70.6449
80.3733
434.204
307.306
160.642
949.419
74.423
351.279
267.47
122.651
69.4604
137.155
73.2237
74.3422
467.444
388.157
140.335
207.051
445.247
753.387
523.859
130.885
445.163
986.938
644.527
755.56
114.874
159.982
149.952
84.9442
804.728
189.644
197.771
288.377
95.8484
240.069
324.175
55.2863
334.387
324.472
854.302
152.144
90.8616
386.251
1422.12
467.805
228.909
236.908
277.136
164.334
258.329
253.94
102.511
364.015
423.358
193.991
196.905
513.76
305.082
93.2822
313.471
480.448
279.837
211.61
200.406
151.923
415.08
311.962
280.807
193.065
334.613
143.617
460.123
341.761
340.838
615.739
475.019
229.14
246.712
438.3
454.619
225.773
392.806
225.996
107.858
228.7
314.757
2162.28
99.2854
190.253
249.938
145.858
80.3613
118.884
443.127
525.748
132.798
386.311
280.501
82.2049
319.426
53.1369
209.558
571.662
182.393
690.21
483.701
103.459
194.324
649.055
211.532
623.788
364.738
304.136
145.681
209.958
97.5693
579.003
560.175
229.418
600.197
405.344
253.184
314.134
418.723
482.407
352.084
324.904
300.569
91.4037
211.606
360.01
158.26
448.057
431.525
470.758
250.042
260.894
364.533
411.866
397.186
107.605
94.2184
109.653
37.5759
351.419
297.118
301.78
44.105
131.138
186.506
140.292
41.5036
228.658
688.427
400.682
356.397
259.879
378.447
107.056
200.565
247.525
365.107
623.717
305.386
268.419
473.155
496.612
373.382
314.038
379.925
395.832
802.534
514.664
291.453
318.725
137.539
374.806
252.362
120.353
460.658
385.962
142.164
396.743
68.1563
166.099
94.1349
134.382
454.774
197.958
95.7889
909.866
118.9
165.632
242.608
426.345
198.62
543.621
214.818
469.538
92.7383
171.371
114.627
613.561
145.527
670.351
171.997
388.22
414.174
364.296
482.218
177.328
355.947
54.8997
344.048
68.1646
343.511
228.8
155.641
602.667
74.1512
144.888
174.141
754.856
221.129
82.681
528.196
665.865
116.404
249.514
430.553
240.501
107.141
184.078
47.7406
535.957
457.442
239.173
139.984
50.979
305.552
232.263
523.614
405.976
265.899
147.958
285.807
140.317
213.585
212.005
1019.73
96.3789
151.168
117.676
112.442
204.953
140.341
115.929
51.6026
316.275
417.257
104.389
123.38
284.199
345.861
145.188
258.087
349.519
106.414
592.762
361.634
122.296
345.185
258.637
84.2817
150.414
228.126
426.547
107.645
287.882
240.098
281.264
462.731
133.554
127.215
422.925
752.792
255.986
292.252
190.298
296.88
107.858
173.74
129.185
96.5938
959.392
72.2371
251.395
477.758
194.364
74.9525
193.027
503.587
86.5757
482.592
192.494
455.288
108.952
357.639
380.373
261.887
197.409
71.6835
359.913
230.999
180.712
74.3132
200.458
172.021
167.658
295.495
226.514
409.68
678.311
92.5204
155.389
244.461
56.3065
259.925
529.826
211.549
328.299
332.207
281.772
255.106
86.3758
177.804
237.756
93.2824
141.085
201.366
1322.07
505.784
113.841
75.134
155.887
187.06
294.974
182.371
81.632
670.477
152.392
246.398
207.011
188.388
649.66
478.061
413.903
243.228
113.603
419.363
474.478
531.912
340.784
54.605
97.1808
162.15
881.771
278.445
215.79
104.344
230.746
320.949
527.311
78.9873
157.528
292.774
344.822
244.893
290.341
547.773
521.225
63.6166
46.6219
878.672
119.004
1088.64
1038.32
330.767
87.8337
122.521
75.4314
147.053
174.245
113.194
92.7813
346.143
899.523
340.79
45.8254
578.107
169.716
279.791
762.178
528.735
236.17
171.893
260.589
647.593
233.313
112.623
87.4115
174.171
109.562
109.757
147.938
420.795
361.968
178.761
100.041
104.812
221.812
154.565
545.709
194.437
508.05
64.3721
125.124
546.789
108.984
228.488
234.264
332.166
196.37
264.081
352.86
79.8332
58.4828
147.484
650.284
424.742
142.566
259.992
426.448
73.1606
154.008
155.443
150.27
109.545
100.871
117.206
326.395
40.9346
187.042
217.781
216.36
85.1237
251.462
537.255
531.848
1012.88
235.165
473.08
287.79
317.257
257.672
559.048
105.407
232.504
470.134
65.2816
1728.35
704.748
221.205
355.293
260.047
498.171
304.575
898.148
317.626
412.967
242.936
81.089
254.374
85.4228
402.817
699.389
129.974
97.0513
248.112
383.228
67.347
77.866
191.416
286.402
95.5589
224.163
297.239
353.804
187.106
78.9246
317.707
101.934
554.414
231.568
118.396
107.528
127.066
109.855
451.447
142.363
107.849
90.4485
1113.58
510.63
291.857
493.672
303.067
109.041
175.367
812.087
270.149
356.632
526.39
555.702
104.45
109.078
118.094
362.327
281.349
154.464
490.895
145.677
1288.68
289.519
537.263
407.583
266.914
142.28
144.522
315.541
81.7174
209.959
130.136
177.604
1189.52
188.686
462.46
680.979
195.1
614.317
59.1907
486.902
173.74
205.73
452.415
108.748
480.607
594.664
270.958
85.8916
676.566
439.538
189.67
347.215
77.9912
269.54
355.78
265.218
636.667
94.2975
1018.1
63.5105
316.536
269.882
47.6589
87.1832
1159.86
245.335
377.042
141.022
652.421
63.3585
433.309
155.834
250.681
365.869
269.972
409.807
278.909
425.574
455.374
303.745
301.13
264.455
254.568
230.014
103.641
738.045
183.969
226.351
264.743
123.465
473.765
288.392
338.705
149.813
188.927
208.618
90.3295
266.099
234.806
94.3323
89.7951
569.801
60.5743
122.13
477.384
55.4658
1289.74
1098.24
336.126
339.808
398.153
149.65
162.61
478.437
198.658
84.8744
412.717
275.114
197.901
136.16
328.664
159.47
649.693
166.315
272.099
142.08
372.874
737.153
539.326
239.416
237.611
578.536
286.025
144.738
55.3789
134.586
190.151
136.046
565.802
171.656
442.678
375.919
175.696
359.254
210.041
126.876
278.141
114.779
450.282
95.9153
269.165
232.125
271.995
211.536
553.032
224.538
138.199
53.5362
383.282
219.979
679.867
479.663
145.197
140.972
276.769
498.391
164.181
82.1666
250.178
181.762
276.033
287.312
265.193
415.338
143.91
316.172
197.53
379.399
128.017
640.086
156.258
235.184
607.926
73.6808
132.066
121.085
200.483
414.402
74.65
506.348
268.377
124.852
530.041
160.111
165.543
400.356
55.1295
658.416
213.469
361.469
900.476
289.665
404.66
171.107
375.217
83.2671
167.172
39.8782
403.118
737.747
210.726
230.62
245.726
299.619
206.342
257.414
89.0985
68.8402
325.713
1124.02
383.031
391.318
246.027
180.576
723.456
189.018
343.375
169.265
300.894
50.338
91.933
184.642
150.862
684.253
70.3063
41.0276
1120.24
545.966
141.007
180.559
99.4994
337.079
162.901
402.116
148.07
63.5079
193.628
186.393
412.347
82.1098
247.207
86.3306
110.775
277.666
390.587
30.4635
306.934
200.483
497.374
345.025
557.924
190.556
308.933
333.597
189.033
472.821
137.145
255.52
363.833
682.248
634.096
304.795
435.109
235.528
67.0198
197.245
73.9374
202.624
165.05
655.625
257.042
165.39
149.428
123.481
225.79
362.56
140.082
563.255
730.727
278.323
100.534
94.012
114.851
155.055
229.729
290.775
731.439
1679.66
158.459
582.211
155.637
298.693
239.636
587.453
176.721
210.088
222.49
147.61
971.417
224.963
401.353
164.557
209.295
262.584
345.416
227.667
577.925
469.767
270.581
270.714
288.084
244.568
181.619
211.661
100.859
638.49
150.761
212.479
533.517
344.818
182.806
419.203
726.852
321.494
171.24
141.759
408.811
127.93
720.088
893.247
205.09
292.033
410.199
190.187
354.979
109.283
88.0742
382.26
206.582
454.047
236.945
434.597
235.978
340.339
308.836
1710.12
137.485
108.597
291.695
196.147
817.554
491.985
527.493
117.662
478.194
222.217
527.656
110.231
398.917
180.458
132.887
382.347
327.722
305.8
204.401
148.002
166.845
384.639
149.017
529.304
70.5633
178.938
85.3626
595.089
263.782
419.221
401.473
276.984
162.929
182.542
130.763
314.064
521.753
302.623
834.874
941.722
205.612
196.057
290.749
301.691
370.425
71.2049
141.919
74.8194
259.235
1481.15
190.863
137.1
194.083
57.7714
279.191
392.359
897.341
99.6545
49.7002
108.006
83.41
358.819
270.667
274.214
341.534
622.643
170.141
654.728
493.659
111.966
577.011
117.778
81.4972
280.849
65.4263
347.298
226.985
147.057
171.404
187.713
346.921
421.768
250.442
200.725
279.514
1367.98
372.854
399.6
256.743
224.889
127.524
206.908
288.166
120.094
219.547
117.428
223.868
208.955
245.956
490.926
800.559
590.005
732.854
203.3
222.1
794.046
503.444
231.644
149.36
332.788
267.401
170.974
85.6946
255.09
270.243
163.289
387.476
430.765
233.04
657.364
265.829
444.48
442.182
542.439
185.445
105.685
408.289
736.939
158.651
305.933
54.6588
188.432
131.081
34.0235
36.6222
35.1264
128.971
159.677
396.45
242.601
156.641
219.652
101.382
218.248
399.647
106.056
135.67
816.65
373.285
148.709
122.367
464.358
82.0294
240.387
48.2771
521.22
738.832
50.8318
201.399
378.881
1353.6
429.902
71.8942
117.428
673.624
244.71
87.5454
357.499
281.735
84.4498
254.578
311.468
1745.59
127.968
131.524
330.519
922.03
611.95
427.353
85.5054
504.534
215.895
354.574
316.494
163.73
139.91
384.757
80.168
935.25
236.52
257.04
346.769
442.182
394.123
307.773
381.374
171.113
670.406
914.551
104.368
117.581
910.314
96.2293
359.407
224.085
553.47
129.402
54.2114
227.104
431.17
417.783
380.933
165.33
116.905
113.022
81.868
173.151
284.616
367.005
347.658
172.483
70.4044
175.861
391.265
133.127
519.416
146.49
553.09
566.171
1099.62
210.855
267.112
350.804
585.348
181.525
86.4904
80.9195
305.304
179.503
496.883
234.185
294.21
153.006
490.648
239.371
476.127
185.807
230.335
195.874
364.607
764.686
314.934
352.112
151.591
74.562
131.24
153.062
299.435
494.427
251.848
321.77
345.885
92.4065
254.933
125.347
440.396
144.774
224.329
138.837
64.8011
239.373
64.9756
176.657
121.573
212.466
101.137
299.397
312.753
110.324
171.123
90.137
492.816
190.005
188.64
568.434
162.828
200.919
424.666
82.0395
123.711
622.335
150.153
321.345
856.367
445.708
366.759
130.492
67.6187
463.497
91.6254
328.398
160.793
543.266
261.15
253.754
205.694
1036.29
125.648
292.904
265.907
691.62
242.208
292.941
235.842
685.845
107.15
84.3311
188.022
213.19
433.535
78.168
429.391
102.888
70.8608
294.06
442.741
231.019
450.212
79.789
299.291
422.586
175.315
186.75
207.216
228.649
297.917
235.816
543.731
213.99
79.0395
442.039
302.614
636.003
173.466
305.061
397.036
167.808
166.617
214.568
300.192
369.967
148.755
138.953
72.3919
133.369
150.048
81.6827
569.253
740.479
304.074
98.0951
147.223
289.191
587.977
90.7084
430.168
70.8208
589.613
346.618
89.9074
626.936
85.4795
61.9964
75.1812
356.338
88.6534
445.106
161.34
112.701
75.3894
196.43
274.837
567.418
157.833
137.892
452.745
184.844
133.233
170.302
443.435
210.264
37.0873
420.842
56.4851
629.658
289.466
99.9405
327.447
104.293
51.2761
1160.08
178.195
370.089
209.363
107.058
375.278
179.777
258.874
425.201
363.122
147.415
119.945
72.1438
580.205
749.58
186.493
453.561
387.475
214.863
372.971
158.941
564.656
82.0862
88.749
576.603
335.29
247.84
122.998
402.296
62.9983
735.92
207.775
1466.77
276.745
418.15
107.916
298.706
240.213
554.82
196.394
383.164
312.925
608.843
183.776
750.29
66.7722
548.275
108.394
97.6915
127.826
573.025
159.723
185.59
260.083
113.121
266.982
818.707
285.154
141.583
114.795
172.74
234.177
660.75
141.158
176.658
232.94
84.3914
551.323
41.1389
328.378
486.692
415.63
111.643
956.552
35.901
498.436
205.898
518.711
466.701
392.846
148.817
110.193
691.375
433.3
90.1927
353.355
285.806
490.528
127.336
79.736
121.192
196.689
152.829
1034.14
131.673
779.197
238.779
143.168
197.682
54.8187
215.205
282.303
466.479
556.291
191.258
333.278
309.728
500.187
449.738
331.406
406.752
542.543
228.587
64.6863
226.806
344.265
111.533
668.207
414.506
66.0742
316.389
120.31
88.7077
180.15
91.6105
335.637
36.3536
224.624
134.532
483.241
221.312
764.927
102.317
231.865
585.228
156.819
597.916
143.948
276.287
688.659
263.839
103.337
514.851
403.726
116.237
728.24
1043.35
1008.14
172.014
98.8499
177.54
362.776
421.479
78.249
154.753
118.322
591.798
286.525
104.596
100.794
189.048
246.312
599.113
274.317
292.579
336.836
172.606
342.199
643.251
250.211
178.865
153.583
169.99
79.2466
313.97
148.261
133.073
77.9472
306.824
103.403
205.508
125.75
273.107
784.502
168.014
251.626
239.608
727.697
205.096
103.931
651.089
526.05
71.1897
470.856
355.835
209.822
92.3448
377.776
122.222
1111.26
349.802
156.885
547.432
248.006
175.722
138.424
67.3807
126.958
403.421
166.04
416.917
114.774
141.079
103.193
147.119
190.184
681.444
273.436
84.8634
363.641
774.783
147.466
86.7335
272.64
930.43
101.145
217.143
252.158
441.772
200.804
271.302
131.511
190.757
75.1837
327.797
166.835
436.341
201.28
615.486
393.521
86.7919
93.9173
415.279
150.342
409.034
133.439
381.273
100.714
624.793
492.576
111.078
643.958
216.249
266.519
135.793
642.679
620.249
134.783
319.819
50.6703
490.24
489.491
257.999
76.6218
122.118
68.7583
125.093
91.8719
86.7856
193.929
71.1483
613.943
91.2444
318.513
99.2036
257.096
526.113
123.423
207.357
339.981
317.308
126.05
681.939
102.728
141.503
413.361
146.422
51.4019
212.338
120.246
148.209
76.3288
493.379
134.978
265.622
422.36
446.474
165.558
140.111
216.284
260
1128.81
112.015
59.4872
334.851
194.916
267.845
129.238
86.8453
748.361
221.495
74.6815
442.365
524.079
80.0782
223.391
384.934
189.265
438.561
270.044
511.728
34.2994
195.969
82.8083
259.005
251.007
1670.89
474.197
299.18
236.219
89.0075
238.235
90.1201
264.341
142.575
147.355
554.414
535.632
632.257
91.2546
151.156
135.765
444.331
273.909
146.161
166.713
163.206
177.951
301.2
213.92
231.348
242.489
240.612
72.9052
655.643
94.0722
402.955
131.072
169.32
222.004
194.424
379.894
96.5035
70.9347
169.057
506.954
120.76
464.934
179.653
52.2596
68.0232
294.658
74.0703
307.53
270.412
109.149
396.887
812.256
328.878
290.423
81.7779
248.567
80.2543
243.817
70.229
143.065
63.718
114.469
325.534
189.785
912.387
278.061
407.883
282.363
612.5
103.943
289.354
134.664
412.228
324.061
271.88
70.1956
78.2402
94.4921
204.723
347.149
234.044
129.085
832.43
244.243
175.881
130.644
136.999
1078.1
70.2209
202.197
226.818
190.653
107.199
856.866
763.396
137.397
640.288
397.159
247.604
81.0862
295.411
131.618
204.501
121.224
358.587
447.547
483.351
111.819
87.254
114.189
201.904
495.101
33.3309
176.08
404.299
59.8044
769.002
409.326
106.184
77.6007
491.016
52.9013
2847.09
337.905
225.387
730.323
293.036
181.154
82.2956
86.83
162.465
104.975
455.359
171.032
150.615
222.342
181.53
235.528
390.646
654.164
778.338
80.1438
60.7785
174.369
732.88
468.592
504.925
102.631
81.4171
66.3722
610.78
285.924
57.7139
156.901
195.479
594.233
144.787
353.142
383.804
254.625
456.447
169.745
79.4204
321.647
102.57
857.947
318.975
101.488
145.464
595.491
894.238
268.871
106.587
215.195
131.273
298.202
424.882
98.9317
580.858
150.762
172.625
266.909
408.695
124.689
187.425
196.445
233.673
209.78
478.324
466.494
334.885
108.016
257.155
114.904
104.453
535.287
286.809
141.383
262.86
210.615
152.506
766.051
136.089
415.667
117.191
280.591
127.404
336.442
145.748
190.009
511.709
173.381
161.628
250.757
311.523
353.995
48.43
166.615
865.881
342.513
340.148
55.0029
81.0891
234.957
267.963
458.647
98.5206
272.506
449.965
134.603
400.349
334.728
2524.51
97.5897
301.617
194.841
1046.89
149.783
324.039
83.439
435.996
115.438
796.026
267.633
425.303
51.609
252.81
70.1626
288.994
108.388
134.094
145.378
347.441
1083.92
243.955
110.257
230.142
301.86
190.238
980.291
487.445
79.1612
290.473
367.25
54.3916
94.4448
162.024
784.705
108.055
265.556
389.263
358.692
629.025
655.273
127.613
100.418
202.639
804.407
74.971
340.568
338.199
171.65
212.17
64.8554
434.511
135.042
106.594
135.443
182.078
359.934
182.125
176.889
152.93
566.018
151.077
123.116
367.312
120.541
505.043
265.046
192.249
350.804
388.66
412.115
207.174
264.557
283.179
577.591
59.0727
227.191
291.164
303.013
332.639
1014.88
86.7308
189.241
158.455
99.5088
130.589
96.6962
396.637
50.0516
126.801
581.512
214.088
185.289
393.215
178.13
215.381
57.8917
1071.19
426.654
338.469
242.798
386.493
43.8823
592.215
383.693
635.927
419.586
112.622
184.692
165.177
235.645
90.6107
311.345
202.408
552.902
242.761
892.865
200.896
186.166
168.856
145.714
222.878
402.859
203.28
417.92
588.283
227.899
124.318
386.422
700.131
189.853
129.182
105.903
171.804
140.672
490.704
225.85
196.543
429.442
103.988
1312.99
119.881
132.225
1009.18
899.598
423.894
778.976
326.816
45.4965
144.369
1066.99
133.418
58.436
451.623
104.615
533.824
230.78
181.893
354.513
231.822
99.646
69.206
59.6472
385.419
253.025
89.7658
77.9154
437.275
50.5028
86.4512
423.263
309.469
205.95
310.311
295.731
280.472
120.285
389.954
70.4729
233.944
352.674
198.537
161.655
208.199
317.422
478.526
461.134
452.517
456.197
311.463
250.072
553.607
336.051
388.477
85.9504
407.882
326.609
278.042
206.368
445.278
288.35
67.5567
341.64
259.257
640.126
513.961
252.249
199.6
398.498
68.1402
364.913
1132.78
256.043
191.15
647.012
889.71
376.678
670.889
689.576
318.467
786.991
242.841
345.949
464.758
357.513
475.629
244.003
141.991
434.749
114.727
638.708
267.3
287.114
144.883
307.282
445.099
207.722
137.958
477.319
141.978
111.142
162.167
735.163
220.664
250.727
405.045
62.0157
95.2736
300.705
208.765
927.597
177.226
191.908
128.704
214.338
293.898
93.6117
978.156
166.614
378.721
542.427
283.817
510.879
322.079
162.864
568.851
530.732
647.381
102.439
204.348
189.61
165.374
137.761
212.146
276.439
482.708
149.274
162.663
1054.89
198.779
223.075
290.963
470.974
217.524
200.71
168.725
348.613
241.894
1042.93
655.79
169.986
136.806
256.83
304.644
342.141
292.892
577.718
134.982
520.529
668.307
179.33
160.303
223.841
295.974
729.602
371.566
515.439
998.865
188.412
95.7501
80.0011
317.868
111.391
470.41
450.199
237.646
126.017
115.049
607.226
471.505
150.554
334.575
110.87
261.65
111.38
343.563
71.7425
1746.49
652.506
114.315
382.185
141.75
254.181
160.397
85.7328
454.232
485.736
82.1285
219.699
133.901
416.697
929.663
152.967
147.337
174.244
156.655
509.038
390.382
369.41
85.4186
254.45
234.21
303.889
297.902
394.454
452.816
263.185
151.297
404.057
55.6573
1020.91
168.71
269.636
149.17
431.128
397.059
89.9121
509.482
123.743
202.277
289.269
194.297
351.226
307.821
237.924
503.49
448.056
99.4524
94.0047
459.784
384.26
378.804
241.622
121.283
423.655
712.881
728.445
246.247
209.831
99.3935
673.572
670.111
102.532
116.673
176.02
393.414
239.771
160.332
891.617
541.855
148.29
558.895
62.8206
66.1732
146.891
439.221
434.201
445.23
180.511
242.73
390.206
194.443
543.213
293.854
622.128
113.827
301.463
194.541
186.554
492.137
275.778
414.895
157.182
85.8456
169.037
247.63
458.78
152.444
674.054
98.3299
584.581
106.765
64.3767
206.393
53.2566
175.276
134.224
191.554
1371.69
60.8415
185.08
85.8097
123.596
260.844
84.6865
254.448
301.723
160.275
327.826
180.806
81.5358
121.486
85.1363
237.068
1014.87
155.708
1155
127.122
362.413
113.578
222.917
491.525
71.6959
1057.27
244.535
591.588
670.116
220.08
200.075
227.214
267.826
80.741
241.931
161.337
139.31
314.977
201.632
353.869
228.565
263.59
174.308
630.538
108.546
194.731
120.295
83.0961
318.674
85.1586
387.403
82.2568
192.293
224.57
382.819
512.865
1018.22
140.8
270.018
127.917
199.462
224.816
337.563
108.864
86.7647
100.292
504.352
969.271
282.631
543.755
96.9169
535.14
174.482
128.122
113.393
168.292
162.904
126.222
205.418
366.305
629.316
201.474
407.761
525.717
77.514
702.214
246.066
76.2633
150.764
388.964
298.958
97.6255
224.778
258.056
145.031
162.128
115.353
620.992
277.637
210.523
192.188
267.36
426.908
437.161
737.487
63.3323
515.97
532.907
337.217
227.823
461.98
195.919
172.95
518.27
1610.09
347.155
104.17
427.132
473.916
366.663
392.018
652.658
331.741
240.293
94.1333
370.623
80.6248
680.8
451.14
68.8299
127.634
80.1886
99.6412
455.274
271.41
92.2439
763.009
175.829
144.634
238.657
623.541
134
105.319
116.239
332.387
693.643
242.975
117.197
495.149
250.211
350.426
325.255
530.012
134.279
265.761
210.386
139.044
647.382
258.528
457.841
104.976
697.149
520.77
337.058
355.844
539.728
351.278
224.173
316.24
62.3178
141.824
548.714
43.044
79.1172
256.167
110.152
374.144
85.6879
128.338
374.723
618.525
1696.12
219.115
436.672
107.601
185.846
108.447
126.814
137.646
101.984
541.76
80.3218
679.986
216.288
130.373
150.752
100.7
204.974
126.736
133.046
202.606
183.427
258.589
801.954
47.5298
76.8498
946.642
75.9267
390.909
223.403
124.294
187.986
399.805
729.807
747.47
64.1449
533.599
229.81
57.8219
929.214
328.236
396.899
210.675
367.242
296.344
354.419
201.048
77.3913
197.508
305.338
644.244
664.38
158.886
362.606
681.685
68.2343
449.257
925.286
478.141
274.396
155.173
360.271
164.124
415.029
169.259
516.332
407.983
524.728
197.369
54.1956
486.89
657.561
114.476
432.177
195.217
316.92
139.755
205.727
210.442
62.5849
69.7153
1846.5
220.718
424.491
347.756
220.86
647.586
287.032
179.524
95.5786
399.764
245.47
178.328
138.573
240.425
440.885
512.525
223.917
184.971
325.162
610.1
393.002
132.655
61.6132
82.9229
844.099
86.3212
144.914
585.659
483.559
357.71
317.994
141.93
901.056
138.275
453.779
336.56
425.301
79.6628
252.393
173.49
55.6524
111.976
380.793
173.149
55.6117
324.469
671.749
265.95
299.334
125.06
173.445
327.342
55.0402
126.165
178.612
67.2334
159.513
882.69
520.098
238.571
653.256
117.944
58.7653
299.107
352.62
244.81
140.132
376.112
265.442
845.818
339.786
85.134
161.152
461.259
118.415
1306.09
150.583
952.371
146.196
222.23
60.8569
375.101
591.667
310.093
42.8503
345.122
466.01
555.31
238.51
85.2933
299.404
346.246
420.168
108.432
273.159
306.31
79.9224
452.529
59.9561
106.985
89.3696
541.347
112.626
150.487
83.0148
336.646
240.855
797.63
459.677
89.7205
450.374
292.546
509.052
153.045
294.492
63.2701
617.815
103.501
401.066
141.715
921.704
259.369
546.869
729.2
82.2835
476.86
153.926
449.799
244.034
66.9271
452.399
370.892
387.371
178.016
465.071
317.457
405.665
116.56
513.351
228.931
313.21
114.028
161.426
494.544
51.6873
226.389
169.075
531.668
90.7107
155.193
259.544
564.396
274.621
108.609
242.85
428.642
149.815
362.669
83.0139
257.821
138.533
127.054
124.042
271.661
187.775
886.86
248.082
555.659
335.585
1262.13
1136.09
534.206
301.202
855.792
187.302
86.5684
242.156
517.552
430.475
150.869
134.25
98.1875
214.073
93.3412
158.186
224.552
47.3996
90.7359
89.7342
163.567
213.881
183.061
70.5966
273.843
256.514
89.4078
589.327
640.998
83.8541
167.313
435.055
164.681
173.165
140.269
881.733
380.128
361.683
806.104
444.922
924.383
151.776
779.149
194.35
456.414
77.4268
102.501
70.4558
264.237
168.595
276.813
418.977
89.6486
582.848
351.277
977.415
575.364
272.507
232.823
327.948
93.2744
200.855
375.792
450.351
346.02
524.678
320.155
605.615
677.966
93.2827
826.478
196.191
85.0128
188.225
406.099
240.435
317.59
431.409
168.302
63.2902
416.865
417.654
527.899
289.686
122.246
271.534
113.767
313.123
191.822
295.557
96.2138
904.06
431.118
181.891
122.467
126.274
597.225
304.285
466.304
167.087
574.85
488.285
315.117
67.6982
420.224
247.491
111.304
710.208
280.575
477.414
163.937
383.332
174.055
73.8878
219.945
108.636
956.664
95.4996
246.879
1070.83
41.5132
798.304
1099.88
1098.72
547.911
511.956
226.168
54.6023
194.768
248.71
505.311
272.333
103.711
294.315
608.208
614.374
411.739
197.868
503.7
1176.5
180.399
581.183
353.927
385.439
120.407
228.327
272.09
566.142
232.617
90.8215
701.494
97.0186
125.773
203.014
537.195
543.068
526.071
97.5978
243.529
737.301
148.364
242.119
274.754
256.192
218.594
457.593
113.651
471.461
277.993
176.635
210.199
666.112
156.556
517.654
70.4034
717.644
74.6589
419.669
421.567
259.442
416.363
168.67
398.438
364.235
415.487
128.029
355.011
165.606
319.424
195.529
286.167
200.365
1075.88
301.249
143.827
316.598
89.4818
130.12
96.1453
160.653
130.623
417.488
921.519
198.83
464.794
108.545
260.676
102.251
247.91
184.542
504.428
251.852
130.4
44.4815
363.883
130.877
100.814
114.25
125.559
224.269
708.717
106.798
97.9629
272.506
744.324
92.9502
538.542
162.555
298.661
95.2519
128.431
121.3
60.5679
151.59
143.728
62.4528
321.257
826.068
228.048
83.5439
192.989
200.963
367.24
139.493
403.842
121.82
150.542
257.871
52.8591
310.959
229.637
739.758
122.728
438.548
230.517
223.075
261.257
393.15
98.6191
111.09
70.2843
53.0182
265.297
152.634
2341.52
94.1716
292.109
176.894
104.683
302.919
150.669
232.422
380.362
248.338
482.625
865.955
279.815
471.287
42.9683
145.42
245.188
153.329
497.163
85.3077
574.261
214.437
237.784
258.665
154.703
359.527
320.073
618.759
91.2908
228.961
367.955
259.177
151.827
482.748
140.328
188.976
158.269
43.8924
152.674
548.334
158.776
130.373
118.427
122.456
167.483
539.922
59.4769
284.89
384.121
191.069
120.926
103.837
85.1024
42.121
369.932
55.5574
218.016
624.168
321.156
49.6864
868.906
63.7539
615.66
315.358
156.024
313.156
183.795
182.126
91.3772
679.694
139.988
764.514
847.656
171.431
242.145
458.11
83.1658
85.1132
226.548
258.84
507.435
99.8404
465.896
1010.85
183.371
608.592
117.259
408.112
142.055
131.362
284.117
600.22
307.228
487.407
241.427
568.477
180.772
66.7556
178.65
166.24
90.7251
154.669
254.597
331.915
381.564
891.569
229.056
270.224
187.61
53.2343
154.016
402.916
66.6267
740.098
145.95
1568.47
67.4843
480.673
132.348
843.33
510.367
145.849
247.184
260.885
150.571
207.629
150.038
235.224
1109.82
649.169
150.416
301.907
269.697
91.6973
423.595
314.364
404.984
254.117
645.43
169.566
75.5961
33.8052
426.468
415.302
164.431
188.236
472.02
63.5162
384.691
107.812
165.668
210.8
136.054
217.651
168.323
350.932
361.655
278.372
346.712
815.979
275.058
1001.57
218.066
991.471
64.916
133.207
500.375
159.401
223.847
370.435
1149.48
134.301
165.942
118.653
123.369
50.6465
765.982
503.178
221.758
241.201
545.002
253.657
333.513
191.78
126.319
64.7038
413.114
829.159
89.8178
149.517
105.604
575.875
284.35
257.359
270.275
156.167
114.357
360.626
1101.93
496.617
139.141
590.766
602.226
777.596
163.213
641.584
66.9051
774.535
206.198
336.372
189.801
184.91
197.922
96.8183
235.14
225.318
168.362
671.946
282.81
102.186
261.16
124.576
471.233
385.141
159.605
252.251
257.186
139.731
172.32
339.071
505.241
813.209
295.13
394.5
251.675
532.381
179.813
103.666
545.075
180.532
737.762
720.334
118.945
122.807
192.95
864.944
458.832
89.8616
399.136
555.429
301.928
231.692
377.815
264.792
238.436
170.587
173.261
837.761
245.612
737.193
132.515
281.018
765.16
502.43
877.468
89.6006
325.428
240.04
519.097
80.0455
283.353
157.182
218.358
245.525
263.016
158.487
175.677
421.941
251.289
166.762
112.273
79.2691
316.966
506.505
212.157
576.571
217.303
206.598
136.499
264.547
71.1256
459.772
249.863
86.5885
171.276
758.847
182.837
403.226
208.955
259.369
525.597
792.073
599.554
103.61
106.323
91.0034
112.073
542.535
193.328
289.343
71.6246
192.984
233.168
146.46
273.98
146.017
399.136
150.856
480.858
190.253
244.718
401.605
415.306
444.791
450.049
428.181
655.345
315.481
312.94
103.606
177.18
64.1466
246.379
188.593
223.29
534.663
723.788
835.852
330.396
139.195
59.3315
158.26
148.091
907.806
244.549
421.602
739.582
83.598
194.351
534.295
436.394
215.018
85.7408
178.495
280.105
240.504
321.269
461.674
134.738
143.239
886.81
1030.13
421.731
219.44
406.04
250.051
334.525
401.915
154.937
415.697
176.027
171.51
90.473
134.305
245.236
147.021
441.401
342.114
102.962
293.258
131.444
141.909
73.3032
108.638
202.831
167.942
111.833
544.226
267.297
550.926
587.22
64.6638
319.88
167.022
460.224
262.618
54.5927
158.241
170.393
146.365
204.979
224.353
482.075
393.676
786.089
330.548
700.928
265.129
211.871
169.6
383.714
362.875
1179.73
937.535
241.37
88.2246
126.595
154.337
269.229
248.421
645.95
383.49
211.084
747.825
79.2363
477.245
245.195
1231.24
272.231
543.552
431.368
664.608
509.447
336.414
77.8987
249.201
261.672
62.8518
282.246
326.794
232.965
355.331
198.077
608.39
289.218
166.91
60.7668
243.915
49.2587
92.7676
134.038
173.776
527.085
159.454
352.193
105.24
150.475
126.172
271.838
159.494
256.51
125.803
433.75
220.514
180.41
406.847
171.072
88.6336
483.359
134.201
972.942
76.4978
55.0438
178.22
63.8138
145.343
67.4975
68.085
144.238
402.067
229.337
173.608
179.033
493.597
624.039
161.678
80.6336
237.208
361.69
522.262
658.269
191.492
187.684
1102.37
62.2171
262.277
118.236
188.794
98.7264
164.325
410.482
251.513
177.054
734.781
151.189
275.853
132.694
94.9526
96.1299
330.547
99.8754
295.7
112.323
355.717
330.229
439.018
543.077
244.198
296.958
620.126
195.536
123.591
311.493
85.7951
733.365
255.485
212.815
778.272
277.133
369.897
283.204
297.449
43.2811
72.276
95.0551
491.412
129.967
208.877
216.279
98.7283
206.67
447.186
151.45
585.806
739.938
486.108
301.811
244.52
311.86
177.727
125.486
540.496
87.9838
727.367
337.045
630.203
188.703
68.7487
274.717
145.943
51.1075
127.353
146.619
389.327
203.484
262.808
103.772
164.021
187.345
491.186
174.766
349.527
233.426
543.939
322.537
426.403
429.211
99.2744
234.626
207.39
73.3114
332.75
153.795
127.024
177.115
98.8318
243.824
147.457
249.752
1492.78
935.014
281.63
439.401
411.852
145.769
444.077
97.0675
139.353
252.115
704.83
469.183
222.672
92.158
686.718
155.822
196.773
558.493
722.037
125.879
611.946
120.284
61.4324
136.004
1021.3
1129.81
634.281
448.172
81.1964
197.455
196.581
188.81
331.034
559.997
182.152
72.3651
192.287
357.424
137.855
195.811
220.813
94.155
196.573
364.056
167.843
1104.53
100.243
547.899
238.969
89.7186
239.051
120.93
156.91
95.2619
327.634
228.021
277.109
630.065
164.789
78.8497
1116.76
258.447
144.79
301.074
323.411
624.361
1197.27
940.182
914.559
57.8805
115.239
302.5
425.051
124.673
223.158
300.524
89.7096
407.927
73.1919
681.55
658.239
625.957
340.957
60.7738
543.566
144.802
265.419
199.43
211.072
302.925
154.593
84.3279
739.157
485.105
211.108
471.97
539.307
347.305
135.138
74.2385
520.264
85.4012
255.179
224.047
63.6471
103.147
244.793
241.593
353.86
128.016
182.627
285.781
379.034
389.405
282.06
471.092
377.451
183.964
150.544
123.026
220.865
87.3255
160.29
743.315
140.845
172.959
406.295
188.48
182.677
187.096
167.025
388.673
184.08
84.0399
409.05
516.026
254.717
462.801
142.79
112.961
924.192
123.62
59.8874
207.271
114.812
531.588
202.786
124.684
62.5954
540.076
327.866
510.573
219.295
806.348
499.044
32.292
534.161
319.556
40.4686
209.587
203.353
129.953
66.4395
212.361
149.828
157.948
242.117
101.741
87.2665
127.099
229.649
388.749
324.037
397.017
179.473
143.133
158.995
185.886
455.775
252.942
285.448
473.971
222.099
250.87
161.814
645.55
266.691
168.071
528.597
76.3545
402.486
175.939
131.028
395.033
103.422
412.319
141.696
598.841
69.7382
326.743
153.504
97.0985
53.0932
475.54
113.226
41.2299
376.021
248.626
148.542
251.661
266.635
163.77
96.014
425.516
195.425
285.075
538.254
984.563
635.63
94.7209
266.438
323.32
129.042
213.111
403.967
232.868
284.391
145.005
258.771
1191
786.322
208.827
357.244
397.493
186.01
282.314
481.559
111.594
582.959
180.5
267.306
99.6308
145.125
325.257
389.776
388.627
159.872
126.89
1114.69
97.4373
590.225
498.368
228.614
995.232
177.031
255.07
108.111
135.154
940.799
71.9697
671.739
195.052
82.0841
247.102
191.463
580.236
1707.48
205.481
256.909
104.665
51.3534
540.634
480.34
95.0332
167.247
165.349
191.06
165.542
153.905
346.42
247.102
119.277
860.243
115.406
920.424
302.842
399.705
126.041
122.552
1163.32
192.226
419.5
123.762
136.964
237.398
609.931
55.4879
540.241
712.747
62.3521
403.473
434.98
221.219
288.36
51.8108
234.107
342.338
79.0935
238.144
350.722
135.764
208.859
66.7905
910.716
135.294
550.132
271.797
333.589
292.859
170.063
47.7848
381.823
618.306
557.537
399.663
91.8003
141.267
105.718
318.706
77.3192
100.746
165.732
556.88
187.828
269.497
120.953
74.1632
206.425
54.6118
150.848
148.96
426.77
69.5279
368.372
375.939
132.516
240.789
90.8939
66.5782
153.558
254.102
203.458
114.472
241.056
613.503
156.602
191.789
109.281
59.9574
259.917
224.842
202.06
299.558
195.549
69.1922
91.0581
86.5265
49.5781
393.056
283.862
247.006
81.8059
197.363
941.085
79.5569
109.587
78.898
337.339
163.564
219.545
284.727
371.165
186.838
109.845
262.992
195.644
103.956
130.45
564.355
154.748
191.16
153.316
459.147
75.0053
273.857
411.567
143.149
171.256
170.751
232.963
340.982
186.428
273.12
268.709
531.102
468.237
202.592
159.397
325.23
59.0989
192.006
246.065
174.929
488.718
281.243
179.105
266.03
534.147
257.538
54.4005
221.128
328.83
259.066
84.2434
200.068
611.316
784.937
187.143
237.932
212.622
261.346
110.478
89.9539
126.46
208.334
333.32
422.561
85.8082
82.4051
67.9362
84.8808
424.489
222.332
319.068
175.442
145.197
148.872
107.965
167.591
348.63
335.99
133.804
290.421
134.648
225.439
329.465
535.738
287.518
45.2745
192.773
569.752
98.7046
690.357
154.573
71.4906
236.747
78.7418
64.262
485.63
236.04
140.486
452.098
143.765
334.972
337.773
954.743
78.518
67.7712
549.622
69.0426
90.7449
565.102
373.299
379.706
309.795
675.519
237.859
224.334
439.368
266.24
1017.34
236.627
101.449
383.732
210.625
190.185
284.34
82.3282
490.067
181.005
177.08
147.2
168.331
225.307
278.063
132.654
167.587
244.359
49.1426
351.234
521.481
78.5314
450.442
299.769
447.656
143.688
807.271
61.7142
164.83
238.653
83.5962
174.553
239.056
438.285
198.979
254.046
447.44
78.0386
60.6199
170.04
153.955
266.262
566.212
278.375
136.757
114.573
244.388
172.647
182.628
60.0202
253.826
354.04
108.088
87.8737
100.308
218.605
302.03
106.77
83.4493
29.1233
105.118
483.032
75.2658
244.097
79.2082
643.714
120.956
180.655
159.959
272.843
619.315
494.679
127.228
271.963
891.028
297.331
544.964
662.396
95.2019
294.157
270.772
381.973
150.191
54.8494
462.505
274.524
219.026
249.088
134.741
598.8
454.45
302.843
489.48
360.667
651.208
138.852
656.405
158.048
759.717
331.625
318.508
88.3376
148.132
211.436
219.878
92.609
507.072
218.33
433.68
201.065
197.989
107.496
128.841
142.127
336.687
624.411
81.3763
316.356
154.173
173.255
201.774
455.896
250.346
756.988
105.107
318.902
224.253
77.3285
197.354
290.85
502.066
111.233
419.106
372.431
224.772
464.031
152.285
151.946
70.439
354.726
144.775
234.225
172.755
354.104
177.519
175.876
576.467
197.638
97.1936
439.6
287.458
439.996
348.458
114.05
67.3249
302.241
510.815
117.653
327.428