120214
83695.8
375447
149868
283261
354838
1.06933e6
2.42868e6
1.27774e6
2.15283e6
705835
551821
377686
334186
120147
1.72955e6
647895
20968.4
1.21063e6
13205.3
358918
1.06447e6
754304
1.00207e6
239594
66587.2
461141
1.40974e6
108225
1.37645e6
285662
750693
1.1428e6
762747
743005
29154.3
441583
475249
720436
500411
979691
58174.7
703953
1.3965e6
1.67937e6
851757
219105
1.53308e6
938020
851653
1.76834e6
867868
114115
552295
423417
242955
1.33681e6
4.38798e6
152976
203668
4358.65
686631
600161
325776
2.47979e6
2.96279e6
43698.3
17193.8
610746
1.26671e6
204361
815123
608728
2.5624e6
1.13239e6
680603
894891
197062
1.89623e6
692811
113808
1.48322e6
293053
385438
2.24586e6
1.92927e6
135141
100982
85752
410232
1.53883e6
1.2331e6
697754
777072
850907
1.07781e6
185439
1.10888e6
361418
1.80384e6
525605
383067
255875
229061
2.87347e6
840178
875847
73505.6
637834
368946
54558.2
1.37641e6
706514
808785
7674.44
1.01956e6
95265.3
592553
1.83722e6
1.44273e6
464100
132580
36233.6
332587
428323
1.38317e6
83382.5
318842
522693
98245
267003
19181.1
845168
693184
279687
1.1289e6
86883.6
2.5216e6
127063
89485
1.56686e6
302998
3.44318e6
661385
4.58191e6
171304
171665
424909
37319.9
159422
489913
430640
544541
162167
1.40942e6
367750
1.59291e6
126832
455112
134014
607889
1.14618e6
288039
954755
306547
1.1673e6
246520
479586
951175
692173
11994.2
635856
431019
1.06378e6
588979
775909
650713
1.91028e6
211046
1.37133e6
380016
2.58264e6
189426
3.98263e6
337543
529204
1.75205e6
38560.5
325007
251462
608301
410336
549160
486060
694467
658065
954698
2.5314e6
74049.4
205295
207592
3.70382e6
26650.6
835812
1.02858e6
1.54357e6
1.56426e6
633462
1.04112e6
6024.79
327009
4.9171e6
42683.1
683332
60129.4
648504
3.45571e6
602727
1.34014e6
1.90911e6
1.12672e6
2.55851e6
664169
684459
338422
1.15575e6
1.28877e6
181283
578480
20704
184411
674902
418240
183360
199861
728088
1.61713e6
249236
278991
115769
495478
2.33191e6
2.97955e6
273737
293487
45828.8
2.2189e6
1.07403e6
133246
1.39272e6
3.10318e6
70446.3
686329
751805
41898.4
426901
1.45399e6
655597
5.31183e6
488622
749404
247971
661652
239222
94968.5
17654.2
181755
2.94407e6
1.0403e6
415482
1.5256e6
664173
3.02526e6
54347.9
242486
220638
1.79616e6
559430
233304
93364.8
486271
56976.9
186548
1.25064e6
121175
32789.3
1.128e6
201822
274479
2.93149e6
835658
264838
644922
133738
309898
3116.6
2.4481e6
66470.2
343252
2.07132e6
732891
458256
1.1085e6
526002
1.02221e6
921396
184746
686579
3.3815e6
431542
545534
752752
109794
504519
2.99651e6
419762
502960
503960
410525
59274.6
836063
283581
235489
564418
88063.1
187831
678763
535087
315898
282056
54135.5
856896
1.9934e6
646770
364089
140717
114181
1.01361e6
7308.32
144631
860193
3.76213e6
606914
770369
584885
79891.4
469526
330096
1.63952e6
772644
835940
2.30808e6
236391
185212
605880
1.59961e6
750863
1.0322e6
751590
1.2965e6
239173
721065
1.79219e6
70689
1.60947e6
1.01128e6
1.21915e6
812212
1.0963e6
444248
217820
286107
85818.6
439553
1.36191e6
517633
1.31329e6
42537.2
599661
150840
910409
3.90098e6
63518.1
238250
1.00888e6
1.66697e6
134197
1.80117e6
338081
1.69328e6
933416
931427
188044
247291
451365
35405.6
532746
864092
3.04718e6
1.8719e6
119315
343708
435341
1.05188e6
1.04681e6
1.90443e6
449195
37916.2
900536
140548
143492
63671.7
1.92174e6
192110
27907.5
163678
562088
69159.5
257626
124920
1.4928e6
680049
95890
513664
926872
1.66363e6
27632
2.56614e6
54298.5
1.76206e6
456224
302731
2.66217e6
3.73556e6
366285
54686.2
1.02283e6
322279
18830.9
130659
672154
276991
165479
2.7135e6
475589
1.37647e6
490622
996171
533855
947865
1.40885e6
2.59744e6
533858
129219
667377
414947
380143
332946
1.74358e6
182366
822014
1.71548e6
1.72684e6
2.58312e6
1.48236e6
828972
16031.5
1.65408e6
1.19439e6
581690
52968.1
103933
334358
670625
438092
1.67117e6
243559
2.76115e6
1.09234e6
592824
123726
155836
908989
388405
1.0108e6
710851
354411
301854
1.14257e6
412571
2.77345e6
730846
1.71102e6
315115
800212
274968
596932
48489.7
1.36312e6
1.59495e6
748651
5311.87
585658
437656
779321
21421.3
540989
244786
301473
741767
188387
175099
1.16538e6
676819
79296.8
550560
1.02679e6
1.05057e6
481826
603792
1.60845e6
3.63058e6
359024
2.82798e6
3.05778e6
1.74845e6
2.18528e6
11155.9
417534
13513.5
40188.2
820245
287237
101091
314923
1.4324e6
30058.3
1.15647e6
323029
2.80621e6
906574
3.374e6
1.92411e6
67427.5
92691
673294
1.22157e6
1.45122e6
997764
2.10769e6
277692
2.12195e6
40206.7
10125.3
1.06429e6
740267
162002
2.48874e6
1.69525e6
197468
1.09209e6
332313
194877
1.53872e6
904517
738980
1.19234e6
1.03562e6
211276
468507
44465.2
804256
499548
2.87626e6
95407.2
79145.3
1.6076e6
1.09063e6
1.0137e6
2.74844e6
732443
1.50645e6
2.43552e6
240836
2.84377e6
836698
58716.7
589487
667974
1.08344e6
1.41233e6
1.2433e6
3.95113e6
29245.8
775753
300324
63537
2.28391e6
138866
218156
779307
2.76113e6
724663
491033
998837
366670
802944
1.92118e6
621279
30467.6
680125
1.74533e6
49524.8
81121.4
532566
964038
2.00654e6
268301
78059.9
102693
264387
1.33259e6
2.28999e6
1.86476e6
576686
298119
81494.4
145986
143638
231894
652230
110008
1.08426e6
566335
404693
1.41486e6
707176
920889
13931.6
34811.3
825302
271060
238282
176060
921823
888811
73391
716794
238284
305054
607439
962457
1.9649e6
28433.6
1.03089e6
1.50526e6
812226
1.18014e6
3524.68
1.79538e6
562623
584019
1.20972e6
1.30726e6
170378
442351
1.26609e6
160083
758816
460746
224854
275399
1.55562e6
223883
408746
217422
1.20492e6
701876
2.22903e6
138206
675668
1.03296e6
1.04552e6
51386.1
234139
212587
1.6676e6
70130.4
462295
252844
8245.66
1.16476e6
902384
680247
15586.3
134639
572790
602304
381470
1.64079e6
1.14602e6
495814
384843
1.06298e6
465495
2.37169e6
875464
1.63966e6
965923
283280
73057.9
1.89005e6
291876
3231.7
981909
732684
1.50842e6
2.83551e6
112407
663175
238905
556033
2.26637e6
304934
814294
1.09054e6
136357
347623
189699
117742
335317
352268
714716
1.26427e6
797367
277869
343078
1.13988e6
633370
921466
437610
223521
49264
2.27662e6
166532
548865
2.45566e6
1.14659e6
1.72134e6
52833
1.40877e6
14583.1
412668
571904
44099.4
941852
1.46228e6
460320
943023
1.2836e6
1.73991e6
705828
63821.7
187434
687202
865257
486089
447715
411832
2.5698e6
101190
3.32616e6
1.3609e6
413680
564690
745250
232520
943917
352693
433479
776021
536459
702412
809021
2.03318e6
192531
31083.5
1.77498e6
181855
247559
704370
350008
209062
79791.3
1.77006e6
1.13075e6
68947
144733
1.28803e6
337406
1.76324e6
979764
94211.5
311897
5949.34
797022
790504
120674
247154
1.15359e6
353740
945775
1.85248e6
602390
504100
31809.9
1.55226e6
497629
1.83532e6
858544
439249
1.27562e6
897289
860376
649567
560917
187442
734564
1.04093e6
1.66122e6
227774
65515.1
219413
282327
483153
481560
471153
259989
222776
393570
187338
766231
610119
1.17628e6
2.4084e6
821079
1.82353e6
326454
525262
168046
3.6324e6
2.45459e6
1.14297e6
675956
152438
23402.1
1.07686e6
585259
785949
3574.38
530338
5350.17
472465
154554
771828
817963
228374
38204.5
1.00891e6
1.53472e6
492839
1.08118e6
2.47768e6
481917
103569
1.00328e6
1.01132e6
141139
1.50912e6
772674
302054
2.77929e6
1.15173e6
48069.6
64380.9
159931
707207
416056
227064
1.21717e6
1.91976e6
1.04262e6
1.32859e6
469263
144447
920526
1.47719e6
606904
819800
100636
741304
53447.2
5.31561e6
265372
2.06093e6
48461
560577
2.06673e6
506454
3665.91
668004
185954
871850
3.58902e6
72271.2
734666
469068
322823
525573
125910
316683
3.46696e6
338940
4450.1
496184
371746
767230
1.8383e6
3.02977e6
747228
186897
1.41126e6
2.85992e6
1.48997e6
572412
47756.3
505883
719564
1.37931e6
1.74166e6
657796
412869
158873
724388
342397
2.2062e6
213049
1.92793e6
936052
465460
653821
376497
633699
223308
363173
1.30779e6
888605
601513
34393.8
481992
9595.14
361566
13638.6
1.01646e6
822355
798476
1.08748e6
1.14989e6
636348
44003
2.11367e6
495760
403121
320956
109782
2.3647e6
1.47468e6
58979.9
918271
663279
929115
771134
83665.9
1.51573e6
223037
1.05796e6
1.18448e6
309176
557047
305740
25576.1
1.14817e6
766931
25731.6
117054
802894
303262
114369
477826
681203