182.709
68.0267
86.7478
190.284
144.393
150.118
41.2991
247.405
37.432
270.269
43.3093
128.874
270.583
219.272
56.1693
159.473
247.086
74.3003
46.3903
187.252
27.5521
73.0331
23.3837
144.063
67.1487
46.3666
73.085
126.082
77.7975
184.161
163.462
84.468
225.587
89.131
44.196
63.1296
140.352
49.3303
99.6519
59.0488
242.702
187.314
115.105
266.594
117.186
277.426
166.09
170.493
119.132
63.9832
325.509
170.813
237.595
387.958
153.387
95.5786
222.895
123.485
68.599
49.5978
103.032
35.9917
183.513
93.339
131.749
155.096
79.678
496.147
125.731
45.7823
36.2203
128.482
166.981
33.2183
51.1241
108.872
178.261
114.906
191.199
166.84
52.2566
224.771
22.5704
15.9644
169.98
190.802
95.8726
61.4628
125.336
227.938
79.3922
135.465
66.4217
52.9641
90.6729
90.8991
384.593
104.551
212.535
107.314
39.5067
89.8702
33.6511
74.827
52.4738
197.558
73.1478
244.897
38.7075
85.2261
136.078
76.166
115.588
111.926
141.354
50.5802
48.5597
35.0991
156.429
30.71
53.9167
58.8681
135.082
183.131
146.915
162.643
264.978
207.636
66.7891
97.2873
162.394
79.3737
53.7929
45.3855
53.1908
21.01
79.8386
59.5137
45.6318
189.94
61.7842
46.1719
252
305.405
55.875
252.06
56.834
66.93
233.963
119.085
71.3775
353.632
64.9571
257.468
21.2333
79.7655
198.347
29.0324
58.6433
98.4419
56.1982
138.59
28.0865
345.282
88.4321
45.9948
54.1924
342.565
296.195
124.543
104.577
49.0653
72.0999
91.2351
199.266
215.724
46.6138
128.022
508.652
82.644
176.75
60.052
30.0005
108.96
58.094
96.1748
159.234
98.3721
368.805
96.3431
157.505
125.568
79.9895
50.8453
172.649
51.9516
36.7223
68.794
315.752
92.5709
22.5211
225.76
85.2338
62.9292
86.4896
293.488
140.049
75.8177
201.824
21.9607
236.609
101.153
29.1898
172.872
81.0464
59.0358
70.7956
49.0225
105.512
65.5462
103.34
58.907
208.691
187.138
70.105
78.4482
35.2125
77.6133
151.777
47.4942
25.475
115.405
41.5823
47.4688
137.392
48.9459
58.8413
186.102
55.8507
236.797
71.9409
304.773
99.6783
50.6179
100.362
69.2003
89.5264
32.9578
98.2502
115.069
74.3967
167.584
86.4101
297.673
49.046
236.914
48.0743
22.3131
163.918
334.703
189.785
178.34
282.15
79.9434
61.3742
37.5631
268.775
106.625
323.165
51.9645
74.0054
66.4512
138.91
104.047
98.9049
99.772
95.4889
33.8623
74.461
124.135
96.8316
34.5649
33.7588
39.1369
31.8075
224.744
67.3074
19.552
117.288
77.3792
86.7258
121.357
92.2623
127.094
55.2796
304.388
110.99
222.294
43.4659
472.182
301.339
190.487
274.744
200.58
32.7398
81.8837
37.9757
124.712
131.803
270.621
45.0627
59.0854
173.051
319.106
138.126
16.1928
72.1535
121.183
392.546
67.9369
187.637
88.4576
324.823
50.7943
72.0234
19.3599
113.98
279.806
79.3306
149.013
161.5
63.7815
37.6295
56.2922
111.832
24.4101
28.267
876.534
34.3849
189.363
48.4675
37.9062
31.7251
73.5511
56.006
136.892
43.0882
347.029
133.692
104.261
86.9566
132.323
185.407
103.787
97.023
206.185
323.737
182.228
71.3453
168.442
195.448
181.253
36.6679
85.0753
44.9444
144.428
106.178
129.947
79.8619
138.561
66.7683
57.4014
102.311
85.0634
50.5544
89.6353
72.2183
129.192
79.4708
154.079
35.8806
124.196
75.4202
79.7345
222.722
78.3459
175.151
36.0938
69.8516
145.352
121.302
26.4933
36.609
92.2083
380.238
100.411
81.8046
352.676
80.7838
26.6791
342.423
25.2144
43.6873
74.8821
122.551
50.9417
151.192
44.9606
232.597
45.4793
93.8131
22.7588
88.0131
56.3884
72.653
17.052
224.752
61.1187
62.8578
95.8349
33.3535
164.468
38.0748
20.8506
223.401
40.1904
78.4429
123.302
160.388
36.7886
53.4225
258.925
43.2456
30.927
49.6732
134.359
131.524
127.402
84.7423
40.8096
44.2363
108.778
27.1884
60.0153
226.035
127.789
341.22
297.962
24.7422
29.1339
52.0573
41.6542
40.5488
48.9558
161.484
70.1266
71.4468
125.224
94.604
135.782
219.428
120.458
25.7003
265.24
74.9833
54.6349
94.2778
80.9822
377.871
76.8617
48.7735
163.608
43.3233
56.2278
58.5654
98.6158
33.3244
35.2388
390.114
175.955
100.406
317.994
149.645
155.591
102.019
65.3074
23.3483
59.9525
192.792
35.772
24.6577
100.991
145.637
34.9582
172.391
38.7309
95.1945
155.054
46.5383
333.012
57.1655
129.431
98.0611
301.558
226.883
105.706
67.7716
165.238
104.947
134.929
219.606
33.6873
357.193
501.443
196.976
39.1374
94.4318
184.286
86.2345
97.2946
44.2929
48.7026
41.4288
20.8576
235.688
276.427
176.526
203.011
64.5972
54.2634
76.5728
91.9487
245.578
44.989
36.8531
73.6088
78.1847
61.1239
51.2387
45.1373
187.066
51.2699
42.237
72.9141
224.352
20.418
40.8599
39.749
43.238
24.8634
207.439
216.266
197.954
40.5654
103.602
183.869
99.6247
65.2078
114.15
51.6502
55.1593
149.754
74.6066
97.0366
76.8167
238.271
151.094
133.514
220.455
68.9864
38.6697
37.7531
153.165
170.938
77.0233
94.7681
149.142
143.452
20.8693
50.9314
107.513
397.3
118.232
130.569
28.8673
85.7678
67.5287
98.3002
50.4327
50.7736
111.113
188.166
147.476
123.993
80.9188
240.9
83.7843
446.766
158.172
315.421
100.174
38.6495
47.0457
37.1994
153.268
23.6583
56.0437
78.432
48.2985
67.2488
27.7582
393.346
282.312
46.1291
77.6429
307.174
107.344
37.712
109.755
125.223
354.532
164.798
67.9676
105.963
123.696
134.644
63.5497
225.518
58.4002
83.8622
127.601
58.2796
61.4792
130.289
241.544
39.3974
56.439
47.5921
72.9744
117.646
162.003
41.5445
241.944
72.419
123.094
90.936
212.06
101.231
429.868
219.661
28.2361
59.8936
133.92
170.669
151.575
74.7244
60.1054
174.234
116.48
347.066
100.825
37.0994
227.364
62.4257
96.4619
49.3717
113.526
79.4873
42.9806
115.366
121.181
34.7332
111.577
115.012
38.1498
136.027
63.0927
106.009
233.502
158.389
243.442
235.921
76.199
107.033
43.6962
52.4599
33.2587
40.9465
191.034
141.396
41.5017
52.2334
70.5564
351.18
115.509
120.804
130.596
120.364
48.4725
49.4825
94.1915
88.0686
99.8412
119.91
177.198
105.346
52.6131
47.3034
161.269
27.1918
42.0297
18.6622
245.075
44.4551
74.9511
54.053
134.546
127.049
42.8328
172.647
127.473
89.1191
53.5564
66.2938
201.71
113.114
70.3875
88.8422
69.4169
95.1733
46.8809
112.276
28.7995
102.296
434.394
87.8121
59.03
61.1087
55.6698
144.517
130.352
177.615
120.917
25.3137
50.4489
82.3693
158.919
86.2564
68.9865
88.0039
143.487
39.4383
33.4248
18.5794
77.9718
61.2924
96.4849
129.927
98.3021
52.5225
153.829
197.278
65.3152
130.06
163.206
251.09
104.353
47.7153
51.9925
78.7055
17.3729
51.3081
138.155
156.087
45.5689
205.613
197.024
466.373
134.814
288.173
205.263
25.3773
144.772
59.9387
83.7223
304.331
112.297
299.362
205.505
82.6613
562.473
173.402
222.876
70.1965
249.652
29.7449
122.96
182.111
93.0194
73.5285
103.76
61.1846
32.4175
59.7807
168.699
129.094
64.0524
19.9091
171.136
49.1279
367.17
55.409
475.808
100.891
298.555
100.11
128.482
46.1123
116.761
78.3484
38.8821
105.006
138.188
65.9422
26.5959
61.8329
140.965
76.8473
133.329
421.401
184.854
43.4962
248.786
26.9173
99.6721
142.249
100.375
186.389
45.1848
183.946
115.588
390.176
45.6426
141.513
220.279
111.594
35.4025
221.726
110.245
30.6656
187.726
29.9574
116.297
299.773
111.221
125.509
141.279
85.7478
49.4949
148.319
78.8962
123.889
113.305
188.535
83.0869
152.494
48.1314
34.8559
72.7941
42.8327
127.295
30.6426
47.7954
28.4441
307.447
131.43
177.963
97.0024
55.4447
116.046
42.9764
54.1363
31.1193
355.422
274.882
144.222
312.979
76.4205
240.858
62.6603
75.8452
33.5805
106.641
194.713
155.041
135.234
333.952
75.9393
64.5585
177.432
68.3572
76.6813
399.441
256.448
50.9201
97.3305
97.2756
55.7143
125.397
61.4071
214.49
31.7588
148.655
41.9726
157.742
80.5442
443.986
104.293
35.4856
72.8437
68.0675
62.3991
49.7838
81.6914
61.3965
98.4611
102.039
150.102
144.128
55.9177
101.887
198.9
28.4187
112.424
30.9795
164.486
93.2366
195.471
15.8156
20.061
43.3777
43.2436
107.022
106.436
159.535
119.995
132.67
74.2085
261.988
111.604
56.052
107.386
287.629
142.897
172.108
196.033
235.457
410.504
32.9551
98.505
67.1456
41.2604
40.6816
78.9189
80.6222
69.2277
87.8631
64.0572
429.424
104.554
46.3064
109.855
95.3565
288.534
137.638
41.0564
46.7179
36.055
143.821
229.664
236.385
131.58
125.561
104.282
54.1842
49.5457
181.43
60.2531
76.3505
210.357
125.254
82.7277
68.7545
68.69
47.3182
272.514
59.246
290.746
301.492
34.3255
148.625
122.778
216.634
87.5345
94.2869
181.327
59.2889
138.37
17.0059
248.162
150.228
44.0567
215.238
64.9702
299.679
140.234
95.5544
108.481
104.022
393.88
72.0939
81.7545
161.361
25.9692
142.548
62.3568
174.827
46.0561
68.1106
112.625
74.5807
42.3712
113.213
41.0589
118.361
51.28
97.5937
28.6856
20.2218
175.905
36.6424
68.4686
132.903
183.684
69.8445
105.439
41.2852
206.806
138.7
138.096
50.0695
107.971
46.9537
103.723
50.4009
168.08
217.785
39.9027
42.4593
110.811
154.079
37.1115
184.769
122.833
27.7822
95.434
263.055
185.304
101.608
811.25
168.554
229.074
153.341
80.0644
151.777
33.5202
164.363
481.299
138.123
243.272
43.222
414.617
300.996
199.398
39.7085
138.657
55.998
193.003
223.706
57.8192
81.8113
180.039
216.501
78.388
45.8766
149.912
82.5458
131.705
79.6796
120.617
37.986
67.1643
82.7093
118.507
195.655
65.7697
183.717
104.92
408.119
43.7175
120.16
160.57
91.3054
258.672
98.8117
47.4837
69.0096
74.773
43.1458
44.0717
109.642
176.307
48.5183
70.1451
103.411
68.0995
74.932
32.8294
40.568
122.754
151.758
151.4
159.467
130.858
130.298
80.6837
214.481
83.6889
39.3183
55.8695
233.937
78.9692
229.464
147.937
214.565
49.9024
42.1176
185.638
45.217
166.768
50.255
183.984
77.9158
231.946
42.2659
135.085
192.801
68.7094
24.292
229.509
39.9128
50.6174
90.0325
34.5848
28.4631
47.2218
47.7134
91.9751
36.7995
55.4728
144.379
136.903
306.978
111.471
120.313
31.921
140.63
124.48
54.972
75.4413
387.988
44.1079
25.4272
40.5558
296.34
99.2079
65.1846
92.3887
203.261
105.377
48.7477
115.717
84.5075
177.126
55.9541
74.4483
140.782
334.245
105.361
208.074
86.5988
56.223
71.7726
279.858
75.4168
36.6187
151.297
97.9098
48.3018
18.7692
58.9865
48.8568
124.871
33.6134
27.446
240.072
92.7296
86.4288
86.294
76.1181
97.0822
99.2677
51.7906
80.8509
90.5098
18.474
95.3599
128.857
155.727
23.1342
37.1899
92.1814
80.4639
76.9047
108.875
41.6906
128.685
57.11
46.9225
226.671
113.716
32.7352
283.919
221.507
91.306
68.0052
290.257
35.417
151.061
101.813
151.983
48.2819
136.145
17.9623
299.886
92.5794
131.705
178.067
33.5457
106.901
57.851
207.756
344.237
49.7442
197.102
142.961
311.979
73.3464
165.083
98.3142
105.921
61.6079
104.316
62.059
89.611
209.798
144.092
205.052
144.885
60.2899
268.246
160.069
58.8303
164.627
93.9521
228.506
135.424
26.1115
47.0564
117.644
40.5941
108.813
79.2542
53.9137
74.9982
70.0272
36.2991
104.903
266.47
233.537
31.6994
19.3218
53.5035
61.673
150.153
42.4956
160.474
148.976
124.213
29.8416
64.2981
147.889
146.166
146.305
81.4987
547.987
84.9092
112.977
129.722
80.6654
42.335
142.317
27.9222
35.2071
62.5983
34.9785
125.656
127.599
173.033
123.272
96.3672
79.2414
131.305
58.7603
108.641
149.425
34.6472
60.1765
288.397
143.461
58.0452
68.7201
143.817
59.9751
66.5437
137.455
98.629
86.5731
131.169
137.39
69.679
123.601
109.693
276.693
47.8035
60.5466
149.118
458.515
68.9107
106.781
274.329
48.5085
46.4384
185.082
327.882
68.7998
72.7523
130.279
97.1289
65.9047
59.4396
235.373
160.374
65.4276
34.0517
24.2654
80.7691
48.2197
166.503
56.0112
274.442
132.529
36.0727
137.095
94.2907
39.1368
23.3215
76.5457
271.286
82.6478
106.609
99.3232
51.1849
48.6204
20.6301
132.126
136.263
77.1791
71.6242
188.735
105.962
53.6334
53.3037
90.6041
228.513
40.184
84.737
88.8171
46.9781
354.47
46.1445
70.2729
101.911
182.027
198.36
120.459
59.7227
248.186
53.0809
84.4847
216.918
244.437
261.408
51.165
52.265
170.837
71.1973
231.88
29.2314
63.6834
75.9073
78.1023
89.9273
218.858
56.445
268.409
39.0244
71.3909
107.97
102.542
73.9326
32.2272
134.781
66.8382
77.1148
296.072
80.5806
203.436
144.057
147.897
165.373
143.035
74.5929
133.037
91.5
77.9899
35.3146
36.3355
181.726
108.013
85.9575
118.291
284.765
99.2516
204.363
136.198
90.8137
122.391
41.0941
94.8886
143.302
35.0306
63.8056
60.5809
112.719
58.5033
126.306
50.3468
106.104
45.0818
82.7494
31.4172
402.729
176.841
93.7159
178.286
162.459
115.196
100.915
77.4484
107.245
60.4212
73.4258
166.927
58.7425
38.1396
146.484
110.041
36.951
118.528
361.313
174.961
89.3978
191.254
258.273
34.933
49.9341
58.4678
128.677
13.923
290.097
229.278
73.1909
196.761
59.5993
74.6859
82.4905
121.645
118.543
46.3775
34.0124
59.5984
62.0914
362.866
95.9808
100.056
490.09
210.556
126.701
91.685
36.8164
109.357
34.5329
48.5024
62.1335
184.582
75.2731
48.3049
100.266
114.388
365.483
743.062
156.83
217.529
123.263
138.627
206.743
83.0419
23.9696
45.2854
94.477
312.07
268.643
64.8739
107.367
148.522
27.4773
60.6303
241.398
420.866
283.693
464.697
37.874
208.754
45.1897
177.709
41.9055
68.435
110.106
31.2215
292.279
53.5076
210.215
133.99
44.3643
47.4682
227.756
163.169
74.6465
213.78
81.1458
161.659
253.547
88.761
64.4799
134.551
187.02
132.805
226.012
264.717
59.1655
59.7899
112.997
95.1824
90.8369
168.885
167.157
239.436
365.191
207.81
35.4259
355.045
211.558
387.436
98.1615
92.5226
151.217
316.148
83.3036
163.813
117.801
208.51
71.8904
88.8141
286.29
60.9018
41.2284
71.5439
33.4188
325.805
125.366
100.725
38.1107
23.2558
39.4335
141.595
213.136
218.681
185.622
103.658
79.1583
38.6358
64.4356
52.1941
242.005
95.3831
94.7407
225.052
179.734
48.3149
80.2219
39.4684
90.2767
51.2288
134.108
47.9605
139.788
71.0509
97.7366
76.802
153.237
58.6247
50.3136
147.149
128.947
75.8902
136.535
39.4418
118.547
94.2402
403.955
102.69
229.362
199.517
69.357
61.6495
195.942
322.037
144.918
89.5198
180.096
27.8752
81.5115
53.2611
104.59
158.828
173.798
69.5702
35.7711
56.3482
204.215
187.451
227.23
87.4706
32.8479
92.0855
73.6407
62.5554
70.8586
169.816
170.054
220.227
131.829
35.2241
139.733
208.407
72.34
161.638
161.303
72.8912
77.7527
94.9159
166.847
266.548
33.3615
57.3745
137.937
105.577
165.458
273.419
97.4278
112.949
161.255
168.369
68.1387
46.7013
364.393
86.211
30.6279
72.6829
100.172
95.9825
25.5649
174.918
74.3267
48.8521
297.147
74.7523
275.389
82.9427
39.1615
229.205
281.629
54.1
261.85
63.1622
79.6441
66.0245
73.941
104.787
120.977
74.3067
160.921
151.536
66.5042
57.6464
165.338
124.474
70.1056
600.591
61.4087
159.113
138.813
268.299
92.6919
124.196
121.309
92.1717
234.166
355.833
116.014
129.358
136.803
145.807
54.8658
112.316
138.261
130.65
54.8698
86.5107
137.055
82.1476
117.949
114.043
47.0398
108.192
88.1494
81.989
110.135
150.968
95.0114
170.422
152.427
66.9905
157.325
63.0585
336.548
266.717
166.236
44.1632
193.514
284.907
43.0451
171.989
67.3631
179.433
61.5337
84.9135
76.5691
105.794
77.9544
136.417
229.762
209.165
126.582
53.7348
73.8559
101.559
54.0078
219.337
106.918
37.0261
82.0826
202.09
197.859
188.865
68.1758
218.255
344.114
91.329
220.242
94.7266
132.131
65.0266
45.7062
100.587
885.81
105.297
54.2714
135.996
328.597
82.6089
24.0619
40.5477
120.654
147.651
190.711
57.9971
168.789
55.9868
149.416
50.963
306.208
47.0396
344.33
42.4689
114.805
99.113
187.481
93.1602
44.2083
373.106
87.4658
61.6892
36.0069
76.6196
43.364
121.157
143.017
98.3909
75.1258
16.9176
170.379
176.683
54.8464
145.598
73.0182
42.1082
159.357
112.008
20.6094
179.187
83.3447
23.0998
86.1788
58.1066
58.7207
51.3417
75.9698
116.586
42.1813
64.7368
91.5261
226.112
116.197
82.333
55.7994
118.043
42.383
94.8751
164.824
136.318
56.5514
139.031
104.106
117.542
38.3876
99.3373
166.032
60.7522
238.607
138.903
85.1538
24.9311
200.411
225.021
49.4047
87.3313
139.856
101.179
118.505
199.644
166.294
105.941
112.171
72.0157
25.1703
188.32
33.095
38.6831
122.325
73.0502
155.408
54.8053
71.8017
178.648
40.1324
124.49
22.7645
121.711
120.203
337.437
119.437
418.055
105.903
53.4181
110.15
59.5272
33.2618
36.2261
166.711
74.4968
40.5387
114.379
63.5402
70.463
32.4802
58.497
196.713
207.919
257.897
61.1606
56.602
105.847
107.278
269.05
93.7269
41.4651
102.786
25.118
123.453
27.8922
158.635
135.893
211.061
63.6125
269.904
351.801
63.4901
68.8993
77.6443
92.1201
203.205
104.425
87.6602
119.383
65.9498
18.6472
37.9003
45.0149
30.1238
43.8447
99.4645
138.237
133.775
286.987
141.615
57.0239
48.5283
293.832
103.775
341.857
22.8265
24.9405
355.391
132.577
56.4578
172.175
28.456
135.853
69.2443
42.3393
246.753
89.7205
48.4522
131.106
160.07
213.197
69.3328
150.944
95.3498
118.542
212.665
146.741
76.5557
40.87
31.3849
245.022
83.3481
539.2
53.5568
61.7256
72.568
531.458
32.4898
50.6008
97.4393
72.9933
151.753
106.762
32.6187
295.082
46.5401
56.4729
357.913
69.9184
82.5712
130.864
25.6042
85.4075
73.6144
178.556
42.8005
53.8533
158.358
150.878
172.184
43.6564
81.215
62.5172
51.0431
110.117
47.6336
76.4876
52.6615
196.108
19.8021
28.5812
27.2837
50.7112
69.9186
124.457
67.892
252.863
243.038
223.669
172.375
181.098
78.4473
54.4148
218.289
110.869
213.551
107.912
185.042
138.135
349.009
149.195
53.6367
125.866
71.5728
126.074
83.8923
337.727
50.444
218.045
160.921
92.8691
239.308
189.899
128.814
197.283
45.073
231.925
75.485
106.879
72.897
44.4691
46.8142
27.6617
106.23
85.577
341.619
235.603
52.8301
135.997
165.042
75.7583
20.1591
109.367
92.5519
71.1094
31.2248
61.576
54.9262
183.973
356.979
93.5788
75.0029
99.6504
134.865
79.1356
77.3986
252.755
44.574
62.5818
230.195
193.461
27.908
109.48
109.253
165.542
263.968
207.068
67.1478
47.9098
126.177
284.862
105.25
68.8747
57.7537
99.2185
178.475
190.974
109.003
86.2434
53.2558
334.715
196.245
99.9874
84.0744
105.697
171.112
105.438
231.574
125.141
54.7335
282.99
57.3155
138.245
214.944
63.4991
174.59
31.7468
91.279
85.8221
56.0993
181.201
58.4701
83.3093
221.79
49.9864
24.4731
94.6013
112.086
123.139
50.2847
92.5828
49.2479
27.7365
56.7763
75.2009
158.449
49.2243
143.156
149.702
113.025
48.3889
62.0031
29.9377
394.693
32.6593
142.146
248.588
167.843
58.8124
132.65
91.1818
295.593
57.0969
87.2334
75.059
102.3
105.937
100.776
89.6918
68.2239
119.862
200.642
86.9014
27.1569
201.576
48.3837
510.735
80.4233
116.246
113.831
21.7304
40.8522
168.057
53.8488
114.832
91.0468
257.118
18.186
65.7648
118.717
175.906
60.7373
31.6475
106.242
75.818
131.69
89.5517
124.688
79.8153
235.627
52.6061
104.433
108.233
32.7974
31.6651
122.468
74.5669
220.307
75.5241
65.4691
47.6198
111.671
121.23
147.088
51.449
239.414
25.3278
129.854
45.0184
75.6907
103.604
278.365
77.0228
216.922
445.183
55.7578
556.776
52.7727
62.573
42.3551
119.75
77.0891
135.34
217.379
80.1728
168.461
82.1669
95.1914
54.9225
145.544
212.471
216.297
70.1309
272.287
81.999
58.6
33.0691
167.616
128.697
304.289
199.175
106.208
67.2132
247.737
49.5764
95.2791
34.4126
109.139
220.72
83.2587
42.2216
54.0529
144.413
236.975
199.402
174.054
60.594
110.455
39.1267
55.8748
269.175
63.0219
27.4772
80.7335
171.941
87.8784
99.9127
41.0196
74.9863
52.1774
85.1793
147.172
35.1276
106.91
65.2991
29.8409
41.6245
79.2011
144.248
98.5287
79.1007
123.555
151.701
157.654
208.786
89.2846
77.2918
78.2662
66.8158
208.937
32.1603
100.763
164.504
75.3615
192.963
147.482
60.0979
346.5
24.1374
100.483
55.6509
106.193
58.6931
228.422
39.0877
106.15
131.419
97.5731
143.135
77.5678
55.4316
69.6998
359.021
139.577
67.538
78.333
46.5363
27.6832
147.127
64.1564
107.839
105.683
69.1938
35.7666
213.699
287.169
214.28
183.797
127.958
88.6522
92.1279
28.0844
89.7595
72.764
323.406
160.654
222.205
41.2072
198.156
68.2456
52.9827
69.5227
76.7636
81.6452
48.0835
161.598
67.9931
103.076
173.004
83.963
77.8019
14.8152
70.701
33.9682
119.327
77.686
282.395
233.884
79.5323
260.334
261.277
143.901
106.546
58.6334
224.201
292.164
267.143
40.2544
129.068
110.004
238.657
165.415
105.796
36.4814
74.7749
223.273
74.6074
57.5923
172.845
77.598
89.7916
44.6369
268.456
108.191
54.2238
42.0696
125.815
235.473
394.551
143.683
48.3556
47.4116
91.3326
58.7149
240.968
87.8575
126.185
183.242
105.205
27.7971
137.431
42.6352
73.918
151.113
206.971
82.9857
194.459
26.5384
40.7173
149.652
213.589
104.282
104.724
83.6383
451.706
148.763
66.3998
103.764
61.1829
151.359
57.6121
88.6118
152.119
86.9593
218.163
108.856
51.0545
103.934
54.6732
72.0581
130.046
182.336
168.018
31.2416
84.2776
65.5745
48.5857
183.679
277.41
83.7609
104.315
141.05
202.692
75.6009
173.119
181.848
154.367
43.7229
306.648
111.548
134.738
110.335
181.855
82.29
484.243
227.397
53.723
156.963
243.316
133.084
108.496
124.415
44.6452
96.6588
114.282
95.9804
74.9165
55.1849
58.101
63.2609
174.12
149.262
105.163
32.0562
56.9265
181.294
137.033
203.152
34.1325
221.737
87.7354
106.524
105.636
87.7389
106.664
43.8319
34.6336
90.6941
129.563
65.381
110.1
251.035
130.356
111.111
93.4966
120.267
51.1549
103.601
218.948
62.7826
83.0016
113.491
302.823
149.273
123.235
275.497
91.6748
45.5115
187.808
35.9918
32.6604
334.546
32.2878
156.453
41.3857
158.227
302.439
175.424
65.9925
50.9349
165.737
46.3034
39.3425
66.5433
260.738
164.138
131.114
21.7297
98.0067
102.855
261
60.5382
227.484
123.427
72.1463
83.9987
170.43
112.027
142.505
51.8349
83.9452
104.855
184.805
103.968
104.222
360.929
286.935
214.382
68.3202
51.353
48.9076
92.116
246.716
396.062
205.309
57.0495
193.679
49.4542
187.21
107.916
93.3227
96.1284
77.7728
103.216
45.1911
28.2291
117.141
109.057
224.007
286.724
28.7469
94.5559
150.477
106.488
9.95662
69.6401
86.7792
41.4743
57.8302
56.6425
23.4789
303.433
89.762
162.172
38.1809
101.857
151.683
194.906
155.065
44.4577
104.241
99.446
382.458
197.172
38.6475
282.707
98.8215
121.205
174.161
93.9444
74.8717
206.084
138.675
170.716
57.3546
114.862
50.4534
19.9445
43.7591
66.0599
52.0608
162.64
90.714
69.1924
371.404
95.082
199.242
25.1926
460.891
106.191
174.632
95.894
72.9767
51.3119
350.369
36.4296
111.932
55.8442
90.0559
303.271
59.0168
87.5478
31.897
47.7593
198.145
298.047
288.027
88.1462
74.2459
261.303
133.432
349.982
215.393
159.408
42.3075
34.6205
112.724
45.0571
130.715
44.822
108.948
176.479
77.3102
176.835
99.6396
114.12
357.998
15.6634
249.213
394.378
96.6578
126.941
57.402
152.398
213.406
156.256
83.6607
27.5808
225.002
21.4929
109.453
170.928
74.2311
87.7852
22.3802
43.5143
255.632
29.9209
66.544
30.5929
30.9794
54.834
196.403
156.087
167.879
61.1427
184.686
241.36
307.999
111.273
278.125
147.082
173.105
130.753
55.0801
59.2612
28.9921
52.8331
328.282
131.276
149.078
159.383
478.191
78.0322
48.7842
48.7334
46.2337
164.795
61.4679
193.839
203.967
84.1949
114.288
76.6077
165.467
70.9074
119.452
57.3644
212.355
76.1303
128.299
87.0384
51.3511
173.525
119.003
100.636
71.7197
204.326
139.55
68.5636
131.074
85.7863
128.765
105.205
110.893
133.271
182.075
85.7689
32.764
65.6105
117.734
201.887
76.7308
140.145
331.438
177.368
302.73
89.8741
237.753
116.908
381.587
54.1069
45.0101
176.203
34.2757
75.5456
81.2302
184.486
58.7183
351.243
176.488
47.1528
49.171
72.8038
220.808
41.1104
291.74
82.1012
62.1195
26.2538
88.0534
228.689
123.556
58.0443
199.239
20.1466
208.472
80.7883
160.298
93.7012
91.7015
31.6435
52.6882
68.0483
250.237
22.8217
33.6482
96.8377
135.681
74.1234
44.4784
39.463
253.542
35.0505
68.818
238.864
44.6262
191.796
62.6481
79.1362
103.57
478.653
186.631
251.886
64.504
47.8861
227.796
156.806
59.9156
381.261
121.218
173.704
67.8608
137.444
164.951
156.333
131.52
23.8335
78.954
113.781
45.0849
91.6824
101.531
58.1745
249.089
398.855
399.343
185.72
26.6975
94.0564
128.484
138.104
134.727
60.9897
88.8072
152.948
129.708
140.069
115.816
98.5822
123.506
29.4463
54.0701
89.2054
68.7966
160.965
189.809
113.165
69.4091
256.8
62.9597
41.5637
160.229
63.3407
206.425
132.749
54.675
59.5716
177.661
102.055
108.811
33.5337
110.849
19.1241
60.5095
35.5387
70.5705
39.0513
58.4651
77.8215
185.723
162.072
30.2945
120.32
261.493
100.674
320.336
48.583
808.726
192.197
90.5516
119.856
102.504
103.155
88.6522
73.9103
106.989
124.887
64.3981
104.267
127.212
43.4051
166.694
68.9607
64.8721
327.513
35.3208
49.9144
131.134
159.234
180.291
76.259
73.9188
24.5757
58.4579
90.7621
93.2159
54.5196
57.258
266.826
136.722
68.591
286.79
133.68
31.9075
20.3465
105.676
151.159
202.94
53.6306
252.931
199.697
162.147
79.7343
181.344
58.4693
141.227
36.9622
103.528
101.049
42.5505
47.4902
49.076
120.122
67.5523
228.386
54.3139
181.41
172.895
185.976
171.17
22.788
119.704
57.4145
81.5504
93.4246
229.462
54.0243
121.316
190.973
190.662
233.505
108.76
77.1451
94.6458
138.794
108.244
40.4483
428.076
192.176
55.891
191.637
127.965
99.4043
81.1971
110.706
134.057
141.233
157.734
219.131
139.967
27.6911
49.5952
278.955
236.543
40.462
123.869
114.352
225.313
273.783
67.542
139.701
124.292
38.8401
189.411
208.981
150.149
178.401
24.6295
86.6037
47.1396
184.437
63.7835
160.948
256.721
52.2275
85.6242
170.668
49.9546
170.843
192.648
25.6641
60.864
48.3085
77.2865
70.2809
160.123
141.257
68.0413
117.102
34.3057
101.878
127.998
113.428
31.0864
135.93
70.8765
70.9421
128.791
127.589
49.9727
235.888
112.38
48.8398
138.75
181.405
78.3531
63.2087
66.6176
364.487
169.579
184.83
98.7977
94.0789
177.672
49.2567
115.715
35.9622
200.034
51.2106
120.452
92.8119
173.15
136.549
43.1508
47.851
72.786
170.194
151.118
120.592
102.478
155.216
89.3998
210.351
139.852
59.9307
202.45
39.9917
343.617
74.263
152.986
140.539
74.0187
324.526
60.5888
88.7669
56.0272
114.474
183.04
284.047
89.102
92.6287
220.252
185.199
85.6357
362.56
17.7719
190.962
180.353
223.154
74.5606
91.9297
180.974
58.2303
91.305
127.757
94.7836
68.8844
98.4967
95.7562
182.702
130.516
46.3644
54.2151
54.7862
32.6767
456.187
54.3818
57.3374
111.376
57.4045
233.35
280.763
46.0036
53.7873
267.213
112.841
51.2365
74.6212
135.284
142.943
137.462
115.424
97.2111
150.327
44.6517
277.403
330.633
120.547
183.696
74.1925
172.127
51.5998
125.938
110.766
302
30.7558
99.0689
33.6838
87.4645
85.7529
46.2313
224.21
209.329
162.461
94.8726
52.8099
29.9462
41.4689
56.8291
116.679
58.4097
432.161
112.006
306.621
45.7597
51.4452
84.9129
148.825
29.1145
194.348
84.9494
32.2474
80.4348
264.262
79.1441
195.27
199.698
55.7336
362.859
62.7984
59.4821
114.102
186.509
60.0591
56.7926
262.611
214.16
95.4167
143.257
192.265
129.164
185.686
72.8624
68.651
75.8791
321.485
70.3884
126.896
71.8041
167.45
28.2391
127.1
76.1153
108.079
48.5229
35.6326
53.5292
94.4634
69.1512
169.295
146.957
421.199
41.7652
187.074
274.056
433.178
133.332
86.8073
161.531
126.212
61.7593
243.26
125.664
47.4005
42.6697
114.446
198.906
125.599
164.488
158.087
57.9288
57.0854
103.025
366.544
132.875
55.9772
22.9039
58.7926
161.258
69.5001
110.052
108.259
224.749
60.0369
70.9595
191.984
50.9257
199.775
192.606
110.458
106.553
118.545
212.844
108.062
64.5788
91.5672
92.8452
54.5928
108.093
59.3753
65.5012
47.9501
33.9916
28.0741
464.512
138.664
159.778
113.643
141.38
61.4206
235.511
58.9644
29.6407
131.064
81.4641
112.481
48.4214
121.227
289.559
87.5198
60.052
124.933
372.353
37.1976
40.7431
83.6626
81.2019
413.063
114.744
317.592
487.424
45.7025
88.7805
54.6508
50.8846
83.118
77.8701
31.0387
72.226
107.008
89.1458
109.117
37.6956
360.818
180
29.7577
108.27
54.2586
125.319
48.3015
76.8781
138.153
46.1516
50.911
115.135
216.332
124.458
100.318
129.804
36.4792
54.9637
228.203
78.8419
428.337
260.172
116.824
86.776
86.452
19.4215
105.338
30.1691
102.76
243.149
98.8256
154.237
191.079
238.324
110.86
72.9511
92.0568
15.3858
317.162
84.1149
121.67
83.1144
79.7565
27.5487
170.888
56.9132
123.594
100.259
56.9927
161.722
243.579
74.1836
249.928
284.15
303.022
222.28
33.0192
262.524
74.4915
139.19
34.8555
115.767
93.2581
56.6184
30.3978
50.5422
376.207
157.973
154.388
34.7454
135.037
47.9014
211.188
111.832
91.7749
108.208
126.296
61.0165
408.938
105.225
255.26
153.893
43.067
399.94
92.8398
74.2926
77.3569
87.4491
49.6753
151.156
79.3204
305.586
66.7836
54.8085
99.6904
39.4474
38.6013
275.186
217.943
121.23
52.6029
117.693
140.891
46.778
172.48
91.2688
54.1164
122.569
153.272
91.0247
57.3209
129.782
40.3699
58.0917
184.636
114.576
188.463
94.5944
72.0404
273.514
176.586
210.193
261.334
50.7775
67.0148
111.871
46.7865
41.5582
209.414
52.3276
113.107
43.2156
349.417
127.545
99.9713
255.511
52.6125
59.1271
72.2818
31.7349
42.2094
62.8753
33.7927
24.965
28.7196
212.727
59.2026
96.8624
212.069
217.96
117.025
53.7248
99.274
252.904
116.5
163.581
295.772
185.625
55.1056
73.2733
117.855
56.6855
42.1448
25.8807
145.063
82.4017
55.9103
110.997
27.7098
56.5934
72.1661
162.899
132.641
46.0599
118.429
106.397
21.4049
94.1112
105.062
68.7859
59.5999
46.094
96.7754
82.8472
35.6106
96.9605
161.813
124.16
184.214
38.2045
205.627
89.1852
170.389
27.009
47.6186
57.7
140.328
124.293
210.456
119.918
31.9219
47.6849
74.9738
373.872
119.723
103.172
62.0913
67.1487
98.4465
54.7796
126.038
147.039
52.8699
157.294
158.672
89.9813
46.9086
47.2184
23.9275
65.9896
40.6734
24.2834
183.47
50.5919
52.7466
295.416
54.2689
196.148
165.358
84.1221
73.3332
227.824
69.0449
47.8474
40.7169
68.4698
248.92
335.92
72.2324
137.018
67.1764
60.3556
41.1088
79.7187
54.9723
129.787
96.6007
77.0334
21.4997
163.811
390.39
94.4076
85.3594
134.955
135.386
108.69
162.273
108.023
162.835
43.5902
129.758
46.8619
86.8288
269.743
118.668
238.742
66.0129
91.3428
136.633
54.4444
88.1565
130.002
41.6892
126.35
83.3049
45.3685
151.813
94.6327
61.0954
114.188
203.48
92.6485
101.78
115.842
87.1935
44.6632
151.167
69.4832
79.494
98.5473
58.622
80.2468
373.565
89.816
81.2209
56.8213
41.8569
30.477
109.643
148.951
159.69
47.8867
52.6773
139.088
424.838
168.333
53.6679
259.735
32.0988
80.2842
96.4163
440.891
111.88
107.135
248.521
54.6867
94.7361
63.8508
41.4809
287.504
119.099
128.307
67.0858
131.987
43.1518
112.141
132.924
116.81
76.4472
75.739
91.0563
146.642
317.724
83.6339
84.3387
229.397
152.235
38.7963
146.879
127.836
100.319
34.928
116.424
81.9201
405.683
402.825
253.068
58.7527
58.7449
79.4921
147.235
24.5157
41.4371
91.8751
118.819
253.2
117.866
39.4118
58.9898
150.06
61.989
194.831
613.051
171.806
276.928
292.945
224.532
59.3044
77.2441
52.1326
143.695
17.5699
288.991
94.0049
230.379
42.8566
25.7388
475.368
149.771
28.0394
38.0022
322.819
197.042
307.197
66.2182
220.849
83.8155
268.957
238.615
109.892
83.5384
40.0694
129.047
40.1048
203.637
138.4
70.5174
224.83
38.9249
132.172
255.516
89.4138
33.9718
158.206
273.523
49.009
73.1671
111.588
71.7183
46.8066
43.9838
188.623
132.551
45.6628
120.687
82.5917
82.3055
72.8544
77.1869
156.65
184.05
31.896
52.1626
262.293
111.318
25.9445
80.4736
170.187
268.319
161.349
97.5307
52.8077
73.4617
40.4984
62.9822
62.6638
57.9738
195.56
330
142.695
170.488
71.4683
127.903
184.896
211.623
72.081
125.447
94.2647
96.5596
216.914
55.1276
66.4552
385.608
180.128
191.049
135.628
192.744
49.165
61.5083
63.9951
75.8007
126.328
82.3366
78.3778
42.6034
142.809
34.8058
67.9433
287.062
82.7356
49.9707
32.1847
270.516
134.58
118.482
26.4072
120.788
195.692
165.647
47.1944
78.7766
53.4965
160.813
111.857
152.448
72.2963
175.278
39.502
130.834
27.9894
97.7326
184.266
94.353
75.6679
54.2458
92.8141
121.547
202.243
125.483
103.155
52.1332
30.2024
277.772
40.1513
183.3
130.087
24.703
124.697
182.653
227.439
514.382
53.801
40.1934
25.1402
88.6768
74.0938
65.8692
59.419
73.797
61.6443
159.387
80.9356
210.843
132.292
59.6977
172.53
109.226
66.98
27.8062
96.9174
68.8342
160.891
68.4234
238.924
142.81
62.7305
28.4082
62.2098
56.939
139.106
127.836
95.6016
348.014
172.104
179.33
111.408
170.986
327.176
29.2567
212.226
64.8265
36.7105
72.6254
173.165
156.291
35.451
129.508
191.925
78.6065
168.166
111.304
267.851
47.3642
147.125
70.0462
449.858
116.709
31.9309
23.8542
221.705
228.633
99.7004
102.168
65.0781
119.394
137.535
33.4529
106.435
154.823
83.7347
231.324
98.6968
387.914
537.487
107.606
54.818
56.6246
423.624
92.7555
23.7464
113.66
193.796
64.9151
126.298
93.1681
27.8646
116.462
108.42
61.6358
81.9097
66.9094
26.3984
45.4058
205.688
26.1208
135.318
340.097
89.6068
71.5233
167.955
38.4078
92.421
80.9671
159.939
51.5716
35.2302
140.305
77.9954
100.012
43.9039
138.735
117.446
110.671
154.534
98.8667
87.4572
47.3524
51.5185
91.3726
52.5497
50.4042
181.371
21.465
137.296
126.052
48.7612
99.1988
42.1624
46.4982
76.5921
134.33
110.444
66.8069
69.7877
103.959
215.399
60.8869
107.949
127.121
80.5466
83.1556
167.381
110.858
106.456
392.434
19.0608
64.6268
208.931
152.513
35.5686
71.1775
108.56
150.152
46.2478
177.043
58.5166
77.6581
43.4412
106.554
196.614
126.006
60.2468
106.349
606.71
39.5591
87.6985
284.937
39.5683
71.9165
84.7563
41.9985
53.2915
393.068
59.6673
32.9486
35.5759
63.2592
247.748
59.4475
67.5496
119.449
117.67
15.763
126.893
65.3834
92.9799
75.5421
59.2754
39.7752
82.5745
182.602
136.277
106.798
29.3881
56.6906
269.667
84.1729
383.561
106.535
370.015
158.371
68.1171
121.598
170.072
97.3485
195.489
228.578
195.287
192.103
61.625
196.479
26.8021
139.689
63.1917
240.927
194.706
277.383
59.1494
266.957
133.594
89.9628
270.026
32.4909
68.6657
43.8819
93.3468
124.551
516.066
382.441
103.059
115.375
124.623
54.0808
142.994
52.2847
123.455
60.5397
106.407
43.7801
334.483
65.1671
64.511
87.6466
38.0396
52.8676
139.157
164.092
220.764
73.5844
59.5473
142.396
184.573
68.3395
132.916
230.983
217.485
40.5727
82.5126
114.014
230.068
109.181
69.5269
102.518
211.206
113.383
181.186
95.5208
144.016
64.8681
165.925
250.769
33.3437
50.1246
93.41
117.82
52.7546
232.031
73.5863
31.4879
425.867
107.934
134.916
76.9213
219.395
146.776
37.9332
187.767
72.0558
112.346
167.641
181.494
136.716
47.0667
171.713
82.8854
149.382
95.9555
20.7019
61.7179
25.9143
95.9161
63.6381
41.3366
232.446
161.233
208.877
45.3593
100.373
223.205
599.488
75.3733
147.31
166.259
88.1646
297.779
116.222
316.425
295.42
77.48
273.078
99.2529
173.191
72.7484
274.692
34.435
81.9011
11.8698
145.798
198.613
310.871
119.306
61.5692
154.204
190
170.671
176.422
443.69
27.2322
106.739
140.599
96.4899
68.7861
213.269
99.1004
215.55
44.6052
69.7158
63.7956
107.772
99.2613
73.3786
211.902
158.228
24.3055
240.519
105.956
197.126
77.8346
153.976
214.699
150.717
200.418
132.647
68.0539
104.502
45.6129
128.086
56.6125
35.132
144.515
96.2058
514.033
145.31
198.777
352.452
50.5318
56.9287
339.892
100.313
187.428
289.009
132.252
62.0077
237.535
24.5018
94.5011
310.364
106.161
40.6876
116.107
176.946
39.3658
68.129
54.898
167.973
75.192
104.688
73.8011
166.493
41.2937
159.319
163.524
120.79
171.062
29.8127
112.715
79.3549
152.242
50.0088
246.429
105.398
150.453
181.245
69.7359
132.928
217.977
304.791
114.389
210.16
32.3753
117.588
54.1033
91.4708
252.472
158.811
223.561
144.393
137.409
113.988
190.462
50.0111
43.6705
155.332
113.296
90.7343
179.273
157.751
264.788
92.9738
85.0662
189.245
42.023
57.1199
226.154
154.796
88.4794
112.544
154.385
86.3825
146.176
291.633
90.4103
188.212
297.788
151.953
206.305
67.8041
171.232
62.8201
115.628
96.9303
127.589
89.1182
238.983
259.692
79.5927
65.9426
387.891
135.821
134.14
103.857
113.168
49.3614
37.2788
67.6967
53.1854
17.8991
128.461
138.065
122.983
59.5733
66.6395
64.1634
48.6957
73.7245
84.2704
110.413
133.257
26.8442
78.3439
126.341
55.5405
118.494
561.691
116.171
46.9026
11.0631
56.157
105.433
165.107
123.98
89.9379
57.6044
127.317
62.86
488.555
168.879
211.898
54.6123
58.6274
159.305
149.324
74.4587
238.653
110.321
71.659
32.3009
46.14
136.697
188.525
280.503
143.435
182.915
268.947
192.301
25.62
48.6754
401.142
245.424
82.8918
95.549
97.3918
310.805
111.868
175.33
78.7182
186.428
89.8144
114.538
142.101
40.7247
123.202
335.22
186.102
29.8852
105.197
136.248
15.2388
291.793
144.817
56.7532
133.438
203.944
172.003
122.855
26.9384
70.4592
45.9055
265.514
98.097
27.3179
79.3262
55.4574
82.7574
44.7465
116.82
65.2208
119.339
37.8091
87.2348
159.63
187.929
44.8272
51.319
48.8009
45.8162
19.4962
26.1282
345.856
63.4986
62.3288
62.4483
251.625
182.728
78.3757
51.8532
54.8592
89.7291
213.811
125.983
190.986
79.7108
54.5056
87.2358
126.087
95.0715
144.182
73.2029
58.5165
44.6818
192.644
189.664
61.0707
38.3872
84.2764
157.307
212.236
130.232
102.6
91.1377
59.1412
50.3742
307.977
72.1188
148.675
137.497
174.556
138.375
84.8599
236.552
68.8857
157.86
233.399
80.8914
51.5814
212.948
219.567
623.591
68.2185
168.474
174.089
264.189
54.2315
188.734
14.3927
72.6911
108.286
144.619
39.6772
19.9881
119.058
37.4387
89.9403
90.2838
107.865
58.6852
156.629
145.751
58.5643
46.8116
66.0958
54.5447
68.0375
45.9321
306.139
123.231
81.0534
70.1466
106.153
165.926
223.18
340.743
146.831
124.629
213.86
211.842
120.544
42.9034
46.0309
68.6524
97.2824
469.892
58.395
224.541
50.2107
162.998
31.4567
81.3608
271.015
50.3715
181.404
31.7373
75.3463
411.822
190.306
113.818
250.374
311.328
95.0122
126.252
61.3942
148.694
43.3856
157.788
90.4432
68.7902
41.7217
51.9647
187.95
97.7127
23.2249
21.6362
131.106
61.1942
58.3795
63.6077
52.5658
83.8958
298.104
93.0358
77.488
296.925
29.7569
415.463
144.445
310.845
66.1
189.937
180.643
26.9061
137.83
76.406
54.4742
313.488
151.026
430.817
20.6632
106.175
116.46
133.713
235.976
40.8986
203.61
39.5407
29.4062
116.864
29.6643
93.8064
52.2024
102.104
160.878
76.1754
111.588
76.2327
28.327
64.3316
59.3032
56.1103
37.0899
220.352
70.8021
79.5087
167.729
55.2913
76.9661
218.845
153.701
53.1014
59.1578
33.2674
218.872
95.4087
74.1993
65.9566
28.0292
67.9498
32.8692
75.9731
110.665
242.588
39.0105
82.1244
64.6528
93.7845
64.1977
72.5849
92.8511
62.9073
192.678
164.214
107.813
65.5734
288.92
213.476
197.132
72.8371
112.583
22.3489
175.336
163.739
89.2988
416.935
105.79
56.0518
45.2694
46.8822
99.0264
155.666
253.318
154.759
227.667
45.2716
120.237
290.34
108.517
156.825
47.2836
216.404
40.9587
41.1467
51.0591
154.173
120.19
49.4212
63.6492
47.328
63.9046
111.412
170.714
92.0245
223.622
170.432
106.671
48.2917
31.581
33.491
55.3777
57.4988
137.448
104.471
50.8095
72.7025
143.778
108.713
93.8159
74.5549
104.799
54.9805
66.2003
137.529
18.5354
67.7171
104.299
338.845
29.8879
32.618
166.328
219.879
86.1003
33.0084
41.4423
40.2249
35.2178
254.185
52.4464
115.024
43.5719
287.802
67.2748
112.994
135.289
121.507
105.037
26.6155
65.902
28.6937
51.0822
77.2738
142.422
329.687
353.055
295.537
72.5248
29.6542
133.272
72.0114
132.798
49.5019
54.0748
270.522
77.6242
28.5005
38.7821
53.2916
85.0941
52.4725
25.0891
243.299
250.595
72.8184
342.139
206.192
50.0633
37.522
54.3649
37.8543
41.2623
197.012
235.358
189.677
98.4319
44.8482
98.6324
102.49
20.7818
96.4459
36.079
194.891
136.588
227.853
103.719
63.5272
46.1455
71.1446
210.559
49.1296
276.56
87.2529
173.979
94.4701
112.718
88.3829
30.4039
244.634
199.189
37.106
49.5376
107.795
19.8384
81.3873
71.4713
51.8999
389.395
81.8937
178.474
107.26
166.364
164.014
452.012
313.202
35.1509
156.118
214.704
17.0773
63.2801
50.99
74.2466
166.016
98.9455
147.946
84.8743
109.902
38.1364
87.7909
71.1303
84.479
26.5361
107.939
41.0627
22.26
30.4862
146.051
66.0852
32.0954
54.8832
145.184
85.3125
253.278
226.342
113.202
46.6407
51.8948
121.311
261.189
108.065
237.685
30.1359
105.496
56.5552
131.257
76.2462
170.783
65.7264
97.7977
130.113
84.3356
322.917
83.988
130.745
153.553
95.5724
78.3191
112.258
75.8426
27.0737
39.8592
42.2095
45.3806
37.2651
296.589
103.056
189.679
224.206
43.1678
44.9392
289.223
117.087
102.097
205.803
89.3934
197.018
186.278
38.4766
25.8102
131.794
56.0377
57.5691
115.421
35.2089
157.718
233.136
38.3498
129.925
156.889
56.8175
174.083
137.566
312.347
84.3408
29.7355
21.7176
37.0168
56.6712
40.9424
80.1363
52.5724
211.732
61.2096
76.1335
129.502
62.3951
120.415
141.502
50.4335
59.8195
144.1
93.0984
24.1338
94.2856
26.3526
45.3271
53.6229
213.419
108.851
77.7999
114.994
420.727
324.204
25.2221
63.4657
70.193
62.6635
187.817
140.873
134.357
107.562
82.49
47.5171
295.623
210.56
57.7007
81.8565
98.1723
49.7288
85.289
98.6132
117.96
41.2373
50.3224
117.331
410.335
158.738
184.666
41.0726
146.517
238.374
33.4004
198.096
205.955
283.059
64.2191
38.8713
30.8746
82.0387
33.5231
167.561
260.775
150.811
31.666
186.849
153.254
39.1524
71.3886
370.965
197.279
112.819
108.614
159.196
98.9336
34.18
153.764
76.7702
25.5679
81.9714
54.9137
40.5733
139.319
93.2721
85.7344
134.889
109.493
37.9893
53.3423
81.5924
61.0169
91.9408
53.2143
239.597
171.399
29.2482
151.722
327.425
415.092
136.389
57.9799
44.8102
108.068
174.639
106.317
85.852
136.279
19.7458
169.382
54.2812
71.1021
153.165
57.7516
38.0043
247.759
83.2005
89.172
77.327
35.4809
33.1897
176.197
192.8
181.26
250.016
29.6118
93.9289
409.235
19.7632
34.2263
85.691
283.251
410.883
69.1443
62.9812
159.592
202.008
55.3799
58.9958
92.1442
66.4021
409.395
46.2408
79.4833
143.021
60.6545
20.4747
114.328
60.976
117.679
89.8721
56.3714
60.9499
152.11
98.0105
51.4632
85.416
189.363
260.324
98.1317
255.609
34.4293
58.4334
78.5936
208.829
66.4649
63.9602
53.5426
143.569
77.6837
267.661
95.2441
162.13
182.112
35.4752
34.2266
26.7124
64.921
121.409
110.299
92.7631
346.495
170.772
82.6274
58.8733
85.1606
185.718
49.6758
121.77
203.82
518.395
93.7374
15.6715
287.641
230.525
74.2969
76.6841
138.123
349.947
85.8189
35.2635
87.9394
56.281
65.7012
31.1545
158.569
163.424
191.928
28.0751
66.8242
318.852
106.83
195.188
113.575
185.05
346.97
292.078
76.6208
97.108
55.7753
69.5588
60.4302
165.653
96.0449
194.911
365.534
158.97
425.94
104.391
204.712
71.6279
144.778
72.9493
396.625
17.6292
149.484
146.964
66.4848
44.7725
192.74
90.6841
37.5223
100.06
35.9858
163.908
385.003
99.4874
399.075
208.592
227.302
141.875
211.292
157.472
64.3874
68.7181
174.225
159.058
21.4585
93.2323
73.7353
167.513
37.0332
83.6796
89.9398
568.692
96.0183
164.483
89.5842
111.23
49.8868
114.475
48.7215
53.8823
186.879
132.748
97.6557
44.7612
31.0326
60.3462
56.0814
64.1329
117.603
193.006
168.923
178.317
93.9506
52.5716
382.229
98.3046
184.184
91.4296
44.2304
80.2
173.457
43.2013
65.506
150.779
66.9738
37.5778
80.8762
42.7441
95.2949
62.9391
127.87
84.6848
228.402
128.515
176.138
73.2456
100.272
93.8456
55.5628
67.0797
161.303
39.8834
104.782
58.1908
135.578
218.926
29.7364
49.3424
120.654
30.8141
153.965
29.0661
136.15
37.9214
79.9013
191.991
39.8853
178.894
102.023
137.036
116.192
259.573
55.2073
274.248
69.0152
71.336
45.2856
108.411
80.4856
98.7864
91.3354
97.3656
152.997
57.9231
236.826
88.0891
157.558
86.4891
78.7735
35.0766
163.453
82.5897
29.6433
38.1768
96.9995
77.6893
236.487
55.5044
55.4581
31.8813
319.513
179.23
40.9606
120.713
25.572
39.9866
43.6862
41.3059
118.549
111.879
318.872
138.748
31.7335
44.9091
165.897
42.3261
46.3505
66.7934
154.786
30.5205
125.478
42.0128
169.276
253.541
114.953
73.0097
117.54
100.867
46.7377
285.239
96.5714
87.7739
106.877
69.1556
27.7515
49.9228
61.1969
53.6894
70.4703
183.86
196.001
250.802
300.867
130.471
198.057
238.278
45.5809
91.166
346.504
86.0886
343.701
201.66
141.227
292.74
143.124
62.5601
38.1697
86.0884
161.29
69.9601
59.3558
151.87
59.6205
383.561
88.913
109.781
138.34
77.5385
79.5192
34.8932
60.7677
54.6677
258.805
38.2423
194.203
264.534
67.4302
112.79
104.679
55.9005
306.361
53.9921
452.275
73.6811
92.7671
39.7969
79.8047
203.061
185.343
159.348
35.5562
70.3285
344.853
118.672
96.0356
72.6701
149.502
62.0918
341.184
163.701
165.138
153.477
56.2923
210.305
47.6492
62.0122
59.9441
65.6647
209.083
132.183
162.917
77.5419
108.951
84.5804
88.4055
39.282
67.5823
676.5
103.637
237.845
84.6557
284.288
26.733
107.988
128.738
104.12
68.5689
101.359
78.2608
144.367
159.552
62.1583
33.3687
86.4695
73.1664
111.759
91.8738
96.4877
265.966
474.027
126.073
179.354
48.9102
221.434
100.112
179.916
13.9166
165.484
51.1803
58.0882
58.5743
75.3737
272.471
27.8792
39.0798
66.5313
200.185
34.5469
123.795
197.296
49.4975
151.516
108.597
209.52
35.7896
60.5032
269.554
71.8633
45.401
26.833
442.054
182.747
80.4883
188.974
149.343
347.564
36.3715
196.421
59.1534
81.5566
87.5206
66.3989
194.189
50.8789
85.8157
165.592
134.701
289.568
124.423
199.406
52.4068
174.986
99.6819
83.2037
109.104
95.8643
220.52
186.83
68.8285
177.928
231.369
95.176
137.741
62.6718
50.049
62.6987
48.123
171.053
88.5569
28.1601
127.115
56.1456
251.127
270.731
32.1889
119.875
108.254
187.508
112.477
196.885
128.348
72.4124
70.1374
197.547
280.847
113.185
82.984
127.223
84.6172
102.772
65.0157
335.704
82.2421
183.078
354.258
34.9971
78.4701
129.502
34.7595
109.812
206.638
111.611
53.5386
120.255
127.418
178.295
95.402
60.0575
237.766
155.728
63.449
157.014
131.81
111.224
21.2678
129.053
125.279
62.4614
91.3703
117.546
92.729
52.3568
25.3751
42.5829
77.6511
32.5749
397.414
166.289
32.795
91.5704
51.8471
114.78
121.415
72.249
127.845
187.148
200.435
388.816
60.6783
21.8819
105
70.1443
66.4832
35.5918
19.3178
87.6919
166.788
77.3957
52.3307
122.005
89.2263
232.889
30.7143
48.8793
236.199
39.3863
47.0685
45.0222
128.635
247.617
98.1587
52.964
155.52
69.1151
87.1549
45.8318
59.1861
30.0161
147.167
38.5562
105.189
33.487
82.0246
37.3802
41.073
39.3919
106.3
99.0823
163.82
99.4188
30.4863
127.845
72.9197
53.6179
149.676
291.003
103.883
102.018
61.1422
164.974
288.291
405.83
28.2495
77.8278
116.259
94.0153
126.862
48.1396
240.622
140.211
62.8667
62.2782
108.888
32.0711
186.932
21.3623
159.607
49.7755
90.1952
21.9343
98.017
43.4413
116.355
172.984
82.0685
146.555
172.621
66.693
61.9626
261.064
34.5564
68.3377
67.4225
25.1637
62.9914
98.8137
373.624
44.4303
93.8362
77.2678
146.397
69.6039
159.359
77.5827
40.3644
74.706
47.3095
238.56
40.4183
35.8247
230.204
88.4438
221.672
28.4016
77.6212
47.064
125.848
261.963
251.423
146.195
264.657
71.5563
163.769
225.05
36.5009
54.5314
31.3572
174.637
99.2492
104.922
104.808
67.548
152.08
214.967
61.1134
121.263
132.412
61.2035
126.238
84.8574
266.99
61.2315
166.53
49.4
195.589
67.3085
160.371
354.058
49.5699
155.136
28.2455
84.3382
86.1631
155.462
241.468
56.2947
63.0106
97.9996
14.8235
37.3742
177.096
113.778
67.0754
304.117
541.584
292.703
251.733
173.147
153.689
54.4004
364.224
136.607
45.4787
150.61
64.6583
281.207
77.8261
123.195
40.8873
53.3197
138.429
110.559
111.443
32.5104
442.868
70.6039
113.413
70.0984
170.035
142.706
68.5995
57.5523
22.9407
162.768
61.9311
68.3801
68.2282
44.2654
36.6406
46.4484
304.705
252.454
42.5899
37.318
128.454
49.2962
130.104
31.5618
60.9487
66.6772
26.2578
72.0165
113.851
175.945
192.116
161.742
157.835
84.234
126.245
100.992
72.985
169.862
21.2214
70.858
73.2278
97.1962
65.3691
179.377
61.8591
51.0042
84.7395
44.8512
26.1995
36.4498
61.2601
171.551
43.2371
142.902
154.331
71.0624
98.5554
131.763
186.84
133.498
138.806
154.15
106.898
76.4729
184.149
150.65
68.7397
23.6016
135.671
178.528
111.52
25.0254
177.919
191.95
163.931
107.171
70.3311
118.223
264.888
230.542
125.724
217.249
91.0567
249.264
118.765
52.8538
103.493
112.677
44.4048
740.441
82.1576
55.9373
54.2892
102.526
92.1139
141.306
75.7642
37.3681
66.6518
25.3475
60.2844
112.765
63.3154
65.1248
172.666
78.3692
17.3619
14.4898
52.5548
86.2145
127.951
101.229
74.7245
103.864
47.5536
118.452
246.94
297.786
380.75
42.8046
62.022
104.555
91.4051
63.5998
104.795
77.4484
45.8093
235.688
144.406
287.586
137.814
195.996
174.95
78.1939
86.0928
215.196
109.046
154.694
98.934
56.212
253.8
127.211
20.6792
46.1117
93.7688
23.169
36.8546
109.368
43.2037
41.3914
51.3336
97.7292
16.1162
181.686
81.6035
127.522
272.928
52.0871
27.4475
29.4588
240.953
43.082
21.4854
148.716
27.7328
133.839
54.1942
91.2633
177.532
50.7141
20.363
40.189
92.0017
133.289
134.616
38.1198
34.8351
167.229
108.16
147.499
205.026
115.41
182.071
101.286
37.6788
93.7444
81.2346
357.548
76.6722
81.3563
161.293
129.881
93.4272
148.71
88.7198
187.59
179.014
221.998
221.145
320.222
36.0281
162.36
209.913
60.2069
140.334
111.919
226.136
46.9731
56.2642
21.0591
79.2826
89.7676
34.9521
51.5578
129.926
55.7422
23.5442
59.8324
186.761
59.2997
263.394
182.122
190.565
84.9656
52.2227
72.1709
106.375
285.584
300.089
143.022
130.306
70.2255
109.389
75.4529
44.3972
87.1474
58.3758
110.522
329.915
283.644
180.03
86.4517
21.4698
152.603
42.3378
84.4403
32.1928
24.4634
333.578
32.9318
23.1303
75.8524
78.3374
165.376
261.107
39.209
464.401
423.729
152.043
89.7512
43.9394
42.5384
388.289
32.2761
125.661
88.219
199.24
149.706
217.914
59.192
94.3157
31.0568
250.237
155.655
82.4818
43.1159
79.4855
61.0508
37.4629
40.781
38.9368
151.336
85.7734
61.0098
49.2967
89.8761
132.533
132.677
276.959
92.9507
54.1363
112.782
145.583
191.328
415.785
101.069
198.418
89.2845
172.633
61.7034
177.566
132.685
45.0748
234.418
75.7298
82.8421
55.5337
189.353
66.7755
32.8375
141.414
240.839
38.5955
64.1108
195.196
87.1251
165.705
102.879
43.5919
93.8205
234.459
126.567
73.5353
146.17
209.112
54.0716
97.4364
164.361
43.7389
96.4002
122.707
133.122
95.1043
92.7182
29.8323
49.5985
225.92
127.881
83.6003
118.154
240.621
218.291
106.054
126.402
40.3921
69.6798
61.9763
38.7499
126.656
65.2122
172.354
71.2959
195.454
331.478
131.549
62.6287
82.0223
61.4029
87.0305
126.254
53.1286
33.361
114.625
121.585
66.5156
59.7927
44.2169
42.6149
73.5801
57.7699
40.6699
77.391
62.398
40.3881
119.425
119.831
72.9471
45.1951
106.575
193.774
32.4893
231.783
59.1412
72.3924
69.4476
65.6499
73.2974
45.7867
79.2532
36.774
72.1977
21.4899
109.637
165.928
256.043
141.288
190.933
44.891
47.4652
138.498
188.806
34.0039
200.045
102.048
112.424
115.887
79.0405
133.133
122.951
139.866
77.6228
72.7211
28.2067
52.4045
255.064
69.9499
134.581
36.0657
73.8887
224.395
273.2
107.036
89.8318
60.3205
38.3139
127.348
205.407
287.579
219.508
146.072
121.245
87.9123
40.4851
71.4954
253.893
144.873
121.456
163.962
151.845
47.8801
134.068
542.502
99.7968
263.326
234.426
40.6218
29.6562
166.11
285.818
77.6173
137.987
71.6194
161.972
45.2185
66.1177
170.119
102.554
59.6213
19.7586
217.856
53.8181
139.236
132.917
156.328
194.7
109.495
290.502
60.5067
78.1025
108.888
168.598
73.2406
20.3246
251.877
47.12
170.209
174.187
104.954
109.544
57.8272
91.7432
110.535
332.157
60.552
95.8518
167.64
85.5954
103.762
36.4151
38.1398
168.846
170.546
41.3856
101.429
57.1252
144.907
77.6357
55.7526
109.542
75.8206
174.228
230.551
100.487
75.8169
221.985
131.09
326.491
38.0785
27.8379
28.2192
263.693
200.844
96.6247
56.5625
62.8546
67.5514
130.289
119.845
113.849
153.061
67.8599
44.139
324.693
204.352
125.174
81.7247
171.989
182.115
459.773
40.0037
211.324
184.709
143.418
537.525
15.6976
59.2666
68.896
24.1834
95.3743
232.79
32.1299
87.4542
138.504
49.2014
100.409
197.001
56.7536
279.414
65.555
34.0679
164.866
179.769
123.591
92.3426
131.656
166.473
67.4328
71.5337
52.2665
148.659
32.8119
119.34
15.7855
91.2603
137.346
156.734
50.9239
169.267
16.394
135.384
36.6748
32.2562
124.308
258.141
67.4615
184.394
64.986
85.566
48.6497
318.772
415.556
106.315
93.0066
44.7123
92.4809
205.978
44.2023
106.045
115.66
121.377
122.84
21.6125
258.394
221.749
30.9114
43.909
133.262
28.4042
204.883
47.4804
39.5906
41.0034
26.8011
14.9019
110.203
390.318
104.946
104.576
251.57
52.2643
51.6451
45.3477
107.247
293.73
163.799
139.789
159.515
185.177
27.4237
82.6522
74.4855
46.9708
125.589
71.4128
91.8173
85.4747
76.942
244.249
66.577
497.806
191.464
135.19
49.6071
62.7476
191.036
201.153
52.5108
67.5302
146.214
98.6556
113.232
166.327
57.5195
25.7559
206.375
180.295
147.551
227.925
70.2077
86.6238
74.963
84.9657
92.9749
65.1341
90.4972
38.3051
46.453
74.5218
235.399
69.1997
160.091
65.8136
84.0237
72.4757
136.334
45.7371
53.8834
34.7535
175.008
167.278
196.213
116.187
30.2307
44.6014
92.489
94.9734
205.971
94.3132
67.417
61.3183
112.643
158.881
14.7141
155.144
67.8356
52.5316
40.9003
58.6298
43.8643
46.4873
282.711
57.3329
88.9431
191.691
92.1228
398.3
180.31
322.57
126.712
129.744
88.7286
410.592
25.7637
48.0882
288.27
552.159
81.4518
34.8313
147.053
35.7477
105.95
53.015
105.048
250.005
58.3939
113.379
113.88
102.074
599.321
55.5243
120.022
175.915
70.6528
384.868
21.0763
88.932
52.6048
37.7113
89.2341
82.9593
100.981
59.276
97.8685
70.0262
353.347
142.688
307.462
34.3714
44
245.92
72.0257
62.9772
79.8131
110.382
202.007
55.35
357.522
230.166
29.2644
140.445
111.748
319.115
546.881
101.211
249.456
206.075
228.673
194.661
44.3544
172.537
33.852
44.6757
114.933
115.102
241.504
69.3351
279.815
82.7553
253.584
37.3105
17.886
59.2132
152.91
143.709
53.264
91.711
426.995
59.7173
83.9191
195.111
173.97
16.5406
260.195
92.9025
125.363
87.9311
30.4219
33.6439
537.261
116.743
48.9164
77.9676
96.8711
54.7639
160.523
108.926
32.3501
51.6795
20.8001
50.2125
114.441
67.571
62.3017
58.233
81.8512
34.67
82.4428
103.305
70.1943
226.357
64.1769
91.8915
52.6621
104.251
53.3526
52.5032
126.97
154.392
48.7528
73.7252
303.35
107.466
198.567
123.636
296.241
72.322
113.1
122.109
100.042
265.953
84.5202
160.26
334.617
84.8515
88.4981
90.7467
54.4186
230.367
142.523
27.2697
74.9478
52.0328
125.646
76.8345
62.0304
145.567
192.6
75.0674
201.853
30.7675
147.228
221.469
25.1556
52.5384
30.3051
184.919
52.7768
351.569
28.1167
339.385
135.191
171.225
80.7554
77.3996
154.711
216.986
117.042
37.9561
19.6627
94.3549
105.777
150.622
67.1992
138.05
186.185
160.518
186.842
180.064
159.477
31.8694
117.094
137.65
27.5021
74.5204
46.5371
100.981
135.388
86.433
129.563
26.3947
57.9835
110.851
197.244
78.7249
34.3011
174.901
121.11
238.618
69.5258
145.752
94.8644
221.644
123.028
309.566
404.34
53.4562
115.165
168.749
81.4762
62.2747
51.2813
81.769
260.003
74.8458
117.108
91.9074
52.6095
76.4204
172.818
138.145
290.026
59.7826
177.767
118.542
140.191
146.946
44.5132
73.6702
50.5342
166.309
63.3136
191.962
147.599
14.7029
110.421
53.4377
75.1018
213.342
73.1016
76.1169
132.601
92.6626
218.773
28.4292
70.7331
70.4028
149.371
49.3275
296.335
41.4706
47.4669
419.917
164.555
39.7016
202.225
94.9055
75.3474
179.925
48.4864
37.6848
90.2439
104.411
38.8905
91.5837
261.614
43.3351
247.865
155.035
168.111
179.576
72.292
206.596
252.02
22.5885
222.769
22.2303
16.133
142.935
83.1182
30.7888
84.1674
153.632
113.374
47.2928
61.0518
102.077
70.5376
196.461
71.9155
113.051
117.887
44.5542
218.448
275.399
74.5334
39.7414
125.354
170.223
134.272
86.9757
57.2582
216.678
177.872
141.562
150.749
76.6958
38.6189
72.6731
89.6323
217.656
53.5373
233.513
50.1837
44.4033
66.2759
93.5796
33.8612
44.1724
98.9191
78.5934
300.337
65.1492
37.8249
29.2935
40.4917
131.151
115.365
42.4122
63.1089
56.9029
103.426
21.4644
117.522
238.875
36.8854
39.1086
40.1306
73.9798
150.027
33.9625
161.033
92.4719
193.135
28.8381
78.8376
91.8775
47.7947
132.38
219.913
75.4686
90.1645
144.586
95.2223
121.691
67.7363
97.2426
54.9646
78.2705
91.7043
128.401
45.809
43.4832
75.4589
236.663
143.239
66.3448
224.588
141.163
51.1681
39.535
201.464
231.477
181.562
36.5366
45.2554
172.331
164.32
29.2292
206.754
48.4966
112.548
65.172
45.9036
159.281
77.6072
57.6268
171.091
339.494
646.767
61.173
217.689
127.01
26.5777
41.4256
172.117
107.969
63.927
100.73
113.862
107.15
161.934
30.7797
49.3305
64.7367
144.935
37.4852
62.0237
46.7547
89.043
185.121
266.609
55.6312
184.433
92.6132
148.007
321.751
219.535
128.779
70.5934
107.209
118.495
109.014
180.927
13.9432
71.943
124.97
116.753
90.1836
50.8628
45.768
186.097
165.667
170.233
101.515
70.6295
65.7867
101.614
24.0987
142.646
158.547
52.81
42.2774
67.5229
103.909
30.669
341.561
63.5762
103.2
245.876
139.298
65.5406
78.1914
209.16
185.866
64.5666
53.0447
290.255
169.966
38.8191
109.052
139.171
32.0267
103.56
206.017
37.5747
78.6474
79.6013
145.747
113.478
122.97
93.0454
25.7599
98.5814
48.1506
106.577
100.163
171.279
451.078
27.5854
97.0182
79.575
81.1437
210.171
84.3815
343.391
135.848
47.0323
160.106
72.267
38.0274
102.409
193.59
108.553
239.836
166.728
55.7911
177.672
259.456
63.3719
229.639
75.4215
147.644
70.7562
213.891
159.176
157.857
64.9164
67.1876
152.49
126.174
47.587
85.0709
29.598
107.911
117.745
67.9771
154.125
86.5762
71.199
89.876
155.511
74.9074
114.895
87.0108
35.4211
37.5669
242.019
51.0402
165.553
247.922
50.5773
119.597
148.454
135.245
74.151
190.649
107.372
133.586
134.747
74.8798
38.1551
192.139
41.2448
135.801
34.0535
138.107
53.6312
188.33
54.0441
56.9636
91.4399
47.6339
107.748
72.4045
55.6048
411.414
131.291
136.609
47.7754
529.849
101.194
269.64
171.109
181.08
37.6637
145.776
44.4588
37.9538
276.661
350.253
131.93
57.8004
85.3897
48.0347
34.373
254.035
58.4381
159.583
29.9656
159.748
67.0031
123.244
182.895
130.531
177.858
33.5741
332.882
119.092
27.6292
117.284
163.463
42.5259
85.1939
114.272
122.486
101.725
173.315
162.805
124.818
152.927
216.802
69.9363
145.69
246.06
79.2504
350.173
74.3608
416.429
51.1262
57.6385
25.8855
63.8513
106.526
100.05
181.51
158.456
48.0591
78.3712
150.242
118.471
80.6411
76.1678
154.878
165.39
522.819
9.8567
202.739
128.246
89.9381
38.4144
221.074
51.7724
61.7493
62.9222
139.564
67.9995
58.2568
155.48
16.308
139.861
84.7218
35.5359
109.291
170.225
32.9747
180.288
136.46
46.8669
40.8852
140.395
98.1859
102.328
63.9006
144.064
142.909
67.6439
142.06
169.104
61.1955
147.752
104.737
218.272
170.502
136.166
43.1922
246.247
47.9717
38.6049
195.093
78.3524
103.862
211.937
99.77
43.1224
289.412
39.0098
176.476
140.267
57.5007
194.944
24.4728
192.277
218.215
104.496
50.9454
312.982
118.111
95.3808
71.9544
146.804
104.094
105.713
60.8311
124.242
28.5205
42.3187
108.929
19.1482
151.474
75.2854
129.15
66.8702
122.519
55.0059
178.712
291.394
47.0881
209.232
149.791
51.43
58.7554
230.867
68.779
110.112
204.304
159.955
71.5575
52.5339
56.2673
92.2142
58.9465
109.007
122.015
95.1764
252.402
45.19
67.6002
76.1806
275.278
55.9651
138.446
179.047
93.2464
31.7146
50.3598
144.642
124.314
169.251
226.66
121.932
60.1248
72.8748
54.3084
95.5229
479.693
111.489
108.211
95.5201
72.0817
75.8498
110.116
28.676
268.03
83.7679
54.4306
30.8849
38.158
44.5268
43.1503
126.803
42.4414
41.8077
78.856
47.8108
78.323
96.4745
94.7406
104.516
149.717
116.43
46.9488
294.174
104.429
40.5871
90.5225
77.7207
154.797
92.3722
127.279
59.6105
118.415
224.02
257.153
161.704
80.7215
41.141
53.5027
166.515
176.72
33.4723
123.886
37.4603
123.661
74.8953
83.0687
129.133
95.975
111.155
28.2356
29.8836
231.7
72.8544
28.7614
109.785
134.713
58.3582
98.366
64.289
347.121
199.448
324.285
220.068
94.6408
73.2313
135.837
252.121
143.006
19.784
222.36
112.728
47.0779
128.95
72.6721
76.9816
36.9573
146.797
18.5574
111.832
112.21
102.516
239.219
74.2609
257.071
49.2982
119.646
109.088
259.682
40.2299
50.5973
72.9904
56.7695
32.9596
192.688
119.657
163.198
96.8425
88.2038
172.877
37.7987
83.5837
139.613
31.9344
390.145
93.3105
82.484
49.2993
107.189
131.895
39.9076
133.909
298.542
365.478
34.8422
94.4642
83.6954
73.9244
192.718
227.981
171.814
225.749
206.842
105.322
62.7878
78.4695
55.3034
99.7144
61.3507
71.1171
233.204
106.116
161.216
149.157
106.057
116.283
64.615
547.867
61.5992
34.8487
75.0469
118.186
90.3879
140.888
53.0756
98.0936
18.9277
67.9377
238.047
335.453
44.8497
57.8079
99.7874
80.9301
115.083
52.6596
347.298
144.643
84.2071
27.1872
70.2512
47.5118
81.9843
234.724
68.7558
26.725
356.027
25.7418
48.1591
50.1338
367.511
53.5548
172.694
308.228
79.9242
66.7249
98.8383
142.026
127.707
244.347
130.283
203.845
144.882
182.459
112.579
123
338.717
96.9581
369.271
135.105
118.351
233.404
49.7761
174.664
190.524
316.14
103.022
52.7189
608.807
63.3278
95.5801
138.398
97.7089
201.047
173.93
134.551
108.396
141.091
26.6099
152.241
251.36
277.219
64.9505
25.3616
75.8872
415.808
346.063
48.0655
70.5348
77.3328
155.268
315.562
36.1158
233.301
76.0462
37.9294
101.352
60.1952
122.83
135.2
39.0625
104.072
290.47
182.069
179.522
76.6673
67.0841
51.8505
230.141
37.4737
169.545
162.724
156.405
64.4018
100.544
92.7288
96.6329
28.9273
83.5917
50.3414
156.436
276.363
43.6006
80.3981
77.2689
145.46
199.142
108.428
70.7257
335.374
79.7809
83.0755
122.859
126.857
38.4757
232.997
33.6226
33.9772
144.582
158.282
141.509
106.977
324.967
230.222
38.5257
220.731
110.816
93.4114
82.5375
209.106
87.2531
52.3642
75.1954
224.059
244.627
73.2595
76.982
321.889
44.1206
230.654
293.927
108.614
39.5315
114.813
145.139
80.7158
103.799
35.0604
29.9814
318.421
126.271
116.391
266.556
74.3073
83.8496
89.962
288.463
138.394
52.387
189.978
47.9139
159.774
97.2302
190.756
193.133
107.34
210.292
52.0954
45.0096
198.877
72.4755
255.459
51.7557
63.7076
77.7622
63.3754
299.414
288.741
152.758
168.778
78.2285
35.0954
74.343
57.899
91.1212
38.8759
141.179
52.7559
97.9463
361.27
56.9543
320.66
47.0022
245.724
112.439
72.4161
58.7436
184.532
65.5266
493.871
66.4166
151.986
53.904
166.73
178.653
57.4616
157.321
65.9822
70.6784
89.1307
42.9713
38.6292
89.3151
214.718
57.2413
135.709
164.416
96.8853
92.59
63.888
378.283
80.8367
101.692
187.537
110.333
42.3165
157.222
130.835
67.9024
283.141
58.8244
60.1274
169.126
46.8982
70.1072
139.323
87.6764
59.106
265.533
136.585
99.4234
99.4737
105.903
131.099
220.171
81.903
307.885
111.207
143.965
118.65
95.6093
91.4648
44.9269
253.541
63.7277
121.433
38.2962
277.618
284.107
130.222
152.214
23.309
56.0514
53.4036
137.246
357.649
141.828
272.489
66.9383
84.7964
78.5413
185.339
110.596
49.0751
68.8524
56.961
38.2911
264.496
272.875
199.381
124.644
70.2557
136.146
132.681
123.827
336.79
65.8313
28.9443
69.9418
51.1924
174.599
58.8492
48.7888
147.873
170.198
37.6921
51.9945
571.304
75.7136
78.5254
23.0445
58.7014
209.773
156.248
16.8404
21.4594
159.278
259.655
93.8385
122.967
104.436
242.941
147.906
66.0677
161.639
206.87
101.992
22.0986
270.855
107.68
63.4588
67.1718
121.596
54.0777
100.897
136.725
131.383
22.8058
215.094
119.445
169.609
81.5677
219.177
250.723
149.403
193.017
181.205
48.2419
132.432
47.2949
131.454
64.686
33.0056
108.245
115.895
90.0844
265.665
91.0481
104.378
241.774
217.32
67.599
129.859
467.016
263.069
100.094
109.459
34.1597
26.6177
148.649
107.812
145.494
52.2274
297.776
248.873
39.203
469.368
264.207
42.1311
51.5596
128.466
107.965
147.892
131.528
48.0599
72.436
47.5502
120.121
105.253
73.4862
55.5561
109.597
24.9391
731.233
171.367
238.917
40.5223
69.3132
25.7801
180.829
81.3294
48.9117
186.155
357.735
79.7867
151.841
291.793
103.566
200.964
192.027
37.7818
46.4308
270.12
54.2217
61.7075
17.1398
138.081
87.6291
94.3891
200.781
24.9628
50.3187
166.067
90.2769
58.2858
306.484
66.2499
71.2472
80.5443
50.5398
249.82
86.1052
41.3858
86.9793
51.0891
245.548
33.9998
52.2424
111.456
32.6962
184.739
174.74
416.044
203.638
154.815
23.5878
258.288
42.8899
69.4922
174.314
54.1253
124.344
31.5136
99.1085
23.0769
396.675
30.1055
85.9161
307.334
82.5639
164.527
120.939
23.9593
147.668
83.1069
162.81
226.984
121.455
161.409
28.4873
89.5613
252.858
139.559
267.473
71.0939
50.1253
40.5425
123.95
108.647
84.0191
104.486
146.919
200.264
41.004
139.699
36.9601
51.7737
116.82
51.4179
54.8518
290.615
39.1917
48.2318
74.2455
159.702
63.1747
125.688
35.8549
74.2209
170.16
68.2891
84.9491
69.4525
144.501
73.5708
150.03
187.201
67.5944
49.9634
149.564
36.2002
278.25
110.397
101.107
528.92
42.3994
141.57
44.1878
411.15
471.681
62.1572
46.6765
284.286
97.2493
59.8238
276.97
73.9277
42.3828
29.727
115.914
100.167
79.5502
54.5921
25.3639
265.375
150.859
229.568
45.214
173.531
101.089
128.933
145.872
140.329
228.176
73.3833
156.89
49.4284
67.8106
62.581
27.6663
61.1303
68.9187
34.0215
91.2131
132.456
99.8093
194.479
154.815
43.5081
61.2321
46.9528
45.7071
186.725
75.4219
135.65
63.8579
311.396
142.575
225.905
37.0841
123.639
42.8773
71.9825
33.6892
21.0152
65.1574
58.5284
27.9377
41.7464
24.9905
93.44
151.675
93.0054
54.6226
108.248
34.9119
145.849
30.7387
35.1575
62.568
134.95
43.1898
132.6
82.3023
45.8327
180.286
118.288
168.478
94.1305
30.2677
24.4593
175.124
23.7698
59.1714
170.98
56.1093
98.1988
15.7351
143.565
112.24
36.646
66.5128
236.982
62.5285
76.3614
157.584
50.4303
108.559
33.366
438.948
96.0961
136.554
50.9327
65.4515
187.426
26.8309
157.534
47.6029
78.6814
61.0178
64.7988
36.7288
222.175
157.179
335.944
111.801
43.2185
65.5207
195.918
44.522
130.774
75.2465
97.5906
289.149
67.994
124.644
33.7705
89.0291
41.3016
44.5977
354.775
150.002
49.688
121.529
101.619
115.698
126.786
91.0153
201.135
88.6872
202.453
87.583
100.362
78.3894
68.3342
158.584
75.049
30.9589
89.7329
71.6301
30.5902
139.775
334.405
87.6044
146.121
107.514
52.4361
253.462
38.0343
92.7379
123.212
22.3937
101.465
98.8075
75.379
206.879
144.889
176.164
122.246
69.588
55.0471
92.5731
129.347
53.9925
148.144
89.1428
45.5909
233.447
72.6082
306.738
38.727
70.8977
37.0566
21.069
159.971
219.914
61.21
175.354
22.8245
29.4492
93.9909
151.717
72.3478
125.873
131.689
112.338
196.927
309.259
67.0883
98.2957
131.292
47.2125
32.1004
206.541
91.6652
49.3569
137.695
302.645
169.864
65.765
48.5934
90.3823
278.807
46.0009
176.543
29.121
50.485
42.9118
58.3447
38.3517
172.108
132.588
19.8748
52.0428
215.151
101.646
38.6905
46.7921
64.4449
301.176
93.4974
144.53
103.661
319.9
54.9259
132.77
47.7458
81.1185
75.316
322.398
97.1734
83.262
74.0846
237.92
74.1539
84.2221
55.0179
45.8914
430.977
385.149
112.754
168.289
205.887
135.632
72.7333
110.507
205.11
175.644
173.134
49.051
22.5672
54.7135
92.2292
74.4965
18.1031
67.5133
248.663
100.568
150.989
178.417
96.2497
45.52
118.669
29.1721
92.7273
119.808
24.4629
165.929
48.0335
123.121
51.7487
29.4723
56.1381
63.8951
68.4857
167.091
35.7139
131.252
222.557
40.3911
53.3931
9.5055
37.0942
365.97
59.5771
200.651
736.538
102.675
82.2918
132.498
45.487
116.656
113.854
104.871
233.484
119.951
49.2007
243.391
24.054
52.2681
138.766
25.8103
206.889
92.5537
370.399
72.3728
46.8412
161.618
40.5456
36.0365
171.001
106.446
226.581
21.3214
176.754
69.6308
147.135
15.2467
118.587
167.363
285.752
92.32
162.713
34.2896
186.512
86.4135
73.224
83.7443
67.1708
64.5866
106.523
369.205
29.0399
18.2721
430.764
68.9952
114.339
62.4821
99.9624
24.4381
28.3083
76.1824
121.091
54.1084
132.724
61.9191
31.334
78.2721
125.352
71.7542
161.483
197.664
269.821
88.5517
44.9226
97.4065
88.3527
67.5836
136.141
48.83
57.3838
159.086
74.5853
63.4029
25.0314
39.0753
100.671
109.021
130.04
96.4722
139.407
144.509
164.599
172.707
317.135
36.8009
157.513
39.3205
55.9436
85.5123
128.291
101.408
255.815
78.625
57.7076
122.911
73.3726
41.8091
127.35
195.505
122.644
112.758
51.3881
80.5548
76.4091
75.3719
90.8344
181.505
156.547
104.392
292.311
125.222
93.9234
58.5814
61.8009
42.0312
156.177
70.0279
284.176
75.2679
70.4378
159.9
182.866
81.1469
64.2571
100.758
77.6379
40.3965
68.6773
83.7556
49.2403
61.29
92.8242
117.871
25.1707
114.94
72.8393
109.933
95.9377
107.016
169.997
77.5424
101.391
126.57
116.119
233.599
91.376
190.164
173.288
297.104
34.2094
26.911
180.576
239.847
80.9454
44.3004
72.3656
142.701
104.816
96.7544
82.2219
110.518
361.934
34.322
43.978
85.7459
70.7711
99.157
137.973
208.947
225.516
107.143
157.702
70.8858
83.2247
74.5539
92.3676
17.4038
119.963
69.6483
127.154
42.5619
222.303
85.9523
154.771
399.884
82.0124
121.911
18.5553
74.2555
151.834
254.981
334.258
133.283
169.266
249.84
39.126
64.346
166.687
458.886
221.497
128.044
115.338
49.0821
87.7046
36.43
63.9667
71.1194
80.5743
224.374
350.469
94.5951
60.8023
183.996
82.2653
131.83
109.17
32.9422
45.4975
105.786
193.391
45.2381
69.8624
86.7147
202.249
43.5822
597.201
203.843
275.462
117.859
148.53
29.5475
435.687
375.434
85.4193
46.1263
131.944
144.282
254.04
51.241
216.091
54.8422
123.546
68.1401
78.9716
126.841
183.704
276.639
428.644
107.67
61.8992
30.4753
39.1193
105.833
107.534
136.145
176.18
575.634
215.639
57.6778
19.1751
133.41
283.626
162.998
185.281
28.4846
285.354
143.122
101.795
360.601
136.406
107.72
59.2679
69.9254
67.9317
106.77
86.2024
60.0962
171.425
286.757
57.4643
269.276
95.5959
66.6185
176.204
230.668
263.066
90.0487
161.902
227.393
235.251
96.6165
148.72
64.1701
50.4806
11.457
219.886
81.0663
42.9673
41.7737
122.297
73.3262
348.088
266.454
85.0773
197.681
96.2559
13.451
43.9305
39.449
239.398
49.8645
188.974
130.686
34.3583
38.4452
100.485
169.237
253.825
58.8725
25.5971
88.2351
340.814
79.3433
85.1281
89.8724
87.1224
51.063
33.3931
33.5987
74.6681
65.3445
74.2729
75.3508
66.4667
120.532
117.378
170.348
60.8858
123.028
153.702
48.9974
245.38
122.976
56.6854
132.62
86.2662
45.4687
186.795
165.706
97.0232
293.363
134.634
16.6743
23.7937
109.904
112.835
219.466
150.446
69.9767
174.028
123.11
194.175
88.4463
74.883
67.2636
89.1087
83.6907
83.6967
53.3493
87.1887
186.925
142.236
41.9639
147.535
46.627
155.01
184.301
27.2742
153.943
83.0921
119.528
143.586
41.6401
39.6327
182.183
134.894
42.3082
160.919
122.284
13.9844
54.8174
171.042
73.3386
49.4051
219.509
101.171
39.8769
20.8219
32.8404
113.304
418.978
38.0196
263.971
173.025
114.386
217.32
109.166
66.6821
34.4795
69.2321
98.8874
129.51
181.376
286.22
224.992
76.9694
113.154
94.4632
16.5612
37.5875
150.82
93.4614
70.0094
49.0414
518.418
71.0646
354.136
117.672
361.664
157.207
98.3723
116.848
77.4842
65.4561
84.6754
74.3041
194.383
329.839
150.596
84.1354
39.5216
230.024
90.1092
55.2728
60.3835
190.6
51.28
314.467
65.0846
17.6273
37.3573
80.5753
87.8704
66.9949
240.75
57.6189
253.322
35.0588
75.8512
76.6395
125.614
120.444
107.055
82.3562
72.5784
206.209
144.809
90.1036
24.6654
26.4879
42.0366
123.23
197.8
196.853
80.9195
80.5341
68.3411
81.3389
503.105
35.8999
63.2877
192.084
37.9418
271.697
36.2838
92.1497
40.6804
180.405
205.385
301.809
58.9029
119.971
252.274
223.693
104.538
105.291
34.3756
62.685
94.5001
94.829
132.884
169.67
138.35
121.492
50.75
103.363
206.673
43.4819
33.7998
112.202
221.283
73.5692
150.114
160.219
109.706
166.147
34.5254
106.759
140.424
70.9756
99.2261
32.0947
61.6229
57.6413
96.6738
159.926
176.971
91.5483
130.149
227.945
111.257
193.885
117.336
55.006
211.055
55.1831
115.196
64.5766
217.623
146.895
131.457
42.9618
62.1519
216.945
273.779
154.911
76.1882
109.131
81.2826
197.765
42.9803
140.661
74.1175
88.9795
50.0465
236.018
201.202
122.297
101.156
98.2238
299.485
162.233
99.6289
50.0466
265.84
157.86
39.805
66.8266
45.4637
291.199
47.8785
206.502
128.986
56.5134
131.812
88.9309
153.234
71.6251
273.897
27.873
150.422
70.37
138.304
60.7656
117.266
218.601
75.0257
114.984
275.17
63.092
38.5921
86.7661
59.1471
133.634
88.5622
275.959
173.077
45.1879
30.1708
98.3574
146.701
128.752
181.783
118.8
271.056
205.809
36.4137
89.4888
206.832
103.187
147.957
99.6038
29.2145
43.3555
121.77
171.932
227.672
133.901
25.0935
85.3765
100.264
143.934
51.2098
199.145
53.6679
266.719
61.5841
221.716
363.238
103.149
284.823
218.184
97.0424
28.1988
141.828
208.355
36.693
141.028
95.4505
102.496
43.2694
117.097
60.4243
162.483
46.6594
81.9004
75.2441
60.5613
174.054
124.412
24.3931
129.912
312.334
141.906
68.6668
100.876
96.2289
180.921
117.196
117.465
98.6388
187.293
98.0078
95.383
33.9984
28.7458
230.788
64.866
471.915
154.485
241.012
237.676
416.017
98.8741
155.197
41.6885
98.5866
47.1225
209.392
46.283
108.561
109.954
72.5222
119.24
105.585
141.258
55.7456
206.796
13.4231
138.155
22.2343
106.421
197.931
99.9397
156.034
48.2648
26.0048
130.37
49.539
93.5552
62.7631
40.9293
117.746
171.901
174.007
151.162
34.6586
29.1513
73.4773
227.588
97.2314
81.5306
233.099
56.4184
83.4482
140.431
420.044
33.0029
311.072
63.5221
377.094
90.3714
154.648
112.844
299.585
92.4221
81.8137
26.4693
118.009
122.922
53.2804
62.3562
133.112
118.586
305.226
103.082
114.846
65.9646
98.9966
54.2012
44.5377
61.686
115.839
69.9992
45.2169
230.27
65.6465
181.156
60.674
100.432
146.618
32.1032
105.051
30.5561
108.692
50.186
28.3091
159.286
99.053
135.174
405.827
59.5332
277.194
196.928
156.494
110.634
150.607
38.7896
78.5942
300.479
314.712
138.723
128.507
106.187
73.6497
85.2117
130.965
46.9716
133.366
68.4998
139.885
179.254
140.212
261.238
86.5946
33.1786
131.633
234.838
178.556
330.623
122.562
38.3084
59.0781
63.861
478.144
105.536
98.6416
234.589
60.4212
44.706
135.525
127.259
165.672
198.672
456.029
34.0948
208.148
42.3482
112.692
132.575
182.703
114.277
358.812
68.8731
94.9917
49.0076
182.898
165.389
26.4508
45.7156
82.7923
176.922
35.0755
41.6453
156.962
132.557
56.6719
96.8054
72.6758
272.696
28.6186
19.8772
197.624
228.444
75.2189
107.221
124.002
199.712
121.502
56.3163
126.007
42.6424
216.314
283.689
40.0391
38.06
33.8857
149.632
48.5854
27.1657
51.422
105.491
37.7561
124.404
28.5128
137.754
55.5876
19.8023
109.979
195.764
130.074
45.8182
159.741
310.434
234.723
148.627
121.044
62.5866
242.73
113.662
111.261
39.6506
166.835
90.6736
112.722
59.5691
270.303
139.463
34.488
161.782
69.761
98.4865
254.149
67.504
114.456
181.826
97.5758
46.4862
140.908
134.891
121.841
107.797
65.8342
173.467
111.116
43.5248
50.9397
145.093
198.187
144.829
31.6394
189.194
175.342
164.734
29.4174
120.358
38.8273
166.085
101.543
166.664
46.2162
43.199
23.0432
86.1115
150.581
138.634
82.7461
205.163
126.034
108.125
93.2884
171.221
49.5328
44.6533
172.146
121.456
60.8403
166.535
140.328
211.694
99.7484
130.243
108.395
109.226
35.3078
42.5804
21.2519
36.433
66.2882
44.6164
96.4438
54.7079
105.941
56.9963
117.967
149.333
178.288
34.3998
14.2503
113.215
213.304
61.7967
69.6446
117.971
410.366
167.773
94.4404
38.2254
163.565
257.53
40.4202
88.1571
32.5484
37.709
18.5386
84.1917
85.8593
39.8384
47.7797
130.717
49.8436
71.2102
129.064
250.471
93.3513
104.634
104.593
51.7386
70.4436
158.597
261.308
123.438
63.449
161.281
394.719
68.0241
19.5089
115.903
78.1281
92.5388
50.7516
66.0267
131.156
97.6193
180.053
79.6797
204.352
131.319
254.41
215.844
495.236
181.605
41.1471
43.326
64.7304
124.728
61.1263
38.5226
380.183
99.2365
183.918
22.3239
80.2418
188.899
147.249
122.655
68.432
46.2891
54.1928
124.261
50.9792
97.4584
356.926
69.2399
71.0712
145.852
147.131
97.0622
73.8271
26.2156
44.8466
45.4638
166.405
35.6639
105.177
79.2177
332.567
153.964
110.809
44.7624
23.7405
143.721
182.693
74.8111
100.743
91.3048
168.315
34.0377
53.1584
482.493
138.103
61.2093
276.47
187.497
248.326
100.65
183.783
118.792
223.215
75.1585
60.7791
100.361
139.905
237.822
168.717
114.639
126.097
20.6812
140.647
60.3139
27.3097
73.2681
72.0206
416.059
309.802
121.854
81.4723
110.408
157.625
96.6881
58.572
185.487
45.3749
30.3406
313.551
68.4528
220.532
110.284
58.5132
93.921
140.474
102.37
192.906
230.782
71.8417
201.255
34.0201
63.5259
38.0763
380.059
57.3026
38.8321
10.2891
57.2778
150.953
46.1152
139.749
45.8458
85.4786
38.7062
128.587
39.6286
54.7476
245.495
91.895
55.892
170.225
99.6273
47.4223
358.053
74.6564
76.1343
59.8989
63.2117
34.7453
35.8899
258.877
244.678
93.7762
209.437
119.466
355.383
60.8396
25.1134
134.236
180.032
46.76
97.2971
33.6191
438.162
39.4925
56.3877
76.1129
112.761
139.326
192.105
171.693
107.58
118.709
216.528
146.557
156.551
241.788
80.379
81.62
138.255
100.336
26.1853
47.4267
102.384
51.4363
345.123
46.154
215.802
32.7317
77.5614
161.718
167.325
50.18
33.147
206.79
24.236
186.842
60.2544
251.541
56.5719
163.667
64.0119
81.6211
66.046
78.8194
167.185
100.626
52.8681
136.009
35.0887
41.2892
79.9551
46.7981
269.352
32.1803
149.912
124.404
27.0944
173.596
126.08
76.4024
41.4466
69.0881
60.8484
102.308
134.607
189.586
117.867
265.921
38.4575
87.4997
135.847
65.1914
160.87
195.196
87.1144
140.182
150.081
237.196
119.863
28.7236
67.8762
83.6398
112.609
70.0811
58.508
260.231
88.0072
81.6258
120.273
80.7419
49.3481
91.9384
125.935
83.2537
38.449
189.563
22.0252
72.3612
54.9098
22.9985
50.3704
196.473
211.12
28.3156
77.3395
83.5868
128
744.477
84.2488
43.9869
132.336
176.945
61.9179
99.7095
247.434
46.612
56.3629
77.0534
171.855
131.546
174.244
57.4728
104.99
91.8633
42.8831
206.704
90.3337
51.1957
43.0584
185.356
53.9735
162.649
52.6895
95.8837
66.3757
93.8108
72.0807
66.7294
56.291
46.8486
115.339
163.456
47.4501
45.3456
20.1395
84.0795
155.486
108.707
58.1849
63.2621
171.923
230.739
52.2039
98.118
103.044
176.8
456.438
115.165
111.835
132.215
73.4213
18.5657
83.8951
69.8187
167.017
67.2183
98.3999
95.9541
142.226
72.1116
117.993
56.2798
132.945
129.998
268.446
67.3072
170.52
371.215
188.184
78.0267
128.593
222.8
69.7913
34.8114
209.559
102.315
69.9493
56.6133
49.4571
161.815
107.514
103.707
39.8492
59.8047
92.1428
273.656
156.083
69.4331
36.3953
127.736
19.7284
237.646
197.213
21.2999
457.703
56.5594
360.265
66.3815
37.3168
59.0933
83.9229
104.284
121.911
205.81
119.38
42.1241
173.748
45.409
57.967
132.179
26.3041
29.2069
25.074
388.872
56.2859
86.6607
74.0084
329.938
125.719
110.134
55.8422
115.389
96.8095
41.0959
236.384
87.6253
43.7526
317.536
265.556
135.069
84.5851
75.3553
36.3055
46.3581
124.894
213.481
136.118
100.432
81.5485
106.751
170.697
131.003
49.945
32.6059
212.241
57.5499
32.8094
132.029
150.372
20.0101
72.5233
96.2777
170.638
121.474
174.194
130.772
55.2201
71.652
48.688
148.443
55.3516
73.951
56.3728
44.1933
63.9968
201.866
43.3483
66.6278
86.266
81.1242
92.2886
215.389
82.6385
63.5461
77.6875
73.6622
47.9501
82.6501
110.866
110.062
49.2649
51.5803
155.889
367.393
214.353
239.927
332.391
111.259
53.4028
402.896
102.332
58.86
58.3658
143.852
44.3714
47.1983
103.399
80.6496
224.841
53.8012
21.4054
36.7198
190.843
111.622
91.7501
54.7066
65.9142
171.669
107.044
92.992
62.341
20.4686
53.7483
39.2478
124.605
115.856
140.703
123.012
43.3644
229.423
95.2555
210.902
422.885
34.2717
22.6836
152.93
55.5402
258.378
41.0729
109.939
506.814
34.5039
201.254
130.489
72.0742
139.636
117.211
233.457
143.108
313.952
110.193
55.3341
15.9841
39.4877
257.752
122.706
109.639
165.487
123.215
65.8042
78.7211
90.4799
54.6656
184.586
91.4275
15.3846
36.6967
52.3382
94.0591
127.769
239.289
194.144
108.782
70.2173
456.557
296.245
64.7741
85.9776
51.8318
306.139
81.0773
137.168
78.4434
151.844
37.8173
301.665
43.8045
50.7671
28.7299
66.5327
90.3739
147.678
90.4586
75.9708
137.649
109.321
220.017
154.355
203.102
20.496
144.858
112.731
127.5
234.542
308.699
92.1032
158.617
34.8346
63.5375
312.427
82.6189
166.079
119.826
90.789
146.129
35.4458
110.861
85.6598
86.1697
105.392
64.5144
104.475
83.9676
105.39
147.815
36.3926
141.11
152.42
112.171
38.6138
62.7825
40.5503
161.972
295.807
122.045
51.8744
52.0458
80.2817
51.6923
124.682
97.6829
135.32
75.248
37.9686
111.213
71.6253
182.112
112.272
99.6273
35.5407
204.079
116.982
83.768
254.543
39.8408
74.2763
201.296
204.344
71.1525
74.3167
75.0566
97.3037
55.0967
181.214
311.865
61.512
135.996
72.1329
101.434
115.817
175.593
194.919
60.3994
354.611
51.8535
31.422
193.515
51.9876
95.4974
37.7736
199.308
130.86
168.944
474.259
313.622
17.1229
170.248
124.463
111.695
36.6587
40.2856
107.484
95.5192
142.248
303.897
121.533
41.0607
285.295
346.01
99.7849
201.748
245.022
79.8262
31.0611
147.122
143.841
333.516
187.081
90.1007
300.764
105.736
120.302
23.3336
97.5936
123.603
61.7515
183.579
235.608
9.72498
101.084
28.4876
311.291
66.7852
226.851
115.419
168.898
161.049
38.8032
62.216
122.922
79.4561
137.117
274.966
58.4621
46.6237
209.453
77.9822
505.327
126.377
132.699
62.4509
163.201
203.486
84.4551
214.093
118.985
89.9911
24.1201
63.4111
44.3194
48.443
127.172
103.78
340.328
160.319
205.47
94.5351
179.422
32.2475
32.1345
46.8816
36.4082
96.8089
55.8516
63.1146
55.8686
61.5758
132.221
337.783
147.638
35.4038
92.5759
71.3414
88.5579
40.7495
62.9186
141.215
114.116
84.3047
204.518
68.8375
270.392
215.698
224.402
131.175
76.6684
100.687
114.579
99.6912
86.4921
155.877
98.2536
168.944
40.1443
90.1472
170.612
123.525
58.0663
116.678
72.6322
52.7979
194.925
192.813
32.1818
95.6813
201.999
25.6598
122.311
103.188
29.3637
172.759
76.0219
57.1572
62.7144
114.014
180.776
241.515
78.1019
122.066
41.2199
82.7017
114.252
79.9156
175.232
77.0001
96.8551
43.3008
108.655
87.4401
108.753
124.037
85.3583
185.646
177.134
92.907
77.8233
98.0932
33.9798
162.949
83.4281
60.1751
48.9438
94.7608
184.201
46.11
55.3818
72.893
252.847
247.717
363.41
48.1366
34.8919
58.9672
210.468
45.9298
60.762
53.7728
62.4011
75.2851
119.931
339.297
28.5122
62.1909
15.7214
59.9412
108.701
41.7359
378.258
66.0033
171.387
64.4258
174.707
26.3659
161.435
86.4901
180.778
221.111
40.0038
43.958
102.02
512.12
83.478
88.484
373.49
241.585
130.86
764.866
57.1141
232.985
72.6732
87.5001
124.817
113.326
215.977
188.752
64.9243
102.165
51.1183
122.049
226.137
94.1256
31.0302
40.5392
151
38.6143
74.3115
27.7423
60.4732
63.1834
107.562
380.565
83.885
73.9206
77.8569
217.417
44.7122
143.997
55.031
157.017
59.4926
118.424
126.229
43.2921
17.6612
102.474
220.086
187.301
295.286
126.861
106.626
117.329
65.3203
37.2574
175.374
61.757
75.9151
131.539
93.4707
58.1113
145.755
85.0087
560.162
146.257
103.518
35.723
106.072
127.466
90.9581
147.255
125.275
53.158
212.062
41.0708
255.171
228.068
86.3737
183.314
198.056
388.07
87.9811
94.2724
87.6957
64.3572