11929.7
1458.63
6343.14
7581.72
6216.1
14242
2976.37
847.309
841.75
490.727
6413.91
3421.45
4559.37
32.8595
27003.4
179.089
1022.71
26091.9
994.039
1755.41
962.003
15582.4
17068.1
154.418
4184.75
11423.6
2967.94
27952.3
6764.91
4931.77
5985.91
21227.7
2365.87
10875.9
26142.8
19726.3
7817.02
11395
5950.93
1977.36
12650.5
6514.69
11906.7
11470.7
2323.62
3332.47
3350.94
12098.7
17171.3
4384.22
2122.71
3338.66
5312.1
17093.9
9301.06
911.965
3446.02
15695.5
3951.67
1098.96
8560.27
5744.52
1725.72
6754.34
16097.5
5185.59
1893.65
644.205
6152
6221.16
1873.78
378.052
2859.08
7193.5
2477.05
11005
5072.28
4884.45
10578.1
6431.96
1264.41
1072.61
95.3639
10591.7
1213.04
1683.23
17110.2
6888.72
8697.18
4635.6
9040.07
3567.06
603.169
3501.24
1566.6
4499
3095.21
28539.9
787.143
10730.9
40707.9
13260.7
3921.53
7309.07
4023.33
8756.39
2010.83
3153.7
9521.48
1709.59
3735.38
4887.08
10811.7
2401.84
3142.81
16542.3
1877.13
2431.89
4065.91
16616.2
7127.74
26128.2
19138.4
3315.63
12908.9
7986.27
10967.7
383.433
701.734
3468.71
6266.76
5127.83
4166.89
1424.47
19185.7
6641.54
7463.29
12361.6
2416.24
4838.72
12208.9
2414.04
3303.64
3506.44
8954.24
8633.54
16131.4
2745.81
14683.5
2776.99
4212.7
3859.89
2497.21
6609.99
12352.8
11674.1
5419.39
344.904
6639.66
19094.7
7676.18
13992.9
19289.3
691.459
35399.5
579.13
5239.94
848.43
505.303
5151.65
6250.42
5350.14
5437.14
2706.89
16211.6
16715
6684.69
737.859
9041.63
1560.55
892.845
2311.72
2921.13
20592.1
1390.65
10776.4
9717.39
5621.65
11395
1586.4
13630.8
2634.68
30889.7
21251.9
2541.07
3813.72
6977.38
1251.16
229.513
6277.46
4941.86
10430.6
5903.73
793.401
1347.8
5214.76
8294.72
9114.1
3229.74
1378.42
21779.5
2012.07
11543.3
4603.81
2578.46
987.066
1240.01
6681.41
2694.57
7436.43
1183.62
6359.35
5180.47
608.357
1516.04
5950.93
2961.54
5326.2
18307.5
18102.7
5772.46
141.481
1397.17
1322.24
4882.02
2787.98
16811.6
3764.63
947.475
13861.3
5397.16
15776.7
2196.68
2713.96
29827.6
5067.76
227.019
23795.5
6184.34
10902.5
312.526
19303.4
2211.4
30158
18317.7
8230.9
7796.71
1695.24
4458.56
4715.99
6527.16
5096.62
6239.48
4305.1
12102.3
3543.73
6803.81
8103.55
6554.54
1547.67
261.005
7436.27
23235.1
1536.34
265.447
11627.2
12156.5
4520.54
16261.4
475.051
3570.53
5102.94
456.285
10101.5
3468.33
12183.8
4880.28
23391.8
7146.48
1972.72
11892.4
9539.3
4056.19
832.561
2068.92
2058.72
4972.15
17720
24174
1142.93
9905.2
163.559
10185.9
16623.1
6653.96
2850.4
3909.1
1746.88
43577.1
10259
1251.29
17305.5
9248.1
8377.71
833.234
34034.6
3274.25
296.47
704.22
878.246
18161.7
4005.37
3530.16
4233.31
16638.2
565.279
1234.77
5336.11
4634.04
7709.53
4258.64
9914.15
19304.2
5908.85
1257
12777.3
2718.44
5569.37
20999.5
3313.3
5053.51
350.609
4322.5
15589.3
1064.32
8067.12
13265.5
928.215
749.715
1013.4
7366.86
12140.4
5610.13
23658.9
8048.46
1713.01
4045.79
2282.54
588.164
11184.4
3752.4
2579.37
364.413
3384.6
6559.88
23029.6
6268.03
2197.66
2212.37
1027.36
29789.8
3666.15
1426.81
9180.61
8554.97
8727.91
13534.5
16685.6
24209.2
24790.2
2249.99
50892.8
6344.91
13935.9
1379.82
8450.09
2848.28
1766.95
1711.78
15936.7
2567.57
1617.74
109.013
7017.24
10854.9
6003.83
2497.44
2958.12
9684.69
814.462
6527.15
898.554
24176.5
3538.78
3025.53
3608.16
1724.89
11736.1
2767.46
72.1308
78.804
1234.35
13412.3
11774.5
435.845
4255.16
3131.66
1892
91.4713
6509.47
108.724
5630.45
4594.68
11814.3
9515.14
5900.53
4760.13
2409.13
1783.34
2508.21
2080.91
7804.25
1850.92
18607.2
18259.7
600.836
10808.7
5704.33
5118.3
843.855
10631.4
2497.25
1616.98
2721.99
12142.1
2285.39
3397.5
5976.61
2342.2
2212.88
409.722
4129.09
21510.8
9547.45
3317.82
8290.98
4920.69
834.44
5146.01
4111.31
1819.11
17462.4
10875.5
6164.33
10911.4
5209.29
4540.7
1940.7
9222.78
5290.82
1639.5
4432.86
95.7894
10879.3
4131.78
26236
3506.7
1067.64
13599.7
7689.46
11161.7
134.222
25634.9
6856.5
4451.92
10391.5
7083.49
27178.5
3661.3
7597.3
6323.14
7219.88
325.543
24660.9
16531.5
17321
18077
7196.27
8727.74
3791.22
2969.1
2006.85
5181.59
948.383
127.095
11952.4
2579.03
8166.7
5802.12
778.007
5065.83
8913.86
3907.46
963.739
897.096
10480.5
1187.48
4124.61
13601.9
10244.1
5063.33
89.8018
2521.68
7169.28
5496.33
3710.36
9057.91
342.373
8644.34
13766.7
21382.8
1676.85
6653.85
4328.95
3373.39
8820.25
2210.06
9752.41
645.661
2569.83
12728
4772.3
25067.8
5965.73
5304.54
7961.05
95.0722
4777.14
8677.19
3008.3
3965.78
25516.3
4103.88
8959.43
7051.32
7340.99
1776.44
19939.2
7257.38
6106.79
12118.9
13434.4
17407.6
12027.9
11447.1
9480.56
1896.01
2258.62
4211.16
4326.76
3083.55
7877.87
5126.18
9109.27
10881.7
13303.2
4170.63
8015.42
11304.3
38312.3
2680.31
5421.72
8216.93
18614.7
9075.52
1228.99
4043.02
2904.96
2540.82
4789.96
21.1873
1880.42
10293.3
8415.76
2311.25
586.47
4915.28
6621.29
425.427
4695.33
4348.62
8199.34
16958.1
1893.7
5594.42
3909.32
10158.4
8077.03
640.24
5423.5
13355.2
1552.03
1110.08
25366.1
5945.62
15364.2
23738.7
4068.77
4063.07
11010
29286.5
299.594
873.096
17319
43913.1
2195.11
17252.3
17901
105.161
18700.6
1979.91
16798.7
7541.41
2257.09
7724
4893.18
2561.03
665.936
6389.09
3270.92
265.533
13835.7
14833.8
26524.5
10789
6299.5
6242.94
16713.9
1548.33
7574.77
6366.16
3594.7
5082.78
11093.6
16016.9
6140.92
12925.6
16787.7
18928.9
1296.95
9098.62
3768.87
7339.33
2999.65
10069.9
7014.11
26308.4
341.708
1707.16
5211.87
16962.2
22706.8
7030.8
6491.04
2484.01
12541.1
4256.25
2155.16
5893.58
3508.55
3707
2824.62
3734.62
12979.6
17165
13466.4
15230.6
3946.98
6936.59
5243.99
13894.4
232.454
18855
478.802
3401.52
7505.18
9341.02
4670.89
416.831
2917.92
4667.22
25687.6
4013.96
8826.64
729.577
7488.89
252.385
2707.57
10149.7
3191.54
1735.93
47.5271
1369.31
2293.27
5062.12
858.941
17652.7
4776.68
8470.36
2466.04
4637.14
4589.62
12065.2
6016.48
942.904
5865.65
14409.3
8102.19
4757.02
4644.14
2907.97
6220.93
3206.44
1411.81
1492.72
4790.53
1803.88
4447.07
6574.72
5596.35
8812.09
11274.5
22408.9
7342.48
7517.39
10147.7
5201.6
3303.9
27906.6
4817.38
8449.59
8148.15
920.91
278.833
3144.35
22634.2
457.395
844.477
4182.49
1500.47
6122.1
32739.6
2410.91
5502.59
3368.74
1231.15
5367.23
9230.56
945.46
33594.9
5678.52
6357.81
14756.4
6029.83
35866.1
1184.28
1839.39
3036.85
2685.7
7834.98
1268.08
10511.3
2481.27
11563.7
3129.91
5445.7
20539.2
9374.41
674.57
3036.73
83.3893
5986.03
4188.58
3573.49
12648.7
4135.97
16307.3
579.294
498.335
21912.6
172.388
11126.8
10919.9
4678.64
1636.93
13298.6
468.757
2361.27
3328.72
9977.57
3665.9
19003.8
2231.35
9467.52
9057.91
1352.81
2099.19
18632.3
4117.53
26352.6
5609.89
32721.3
3688.61
3692.19
4719.62
2025.43
555.691
467.131
5973.4
11058.6
1399.3
17649
3844.68
13319.9
1156.44
3898.08
1378.02
4976.57
2180.37
10463.9
5882.95
18729.3
1542.24
13476.9
333.27
6187.11
3087.82
5335.24
19115.2
1649.25
6326.48
13127.3
11505.4
2221.92
1096.8
18162.3
2252.61
4745.13
27860
3555.1
1341.8
7211.09
27225.8
8057.46
664.632
16239.1
894.62
3950.43
3577.89
14361.8
2229.63
17249.4
5878.56
2358.62
5136.04
4118.95
2412.95
2798.51
6189.23
4662.53
31381.7
21202.5
8418.9
9645.42
30931.5
2469.09
10810.9
4227.17
4043.31
7584.62
7073.26
10659.4
5052.25
123.589
16424.6
6225.46
9484.67
178.744
6520.92
222.36
4361.08
1130.04
11083.9
18042.4
2253.27
20957
6108.04
213.766
9556.29
13667.1
799.858
383.972
34943.8
718.523
7864.35
635.85
631.961
13003.7
3958.49
7644.08
3266.73
9000.99
12107.2
11273.4
121.551
1466.94
1111.37
25958
3230.82
6020.98
8845.57
11656.9
4491.2
16254.3
8057.16
2119.93
17308.2
360.578
38117.7
3375.92
14269.7
2945.66
1135.82
3730.46
3240.98
4902.59
36740.3
2657.7
24234.1
2376.36
3103.51
3532.14
7080.05
25566
878.259
2188.33
719.662
8597.43
6469.95
7163.58
6101.9
6105.87
10012.5
31522.1
3571
14487
8471.02
11354.2
9224.58
2149.06
13487.7
13373.6
4748.13
18558.3
3882.94
1717.88
11775.5
9396.97
2599.37
3158.97
6058.5
3684.64
9112.41
145.524
16029.2
20627.3
14914
12476
38.3674
12355.8
436.264
1753.4
2757.01
28554.4
196.185
690.069
326.146
7007.46
11849.3
14625.5
11089.5
1882.53
1871.75
702.29
2837.76
7363.19
96.7969
149.028
5413.45
3617.52
20159.2
8998.95
2975.3
10800.3
972.07
650.051
2606.96
1406.8
814.179
2256.73
5603.43
24323.6
7282.14
22854.7
10398.8
6661.92
20926.2
7139.4
2385.05
14498.1
5245.68
7660.52
33360.2
2341.17
2159.08
8699.08
2700.03
4638.02
619.255
1192.56
25732.9
14845.4
54.4077
4773.17
16191.8
28328
3307.04
6074.21
52.5473
2008.82
9692.66
7773.5
789.613
13356.1
24414.7
6596.22
9977.37
3459.58
2607.51
3081.69
4039.9
11667.5
1944.78
19777.2
30979.8
10024.5
17976.9
6339.28
1137.83
14760.8
2992.73
4818.58
1334.26
337.461
10427
5665.47
3017.48
3131.39
6748.35
12662.5
7552.61
15053.8
14235.8
5822.52
6751.73
12179.3
1525.37
9439.39
2750.17
9176.99
7284.47
1472.02
8110.92
5465.56
5812.44
996.076
3238.97
6054.26
23647.9
6239.06
12684.7
7943.31
1296.52
5278.06
12242.4
6344.04
1709.08
279.953
9259.78
1229.5
5684.82
10169.2
4531.92
2056.13
1339.24
10877.8
1385.48
2073.6
4667.73
10783.7
1829.7
2141.16
33231.1
5279.75
2457
1280.87
1242.18
1204.61
12830.1
4922.33
1561.25
639.621
14889.1
2281.91
3318.95
104.318
22354.1
4323.91
11071.5
199.415
10266.2
436.383
4884.72
7832.36
1522.28
6654.9
10045.2
6292.49
12672.5
8421.61
749.792
7723.77
2070.29
14546.7
13728
2482.83
18126.2
4302.95
900.054
6054.54
8651.81
5051.4
2211.03
992.571
2111.63
3315.27
6471.5
4468.14
2128.21
5382.64
970.435
5524.28
9859.22
11941.1
4504.62
7638.82
3889.54
15750.3
4044.11
4282.18
17545
7241.94
4890.11
3391.34
4091.56
4594.39
7235.04
12731
18085.1
13788.1
2873.38
22220.9
8801.35
6971.58
6053.12
5684.01
7731.78
25617.3
740.352
12698.2
2720.97
4560.66
1559.17
17202.1
2343.45
5553.96
10383.6
28927.4
4152.09
1607.22
9712.09
4014.5
5372.99
8438.61
6175.68
521.818
23281.4
2673.27
11247.8
5582.8
11250.2
6875.13
4977.26
1796.01
4875.7
2605.42
2987.88
6757.08
6004.13
4478.42
19313.7
19101.3
12990
4425.32
128.889
3376.97
8019.01
4347
35210.6
788.266
11505.8
391.754
5929.67
13322.3
1125.95
3854.95
5534.01
2903.1
15440.8
209.211
727.718
10812.3
6832.83
809.981
4180.57
390.756
21187.6
1284.34
5203.97
5844.6
12226.9
1116.41
8305.15
4043.91
11459.5
6925.75
21242.1
3556.79
704.935
14162
772.733
38122.8
1870.87
1095.3
8488.04
1414.8
199.557
1061.88
3945.38
5131.85
1172.19
10463.1
1919.14
2621.01
2120.17
10238.5
13328.5
10157.2
551.779
5678.77
953.223
9913.92
28317.4
7468.49
6534.99
3960.37
1298.98
5201.95
36976.4
597.44
31216.3
358.687
31685.8
9350.82
17522.8
1307.55
4631.78
13710.9
20247.5
7681.99
18209.1
8193.79
4547.12
25689.5
4620.68
913.314
11.4384
5802.01
7559.87
1966.44
5288.27
14447.1
7815.08
3506.98
3577.53
49.9124
1670.15
7602.21
1781.75
12354.2
5590.28
6387.58
823.867
11353.4
5069.94
7285.25
3043.14
10917.8
10360.2
161.908
18102.1
9946.4
2951.94
8244.36
7872.04
9654.19
3212.47
433.211
2083.95
13617.6
8047.9
1572.67
842.155
7176.69
8052.88
5948.1
18019.9
2751.28
981.456
58088
12433.7
6042.5
265.67
21867.2
985.879
1682.69
26432.8
6675.69
4283.3
2437.62
8188.11
5586.34
4093.71
10261.9
7110.39
9855.08
12286.4
4287.55
8567
7604.82
2360.95
3805.3
1313.59
18395.5
9516.51
16716
5573.42
3442.16
5346.62
257.23
13961.1
5067.71
35270.5
758.379
2135.69
7502.09
269.853
1014.06
2947.37
3633.07
1055.34
10931.1
4276.31
8865.82
12846.2
4601.09
1592.28
4659.98
27266.7
5487.7
4056.97
349.182
8902.19
1112.53
9545.88
12192.8
1980.94
3836.27
30450.6
6284.68
2158.42
193.122
2253.48
6455.72
16216.8
3075.98
7381.09
5183.07
1695.21
3204.63
8112.07
13381.9
10553
15591.5
11062
7979.37
1795.43
3099.51
2659.49
613.619
20724.2
3120.47
1045.74
735.789
16847.8
20328.7
24784.9
25297.8
4269.62
5677.81
5353.18
1428.03
30540.3
8190.41
2545.85
8524.52
10550.7
3181.21
12137.6
22952.8
4267.24
1118.21
2439.26
2459.4
3146.2
27484.1
2644.23
22248.5
8991.35
10189.9
8891.96
9895.4
5290.2
734.865
1252.73
2615.69
7331.32
1174.11
26022.6
1968.53
8932.77
10558.2
13251.3
3995.74
13879.5
5214.05
3659.79
1585.32
544.834
22248.6
5624.63
1850.65
9419.99
7765.47
1962.36
3597.37
2564.15
4585.41
214.718
16270.6
9857.93
1433.01
18749.9
12209.7
8986.15
26377.4
3885.92
11972.1
2561.4
15609.6
3544
48350.3
8084.55
6555.92
28693.7
10039.4
7048.58
412.048
533.512
5357.5
2744.44
1684.84
2358.51
2263.84
28846.3
24729
4460.61
11856
1787.32
29627.5
7035.03
846.553
3340.39
11051.1
750.037
26039.2
1924.7
1030.79
2027.31
4857.16
4415.68
8050.53
2797.45
7955.31
3364.87
2789.8
9790.69
144.478
13560
1533.22
2161.8
13667.5
5856.48
2987.99
3523.54
13884.8
13841.4
456.235
2298.87
5051.98
10287.6
1242.99
21524.2
6949.62
19225.3
5002.76
6601.96
7812.25
498.612
6066.44
7909.42
7458.09
1102.61
6495.03
218.875
14851.6
883.241
20942.7
2525.95
10000.9
8488.47
33695.5
12792.2
10387.2
8605.75
7620.01
38136.5
3324.2
9088.46
2118.8
10871.8
574.279
1876.17
13482.2
1779.93
605.008
3039.47
4528.88
1762.03
10801.4
13670.1
3030.75
2263.91
3331.66
8881.77
668.047
2173.51
759.152
4382.72
17100.6
13257
1176.99
3455.8
7836.23
12159.5
1928.94
2478.71
1921.91
10715.1
2847.93
1126.14
636.033
8971.04
1567.98
33098.4
5083.83
9355.11
1588.06
1507.93
2526.88
43281.7
693.297
1102.13
13660.2
3389.03
24029.4
1889.26
18985.6
21103.2
22482.5
3869.58
1709.52
8401.76
2941.71
3031.74
8440.43
15915.5
407.892
2461.2
13751.4
7359.89
46248.7
15777.6
184.66
9537.3
2668.61
637.644
349.328
21110.4
318.381
4546.92
14400
2372.44
3693.33
9457
4335.86
14915.3
4513.61
431.476
12513.5
21431
3690.44
19914.3
6018.39
8570.78
698.845
3264.26
7864.21
11315.7
3177.68
7964.88
2595.56
16841.8
4100.87
1114.12
6363.84
7635.48
33584.7
10918.4
1973.94
4423.9
4784.74
18980.4
6945.13
9953.01
3813.48
1419.14
11002.6
12920.8
10004.9
5832.88
1311.11
15385.8
5507.48
2663.04
17616.7
5349.06
1035.68
4253.05
1351.01
1909.68
11708.4
1189.68
40260.3
278.789
1103.75
26852.3
14460.9
11328.8
3618.44
18218.8
4464.79
4084.11
2293.05
3263.94
7645.04
874.58
4418.43
3017.85
4704.38
1756.56
7319.41
7089.64
6760.1
8138.6
8782
10215.2
4994.34
629.121
9505.45
2193.43
6561.23
213.502
10679.8
560.488
13576.6
8730.61
4079.02
11432.4
1188.59
11426.7
4496.81
10863.2
1342.53
6559.96
17869.3
1592.8
9650.86
1185.25
3412.71
1263.78
3986.62
1851.12
8204.01
10430.1
3285.3
4029.86
4224.99
4210.2
13382.8
1584.89
2541.79
3664.22
7322.68
2340.79
8612.94
90.4377
8039.94
17032
11053.4
5340.75
1400.93
11802.5
12004.3
2159.57
822.988
2488.09
8206.57
7178.37
11845.6
7111.43
7548.67
14015.8
2273.07
3044.89
1234.87
5634.18
22395.5
22428.2
9747.13
2311.59
5367.47
17001.9
5389.64
1571.88
17733.3
5473.65
621.299
20758.4
5158.48
9227.03
2384.06
2906.65
690.261
318.635
1211.85
2029.88
9508.61
7322.47
8523.48
6580.34
15928.3
9704.71
11177.9
1926.47
9416.67
14279.3
142.805
1652.64
5966.15
929.867
954.921
21999.4
1425.94
18727.4
8174.59
14571.6
8455.57
13546.2
1956.1
15472.5
4874.28
32632.1
6872.7
2234.6
8187.32
7245.82
4298.79
10834.2
6007.13
46204.5
4074.1
15983.5
221.484
3849.86
3557.11
14065
8303.02
3659.17
1969.05
4931.14
1136.42
11367.3
401.178
37546.4
22100.1
1479.5
6118.76
12021.8
7733.58
40521.4
1974
21677.8
5833.63
29193
3744.42
3078.41
2363.25
20554.9
857.161
11928.7
631.979
2790.97
4365.85
1161.63
24034.2
15031.7
2870.58
1182.1
14698.3
2396.26
3441.13
1582.72
11181.7
7780.83
4132.52
3626.82
23128.3
3244.54
447.458
2443.3
2688.81
7582.23
8185.34
3425.36
229.405
825.678
949.977
10938.7
9934.06
2969.81
4458.57
49.0564
9583.86
1948.03
679.024
2619.09
1257.78
6045.48
3452.03
11544.7
1830.04
5139.92
10474.7
5682.12
2768.73
9111.96
4020.68
4384.05
4255.21
51.1306
13229.7
13521.7
4191.91
19332.1
9781.1
18633.6
3740.85
1295.33
2512.02
8278.33
559.542
4825.09
8259.78
13155.9
4840.1
13795
11519
2016.89
341.836
22757.5
8090.68
6917.06
5045.4
2768.74
515.161
7644.73
5168.08
1125.87
4614.7
4253.6
918.297
2753.54
11973.1
6171.94
3433.43
5372.72
11859.7
94.0244
1773.54
1666.91
1756.37
3637.64
10985.9
2556.63
12561.4
23900.7
12712.5
10295
2840.22
7594.73
3762.88
5926.06
26687.5
17417.8
4897.39
7115.84
7285.53
25002.1
5602.52
8762.43
9153.3
2526.75
2847.03
27257.5
5072.45
5217.18
1633.52
13540.2
11611
3464.21
13539.9
3652.42
4388.38
2287.5
5358.51
28695.6
755.167
6239.71
115.074
600.535
7154.7
9085.04
20048.9
2412.67
6138.32
2552.92
9449.87
4320.29
27841.1
954.533
32.1667
733.174
338.971
3960.97
6192.88
3948.92
1408.5
519.415
9265.46
1526.99
3454.9
1258.81
9137.05
2279.29
15570.3
3156.86
4469.08
3704.43
4890.62
4244.57
2936.46
12172.8
2889.61
15124
7657.46
15331.6
4543.66
4165.98
2453.24
18488.6
19886.8
385.135
932.907
6794.28
6634.13
1844.35
12962.5
1768.61
2320.91
16481.9
14291.9
9658.52
1217.8
9345.17
7189.44
38108.3
14097.1
2250.9
20863.2
3767.64
1961.03
4762.05
1970.53
219.215
7506.9
13534.4
9884.37
14780.4
1335.08
7055.56
4588.9
531.735
431.93
1062.28
9480.98
9162.26
2142.22
12384.7
1719.33
7034.55
1900.82
5229.82
23859.6
8675.33
1436.95
8659.37
2526.18
3435.27
23121.6
5715.62
8271.31
4664.76
310.795
838.951
3021.44
227.862
912.472
9185.88
1177.19
6921.65
3325
899.242
3841.53
35729.5
10216.3
1189.06
629.247
3718.45
36662.3
9483.95
3681.66
6416.8
5901.34
13894.4
4660.14
1090.86
13108.5
7936.6
11421.9
9077.59
3967.43
1356.14
1677.29
2918.96
1352.47
5884.54
2591.34
6215.92
24859.6
12493.2
8247.01
4886.51
673.896
3846.76
19887.9
23095.1
39544.1
571.109
13381.9
10282.4
8952.19
13209.5
3379.64
13996.2
11596.3
11582.5
16960.6
3508.95
10066.2
3190.3
273.071
4036.69
23790.1
12409
33149.6
11542.7
1127.29
12922.1
230.4
226.005
4781.06
15652.5
2128.8
2333.69
11484.6
4979.59
4282.32
351.287
1361.09
194.717
493.469
4956.95
17036.1
8037.37
12843.3
4039.14
2503
4919.06
2830.22
305.827
4080.53
8737.23
11387.3
8778.69
3492.52
4722.33
2237.11
8352.21
3128.3
6194.28
3539.2
13145.7
270.265
1889.41
5233.58
1294.8
5393.95
3949.83
1810.65
3215.76
2766.42
14238.7
3469.63
1273.44
8642.03
2688.76
169.305
5055.33
2664.76
2843.07
2709.68
3315.02
83.7111
4793.07
4709.56
7899.17
5792.26
13596.5
12598.5
5937.96
8448.1
4903.57
10053.9
7804.59
13743
7772.29
805.327
8377.82
1387.53
3665.44
5543.23
8233.81
16384.6
10366.5
2069.15
4673.41
1059.41
4219.08
4902.4
9385.13
3761.49
2303.66
1908.63
5220.83
1348.41
6266.79
639.653
1133.72
1179.82
1303.5
7194.7
7670.53
1699.11
10874.4
407.204
10071.3
12009
8507.38
4718.02
366.679
9003.6
2863.41
9265.21
344.116
1935.81
13838.1
659.02
7124.06
18219.4
619.893
2364.04
695.298
4566.7
555.906
352.311
2166.39
8739.47
444.227
416.224
20306.2
4440.41
360.609
1728.96
7325.65
432.906
3428.72
795.155
2894.83
12828.6
1285.11
6432.09
5215.28
22360.7
684.91
2886.63
6331.57
409.854
9448.37
5823.31
1300.63
2516.62
4781.17
14535.7
3187.45
5145.69
1731.2
202.001
1501.66
836.313
23701.1
41798.3
1875.82
10286.2
701.528
6371.92
2191.77
7265.14
14543
7388.04
3413.62
17324.6
3592.93
649.641
10019
21021.2
21046.3
5261.14
2826.84
2482.62
7417.72
654.223
13493.9
6618
4196.57
16182.9
658.642
3889.69
1431.6
4690.24
2271.37
13576.3
12594.7
1030.79
1868.62
31221.5
1886.44
929.222
1762.58
856.117
203.443
13586.3
6941.15
3264.88
3026.87
2128.01
4200.34
2292.79
2421.95
8970.85
2458.97
457.049
6763.56
6693.59
1412.47
4484.38
1494.87
4462.21
2950.53
2048.9
77.4607
6799.89
2135.93
2410.39
28879.2
5880.98
4983.53
1499.63
12941.7
1355.33
1675.43
684.813
3078.69
3905.15
7939.75
173.438
14136
26215.9
7071.76
1080.12
15659.7
120.568
19025.5
7515.05
779.785
99.982
2392.36
1879.74
9206.34
5683.79
604.456
32977
6150.82
6695.9
22458.8
9106.37
3554.12
11092.1
4302.46
3998.3
12732
6712.77
6369.6
377.707
8821.04
10110.7
3265.34
3851.71
2540.99
3319.38
8917.94
1655.2
10188.7
2642.61
1123.89
3671.99
3020.22
2529.52
21890.7
5074.17
19474.9
1992.33
6693.93
27714.5
8531.25
1681.55
906.249
3497.77
8525.94
3836.94
2094.18
10104
10548.9
9485.15
1773.04
585.106
1067.09
3253.17
19203.7
8775.07
28198.2
185.19
1023.83
9553.49
2412.02
2427.65
4763.04
3439.78
10578.9
11738.8
3194.4
8941.76
14439.9
2356.93
739.553
3226.92
1842.64
3769.25
18601.6
12531.1
376.216
7815.66
6984.25
8637.4
4572.19
5983.84
9274.72
15025.7
216.067
9236.61
13027.4
10129
718.614
1762.5
5235.95
3771.8
1079.3
6304.2
11529.9
6644.39
13370
13135
5816.14
6282.11
7644.84
23318.2
6165.98
2819.08
3526.16
4433.37
7929.6
10807.4
4807.18
3444.27
1642.27
1248.36
582.279
33253.6
24416.1
14644.1
11912.9
17375.5
3058.72
35.635
11951.3
8152.33
2789.42
6555.14
19584
2679.07
11395.2
4153.27
25562.5
8672.47
203.432
2884.4
1229.56
9598.05
7402.24
1577.06
7429.59
21752.5
12547.8
8721.15
7732.93
5939.46
999.855
933.401
1780.55
3534.28
857.989
18743.8
8271.22
1147.68
2090.03
5030.09
460.991
594.931
1616.1
14728.3
3279.73
2973.84
1559.03
4116.93
415.435
11242.9
1216
4801.75
38686.9
28617.1
9170.75
6947.91
10614.9
13956.7
626.565
7175.62
4839.68
77.4546
11307.4
600.144
11519.6
14024.9
10684.5
721.301
2192.12
4085.27
1240.46
4992.47
7322.32
7240.81
6599.71
4664.82
6330.11
13877.4
12382.5
14050.5
4219.01
651.051
22622.9
7522.16
1152.75
10753.2
5578.55
4216.73
123.721
2986.81
3019.66
7245.22
18273
4899.63
16301.7
5338.39
19628.8
22546.6
13558.4
2582.38
582.158
12382.6
163.975
1785.16
10909.2
3533.1
245.445
1463.93
12266.1
26.1766
6929.23
9609.38
8866.86
6467.56
2526.82
352.429
12897.2
37996.1
6117.39
1315.28
5092.26
5777.19
240.524
12838.5
5185.57
15404.9
2126.02
7716.46
2006.2
4654.2
4995.56
966.433
3648.25
10754.5
31590.6
2114.03
449.608
2294.63
430.257
21193.5
4704.37
3275.15
9611.19
608.551
4366.26
3956.92
5660.29
291.198
1726.45
2222.73
1886.64
3613.43
8352.66
7117.01
5378.25
6883.01
5888.68
273.439
23041
21897.2
268.405
13758.1
4148.21
13516.3
989.65
4876.57
9587.13
38.9214
33193.5
1929.2
1987.33
7397.24
1996.01
45223.7
3921.19
12963.6
2336.93
4847.2
1432.39
16793.8
1119.62
7131.2
3876.68
16004.6
4186.08
23667.7
18015.3
13816.1
7788.65
12008.6
8268.47
7781.63
4720.43
13842.3
8127.41
8944.39
8852.61
3966.72
14036.7
10996.1
31.4918
5699.56
11767.1
1176.85
6525.34
6440.96
5360.02
1118.57
7035.63
6103.22
4233.43
6823.03
1524.45
1508.2
3367.81
2333.35
9891.73
461.543
4867.46
2158.77
1345.5
2312.3
5711.72
797.634
4639.79
7692.03
1068.76
8629.77
2327.33
5403.73
4746.73
3429.01
25146.8
8982.43
1422.41
3763.07
11386.1
8790.38
7634.45
8566.95
9444.33
811.131
4092.12
2240.38
4052.91
22649.1
3619.66
2813.89
14722
7890.38
7193.68
11207.1
8847.43
4988.83
18684.3
1909.4
2814.64
1689.24
13235.2
13437
3192.37
5991.34
7367.97
200.171
14818.2
9427.7
29053.9
3989.45
31501.1
8439.99
6493.01
67.3107
288.223
11099.6
12230
8195.63
1833.09
6247.3
18418.7
16517.6
4173.03
11123.1
9963.21
1630.52
3682.47
8515.76
11860.1
4487.25
16796.8
5641.75
802.586
1163.32
15013.4
1011.27
2302.86
3476.28
8543.42
8810.98
8346.74
34993.4
2497.26
271.95
5747.91
3947.25
2148.2
1479.89
2340.06
12170
6710.43
26711.6
12425.5
3462.45
1333.73
25414.8
10899.6
25011.6
3625.48
1891.05
2476.91
1749.98
10375.9
2714.81
1223.2
11994.1
13806
10633.9
4639.92
8937.73
608.092
10295
3989.06
13208.8
4411.32
12867.8
1503.63
6540.23
6988.37
2242.06
13240.7
9517.42
1318.73
34272.2
8687.31
408.423
4287.04
994.836
5454.62
1782.08
3725.66
11241.5
5547.18
7856.26
14410
840.003
12365.2
7970.08
1222.26
7925.01
5951.04
2160.69
933.949
9751.78
174.042
4592.74
249.759
505.982
12611
5844.91
1990.83
2854.3
3482.47
903.751
22722.7
5448.52
332.227
1015.35
8376.6
3958.77
9956.13
3133.45
3249.73
3591.93
18812.4
2568.3
19468
7805.84
1202.95
2830.41
340.174
11860.2
1518.1
20899.7
11915.8
18058.5
15301.4
3073.88
13646.2
1489.85
26957.9
2578.45
1473.7
193.333
27833.7
5912.27
675.242
20827.3
22750.3
5972.18
4947.88
4565.18
358.519
6125.84
6921.69
23927.4
6015.05
7299.22
5570.66
735.809
9741.2
88.7093
12731.4
1529.07
17058.2
15409.6
9166.65
16293.4
4782.14
14288.5
2134.25
700.074
970.836
5554.26
2760.13
7021.44
14114.9
9269.74
1304.73
16606.7
6375.03
461.928
8646.72
2721.17
17583
7725.73
9661.17
564.82
9379.74
15864.4
1723.37
13780.5
12283.6
316.934
2086.43
135.15
6789.9
11334.4
10451.1
6134.65
18781.2
2061.96
7693.87
7797.54
5833.09
4517.42
32684.9
35007.1
5655.5
6133.17
14721.1
16431.4
4855.07
26921.9
23712.6
13356
200.367
8642.93
4432.68
7177.49
5421.83
19976.9
1230.75
5361.63
3662.21
12250
5192.84
10996.5
3048.31
8538.93
2473.56
1495.24
3632.9
955.785
9616.18
9575.1
7545.01
17590.1
3390.74
678.767
7787.55
201.991
7917.59
861.119
6919.99
10390.1
1935.26
1694.83
13299.1
15924.9
10840.5
4893.44
14358.7
10058.1
3380.06
56.6657
3095.87
21045.3
2793.21
12372.3
3391.31
27437.6
997.321
5905.3
25285
11402
6044.06
3294.66
179.457
11733.8
857.606
2658.55
9049.89
3019.75
10974.2
11824.8
22118
13206.1
9804.9
5667.06
6294.3
667.403
5861.51
15978.8
11477.8
3532.21
21836
20538.6
3130.67
41824.7
887.327
21234.7
12872.6
798.011
8586.08
29822.2
6922.55
1447.01
9234.88
19927
19766.8
10550.7
121.721
1015.25
1926.37
1283.23
594.883
15409.5
26281.1
5578.3
9695.02
285.686
3881.47
12942.3
2184.15
11345.7
5953.7
4189.58
15396.6
7939.38
1317.1
19230.8
14880.3
3782.2
4725.08
5607.34
22002.2
28066.6
11693.3
1095.16
3291.06
1754.34
5695.19
11742.9
11164.7
21755.1
3413
1107.62
14059.5
365.541
16243.8
2284.76
7261.44
15982.1
12957.8
2374.9
19210.1
16353
1106.46
12039.6
4801.87
3895.3
8175.52
15702.1
2351.51
5635.75
6332.81
260.239
2131.53
16481.1
26606.7
455.323
4524.95
28715.7
481.916
720.716
3897.43
8864.62
8618.16
9216.68
33351.8
6256.46
5156.67
7299.96
15899.2
4352.25
6107.58
22616
4511.45
1739
15982.6
15071.3
2982.49
1117.93
8344.77
5229.86
2031.69
30555.4
34580.5
6634.89
10927.1
1648.29
12059
17513.7
3377.05
35113.6
10013.2
3996.43
8342.49
698.822
2089.35
11927.1
1010.67
4389.47
22642.8
1995.29
14958.7
12722.1
3462.44
6247.77
25673.3
4029.22
3002.83
7739.77
8505.63
5302.89
1824.33
6706.91
1044.65
1424.9
1941.29
12533.8
23760.6
752.009
1303.63
1045.34
10350.2
2930.47
7344.93
4172.49
11043.9
12364.1
7990.88
3436.38
9986.81
2224.55
4914.02
9515.65
13398
1457.42
1563.87
16368.9
10867.9
5592.95
12752.2
3179.52
302.099
500.364
1928.87
11005.1
8189.74
27568.2
535.307
4666.05
1545.12
6808.43
15017.2
5147.81
10689.4
2656.3
1256.72
2480.87
18504.1
39495.5
1823.84
637.637
539.717
2275.91
9617.19
10503.1
4980.16
1336.41
4310.67
789.506
471.303
21971.8
1883.87
42911.1
10174.3
9096.96
30.7144
4132.64
2832.29
1153
1974.25
6587.82
624.896
671.955
1881.2
5164.2
5093.75
5259.23
7145.14
34160.6
898.209
15089.7
37071.4
4027.07
8733.22
2589.79
384.876
2004.14
11023.2
8021.41
1572.96
4653.77
3257.85
383.3
3855.81
5023.24
6370.72
8221.45
3385.05
13239.2
2497
7029.93
19893.1
25350.9
5749.8
5279.77
2027.97
15591.1
7208.24
12814.9
5272.54
40554.8
1366.28
8610.99
779.867
6631.63
298.524
1779.75
4762.92
19124.3
14910
15394.1
11843.6
3987.85
3761.5
14224.6
556.07
1381.72
1727.69
16904.8
7387.6
14567.5
18609.7
19694.4
1357.67
5443.43
14121.5
4023.24
4662.93
8495.53
6044.56
19530.3
780.855
3069.66
453.351
7266.18
2346.34
23983.7
1342.31
18146.8
410.615
2144.15
952.408
30444.6
6538.42
6119.31
5035.42
893.876
3653.63
10476.3
16090.6
105.337
7531.74
15670.1
12372.7
9522.79
1876.5
2521.75
57447.4
6270.72
13016.7
12559.7
7697.7
19723.4
5692.89
7397.69
8064.15
479.897
12829.7
3725.93
670.805
16730.5
5574.96
19036.7
1799.21
5238.12
24976.5
5506.88
3412.56
3524.53
1295.87
7592.68
14224.7
5927.63
22054.5
10909.1
9304.22
9349.59
6686.18
1401.41
3499.39
2770.43
2405.85
2183.08
2841.76
34053.5
15273.9
17343.2
13381.7
2739.54
3217.59
9047.22
1873.63
6474.66
6660.83
7603.68
22517.9
8831.32
3399.48
12930.8
29068.7
6619.43
7671.18
4890.77
5382.32
16827.3
21597
10010.3
2131.33
4760.41
5176.14
8269.38
4838.21
23406.1
10988.3
5189.62
5084.53
12585.2
3884.86
159.415
6046.79
2671.15
12973.6
20519.2
14999.3
527.46
636.664
10068.1
6923.14
9705.45
12497.9
13273.8
11045.7
959.648
3163.17
4913.59
15089.3
7382.02
6998.18
6929.6
4371.94
3012.14
8386.4
11444.2
388.951
10040
2899.87
660.063
340.14
3916.47
10270.7
1841.4
8550.09
4718.08
4729.43
5201.95
4366.64
15619.9
1875.85
6227.53
4424.02
10057.9
6228.2
1808.59
4142.06
14158.1
3718.1
9131.61
292.799
6754.45
7100.45
3400.29
8869.49
2738.87
3234.13
3315.08
5045.29
12146.2
4840.46
28387.7
6402.41
23300.2
5416.93
27164.6
14264.9
13824.6
12026
18701.5
841.094
8974.16
295.788
4039.66
2382.91
7191.77
8252.35
19569.9
1901.07
451.791
9086.57
4440.45
6831.61
5223.4
5799.53
308.502
6067.97
1341.67
13201
6770.63
170.58
350.4
16029.6
821.291
7469.53
304.411
5932.5
19374.8
2336.66
10701.5
12301.9
807.58
11617.6
5141.92
3466.26
12962.1
8167.72
589.481
9276.5
3363.74
8170.04
13877.3
23702.9
1341.54
3655.41
15015.9
4609.26
5968.35
6235.21
1017.3
11714.8
14631.4
4388.16
16444.9
3116.42
3935.9
9015.78
10357.9
7757.65
1899.02
3108.76
948.165
5880.75
8927.03
1051.42
11493.8
4312.84
651.184
12569.9
4759.81
168.543
8663.03
1224.81
7684.66
1855.28
2263.29
12806.6
31098.3
6096.63
7018.05
11130.1
5254.07
4768.28
16397.3
5616.42
8362.96
3928.23
9916.4
16452.2
3281.44
17547.2
10083.6
15706.8
17590.9
4263.98
4818.59
1106.89
6486.44
805.362
1699.1
1828.82
1245.53
28006.1
4524.41
9246.34
2396
15079.7
933.534
1680.14
40.7326
17445.5
1529.59
90.7482
335.814
625.991
673.662
1574.04
20566.1
21277.3
7621.31
525.212
2168.31
2152.55
5784.72
1025.59
15650.2
9938.07
6996.53
1589.77
1328.48
5521.69
122.733
3654.7
13163.4
2217.2
6413.96
7419.27
4287.7
4778.42
13240
2441.52
6365.59
1165.63
14650.1
1553.14
10051.4
2797.01
2685.22
614.867
7422.26
2556.9
6351.82
1818.36
3080.57
13052
6349.88
19123.9
1461.39
39383.3
2644.97
302.719
22584.2
3507.48
944.467
4883.56
756.92
7689.17
6178.85
1140.04
2027.14
8860.23
23483
2805.5
6413.94
4205.45
5199.18
11305.8
35521.3
3291.79
21172.3
9208.7
20019.6
2290.85
11534.9
897.876
24573.2
12777.9
4534.09
10102.7
19967.5
3239.28
676.793
1531.64
3707.5
22060
3052.97
19954.1
12671.3
6440.23
2282.37
7583.42
1200.15
2151.18
24044.2
12689.3
1003.62
14881.9
585.391
34128.3
17.1281
15734.6
5547.27
384.397
18299.8
5764.56
1631.9
407.311
5060.67
2368.35
9862.99
30328.9
2242.46
13030.3
38593.9
88.2111
2455.54
3602.24
2946.25
4733.5
24829.5
255.525
1163.7
3073.48
5456.05
18879.6
7378.68
167.738
4894.31
13722.3
11222.5
8417.87
3307.26
11894.4
25837.9
8692.09
49.6015
5818.3
32992.2
4164.89
7225.21
2408.67
169.583
5974.86
8449.28
2149.08
6233.19
36564.7
505.54
2420.93
619.638
7458.82
12991.1
6193.56
3712.92
15378.4
5913.92
14617.8
5206.36
15776.8
4021.49
2405.65
1014.78
3347.66
11138.5
4250.63
3252.86
5574.53
6868.02
664.223
15574.9
3967.98
14202.7
5465.67
598.757
1563.24
2635.73
4982.81
506.13
13130.2
2952.24
18081.9
2384.78
284.301
391.077
14791.1
6592.15
995.892
867.111
21416.7
11319.1
13013.3
10918.3
4133.3
377.956
17118.8
2727.89
1086.9
1104.33
2025.34
9748.3
8868.24
1925.2
785.692
5107.41
13080.6
730.558
19412.8
5992.01
6405.25
3732.69
1982.06
6949.95
12885.6
10901.7
9827.04
8134.44
1117.24
366.967
11437
3233.88
4059.54
8625.44
2849.95
1369.92
5107.96
736.166
6063
433.025
611.166
18637.6
19253.4
1971.07
28654.5
3551.82
665.684
2947.43
10453.9
4085.23
8559.79
3751
3059.53
27076.2
115.926
11962.6
5517.29
8971.94
849.301
3932.63
6568.49
11949.5
1163.94
4483.31
15552.9
2883.82
6147.37
20427.8
7060.78
27129.7
1513
23111.5
3919.38
13779.1
5907.28
7385.06
1809.55
2453.94
6499.77
1466.37
1282.91
13568.8
10085.3
867.224
10610.6
619.702
20668.6
5839.44
7496.76
27426.8
1420.55
1583.01
35404.8
921.86
16467.1
5003.23
18289.3
1761.56
446.407
7761.9
11516.6
24770.8
9298.88
6754.97
2305.09
7222.04
1975.15
376.993
6297.67
7315.57
7949.66
10305.6
421.595
8661.15
1434.14
4292.08
4868.94
8541.48
12900.1
10959
7732.79
5787.64
9178.26
125.267
1780.72
1744.7
4218.81
4191.64
348.667
13667.8
20013.4
16471.2
25996.7
12938.7
1668.91
13142.7
5995.04
5641.99
7073.53
3304.45
1039.7
5472.23
43.5259
4606.9
17451.3
894.898
3593.51
3369.34
9879.54
16584.1
7926.67
3444.77
6668.17
2403.29
7617.8
4878.65
1420.41
3884.98
6138.86
4228.51
8938.61
1903.09
234.883
698.585
16750.8
5381.04
8032.53
8557.3
36.1905
10917.5
11838.9
9817.22
8602.92
16623.5
2264
6306.45
16956.2
9547.36
3589.24
1508.54
3614.01
6492.95
3528.64
3284.87
4073.27
2531.42
4407.31
3582.56
6563.43
10933.7
10359
2574.99
12320.6
10075.3
2687.32
6536.61
5859.33
840.555
8701.75
5434.07
5207.44
2713.24
7829.82
9398.78
4972.15
5207.04
12118.4
17217.8
5258.31
3657.41
3548.1
12865.9
4022.05
8763.73
4818.14
4578.63
78.4715
5078.17
15869.4
25486
9688.87
1130.2
4280.94
14932.6
9970.35
2629.38
6558.67
4493.41
22139.9
2541.56
1650.64
2752.04
2247.87
3068.99
16542.6
1182.61
17010.1
3990
24127.6
733.385
8633.81
14.7784
12105.9
13634.7
14390.3
212.268
14094.4
11783.1
14147.1
7874.34
4555.69
4943.75
2822.79
17006.2
17287.5
7588.03
4761.65
3255.6
2053.03
3315.49
32.8837
12879.1
6537.29
1885.57
1944.18
29215
5225.27
7726.91
379.331
4914.94
12440.4
3873.68
11640.7
3292.52
6791.64
20070.1
7669.04
5938.4
5022.59
5871.15
3798.87
8104.71
13912.2
868.803
15192
8218.63
2613.68
265.871
3310.37
14093
3606.1
8281.9
1951.35
8696.05
28201.7
797.155
1274.4
3932.65
10497.5
9617.75
10582.7
34265.9
783.952
28721
1617.54
4528.68
10464.3
2286.99
33365.3
6825.31
7856.92
27044
2774.96
4401.54
5220.65
11572.8
546.384
11944.3
13649.3
18238.1
8633.31
446.525
13821.1
3288.17
8628.12
23227
1149.04
5553.58
2116.14
8350.51
4323.28
1069.93
18038.5
13886.4
1138.66
1635.99
5186.5
2868.18
7524.38
2071.38
1427.67
1714.51
25970.9
622.536
157.867
24546.9
1545.03
470.455
8195.03
1789.1
2707.98
15314.2
298.632
9821.82
10850.7
17686.4
19224.4
8815.98
8507.41
896.218
5447.63
2485.54
7535.73
7991.17
2436.79
5626.6
35490.6
94.3767
5857.4
2115.35
5696.83
10364.5
364.825
1881.02
4114.55
1275.38
2149.31
8841.62
427.956
1346.92
5027.62
4041.55
411.258
4530.05
9544.41
12504
5786.91
5670.3
18646.4
10016.1
6125.12
19848.7
15721.3
5226.23
22587.6
1120.6
3209.32
6103.64
3633.87
6976.41
13438.7
1794.28
641.116
3903.38
927.055
976.264
4957.43
13006.4
8319.8
1625.98
4249.8
6336.56
4122.02
253.099
8958.67
5718.71
1483.96
210.657
9107
2070.82
456.658
2692.22
6310.98
24062.2
1798.86
1007.51
16839
17715.8
2653.33
4972.76
5293.17
890.447
12524.9
2924.45
4302.95
2502.58
783.781
9058.4
5184.21
20880.8
2357.83
8730.15
1595.54
3212.42
8963.7
2376.31
16393.2
11624.8
17215.5
14578
829.649
4051.68
21316.9
5208.42
12780.5
14984.4
270.787
1848.36
6630.2
265.348
46.5357
18275.3
8787.37
5103.5
719.854
330.096
25423.8
1541.93
3882.19
14639.4
701.825
7033.88
3972
19230.9
379.067
6989.94
474.072
2171.57
8616.55
18579
2950.56
7458.84
5335.99
2821.05
3759.01
6837.11
6825.45
15040.7
4821.53
7233.26
11497.3
22821.1
1392.13
1298.64
21054.9
1875.63
20246.6
207.153
7050.39
11568.1
7486.48
9191.62
794.12
4049.87
63.2542
7499.97
12874.1
2581.91
4790.19
4812.92
1160.62
9113.97
2242.96
4307.07
8585.07
6737.7
7673.09
901.393
4652.48
2746.28
1366.92
1608.44
11544.4
4494.36
13262.2
12068.8
4606.21
5988.94
4686.09
2072.99
9954.86
16641.5
22497.9
6627.35
4537.25
4837.31
731.688
3691.03
2564.76
2967.7
5421.63
10469.6
8119.87
3049.47
2240.24
15959.3
15622.3
561.896
8229.52
8464.49
10632.4
27986.2
2957.16
14696.9
3936.95
2654.2
1591.76
7088.04
15940.5
6233.56
11686
4917.9
3445.15
8881.24
11691.1
3470.88
3889.34
9947.57
43560.1
4613
2778.06
9885.13
3523.7
7318
15941.2
2471.09
7837.13
7009.32
230.665
1628.84
7011.54
11565.2
18926.8
1665.39
21640.9
23515.5
2349.01
158.485
4954.06
1610.85
923.228
1356.89
4367.68
13452.3
6400.23
263.854
11207.1
4672.18
3195.57
5815.16
1444.84
26693.8
2137.98
4829.28
8826.14
16377
3455.92
3468.95
1848.08
15759.6
755.817
9898.74
6599.92
5637.11
7151.3
9032.06
6153.3
49252
10953.1
12165
23369.3
1984.79
1578.54
7347.98
41472
78.763
15671.8
1140.03
669.784
26008.7
15624.1
17319.7
8367.86
1098.82
12902.1
6876.98
3444.19
944.035
6301.78
28635.7
17513.4
5086.17
4305
1341.3
19269.2
3598.27
15771
3484.72
6234.48
18821
5553.58
5961.18
155.917
2103.37
661.616
16641.5
7286.74
1931.19
6790.23
16647.5
2260.9
696.841
4344.29
14954
1869.54
1772.02
3295.56
2397.27
2719.93
1029.22
2729.96
2710.32
22992.2
19127.4
1294.75
4290.79
11909.1
3456.68
4178.27
4773.32
4307.37
19139.9
980.791
10392.2
5000.91
9155.15
473.971
2866.46
897.043
5464.54
1641.76
19255.7
5263.66
27504.5
14373.7
9517.75
10051.8
1702.75
8646.35
781.268
1756.37
491.559
4006.51
9766.86
12683
4507.61
8615.79
3114.11
1311.32
3313.96
4631.66
3910.7
8745.44
1208.08
4492.38
3706.67
535.422
2185.6
8380.51
732.83
10875.8
368.73
1053.82
5521.9
2306.37
3536.43
1569.62
481.396
8952.19
9337.36
26270.2
1520.11
7649.16
11516.2
21235.3
1101.86
11190.4
15643.1
1261.33
1303.86
1608.76
14957.6
16760.2
15891.4
2861.8
9822.58
16206.5
45832.2
8656.7
414.737
28163
4335.15
1241.34
6576.97
66.6282
4100.16
10371.2
2094.67
4506.85
310.161
5134.64
7734.41
1516.9
11933.1
6515.01
9914.64
942.373
852.348
2682.82
8214.33
6836.46
6556.7
6006.03
10766.6
12062.3
835.508
4256.52
5729.51
935.109
1815.97
5478.07
10070.3
46959.1
1769.53
1205.9
5543.82
4616.32
8191.16
1673.59
7023.2
6429.96
4414.12
2999.7
7425.46
85.9408
3321.35
12110.7
9909.32
27791.7
6512.18
467.464
1648.93
40774.2
1121.81
3922.37
1731.49
33175.4
5984
3897.6
584.297
3534.84
417.656
10435.1
9795.89
6090.63
5141.74
8593.41
12701.7
20109.6
7338.4
7047.44
4663.08
9015.7
12302
4171.87
11959.9
450.867
25724.8
9433.65
3366.89
1934.03
7063.84
7718.6
10543.3
4083.36
42655.2
21686.3
7681.62
6882.53
7224.47
9023.34
6016
367.365
221.325
6342.04
4065.42
2581.2
6947.73
3307.81
3011.75
29327.4
3999.79
14243.4
2374.62
4326.97
13626.6
7740.63
2190.47
322.95
2550.46
25384.1
11073.6
4731.57
3368.83
955.193
5202.37
4361.33
2872.3
14979.4
7186.08
12420.5
1520.01
14775.3
6133.77
51039.4
85.3742
13124.8
12988.5
55.8314
6827.6
17807.9
18610.6
19600.4
773.689
11328.9
1428.94
2199.31
21165.9
2490.93
1385.93
16755.7
16014.9
4567.83
618.959
7106.37
10422.5
5301.12
87.1127
3824.72
894.125
40594.3
3475.31
974.042
3213.7
9921.92
11111.8
15271.4
2880.93
1244.66
3784.18
16738.3
3663.96
13067.7
2854.44
9834.6
11974.2
383.08
8104.66
1870.9
1177.03
3725.36
13293.1
6598.37
1995.3
13542.1
5543.49
11181.7
2977.47
3629.34
1946.04
4664.67
28416.7
5654.51
2734.28
5999.81
8939.09
45.3982
7985.19
10804.7
3980.89
2687.7
16074.8
6188.61
1451.24
4723.8
3453.25
1618.32
7078.79
2814.79
356.862
8464.9
11532.8
9846.22
10438.6
4731.09
35506.2
7171.26
2514.78
6169.17
3165.03
489.532
873.328
4288.87
10016.9
9437.16
3438.2
16048.4
136.948
11712.5
5746.6
7749.68
5697.67
1501.56
27244.3
2337.68
470.46
9060.27
3158.97
2245.33
5445.44
1369.75
23250.6
7776.17
892.953
3213.57
9751.11
1070.7
17434.6
5162.5
10535.6
9578.24
39598.2
15098.9
1887.41
1037.36
6574.27
12712.2
7185.89
19406.4
820.292
5223.08
7323.74
11512.7
16381.1
19961.7
12827.5
15169.9
22.6512
53351.8
7812.55
25795
7635.37
14009.6
3055.51
9290.8
7711.78
8139.93
10015.9
10846
13887.3
6474.81
13085.7
3252.48
1199.32
4155.45
1341.3
20875.2
5981.8
519.928
9682.96
1407.75
2700.18
12313.7
10053.4
1537.7
3839.01
1959.22
1115.01
643.136
2319.91
4612.97
13881.2
6573.69
3858.7
946.443
4142.46
9700.32
5748.43
2341.53
19621.5
9841.19
16836.5
819.173
171.561
232.168
2419.58
12742.4
16815.3
4682.97
15215.3
1982.03
7468.4
13724.2
4870.91
28899.2
1466.47
1694.13
2084.04
1862.39
3163.47
16168.6
2148.67
3332.24
8354.7
1964.81
3613.94
15066.4
5566.04
112.994
3053.42
5831.2
684.947
189.117
4536.43
2690.58
8948.93
5051.55
29959.7
10885.7
5607.93
19662.3
7084.17
4128.11
5315.58
1062.09
6159.09
591.247
16837.5
7336.44
5202.6
22541.6
12268.2
8282.86
10073.7
16514.9
748.67
9939.3
3223.94
3694.02
527.478
847.489
7016.99
11152.7
5499.71
3765.97
1652.38
3711.01
1357.19
16006.1
218.738
1022.88
477.702
473.534
2419.88
2718.02
464.966
2779.52
2213.37
4227.23
36566
6084.23
2251.08
1636.5
2379.79
133.568
3937.1
1362.84
2829.3
13652.1
7325.58
7300.97
2022.61
15588.4
411.092
9683.24
1557.11
7720.43
4780.13
5702.93
9068.75
3596.23
1048.19
3948.5
2042.79
799.051
99.8785
5391.87
8415.37
9603.51
389.95
2391.62
559.222
24158.5
4486.97
3546.05
7788.61
11308.2
6854.71
31172.7
33809
4783.38
202.655
7262.19
2682.96
9536.62
919.607
3000.3
13091.7
5488.96
10484.6
6412.24
2299.33
11311.9
22205.8
14318.1
5005.37
10538.9
17658.6
21476.6
49459.3
9808.21
3011.24
17358.4
3689.78
4205.16
1590.16
11624.2
15133.1
4287.86
184.695
2806.35
22189.7
5784.14
4735.66
3835.09
21468.9
3312.83
685.181
11659
5041.72
3170.23
17917.6
4904.3
48491.7
4131.41
826.447
24419.9
12397.8
4300.27
313.627
1623.87
6191.32
5052.35
12156.4
8703.86
15077.5
1454.77
20487.8
7731.65
8809.65
4437.86
19828.4
349.582
3017.06
4152.37
3763.68
6692.39
11016.6
9479.86
3331.39
12352.5
13812.1
3128.45
2307.03
1399.13
6075.2
2599.06
8584.78
4575.05
889.249
3659.08
6305.39
9246.08
2300.92
2606.94
1667.55
3569.34
7862.54
1499.18
3998
1254.94
3995.55
35185.1
26634.2
9666.86
1467.92
15310.8
2023.66
13976.3
12367.6
1660.07
3969.77
29283.4
10876.8
11221
5090.09
24966.7
1916.11
2691.35
7476.57
8282.61
686.82
3712.29
377.744
13838.8
13768
6693.65
920.858
308.177
2835.57
3635.37
8073.44
1456.75
8291.35
1891.38
26661.8
3034.3
11598.6
9905.07
8736.72
10835.5
6732.98
4442.07
5233.86
16310.3
1018.21
6348.67
159.943
18009.3
6804.3
14405.4
8320.6
3312.52
442.838
7570.11
39888.1
6997.43
4382.54
17017.2
1442.74
1006.85
14467.8
571.113
1312.75
626.853
12972.8
1969.4
220.252
11593.8
159.415
4082.82
2535.62
6170.26
5118.52
350.564
4137.09
1320.75
4112.33
13688.7
3370.82
17609.9
4453.92
2116.45
7602.65
1811.44
107.67
4789.56
6428.15
516.617
2690.7
11417.7
960.921
23348.5
4732.14
18587.9
4612.81
9731.77
13262.4
7569.83
2692.41
4901.93
3458.66
8787.95
801.302
29904.9
265.896
961.263
5748.93
3346.61
11038.3
3644.12
4544.81
16788.2
2958.34
2788.1
15828.7
10465.7
7660.98
1983.47
5890.37
15583.3
24394.5
1078.5
120.348
1146.58
1538.19
495.317
8684.8
8262.36
396.399
377.81
8357.75
906.298
4988.55
5176.25
11250
4574
183.355
2602.93
32845.1
661.196
1159.61
4606.56
3356.92
14780.6
17425.7
8746.62
7560.79
1274.22
10956.4
855.426
8487.63
95.245
7993.03
3569.79
481.037
881.537
1219.96
3205.77
7458.32
4259.31
7425.11
10081.3
59283.7
611.136
12659.1
7758.69
23262.4
1742.73
155.303
8470.25
13881
9027.41
1402.97
351.212
35714.7
6560.29
1062.62
10207.5
368.939
7905
5200.71
1300.82
1351.22
2481.32
6989.2
4118.78
16487.8
3611.35
10340.9
20924.4
3738.99
850.068
2707.59
6377.95
7057.1
2065.91
904.362
3045.5
4315.73
17020.9
1337.58
3255.99
3486.74
4945.78
5992.06
10606.2
3814.67
4395.45
2060.18
13462.8
3914.12
8765.02
5778.64
457.572
1884.27
3855.54
2501.8
1691.25
2170.83
3457.68
1404.59
1500.34
169.738
5908.74
5700.74
11473.6
3450.55
8275.84
2323.27
756.584
5795.47
58086
14101.2
56.3267
355.673
9221.82
797.397
27159.2
20594.3
50429
27562.5
8713.64
10245.8
13942.5
4959.78
1349.5
3680.82
11033.4
10791.3
8781.59
6592.21
1430.05
18535.9
6337.22
1696.18
1370.96
18448.2
16142.8
8159.35
4684.15
2410.59
5374.45
13014.4
154.57
70.2354
6633.88
1613.86
14478.2
8351.22
53854.7
1133.13
3910.79
15056.2
7370.89
645.332
5969
2189.8
8899.22
4942.33
5766.83
1210.57
347.734
8597.97
143.171
5520.02
4970.36
11399.2
9384.44
2648.5
11156.4
3294.91
108.643
1055.25
23294.4
12392.6
12526
1027.54
15503.4
16552.9
424.713
888.484
3013.56
2208.96
2573.93
25001.9
8289.39
3730.13
2084.98
7431.09
2179.01
6259.81
732.508
8773.84
1294.2
4618.56
7835.12
4934.08
590.589
498.381
15138.6
3413.53
1142.39
1195.17
10890.2
11003
14357.8
5349.7
3957.52
486.034
6910.77
3184.68
11434.9
3015.11
13591.4
5795.2
5413.15
3568.67
5376.97
16530
32302.7
2638.99
5679.94
802.201
17778.6
7121.9
29570.6
3585.71
6470.66
10098.5
8642.32
5441.87
6292.99
8190.21
5380.76
6768.67
2863.08
1417.83
8776.69
7078.12
1612.73
5381.46
10706.3
15998
4575.58
167.544
3941.41
2557.42
3484.24
7610.57
5666.95
21672
16395.7
1487.72
461.27
14207.6
9623.13
840.412
1667.42
3824.94
7348.7
8264.59
7760.57
12374.4
18347.2
27344.9
16637.7
25132.5
7913.54
2213.79
2654.32
6486.17
293.641
2271.24
882.915
5437.68
283.804
5761.64
8995.17
11199.7
8740.45
17764.9
3575.8
12930.6
1487.85
1256.53
1594.49
10053.3
1413
21189.7
11782.5
11216.1
79.6612
14249.1
41926.5
12365.7
17394.7
556.027
9270.28
1424.82
1617.51
8519.99
3007.31
13325.9
4517.47
150.659
28355.7
12169.5
3001.49
2841.2
2415
1367.7
8606.2
21375.4
19613.1
1907.55
5987.49
7091.52
8099.37
2492.94
6435.72
1105.49
3669.24
12737.5
13509.6
537.729
2114.72
11635.7
9575.77
22454.8
2678.25
27623.6
13140.8
12005.9
6088.86
1703.89
12463.9
3160.76
4403.85
13156.2
3052.02
285.142
2922.86
934.471
4128.87
15694.9
6317.05
11660.7
2433.98
1974.92
1606.61
570.189
13846.3
800.8
3145.15
10071.6
8577.09
193.109
1862.09
14460.9
11176
12481.5
449.471
8376.67
700.487
10382.2
5901.93
2715.24
13997.8
6943.87
5053.48
2459.38
1298.07
1321.24
75.65
5619.61
3747.49
11874.9
1479.7
77581.5
3035.78
4851.09
6473.37
645.286
10286.2
22702.3
1275.97
796.135
2921.82
489.447
6443.16
14041.3
16637.8
48908.9
1344.69
6478.54
677.995
32398.4
956.485
18192
2220.56
3538.41
4512.78
2727.17
9075.54
7589.81
7506.14
84.0182
3783.1
7539.46
203.244
15765.7
4426.89
11551.9
1658.52
8662.55
166.716
7701.67
5708.53
9093.63
1534.3
1729.1
11198.3
397.035
2231.64
2225.51
3439.77
2471.26
3758.44
2618.44
3122.95
4969.21
11179.3
11808.7
7668.4
8549.28
1647.93
2461.97
3028.55
597.479
1356.96
566.376
302.861
786.201
3769.84
18670.4
38969.6
132.935
7073.15
25579.7
6723.58
779.526
668.122
2107.94
8861.84
3019.15
6927.71
6768.73
5018.25
4543
2074.39
9372.47
946.488
5738.76
18443
11225.8
2221.99
8817.29
5946.84
23746.7
625.08
1944.66
5930.95
31258.8
3718.66
4657.05
5729.92
1736.68
3714.04
5169.35
219.401
419.938
8570.94
13921.8
14064.5
2716.64
3284.26
13477.6
2450.47
2173.91
4870.68
721.273
5256.64
1571.24
3041.8
2515.07
4715.39
4776.5
1680.66
12062.9
7475.91
2509.34
507.938
16152
58.0886
335.868
21000.5
25997.8
919.753
3595.58
11498.1
4768.32
11598.6
1393.68
1643.85
3116.22
4343.18
21594.7
20398.6
9691.99
1407.29
2749.98
3075.48
17971.2
8348.63
1708.73
4385.51
16339.2
614.675
8784.5
3601.28
8424.56
4867.15
2891.35
6805.9
4443.21
1465.96
874.639
151.785
6919.33
3175.79
24534.8
2832.33
2950.72
7699.59
2859.88
320.511
9475.9
2780.65
448.15
6767.19
7651.1
2299.58
5029.98
2685.51
11024.5
627.494
7487.78
7395
14819.5
6798.73
11302
9535.82
3374.49
3979.58
4528.21
23345.5
166.695
874.456
10920.5
1750.11
6967.56
13117.2
971.857
16206.4
17593.9
19866.5
5124.12
13499.3
1321.33
18165.6
8869.73
16487.8
4962.97
9698.26
11278
6877.56
699.367
2163.63
18410.1
6696.81
13862
7684.58
15456.7
688.26
783.061
3329.66
15779
13893.8
2031.9
10453.9
11362.5
103.455
2126.15
609.63
10147.6
1620.45
16446.9
1969.34
1270.32
1809.27
3606.45
3342.66
2912.35
1702.01
3299.15
1479.64
6143.38
297.316
2803.81
24034.9
8009.1
1029.98
3469.02
1329.74
6318.4
23654.5
15422.7
6913.52
987.275
2546.53
1093.25
10256.3
319.281
1281.67
2953.43
5316
417.316
30688.8
9467.36
14743.3
9423.01
6918.76
15849.7
1008.39
1879.45
5045.57
4032.82
3212.89
4226.88
6267.25
3858.71
1035.72
5150.43
1624.65
4195.3
6588.86
2797.69
1173.37
17495.9
4740.52
4516.89
2966.89
1331.97
5450.23
2564.21
3726.41
6664.59
10032.1
11519.1
3980.29
1978.44
14229.3
4707.52
17362.6
662.802
25149.4
8231.05
24223.1
10596.2
262.303
9323.93
7598.89
4212.34
3439.18
3294.21
7489.65
461.691
943.961
4016.47
1123.2
1172.22
4434.31
898.198
4070.29
3691.17
1309.28
5460.63
743.346
463.489
8934.86
4782.2
8425.77
9263.79
4719.19
14972
2560.05
9964.37
2759.54
5051.78
914.302
80.3691
7009.6
585.08
27638.1
8195.33
4943.7
7426.98
3855.01
7582.53
5500.72
13668.9
7032.48
14513.8
3146.16
4450.5
3685.42
2678.88
157.609
13781.7
56.3424
3556.54
2616.5
349.594
12783.6
6355.28
16762.6
5101.68
2610.18
92.684
10530.6
773.121
8841.48
8768.27
2626.59
8301.45
10351.8
19957.4
6929.96
4718.24
8790.1
9420.41
12414.9
702.825
9578.02
1952.24
3014.14
13018
6018.74
3642.58
7056.97
26409
382.987
6846.35
17086.2
101.754
4529.63
17365.2
8016.65
4268.91
11217.7
5193.93
2599.86
18435.9
1121.28
2051.69
7231.55
4857.78
4944.12
4566.57
4549.35
1243.35
260.81
11381.7
172.2
26408.3
1432.39
2088.74
3590.97
1808.62
3383.18
14145.1
13532.6
2559.99
31599.7
18676.6
15780.8
2999.96
6780.04
1650.87
641.637
10725.6
2240.08
592.018
18323.1
6383.78
4069.05
611.774
1874.76
2814.18
3075.36
20389.2
30286.2
9072.23
1763.47
389.038
10582.7
19694.8
13562.1
7605.04
1340.28
1724.17
10015.3
3266.62
5328.35
4068.91
16776.2
5141.05
13882.4
9359.71
7065.33
24463.8
3864.36
380.709
2158.98
23889.2
9875.17
15758.8
58.8277
6948.63
871.033
1704.23
10973.2
262.645
2452.51
8483.25
2514.95
38464.5
6169.9
3272.49
2675.47
831.42
621.27
18864.4
6778.54
773.347
11677
662.481
14212.9
11704.9
1102.94
444.172
3219.37
10758.5
15179.5
4441.71
5260.42
1634.95
5053.62
8187.65
9497.3
7724.41
5584.39
5113.43
8224.78
4046.2
44420.2
2383.95
817.326
3424.44
3019.46
3355.84
23700.9
19965
3646.43
661.119
2364.19
7705.31
13192.3
151.746
2460.01
7864.23
14811.2
14163.2
2045.28
1052.18
258.414
16291.8
2540.33
13367
1545.04
3746.46
15007.5
4772.12
3641.03
815.497
860.425
2737.48
875.492
2711.52
3736.38
3705.71
4375.15
1321.06
7631.58
7122.59
13834
1853.99
10693.9
2150.56
3176.02
14412.8
3561.28
6364.81
5835.64
11632
13944.3
23348.9
5490.28
1759.68
7149.98
2316.51
12895.4
12647.8
771.143
7760.43
1233.02
5701.24
843.433
404.165
2417.2
434.783
3614.04
24896.6
9410.44
12908.2
2583.44
3059.63
8384.21
42830.6
3019.98
13618.3
1517.91
724.356
12165.8
6354.16
2946.32
4324.06
6419.26
12857
12246.2
18057.9
2519.7
1878.78
12510.2
4383.29
7883.05
2301.87
2855.65
19781.4
1282.38
11399.4
5753.88
1015.14
8819.93
508
13763.1
481.262
2633.92
15217.9
25182.3
1428.11
8473.31
13241.7
3048.37
6736.57
552.143
14632.5
2563.86
103.503
10985.5
1294.79
4157.56
1470.93
5813.01
5451.32
28977.6
5885.68
4017.69
5076.57
4312.3
4120.9
13752.4
7209.9
2741.98
3162.68
17760.2
7206.18
5290.93
4151.85
7722.22
2765.01
5904.13
1881.9
1615
16176.3
16292.4
9934.92
20353.3
13661.6
3571.19
7410.96
5909.84
4289.72
6060.46
8062.1
442.3
4890.14
11570.8
9790.56
4409.91
13551.1
616.746
5733.24
5646.66
9198.62
12079.6
15093.8
9177.64
1270.3
1072.24
17151.1
47.884
578.475
8775.33
5741.09
2643.44
6652.21
17407.8
313.391
7085.14
30807.1
19052.8
2903.31
8195.13
9244.47
5396.85
7339
45384.7
71.0955
33883.6
5336.59
3554.8
7373.27
10678.2
3495.85
8906.74
1843.97
2115.89
3195.05
24632.6
28691.7
13911.7
4116.55
640.91
21422.1
1452.22
4535.37
13632.9
8695.96
20047.4
4308.71
6132.72
19103.6
1616.11
7570.1
423.595
5594.74
861.995
898.517
7019.14
12866.7
5158.75
15280.3
8537.46
168.23
952.351
8200.26
12317.8
5690.84
20864.2
26958.4
2318.01
2791.42
3554.44
6044.88
4923.57
3146.63
13962.9
4759.5
1693.14
1036.24
4917.32
10584.9
6426.39
3861.63
11741.2
24088.4
1121.75
4936.68
9481.3
1307.25
16850
3082.69
457.758
8258.05
8995.92
1143.53
3013.6
766.458
7481.12
3419.95
7877.08
592.473
685.008
5323.76
6125.11
1707.64
6285.58
22176.9
3197.45
98.8763
5027.81
4221.62
13622.7
18997.7
10834
26004.1
11389.3
263.861
15593.7
896.874
2097.34
11229.4
32380.6
5795.8
6372.1
17717
1063.58
5401.39
2154.77
1276.04
7982.69
5918.2
8175.69
31618.6
9718.59
3102.7
9771.52
7515.54
6441.81
7379.75
1621.56
8496.54
4129.48
2617.54
2645.86
3683.38
4298.57
1792.45
17664.2
1856.84
1640.03
1581.99
8093.89
26577.6
3174.7
9700.35
1201.74
1802.91
2114.82
936.281
9722.57
19061.1
1110.9
3871.9
13116.2
414.269
3860.15
3683.25
23646.7
14454.2
5154.84
2553.22
3774.85
4227.58
25331.2
14198.8
38227.3
7382.93
1899.91
3119.21
5404.07
5932.61
18247
3687.03
10040.8
6832.11
2532.46
2080.55
1735.62
7021.12
5593.92
299.77
5798.76
1235.22
138.587
9822.71
6352.27
9631.84
5934.19
3631.56
662.258
13714
130.49
771.225
1591.43
3526.26
4380.89
1319.88
6891.48
36409.6
6275.1
3029.4
3517.68
2147.54
7332.28
30273.3
596.728
5070.28
4788.4
1994.64
4233.84
10997.8
683.069
129.661
3595.91
1548.59
10107.7
3789.51
4084.74
1380.72
11347.3
168.041
6438.28
8411
11659.4
911.715
5213.1
9457.33
7665.41
7046.89
6405.78
3820.88
2066.48
11011.2
15739.6
456.816
5439.71
20036.4
12351
2512.04
372.7
15573.1
26330.1
4897.68
7347.18
2878.22
12462.9
3941.07
486.698
16463.4
30427.2
375.759
2621.5
630.832
7007.86
3254.3
27353.6
41661.8
1838.87
2347.76
5744.77
2725.54
26702.2
5654.12
8365.35
15092
1145.41
2498.51
19893.6
19238.7
13610.5
2975.25
15047.7
5644.17
10737.8
1244.43
5630.84
30015
9885.04
34059.5
479.076
5135.85
739.083
12039.9
994.227
13554.7
419.031
15383.8
20666.4
1595.47
2271.14
77.9214
9025.41
787.839
140.077
12474.9
4295.26
1255.95
12144.3
6509.78
10972.3
20.7786
555.741
1463.07
5927.87
7873.21
3608.71
2146.07
1324.7
2345.97
21340.4
13649
279.052
5674.35
9253.57
12469.5
11583.9
234.677
7630.87
5053.98
9688.96
8185.8
4371.73
3012.79
3766.57
8594.28
1054.78
5800.66
1802.04
14778.4
13525.2
24416.3
6199.93
10137.3
4407.14
4685.78
10999.4
11312.7
37356
13652.4
6379.87
7696.12
21947.6
1014.56
1954.54
1097.07
6044.37
11806.8
15810.1
3484.2
4172.47
7792.73
1234.95
7819.13
9875.34
1345.09
7085.44
4284.58
350.035
3050.8
7233.57
898.635
14227.3
16793.5
3921.46
5456.29
11529.9
6070.09
1441.92
5368.7
3312.38
1487.8
18331.1
7753.49
5315.61
4275.99
4322.25
4091.06
1315.29
9407.88
1183.57
5497.07
3386.31
811.29
5535.65
4879.05
20521.3
13429.9
3229.92
2216.33
4137.91
2352.21
7677.52
3002.43
18720.8
5218.27
5748.04
3913.57
6475.71
1762.33
1993.35
7280.32
12415.3
6498.74
9486.58
6017.34
4210.74
5431.72
6107.44
1253.44
2647.74
7132.21
24333.9
935.762
11605.6
2003.76
31384.5
2819.7
17032.6
35246.4
16165
5620.21
24491.5
1518.95
5334.83
21443.8
11347.4
65.606
3214.29
11475.9
1990.74
3136.78
3314.61
6789.38
5597.37
2774.38
28506.7
11415.2
2655.7
22369.3
27662.5
6002.22
4373.73
5358.75
48167.5
48392.9
21307.7
2668.75
221.135
6283.42
18946.1
1503.05
1532.88
16620.2
25023.6
1205.68
13776.9
2641.94
6656.87
4677.05
6755.16
5656.03
5853.2
5875.65
3273.86
6337.79
4107.78
7370.4
23787
5198.17
21074.3
4800.75
199.803
35880.3
410.427
979.418
9926.09
4890.5
18835.2
3716.79
3188.16
3706.18
855.968
2147.55
12448.1
1816.43
6342.11
14953.9
10711.4
29980
1974.59
7785.9
14237.4
11597.4
19025.2
1182.25
2964.52
22354.1
1587.4
34995.6
11984.4
7035.34
9312.86
7597.45
9329.03
4920.56
3273.28
3366.96
19358.5
10577.3
2896.64
4444.04
285.804
6571.94
3337.32
4034.74
7348.66
6493.86
1207.55
1063.3
629.839
8297.83
5629.21
2797.3
3990.48
5075.85
853.341
7278.75
292.33
7220.5
23760.8
7335.69
22262.1
7339.81
9288.95
4463.92
24044.9
2975.15
20519.6
13585.2
3130.2
3693.83
171.262
1354.51
13090.5
9420.74
8516.15
65.1242
8143.81
913.759
910.132
5995.58
4755.42
9388.39
329.825
6114.77
1525.61
216.717
2217.41
18481
15724.5
9391.52
1892.04
2442.17
3583.47
481.854
282.986
18867.6
8222.62
6144.73
207.103
1081.9
10076.1
6525.01
8991.65
7211.37
6552.14
957.318
17601.2
6416.94
5910.66
297.566
2166.9
1945.57
17987.7
9173.22
114.003
9763.14
9442.42
5945.89
1717.29
13786
13019.7
1630.03
5197.8
1570.55
5201.91
10724.6
1253.58
4276.83
2996.54
19168.5
4881.19
14266.5
346.486
5845.89
2464.04
3210.04
27486.6
7477.39
11846.7
750.42
2837.22
657.015
921.263
38462
8632.64
2306.43
6267.79
12041.1
1794.64
9129.67
11095.3
12516.3
6439.19
6584.97
12965.7
8368.92
2692.17
7015.05
501.07
13057.3
2351.12
14868.7
6300.51
8979.83
4992.44
13498.3
341.613
1707.11
7359.61
5918.95
6149.15
2245.18
5301.99
22925.6
21807.4
5654.33
4505.44
7929.34
3723.8
19791.5
3931.2
11668.8
12422.9
1151.58
2239.27
2493.97
3374.59
4640.47
5720.95
2434.67
802.797
1793.88
7498.06
240.171
6072.7
11074.3
16227.4
7021.18
13305.1
12966.2
11836.1
12012.6
4907.37
6834.02
17048.6
17583.5
7442.43
19355.4
9536.49
1250.99
4112.01
11490.6
32589.2
30703.1
3521.9
4345.69
2636.68
19133.9
10293.3
1732.46
1732.15
1374.32
95.2115
4547.91
9796.21
16187.8
13884.3
1575.14
3062.93
14232.3
3766.64
3525.87
677.512
4041.33
909.775
518.626
9939.43
22277.5
4164.7
24413.5
1269.46
1833.55
7506.31
6517.89
794.901
2147.06
2488.56
814.614
2161.12
7715.27
28974.4
15491.3
12942.7
573.939
13738.2
8369.33
15948.7
4260.93
888.422
2328.62
10083.4
3088.53
4113.29
5424.82
4835.24
21033.4
21272.8
19332.9
924.313
8901.73
14706.8
7150.56
3052.67
3942.35
26639.7
8587
3987.31
1126.19
1522.17
3595.16
6012.77
3493.5
8733.88
4919.5
12979.2
4408.17
16738.8
2910.05
13002.7
10537.6
11223.1
7598.15
9938.25
15407.6
4470.56
5228.02
790.224
18528.9
11377.1
2156.23
9110.4
18416.4
8354.07
581.785
16021.3
5974.96
13929.1
377.74
2748.42
1671.98
5632.04
2025.64
2575.79
2704.66
4601.24
16216.2
685.375
1081.88
3508.51
13086.4
1618.58
24624.1
2153.56
9464.95
1458.42
1634.79
776.744
9458.67
7713.23
1932.65
3060.84
2889.93
2483.47
28908.2
6166.8
406.871
9152.88
6158.05
7053.59
2794.38
5643.88
606.327
9761.53
2359.25
1427.73
4252.65
5946.2
1868.04
2477.59
11134.9
6687.44
10529.5
4307.7
7901.24
3667.93
13565.3
11193.4
12530.8
5031.44
11725.6
19491.5
22308.1
357.056
22188.2
3859.88
6534.34
14107.7
9444.41
1256.57
7352.12
16931.4
1384.25
18273.1
20323.1
5634.93
13266.8
3827.23
5106.92
31899.3
17652.4
9091.09
2931.61
18293.5
5870.43
9835.14
12532.1
13489.4
14547.8
26146.4
9293.46
1045.56
10669.1
6338.61
4961.55
12426.7
5726.89
950.498
2466.83
16719.6
12898.9
7004.79
663.747
1707.65
7620.93
3737.18
12364.8
1309.98
2639.84
3598.38
15607.1
753.279
7061.87
10241.5
6919.45
955.72
1727.37
6891.29
1476.34
3839.07
4833.6
36009.6
4347.46
14275.3
14257.9
5463.09
3989.13
189.869
30340.5
1648.84
756.669
27701.2
6971.87
9063.68
2551.34
143.413
1618.42
5303.68
10689.6
1055.38
3780.82
5131.8
4600.53
2247.98
8995.58
6855.58
3762.9
3396.34
8718.14
3421.25
4217.97
9042.87
1774.84
905.258
224.165
28386.5
1101.9
21922.9
7704.37
46.8607
5864.92
4390.94
11912.7
5941.44
3183.21
4822.06
15836.9
3535.01
2069.4
5127.02
15648.4
2405.85
2105.58
19786.9
2054.8
2007.39
5967.1
27217.6
82.4262
697.599
1767.15
3111.16
17.1597
6866.7
6601.9
5836.87
18632.9
4031.91
10396.4
1803.98
8134.69
4050.42
9027.79
11973.9
4448.07
709.424
871.794
15675.4
23893.4
5498.43
6230.11
31167.8
1254.1
8115.31
18714.5
20486.6
14192.6
1791.38
12542
9539.06
1225.97
17492.7
21998.7
18308.8
38960.8
2508.05
33623.4
3176.63
1468.18
583.939
5783.39
6075.99
7900.05
6749.85
1575.38
6330.17
3765.27
1194.74
2118.78
30855.8
13087.5
7262.14
1135.36
2544.8
9936.77
15198.6
6718.74
20872.4
14471.9
602.189
2640.85
5404.04
8765.21
2410.34
7228.89
23414.4
4852.02
6452.91
767.275
1679.27
6468.82
19927.8
213.714
1104.26
630.178
3386.73
1403.62
3762.97
15781
2610.74
6432.59
13331.1
4371.13
1890.83
2089.68
12581
27810.8
2733.87
203.747
2860.57
14775.9
237.206
745.622
12916.3
22299
4945.51
15683.8
323.439
11541.7
6394.84
6806.61
1263.51
2335.31
4144.39
7939.52
3484.41
4935.1
12385.8
15987.2
3073.81
6108.18
11789.5
4809.73
818.182
190.069
5208.68
3903.42
3356.98
15333.3
16999.8
2483.29
1789.07
3739.18
22623.3
154.018
4741.94
8922.09
2048.65
846.33
2646.71
541.753
3835.2
852.469
1845.07
15447.6
287.703
10733.4
239.024
9531.82
13682.4
6954.6
79.8931
5813.17
7263.65
1988.54
2996.61
1677.18
5329.69
1153.68
15737.7
6834.7
451.935
6815.23
8855.51
3644.7
7000.98
9591.3
61.0587
6815.19
1947.62
8842.52
1162.81
5721.59
11716.4
534.136
10312.5
10228.6
1870.17
2991.41
477.187
12755.1
1047.37
24335.5
98.1418
10806.3
7041.84
1161.7
6231.67
14453.2
2913.81
1631.93
791.719
2865.14
2896.64
3221.97
5803.75
4354.64
1885.38
6941.89
537.826
4553.52
18883.5
2152.04
17722.6
1470.42
291.657
892.425
956.964
130.658
558.277
3825.86
4351.65
7610.07
9951.51
991.73
7264.06
25972.8
12201.2
16325.5
5649.39
17835.5
641.843
698.633
1683.14
1998.14
3459.06
3790.08
15686.6
3659.27
8941.67
2580.56
1026.16
372.136
2612.31
6999.49
27191.9
17591.5
11700.1
1573.88
5379.81
11399
19578.3
222.166
17443.9
15779.5
1767.57
4656.74
10014.1
179.624
4799
358.136
5502.83
7502.4
1634.03
2566.53
4879.41
23397.4
12021.4
8680.83
13591.9
5640.36
1445.69
11095.1
52497.2
11585.2
7133.33
5561.48
19622.2
16853.9
2436.63
4386.63
25978
1858.85
5838.55
17128.6
1632.15
2147.1
37503.1
1058.18
534.137
10106.6
692.447
2299.42
6545.99
6277.89
2996.78
10074
1617.15
5231.94
8836.26
24126.8
4192.15
1364.24
14880.3
2989.08
515.876
789.197
1878.01
2652.22
17557.2
3126.49
5968.26
4237.52
29378.6
5595.18
5679.08
10670.3
3142.81
742.857
2134.87
211.709
8024.6
10469.6
12722.1
287.703
10749.9
3488.44
86.965
9842.65
760.537
4307.9
10516.3
23616.2
4469.03
24730.5
3084.05
397.679
4234.91
1680.35
398.617
7589.45
6235.33
5192.16
19971.9
17443.6
20754.9
9385.74
7600.6
16894.9
882.75
3512.66
2212.84
18585.5
6227.5
3468.29
3414.42
1880.74
6033.63
7058.4
6915.67
931.235
2062.22
4326.6
8018.73
809.493
8457.61
8828.61
2201.89
908.218
15922.7
4991.53
1486.33
19150.1
26947
2931.88
999.134
494.519
6174.26
4653.4
3768.58
23741.2
24941.3
25958
1366.59
5732.07
4094.27
4234.57
7904.15
10472
1934.5
5953.14
11276.4
28839.2
8832.47
2366.32
23937.1
2400.37
9149.8
14864.2
404.774
259.298
2695.65
5309.52
194.034
3719.26
6638.03
25676.1
1341.73
3982.31
1415.39
6845.19
16189.6
4341.45
3366.76
7278.45
29243.3
696.268
5417.28
7456.31
3335.53
3445.59
11133.4
4571.78
5415.6
2281.48
4742.3
3153.67
3355.33
5677.35
793.219
5680.78
4104.7
9688.41
51.1438
8551.57
2340.1
440.111
11989.9
8777.94
6412.42
2863.43
356.608
26440.8
7870.68
7682.02
14029.7
13376.2
2716.01
10527.3
14257.1
2853.12
5213.93
3714.09
15965
23468.3
10772
1000.07
8858.51
914.048
11426.6
2076.03
5159.5
2342.99
5078.68
1777.73
1331.45
5459.91
444.697
3475
3387.98
83.1018
20853.5
10363.3
7196.37
4130.66
20222.6
1276.58
1456.35
1319.06
3209.74
8905.13
6013.97
3203.05
2290.82
9882.43
853.241
9551.5
10666
9684.93
3918.51
455.862
4319.89
537.374
818.829
807.845
11136.4
13197.2
3223.44
13787.2
3368.65
4600.15
13320.5
4137.91
23026.4
8531.82
12584.6
10344
1317.28
6290.3
2943.37
4065.7
1836.19
16939.4
13164
1708.65
145.495
11676.5
20389.4
17443.7
4961.46
4432.19
2018.94
887.766
19299.8
230.008
1133.85
5258.41
28564.3
10253.6
10612
6249
16606.1
2410.29
2880.11
4184.61
2088.48
4377.69
4207.22
7761.68
13437.4
3969.86
9048.51
17183.5
2782.02
13532.8
22079.9
9970.58
1687.51
1015.01
19708.6
233.995
4894.39
7489.63
645.184
20182.3
18305.2
14364.7
304.938
1561.05
14532.4
3347.2
541.975
6932.21
5469.72
892.971
338.125
15593.2
21284.9
10499.7
4087.02
19561.8
4211.79
5072.7
2854.4
4844.94
5044.05
17782
16506.6
4385.98
2849.23
18280.3
17415.2
921.289
4322.17
2060.36
25597.9
6195.66
5146.4
15971.5
15060.5
8167.11
12840.9
13200
2343.17
6141.03
1197.53
2219.13
15581.3
8785.09
5039.8
8061.49
1347.23
5256.89
910.802
5629.6
6361.92
2300.71
3402.52
3366.25
6099.8
3795.13
52401
14913.8
6656.46
8326.74
1421.39
2501.07
42087.5
429.142
35052.6
20388.5
2217.71
11379.7
3660.66
751.085
22460.3
6896.11
303.46
8863.93
3899.07
5905.41
2267.41
1841.72
18540.8
630.884
525.394
110.411
6294.72
1025.84
1625.14
6967.32
11143.3
16748.5
13994.9
3471.46
1116.45
6277.93
20990.9
1825.72
36447.2
423.619
800.435
1061.12
7801.61
6861.55
5032.37
11718.4
9348.92
1644.29
268.603
5212.3
12693.8
5352.68
3551.09
19201.1
456.933
1159.25
80.4568
1931.97
15341
15149.9
7471.05
1271.18
872.366
4131.51
5470.24
6817.63
13065.1
14217.2
15730.5
2977.89
5096.13
13457.9
1023.21
1349.69
956.923
17676
13593.8
6894.86
47611.6
17815.8
10333.4
5741.81
3675.56
6140.9
7688.01
8531
37597.2
729.534
10919.5
9514.03
1162.16
2493.94
4893.58
484.484
9733.55
1448.43
10034.4
10870.5
179.61
16620.8
3834.29
16255.8
3146.67
27112.9
1560.36
10733.4
4624.3
6763.52
3845.94
5845.25
11523.6
4290.34
23379.6
4574.75
126.538
1288.15
6319.91
3408.28
7187.77
489.581
4346.67
2274.27
9372.78
2214.45
7363.33
1381.17
156.202
6021.87
121.282
2501.57
8984.89
8356.76
8567.33
622.016
5757.07
2100.75
6322.66
4494.48
2512.81
11889.3
1049.75
16246.7
12728.3
8344.33
7651.86
9595.07
3401.77
413.882
1500.22
11024.4
6801.38
900.144
3900.65
9188.24
243.003
3924.06
9497.33
12443.7
6155.08
17428.7
16279.9
6394.66
10392.4
6749.14
23730.3
18247.7
945.998
2755.97
6839.02
14391.1
9206.78
2898.11
646.802
19299.7
30172.8
16133.7
9104.94
778.309
611.698
5738.07
2306.58
167.129
7207.42
9443.25
18065.9
3510.02
2090.79
1553.88
6447.64
317.078
21433.5
2941.39
116.179
6475.49
9216.13
23097.1
44538.7
3560.16
21545.3
1755.27
17040.6
143.647
3854.53
12241.9
5841.2
5069.46
17034.2
7294.88
15652.8
5439.28
6252.86
166.095
7557
2935.87
8991.04
3815.88
8354.47
4292.07
177.617
10508.2
10757.1
2308.47
11540
14951.3
10754.8
20372.9
176.309
1663.24
18001.9
6581.5
2242.75
1129.19
8130.65
6839.73
9181.57
2371.07
11761.6
25501.6
1689.35
20868.1
249.672
2443.1
3554.92
6932.98
13714.8
4348.28
2058.83
3312.35
25374
18898.9
18162.3
3528.72
6605.91
8966.38
9809.95
532.239
1906.7
587.495
1322.91
17629.8
3101.54
5428.23
29395
1257.2
2290.84
3619.56
26363.5
4163.25
32162.5
5236.4
12325.8
2648.41
13102.3
12891.8
18.2564
1569.14
4869.72
9565.8
1219.6
4324.89
10808.4
11102.3
2883.1
2743.72
17942.2
11080.4
12278.8
13488
115.632
7256.25
15366.9
4083.02
40466.8
8980.4
1509.09
12085.2
1275.31
1963.14
487.424
7079.12
9051.7
10908.5
11726.3
15082.6
11590
6978.73
18720.5
6888.72
9653
12657.4
13364.6
6055.33
4250.01
9596.95
4681.36
14963.6
2095.86
7687.46
4188.19
1545.12
470.489
3518.41
7393.41
9065.98
16848
2329.11
13595.2
8532.33
1144.96
8048.46
1221.61
4202.98
13295.5
1899.03
568.239
19617
22507.8
32067.9
2777.12
1588.95
13457.2
1588.29
1815.11
21633.2
1071.29
2444.24
1210.05
465.878
739.866
17571.2
518.373
4660.58
6033.2
12738.3
3726.24
10486.7
2065.81
11136.3
4623.88
13058
1570.4
519.179
10795.7
11508.8
939.988
6555.24
1970.94
12045
7296.31
6671.85
877.863
3613.82
11048.3
3453.13
2391.85
5697.02
1440.65
3210.96
14271.2
2001.59
2693.56
4106.22
997.56
13208.6
25619.1
5140.43
2917.26
7254.9
5378.44
5005.15
2863
4402.12
11262.6
8616.7
1312.67
999.337
970.879
2291.36
3755.32
2802.65
3157.56
17616.2
473.253
5660.15
88.6621
7512.71
1124.44
5003.61
2675.7
1770.57
5208.12
8724.22
1259.76
4464.12
5227.62
1244.46
9885.49
5443.81
3509.38
2015.4
4222.32
783.809
675.518
3113.16
2048.67
13413.8
8497.96
9102.14
1001.35
3530.42
2302.95
4467.69
5253.9
19457.5
13259.5
418.209
4415.89
1016.75
20182.1
19085.5
3896.04
12374
3813.5
4838.11
4481.56
4037.77
15399.3
9189.91
9075.99
6579.95
29567
17226.3
6640.71
4932.53
806.405
14195.4
205.479
3614.08
6097.2
27112
4977.01
154.214
2938.22
565.511
15714.2
3805.75
9847.79
4489.08
125.298
5071.37
13603.9
11497.8
5623.36
3214.81
4379.11
1829.12
126.074
10719.4
8599.92
718.878
1107.25
2330.15
2865.16
1645.4
1894.32
8449.74
674.251
16876.9
19685.6
4782.64
3512.57
1166.58
26662.7
18647.7
4279.26
6991.83
377.943
3125.7
2093.42
1772.16
23086.2
12763.7
4550.67
36108.9
8898.93
14958.3
6213.99
5605.63
2096.55
579.587
10756.7
11667.5
6179.36
11023
1309.71
2489.29
5030.31
388.982
6794.88
5114.37
7075.43
997.306
4283.9
1165.33
4252.08
32401.7
6255.82
848.06
2333.03
12911.8
4002.02
10332.9
1495.33
4963.36
25423.3
4806.27
5323.91
493.547
16918.2
12688.4
5576.82
800.428
7405.4
1447.38
1829.92
10639.6
7073.35
12689.1
5322.39
18882.4
6863.36
14455.4
25311.9
51627.3
22218.1
5599.36
6716.76
953.855
2449.82
7261.79
5529.81
7050.47
8251.67
10983.2
1945
97.0859
578.818
3932.22
48038.2
833.356
20169.1
9511.21
4167.57
1550.32
4195.46
117.627
31271.3
3056.52
6816.17
1564.76
3482.6
485.836
3703.88
154.644
8250.35
7535.58
2046.87
1637.39
3109.47
199.668
9784.31
17162.1
7710.49
2078.56
5561.66
2350.69
7941.53
6530.4
669.923
589.233
8959.92
3710.19
15597.7
22067.7
910.19
1561.7
6428.7
4102.37
1695.52
19115.5
391.908
18783.8
246.911
642.738
375.352
14603.4
5471.25
22233.9
6818.47
20982.3
5108.68
16728.5
6004.81
32647.6
23562.2
11131.9
2348.24
5736.32
368.651
10214.2
12969.4
13719.6
637.314
8280.21
19623.6
20080.3
5435.4
5126.71
877.074
19047.4
6446.35
4775.45
15240.4
1088.03
17865
5203.94
7347.46
8798.81
10671.3
2455.98
12763.2
23441
31646.7
4771.11
4038.95
5254.47
467.926
1291.93
19158.8
8289.42
2476.78
3510.93
379.13
1706.5
4715.45
15396.8
2739.33
1140.04
6227.35
2410.68
7315.72
15448.6
10041.5
8934.57
8318.5
2192.79
13037.8
7718.07
3580.2
15577.4
3273.43
1639.12
7879.89
5999.69
1886.89
199.776
999.29
592.214
793.096
14675.2
5031.03
12216.2
13864.7
5358.02
790.715
18728.7
10943.9
2840.87
11434
78.5157
4306.14
6648.12
625.803
9801.83
7595.38
2234.38
742.357
19703.5
9159.93
1646.82
31468.3
2473.69
10921.2
6682.79
2396.16
3801.81
27948.4
9276.83
10022.3
21579.8
63074.1
2325.96
1343.89
10290
2365.88
17181
8079.28
2818.07
23342.9
16916
3137.2
7955.62
26872.1
7201.44
3434.02
4985.79
679.532
10000.1
15679.2
5997.18
2768.58
3665.45
4193.62
8150.02
18248.7
4918.16
22257.3
1514.24
13556
4247.78
24418
11220
32679.9
758.691
5288.04
1541.17
1765.19
1873.98
14929.8
4611.81
1269.72
2256.6
3182.95
14713.5
33990.2
16398.3
2059.77
4251.59
477.615
5069.31
2042.66
676.6
2868.33
1456.26
975.864
3187.88
2047.91
17543.2
2542.07
3665.96
10482.2
16885.7
3189.46
4200.86
1372.72
3059.79
1642.81
1363.59
13196.8
748.022
1438.53
4079.31
5293.82
16486
25327.7
361.355
2826.33
10415.4
869.657
3433.07
8695.99
6490.6
5017.47
677.53
6769.15
7476.66
6423.33
23944.7
2812.38
1352.04
329.811
1039.52
387.265
17474.5
4506.92
12245.3
4671.22
12684.4
1291.13
932.053
10138.3
1618.61
4381.85
1003.73
3656.21
1960.24
6677.18
2252.15
20719.4
914.776
17901.4
395.94
8598.44
3441.18
5030.51
1270.47
14799.8
6510.41
1918.99
5370.23
6232.1
1866.98
2454.34
67.8644
35580
2056.8
18413.6
4457.96
2078.7
9606.3
3781.28
27886.6
8186.91
2215.56
13016.8
5353.22
13814.4
2502.88
2749.91
6948.75
7782.48
6152.81
13854.7
40724.2
2245.35
593.155
8535.18
1926.63
2103.39
4741.89
9986.66
12364.9
5096.02
5852.89
32151.2
31954.1
3846.01
4922.95
2548.79
60235.7
20975.6
456.958
286.129
22811.5
13465.9
18700.9
14804.1
2691.48
5543.63
1669.94
6795.64
9961.36
10698.1
3912.62
21871.1
8020.73
8224.12
24889.6
137.247
2906.6
10080.5
1136.81
1130.8
8344.22
945.028
4321.72
53.0783
5164.59
6400.5
816.677
26402.4
10342.3
6181.49
23147.8
3853.22
4323.01
14531.8
4474.1
3569.74
185.743
10588.1
10141.9
9757.04
17310.7
2410.29
7415.91
7964.76
5135.86
21873.5
4586.87
24452.9
189.116
24006.2
3195.03
2432.1
959.577
2647.43
10682.1
13784.2
2827.1
6192.61
890.302
11365.7
1936.34
11675
1503.79
520.005
41749.6
27848.4
4513.13
435.838
10609
3510.79
9079.42
1507.75
4366.59
855.132
2842.46
2347.07
8508.84
3160.32
220.751
17588.1
1931.1
3566.5
227.767
4037.17
12407.4
2022.25
5501.96
1944.58
5578.56
4378.28
3484.18
6332.15
2208.73
24620.7
1732.03
7137.18
5670.54
11050.6
2269.97
15306.1
1195.98
29402.3
10075.1
1024.17
5072.33
295.9
11028.9
10361.5
3965.59
2750.82
6499.99
19978.6
1112.44
299.85
1908.45
8239.96
362.722
11543.1
318.083
1973.66
2125.31
6832.14
15521.4
8770.33
18993.9
1542.28
18971.4
4464.42
6831.02
18366.9
261.847
11939.3
5906.48
861.737
956.108
2497.22
20220.7
6076.07
218.692
3325.29
9078.81
3097.53
11207.1
216.893
12237.4
16047.1
3756.9
2206.97
8324.7
25423.6
8380.48
5511.25
18730.5
784.824
3689.02
6660.96
3368.39
2429.06
2089.72
7132.48
9845.14
1587.61
4531.17
3904.12
9655.4
649.228
11206.1
24940.4
10480.9
549.496
10883.9
29214.8
631.015
20171.5
17679.8
5292.56
29761.3
3166.5
6592.06
8871.89
20104.9
6242.34
29922.7
39.6721
22832.3
15586.2
2937.92
3573.23
12339.2
14870.4
373.941
12461.6
2761.24
2148.5
658.326
1665.37
3679.62
1527.28
7708.23
2953.72
11522.3
5167.73
338.442
11410.7
4991.74
10465.8
1397.72
14356.2
6199.42
9178.54
1620.65
20873.4
10205.7
11182.1
679.807
20312
5000.72
10258.7
1775.61
5518.53
11053.1
1022.26
10965.9
20462
4206.43
6873.07
3546.36
2836.42
4359.58
9749.34
10182.3
4254.97
5550.09
20562.9
9146.4
1236.01
557.246
1143.37
1990.65
19606.3
1326.44
8256.33
6071.63
5152
10388.8
3002.35
31848.5
9639.5
21934
3960.26
16195
2195.84
5860.85
9870.25
36765.5
4764.29
15044.4
7155.6
778.547
13137.6
2239.61
12659.9
4678.09
23833.6
9155.69
5445.38
12674
9162.87
11814.3
16158.4
6922.51
10527.8
8756.37
26841.9
43.0838
340.73
7257.97
26728.5
39106.9
11152.6
527.164
9857.07
9004.96
3113.88
531.45
7657.94
10711.6
6551.9
6372.7
6744.87
11836.8
18287.5
2337.87
7386.88
8567.84
6274.45
10179.6
4551.9
3531.01
9027.69
2866.82
1749.85
3665.01
713.702
7967.21
97.2638
2055.88
3288.05
2421.81
11761.7
18451.5
11427.5
2827.24
6592.66
7142.27
5487.68
10546.8
6938.77
2765.25
13850.6
18454
2213.61
12616.7
3742.16
3597.47
31024.8
995.201
27085.5
8850.85
2085.21
13307.9
4152.67
13761.5
3823.82
3624.35
11240.9
14573.6
12671.7
7308.07
2905.46
12523
15528.6
3103.52
31691.8
18493.2
2604.77
12389.8
12697.7
2118.21
1221.12
12446.5
6626.36
3067.24
3036.82
1775.81
7021.89
11452.4
4696.71
1780.35
2237.49
6133.41
10115.9
87.484
5233.31
931.426
3432.07
14262.3
506.152
3515.28
2319.21
280.469
4170.34
4126.68
131.604
5774.38
145.987
15026
7981.92
12731.8
9344.82
8082.81
2450.56
1346.82
3048.29
2913.12
17184.5
4664.56
7844.64
9214.66
4362.87
21413.4
4592.09
6199.14
6302.77
3925.47
4325.49
581.204
10440.8
19501.9
5624.27
1186.15
14696.3
6064.63
5127.11
8670.02
4802.64
5493.09
1310.26
754.681
19151.3
12151.5
13905.5
433.959
14494.3
2893.93
956.893
2629.65
914.348
841.128
195.727
24040.7
40453.8
1499.94
14954.3
2375.8
15698.2
9532.37
2421.33
22463.1
8098.38
4334.66
7003.95
24284.6
6263.85
4183.97
9310.76
2187.52
5672.21
251.5
12661.2
2859.57
4318.19
2180.5
5073.61
5269.44
877.836
2516.43
9199.62
7644.12
15398.2
15166.2
2041.55
613.622
825.223
4883.7
915.704
552.028
5284.52
1070.64
2198.73
2171.43
11935.4
17964.1
8112.01
5160.83
682.167
3533.04
11146.1
4796.73
644.608
8895.72
2498.63
10930.5
20388.1
15371.6
3572.02
3339.05
594.722
7972.01
8327.47
5617.07
1795.75
24731.9
27598.3
420.745
3590.83
7016.36
7891.52
7376.02
52820.6
15825.7
7886.17
2929.73
16521.8
9647.42
9791.31
8875.57
2703.13
9620.73
12225.6
9704.18
8202.79
18743
3790.48
1494.26
5492.69
2058.53
31080.1
12534.2
2115.3
1904.24
8309.22
6106.37
907.538
4830.88
2410.05
15979.3
3222.47
7510.84
507.518
2805.92
2244.32
6581.21
34.0504
13303.6
2102.85
19366.2
15369.7
1063.26
1206.36
2573.82
364.539
6128.07
28625.4
349.313
4105.88
13533.4
9814.91
13638.8
14313.7
4100.93
10023.6
7911.38
38041.2
436.627
11152.2
1890.1
481.706
1406.18
821.386
5222.36
25280.8
1073.55
1821.21
14685.5
4622.27
258.137
4795.64
13821
19008
6030.87
3306.72
1446.53
13765.9
6768.4
3454.06
5268.58
4687.2
4417.2
6875.67
3944.6
3121.95
3911.09
4518.54
14051.6
6343.37
6650.92
4057.78
7469.41
363.571
6963.4
8040.15
7344.94
14844.1
19662.9
1336.3
10377.7
752.409
13521
10343.4
6724.41
8176.47
5501.65
15021.8
10596.2
6145.49
15968.7
2085.1
13109.7
3166.84
7062.08
1840.88
817.826
435.537
12515.9
2762.88
1828.92
11213.7
3120.7
297.961
9919.78
3685.21
4131.04
10371.4
370.743
3963.54
16503
486.11
19775.4
1507.72
1303.71
3436.73
11391.4
1793.96
4349.53
13215.8
9822.33
6735.69
2796.23
11229.4
5639.49
3706.16
4856.42
8203.01
11066.2
5505.72
12411.1
15057.5
11060.4
6417.01
6898.59
2604.13
195.694
17503.8
679.86
3870.43
34881.6
287.159
1874.62
2261.35
2997.01
8669.56
6782.47
7599.36
3010.75
8822.93
8226.12
21358.7
7566.82
2056.07
1124.84
27152.4
3700.16
14312.9
2802.24
518.026
2496.57
219
16955.9
8157.47
5572.28
1626.82
1069.13
2735.53
7848.56
5775.74
10565.2
484.806
5703.83
230.828
11500.6
4401.02
3321.37
871.424
3370
1813.81
39.0212
7659.25
3472.43
763.432
13177.4
17846.5
11056.5
673.147
1818.15
5883.37
1042.23
3682.15
1382.06
5296.39
1486.74
3208.35
9083.47
36.9789
17672.8
4678.76
1758.17
10336.9
12141.3
14010.2
7352.09
1581.33
8709.73
1995.85
4442.24
10896.2
1774.52
2723.46
1227.62
6850.47
640.467
7965.87
3131.13
7511.95
2324.95
15611.8
2664.19
25455.4
2167.77
6817.22
3221.85
787.937
7178.3
6889.72
1504.9
29519.7
7898.45
7651.49
18652.7
24724.8
4046.2
31446.6
2740.75
915.221
355.099
1368.91
1757.12
7251.13
5029.99
7227.23
4512.39
8872.04
9095.23
4046.36
19571.8
879.39
3687.07
3452.92
5025.77
6999.73
2771.24
7775.87
189.965
7436.1
15591.9
6428.27
4697.09
7330.53
11167.6
6346.87
2972.57
3039.62
849.188
2606.49
1531.7
2541.5
4354.41
7213.68
3688.74
918.003
2168.11
17604.3
17928.1
4814.23
20201.5
3328.33
23441.3
7692.16
31591.1
8986.59
5220.17
670.971
5553.15
7178.61
4130.12
15408
1146.36
3261.31
2830.35
15870.2
3992.47
29200.8
4368.38
4779.82
11455.4
951.255
243.715
17180
3385.08
12352.2
2823.7
13408.6
9487.07
5883.89
1540.61
999.056
1855.79
14467.8
3225.2
17640.9
18530.6
6544.45
4746.78
2133.04
1020.75
924.042
21151.3
94.8256
3590.82
6153.88
16604
1024.47
15580
464.677
1977.19
1281.63
11256.1
5804.85
3518.46
2220.12
5472.12
1921.47
5881.73
3832.12
11054.6
8489.28
902.444
43214.4
18745.6
20372.5
24111.2
14081
14902.1
13624
19877.2
1856.78
73.7432
1730.53
1259.27
3866.6
6767.86
12399.3
8251.3
2587.72
13134.2
19034.8
2938.26
9512.5
5144.87
3456.06
9577.74
4838.25
192.278
13603.2
580.109
15052.6
44223.5
10931
25262
6678.75
11549.2
6472.08
6064.69
5154.42
19225.2
715.401
17278.5
7573.64
1576.52
1376.92
15896.7
19898.9
4458.43
16027.7
13745.1
9454.57
2659.82
10650.7
3700.66
15232.3
326.671
1638.01
911.864
5732.66
926.132
6031.55
4502.6
4060.27
7441.82
16561.8
2509.59
2624.9
908.654
7147.47
35978.5
10606.9
10626
10281.5
6184.2
13049.8
5243.74
10828.3
505.482
29123
2890.34
53.877
4585.12
8082.59
5098.04
6173.9
2415.25
24458
13301.2
290.265
674.862
3969.99
9986.91
8378.02
10955.5
2052.58
1886.26
6721.41
3120.13
4210.1
5395.31
11609.7
5949.8
15435.3
3215.43
8228.32
871.707
19574
10466.6
1304.2
9120.39
3945.65
15697.8
40768.6
887.284
877.54
10727.2
4556.26
6566.34
5093.25
3038.17
9868.71
3568.45
10751.2
3188.44
9573.42
5743.95
19434.7
11703.2
5295.54
13157.8
16054.2
29797.3
10995.1
7070.68
13588.7
24.8294
7538.41
7135.16
9315.1
108.746
2339.11
2276.15
753.467
9303.25
3121.83
10221.7
3507.22
23.7565
2670.01
15027.2
3275.11
11809.3
11557.1
11955.8
556.229
188.562
4750.12
3436.03
1625.24
23448.2
12118.1
14194.8
6835.82
336.153
6625.62
6822.95
3896.11
5921.83
6129.68
4379.54
1654.57
5750.81
10299.3
3454.52
4110.83
5335.65
23665.3
12070.3
5403.08
2076.05
473.825
1388.78
368.756
9076.7
1248.99
13772.1
5129.21
21115.8
5056.1
3457.55
7390.74
1013.87
227.708
11868
18661.4
2603.74
7045.54
1619.98
1544.22
3708.5
5590.68
6134.61
11526.5
37.5953
442.754
8676.67
20670.1
12161.3
9058.76
3350.07
13259.3
3361.68
7815.68
1822.89
5433.98
8896.2
3705.43
4608
2887.44
204.267
3064.53
831.989
6146.49
1057.88
8724.77
4359.11
1810.64
21588.1
1853.93
9601.54
910.513
3138.95
4017.37
1662.79
7413.1
18651.7
8922.05
6232.45
10925.9
5136.42
487.652
11263.9
6015.57
30220.9
7754.5
4669.52
14013.7
24867.4
428.029
10958.7
2357.47
2369.96
4772.57
2004.9
8204.21
1126.36
22222.4
10501.6
8753.96
862.287
13152.8
8703.57
1310.87
567.103
4328.99
3815.42
2552.02
646.211
3730.63
985.511
2641.81
9330.71
2348.32
18762
207.118
4614.54
4461.56
3029.42
24219.5
338.722
3195.11
352.598
14971.6
673.031
3088.24
3220.94
1993.16
2921.95
802.611
9424.52
5656.73
4034.1
3404.35
23993.6
8158.24
287.391
8367.06
8470.83
13603.7
13022.7
10301.7
3485.56
5817.34
4547.57
15368.2
3168.42
5211.78
13208.9
10613.2
13927.6
4406.09
3956.17
26104.2
11665.1
11289.1
1074.46
3460.72
10431
47.3818
3808.6
124.324
3558.71
1951.77
3562.47
12027.6
2941.7
841.66
4200.11
10872.5
5766.58
5220.74
8752.31
1436.88
1181.62
1976.79
6751.01
21848.1
3880.06
7178.19
4286.25
7506.75
14115.6
7614.87
1360.32
255.637
3087.08
8900.78
21241.4
1750.7
3779.96
8572.88
1388.6
6223.92
4277.76
7318.86
1819.13
5260.39
21239.3
1805.18
2045.18
5514.03
25940.7
29.6788
2060.68
8592.86
4474.54
26480.2
6117.15
1999.15
14505.5
14944.1
477.357
1396.49
12682
8236.51
4224.1
15007.4
1191.62
7197.07
13186.6
799.463
2782.37
9534.72
5852.47
12003
9299.69
1031.5
18462.4
409.235
15441.6
67.2196
8625.31
4332.42
117.853
5085.16
25022.9
3236.01
8096.35
2238.13
8767.27
6962.41
10136.7
4679.98
5639.67
8467.45
166.357
14125.2
9653.35
15279.2
14840.1
19902.5
11172.8
25022.4
6618.45
4208.64
8211.55
72.6955
23574.3
2514.44
12239.6
10056.8
7437.27
5071.35
16850.1
9323.28
1493.25
6262.79
4488.01
8625.63
4871.33
457.124
7530.72
3836.21
6645.81
15695.7
8009.34
8671.44
4010.03
176.19
8602.33
10420.9
1620.55
12295.1
1546.83
3768.64
6516.7
1974.86
4215.03
20257.3
11493.2
466.374
826.973
2171.14
8304.15
1253.91
2152.18
8180.02
7447.42
833.424
7449.46
2760.92
20575
4649.58
13719.5
852.12
11315.3
4247.08
5706.27
4648.31
4936.47
11125.6
10826.5
5082
20169.4
8266.64
15914.4
3099.19
7264.69
12227.8
766.418
18472.6
5094.05
23951.9
4053.19
4245.46
6425.02
11420
11654.5
3206.07
3791.72
7021.36
1314.81
16787.5
8272.6
1714.26
4433.67
8840.96
7034.71
6641.12
29101
7778.4
38232.9
10436
2801.29
11468.1
6413.98
149.596
13926.9
9651.67
7652.75
22220.7
5868.57
5612.4
1408.65