793536
57029.9
167030
442308
552108
928116
239982
161800
95431.3
1.05728e6
547564
58273.8
1.14093e6
140455
2.07259e6
162463
843594
95614.6
205172
574905
729389
55637.2
188202
689760
2.74991e6
137626
249665
372027
467070
641844
244926
625160
1.2208e6
5742.86
52153.9
9192.78
29611.7
1.10154e6
701242
1.93116e6
1.61693e6
667254
1.97672e6
1.69019e6
31548.8
195423
2.42186e6
1.35125e6
333055
1.1915e6
105364
2.00568e6
2.17005e6
619466
184849
938207
1.13119e6
942026
1.56347e6
180570
303956
367571
408856
1.59164e6
460602
1.45416e6
44709.4
8546.63
1.04976e6
182136
184963
1.95336e6
63298.5
226406
4.76085e6
427253
1.53866e6
78479.8
2.13016e6
322349
1.41629e6
286017
68449.5
513683
193225
898639
586234
168374
182040
48974.3
59584.2
257664
832295
626255
1.65969e6
238210
587011
2.28846e6
1.08235e6
582162
928135
815053
166515
1.15165e6
844665
1.94171e6
209159
1.03986e6
314362
1.07331e6
2.4276e6
60522.6
331493
515058
873210
973897
106754
133699
1.49642e6
1.23925e6
887118
242073
2.87509e6
1.1831e6
1.00285e6
77511.5
728693
664780
1.13037e6
1.33332e6
576626
454647
1.22753e6
2.58614e6
1.13469e6
92351.5
320773
1.14852e6
999391
419040
654.404
928172
38151.3
503557
41088.3
2.33878e6
600904
930059
363153
144723
1.08729e6
215817
429275
896669
400811
841374
338141
154333
651347
879456
585710
735319
324803
763775
120981
286023
234335
522021
79436.4
301224
1.32246e6
237262
86160.6
666955
1.53184e6
464644
219021
1.50297e6
488500
611850
815896
260657
241816
750649
166676
2.29632e6
251417
3974.87
1.01845e6
639936
202676
664184
86939.9
508184
476321
246625
72367.3
2.17738e6
239840
126017
515687
460468
865981
74291.6
1.13466e6
832245
788104
1.38726e6
568376
319944
328259
1.78868e6
1.22808e6
618491
223491
124110
37687.5
483739
2.26426e6
3.31115e6
2.23764e6
835176
104221
546480
159151
1.21791e6
37835.8
192032
294237
410905
116191
16892.2
206180
528539
2.21193e6
1.9796e6
350714
95156.5
337303
1.15819e6
1.29928e6
448121
400761
108750
54730.4
1.36691e6
309925
340961
116413
9466.71
538928
209500
128811
784130
595735
594983
144535
738069
1.00219e6
348357
293746
304878
894014
78380
2.51834e6
824420
71364.5
41135.5
306245
3923.27
248448
3.6151e6
86354.6
1.0606e6
1.2095e6
970219
404057
238765
1.50936e6
69348.1
307489
392487
940142
128873
115797
878848
66301.3
1.09337e6
1.02796e6
332810
155983
938566
220721
404793
143183
139995
90938.7
184141
1.76263e6
309438
477870
801771
478774
2.51347e6
1.11513e6
414338
607573
721069
624395
2.70694e6
292896
262668
572624
81506.9
814555
909625
891284
90532.5
1.21637e6
404880
173665
1.12314e6
369551
413000
914740
712697
34072.4
718178
302082
955206
342872
74318
1068.78
1.35691e6
1.95642e6
240560
271825
586540
922534
261323
277484
196729
48163.2
51337.8
147355
180816
591522
1.0562e6
1.04064e6
2.29024e6
626405
320616
545710
446825
433508
738677
1.05629e6
123935
960984
1.51165e6
3.56651e6
2.08737e6
39743.3
573693
317140
97289.3
192533
79551.9
428988
40922.5
376418
75103.1
1.55509e6
1.33859e6
231599
514790
2.11662e6
620778
24453.8
1.90237e6
166945
272758
310058
834655
1.52942e6
2.28335e6
1.89374e6
1.41262e6
80058.5
797986
975837
722522
854046
479088
502959
1.7971e6
786212
643346
116253
576896
981141
125034
1.63585e6
1.04582e6
2.10491e6
110685
775658
710660
2.94997e6
1.49872e6
2.65827e6
4376.95
316418
798914
8016.63
85655.4
145807
1.94875e6
52250.5
112285
839709
1.10579e6
417891
108182
399040
284453
1.02631e6
32383.9
1.11634e6
762485
594180
1.27264e6
114127
308347
548338
1.30489e6
792942
713513
980835
101323
47363.3
477854
457652
33214.5
69112.9
933772
51789.5
145111
2.02308e6
1.07474e6
675054
2.1819e6
286178
980556
482310
1.1064e6
1.16487e6
689489
359111
718478
1.77445e6
640981
751521
866254
1.21777e6
527985
138188
41707.2
1.80218e6
6980.24
281698
492127
220248
1.59352e6
152517
154015
468446
2.822e6
181552
331634
505254
2.33786e6
405197
648075
547771
309200
1.02145e6
149511
57937.6
3.0682e6
187572
236882
1.20297e6
5.35693e6
265620
227999
449209
254589
152205
866713
1.50834e6
535647
125304
672066
348103
289828
761395
734851
1.79265e6
31431.9
57724.7
109913
9274.32
752870
3.14705e6
121802
737281
670787
296186
2.33658e6
505425
822436
434723
177069
92807.8
940076
88395
401728
39862.6
685788
234689
59905.5
1.00452e6
602387
602753
3.08713e6
1.9475e6
1.17056e6
119006
839002
261381
247981
674557
513532
12970.1
258614
2.5427e6
237715
1.46714e6
16766.5
848615
199960
1.33316e6
25463.4
1.06357e6
220194
290692
401100
60736.9
101878
86247.1
51174
207728
795314
368159
1.24162e6
946083
862344
848221
1.20591e6
1.35659e6
284833
805572
69305.5
466101
1.89575e6
313791
278573
1.27413e6
5782.91
5045.89
1.07797e6
110358
1.33281e6
2.71074e6
1.01449e6
1.33016e6
1.12592e6
1.80606e6
1.05074e6
1.02264e6
511732
348735
1.42204e6
148416
492222
1.25876e6
104582
1.35472e6
119128
416118
381733
46227.4
19368.2
1.09953e6
1.16814e6
581855
185314
1.11484e6
322202
1.00327e6
425330
262617
1.15322e6
1.9302e6
34778
318491
1.94904e6
1.16268e6
1.08071e6
1.03483e6
123716
1.51532e6
32733.7
902830
2.65468e6
48262.5
2.49523e6
2.53096e6
2.92845e6
146403
2.39931e6
1.72211e6
323060
607529
1.52625e6
495785
257991
204337
1.43431e6
1.69278e6
198514
879198
518508
134934
3.26703e6
726832
3.13964e6
439127
510385
637808
790758
1.29308e6
1.43745e6
1.01898e6
417182
316081
489398
789004
382402
598496
1844.32
482425
987975
119460
185766
767324
126024
196282
192796
27629.2
191743
369982
1.66422e6
79017.7
2.33388e6
1.31308e6
729097
236.101
409282
9937.26
736205
91802.9
1.47712e6
984266
486733
592909
1.45308e6
173259
337254
93417.1
652642
232676
64356.2
592528
1.75503e6
520214
148719
172155
1.94615e6
535004
1.39786e6
445357
294144
180704
1.38261e6
635515
589026
26975.6
533715
225010
938006
853392
174153
530120
2.3683e6
1.03892e6
285348
6392.28
85575.8
702993
286710
90316.3
136062
2.5938e6
943947
56783.8
241484
324678
2.08108e6
403366
689209
227883
10262.2
1.10065e6
96893.1
1.94096e6
908816
406432
1.68783e6
3.35276e6
1.87408e6
1.47113e6
132692
455437
813584
336039
220987
73743.4
1.20512e6
158224
242289
2.89204e6
366032
1.1179e6
478570
351935
545467
1.29452e6
757247
142002
863201
210097
501871
2.27324e6
2.79937e6
1.37266e6
145515
344087
448557
905818
291834
2.32901e6
584305
881847
71552.1
1.92583e6
991838
287917
1.76605e6
459253
609453
529012
1.01787e6
508418
122376
285352
397122
1.16015e6
781883
779837
1.51011e6
313848
275982
310133
1.01505e6
684513
2.17726e6
688834
904.948
2.66304e6
867224
899884
466650
4.50505e6
4.27146e6
208174
481815
548069
38692.3
91318.3
371422
358889
500443
1.34132e6
315532
1.22152e6
45494.3
73685.2
930473
87109.8
127542
130643
744748
947862
483082
211471
17364.3
1.78146e6
196342
908592
88588.6
1.00831e6
48982.5
1.59831e6
396166
1.29164e6
990600
1.12006e6
302664
1.47451e6
599076
2.00646e6
1.41569e6
955725
150279
14450.8
638094
2.1718e6
247672
1.14845e6
1.51995e6
1.42697e6
1.48701e6
36655.7
521846
643015
1.27254e6
722281
211880
198579
230.522
585991
133752
897713
1.78216e6
1.05303e6
488760
1.54662e6
14947.4
789271
965909
233163
969706
654521
3.37182e6
89026.5
242808
1.46165e6
376301
552627
1.29674e6
2.00771e6
999942
1.17536e6
644871
1.32083e6
1.09784e6
13665.5
67594.2
212935
838845
53190.9
543854
1.49315e6
1.1266e6
585223
981118
182616
809862
13954.9
90615.8
362378
533421
519747
536204
1.41525e6
181341
2.5143e6
40334.4
1.21697e6
759541
88733.7
502205
1.50612e6
154295
1.38993e6
5453.05
3.1484e6
2.09184e6
1.71786e6
2.01427e6
48759.7
2.87399e6
144407
139370
197836
33104
2.12902e6
908468
1.16094e6
429035
1.26165e6
134056
591379
2.33412e6
35314.8
450145
731156
672152
424110
2.04906e6
246604
27279.3
2.55823e6
50688.4
1.22022e6
1.36733e6
200979
514826
3.08026e6
2.32714e6
651015
260209
140173
855779
816394
231649
1.95722e6
150198
767513
1.36551e6
28540.9
286868
296627
564531
710045
2.82132e6
170975
1.05655e6
5.18213e6
1.71696e6
2.91089e6
1.33624e6
1.42303e6
961958
1.6737e6
2.29053e6
229335
323070
2.21192e6
40530.4
1.22175e6
17770.8
288375
1.04053e6
32857
73483.6
49976.5
638393
682528
451830
239341
2.12168e6
288144
1.59346e6
642553
904277
1.86034e6
244724
140433
59560.4
1.17316e6
2.55436e6
682511
1.52117e6
1.73264e6
852755
255002
427339
2.67034e6
1.01579e6
1.61364e6
38546.1
36292.9
36535.1
3724.49
85944.3
1.37408e6
16456.5
1.0684e6
44302.7
200553
1.53173e6
247780
467597
748963
268224
389502
2.2597e6
10986.1
132031
316120
268087
1.58289e6
1.23632e6
1.30636e6
406672
582121
746887
717994
797913
1.94664e6
2.34395e6
584236
318784
357300
849408
950020
443370
1.32803e6
503810
2.28067e6
212237
398042
1.11731e6
752432
39290.3
632093
270831
2.14479e6
163241
1.45632e6
2.43841e6
514394
573366
2.6744e6
352194
687755
114867
566193
937460
750109
418247
1.00967e6
363561
601071
180966
1.30171e6
2.77299e6
1.05628e6
559530
1.67103e6
262287
146267
1.06799e6
956891
132758
368976
391198
308710
1.22116e6
1.12893e6
825657