504.988
193.99
887.664
166.526
58.3911
89.0107
333.474
70.8383
152.453
695.498
152.387
74.1823
171.975
95.1654
251.438
114.222
488.225
212.138
1123.94
408.421
503.088
424.383
170.755
1289.47
181.83
425.846
554.754
248.985
508.998
1460.72
159.834
779.757
86.2377
219.167
322.856
289.127
46.8344
53.18
226.416
94.9521
42.7617
313.157
360.101
827.802
53.7645
345.253
249.576
194.831
394.667
580.857
293.628
445.132
125.888
770.032
433.493
137.698
260.68
478.056
102.227
263.975
594.452
305.543
126.643
90.1657
661.146
546.397
185.22
588.58
201.232
488.442
135.842
339.644
422.266
586.779
791.356
37.1467
463.317
100.177
168.331
835.522
488.865
263.227
107.812
594.25
343.631
151.206
113.636
169.369
78.7046
120.353
147.358
84.1836
1475.18
284.509
92.24
646.602
1174.17
221.277
163.375
134.576
179.89
49.3184
229.297
241.54
426.55
323.447
39.2566
325.392
140.948
392.283
47.8018
47.8624
915.798
37.8185
58.3801
221.158
213.826
165.207
65.0511
228.556
337.154
350.938
970.584
310.785
151.463
290.088
77.0726
132.675
191.994
1095.56
78.3019
286.521
136.867
540.518
266.389
199.536
229.064
591.133
192.424
317.979
59.8089
318.471
425.509
251.539
485.461
138.462
56.9477
88.4964
95.1727
190.197
315.479
136.205
205.682
238.223
705.684
333.956
926.127
177.103
51.1992
156.435
69.5093
215.663
310.416
269.237
1072.4
128.093
115.928
1000.98
27.9135
425.505
181.067
261.294
2387.08
304.462
357.67
687.646
150.722
239.206
112.201
615.623
293.456
129.677
220.204
482.567
396.418
225.579
345.487
218.237
1527.06
146.956
348.56
932.685
479.067
323.982
729.106
206.91
13.7909
336.584
163.66
173.998
507.539
941.69
50.2931
76.2156
687.842
652.947
684.132
162.611
211.977
359.876
106.088
422.068
268.649
808.147
107.005
256.413
330.829
941.877
185.107
1628.16
182.233
108.241
302.337
43.8553
123.892
615.136
210.049
575.388
58.4882
48.345
434.086
182.421
252.064
180.836
212.376
130.501
521.84
239.91
85.8197
103.795
888.309
85.2633
56.2321
489.929
468.746
217.354
459.34
274.323
415.608
428.269
234.973
197.098
102.199
161.839
485.571
104.256
364.784
204.013
128.467
226.752
108.904
171.584
250.935
297.929
1268.89
163.796
291.073
224.227
370.193
452.56
227.457
371.73
114.475
33.7452
330.936
344.718
79.3318
299.099
84.3892
235.561
959.566
40.0568
118.546
722.317
74.0265
100.37
266.312
91.1874
78.2845
219.641
429.552
321.275
104.861
597.143
754.506
363.114
362.59
258.07
623.726
45.7763
170.457
130.455
148.852
387.466
104.192
78.6361
71.4396
147.696
216.556
522.056
192.996
58.8458
55.2913
330.841
585.469
1095.49
151.01
107.699
1462.63
187.729
250.556
236.416
365.376
508.195
202.992
598.006
308.186
393.24
152.781
468.417
102.81
160.085
128.041
247.836
62.7284
189.886
174.212
329.957
450.385
54.9377
106.666
307.177
333.406
149.806
496.598
120.923
267.25
325.431
255.494
593.993
156.854
108.538
94.8077
31.7606
81.3205
122.719
173.708
47.7809
340.357
194.347
175.142
807.43
517.113
165.517
907.614
51.5431
42.7597
169.516
707.689
415.403
50.8023
388.192
266.284
195.144
546.045
432.501
398.117
591.364
69.4485
132.047
305.239
281.226
30.9068
57.6664
237.46
677.251
150.087
360.49
265.87
247.48
270.642
223.423
1166.51
554.606
127.802
44.3394
56.2668
603.009
267.369
545.369
82.7973
268.985
39.0805
51.7827
58.5218
652.706
167.932
74.277
1217.76
162.474
107.457
119.855
349.37
46.5866
126.985
55.2094
302.472
182.239
874.215
242.559
194.767
153.091
73.8073
1401.75
512.599
83.9334
677.6
447.169
307.857
868.877
192.374
258.33
557.864
66.0376
75.0596
298.003
139.027
461.728
1166.15
293.041
219.667
88.696
108.732
559.45
166.288
1118.91
199.279
747.823
133.143
317.686
273.715
165.735
178.652
147.601
457.538
565.244
151.59
297.559
540.818
47.0482
1122.51
79.0685
67.7948
719.783
499.36
99.5437
476.294
88.2913
470.305
254.043
49.1916
264.192
130.506
245.913
320.523
50.8869
381.484
629.203
791.024
49.2778
106.584
593.211
434.05
346.77
59.4255
106.136
155.864
374.732
70.8308
305.079
133.34
241.478
73.7816
182.652
410.306
493.628
179.555
318.987
181.999
144.13
250.129
229.949
139.621
333.73
107.516
351.2
422.228
540.722
462.486
306.954
172.102
68.1147
78.7572
589.725
174.975
205.334
729.484
46.0736
52.7893
477.15
399.151
1703.98
38.6169
58.4319
401.163
684.47
908.774
61.2887
117.973
333.38
359.333
200.429
162.801
171.654
200.409
338.337
755.966
726.047
136.586
296.18
147.573
135.395
92.2786
110.089
327.109
252.707
740.775
942.327
51.463
672.921
354.352
160.332
177.129
199.827
646.942
230.694
179.555
412.597
153.104
474.079
974.754
246.548
503.093
190.433
163.247
116.457
498.027
428.067
150.235
583.209
55.4646
344.911
421.463
317.69
71.9989
121.55
555.207
151.131
444.096
257.553
42.809
313.745
1070.91
238.09
648.757
551.315
158.362
345.69
523.262
206.973
158.86
167.133
360.394
175.237
40.1044
853.149
1572.25
57.8567
169.86
246.724
100.425
248.735
391.797
47.4634
505.662
357.919
38.6759
95.494
209.572
300.043
500.302
393.7
270.016
319.664
119.126
195.712
331.733
108.608
1520.44
773.422
1035.78
199.676
314.656
1279.43
176.912
357.139
63.0345
70.3516
907.989
299.925
53.2124
118.717
216.172
928.506
48.9835
1540.68
98.487
124.722
112.696
725.783
148.034
783.385
498.135
164.284
164.345
158.654
85.8641
490.613
325.338
72.3908
72.0003
83.3298
38.1464
595.203
331.444
78.6973
106.139
43.0468
64.1636
97.0061
647.58
607.853
607.651
786.388
280.026
35.0588
219.494
199.707
29.9471
714.234
121.277
174.565
203.715
239.753
85.0664
131.203
348.947
774.924
261.559
163.518
683.702
284.737
170.315
78.056
69.8918
217.107
378.346
818.25
441.573
890.724
815.816
1132.68
322.381
317.387
80.1309
511.9
116.144
414.735
275.841
1070.56
1158.98
98.3878
459.276
632.412
640.277
772.741
319.871
203.628
195.183
63.7406
457.085
204.184
464.875
161.63
463.018
333.395
752.609
131.902
2032.38
557.729
1063.76
75.4722
158.831
77.6215
31.2792
236.359
95.3438
502.204
754.695
243.052
328.841
365.963
248.766
66.3006
133.851
404.672
334.359
133.6
284.8
40.6472
749.486
100.069
291.905
255.09
369.716
502.153
56.9282
395.372
563.218
244.097
142.824
229.595
57.9717
30.3993
478.918
116.834
542.049
155.511
340.277
427.293
129.24
88.9728
185.947
335.121
487.26
390.447
96.4732
504.892
634.822
185.144
569.858
125.544
560.472
66.0464
693.711
298.717
474.757
664.987
154.876
921.299
519.645
68.9924
153.699
194.491
237.9
212.676
379.831
255.24
442.304
321.291
1059.3
232.4
380.827
221.111
893.133
207.034
348.726
239.532
68.0919
646.654
297.129
875.412
1381.16
1007.24
176.002
191.871
290.036
359.01
201.036
283.973
148.906
236.391
201.931
131.049
332.532
167.642
565.256
343.632
178.378
217.929
131.579
592.888
306.719
188.684
268.908
756.183
1072.82
386.827
190.516
535.989
184.136
56.0243
60.9507
346.143
235.609
137.788
368.615
77.6658
609.128
206.659
163.005
215.397
350.491
29.6378
134.742
367.532
88.6623
259.246
141.971
217.334
142.215
499.22
166.372
233.482
284.281
66.4165
45.1901
49.4955
230.473
281.694
131.922
1276.73
117.954
76.7146
72.9424
193.596
69.6254
362.055
309.901
475.587
503.225
131.514
206.989
827.499
66.152
926.464
121.082
249.059
156.991
296.517
230.352
416.685
457.015
220.114
168.376
126.376
133.805
135.466
521.845
275.394
328.181
806.754
316.882
799.815
1308.79
336.679
753.268
361.077
53.2944
207.699
942.585
433.36
254.72
88.2856
395.521
566.606
113.845
1027.84
51.6423
420.252
423.374
104.963
63.7679
557.861
182.781
92.0883
48.0327
161.868
822.896
105.162
528.999
297.058
38.8913
547.022
125.837
708.315
241.847
812.728
198.699
300.966
38.762
377.059
392.442
354.483
719.572
69.649
92.6447
104.508
206.751
101.959
585.411
389.56
31.8499
88.3551
243.448
678.246
141.792
89.8601
312.432
128.664
1012.32
295.79
58.5493
233.318
1189.21
523.428
208.004
498.953
203.562
167.334
251.316
24.6346
584.329
853.081
118.258
257.165
328.596
173.804
330.569
598.597
89.9368
110.528
337.574
186.007
82.81
399.597
602.756
29.1597
646.441
785.202
844.641
634.637
28.8198
630.387
137.173
480.12
222.689
116.616
106.848
61.3868
233.528
98.7892
55.4969
45.3524
237.497
64.284
413.996
831.883
147.313
1030.02
377.507
70.1419
161.101
372.345
184.178
89.3137
74.0561
549.476
119.922
393.592
300.407
151.783
84.5205
89.0455
1223.13
208.456
568.052
819.278
89.0595
62.7952
919.431
381.361
383.236
345.673
567.042
156.347
498.429
409.204
438.985
338.119
81.8431
552.478
77.3405
585.424
545.402
210.056
377.871
594.963
73.1188
171.432
93.3148
250.263
206.482
781.178
268.013
683.768
74.279
98.02
248.49
469.495
453.095
389.484
213.723
1030.73
326.611
47.4321
141.156
396.29
595.829
786.273
346.196
68.7999
967.647
246.217
698.473
464.05
175.495
32.8187
78.4562
116.801
64.4452
590.331
142.361
168.596
224.328
429.756
66.5568
140.079
166.228
569.989
535.012
44.4047
154.356
547.482
436.528
226.514
523.136
390.877
121.629
179.198
315.429
166.332
88.687
182.815
56.3836
68.2151
61.1463
493.226
85.3063
1762.34
294.45
233.86
389.444
1088.54
342.242
165.497
634.964
810.615
234.61
537.571
601.328
468.502
787.404
203.83
535.483
271.738
305.621
606.301
306.598
903.76
677.952
273.805
118.224
316.648
24.9157
482.484
688.512
300.142
464.858
928.082
189.951
459.949
89.0984
284.053
183.068
132.538
271.463
60.9839
103.795
224.425
148.087
115.535
51.645
99.4772
186.284
77.0219
293.99
238.723
748.493
93.4817
59.0019
182.848
542.182
500.83
260.05
168.073
630.204
744.446
164.243
361.901
525.857
177.764
28.3409
159.758
126.479
928.193
1100.17
535.842
85.6436
501.545
687.934
50.8077
665.483
252.549
177.352
1094.9
785.533
662.743
392.408
541.604
200.503
197.509
71.5753
64.1721
80.1098
54.1557
142.09
96.4507
76.8276
584.635
842.288
57.8753
95.9664
170.293
322.938
213.491
64.9964
396.62
254.368
42.268
31.1686
168.872
118.161
809.402
299.811
235.297
228.105
149.844
49.0367
905.447
1056.29
153.199
333.794
422.943
191.568
204.69
338.381
84.956
292.121
25.3485
130.194
241.57
334.469
188.593
408.159
290.063
247.222
682.139
248.562
829.785
817.141
434.002
435.888
189.139
225.841
519.709
434.858
179.783
529.931
146.797
102.412
157.613
553.354
428.195
82.0622
678.139
415.518
146.298
60.8348
32.5401
440.244
101.118
221.02
1038.85
65.6847
149.984
206.283
148.227
50.7805
445.578
45.7085
903.802
61.1056
541.408
231.399
732.191
47.7105
107.326
377.58
238.406
1204.08
490.401
294.039
66.6016
262.284
234.005
209.958
112.516
314.607
318.241
502.404
2466.73
72.9784
197.349
661.944
29.7621
105.152
122.485
410.781
48.13
669.873
555.215
352.445
688.151
80.1979
109.197
989.502
473.8
330.486
255.093
126.387
219.722
285.824
110.761
127.987
144.174
72.2313
500.124
194.093
970.765
448.185
83.4737
275.962
141.532
306.678
116.406
131.591
259.997
225.863
156.657
359.5
420.485
58.7476
526.761
60.8608
541.081
881.744
122.806
523.268
35.2163
198.539
203.505
111.655
186.772
353.536
274.238
22.7074
194.399
209.643
464.246
470.073
110.751
571.601
190.175
262.908
327.852
143.08
177.058
78.987
101.702
286.347
238.077
140.927
217.497
548.329
591.837
236.858
698.241
60.3276
636.009
29.2112
630.643
74.7966
159.469
372.282
552.175
159.623
918.681
951.329
103.029
498.065
100.213
498.99
24.7609
467.203
285.778
96.4803
1206.33
129.91
72.3242
420.601
346.306
330.794
660.798
1199.43
68.7714
76.5943
101.063
63.0791
35.6693
359.248
441.243
729.696
202.986
198.103
658.9
1028.84
44.0399
410.877
266.736
96.4172
321.399
162.122
289.874
140.952
68.056
750.847
160.714
445.074
201.975
209.62
17.3091
134.928
349.216
154.239
830.044
108.287
89.5303
284.298
615.801
149.611
143.713
611.908
116.368
191.843
442.801
177.641
655.766
402.485
1203.64
32.9308
339.544
287.741
298.851
693.854
139.403
77.9481
139.269
1052.11
903.481
127.952
66.674
186.937
541.51
861.487
240.185
254.86
481.865
239.277
46.1159
173.046
62.2692
949.067
93.7028
623.59
67.802
317.807
304.24
53.6764
119.285
276.31
914.634
101.451
540.761
119.424
106.97
178.142
280.169
291.761
479.007
77.4473
126.256
195.355
275.957
417.694
100.596
254.433
84.4959
339.889
583.167
601.289
124.986
121.968
399.46
270.318
57.6737
148.227
237.383
69.3929
177.767
287.71
422.904
246.221
208.876
94.5789
80.4238
297.337
458.309
88.9217
113.942
467.694
479.071
65.3224
122.026
348.319
513.829
243.11
281.404
148.994
848.273
93.2909
377.301
51.0394
138.828
361.642
759.471
532.452
113.982
104.679
142.003
282.899
82.9826
77.2056
72.4335
564.334
966.529
214.03
36.7581
90.5691
459.308
437.105
274.796
374.879
200.383
84.5876
647.222
554.151
95.8897
283.123
155.027
248.865
374.946
366.991
190.711
287.763
42.0254
103.575
83.3203
354.035
89.1296
185.594
65.8137
271.179
238.233
131
451.677
979.202
210.928
269.359
388.275
67.6797
1075.08
343.619
49.3707
125.693
184.864
54.256
315.422
508.615
671.589
546.047
537.228
59.7888
585.432
202.311
106.291
81.802
134.632
328.875
473.194
155.964
175.852
433.906
180.84
47.7142
59.2969
663.784
96.9001
60.2215
388.054
197.077
237.649
339.454
444.935
638.288
128.654
47.2736
794.516
257.674
689.28
621.647
167.437
283.231
85.4103
302.398
37.6937
379.43
95.5904
55.4123
67.9377
246.77
245.23
49.3971
268.407
418.958
1012.54
800.49
269.479
394.865
188.155
60.972
778.557
1371.38
517.704
258.975
214.393
423.242
88.6538
322.982
106.349
341.035
182.243
112.176
436.317
87.562
407.52
195.801
152.597
717.386
157.763
165.796
170.337
230.057
177.557
199.391
559.793
1241.48
249.813
628.9
620.493
73.5211
157.386
274.676
186.41
151.242
1061.59
474.73
902.327
102.451
60.0716
106.934
213.198
613.211
434.829
283.163
283.571
55.7247
2321.06
597.967
57.9947
50.6253
254.332
98.3247
107.359
151.134
137.684
95.6115
283.916
269.518
1310.87
52.7993
154.386
569.885
262.704
167.423
214.661
38.1347
459.946
262.981
110.057
21.4806
205.656
243.637
132.894
81.4813
141.714
189.371
232.061
196.563
178.969
197.09
230.352
706.022
562.743
206.806
233.507
99.7899
284.155
924.036
200.721
129.124
165.003
42.1681
173.407
193.796
92.0908
91.7241
106.356
131.322
108.888
244.499
259.93
390.173
55.0395
123.106
393.881
71.0507
134.8
508.273
143.553
506.662
159.776
79.5351
111.922
213.473
683.458
102.25
77.4252
561.814
114.735
272.89
83.5734
795.276
297.575
135.704
228.553
51.3
56.9558
714.336
276.424
72.2191
184.464
1166.27
67.083
90.2219
920.979
310.155
515.287
372.816
77.7958
536.702
227.375
375.96
484.792
154.365
127.724
158.23
488.302
165.842
882.951
1196.03
167.926
397.02
271.177
56.2475
70.5125
175.047
1377.36
222.181
277.187
60.0964
165.687
436.555
604.496
51.2418
298.203
464.359
153.818
156.421
63.0459
57.099
75.2141
44.6602
158.28
430.079
133.806
264.183
389.715
154.682
256.419
548.304
87.2623
255.947
175.731
363.019
89.0059
40.179
830.516
111.417
53.5643
318.691
848.817
766.362
428.262
315.794
166.629
117.234
398.489
153.478
130.196
34.9574
660.812
289.345
157.612
215.116
434.133
1397.65
42.3544
571.127
417.343
140.181
432.668
33.931
655.389
269.062
487.749
129.484
150.278
151.542
141.246
54.2429
67.0964
220.085
403.336
738.095
169.715
293.384
398.684
965.96
291.455
122.025
136.528
126.247
396.785
1143.82
564.228
257.811
201.03
253.206
229.32
112.171
191.172
617.58
183.291
147.246
68.6849
247.662
63.6309
206.115
78.7188
17.4292
74.1965
159.907
19.0274
200.649
226.48
108.769
414.06
676.725
173.44
330.689
509.509
927.93
96.1842
713.022
437.452
172.144
119.553
522.777
513.339
165.037
61.8937
162.694
134.081
207.507
132.043
356.328
366.137
43.7144
65.4273
848.15
49.2953
719.44
57.6467
23.8616
298.311
321.055
626.617
239.593
1936.48
184.723
111.097
117.636
304.417
90.307
365.028
158.937
274.63
60.424
184.374
32.4627
200.666
161.767
270.653
70.0974
452.024
846.291
171.221
90.4167
440.883
314.778
50.058
186.649
231.247
129.025
223.283
317.558
328.397
910.127
284.612
55.7027
86.3414
219.649
184.168
112.274
122.026
269.27
824.87
160.966
577.506
219.823
33.4722
168.32
181.013
222.505
423.511
86.4574
121.488
369.609
147.74
291.561
521.557
163.852
464.202
157.766
221.761
296.669
32.0723
432.708
497.85
470.71
137.468
217.777
607.447
328.728
78.0082
506.746
159.513
137.367
839.979
163.309
189.417
273.657
301.189
202.103
28.8007
144.969
1166.39
590.107
1178.03
301.234
481.57
562.739
174.604
131.608
630.367
76.6382
219.268
463.941
80.6316
2247.24
279.024
134.398
73.984
161.903
291.717
369.564
93.7084
153.008
361.851
261.24
485.499
68.4486
285.28
51.7737
96.0697
364.938
50.5292
363.254
193.06
478.908
156.647
140.123
84.2343
593.511
280.068
112.504
168.916
957.218
592.755
126.304
479.656
176.503
864.778
376.591
393.866
447.289
402.453
182.513
171.879
29.4868
44.6846
108.926
87.8987
166.825
1028.34
261.628
245.541
179.247
462.829
99.9963
45.639
547.336
197.492
57.9884
537.199
191.435
246.884
470.902
464.091
275.514
59.3104
808.505
130.129
249.644
985.032
193.877
74.5127
518.972
568.12
175.719
210.173
213.267
1169.35
67.112
148.342
187.063
245.373
162.73
232.889
125.214
493.552
63.1918
296.331
203.668
100.706
98.9692
689.845
1215.38
453.468
496.957
31.7325
171.988
103.552
191.721
20.9546
1105.48
513.351
363.012
274.513
330.968
236.604
59.1304
262.781
945.615
409.099
642.283
41.0711
130.921
245.62
362.758
307.274
339.279
171.776
307.085
66.3679
1275.7
74.2882
328.062
975.267
745.696
477.815
136.596
683.311
54.792
187.822
54.224
534.344
1168.84
436.249
132.708
222.726
130.946
413.111
253.914
326.411
361.08
125.45
78.5439
203.941
87.0722
312.842
816.288
129.021
224.09
471.888
233.231
186.445
532.432
80.8156
431.73
211.402
444.317
39.0339
513.543
121.067
37.6931
104.187
43.9476
598.847
71.2171
52.9614
555.66
83.9975
61.6742
651.622
272.433
435.557
161.177
257.963
348.87
111.137
43.9031
137.121
171.268
288.062
103.936
212.363
121.933
431.303
325.319
150.321
275.564
149.429
1176.01
224.006
150.537
337.857
94.7601
371.571
291.424
267.455
119.447
158.113
150.715
193.699
296.377
275.676
607.791
233.032
456.076
134.095
820.444
507.506
195.368
196.033
89.6777
507.432
628.003
258.741
511.824
56.3775
360.807
460.974
530.263
307.256
80.5581
237.579
113.237
60.5373
230.14
66.012
84.1605
452.224
178.467
244.743
362.528
93.0845
533.188
173.601
109.555
214.009
640.917
178.316
144.514
412.09
528.367
71.3339
242.917
171.621
697.147
1123.78
474.966
169.808
271.286
448.4
74.5307
628.023
59.9191
231.836
940.523
124.148
146.369
32.5424
131.927
48.916
126.231
1271.23
1106.71
36.4261
446.123
359.846
210.117
132.618
503.351
503.27
102.164
140.642
123.42
756.12
719.251
147.377
362.988
663.457
96.7218
214.583
391.983
39.431
335.017
278.756
107.666
1001.02
239.123
308.745
271.841
94.4346
218.039
1316.74
138.664
1236.04
380.291
167.001
69.7684
309.305
967.529
737.492
195.07
121.965
555.703
526.128
217.165
386.146
127.626
137.211
397.51
179.223
455.754
196.125
275.155
275.208
546.089
838.371
75.817
282.433
213.088
121.259
145.272
285.718
463.693
1118.83
944.515
176.137
135.872
65.7691
136.602
246.114
97.5303
548.418
297.208
39.3417
61.184
585.708
36.3455
415.24
666.672
259.046
401.224
179.513
268.786
469.024
100.116
224.1
201.289
199.013
267.991
232.482
236.392
184.43
116.231
1053.16
149.6
100.929
75.2437
501.092
418.19
708.234
700.186
429.123
418.906
112.833
102.103
43.7763
836.452
445.502
336.015
447.778
254.555
79.5279
129.619
578.381
36.8694
302.209
176.415
671.011
121.158
180.582
511.157
46.0724
107.22
127.652
778.903
292.909
156.935
220.485
527.355
511.303
178.158
343.853
575.951
286.417
139.574
58.0293
192.769
441.402
485.568
32.4452
521.303
293.597
183.731
222.557
229.362
654.198
77.5348
80.2079
768.717
240.643
741.843
91.3651
342.188
26.2349
333.26
211.549
100.393
361.096
90.1441
634.77
430.649
225.382
579.255
189.704
770.401
286.921
88.6628
634.965
168.86
263.036
47.4461
341.962
1048.47
279.965
284.899
851.873
120.743
142.549
76.5282
374.584
220.782
764.64
124.373
92.9215
187.506
81.2493
175.715
204.965
634.668
45.4509
257.251
962.282
37.6624
170.973
463.915
65.9705
123.272
20.531
76.8524
380.847
308.184
412.202
125.102
97.1125
158.279
660.839
142
719.36
533.318
235.106
312.85
473.408
89.1485
567.309
376.302
987.862
389.138
1160.79
134.352
509.812
112.551
219.955
336.965
503.3
71.7439
24.639
308.276
887.3
611.971
166.131
935.269
114.139
45.2244
113.73
448.74
237.498
548.229
1146.37
304.899
927.437
174.945
741.106
110.355
416.367
977.297
96.2859
300.261
106.989
395.259
56.6705
253.611
228.325
234.429
352.236
286.738
264.939
355.994
1251.51
255.108
70.2121
746.061
146.282
213.239
92.0301
175.632
122.213
113.33
235.533
109.315
340.638
331.29
345.505
420.669
443.547
450.579
783.904
676.732
63.7652
1102.71
51.2278
67.1709
102.03
90.8426
452.473
481.958
552.438
79.4618
287.096
737.229
84.2653
183.387
35.1109
295.215
118.578
157.941
443.289
136.917
368.716
269.444
679.797
211.296
479.803
151.741
175.996
416.675
45.2094
349.081
249.8
928.342
21.2814
285.084
366.989
234.5
64.3995
195.614
214.143
134.678
1068.08
885.028
370.912
412.022
855.864
478.548
698.726
187.321
116.108
116.895
175.612
478.89
66.6358
49.6368
53.3894
80.1383
287.11
54.7733
290.604
232.857
127.692
76.2747
619.164
88.8111
301.021
261.897
121.83
253.451
57.2257
583.795
1540.96
186.516
39.5518
679.078
477.526
317.295
153.252
180.4
257.871
115.744
662.045
797.769
87.2837
27.763
1183.16
327.289
68.9614
1346.13
323.31
105.158
1226.31
132.004
201.519
463.406
448.323
350.845
326.377
450.78
59.1491
1507.99
196.586
65.3839
73.0393
383.48
310.505
43.9029
40.029
99.9883
58.1882
173.19
200.714
589.816
651.837
601.179
421.681
499.235
107.513
255.985
495.835
53.9975
341.326
125.3
80.3938
888.997
74.1692
301.025
139.336
1115.35
485.531
192.949
474.75
456.448
1315.4
250.528
831.338
166.433
193.86
157.608
132.433
217.167
288.096
815.684
1226.02
448.291
118.707
41.4413
158.826
163.003
401.484
921.421
1027.81
291.281
240.666
135.035
145.81
69.883
68.3948
203.257
334.148
392.702
119.336
315.971
214.57
65.9086
345.926
218.684
176.579
783.883
81.698
773.839
255.498
76.9606
378.501
139.851
155.381
384.826
375.171
50.2371
176.95
498.293
1347.64
708.66
139.501
178.835
304.965
636.394
54.9361
160.928
85.7636
287.099
175.861
135.729
310.212
206.791
372.393
284.427
630.024
375.704
262.84
160.627
105.991
41.5419
106.909
2155.37
54.4528
139.048
133.078
91.6789
103.057
507.787
471.688
65.0307
429.285
302.788
91.9952
30.3973
947.554
666.324
494.113
151.489
101.508
694.707
721.115
1205.58
353.102
426.796
116.969
256.558
692.847
320.334
881.653
119.427
395.224
373.166
344.544
101.88
1094.26
1313.26
158.591
204.303
165.492
475.909
635.427
584.95
23.3987
348.237
83.2436
182.62
560.553
248.916
1079.89
26.0157
1300.99
250.485
55.3548
566.797
170.751
155.404
63.7823
202.979
1038.22
232.685
341.8
45.6461
473.885
192.871
287.182
161.522
45.8768
61.8551
258.103
270.433
77.7778
377.978
214.232
57.0546
922.052
327.257
43.7064
238.346
49.3321
201.143
313.164
352.839
230.938
174.113
513.979
183.55
84.4841
372.228
127.719
120.766
51.2121
107.188
1684.04
131.852
99.6834
140.554
287.957
308.081
74.2867
177.657
379.779
486.711
102.878
876.362
730.594
135.526
159.126
561.891
231.959
318.122
270.988
913.075
410.426
419.936
182.412
221.937
364.684
624.643
516.654
989.121
603.49
231.287
519.881
123.763
81.0795
419.988
823.768
1174.6
130.004
887.735
248.031
63.7399
204.393
433.518
130.676
36.997
569.094
154.101
253.44
112.046
219.346
669.851
93.2603
456.36
221.02
181.264
56.4918
127.354
135.177
65.0697
465.084
741.42
954
145.608
796.879
116.986
324.498
295.234
485.735
83.667
150.914
595.428
417.564
1521.62
960.894
490.898
171.775
225.238
385.706
247.106
565.318
381.773
196.596
127.304
70.6469
241.329
146.772
99.0731
283.454
174.356
268.721
372.103
745.232
505.668
72.6064
57.8149
541.359
150.582
106.935
400.658
165.475
827.935
77.0424
1140.3
1217.33
235.973
335.705
75.7067
232.248
186.676
544.093
484.605
127.824
644.701
232.2
61.0719
164.661
229.783
591.939
525.838
271.473
1842.24
335.779
167.121
81.8535
350.253
336.34
175.795
524.048
399.963
629.706
85.1406
168.859
389.657
872.356
131.634
165.499
279.45
173.561
127.177
51.0207
49.7074
341.123
266.401
137.287
66.4802
449.248
255.577
149.008
70.9898
309.132
596.607
449.561
278.33
403.049
309.757
203.386
285.112
182.988
152.534
122.424
293.391
492.084
118.165
231.527
241.854
1499.46
706.472
135.043
357.126
167.851
45.7408
133.368
127.282
908.427
122.567
138.596
200.07
314.772
183.873
112.546
284.113
286.862
281.198
765.68
147.154
56.9813
98.8815
321.082
226.929
797.641
993.038
236.347
130.825
673.594
270.246
45.5985
144.075
469.94
238.547
242.042
260.56
112.995
133.921
142.035
1226.63
535.524
327.269
101.336
216.281
73.7294
506.382
83.8585
306.841
496.789
353.762
282.001
197.462
129.182
119.471
285.339
163.436
92.2412
605.336
53.7056
174.396
35.5193
81.8566
301.833
50.8909
118.968
212.538
622.067
743.546
272.94
82.5231
485.365
286.114
291.788
143.404
506.558
408.35
274.454
321.131
48.196
1641.68
461.311
789.834
233.232
276.383
735.925
235.441
214.317
464.446
107.131
451.1
649.843
160.998
753.728
519.706
241.437
190.397
284.263
73.9706
228.518
115.886
42.2653
209.345
124.237
158.316
444.932
187.082
200.631
162.697
454.257
788.205
902.887
47.1855
127.769
82.5256
685.072
64.9528
64.919
666.351
368.399
167.97
226.873
415.459
144.298
116.664
656.361
115.609
94.8299
110.851
73.3542
363.89
177.096
104.989
73.7311
185.516
59.9257
54.0788
192.365
370.944
385.284
92.8691
78.0582
285.466
30.7507
330.228
78.3913
219.265
53.3189
764.586
73.1636
81.6923
87.8991
58.7233
1031.23
259.91
1040.46
587.72
640.88
147.901
196.538
99.2067
33.7419
154.975
1893.2
1777.94
135.296
125.654
720.554
348.486
273.46
329.931
607.281
476.456
139.284
104.253
372.163
116.633
374.456
868.68
425.665
100.016
86.1536
97.1766
265.749
902.133
766.446
483.195
72.4794
160.06
571.673
143.431
236.721
68.7237
912.955
85.0823
132.616
33.5494
250.067
254.014
287.383
106.237
76.9573
119.566
1003.49
177.698
36.2954
341.234
150.378
491.039
71.0131
302.41
203.601
1437.24
187.463
451.245
141.934
215.01
188.286
168.05
353.038
498.105
283.46
55.8548
355.633
294.298
276.989
167.602
174.171
247.279
296.596
331.241
255.206
510.763
190.544
222.795
176.72
528.4
341.375
39.7612
665.444
689.123
312.927
82.8964
144.178
166.166
115.769
228
967.529
74.307
106.285
492.03
314.863
1057.79
633.318
420.083
370.431
126.025
902.96
585.56
383.283
47.8066
337.422
29.5067
248.734
78.8992
45.7718
425.044
212.922
412.892
101.858
307.665
375.39
1483.82
231.726
391.232
453.779
248.857
116.54
131.7
816.072
573.343
931.785
262.098
332.269
87.3213
433.759
112.513
83.2829
126.243
571.925
727.724
230.749
696.682
418.152
405.597
424.34
72.0885
201.219
944.253
607.741
489.759
60.7079
350.915
594.039
287.737
15.0063
295.416
153.086
144.686
86.516
346.756
390.163
437.644
32.3203
68.2279
193.113
135.67
100.771
96.0951
366.16
291.697
324.258
242.738
158.415
91.7007
438.262
51.1936
68.8641
467.847
135.51
214.549
619.902
237.268
277.149
40.3249
305.183
139.527
69.6069
132.398
700.414
1044.1
66.2258
595.229
644.53
47.4579
43.035
488.906
1663.2
319.498
790.288
191.426
176.885
90.9068
429.177
223.121
118.115
485.057
694.627
128.893
431.58
318.924
282.486
96.3552
61.5443
922.894
617.847
209.9
219.07
627.077
175.582
120.924
130.823
1123.85
84.3572
42.1047
394.457
169.524
331.94
289.172
357.234
384.866
194.985
86.2596
674.181
110.119
251.364
308.033
69.1491
255.252
469.211
102.962
162.036
182.475
91.4226
236.796
613.296
147.046
212.449
230.358
735.946
439.386
244.105
158.478
328.178
108.128
194.688
308.038
110.492
247.728
29.4852
96.2577
790.948
156.479
511.421
396.3
200.557
185.001
86.4265
800.33
1411.36
237.052
102.205
49.5748
131.858
240.268
188.99
193.342
220.867
326.989
87.6172
79.5384
87.7283
665.612
314.831
193.242
165.248
625.588
247.453
204.899
547.459
51.91
604.724
229.382
103.154
126.341
124.813
42.062
136.338
190.16
281.086
211.027
361.781
293.43
674.308
125.117
112.139
184.902
72.6678
192.825
134.1
93.6251
216.606
97.679
134.013
406.295
39.8758
254.02
225.662
178.506
302.017
279.949
500.541
306.017
401.095
719.596
202.17
339.108
83.6521
322.456
86.5341
89.7039
152.314
252.007
213.276
68.9946
111.167
241.743
385.816
781.334
243.404
269.291
499.525
399.266
329.634
229.376
914.281
1436.92
243.956
118.75
507.136
56.2009
465.827
157.029
252.051
85.2285
309.072
176.184
469.691
568.28
104.169
352.8
497.214
319.961
815.604
254.054
307.876
137.711
257.939
61.2884
182.397
376.94
99.7035
604.91
527.247
230.934
97.236
110.023
367.865
365.228
458.762
351.34
260.62
34.934
84.3774
45.8762
394.224
153.454
151.514
563.356
220.661
172.23
346.507
250.371
188.133
278.172
78.7796
334.998
342.556
268.509
34.9195
346.198
218.14
495.487
85.783
147.034
136.509
44.2208
75.7509
894.9
362.888
421.473
67.1032
89.3156
1118.16
395.479
186.027
426.5
278.972
55.2237
370.822
667.716
160.605
277.43
566.434
942.204
113.899
793.423
43.5425
224.582
176.228
134.363
203.341
70.0572
691.965
178.975
239.112
222.099
46.4363
322.638
315.915
204.075
58.9428
369.1
806.672
664.898
557.525
132.984
590.939
295.096
262.831
170.744
150.156
137.052
226.143
79.5553
769.933
102.159
345.794
186.9
520.734
432.53
297.647
234.125
315.289
325.662
466.608
233.104
142.738
148.466
566.126
155.501
175.028
401.804
539.034
906.618
123.626
406.31
1516
253.012
167.341
420.648
59.0699
562.895
138.167
84.9319
77.4568
319.048
124.901
583.497
239.564
94.4118
426.923
428.848
647.377
871.958
431.437
404.776
91.8786
91.1567
258.981
754.393
92.5619
406.679
226.373
387.199
102.961
293.65
118.724
1282.96
234.771
240.531
176.336
216.503
766.948
176.118
262.786
107.658
510.959
86.89
348.308
280.212
306.849
41.0198
79.1792
109.898
47.6717
806.289
231.585
470.418
71.0421
176.939
473.223
437.302
77.972
407.359
72.2761
723.857
70.1148
509.901
139.898
202.718
141.135
545.941
512.421
253.403
148.192
1334.6
56.1257
82.2579
87.237
410.707
108.579
699.483
161.592
928.279
454.728
255.443
199.535
73.1341
251.114
533.587
201.044
127.112
370.568
64.9571
100.698
560.18
53.6126
1135.89
124.453
191.396
861.149
427.151
1154.65
172.624
835.239
1117.53
39.2105
413.538
96.0455
46.0142
973.631
430.663
225.737
167.572
51.5629
477.892
164.315
100.331
97.551
114.275
863.809
360.894
173.042
106.571
292.721
95.9972
188.623
168.766
2311.42
69.999
82.9644
197.964
266.361
306.506
593.926
269.452
250.936
71.2226
238.995
336.654
149.322
91.9211
91.6869
969.561
102.103
575.033
42.0057
110.35
370.598
795.923
110.91
155.945
161.784
238.48
1085.01
210.598
815.045
81.1573
236.587
351.813
1185.19
235.516
288.179
459.285
866.777
57.7758
310.618
130.149
228.667
769.906
369.458
377.615
284.24
223.421
854.644
1061.12
84.5262
107.992
274.367
590.794
843.693
59.358
341.165
294.709
96.4887
49.2748
350.147
80.809
139.181
110.525
338.727
673.607
1073.1
61.3534
148.859
386.287
321.929
227.36
106.199
82.4247
1401.25
118.6
209.866
499.815
551.644
107.951
305.768
221.047
97.5841
38.5189
143.017
541.967
898.254
85.8955
98.2795
58.7589
296.532
47.3696
326.129
374.337
459.546
251.94
210.748
106.389
132.42
90.6272
121.641
264.721
179.072
262.261
193.983
724.778
324.64
255.104
1824.3
988.932
500.304
387.046
467.541
214.882
156.391
441.702
780.327
932.057
220.345
544.733
298.603
189.739
140.352
117.473
195.726
511.294
194.198
123.8
162.714
189.492
280.005
178.941
201.238
176.934
398.856
179.96
735.061
573.58
176.761
617.475
439.242
244.596
1046.06
180.36
60.5335
290.32
462.56
170.857
126.596
172.32
467.299
257.611
55.6004
357.389
182.704
386.856
439.89
176.902
163.283
289.171
188.179
527.896
229.035
112.561
392.497
315.493
171.845
1140.07
224.666
64.4437
47.0945
136.612
483.343
145.281
354.17
110.335
78.6341
1330.65
112.425
49.3851
309.294
59.7308
104.092
955.538
308.423
516.583
431.057
84.3278
507.332
218.849
190.852
294.713
198.114
376.605
466.824
1186.75
113.121
653.111
685.563
229.293
327.997
251.254
190.004
145.5
673.41
125.249
771.586
77.6597
997.943
138.885
92.7119
148.478
296.243
63.4668
1176.43
346.931
586.573
299.864
60.2881
64.744
315.849
377.548
341.85
349.031
346.85
79.3677
204.356
46.1593
210.902
215.378
645.094
218.061
210.88
110.582
246.698
155.936
407.6
83.2261
126.286
217.672
294.091
554.006
571.688
368.591
170.081
521.478
189.074
345.003
126.015
435.799
44.5318
198.138
303.618
446.496
56.8297
400.674
734.327
61.7337
917.24
501.505
209.593
394.632
450.272
98.1828
314.275
96.7113
726.993
495.11
34.7852
152.833
545.669
102.644
176.698
715.282
96.4645
1293.74
88.1867
43.9516
411.678
412.054
216.089
1006.24
408.373
240.884
498.485
188.983
40.9232
603.001
108.656
165.855
119.923
185.652
216.719
97.4027
70.1182
76.3074
375.954
326.062
133.615
1629.29
152.247
429.807
109.813
1022.68
221.467
548.412
475.813
2115.67
466.792
126.623
332.754
501.653
88.4862
164.868
75.2158
234.263
443.19
509.852
122.778
301.217
272.911
956.858
225.576
242.381
413.739
178.383
1342.61
141.316
297.016
1125.56
548.5
43.2273
126.688
510.076
89.064
132.868
321.841
191.813
223.067
563.471
354.651
530.802
45.4556
616.71
109.088
36.8691
46.9991
93.2372
470.651
525.233
435.767
577.588
343.607
96.9564
318.193
521.445
749.21
495.57
108.15
162.905
31.4811
247.568
313.064
306.543
544.949
419.477
150.318
521.577
123.172
241.232
236.442
421.441
107.39
92.212
152.029
180.466
108.566
542.485
704.638
466.022
174.733
238.643
416.281
359.665
467.288
589.289
70.3366
189.671
81.2984
135.135
1058.04
28.9037
411.449
128.028
129.606
131.171
271.318
21.281
316.5
105.975
347.403
1483.64
739.078
167.51
233.974
203.037
238.99
333.86
202.136
192.879
56.2566
79.5183
210.292
250.981
832.754
57.9402
644.924
34.6913
44.3291
171.306
224.07
448.753
448.067
43.3141
192.072
153.313
231.095
272.101
531.444
477.831
125.922
70.0498
94.3123
19.809
1195.61
236.946
908.963
454.62
86.3614
84.699
507.652
21.0762
500.291
284.582
521.387
319.857
344.404
144.766
928.328
1124.7
407.78
511.027
403.741
197.07
128.225
568.559
289.511
326.585
790.043
357.524
229.88
388.918
354.306
501.148
1567.94
137.519
346.869
342.929
58.2796
71.8685
343.302
97.3076
260.265
829.117
188.978
32.2583
103.104
143.74
66.1066
28.141
103.729
726.471
267.853
239.347
553.336
920.7
352.17
117.229
1369.33
1411.9
430.941
917.348
389.717
1678.77
483.124
403.805
693.404
734.631
375.685
34.1716
242.887
173.18
261.811
318.019
946.696
172.378
833.141
475.199
441.108
1299
148.268
269.502
228.478
79.7959
338.381
90.7275
399.063
127.284
258.464
771.627
107.605
550.816
928.065
439.632
775.424
61.6701
54.1206
274.253
1288.32
103.772
66.0357
62.266
188.14
42.5555
194.74
445.085
231.454
150.354
342.154
389.36
1464.93
49.8137
227.012
364.207
575.7
75.2659
96.7425
191.275
240.144
725.23
301.335
889.656
67.6778
870.503
370.171
493.607
59.943
423.739
134.269
148.728
704.987
744.994
382.703
303.111
500.476
167.115
122.619
575.027
244.659
88.2416
306.612
714.496
200.061
102.204
82.3278
57.0801
269.228
372.506
108.081
154.648
187.918
982.326
213.325
119.729
318.454
228.95
528.769
198.811
250.503
245.123
1048.49
278.024
180.418
95.0529
451.679
332.795
427.742
149.289
538.329
819.618
346.306
149.939
445.445
112.807
815.395
68.0251
663.135
897.253
498.192
98.8555
385.095
359.187
354.685
111.11
201.364
96.0245
421.685
436.916
344.994
247.228
200.108
608.965
356.008
214.256
495.63
69.1486
120.631
93.4367
74.5267
275.695
166.984
169.457
214.405
167.821
211.217
155.376
168.168
79.9419
1190.7
900.419
203.529
200.633
261.073
445.627
53.0117
130.648
149.418
1681.25
77.0172
919.873
346.368
112.098
209.657
341.333
250.436
370.613
544.259
233.573
242.091
241.955
444.764
97.9584
1235.57
526.24
543.732
1820.14
155.022
278.608
171.124
303.831
270.456
421.948
343.078
236.684
186.941
92.8011
489.526
329.323
365.36
185.867
133.916
121.164
63.8409
287.906
310.995
373.176
467.612
136.201
66.1458
389.603
87.1823
469.959
510.918
91.5318
196.575
213.321
94.616
152.731
79.525
384.189
628.172
71.8263
385.96
253.28
156.624
377.189
545.629
138.107
305.813
447.718
133.814
568.937
353.494
177.397
272.871
465.666
76.9016
563.121
529.334
410.061
411.604
50.4014
363.426
1007.38
198.055
314.648
285.871
307.863
1362.16
124.033
1072.1
64.7731
939.577
1357.47
526.693
216.574
200.285
131.876
92.9592
276.023
336.266
257.89
154.09
591.473
452.91
91.321
185.011
138.466
361.505
733.006
376.983
159.192
270.354
1473.33
194.388
711.985
113.499
1010.7
94.4973
377.601
165.842
1101.16
81.5979
80.6883
59.5623
85.4529
128.055
317.227
398.889
70.1563
90.7789
184.549
172.034
85.0161
111.01
144.243
223.934
275.123
177.724
327.731
661.588
114.097
58.205
77.3094
214.954
497.585
1090.75
226.875
404.371
371.575
652.494
202.545
183.08
294.861
203.917
912.827
529.742
155.001
330.819
311.339
826.505
74.7838
983.659
164.125
112.595
45.1601
268.644
216.127
916.537
42.6094
376.716
64.905
67.3944
392.395
25.6143
219.155
771.564
58.1301
337.271
107.068
827.083
454.164
271.918
262.929
323.99
118.332
266.053
229.438
536.442
1677.47
221.733
23.0614
266.611
453.756
399.959
215.368
117.155
524.632
761.065
326.572
97.4118
769.826
238.035
257.816
446.851
59.3328
998.202
658.705
698.317
874.281
69.879
488.113
610.903
24.5276
97.1963
104.514
79.5554
112.463
461.752
437.603
1092.72
320.794
297.062
158.686
439.258
97.5279
64.9791
562.668
640.521
190.205
1936.83
374.002
693.818
27.6034
132.455
280.304
549.893
105.691
97.878
373.535
143.888
240.069
357.392
615.959
95.2558
360.449
419.207
217.492
1292.73
117.058
250.268
112.528
271.858
143.962
196.295
178.7
100.91
335.857
62.7847
109.426
86.7891
222.643
164.414
654.01
216.258
532.952
45.8852
667.318
206.734
102.478
1314.24
53.9162
613.389
665.928
73.5498
353.898
904.05
114.586
96.4747
751.97
1322.76
720
76.5245
166.012
619.75
218.063
153.429
514.631
166.355
220.282
566.26
521.796
319.35
111.536
239.155
106.191
451.619
176.275
238.796
111.692
98.3675
202.149
246.329
219.621
340.208
82.719
324.441
326.771
1253.91
279.516
95.1109
279.038
574.144
210.187
155.787
504.718
205.882
596.622
580.753
99.0018
131.732
291.748
1006.68
201.361
280.16
624.888
64.4494
129.801
71.2753
718.395
102.58
365.436
165.553
135.209
250.189
234.901
177.78
667.677
55.7423
322.036
46.6067
390.716
175.329
118.298
66.2904
517.601
34.1551
274.568
336.596
133.551
373.942
642.926
598.424
537.952
276.659
320.602
146.502
598.523
241.872
242.437
323.585
361.934
189.238
155.068
116.286
61.7631
87.1446
449.046
160.173
668.207
26.7034
103.027
43.7659
101.528
354.667
750.866
458.041
288.686
188.793
200.323
105.049
87.1173
845.642
37.1775
533.999
245.792
231.345
310.785
296.716
258.602
83.4151
78.6659
716.739
378.867
1299.63
92.808
121.854
295.846
277.66
938.521
752.494
527.4
64.7248
120.245
190.369
48.019
312.66
439.466
765.1
324.154
154.12
52.7683
210.165
265.597
139.526
135.103
194.867
79.0505
135.187
220.461
139.524
38.7375
218.101
289.936
358.447
96.4832
77.4331
408.545
218.682
661.478
58.0985
214.889
389.963
615.848
129.273
300.544
141.949
787.767
1026.65
210.207
167.484
372.927
103.464
79.3747
733.82
128.39
237.462
265.456
484.544
208.552
622.632
108.639
617.305
218.699
35.0786
341.24
57.5851
140.578
67.1687
114.334
388.739
371.481
568.421
308.176
33.2611
854.001
712.941
197.242
296.516
280.716
566.432
497.305
171.301
149.848
452.362
101.657
440.864
601.011
61.9774
186.207
128.166
133.822
320.373
277.785
38.112
194.42
117.138
754.35
348.504
892.437
111.829
214.17
161.661
934.069
197.951
196.637
276.44
323.439
55.4161
277.863
209.886
1122.18
989.352
426.248
252.672
149.994
111.355
210.128
314.134
37.9232
380.826
200.523
69.8516
140.177
323.241
234.964
722.393
111.696
707.886
236.379
896.927
260.266
234.629
75.9904
187.134
107.018
649.292
1291.29
387.874
100.633
28.5634
78.2098
1561.17
57.3309
81.4911
97.2716
250.025
902.943
82.2314
262.218
35.4603
195.363
211.854
182.345
44.2769
419.394
370.144
158.608
300.152
41.9984
249.209
333.278
137.872
160.515
137.783
230.391
27.476
408.592
67.5163
33.7559
273.838
373.33
773.06
179.381
655.588
86.3949
393.933
98.5354
242.712
1704.12
1388.4
342.449
621.722
183.855
154.509
195.73
82.3809
54.3604
238.559
36.3473
1010.51
224.249
118.95
395.311
136.846
104.15
106.611
406.532
162.177
108.317
65.458
101.205
82.2574
957.414
454.917
236.606
69.7199
103.929
407.376
856.12
200.337
251.514
568.723
123.147
794.071
738.116
275.399
316.426
370.322
94.605
236.046
656.206
950.697
115.615
448.291
762.408
16.2677
225.407
838.152
403.302
386.258
248.416
826.079
106.677
254.987
51.9064
678.504
200.549
621.724
95.4856
70.9928
58.0964
105.899
338.249
440.74
477.713
314.631
62.5403
41.4392
263.531
232.101
503.201
206.941
316.795
286.427
213.998
1272.51
163.18
168.845
364.61
674.929
505.948
465.107
806.676
42.5337
282.758
601.516
128.598
310.87
164.87
48.0283
707.276
404.647
348.819
162.946
82.6893
557.684
446.039
864.24
108.038
85.394
93.3424
49.5655
303.43
83.8642
215.151
165.757
1051.73
301.748
356.822
208.62
1194.54
117.34
319.934
1193.21
154.848
97.6441
160.843
703.808
243.25
44.1849
224.238
509.142
315.976
467.065
730.077
369.8
140.156
811.6
707.323
253.632
88.9584
395.05
37.828
1213.41
162.64
312.591
102.798
99.7676
1280.33
52.5673
134.663
1094.52
549.623
236.164
750.246
379.266
152.244
571.725
100.022
102.79
411.342
142.101
271.737
122.124
492.422
101.42
286.634
543.023
415.229
1265.64
508.096
131.866
165.548
540.233
30.8792
457.878
281.189
77.6266
675.175
619.411
352.161
75.4709
155.498
378.863
76.4889
304.555
63.9346
37.8698
47.9823
722.786
198.993
125.508
75.8344
190.629
260.845
94.8763
218.463
579.368
606.67
121.616
64.3344
349.674
274.431
109.078
197.699
1181.19
670.998
255.337
613.706
240.459
286.671
710.151
79.94
661.528
46.1559
108.334
459.595
456.585
1876.57
278.239
76.3511
155.923
178.38
528.617
439.669
485.431
214.378
130.139
73.4132
217.758
330.842
468.014
35.2066
860.572
655.929
96.912
160.812
82.5291
656.96
212.413
99.9208
93.6705
76.4208
1528.1
1097.24
325.288
489.64
1023.86
318.548
138.426
700.534
253.009
746.836
101.529
44.7629
213.684
362.606
968.298
51.786
103.063
175.382
63.2527
282.851
145.427
32.7432
398.153
40.8166
146.686
337.52
407.213
399.974
174.312
294.308
235.861
1295.51
109.935
401.01
167.433
88.4616
231.034
724.902
215.759
119.755
70.4745
401.586
174.518
188.84
447.123
242.432
108.016
660.209
273.659
152.122
392.649
200.674
1095.85
119.575
106.913
93.3069
398.098
892.941
405.322
71.1428
117.982
205.982
200.419
178.579
209.043
52.0778
648.955
764.32
358.957
403.245
64.5375
175.503
306.788
34.3286
1127.56
804.158
168.551
662.485
560.413
96.9477
159.608
253.96
900.376
265.917
429.156
432.576
196.699
650.297
263.191
491.399
477.297
118.185
383.168
1154.91
119.779
780.975
453.654
145.94
395.109
412.938
488.852
159.352
700.294
297.728
106.739
126.078
100.115
121.807
164.618
82.406
148.422
123.361
68.4445
76.5294
101.645
473.861
1158.1
555.763
78.2328
631.701
188.701
353.659
71.8401
630.824
1030.97
318.857
357.526
76.2049
576.711
299.455
432.643
245.993
557.668
40.5892
387.093
96.7433
716.052
1006.76
20.8995
293.705
244.705
387.346
88.2485
203.098
330.889
289.339
309.67
339.568
330.625
408.633
188.922
1878.49
267.185
378.614
383.935
177.238
97.953
340.153
110.953
221.826
760.385
427.252
1980.95
52.9611
1274.92
336.863
980.425
107.315
500.47
569.68
1165.48
152.556
166.516
68.9477
249.181
159.482
614.704
417.045
534.206
116.728
67.0466
155.601
317.666
376.745
201.005
414.226
160.479
248.952
464.111
243.154
253.865
238.967
29.755
182.648
68.6357
459.685
270.12
453.181
1836.45
223.274
231.539
408.844
493.352
395.13
668.471
331.959
109.977
454.668
49.0891
25.3972
479.189
291.354
1032.11
634.939
63.7921
324.109
678.339
97.3857
40.0772
623.559
89.799
66.456
175.914
85.0776
411.417
749.299
25.5027
185.585
90.8407
143.358
456.724
450.37
354.07
438.843
38.8971
187.557
102.929
324.585
991.97
704.729
85.7163
42.9814
161.134
139.625
140.717
238.441
113.016
111.801
559.953
65.4008
518.618
175.445
649.232
81.7638
590.124
170.175
333.564
118.352
178.983
379.078
281.751
143.272
117.464
126.567
155.574
293.661
586.766
133.281
365.173
114.622
556.877
271.229
81.1877
687.719
167.219
145.716
301.44
200.153
381.363
651.752
1409.12
196.754
272.796
39.277
57.5774
346.619
745.868
213.151
128.25
99.4685
293.493
173.257
568.001
97.54
13.6436
53.6356
227.473
725.188
221.802
409.041
254.737
57.1198
229.45
172.111
382.373
501.9
156.897
230.289
445.145
512.669
91.0191
240.038
331.026
416.369
276.833
525.552
145.25
705.989
1469.54
169.857
1051.48
30.0935
312.618
325.856
103.537
79.1224
570.546
713.79
395.185
274.125
69.4404
88.6821
95.1075
463.037
842.125
82.5423
180.281
940.952
340.659
119.919
58.8447
66.4868
35.5731
117.278
139.716
273.729
177.328
437.773
131.367
436.119
243.621
191.43
216.267
262.838
98.7396
124.938
56.0649
317.646
486.255
62.7815
130.355
824.779
138.449
689.537
1293.47
264.988
460.181
1285.61
99.281
145.981
120.478
124.319
283.461
352.319
609.476
63.1954
36.3374
349.606
866.086
633.81
277.64
40.0696
133.478
192.47
170.208
344.299
103.331
193.143
195.761
84.1898
298.556
353.218
417.589
591.972
120.334
365.5
86.3702
178.593
219.033
613.263
146.034
103.065
289.345
653.865
241.608
234.718
352.747
219.78
604.275
46.4563
298.087
96.5943
233.672
102.065
581.821
333.611
139.08
89.139
772.437
1198.81
205.096
668.557
675.803
248.931
133.98
96.513
178.22
480.249
126.592
715.542
406.705
575.323
310.846
49.8791
358.205
235.41
223.451
418.265
63.0225
337.881
218.778
534.762
500.858
129.099
75.4815
183.377
676.883
78.0744
523.538
315.196
220.025
285.506
1215.28
208.389
432.987
384.54
229.777
206.821
157.686
483.353
143.4
467.229
60.2682
64.7529
307.047
323.351
279.117
193.521
150.098
586.607
270.284
412.192
523.582
95.233
518.603
139.461
481.371
887.662
435.728
178.78
207.104
54.1625
322.956
63.0469
524.614
624.86
577.959
992.907
80.2056
694.664
369.215
731.901
183.276
975.432
100.949
170.728
54.3254
32.6293
203.135
301.274
315.491
598.411
227.529
203.519
268.959
235.949
151.033
157.75
365.115
118.937
281.179
1156.44
387.655
49.1167
69.1764
118.33
138.004
101.391
1202.11
688.825
286.065
765.045
161.02
125.686
92.5041
92.366
476.695
31.3663
822.326
729.435
53.5866
243.943
115.489
408.767
85.4521
224.706
747.531
152.048
263.184
275.408
43.0128
244.046
290.136
78.3479
232.835
227.866
102.284
315.245
203.589
330.211
689.849
254.905
68.2887
594.238
634.018
219.567
114.604
91.2109
31.3597
178.018
121.275
175.922
333.553
129.068
205.728
47.1442
368.242
131.412
459.887
173.583
405.674
252.872
394.091
118.638
89.2316
361.083
108.349
448.423
688.236
277.29
595.561
606.057
73.216
146.951
221.664
1250.28
841.126
509.477
245.479
104.689
589.294
73.8536
42.0094
127.533
147.982
108.008
533.508
143.289
331.405
475.782
287.3
128.811
299.707
557.509
479.387
448.093
78.4946
143.431
101.315
58.2602
372.056
133.483
1308.33
116.232
219.554
177.39
1059.71
1030.54
156.19
535.318
124.671
85.4795
271.282
1417.84
99.8992
108.279
78.5979
163.871
145.625
361.771
255.033
1064.07
390.044
79.9685
74.0447
409.001
261.056
183.553
78.7731
284.302
718.596
204.179
247.536
35.5366
65.2708
154.784
212.594
498.445
498.175
527.506
611.482
650.243
208.021
485.454
217.49
1001.39
200.421
1335.29
953.746
147.418
165.162
62.1746
58.0212
399.72
85.0029
168.324
143.238
79.3309
521.692
270.315
285.675
375.399
27.4633
109.522
1203.71
222.349
468.368
70.7916
221.595
417.861
73.2564
499.92
77.6461
467.168
174.902
505.997
230.541
97.1537
640.263
61.8474
210.058
807.639
563.824
445.969
193.351
107.571
161.146
478.44
545.652
263.665
270.358
159.909
187.725
598.339
249.484
244.154
266.861
542.593
294.014
144
302.127
140.131
757.918
928.682
1360.17
138.879
178.184
219.722
91.9585
178.498
841.204
289.423
297.867
226.088
231.003
47.377
31.3002
621.877
105.772
195.796
139.415
128.771
247.32
715.478
242.533
519.025
128.068
891.769
478.232
1309.89
275.643
512.27
269.768
135.541
263.305
238.683
173.224
430.051
497.263
260.461
346.814
588.973
255.185
39.4637
400.268
971.563
604.882
357.991
93.4798
83.5941
109.461
29.9405
88.8123
361.14
348.161
635.565
104.33
137.305
240.755
716.191
41.7794
974.899
392.861
350.928
533.952
395.385
187.443
79.2733
45.2113
183.983
477.664
200.867
242.472
198.805
127.42
636.791
191.07
253.668
108.53
276.089
314.432
735.505
480.789
237.527
67.5131
483.316
501.383
89.4863
54.8757
406.192
73.1366
257.948
330.454
377.208
327.42
369.793
605.541
344.1
54.3795
342.653
20.4178
397.137
437.542
112.92
432.712
371.982
323.357
697.858
64.2491
56.0674
326.614
126.245
211.36
63.3832
806.333
148.995
101.483
234.995
379.883
130.334
60.7614
484.056
196.203
723.889
504.59
116.131
577.272
787.089
94.5928
233.231
182.603
612.746
188.579
963.673
91.1083
502.127
77.0826
379.742
213.695
78.7978
208.861
245.94
112.902
192.921
568.011
119.211
317.922
70.8141
218.264
588.417
80.6006
328.212
253.477
51.2757
301.173
174.662
699.985
585.139
737.415
424.376
62.2226
146.91
877.277
108.734
1388.55
101.444
195.661
551.447
129.16
1006.19
231.251
139.322
64.822
50.9278
223.438
576.865
328.189
352.718
650.676
28.3553
1134.21
85.9294
571.182
133.721
724.286
425.657
522.459
125.976
35.302
415.911
239.472
162.196
350.286
172.794
100.584
134.637
102.772
444.613
76.5956
116.951
1202.94
142.914
82.291
624.061
33.283
104.528
317.352
316.136
410.089
109.413
515.959
413.851
856.727
200.703
178.776
208.876
241.73
88.7119
234.118
65.6013
214.012
578.108
221.81
155.814
511.318
937.75
926.468
860.181
148.822
2010.23
174.234
281.349
153.315
124.648
280.979
738.208
731.703
191.148
626.514
402.937
110.301
133.568
118.096
147.74
114.237
327.392
46.7804
65.8527
751.169
72.3531
626.897
67.9649
312.018
106.652
300.451
168.632
81.3635
123.54
273.26
149.703
592.831
107.831
1358.27
1135.71
270.348
167.506
261.642
303.254
137.464
483.445
176.68
529.562
269.015
174.099
297.903
378.364
299.609
385.789
97.0329
605.432
305.882
336.738
119.847
303.274
75.5405
43.3786
446.897
669.3
267.624
654.527
1150.13
605.838
187.418
60.3665
1315.74
313.868
105.531
906.922
473.484
204.757
205.345
484.446
104.586
33.9379
399.566
262.704
235.326
32.8199
463.403
421.566
206.172
103.242
123.585
1018.2
31.4667
433.79
47.8971
154.786
889.027
83.7874
302.28
34.712
149.892
119.855
214.097
160.06
84.6458
68.5527
142.764
866.067
500.804
369.483
304.622
631.322
265.237
76.6425
321.015
165.016
150.299
109.028
305.624
492.373
113.973
519.366
96.2631
88.4178
554.899
153.582
834.076
371.807
331.42
89.0308
499.861
195.74
710.378
235.79
93.371
546.124
596.508
129.195
150.616
189.862
252.159
169.649
847.561
525.521
75.6012
1462.53
548.997
177.91
166.023
555.475
270.169
122.104
576.351
358.045
326.264
530.606
361.368
322.904
722.459
168.544
341.662
221.799
136.016
163.44
1308.91
1115.36
251.28
186.128
72.4582
148.633
451.464
298.004
167.002
572.235
138.769
60.9959
431.278
376.993
192.825
615.944
885.581
1573.34
244.788
157.882
433.192
227.107
674.749
47.7093
241.075
1130.08
85.2127
562.011
550.489
186.352
133.115
211.242
468.379
1159.51
459.181
377.74
356.448
191.467
160.855
154.007
75.0114
228.606
77.4996
297.258
469.406
276.242
524.392
729.696
221.684
294.123
134.219
39.6203
169.022
84.3625
716.791
57.1711
162.519
272.854
360.005
174.161
190.363
136.212
800.491
726.407
329.717
628.948
274.489
150.818
129.702
252.216
337.272
53.9237
357.812
729.816
480.469
204.379
568.006
290.02
269.961
43.8837
428.193
612.886
1130.66
53.6837
66.3049
1322.03
169.719
330.222
994.886
64.088
124.071
92.7669
46.7712
784.929
164.163
377.346
475.601
160.485
1935.49
231.991
768.263
229.832
1040.54
1401.85
547.901
103.915
60.59
66.1736
309.377
433.923
359.5
322.883
58.9283
75.3171
151.302
277.456
250.101
532.36
807.377
171.954
62.789
165.753
482.493
424.667
128.684
177.215
389.007
231.576
1283.92
385.487
62.5514
1001.38
201.381
35.0618
467.476
113.092
29.1657
400.078
64.3374
278.774
858.096
40.5147
56.6207
499.193
407.945
389.178
533.629
377.671
79.0203
967.257
60.3055
93.5839
821.756
527.117
82.7092
45.5517
426.109
28.0578
60.1638
584.542
46.4367
128.929
154.077
755.286
459.377
91.86
992.686
564.621
190.431
746.004
88.9701
458.091
106.738
294.913
211.241
214.9
53.1706
68.9023
176.351
261.721
105.069
88.6096
469.291
360.961
150.67
56.6133
1799.72
154.33
236.138
164.611
231.249
1110.33
754.264
94.3086
606.047
573.004
272.874
658.569
103.151
281.295
457.097
400.229
335.129
965.475
61.5959
82.0205
82.5462
137.211
204.788
332.585
91.4916
592.421
46.582
1048.6
41.2236
129.896
112.964
220.965
413.845
434.984
145.341
321.754
205.695
325.682
114.157
573.29
730.256
186.099
274.47
65.4973
96.7685
262.194
1184.22
165.95
42.8777
131.012
41.2995
444.428
139.873
106.423
438.852
611.068
408.39
200.549
601.13
182.635
61.1903
577.203
230.635
193.258
609.579
37.5498
364.237
40.4611
392.795
626.439
263.536
42.7499
59.976
183.924
73.521
224.684
134.669
511.576
445.226
687.459
141.428
495.916
355.859
47.1711
558.12
234.811
516.21
110.312
58.2104
153.492
46.5721
401.429
49.7167
385.859
61.342
444.003
143.325
132.258
93.7741
230.962
90.5314
318.915
566.085
104.832
427.226
373.384
930.272
389.111
197.704
755.431
142.088
651.764
198.903
39.0154
247.082
61.3717
497.188
428.337
52.1293
278.72
862.738
529.529
227.739
762.544
194.144
60.5571
1083.12
118.941
29.8787
81.2473
105.545
48.0146
648.354
688.295
34.5431
202.961
489.682
357.195
88.9198
183.669
121.783
38.083
451.852
474.045
203.643
1301.82
211.823
261.145
320.216
366.726
608.242
368.236
72.9636
422.688
328.073
117.072
327.252
232.311
504.06
216.798
1250.31
203.868
351.824
989.446
215.147
243.637
772.389
247.423
139.662
55.1714
794.967
135.01
268.825
156.744
1173.42
158.478
194.931
622.837
170.288
119.561
1004.75
216.579
408.669
171.297
337.955
235.22
168.729
260.697
376.819
87.4452
113.77
46.1117
303.655
97.4735
170.915
807.603
312.293
991.293
246.174
93.2547
231.631
159.905
233.72
725.864
89.4953
429.521
414.456
98.9241
85.0002
399.972
127.49
380.107
293.67
103.222
112.569
122.912
378.757
36.5046
239.884
31.2366
236.387
231.467
628.522
47.6529
109.721
489.539
396.12
270.187
194.022
57.5369
561.669
468.362
150.114
837.503
489.862
262.982
192.494
606.589
47.0085
197.082
174.138
101.24
51.512
1214.77
70.5967
416.693
791.983
124.61
229.29
115.193
70.804
161.855
57.3517
992.809
865.95
79.8768
247.735
101.936
427.789
78.6181
216.59
441.015
445.72
291.044
66.2676
381.029
563.528
26.5848
239.359
99.1498
362.747
174.025
192.925
515.574
297.512
571.207
211.352
506.249
375.352
932.716
33.726
238.971
221.593
128.516
42.1714
68.7407
402.988
227.576
86.8945
122.953
173.814
365.631
64.5421
554.597
152.744
180.236
533.848
258.488
157.446
287.818
161.202
224.792
223.493
817.987
407.608
209.211
163.882
905.643
140.764
64.9314
189.953
571.803
442.679
1002.81
254.763
161.501
39.9038
268.803
72.605
376.6
640.893
162.973
152.702
662.75
334.993
451.161
339.328
554.305
745.677
297.216
679.125
330.046
296.074
298.828
242.208
86.3073
904.129
268.813
317.621
443.365
372.624
319.382
184.549
70.9722
122.705
101.851
542.455
148.158
165.131
511.898
230.613
165.711
89.0554
695.448
545.263
35.9665
548.135
397.711
511.134
1518.49
260.579
55.1244
157.538
510.224
323.852
461.246
110.057
607.491
386.881
234.602
592.009
179.598
73.5203
208.795
70.3289
349.752
114.671
127.972
55.2761
185.302
399.422
226.2
195.209
131.165
324.762
134.523
448.872
97.5954
396.275
147.619
93.5858
752.553
112.561
488.399
234.001
416.8
101.759
334.574
48.008
56.1908
892.458
120.871
554.815
291.145
29.6506
728.498
252.662
274.258
221.509
220.183
607.572
688.594
276.339
97.585
258.014
119.146
73.3304
676.8
299.208
282.41
30.4287
437.607
646.352
365.976
212.143
394.76
95.9899
186.276
99.3644
158.482
156.64
810.663
327.711
187.248
130.896
64.4423
162.583
175.856
117.346
265.778
74.6711
164.327
173.888
167.754
255.09
103.88
818.886
150.507
180.856
499.106
111.853
228.725
305.191
276.354
560.539
134.083
594.46
259.786
64.664
395.584
259.845
44.626
626.931
667.217
440.193
522.898
81.8098
366.262
311.45
699.9
740.047
458.685
133.991
229.005
404.546
137.858
213.307
214.131
917.24
435.465
95.0213
308.808
154.912
804.147
93.146
139.093
510.815
437.188
297.292
310.69
302.629
603.987
570.571
366.685
42.3063
102.184
109.371
512.894
550.884
421.44
88.3886
140.234
39.3138
104.683
1129.01
353.707
40.8637
633.763
114.634
321.559
48.1473
179.808
950.717
63.7082
237.588
1217.4
672.788
1343.7
76.1705
545.145
90.0339
385.722
934.949
614.939
93.0398
65.476
40.5852
347.984
325.535
252.852
83.162
1323.7
379.236
246.276
63.7006
153.442
362.747
155.906
728.097
336.839
57.2918
314.794
430.582
200.537
251.003
406.317
763.732
184.431
95.0567
412.06
172.067
1154.88
594.392
286.744
553.836
407.09
94.5422
550.687
666.454
62.9593
145.875
277.304
634.853
205.349
345.856
43.3945
131.539
238.241
669.748
408.466
691.295
49.3363
126.996
174.656
672.273
226.739
624.936
30.0042
253.432
857.398
68.8233
81.7721
81.9752
129.038
201.011
168.581
223.976
171.175
202.26
294.859
448.429
240.666
137.102
261.986
622.796
485.185
1304.3
876.493
135.271
86.9575
321.644
256.176
316.522
230.568
44.2039
65.7389
83.2698
897.59
351.889
407.485
514.433
259.706
332.663
443.732
498.359
126.629
103.915
935.514
482.432
70.0247
356.935
178.132
173.038
57.151
668.644
152.508
933.009
1167.22
829.504
95.6601
539.1
87.2166
186.815
268.24
805.115
42.177
339.137
330.889
59.6998
475.927
345.495
252.149
421.02
134.074
79.2361
314.491
59.9367
86.6123
31.1592
999.892
308.925
577.941
241.01
276.418
227.325
219.497
49.3078
116.031
236.86
145.106
100.268
149.339
397.453
404.607
79.5805
215.712
203.703
172.209
372.504
139.018
225.378
431.705
159.967
304.275
307.961
411.563
73.7858
167.462
169.101
337.968
909.18
485.004
887.676
172.35
110.234
465.988
60.3553
547.067
300.763
537.939
240.753
167.413
636.873
430.09
260.376
534.774
497.094
91.182
118.271
894
464.412
278.226
57.1265
514.561
994.551
971.542
204.077
376.818
231.559
106.338
52.2619
270.779
647.935
112.574
453.536
640.358
456.997
92.9785
272.639
660.238
136.28
185.186
398.886
441.151
200.687
449.394
187.497
161.694
640.647
90.7183
201.109
33.0031
283.424
226.746
37.1345
111.958
41.3845
354.275
199.137
255.798
153.399
547.375
47.9216
237.909
582.57
533.96
353.16
104.162
295.702
182.658
565.73
61.1262
518.589
499.238
159.229
496.78
221.741
389.742
715.224
27.2042
652.831
1761.13
599.279
501.582
723.211
233.596
564.252
354.446
63.897
523.305
395.187
43.4109
32.1041
96.9688
645.304
1865.89
161.784
174.161
257.969
407.662
59.5778
281.281
251.202
363.695
1411.71
45.6689
415.928
863.817
39.18
208.378
144.453
145.617
497.639
41.9436
194.508
38.2062
26.5133
233.586
216.627
220.289
85.255
455.684
711.636
338.178
78.1962
89.6227
72.2429
143.744
147.199
183.001
126.179
219.372
677.904
312.088
761.794
256.76
95.7889
251.232
270.013
373.927
88.1856
94.0231
191.36
585.434
243.99
395.245
230.543
219.496
175.387
660.679
149.292
142.055
499.911
142.966
68.0635
270.583
59.3666
268.429
62.3005
547.016
106.206
45.7933
397.434
176.884
123.837
181.282
705.166
77.7895
258.418
1648.86
532.919
431.11
1126.58
278.5
671.058
66.3149
205.183
913.825
381.69
352.856
344.223
208.356
254.361
139.312
49.5613
393.932
120.746
256.616
257.539
248.366
375.392
1276.21
202.146
271.981
113.389
990.673
107.562
160.016
173.759
425.235
31.0736
486.166
426.412
449.393
479.878
287.008
72.7508
86.0502
670.926
481.578
418.136
81.7715
22.6882
520.683
155.11
139.042
76.1491
468.506
748.317
164.498
423.324
286.299
853.7
430.191
293.544
164.698
98.1027
610.909
685.825
63.6254
69.8888
277.777
387.328
68.9217
349.614
268.33
530.598
898.74
168.03
253.066
299.225
67.7701
517.031
397.582
646.699
30.7684
23.5058
210.789
30.7959
106.427
254.334
123.2
489.405
148.208
122.123
405.477
234.888
81.6087
87.1192
109.487
444.591
64.5653
766.098
70.3284
77.245
194.776
856
1098.55
187.152
283.153
127.865
251.383
387.807
1197.78
203.528
334.638
269.226
494.442
251.572
245.144
84.6896
282.299
579.291
839.075
104.249
149.574
70.6304
307.373
1062.13
176.73
179.051
179.246
486.214
1212.88
144.26
224.694
498.095
1233.82
348.53
273.783
48.5262
606.675
726.309
461.043
47.1897
894.189
252.92
79.0603
254.784
173.976
377.574
471.782
242.515
749.252
307.227
838.438
192.993
349.251
156.365
41.8812
98.4716
43.8143
88.8702
130.057
26.2888
461.994
120.201
470.993
63.6401
153.449
743.918
289.473
573.845
473.794
371.882
65.7469
293.455
54.6381
486.251
83.1899
252.952
67.6021
144.883
660.531
968.567
58.6847
115.378
75.4815
312.364
102.839
135.76
361.71
234.191
515.247
93.4606
285.821
504.763
245.778
519.77
418.96
351.08
103.125
1020.64
154.929
475.352
27.5604
389.011
426.183
194.306
777.405
98.989
688.795
117.621
230.8
74.9913
533.489
118.6
1249.8
37.5219
44.9114
839.247
295.196
454.238
304.16
176.589
329.413
341.822
182.298
306.572
67.9724
25.2635
686.382
82.1472
402.498
40.5904
444.923
1023.2
118.887
413.834
497.493
114.301
309.848
579.49
455.705
819.909
213.835
78.1175
266.145
296.962
131.38
110.988
125.877
160.189
1067.88
469.054
15.2138
466.579
189.761
362.503
88.097
76.3373
117.468
92.8278
121.123
302.879
60.5027
58.436
406.704
832.659
52.6052
91.8834
52.0757
938.854
244.115
31.359
426.094
144.891
566.599
227.813
343.502
207.534
533.616
302.03
998.028
555.024
821.41
326.801
289.006
50.9231
43.026
126.658
426.252
463.415
873.026
97.3148
81.6658
138.722
117.004
54.7248
446.628
310.067
919.025
42.0259
492.151
254.465
316.206
170.736
739.188
117.163
1329.05
198.22
156.759
1035.9
382.178
488.662
421.372
483.344
533.633
310.728
403.946
185.931
82.2493
161.01
147.424
186.978
134.495
373.749
176.882
358.444
65.9605
226.189
77.0159
181.622
389.631
789.348
2698.63
323.18
80.9521
33.3948
98.5198
468.679
277.63
808.374
44.7574
222.971
127.38
591.25
462.827
146.343
795.97
34.6691
153.089
105.345
211.989
347.637
1843.51
150.72
183.608
600.615
74.8885
422.531
109.346
134.299
641.962
763.906
650.723
70.2618
399.318
227.734
223.638
130.369
236.579
174.709
354.657
493.278
157.833
147.852
457.234
186.687
200.348
660.138
413.254
378.534
55.7406
162.621
215.139
107.725
67.2552
60.6362
957.927
143.27
282.135
184.643
288.327
94.7222
144.536
67.8663
222.467
137.892
897.159
60.9753
178.444
187.497
35.2427
2287.56
442.983
160.9
998.446
936.628
507.369
51.2887
58.0569
217.419
240.903
64.3719
111.081
519.332
358.04
60.6552
724.694
64.3839
896.128
404.78
129.556
80.9675
143.198
714.149
305.007
616.602
262.315
167.283
31.4992
357.012
96.2278
138.31
163.444
158.407
57.8145
318.284
31.0252
169.879
105.748
591.588
178.644
320.876
361.911
428.192
2043.75
386.859
1424.86
303.652
508.788
533.946
873.536
520.729
122.24
81.5936
150.224
56.7152
88.1464
772.615
302.073
52.0343
151.733
193.15
247.551
105.659
144.957
164.869
798.856
788.557
557.822
73.804
123.947
160.285
138.847
136.64
538.665
168.223
460.984
145.066
212.299
463.565
73.3329
92.305
273.644
999.448
249.947
416.89
156.641
158.874
112.382
90.421
322.023
267.84
45.6114
344.737
1150.75
389.335
334.516
594.017
636.353
124.611
230.989
1234.45
438.687
230.213
471.61
297.138
219.561
443.969
44.8903
826.02
113.539
237.303
561.972
674.797
175.87
243.538
1141.97
184.606
123.441
258.173
886.19
1468.12
753.633
500.252
279.333
144.709
746.273
84.7004
119.227
259.162
133.259
477.427
169.219
819.026
124.958
73.7776
190.261
1357.17
170.724
376.138
213.85
84.7413
306.862
251.977
593.225
43.4085
214.176
820.982
108.276
701.837
295.126
129.697
42.1894
476.58
369.741
100.208
104.8
73.6055
66.1376
41.0733
202.756
397.329
71.684
86.5119
29.825
289.665
515.267
675.153
866.323
1436.89
627.582
180.752
526.863
591.902
265.742
208.563
215.967
512.986
894.642
406.22
147.772
23.6618
426.158
135.774
710.912
577.79
257.243
67.1009
216.12
505.184
309.349
407.471
269.974
82.9778
555.407
1032.7
644.624
342.779
53.4155
320.847
42.7277
572.449
190.177
842.652
153.846
666.299
264.053
301.922
117.055
234.567
88.8967
371.812
147.126
42.722
270.542
205.229
445.985
187.442
1717.4
45.7309
379.604
427.637
290.383
231.773
257.955
65.9111
114.443
206.195
1101.04
184.964
292.796
114.65
425.258
154.603
126.859
48.4169
67.2215
304.434
174.74
470.029
154.669
123.391
585.632
284.52
815.522
173.506
166.061
111.841
117.355
134.282
1028.09
115.617
433.046
269.118
928.031
119.326
515.374
635.679
323.139
1014.76
1092.29
968.612
66.6414
50.8576
635.085
203.094
313.298
287.604
333.469
218.909
431.366
515.406
251.005
997.923
151.309
57.2251
633.688
1080.07
1282.55
103.559
41.1794
717.454
389.85
838.836
556.02
249.943
62.7264
1513.25
426.693
384.275
208.478
980.215
209.01
64.5548
251.382
139.611
374.616
93.7288
756.936
377.793
169.783
129.122
301.17
276.148
79.2208
344.336
1170.12
377.884
320.273
49.1156
420.288
80.3685
112.043
185.947
286.473
150.867
221.814
403.874
43.8191
125.983
468.893
180.6
50.7081
994.574
45.2755
766.1
458.922
204.595
262.853
166.331
559.13
683.667
66.4822
86.4717
99.7984
415.56
307.313
260.843
174.862
316.409
78.9695
1732.55
311.667
96.633
393.963
49.1634
1192.57
394.655
154.269
40.7792
633.389
69.3195
193.707
271.065
54.9408
29.6197
334.338
59.8163
236.731
91.5347
644.01
498.897
367.113
804.564
372.014
154.882
457.885
255.557
551.847
105.841
43.6018
104.89
271.669
34.9724
150.522
452.987
375.828
65.6054
390.975
167.463
1162.65
609.664
347.812
152.281
508.755
237.84
331.687
186.775
541.955
20.1712
102.751
666.642
261.118
63.9356
472.768
238.328
469.846
142.659
304.211
931.341
141.586
211.887
70.1292
321.21
248.91
83.0299
445.113
79.3004
109.689
538.421
376.714
615.052
167.514
342.803
254.674
331.934
539.081
261.913
482.697
609.551
230.48
173.199
1200.64
287.599
546.092
174.677
317.024
177.433
894.885
249.905
237.408
119.729
701.688
168.736
42.2722
923.605
363.13
101.884
250.811
95.8679
346.288
1647.94
226.932
97.8824
114.19
48.7558
190.404
209.866
302.462
46.2616
397.822
258.573
91.8634
458.978
456.181
236.746
355.026
33.0344
32.2897
409.869
869.23
362.296
967.902
163.671
81.3375
209.289
225.933
89.5582
321.37
46.5985
653.709
398.76
32.1212
567.255
217.179
466.488
179.287
749.457
76.2408
443.6
171.206
339.053
309.93
411.307
756.202
154.891
677.954
182.856
261.251
56.9087
66.0805
185.926
296.952
186.354
46.9524
71.4301
37.8839
277.018
131.236
368.694
325.085
151.856
345.971
135.952
205.411
259.193
370.713
245.241
315.303
674.777
348.108
159.674
106.585
207.124
279.532
127.242
322.04
59.2887
404.141
311.253
762.327
1545.6
776.437
630.502
128.679
656.857
205.703
20.1657
207.504
249.461
242.106
328.223
107.149
34.2401
95.6311
121.742
135.369
252.625
197.988
183.673
267.754
165.775
247.507
490.594
348.913
258.632
1572.17
343.291
473.288
439.826
196.572
167.415
174.539
96.8992
580.501
79.4123
114.066
169.268
155.568
751.781
455.982
126.398
240.417
367.367
217.686
168.649
829.575
299.257
211.401
567.783
62.0181
271.732
635.458
639.348
1818.69
140.901
28.2258
181.575
735.285
156.257
123.57
161.975
783.397
89.5774
157.442
502.615
326.119
237.639
1347.63
109.506
175.745
145.951
120.784
107.617
442.899
78.5565
83.5887
57.9698
768.008
96.9218
218.929
167.915
231.755
58.5355
50.7586
288.93
239.473
186.497
159.921
698.577
43.1224
349.964
48.4698
587.323
117.067
188.752
150.351
597.241
325.221
1105.45
48.3378
48.1989
177.526
69.4321
76.2423
447.123
135.348
305.445
780.037
379.24
260.035
38.4152
414.757
349.587
415.822
104.135
506.378
233.356
290.076
127.646
150.952
317.35
128.091
154.145
216.664
318.188
178.959
703.208
126.204
801.345
338.918
433.179
207.013
250.536
682.738
63.5758
255.078
252.331
292.759
295.376
250.284
269.63
597.58
136.374
1063
38.7839
644.847
736.197
184.154
1196.15
81.716
236.77
98.5123
87.0651
139.485
484.941
221.52
76.9658
714.769
1759.52
686.925
928.545
500.653
388.358
102.475
125.566
103.429
31.5461
465.559
420.062
361.958
128.892
70.6068
273.769
615.539
444.03
204.671
424.211
40.8846
252.849
394.096
436.199
132.503
492.975
160.59
602.903
1107.7
124.067
329.074
434.018
135.524
328.325
730.073
203.453
218.089
77.3964
366.676
102.549
246.323
198.584
788.414
473.342
540.422
544.387
906.916
541.479
626.343
419.839
412.726
286.133
106.757
159.302
190.447
85.6311
208.073
794.015
479.34
61.243
132.611
640.247
648.673
120.782
34.9169
104.459
103.174
145.586
331.554
1140.3
592.572
263.57
199.317
268.058
952.682
32.2903
59.3238
76.8092
174.213
1054.76
94.0749
377.643
165.944
184.718
64.6573
127.907
118.641
221.24
370.722
184.52
221.575
191.18
620.846
249.096
50.2959
206.888
296.231
71.1489
61.8354
484.634
74.8237
196.73
127.185
82.5515
146.472
184.607
105.322
182.487
108.862
383.146
182.862
619.615
1032.89
293.567
100.775
310.357
428.659
290.043
449.053
130.593
251.82
104.078
381.826
115.715
370.632
125.584
344.534
534.173
221.926
230.332
395.109
337.106
194.26
399.925
126.656
346.994
193.543
152.971
190.526
214.369
237.728
435.052
211.613
210.107
275.675
135.042
312.484
131.431
306.789
239.379
76.0526
430.08
130.254
58.3585
1098.26
89.9295
1721.35
303.159
287.223
50.6471
77.5488
991.876
457.636
286.514
456.662
131.886
345.177
57.579
139.227
226.806
372.82
237.184
371.137
140.208
282.46
86.8293
120.846
631.001
1154.33
156.619
367.123
144.105
581.724
531.655
500.461
186.98
269.679
229.142
512.181
236.814
140.296
75.4706
666.648
226.248
316.72
667.833
279.364
477.865
193.002
256.485
362.804
710.251
228.618
236.744
369.989
527.542
106.656
897.026
29.2997
564.094
231.209
327.457
220.503
312.594
385.22
108.53
85.2913
416.266
441.522
53.8447
202.657
256.553
366.637
733.365
799.889
98.2677
527.699
407.666
46.7463
46.1167
598.593
147.702
294.72
95.4718
473.006
934.572
518.767
251.35
58.6664
303.741
240.079
205.995
71.6333
667.258
265.038
29.3714
2215.93
186.315
625.957
44.3103
85.2925
229.415
353.474
181.349
133.716
63.9247
136.744
855.592
347.697
271.749
1192.77
579.118
177.812
841.152
539.582
26.7287
735.219
152.051
182.574
100.268
380.139
584.55
263.829
620.36
216.487
371.454
388.809
411.552
637.028
542.938
360.867
328.921
269.102
164.712
99.0479
944.672
262.469
868.163
185.765
559.206
174.012
291.767
356.444
85.6799
88.4609
436.62
72.8029
648.213
960.283
312.169
110.746
695.845
394.219
399.168
333.231
454.929
672.817
113.576
178.249
388.179
1107.56
70.9176
340.982
190.03
258.196
61.4262
192.419
401.607
144.421
362.258
237.977
239.308
532.805
185.825
363.142
207.898
255.604
368.88
93.8074
271.281
82.6724
84.3119
256.342
101.766
138.915
610.442
349.485
297.539
659.551
390.466
1227.85
385.515
486.601
305.024
510.928
152.903
151.833
111.996
222.711
276.293
288.068
302.284
100.955
91.6232
455.57
254.646
172.73
140.684
255.526
1400.41
209.474
130.129
728.397
200.265
73.8276
134.358
98.9201
107.496
139.124
339.179
1210.92
223.03
400.162
636.382
768.948
197.326
409.592
41.2583
225.128
252.463
166.765
187.829
988.572
194.443
166.99
153.432
148.467
827.21
110.319
739.259
215.507
112.943
361.449
276.703
210.003
168.495
317.48
399.31
316.648
285.767
650.503
302.63
180.568
82.8467
65.0939
169.293
150.102
607.257
455.036
446.289
36.5141
339.567
477.663
172.463
184.168
179.517
422.212
256.183
272.379
59.0531
366.877
524.135
366.414
227.693
655.991
358.883
68.7243
247.911
662.708
468.133
69.2064
97.3308
261.504
869.882
315.862
53.5699
208.854
387.347
73.4748
693.797
60.9932
259.111
799.652
59.3061
199.277
151.111
936.011
60.0524
33.6953
224.332
130.271
610.882
145.383
433.799
395.958
395.723
477.883
219.144
89.7959
151.99
481.826
905.171
185.287
64.5283
226.427
101.675
306.908
1003.79
131.984
33.3698
519.628
870.99
137.917
117.855
563.075
428.617
117.218
99.3254
398.734
324.087
381.479
52.0495
294.645
870.653
262.899
788.525
175.492
396.27
366.918
278.651
401.026
184.455
183.15
233.551
806.98
57.2524
1054.38
158.358
333.688
485.381
108.487
505.663
147.37
54.6355
158.695
101.829
558.677
509.286
183.023
127.373
262.138
264.269
158.997
117.748
181.786
555.06
920.547
283.898
262.389
56.8136
299.016
62.1031
204.561
485.169
49.3993
371.753
91.4421
395.711
301.555
51.8197
207.825
141.796
139.492
71.2379
783.706
40.7832
732.689
249.575
338.802
421.556
265.068
312.626
46.0982
676.273
352.733
74.5875
251.633
249.588
267.302
568.555
76.7608
229.169
119.41
201.87
306.572
527.382
76.5625
238.516
995.422
201.913
1108.34
267.293
280.751
444.386
370.396
267.94
31.8209
33.2124
212.916
263.811
389.889
390.378
55.3323
498.155
522.636
255.97
115.104
586.191
172.148
664.942
216.885
139.403
186.401
121.905
529.483
859.894
1283.27
868.013
936.241
276.177
631.19
159.341
123.706
653.85
438.897
40.0179
38.1849
60.8689
674.334
70.0831
1090.56
696.667
362.8
71.4956
148.619
349.577
61.8472
348.773
236.519
146.909
385.737
894.477
91.7982
701.653
65.382
68.5861
61.6425
544.409
96.0222
121.919
642.639
650.384
131.579
82.9324
288.967
264.767
288.119
262.624
1066.8
77.6124
1570.56
151.385
275.156
334.373
523.242
716.082
260.253
864.699
213.682
48.089
25.9294
225.155
135.483
222.49
184.004
66.1834
363.092
143.694
157.823
169.348
133.667
466.306
1621.62
221.606
643.203
657.596
498.071
229.831
209.226
87.233
783.469
183.098
41.2333
321.268
34.8942
187.736
159.534
148.196
257.485
323.598
1354.35
160.468
382.838
305.312
154.078
416.131
74.8396
166.666
450.899
103.884
159.174
270.607
375.424
204.048
626.303
94.8339
90.1942
100.033
109.762
55.9249
167.837
548.507
150.245
667.928
48.3235
232.674
66.9202
488.481
238.528
1183.79
254.373
33.5491
260.616
1489.1
187.911
113.866
201.242
104.036
393.891
133.273
273.964
707.295
108.648
94.4917
549.46
125.964
167.13
177.961
529.907
71.6088
811.68
93.081
225.673
61.4491
155.063
881.466
73.385
507.65
127.371
28.552
263.622
156.813
1202.81
509.057
108.422
317.487
318.529
237.687
211.767
711.953
562.256
764.025
94.0249
180.354
1951.16
181.798
47.4573
102.327
352.016
54.2963
433.079
39.5665
340.953
536.065
162.505
432.744
68.1674
171.738
46.0067
606.466
147.565
126.122
874.219
342.467
264.72
112.139
76.1861
53.8124
234.11
353.195
180.77
289.657
590.851
228.115
210.161
245.769
183.224
1118.49
29.0724
419.388
54.296
827.758
254.019
44.8516
466.344
133.807
163.297
207.444
192.584
85.4952
259.327
1140.22
187.848
433.657
425.525
138.389
370.309
33.3747
845.287
164.58
179.305
209.814
198.824
68.7847
62.3251
600.727
248.576
385.896
120.683
232.95
281.391
528.316
1020.63
482.206
768.906
407.523
111.629
284.928
459.741
227.846
1288.11
191.178
203.954
197.982
146.235
349.204
233.519
219.413
292.94
592.541
64.2034
599.187
130.6
426.887
432.366
167.21
294.355
319.552
421.932
97.7794
169.181
183.285
135.728
661.136
85.324
35.5653
333.593
290.396
200.447
135.818
1540.44
635.517
131.512
50.6733
507.466
250.537
203.537
143.466
138.553
53.3517
48.0486
297.416
111.315
1203.16
255.44
78.7496
41.9441
1260
542.209
84.8485
471.046
31.1332
282.997
1656.65
246.406
142.412
48.7634
565.248
291.353
223.363
246.716
712.807
411.897
543.375
475.3
29.3757
1152.66
380.067
109.477
35.603
243.565
44.7434
258.957
35.4288
214.546
145.392
220.436
83.601
34.2232
229.755
519.931
618.381
466.683
683.123
138.952
141.979
845.327
154.261
277.084
214.408
207.402
488.159
403.593
40.5024
175.609
107.048
445.23
145.291
1099.15
1067.59
240.94
644.757
259.625
506.72
260.872
114.348
187.159
582.529
1280.15
79.3986
83.4448
973.924
117.919
281.639
413.084
153.958
158.245
161.361
502.377
212.073
211.775
422.203
879.449
381.928
97.5132
221.779
250.494
58.4519
532.895
294.097
863.185
962.702
200.311
420.703
199.272
1035.38
356.44
369.072
95.3387
151.181
74.1386
98.7623
324.699
246.875
290.799
69.2097
142.994
88.024
136.177
205.103
353.648
156.22
643.469
105.979
225.834
143.07
265.255
209.36
27.539
533.339
440.097
198.868
222.348
2654.34
646.355
71.4342
49.9646
147.434
657.157
239.859
559.264
254.639
124.741
479.188
54.5978
309.133
454.255
513.046
623.6
704.072
323.837
1094.47
263.953
655.825
838.145
532.893
242.763
37.9137
223.698
44.8553
446.039
185.163
129.88
359.506
101.626
291.395
53.47
213.757
531.744
585.503
352.748
529.659
1146.41
409.38
177.782
501.16
385.96
514.075
69.8187
189.06
35.2212
188.655
54.7524
399.341
109.555
943.989
275.692
182.994
42.1822
204.578
55.7788
560.999
421.852
62.348
249.645
655.118
109.027
575.21
102.081
809.25
711.501
728.842
31.9676
273.66
60.5385
79.5543
342.394
31.2371
319.008
64.4307
41.2393
581.842
52.003
206.503
173.011
167.336
399.566
530.012
409.415
186.882
727.55
1128.88
71.5724
324.81
627.422
247.993
537.688
1331.47
1098.17
276.41
48.336
581.394
197.557
18.0644
136.172
478.447
136.843
651.736
625.799
462.217
985.743
107.803
1000.28
168.869
911.539
95.1946
82.7908
748.948
321.623
518.348
231.155
278.002
534.164
18.2307
579.577
287.531
101.959
414.722
219.619
502.097
57.7742
167.228
571.06
108.82
181.73
83.9685
509.36
74.8852
932.137
34.4899
68.9264
713.848
260.747
296.367
105.141
239.857
52.3982
164.347
163.886
71.9379
1088.56
1023.59
207.655
499.951
264.986
509.251
502.661
426.34
223.037
105.441
190.367
94.4028
580.138
203.64
234.051
307.123
102.463
66.3201
169.201
478.661
176.188
737.663
133.939
99.6702
275.276
1914.68
55.0586
600.168
177.403
252.233
163.125
224.66
666.877
861.873
132.713
180.622
120.206
465.622
141.547
93.2721
57.3223
849.877
92.8638
704.76
243.021
92.0364
104.071
708.236
201.531
136.283
207.295
396.863
369.064
431.803
169.611
322.626
707.658
597.859
325.481
996.59
205.173
858.598
785.165
164.009
98.7447
519.675
199.688
82.2171
129.697
216.72
116.662
44.5148
988.884
368.703
114.645
232.677
185.896
327.522
529.14
67.8483
322.956
572.82
138.044
249.611
207.814
185.015
1059.29
1344.31
345.766
170.714
1144.8
139.349
303.7
142.804
347.81
720.669
39.3143
354.172
331.355
230.097
488.476
260.932
167.429
822.192
153.424
280.455
386.854
1245.31
226.743
227.337
52.8385
197.981
71.066
145.869
67.2969
133.389
39.8167
30.478
368.082
96.752
268.929
803.824
68.8272
466.408
54.2883
313.23
139.373
928.253
274.011
58.6411
366.671
69.7885
393.684
253.62
118.737
739.841
78.5396
274.942
142.26
172.165
848.61
179.535
639.262
693.739
259.065
368.321
201.546
128.688
489.298
81.4746
664.03
341.465
1139.81
110.374
40.1337
161.545
351.948
190.427
1016.66
1533.07
104.275
1048.6
1274.52
279.214
685.61
347.239
240.604
135.684
838.67
602.555
77.4785
218.888
257.414
117.045
190.213
291.852
53.1054
181.585
289.338
427.392
302.103
691.768
304.448
91.0697
318.936
254.885
393.599
37.9282
626.359
256.702
241.628
25.5615
130.943
309.913
304.282
310.222
737.736
221.341
39.2347
149.263
353.5
160.411
68.1961
245.211
29.6334
355.676
146.058
120.917
264.077
142.294
244.85
489.312
808.656
45.7664
56.7899
286.693
759.135
721.944
552.819
132.106
856.349
408.404
964.442
312.187
34.8435
431.786
122.922
273.548
81.2399
425.966
165.195
687.089
438.558
147.357
171.712
183.388
52.5704
43.6133
15.9845
139.912
231.898
322.954
373.682
115.155
63.8602
107.134
139.63
33.2434
64.5292
452.927
430.068
903.151
141.661
905.231
400.685
58.6506
427.96
203.563
433.125
798.252
837.033
487.373
350.923
182.948
118.75
764.413
264.563
387.043
453.808
128.058
148.951
146.022
432.94
689.072
439.471
233.141
687.15
150.648
43.0662
713.63
730.586
72.5735
54.8825
383.936
55.9997
216.268
255.147
255.589
288.032
96.3551
223.626
67.8082
81.8788
548.919
178.885
272.924
380.866
72.3781
96.2236
1157.93
144.836
414.778
228.066
76.778
670.714
1324.31
806.948
261.87
137.618
60.2665
402.232
115.872
574.563
287.161
838.875
82.2639
1348.54
130.031
315.214
86.9727
23.9501
76.7371
47.7178
311.349
66.2143
184.629
302.757
225.741
119.318
337.561
245.254
497.119
1122.05
65.8258
111.347
64.4099
95.6048
86.7434
23.6681
609.372
751.976
419.676
313.887
842.265
403.202
293.675
163.238
630.674
189.699
119.926
673.231
139.944
1021.19
45.9988
480.177
216.111
296.794
45.6312
348.058
127.792
451.508
196.465
441.135
569.462
330.84
287.643
104.056
490.53
293.454
302.706
160.686
101.513
453.886
991.066
281.324
679.892
447.434
73.3965
94.1547
172.567
73.0365
217.478
122.856
73.2601
167.765
422.529
565.891
320.24
198.548
567.533
385.856
83.4425
83.3269
717.505
696.086
601.037
363.917
327.523
117.02
267.423
293.707
182.093
84.7968
183.672
328.088
65.2331
171.492
164.671
310.715
438.267
141.903
150.052
46.8393
421.548
31.6135
232.655
144.604
170.938
601.741
405.022
631.631
607.052
281.782
99.554
124.421
201.645
401.411
782.964
395.609
425.94
295.116
138.324
44.0827
468.801
1922.2
177.327
457.891
216.743
220.123
692.57
75.7607
251.247
307.285
207.528
34.8972
459.033
1039.03
62.8586
234.868
748.244
1403.72
2058.71
161.513
132.084
429.423
706.964
1573.38
1511.64
451.401
338.317
374.767
345.095
49.2692
254.593
477.114
550.796
507.719
61.7612
137.276
582.602
162.341
464.4
258.392
297.81
471.584
656.351
476.223
254.773
119.652
155.849
43.5712
58.0989
193.995
75.3657
57.2444
525.797