70.8453
162.164
42.4128
94.6277
43.2973
56.9447
13.6835
59.1019
96.6599
63.7113
207.901
262.738
44.7987
129.038
35.2195
140.588
121.834
71.7069
54.1059
37.6415
157.379
30.0864
56.9398
41.0529
63.6622
130.34
39.5342
89.5343
169.962
21.1659
56.6253
34.5364
148.397
112.327
10.5265
36.2923
84.6242
53.4464
164.773
62.3002
137.085
97.0267
29.3331
143.605
59.7323
154.876
20.6797
126.535
127.895
45.2102
100.143
125.039
186.306
77.6748
30.8893
89.5305
161.033
32.1288
58.4639
12.4474
56.0023
63.5866
20.9628
83.8742
130.218
36.7139
290.752
156.014
20.0202
56.1767
289.21
54.4093
63.9805
31.8408
59.5458
60.5016
218.239
16.7757
110.247
68.5471
28.9653
36.8419
456.959
164.059
43.1807
80.518
192.79
30.7029
52.4915
81.6187
236.378
36.793
102.151
41.7514
133.536
31.3001
183.13
37.2756
34.1976
75.8808
75.6828
261.573
86.4545
151.365
360.708
14.7036
42.4061
16.7904
29.7102
8.81654
106.965
34.2295
31.5961
15.4255
61.9385
63.7408
124.543
19.9223
69.8164
60.7993
56.8546
53.2544
79.2806
175.191
104.932
44.0069
21.9716
263.359
127.403
89.5405
49.9238
55.7461
112.563
97.96
92.5097
249.912
129.492
35.2326
79.9474
66.0456
23.9024
163.26
64.9193
49.0408
232.074
73.9431
29.2538
76.365
106.486
129.4
15.0036
24.6061
305.567
212.925
197.62
29.011
140.698
12.2902
60.7537
17.2226
175.22
27.4902
67.2638
263.459
112.24
70.0561
68.1235
28.2189
17.5847
50.7161
7.73969
22.0554
194.75
18.518
84.6563
31.8283
42.8877
92.0603
34.5817
26.501
119.281
47.3126
73.7529
284.734
67.9062
52.4661
25.111
31.8346
54.7944
81.6709
73.8514
66.9841
277.916
68.2897
66.1438
29.0659
139.094
120.341
11.6374
22.9671
30.6826
51.495
35.9581
516.432
87.7108
8.10821
118.74
141.187
8.81649
103.306
170.877
94.7026
26.0827
210.862
123.201
286.686
81.779
205.122
357.891
68.3383
42.6039
41.6714
35.1588
69.9521
30.6385
19.8424
41.4079
50.8352
213.043
17.6671
117.57
16.8567
92.9724
13.0599
93.6433
66.131
42.7347
41.656
32.5054
150.371
185.326
88.5982
19.8563
38.7401
13.5786
156.296
69.1576
77.5777
57.6445
118.81
140.144
29.5743
73.4454
260.591
38.8311
39.318
41.9235
24.2568
78.1751
39.9625
341.683
70.7524
84.5598
188.559
119.183
46.6078
34.347
46.4143
109.866
135.85
137.36
11.62
78.8184
117.835
57.9122
79.47
45.2554
53.3846
72.9566
71.3874
130.383
248.496
57.9435
121.851
76.7713
29.9305
293.811
65.6944
95.68
29.7424
265.395
48.6024
61.3976
28.9829
42.3386
20.2799
92.1257
58.6051
56.6544
18.1475
63.5574
144.364
91.9667
42.1794
185.26
86.7546
67.0484
21.3467
126.829
39.0611
93.7259
21.6722
55.4252
170.286
37.5294
87.6272
41.4836
16.2044
31.9447
27.304
87.3818
150.643
106.573
85.1243
226.556
51.8221
54.8847
69.6337
179.116
104.493
14.4122
59.915
151.601
58.8772
28.7692
98.9673
130.981
144.02
212.116
63.6069
84.8653
87.0964
144.385
106.88
87.8066
104.836
372.639
107.725
19.1518
176.88
83.0276
36.2857
55.1172
108.52
117.471
20.986
64.519
75.4111
9.51074
22.3515
155.464
363.345
104.634
43.476
327.744
158.932
140.557
14.2508
133.843
39.4357
46.4938
107.864
156.424
33.255
137.116
106.227
4.47872
85.0833
48.8573
59.1802
34.0938
159.823
71.2296
89.0915
46.9461
134.8
111.322
42.1634
35.1008
157.912
102.786
13.5718
54.1149
124.544
116.547
99.9192
127.852
131.849
62.2308
200.93
50.9823
15.7215
132.557
94.965
170.811
184.318
8.91644
114.753
33.0484
27.9991
72.3508
47.4995
83.6159
22.2495
95.6486
78.7617
50.8045
102.891
39.9139
27.702
74.1768
148.743
24.3578
77.0755
136.443
126.761
37.9996
316.015
41.4978
69.0177
48.0116
279.79
89.4016
105.049
41.3171
93.959
188.176
104.771
55.2276
34.121
146.151
121.209
103.901
65.2755
15.0243
43.2827
161.585
48.4792
185.3
40.5949
30.1405
174.675
98.1034
33.9367
135.35
89.2175
16.4939
44.163
66.6634
16.5956
114.717
51.5898
14.5937
147.506
15.0414
45.6842
45.7185
265.073
20.0804
67.4338
118.997
27.4889
135.901
137.842
184.374
31.1202
218.164
68.8006
59.1046
10.0906
53.3594
112.321
18.035
92.9715
114.991
38.8757
77.5611
75.8362
113.774
26.7098
109.693
27.4684
57.822
43.306
19.3975
27.1416
55.9166
119.047
9.92075
22.8272
28.8892
99.6584
44.6245
108.985
131.33
93.2781
58.9536
34.7192
32.6395
28.1429
110.797
18.8266
33.9067
112.922
151.157
120.668
393.764
68.7209
28.7297
16.7571
27.1979
182.751
88.5009
89.8617
23.4639
52.4415
36.023
53.6122
19.9525
85.8183
69.3123
140.904
119.464
97.1205
35.8954
40.7546
116.291
51.463
35.6972
112.797
22.5222
135.1
523.485
78.2708
247.672
281.028
25.8033
153.106
58.7587
32.5271
158.803
28.9449
183.941
50.6538
72.9298
69.8694
56.4089
71.7769
47.8508
39.8791
60.6098
92.4297
162.041
64.2373
42.9866
20.5781
80.1622
76.5579
32.7354
82.7372
28.2334
18.6843
13.6616
44.8631
53.1459
77.9377
130.663
260.791
135.748
183.854
111.384
49.1522
120.477
129.788
45.7709
194.65
150.698
156.534
118.098
66.3545
100.957
65.8198
81.5479
63.6435
71.6989
103.961
52.7132
61.5811
35.3015
71.8424
393.113
93.8261
22.8703
45.4297
8.50059
111.531
178.861
26.9838
249.432
51.4756
168.717
98.3313
34.1754
70.4152
37.6258
33.8912
69.2093
33.8357
75.8298
45.4296
113.751
37.7921
103.275
30.091
31.5793
24.9077
25.493
80.4756
36.7978
24.9096
24.992
109.908
145.207
50.4068
57.1896
17.9898
64.8872
86.4012
110.174
153.643
41.1653
75.2393
41.6876
40.368
16.743
110.73
231.746
81.6887
33.8426
61.3526
88.819
28.1995
59.4519
23.5387
20.4926
150.43
88.488
63.9209
32.4762
24.9782
43.479
118.172
10.8521
29.5101
176.949
33.4978
59.2722
47.0388
113.733
42.7208
62.6736
181.857
131.361
17.7123
46.8601
54.8086
121.961
80.1248
40.3606
61.9998
94.3887
9.32266
61.418
205.802
148.031
30.5359
139.49
83.8275
41.7134
14.0402
130.091
37.7603
21.0325
80.2397
46.0874
94.8482
110.831
302.791
198.453
40.3389
113.858
75.0013
81.9749
73.7126
52.8657
74.0601
100.04
73.222
25.0362
42.6685
88.4135
36.559
25.6608
36.2578
105.042
165.532
159.539
30.6637
41.5188
50.6931
36.0023
26.0447
120.737
50.0464
70.9141
37.412
80.4251
77.7938
50.9439
77.8404
62.2784
83.9203
41.2984
77.8078
56.0964
51.6374
335.556
11.0309
60.6408
83.8129
93.4596
97.7307
61.7827
70.6321
21.2645
75.2764
48.8267
230.432
55.3484
77.2187
24.6644
78.5269
36.6387
82.1977
12.285
81.2112
47.321
26.5759
41.5161
120.633
20.9005
48.6456
101.793
45.3618
234.269
117.746
65.528
29.0423
36.7772
17.8489
656.6
93.9894
74.0281
65.3453
39.6845
51.819
138.896
55.7272
14.4911
54.5317
98.5812
29.6608
67.9417
46.3303
27.4027
87.998
53.2503
196.276
111.422
36.5713
116.439
23.2077
69.2126
124.221
23.908
65.1069
16.9357
141.26
102.245
54.0651
208.762
20.8035
81.494
50.5245
48.9096
101.266
129.818
31.3549
68.9677
26.6966
45.9251
39.452
25.0411
164.707
138.231
109.114
125.338
61.726
18.1967
37.2877
42.3757
91.7894
23.9047
139.212
200.859
23.3061
165.714
30.2204
139.824
11.4464
134.235
15.432
44.6653
62.566
33.6756
24.498
61.6435
69.1075
45.1124
131.443
96.007
45.2442
28.1103
27.1771
107.162
287.574
37.9882
85.3853
49.9245
104.021
227.975
104.681
46.4926
63.9873
228.518
39.1256
115.586
82.345
19.7934
119.481
117.233
108.422
68.3941
22.825
73.9805
66.7016
141.694
37.7055
63.0692
110.297
104.721
45.124
110.831
172.568
93.3427
43.2618
70.7114
133.431
181.05
34.2529
101.193
60.1664
115.471
80.5811
125.128
104.836
19.2649
28.6324
67.2644
36.7377
63.9302
41.8799
93.2962
33.756
26.0016
153.842
40.6525
50.3179
128.911
191.183
87.4528
103.682
83.3755
19.0088
234.213
611.41
13.8189
151.871
60.5526
54.1742
99.6578
113.258
90.8856
77.9123
38.7415
152.724
56.7924
53.6554
314.368
29.6114
90.338
113.636
120.951
40.4053
178.433
46.6736
107.473
80.2344
43.0401
203.597
24.6605
67.0014
12.0394
34.9389
52.1259
19.8036
169.941
80.6578
39.513
49.624
105.823
52.5592
158.361
229.194
62.351
28.6049
28.3348
45.9447
29.7273
76.4773
11.1393
88.5439
75.6673
23.8902
60.7382
21.1332
50.9538
204.003
30.3841
66.7902
15.1762
63.5258
25.529
99.9156
222.364
14.2001
78.7273
155.324
111.598
245.246
32.1375
28.0624
80.1018
22.5643
28.729
35.5303
30.5248
30.104
179.95
59.7525
80.9462
28.3396
237.804
151.585
45.4376
152.261
78.2555
164.178
67.365
355.563
6.29073
151.342
56.2866
181.934
17.5544
41.9413
79.1402
230.035
71.1333
288.672
143.905
112.067
62.9435
9.66738
24.6643
126.2
48.664
45.8904
122.081
17.8773
30.5721
37.9419
74.5045
91.3546
150.132
229.725
28.3164
88.0131
44.7781
27.6376
43.3613
207.712
31.0863
25.4597
39.2729
76.0946
46.7253
20.6574
28.5027
239.489
18.4985
28.9452
26.4313
33.6953
37.7732
112.242
69.9638
134.628
65.6
122.169
122.95
20.9172
136.561
60.624
79.7098
30.9971
76.604
73.8132
122.26
71.0618
134.33
181.255
55.6134
129.354
52.3314
17.7345
14.4027
70.0517
218.111
46.3053
29.345
14.6665
272.787
25.2622
65.058
114.271
13.0731
62.6902
46.3435
41.9733
36.155
14.5893
106.429
97.913
33.1767
62.2586
29.4905
36.9839
375.029
87.0136
100.252
107.943
25.8759
124.696
106.047
96.2852
49.9044
9.20612
17.0918
61.4033
58.2466
94.2394
49.03
31.3658
69.3138
243.376
38.4236
92.3089
181.292
125.651
118.72
406.796
116.069
43.7036
237.359
87.7878
121.363
281.752
11.8235
106.991
40.6992
94.1718
244.3
41.0826
132.237
201.222
73.4877
37.3126
122.246
28.4785
56.761
101.892
100.346
82.1296
105.556
40.4661
73.7226
80.0013
25.9131
25.0896
94.7493
28.6956
59.9405
74.4647
26.3424
297.068
131.947
93.2292
8.76004
50.1069
354.077
33.8779
16.2587
71.5835
52.519
124.115
37.3853
16.0337
79.5167
32.86
144.266
20.3056
26.5437
39.1554
27.2139
172.414
39.7619
50.1298
43.631
33.4549
253.226
90.112
174.298
21.5181
29.5769
13.694
255.087
103.062
36.0481
75.4837
35.3848
91.3238
86.2751
115.73
59.9536
196.155
125.181
20.9446
149.169
245.864
62.4168
61.9475
48.7861
38.891
56.6098
100.527
45.6717
151.583
58.4332
189.293
60.9726
82.2733
146.951
48.6165
53.5402
35.1321
102.866
26.0555
184.288
59.7109
140.627
15.7394
117.468
27.8123
47.5312
193.456
98.3078
108.234
143.344
33.7906
42.6148
117.553
100.028
48.4434
20.9443
95.6137
24.0119
135.331
43.0853
61.5406
193.603
112.425
30.4251
114.478
32.0565
84.9246
90.9289
82.0375
29.6389
8.96698
10.0893
36.9025
11.3514
71.3122
76.5189
20.9129
63.9569
102.47
76.4844
113.37
76.2347
47.6587
66.2366
44.6553
189.75
44.7986
81.6429
27.1582
86.2289
164.153
75.1364
20.8452
55.1434
98.7336
101.32
73.1385
18.9272
91.0337
12.0886
74.5389
46.5404
48.1094
123.108
34.7054
41.4841
103.648
43.7486
53.8443
45.0331
47.0568
49.1097
127.512
15.4188
161.248
27.1081
92.4802
75.166
107.863
237.163
231.706
63.4139
68.6794
77.9315
43.8437
38.2415
151.434
84.3152
127.898
41.8536
44.6739
102.601
77.1135
57.4223
69.1766
68.2614
37.5079
47.5311
170.313
142.136
265.815
64.4922
78.2009
103.772
58.456
12.4757
21.875
20.7717
109.398
21.1186
191.995
69.47
26.1951
56.9289
26.8114
75.1776
127.838
144.377
106.293
110.588
159.544
124.239
58.4554
21.3523
48.3462
111.84
223.008
43.1881
98.2756
16.7644
79.8174
102.164
75.6178
30.6318
13.6525
13.6044
115.659
198.146
44.6386
94.1435
74.6066
224.416
44.8527
105.305
28.4959
26.8065
25.931
46.7707
126.764
90.4665
43.2699
51.7643
22.4698
43.3605
140.312
48.2121
51.9915
23.5322
48.6954
107.866
66.2933
97.8946
58.7049
35.0988
78.1132
19.0222
78.779
33.8282
45.2245
162.756
171.777
58.6301
101.284
196.113
140.178
117.532
119.567
137.494
57.0089
94.8103
105.288
45.6326
308.003
76.186
26.7203
55.5176
213.891
48.876
62.9742
85.0297
42.5062
35.7069
54.9629
14.1941
126.372
47.9883
72.9535
74.6916
94.7612
34.3586
36.0537
43.3259
177.237
81.1901
107.363
197.195
55.4642
22.8371
133.527
97.7495
75.1224
160.642
39.7102
176.802
83.6176
200.523
72.4483
35.7623
33.5273
96.2452
228.066
60.4536
26.3613
112.014
91.5572
174.513
81.5382
45.8305
295.465
61.9103
38.5675
28.88
87.0899
97.7083
84.0928
54.9236
27.0485
64.3295
22.9269
39.6702
25.2553
77.4922
74.609
96.7898
76.5804
61.6219
154.983
35.1533
35.0658
20.3415
92.7503
40.4405
147.401
75.0683
46.7704
23.7216
23.6548
121.392
68.1651
123.419
30.6333
37.6493
25.5807
18.5262
17.6657
30.2282
48.9731
22.2473
76.3861
104.144
230.855
64.4789
87.6849
44.1027
19.0652
34.012
52.3235
14.7225
42.1363
100.192
15.9686
52.0224
49.9951
135.41
55.4291
117.97
43.2276
10.7699
85.8997
55.4702
34.89
33.314
411.75
75.2194
139.458
52.4638
206.285
30.5028
25.9594
121.72
82.3816
65.9224
85.805
190.869
71.6882
13.2148
80.0248
8.26307
67.265
114.087
42.1311
47.1734
22.097
55.078
174.866
19.0131
41.3432
102.336
181.136
9.76863
26.7726
107.882
64.0592
134.813
74.1545
28.6415
21.4003
12.7529
114.101
270.909
60.5522
62.5603
65.3507
28.1087
37.639
30.2176
47.8208
64.6981
66.8133
42.5044
37.7704
159.311
13.1426
27.9788
133.59
56.7057
127.987
36.1602
190.989
88.2265
64.9148
12.7412
42.697
67.547
114.712
282.254
36.1213
107.178
60.857
67.3534
99.3904
57.7779
36.8198
47.3796
65.6504
295.114
74.013
110.782
231.629
51.7399
41.9706
120.783
22.0894
35.0712
149.953
83.8797
71.3922
72.4267
23.7871
17.9937
85.4298
234.128
71.9807
78.1582
123.846
152.967
23.2635
75.5343
13.8846
30.8995
94.9095
30.6357
278.163
218.936
121.458
121.641
45.4082
22.7526
198.804
33.6509
11.1316
213.922
8.30884
12.2233
99.6095
17.2097
23.6223
41.8885
51.9549
109.369
59.4187
32.7834
96.4642
134.459
51.3804
23.3904
26.5752
124.223
118.72
85.5707
40.3942
105.411
73.1335
91.6901
158.676
53.2375
62.4052
37.0796
64.4607
109.277
85.8794
46.4772
240.099
158.88
246.271
26.2637
55.8131
53.2212
13.1786
55.5995
35.8659
115.652
74.3881
65.1614
186.224
48.6971
44.0361
144.54
29.4148
91.5134
18.8348
28.9133
59.1144
54.9001
163.554
77.7278
48.1282
23.4053
73.7637
23.2208
87.3764
447.934
26.823
40.7813
74.1201
169.37
61.4595
92.2856
62.6047
318.922
87.5398
136.048
96.4026
130.609
32.754
143.738
85.9018
238.985
78.6906
94.227
61.7419
159.933
90.8784
47.2001
26.5795
12.9215
14.6047
40.9399
103.764
258.345
101.826
19.8609
44.8422
65.8025
408.319
58.4557
100.619
192.031
64.0976
105.489
117.684
52.7093
203.454
62.3619
117.609
52.9358
26.4788
206.56
95.6921
147.113
93.8006
197.305
94.7208
124.668
68.0484
187.22
175.346
46.1659
11.7307
321.309
62.7959
98.1947
267.785
49.7844
56.0756
49.8685
28.8954
44.9383
152.243
92.4156
131.405
24.2565
82.0608
20.9269
116.288
61.2757
41.9119
41.4142
20.5151
66.6301
286.016
99.0037
197.466
45.4378
68.7904
12.8167
75.2928
74.3185
167.343
49.1697
160.22
168.231
208.513
68.3181
63.9075
34.6144
76.1045
25.7664
197.359
14.8768
91.6768
32.6736
224.131
208.235
24.5509
92.657
51.3006
226.899
38.4103
60.2564
23.7527
43.4661
206.354
10.3198
58.8288
100.087
90.9677
146.19
80.4772
143.599
27.1972
40.3389
199.095
39.2689
34.7393
168.765
68.5719
185.124
60.0229
41.7489
52.4621
98.1929
23.9496
82.1309
82.6936
68.2164
27.6822
302.504
52.6578
58.3093
141.501
18.9123
60.3254
36.8384
100.943
165.854
23.4707
80.568
150.437
284.492
18.2567
28.5477
114.537
37.1359
93.3427
80.9571
99.3441
163.44
42.4759
10.9082
191.414
23.8671
41.0483
49.3515
91.41
89.8259
48.5163
45.3707
78.8725
82.8676
48.2735
24.813
29.5969
55.3323
40.6555
145.779
141.818
77.829
25.4858
120.343
220.391
85.0436
19.7073
16.1446
127.582
58.8499
115.572
28.6689
30.6947
27.073
21.3872
34.0159
68.8024
49.0756
35.1879
47.2103
63.0166
28.7899
372.764
47.5845
40.9282
51.3358
42.5783
260.066
7.31697
53.2428
54.8897
23.1411
161.693
87.4692
172.476
132.479
77.5318
55.4061
32.8331
6.19951
20.4144
52.862
86.2428
87.467
79.3085
50.6992
139.125
57.0942
72.8338
63.5003
19.1231
125.927
14.9497
152.816
36.2168
224.617
12.3844
71.7328
32.5764
41.4704
26.5478
27.6884
34.6528
36.925
63.5693
100.157
76.4277
138.802
299.871
103.802
197.415
122.457
52.7184
96.4549
146.034
26.3969
23.6565
39.8268
24.6028
188.579
100.246
38.5568
30.54
45.6589
173.567
57.0615
47.2014
65.4593
60.2389
229.653
57.2903
122.009
24.3036
229.386
19.8124
52.544
74.645
119.802
31.1125
46.1847
82.4261
70.5556
55.5325
18.8191
366.663
126.759
46.5945
134.858
37.4619
16.6695
15.1788
80.541
36.3218
123.362
31.9741
147.756
120.909
77.2243
94.4496
74.8303
44.563
30.3703
24.5076
86.0543
12.906
160.342
18.4725
26.8998
33.4976
57.3384
69.9003
42.9445
81.0633
58.2695
60.9137
36.1933
76.4801
138.488
255.057
49.6202
41.9534
38.3523
42.036
58.7524
55.1769
227.039
96.6525
84.5539
77.9242
60.7711
30.3659
204.571
12.0566
100.275
69.2978
29.8167
62.0542
27.4742
80.9361
18.5164
71.4108
256.099
56.9417
65.1098
88.2109
53.3986
135.018
349.131
84.5337
119.602
44.343
36.8282
20.3905
32.3196
25.8189
97.5657
47.0737
62.4518
67.7719
120.288
18.6415
77.3494
89.1053
27.8063
249.76
90.1432
59.4599
10.8596
28.9021
8.55149
16.7713
85.0393
35.086
20.8996
43.9532
25.0909
22.6639
26.5203
39.3502
330.392
138.168
60.2816
75.7272
42.6255
11.8491
70.5984
150.812
54.4119
203.532
21.4909
35.7102
84.6813
22.8413
36.6493
80.5759
34.6915
12.7178
66.0071
61.7252
134.618
59.8167
171.87
121.887
68.3575
40.9859
79.4655
88.1759
35.5672
20.0051
26.8867
117.568
34.5258
90.6395
53.6575
49.4817
88.8178
22.4817
179.748
145.544
47.263
38.8933
60.4121
74.5711
70.6441
362.672
52.0061
50.5576
79.6195
40.8325
66.459
130.801
169.522
181.6
99.6324
34.9657
82.8708
77.1632
42.1959
32.3108
114.299
39.2171
70.9203
37.4494
43.0009
265.308
126.56
52.3655
83.1523
55.831
149.085
25.8795
76.9225
56.2656
14.4524
20.2774
32.1174
21.7608
33.8773
22.6951
50.5837
72.0704
52.5136
28.6276
88.9847
14.464
124.504
52.9958
143.441
63.7376
31.3144
77.3205
85.7519
36.3479
300.965
48.6294
77.2016
18.0551
265.58
48.1224
43.2162
228.135
142.316
56.2887
148.865
67.7958
81.6919
136.13
48.5783
42.8647
13.1344
121.007
182.051
56.0832
46.3775
21.6765
49.2462
18.6829
66.7538
27.3414
47.5565
162.467
15.6527
59.0009
77.5959
20.4965
122.289
18.5301
42.8836
156.482
14.413
72.1814
15.5846
34.8165
28.0374
76.9667
192.805
36.9761
61.342
65.0123
27.3294
68.3784
160.92
139.143
24.3767
74.0549
44.0139
79.4215
40.8297
12.7008
180.291
138.537
15.007
125.765
64.3819
62.0712
90.124
37.5319
103.975
29.1836
162.48
50.4186
121.551
147.598
80.0547
62.5127
39.5586
117.534
100.311
52.805
60.5842
75.4477
68.7581
18.123
111.273
103.884
67.6339
25.9648
17.6844
44.4225
22.447
71.811
110.714
13.7551
23.4444
170.772
51.9783
91.3123
21.0234
101.924
112.516
120.974
83.6343
68.2789
63.0803
110.555
356.714
36.4935
93.8317
27.7429
76.2192
214.803
70.4846
30.5541
10.6787
114.181
257.83
87.3871
27.7342
39.0401
44.9669
203.951
30.6607
23.091
36.4652
126.347
81.4199
65.2169
96.5323
49.4567
95.9225
60.9132
200.935
41.327
67.5171
46.3734
31.6178
125.557
122.791
208.527
74.6604
46.3071
64.325
47.7222
154.565
25.7074
216.676
94.2804
97.7858
102.761
70.9612
67.9424
43.0605
37.3991
35.3476
84.9206
333.895
25.1431
62.1972
80.4418
31.7951
55.93
46.7101
120.847
124.466
47.6962
11.3939
97.7609
111.582
18.6755
163.017
74.5851
130.872
16.5713
42.6991
76.501
146.82
42.2955
156.188
117.825
67.1605
59.0049
45.5419
246.269
63.2711
73.2097
55.1826
418.027
51.1869
34.8102
34.3935
91.9983
31.2023
173.869
83.642
58.1847
43.9866
27.3587
33.5459
22.1555
76.9403
81.6709
20.9616
24.5175
264.815
54.3759
89.3136
126.612
49.6097
33.2907
178.891
93.5818
37.6826
69.5802
111.619
66.6826
17.7602
14.7993
108.599
175.923
135.957
122.31
24.2476
12.6945
19.7521
260.725
47.6039
237.836
96.8608
100.746
292.106
63.5158
225.681
118.655
51.5481
23.2569
94.9435
87.2918
150.252
113.96
178.991
30.175
32.9205
92.0803
48.4325
155.313
5.33243
27.6831
10.7708
33.4663
64.6489
93.3035
32.0749
292.437
95.7672
54.3095
67.6856
40.526
48.4037
191.873
89.8326
41.7935
217.208
75.8236
142.932
41.1957
29.9159
37.7178
89.2895
268.706
143.24
13.7048
95.2522
25.245
12.6141
34.0802
49.177
335.047
64.7102
64.4865
162.736
206.407
100.393
99.9363
11.9256
68.1914
166.81
159.732
79.0843
116.597
68.5602
31.5872
18.7441
114.174
103.621
38.5804
101.485
295.033
85.156
54.282
86.9306
58.9345
46.4407
101.894
162.92
174.884
29.6577
89.485
60.4405
53.6949
163.227
33.317
60.326
90.4844
48.5832
107.037
31.402
167.475
123.31
151.653
36.5707
92.5691
78.746
110.705
54.9875
15.9747
140.316
38.1149
116.533
203.39
16.2307
89.9142
85.0352
119.645
154.074
78.4098
63.8471
206.97
24.539
127.317
56.3499
53.4002
129.688
75.5606
30.1654
78.7975
8.35544
298.636
33.3428
112.292
122.736
30.2493
115.535
15.4965
179.445
149.116
137.67
41.7618
14.6703
68.3067
58.5804
24.2042
52.711
39.3528
47.5601
88.8905
46.158
47.4385
69.8933
42.8955
32.1496
138.26
131.467
198.347
20.6771
88.5639
90.6006
102.048
101.178
30.3592
74.089
97.2052
68.1579
55.798
111.819
17.9499
31.6459
103.156
47.3092
32.8542
263.043
129.542
130.243
63.2293
101.579
17.0555
19.4782
110.08
39.1653
137.059
72.034
73.1149
40.8232
83.5135
123.384
63.7952
24.8343
160.205
60.005
88.0038
74.6584
86.8294
33.5626
45.7875
84.5098
112
37.8056
99.1047
80.6996
25.6795
62.4558
13.6519
95.5115
46.1239
30.8469
176.344
27.9521
68.3897
171.272
45.2949
61.5487
259.701
27.0173
63.846
122.647
149.285
39.2756
84.5246
145.548
31.0984
67.3146
166.846
46.102
107.852
54.3337
113.833
52.9107
130.803
108.87
67.6834
58.7558
57.6426
197.404
58.5404
51.5518
107.978
36.7295
88.1649
62.7748
14.5737
50.685
208.015
73.0116
60.4076
135.371
166.511
144.112
115.603
21.3967
17.9453
17.6911
21.3487
13.8992
42.2093
17.2128
42.2127
21.5482
107.734
11.1501
124.454
56.7797
30.7876
190.825
36.9427
44.5175
56.391
27.6905
32.8494
194.024
35.7285
20.9095
59.1416
113.992
70.3453
218.814
92.015
59.7663
220.955
83.2297
81.5593
34.0935
61.2036
105.933
72.5738
47.6457
256.302
153.354
474.398
39.7952
98.1279
42.2045
24.8628
88.1187
32.792
48.7339
195.971
175.376
39.3127
81.6695
63.096
146.585
52.8604
109.818
18.0522
23.1478
109.433
77.2078
39.7155
33.3965
29.0457
109.079
160.597
82.2735
313.952
28.4751
160.864
121.521
114.551
74.0114
78.3482
14.7807
51.1716
46.7618
81.7583
151.632
44.9236
38.7284
56.4957
151.212
78.1733
39.4277
66.1404
86.273
28.7536
165.841
62.9041
23.5307
51.4611
37.1799
224.56
61.4353
37.7425
13.2802
58.9256
49.1564
124.896
11.3934
54.5632
57.4579
53.9485
81.5739
261.6
21.7664
30.9584
52.3576
75.889
121.762
63.6088
47.7264
104.612
137.434
203.637
56.5679
40.8212
52.957
139.367
69.9104
37.6108
34.1314
80.3857
26.4614
51.0007
63.7395
26.972
34.9455
84.992
54.8867
44.7144
103.301
148.402
27.6558
106.358
35.0054
50.0119
29.7727
14.7988
34.7688
314.151
108.678
88.5963
117.075
26.2543
78.1523
90.8675
80.2628
28.2564
133.447
25.6507
255.741
214.2
57.2721
45.337
58.396
37.2656
163.953
42.3997
100.904
40.7471
15.725
107.328
65.4674
95.2285
48.7069
74.5231
177.066
48.0591
89.0689
45.1767
151.673
120.549
32.3383
50.6069
71.9773
285.306
110.523
109.685
99.2846
21.5151
158.95
40.7849
48.5872
94.7194
50.9431
29.6072
39.8817
75.6046
29.8359
124.972
211.168
159.767
41.4292
77.1016
117.658
38.9909
102.803
14.9931
76.2935
26.2442
53.569
81.5862
53.3607
91.6931
121.255
52.8303
20.7731
32.8559
49.716
108.41
51.7883
40.4357
240.659
218.879
65.8932
44.1552
34.2995
90.4516
114.779
106.104
29.0071
105.304
121.091
270.77
71.082
196.243
128.231
68.9539
26.8442
329.753
187.331
66.2097
25.6536
32.2276
152.962
74.1494
59.6176
328.512
68.4176
60.6631
129.116
111.694
44.8345
43.4945
23.1375
71.8576
250.446
126.326
153.092
149.979
30.4283
137.469
104.608
19.4493
76.6069
95.5413
38.8256
31.5599
158.63
49.1954
255.379
63.9911
29.2276
11.271
39.3998
66.0344
25.2683
46.4526
20.1544
211.581
172.188
57.1115
18.8402
97.1502
76.7202
63.5666
18.8861
98.1473
25.7113
44.1676
65.7759
66.6044
51.1421
15.9913
56.8457
162.982
251.856
126.418
88.9897
59.5602
34.8232
82.9772
39.1874
39.7718
70.7809
96.4561
50.4053
89.7702
52.419
31.0039
96.052
128.967
26.2455
47.2621
155.417
79.8283
56.0322
22.3671
55.5926
88.1649
115.594
26.3276
75.2361
96.7094
45.8755
108.301
43.4051
429.153
13.4955
27.4272
34.7032
42.6953
86.0154
37.9912
91.4567
36.9298
83.4246
167.715
309.55
141.795
59.5359
41.7991
127.443
59.6567
48.3402
73.2581
26.8242
53.5879
155.852
11.1322
166.534
9.77344
48.9857
47.4062
216.88
11.2072
32.2157
33.1799
13.3584
155.469
60.2981
13.9955
133.785
242.44
94.8594
26.4137
45.9626
154.644
18.1008
47.2868
72.4975
136.438
88.4912
48.5733
37.1648
49.0731
96.9311
227.743
78.9345
195.783
38.4051
350.078
160.878
176.475
48.188
17.5246
53.4961
70.3241
17.2636
34.6986
116.07
66.3156
251.099
41.8097
94.112
179.097
149.74
74.4101
42.1814
138.54
79.5242
32.3978
80.8155
43.4886
129.702
59.4624
22.0187
18.4707
54.4581
121.722
51.5961
23.9952
36.1298
84.3425
33.5828
31.6565
74.8426
16.4936
51.1504
84.2909
100.794
212.546
29.1194
21.5945
29.1568
73.0238
42.9028
85.3709
12.1232
20.2054
72.8016
42.0862
105.841
95.5069
55.2353
94.2169
25.336
15.909
73.1667
38.9595
65.9499
268.589
234.377
245.765
113.801
135.874
174.274
25.4589
18.7318
53.774
25.6561
47.3935
44.7933
68.2715
61.09
84.4843
85.3751
60.4504
194.605
64.4002
46.9036
54.5951
169.954
143.171
66.9002
107.867
36.699
93.368
48.0608
140.674
120.999
158.045
111.832
80.7279
35.0989
45.4601
36.8262
45.2433
59.0732
119.902
76.9183
80.881
25.3638
213.853
33.6285
20.8986
132.267
87.9093
53.9567
60.3716
66.3497
48.3872
24.2444
56.3534
86.7912
72.0745
30.6484
66.0673
19.5561
25.1724
31.1189
32.5747
288.403
120.509
119.5
93.7727
94.4956
86.3422
46.3709
18.8867
19.2804
20.0243
20.3089
60.576
43.9012
30.365
22.3287
55.9361
145.485
74.4226
207.381
23.3847
27.4455
53.7377
25.0478
14.4174
96.9513
38.0673
162.364
17.989
20.6109
43.4643
20.2523
34.1789
54.4721
79.9599
69.0535
136.42
45.6242
59.6893
97.4582
10.5083
274.228
22.3281
71.3609
20.0192
63.8611
49.3225
54.602
18.1767
65.1132
91.2385
88.1589
54.7265
14.5555
116.291
51.9426
108.712
172.504
34.8853
142.197
40.1913
84.5706
38.8621
141.017
34.2335
143.409
43.2682
48.254
96.4669
164.461
155.836
34.2564
88.0212
99.5107
63.7248
45.9474
160.099
24.1603
96.8598
127.457
117.428
17.8946
100.816
18.5935
56.2105
161.888
96.3815
57.0123
135.002
59.6724
15.2484
255.422
71.6119
58.8934
19.2728
165.648
83.5855
209.671
68.4106
75.1808
86.2436
188.512
32.2041
106.71
116.598
23.2122
27.5054
182.412
131.372
92.1229
145.411
22.5442
44.3641
63.5799
150.276
46.6869
30.0033
65.7321
223.747
77.0375
23.9863
155.641
87.0057
131.255
100.68
183.839
102.133
61.0855
36.6014
71.6404
22.3373
160.1
50.0791
219.034
147.052
110.472
146.23
49.3967
27.3435
62.9889
75.4599
29.7682
59.3786
33.8996
101.788
27.8927
47.2591
21.9986
83.1619
70.1775
112.209
176.647
35.1214
186.983
96.5146
259.544
79.0774
18.6646
88.51
55.1306
32.3755
33.4548
9.63895
70.4704
77.4719
24.4714
40.6445
53.2891
355.883
146.421
364.326
85.7601
323.579
150.717
81.6818
79.0023
45.6208
28.5838
80.6488
44.9703
38.1019
57.7017
68.7968
48.1284
23.5802
41.8708
117.924
149.846
21.0655
231.39
24.2
19.5646
60.2915
115.14
143.598
59.3979
20.8427
24.8152
96.2331
48.3277
38.736
37.4596
54.1206
35.0801
56.0776
82.5106
101.084
52.6995
20.0724
26.8156
25.5814
29.2618
98.7096
425.286
13.7671
81.791
48.0222
56.268
84.3964
215.04
61.0956
32.007
68.0837
122.254
78.1247
106.071
53.3388
79.2824
295.744
80.5394
100.082
40.8989
20.03
49.905
42.6283
142.033
250.447
73.4229
50.8422
50.595
24.6875
36.1534
150.195
43.6062
31.0354
8.21023
294.998
156.078
116.219
202.333
227.331
180.89
56.0111
117.519
57.9703
22.6629
34.5088
58.9367
118.776
153.846
123.428
216.978
117.002
42.2792
65.088
65.3925
39.7627
39.5916
147.726
55.0499
238.245
47.8013
73.8105
28.8488
79.8325
80.9421
100.036
265.981
34.1208
29.6618
162.48
81.3805
64.3436
77.0634
28.9263
68.0006
69.848
162.769
132.709
41.7388
14.1664
354.762
36.8178
35.491
42.1461
35.1694
127.888
52.6727
38.27
469.828
92.6356
135.613
40.9094
43.7648
108.346
170.88
13.899
131.231
213.727
26.1602
66.0949
64.748
115.159
314.841
84.4592
26.2706
45.0871
133.798
85.5375
117.085
36.2184
157.659
104.053
35.3179
160.566
230.432
80.4468
15.1149
44.2282
21.2902
110.268
59.5593
30.3203
126.969
100.714
103.612
242.323
85.5488
188.468
25.3604
53.206
81.9502
216.396
92.2048
23.3775
105.788
26.3363
123.593
49.0481
23.4042
80.5721
118.474
110.605
82.7002
52.3506
24.9713
74.7942
44.1196
81.2238
39.8768
62.8003
122.763
179.007
47.7798
48.8136
19.5875
26.5648
102.81
202.168
95.5184
46.7487
56.9238
31.0952
25.5093
22.9912
130.912
138.043
191.026
21.9393
30.3043
43.5514
347.784
45.3094
28.24
241.032
74.8338
94.717
77.2551
145.721
94.4575
104.092
183.816
38.3827
23.8816
124.267
22.475
31.6237
41.6784
251.82
55.268
109.953
51.0117
146.545
60.3102
135.128
102.82
29.8906
40.3645
23.6535
312.023
30.55
88.2477
35.661
56.1784
17.3156
128.879
41.4103
26.7583
145.093
133.493
110.613
99.4169
156.195
126.986
25.8249
53.3667
245.322
33.9682
98.9927
114.786
82.9383
50.756
123.51
49.6063
99.9258
50.785
51.1287
42.5117
304.622
154.295
47.3272
63.2369
35.6966
104.989
22.1233
51.5483
33.7526
86.477
28.3431
15.2258
122.358
36.6871
58.4043
21.3799
30.797
70.7619
17.6407
134.926
168.616
38.8826
80.0525
41.3907
31.6743
184.261
177.726
42.3027
46.6726
95.1729
25.8815
125.815
30.1027
55.9584
98.178
56.7439
163.452
174.244
36.0875
69.1141
45.439
23.5033
152.469
53.8171
58.7721
61.8745
30.6383
84.3359
90.785
167.439
45.5282
44.16
311.833
51.9222
72.0604
36.6012
33.4376
34.6977
78.9111
65.2239
37.9876
110.535
93.8803
65.3005
104.05
39.1052
165.498
217.009
49.3081
28.5308
74.5265
37.1181
127.947
109.791
76.5659
41.6388
13.7
20.986
18.9854
15.7928
35.0712
48.5233
65.3491
26.9752
165.335
63.0273
67.909
13.29
85.9396
89.1887
20.6818
95.6473
25.3536
39.1067
36.8886
59.2405
96.7107
97.6701
125.407
22.1665
25.8216
91.6081
31.9322
105.169
79.7301
25.4611
168.92
176.339
83.2279
53.4042
99.164
30.48
83.2406
209.191
72.4746
28.5801
35.2596
61.354
21.6547
81.3418
97.0762
50.1703
23.8261
66.3264
44.6426
31.6505
47.9869
57.0687
52.5263
40.641
89.7452
19.0499
83.2691
11.2306
80.4476
27.1611
122.344
11.2139
138.024
65.3925
27.783
87.6575
71.4421
30.3164
31.8777
24.0043
74.5775
50.2142
61.8905
77.8568
142.021
97.8263
76.464
54.1637
78.4405
29.2531
141.213
109.21
35.5657
18.3102
133.656
13.4319
117.503
70.822
92.8443
40.5398
162.836
24.9689
83.0309
103.66
31.6964
85.6479
48.1664
64.9961
62.1425
63.5402
9.72859
140.464
122.996
28.5949
53.6182
70.4119
148.869
70.2289
72.1946
23.5299
35.0962
69.7853
73.4947
59.3018
144.556
72.9967
13.0876
93.8398
74.4086
48.286
79.1279
36.6518
24.369
49.9297
48.2557
41.6634
103.402
81.7527
39.2517
22.0233
22.6955
70.1869
36.6595
39.6439
64.7122
20.4512
109.399
310.397
55.9728
103.724
28.8088
81.4951
41.166
102.758
40.0818
78.3075
21.2892
73.5364
56.6613
62.2862
97.979
54.4075
192.835
49.5903
186.1
191.599
20.0361
235.477
69.6003
118.567
20.9525
252.907
42.7954
39.1825
259.758
41.0433
225.359
60.1686
152.392
61.1951
34.0045
46.7983
36.6971
30.4507
250.535
188.19
192.585
34.2252
85.2565
30.0828
24.3175
36.3322
84.6301
14.1815
102.786
13.3496
34.6178
156.451
164.756
131.292
48.9578
56.2073
87.7399
79.3311
50.6732
163.177
42.5622
33.0644
9.24764
230.569
12.7369
59.7587
174.402
49.2275
180.435
79.8661
157.575
40.7055
195.543
137.982
31.355
59.344
258.48
164.792
360.291
18.9718
171.343
110.689
204.287
66.2539
31.5139
31.4987
64.0393
27.0729
30.8356
122.852
134.038
46.6415
71.9311
69.9339
87.8289
34.7742
31.1852
32.9838
80.0185
47.8845
83.5062
42.0791
78.8035
90.5455
73.5691
68.6043
59.3842
226.938
49.8746
15.2438
21.422
48.7274
45.2096
36.0481
117.789
70.7297
22.9097
31.0281
107.835
51.9138
23.4541
44.6513
97.3621
43.8457
148.114
20.8866
33.9313
34.4618
25.269
89.3691
24.0004
57.3222
283.513
86.7409
35.4082
177.749
38.1344
40.2666
66.9094
81.2109
60.3745
10.8248
97.3539
111.842
28.03
12.8782
17.7969
156.139
136.262
14.7663
161.898
57.8505
11.2237
138.415
189.226
59.3973
19.2335
13.5143
42.8885
94.611
234.142
57.795
101.776
14.0938
35.2979
190.869
111.644
60.2959
95.4541
84.7151
58.2108
43.2099
69.5159
176.467
53.1933
99.6718
38.555
22.4291
73.4731
22.6616
82.5526
79.2463
74.084
35.0097
197.191
65.4332
56.8656
138.546
364.963
180.911
83.5716
62.625
80.4675
82.7031
174.942
34.0828
20.4813
29.4717
235.376
50.6397
28.6271
126.897
82.2079
15.1699
6.67539
49.7608
64.5672
122.028
121.653
191.95
175.827
64.5599
84.0866
15.8799
31.1101
223.665
308.239
82.5761
133.319
136.966
121.658
88.2122
86.1029
222.087
59.079
235.771
63.8626
250.577
35.0906
61.2923
25.4051
44.3544
124.001
60.0595
25.3142
143.42
105.932
44.4888
93.322
134.641
64.2125
102.439
116.874
77.5336
55.4583
30.4968
26.9909
96.9551
56.5506
10.5827
28.519
59.5697
35.7266
75.9402
141.004
71.4458
22.9316
64.5725
19.9364
67.3853
28.3744
44.8867
28.7823
111.436
196.403
107.691
53.2711
9.61862
61.6828
81.3632
16.7361
118.587
212.637
209.165
19.9573
82.0031
85.4707
23.2562
244.136
77.3193
247.226
138.847
45.7258
16.9524
118.474
50.7408
101.307
28.3218
116.925
13.0283
241.033
54.9183
32.1096
81.8098
147.362
16
123.737
82.6789
122.998
259.009
132.274
56.3543
110.955
84.1383
17.9692
130.349
61.6876
151.332
50.9613
53.8607
37.1113
171.892
17.6321
182.732
15.9974
40.9949
65.5742
20.9157
78.6843
183.633
63.3672
205.422
145.928
28.8634
50.955
37.3837
14.857
146.881
76.6091
10.6287
125.814
56.8368
52.2293
48.8375
39.4891
33.9908
51.2099
159.429
30.4225
65.0179
59.1569
43.0548
24.2109
28.4527
198.978
26.2678
64.6776
73.2872
28.7019
65.0969
27.7513
25.6281
36.6778
61.2188
89.8872
17.4359
65.0431
61.8444
119.462
35.7024
136.04
24.7791
77.3683
116.77
34.1704
206.623
597.144
30.4419
24.9311
29.0582
64.6719
21.6698
16.6364
212.334
101.576
100.124
24.0584
57.1751
36.0929
39.2246
49.2324
16.4555
59.1658
91.4072
121.29
34.2738
31.8746
214.81
20.1479
94.3209
56.9104
61.4873
16.5998
46.1611
87.0774
67.5618
127.463
61.2396
202.527
69.5418
130.37
105.333
59.7717
29.0067
154.108
22.5261
100.854
82.8081
198.436
25.1017
89.1077
64.0757
313.433
244.174
38.085
105.496
45.5799
20.5861
98.4376
83.7351
87.374
112.251
141.108
28.3471
50.1157
98.738
18.953
336.908
31.1844
60.7642
120.906
39.6465
31.7645
80.0171
72.0946
167.675
181.741
36.454
152.391
68.1427
55.9439
27.424
55.7062
122.983
31.2271
99.0881
21.9849
87.7421
49.9103
116.874
112.25
87.1226
49.729
43.7955
84.9023
25.0458
78.9519
107.34
15.2987
79.8967
211.246
26.2765
38.2064
164.014
132.451
137.477
17.7109
55.2954
32.8509
25.2983
35.5282
103.494
28.2923
53.024
35.8741
38.3058
53.9712
217.383
89.123
82.3607
79.3443
395.071
94.2502
27.6824
105.242
17.4
198.189
84.8909
56.1213
46.6572
17.4834
60.7654
13.8749
22.3389
20.2282
24.7814
133.36
85.8362
35.6866
108.977
31.4354
49.0467
53.8713
114.698
39.2166
21.4479
25.6037
7.6161
59.1852
116.487
35.5153
30.689
107.925
102.08
91.8863
90.7465
76.3172
38.3792
182.961
451.908
68.3448
71.0707
80.6698
71.0318
50.8306
82.12
16.9851
33.937
232.873
113.844
137.091
126.341
45.2949
11.8009
27.7499
46.4698
30.2888
168.764
111.06
226.599
82.0726
96.8218
77.3954
127.599
135.486
80.8954
44.9291
54.9734
145.923
59.2783
156.404
35.2107
34.1662
166.908
31.3737
14.1649
163.148
33.6199
45.7534
48.1279
28.558
74.8496
75.838
34.9921
33.8147
54.1229
74.8075
44.1202
112.949
57.7822
46.9155
58.4693
95.9468
28.6926
14.8533
20.1025
93.9773
57.4011
29.1004
65.6233
208.46
118.031
36.4673
75.3285
43.0137
268.942
85.5321
25.2207
30.0386
41.2196
135.638
45.1374
53.6396
74.1078
51.862
31.8939
95.4042
123.744
59.0841
100.226
49.8001
27.4257
271.212
278.533
247.475
82.3645
108.18
80.1096
112.522
38.7508
32.9947
108.158
128.037
47.6912
106.449
16.7295
51.1794
58.3263
111.86
99.1382
156.618
71.5379
256.783
253.548
281.49
38.4491
111.628
56.9787
105.411
138.167
21.5156
23.7286
20.2605
41.4498
27.6817
74.4751
21.3431
140.061
43.7891
38.3942
76.2594
232.208
48.7474
61.6356
44.4318
17.2577
44.2319
17.4006
7.55231
28.1623
48.1801
76.6774
98.7113
53.8517
30.1586
61.6709
72.3828
34.2601
75.6338
14.0125
158.123
110.69
260.736
26.1889
81.4042
110.574
38.7237
112.775
104.098
27.654
198.822
71.8955
34.0702
163.358
92.1972
116.442
30.636
52.0056
31.6642
261.738
118.571
69.9521
224.318
18.6274
14.8355
16.676
272.74
67.9152
87.535
73.8146
28.143
27.6414
164.051
42.5337
84.1219
32.2005
155.149
29.8247
56.4468
73.2407
24.2995
80.0664
59.1661
38.5842
91.144
134.309
43.7154
262.325
68.2044
78.186
180.841
82.3559
258.022
67.669
78.2942
132
93.5476
175.992
52.5946
44.253
17.2971
46.7698
70.712
125.633
17.4065
23.7906
121.427
10.398
92.3532
43.5371
13.3215
45.4415
296.756
134.243
155.155
94.2248
17.0503
60.8665
65.2568
36.8485
23.5162
27.1445
141.715
10.9438
18.5433
184.501
144.338
130.36
28.205
40.2583
28.8327
24.4237
64.6792
103.951
110.836
144.913
139.966
40.7097
51.3022
37.0054
81.4349
112.663
19.8544
213.86
124.021
16.9541
30.6807
30.7743
69.145
37.0688
71.1459
40.0384
24.1825
226.95
53.7752
83.552
261.914
174.852
31.9111
33.5184
48.8778
60.9492
38.0808
188.39
576.492
54.7554
64.2216
98.3254
90.2143
72.344
22.8891
32.3934
34.8429
108.238
27.2635
459.283
63.7215
49.6094
89.893
86.2345
131.794
164.022
34.3342
269.422
79.3662
93.3012
53.1136
33.7889
138.965
77.8074
157.517
77.4038
58.7206
57.9051
33.856
54.3073
87.974
61.3127
141.332
80.2592
139.532
30.366
18.4918
260.173
62.9023
187.05
77.6626
26.6482
129.371
153.051
91.2312
38.0666
95.6262
79.1578
38.2347
24.5482
56.5342
130.646
10.4148
38.6581
46.4187
17.507
56.4928
88.4802
61.139
178.107
71.2479
89.2829
46.4895
84.2565
119.955
106.009
290.843
54.0338
38.5481
28.1329
71.1863
53.535
43.2377
107.288
40.487
201.312
35.7954
58.7381
10.0001
97.5851
96.1018
26.8405
72.2724
24.8166
109.203
26.1671
49.5098
50.122
21.3663
19.0675
68.7621
57.2304
17.8874
53.1197
37.0608
89.2332
88.269
32.1138
55.671
141.837
135.793
97.4576
95.2341
53.9748
353.54
16.7086
84.419
295.34
79.6371
60.2541
246.3
76.6524
45.9109
67.4113
31.527
20.8052
11.7393
124.072
18.052
30.3219
161.186
81.5703
212.059
48.6471
93.0968
82.4677
116.954
119.765
214.543
23.9633
88.1327
45.6498
21.7994
89.9294
47.812
59.4743
55.9069
13.4976
100.475
378.105
104.408
81.0466
11.1796
103.423
110.654
19.9901
32.3871
246.324
24.2951
172.989
14.8446
71.621
105.578
63.9775
88.5689
73.8663
135.708
217.394
101.341
163.643
19.9052
154.173
120.151
65.2442
37.3709
61.0322
75.4805
40.6427
89.1709
107.447
187.783
93.1063
33.2982
84.5919
17.0131
179.202
24.0699
217.907
16.7348
333.594
271.074
105.229
13.9593
117.089
126.047
86.6335
35.4985
88.3742
76.9953
70.8929
99.7877
88.9486
28.4256
48.5462
86.2625
12.8698
32.367
121.682
77.828
20.7337
108.35
83.5269
202.507
34.0661
21.388
37.945
120.795
13.7048
74.4607
25.8016
12.0435
19.4273
168.631
94.95
224.124
67.4918
36.0781
25.5531
128.818
27.1653
45.1721
82.9197
51.5782
27.746
22.5483
149.361
76.566
32.9449
80.2741
163.965
106.647
44.2984
80.7059
107.546
30.6636
28.483
64.4584
15.5843
199.747
69.7381
46.7675
57.0451
6.78082
83.6639
57.6129
130.377
133.921
315.3
97.9627
30.9826
8.51702
46.2089
35.0629
14.5827
16.2892
131.755
51.1035
198.682
182.989
148.415
30.1002
160.188
188.183
30.5178
110.155
102.206
33.0331
100.242
142.778
15.7768
97.745
49.623
95.4263
13.8579
57.5725
6.64667
18.2902
59.314
76.2103
35.1077
35.7896
21.0897
123.498
81.4351
28.763
98.4247
35.8755
32.828
76.3273
97.8318
29.3614
225.305
51.9334
104.293
23.0384
26.7653
17.5789
187.525
94.8568
26.7338
15.9935
26.9762
187.563
60.6318
74.4586
69.9819
25.6511
13.7735
214.559
58.3244
121.841
47.3326
128.451
48.971
185.874
179.838
58.3274
22.3798
22.0455
149.956
94.6789
137.916
52.635
35.8801
54.1181
38.7427
168.319
213.413
74.7594
185.01
45.0976
55.81
63.4446
96.6381
89.6699
78.568
130.761
133.852
35.6998
83.0158
249.687
84.7331
52.6075
55.3884
55.414
46.8674
53.7349
14.5631
43.4131
42.3297
68.2667
66.6818
40.4458
50.5329
158.309
12.3425
117.446
296.55
132.87
118.584
47.4758
89.8525
17.8994
42.3093
204.784
129.264
72.4616
33.9558
33.1631
201.411
223.987
81.6562
63.6242
39.3172
53.555
60.1286
29.5051
130.532
185.595
79.5036
33.0086
260.01
48.3423
67.8556
134.495
51.9623
139.948
117.969
195.278
103.633
149.648
105.504
31.6063
85.3158
44.1192
69.9723
57.0196
25.1839
52.9471
78.4063
123.109
43.2895
87.2307
48.5909
29.508
115.672
32.2966
188.087
42.4729
230.222
283.595
79.0507
20.0083
68.4981
38.4465
34.6218
22.7892
73.377
88.3725
91.2544
45.0262
128.477
67.1997
38.4356
48.3414
80.8723
33.2093
48.0327
313.422
81.3197
15.0543
130.914
44.4007
23.3105
223.094
160.857
65.0733
31.6971
79.0973
82.894
18.657
66.8392
160.026
40.0435
206.543
96.7797
665.12
349.386
95.8944
193.99
106.05
22.6008
55.9117
105.238
57.8173
35.1749
76.2363
25.8966
113.718
101.548
61.833
119.336
64.4301
100.115
43.7353
11.4362
211.139
70.2386
87.2432
22.442
253.777
154.35
145.275
20.0276
285.042
18.5653
58.9369
69.3417
186.585
102.369
56.4941
289.059
64.0582
45.2609
19.6392
47.0325
42.6725
170.612
86.6213
67.4263
72.0192
33.3858
133.625
71.3897
178.882
24.6285
38.5197
84.424
261.975
109.335
222.302
49.7361
27.4661
27.5898
20.5153
126.556
131.543
88.963
128.948
42.6719
134.328
36.4967
209.01
108.122
175.459
65.7969
153.01
174.649
104.175
35.2196
99.9221
50.4105
160.12
63.9614
42.6808
130.075
38.8376
87.1279
51.0204
34.275
19.317
51.6142
134.808
132.024
65.1277
35.8865
281.713
43.3699
23.8716
187.116
46.6738
105.801
71.6658
17.8581
38.4031
182.27
153.307
33.7026
151.275
157.905
23.4204
153.528
23.315
31.0643
40.8976
89.8215
24.1549
98.8106
42.5272
49.6479
63.2835
53.2432
102.789
105.264
208.088
44.3573
120.466
86.5054
78.1973
57.5743
31.4849
27.4049
32.9152
105.242
20.0984
144.701
73.8176
183.343
43.0397
101.12
25.027
102.602
12.2422
48.0834
24.4299
105.644
93.5444
208.426
50.9968
41.7669
9.91799
152.937
312.835
62.5781
24.5331
164.779
7.03846
48.6304
69.3794
33.5583
16.835
335.567
65.0724
30.6981
248.224
39.7343
37.277
32.6551
39.9681
43.2893
23.3858
35.752
152.006
88.9435
77.5377
24.1952
63.6901
21.0291
43.005
85.5075
45.5305
188.679
353.386
186.32
36.66
76.0559
78.5884
57.1093
70.3005
137.346
167.795
47.7351
94.2904
178.701
47.1072
54.7129
28.1899
46.9448
63.7199
61.4331
254.541
48.4615
83.6832
66.768
77.0399
74.4114
124.496
154.609
60.3196
19.1081
216.677
35.1516
116.253
48.3098
128.246
62.5062
31.9643
375.755
117.978
97.6002
95.5151
121.647
43.8799
103.093
49.0173
70.328
169.003
39.8416
57.8105
34.3289
25.6962
79.701
75.1519
54.6601
28.044
20.5482
25.4652
181.811
21.2196
89.0205
20.9113
102.224
75.5084
24.019
173.505
96.0512
121.224
53.9667
119.03
15.9874
35.2353
19.2706
48.1444
18.0379
105.799
34.6747
336.234
27.8505
26.2563
100.752
41.9256
300.503
78.5612
30.0426
144.224
16.7309
29.8346
160.496
32.0402
53.1947
42.3089
52.1128
263.473
38.2491
57.5094
94.6154
129.904
57.5908
67.361
279.359
127.127
94.8142
19.5021
60.2568
13.1225
67.2775
87.1959
25.8594
84.341
46.8175
19.1368
138.192
38.3662
194.884
15.3398
35.5005
28.5402
79.764
32.1688
40.8655
112.375
69.9029
23.1827
87.9534
76.9617
48.3883
9.26364
47.4453
314.517
108.236
34.2549
69.5408
118.308
47.261
80.4108
191.014
29.5611
39.3585
71.3099
78.0096
189.875
165.687
61.6413
10.1347
68.3891
27.2035
119.482
46.9446
119.143
35.3049
99.7728
246.573
31.4198
17.794
87.4467
52.2606
79.3716
67.8922
68.6191
135.428
60.2499
17.8207
67.3307
16.4114
182.637
71.0722
26.8975
37.9209
236.085
82.9978
173.269
57.3037
38.8476
21.7582
88.3127
55.9306
289.261
65.0823
95.102
138.072
49.3978
56.7257
70.6715
89.0937
136.477
48.0589
95.2229
26.0839
110.39
88.424
16.7201
26.8318
79.5001
33.7842
73.759
20.7303
51.0136
93.6481
107.21
83.8546
139.606
131.659
94.0599
140.096
79.0033
56.7312
114.682
195.19
89.5576
31.0877
414.905
15.9053
57.2773
130.958
48.3016
189.966
182.235
157.977
159.578
100.691
105.158
70.9767
269.976
14.9214
76.3308
258.08
51.4303
80.6148
76.5396
107.195
54.6247
48.5936
18.7622
41.0808
65.6999
42.6723
50.3956
47.1046
28.3953
48.6176
63.5953
13.5837
82.3845
43.6491
41.1299
124.882
39.6065
51.7257
30.4819
37.7838
25.0644
16.2711
69.8041
178.257
28.1726
31.3009
27.3303
64.1919
189.274
198.302
58.6819
31.8525
136.053
47.242
77.7024
187.886
88.0061
233.915
30.3244
15.7658
16.6607
86.2221
116.695
15.2477
77.2715
46.835
84.1358
94.4817
39.4123
115.707
41.0322
131.624
74.4947
51.7864
229.288
105.929
246.222
46.2503
64.9107
59.2574
26.3636
75.918
44.984
63.0532
46.6949
27.4687
15.6728
61.6966
162.93
43.9318
22.6898
41.0238
86.1776
90.0485
171.255
15.5697
96.0022
134.824
197.29
26.4315
61.5097
55.1384
17.6153
58.8104
47.2798
182.878
33.3397
169.887
75.3834
36.0366
26.6232
93.7735
97.737
18.924
44.9212
52.3186
78.254
41.2704
236.386
57.932
80.9881
136.806
219.175
119.684
79.2415
199.377
113.596
88.0549
39.7995
21.9214
44.0977
73.7655
30.1691
53.3061
111.331
74.9755
113.676
25.0292
43.0747
61.2129
34.1923
21.2893
26.1936
110.967
60.3353
45.3775
68.1779
179.004
16.5159
36.5499
156.38
75.7639
22.4306
93.9235
174.494
163.466
21.7157
167.864
69.7463
9.13771
118.522
85.0284
21.1516
52.6417
92.5396
98.4053
20.9623
38.0138
74.6404
44.996
52.3355
90.243
26.9086
14.7851
33.8819
71.3935
261.165
246.258
133.594
71.003
249.448
28.3866
51.6935
120.47
194.804
148.763
146.56
36.5112
131.008
58.4647
33.9818
17.5503
69.0281
44.1026
52.2421
21.6406
157.112
87.0016
186.871
20.5525
25.8149
51.5359
138.444
112.301
48.617
139.69
188.521
63.4601
258.937
278.002
70.1724
65.0563
79.7156
67.9811
15.3547
108.321
359.9
63.1017
89.9274
26.944
61.245
182.997
31.4758
54.9174
56.0525
54.3289
43.3741
38.937
193.779
22.5304
41.6279
19.8388
82.99
40.7358
65.113
23.6235
541.395
73.8884
27.9827
62.3278
142.22
37.8193
50.3716
89.296
126.668
33.686
120.471
71.4401
48.7454
93.3845
73.5263
86.3443
101.912
88.3347
26.3004
53.3782
77.9795
166.285
142.039
39.025
220.568
33.7492
133.314
128.726
49.7049
57.3206
121.415
122.383
222.404
54.3086
176.103
175.347
21.4426
17.4168
36.172
33.1707
93.2872
83.7582
29.4655
61.2002
49.9275
8.77694
70.0077
17.6605
76.0944
370.368
45.4309
60.2411
137.984
39.4684
212.116
41.7399
65.4808
66.9087
66.7009
18.8253
112.022
202.861
17.7119
73.6091
221.173
61.5658
156.382
150.197
33.1349
21.1127
10.7158
30.5172
33.6835
70.5447
101.282
119.64
27.3566
54.886
78.0568
90.9875
196.129
58.0773
34.062
23.3693
26.9744
58.6994
94.0009
22.358
34.4355
26.7998
37.5485
14.3279
84.0585
51.1811
75.1291
27.7945
61.9364
52.2543
156.854
104.878
21.165
114.542
23.0074
101.503
45.2883
187.737
71.9604
20.2763
78.1293
67.727
41.9314
63.6162
192.261
172.385
257.59
112.291
59.6445
147.044
107.293
16.4943
15.0468
30.7536
96.4467
111.855
92.0705
19.831
35.1423
102.829
110.213
47.7805
40.8453
129.119
134.688
116.697
99.2372
30.2875
94.4444
82.3936
11.7146
80.5692
68.2964
31.4043
41.2331
406.617
92.6973
29.9861
113.787
161.941
122.99
75.2663
58.2451
161.325
41.5456
58.3454
36.1295
39.7592
84.1825
19.8993
61.758
63.8736
170.896
39.6989
32.7413
58.4463
77.2205
57.2528
22.0283
47.5224
32.1782
76.4721
52.172
92.5621
59.4437
117.716
60.4551
66.2161
34.6546
67.3646
74.6528
148.448
139.965
64.4523
54.3573
69.1296
151.448
309.938
41.4592
30.9461
39.2328
58.0713
55.5801
74.0753
45.0423
124.067
36.607
50.6313
107.668
84.6265
98.8241
59.9875
138.996
59.7299
106.91
43.8948
166.304
86.0219
68.0377
119.515
251.657
86.8266
73.5153
59.7641
203.679
38.6727
26.4266
65.215
35.8078
100.853
59.3508
74.9248
80.5156
51.4053
70.0837
53.5964
54.7855
38.109
75.6164
38.2758
28.2616
107.022
43.9259
34.7571
309.884
141.437
27.7057
151.809
48.1037
75.8534
34.306
324.171
42.7435
84.5145
183.928
42.5114
67.0282
79.9183
149.285
120.304
29.3981
50.7929
106.941
135.544
220.994
198.831
161.22
215.125
43.7613
72.1883
57.1762
315.912
56.1259
63.8668
41.4104
130.788
32.5543
180.659
104.328
177.045
185.527
59.0526
82.1224
94.186
76.6621
194.82
58.0592
373.767
130.158
115.894
98.5518
10.928
51.7964
28.1408
58.9999
46.8057
164.544
34.4464
56.779
47.8283
55.0201
143.834
55.0647
23.5449
91.2572
78.9744
136.563
46.1329
102.985
101.878
92.4934
22.6619
62.7063
217.298
190.867
63.6099
112.071
68.1351
36.7201
34.8074
250.169
31.4594
71.6746
52.0837
140.944
139.176
71.1412
144.122
52.6568
85.8515
120.532
258.921
66.7973
160.714
24.5209
203.01
228.148
71.9351
81.5998
131.93
56.9501
11.076
104.198
35.7467
68.6699
134.083
160.03
114.416
16.0743
146.686
59.8945
239.235
30.0541
73.3259
36.1409
30.9746
169.473
22.1133
72.4339
173.887
69.2148
60.1833
405.771
61.7116
79.1158
32.2827
113.381
41.7998
100.193
49.7845
86.2345
14.334
50.6184
46.9607
64.4715
35.6127
190.128
80.1668
19.455
57.6011
18.1351
175.854
43.8164
30.718
77.2137
163.782
34.3308
225.909
67.7463
103.115
128.332
114.927
28.0196
125.705
65.6589
66.577
17.2953
123.349
108.567
45.9155
37.306
108.257
37.0099
86.4672
55.7866
120.817
128.799
60.1824
146.217
28.5494
125.164
124.595
212.304
50.4552
111.895
165.292
95.6376
78.0152
45.5523
22.8307
53.8027
10.6285
163.098
69.2225
83.3152
71.9765
29.7919
47.7107
82.7399
38.1271
44.4725
157.097
78.5551
14.3172
32.2118
9.1924
58.8293
129.77
75.7738
38.4065
77.9142
111.207
85.8491
149.992
98.3366
24.3047
55.3393
113.374
95.0613
87.7837
49.071
34.475
124.871
13.004
29.7272
71.3225
66.1809
74.059
43.4045
97.5246
31.3881
26.9865
92.8606
158.963
152.52
77.4497
26.186
39.659
32.2494
78.3633
95.9551
64.4648
156.367
34.3128
105.55
11.6945
59.2149
72.1025
22.6467
18.7143
119.732
30.7203
34.0366
37.0887
23.0519
96.0163
197.079
135.214
69.7304
90.3652
60.5093
60.5096
224.183
53.1104
142.088
42.6218
20.7004
53.9412
129.95
44.5478
73.5079
72.4502
29.2614
121.547
80.6553
57.9874
32.6709
38.7566
110.61
77.7981
28.4605
71.6875
57.1937
124.519
14.3828
124.087
31.5416
154.265
65.4154
107.611
60.5073
198.728
18.2706
71.4891
214.622
100.481
46.1037
44.5183
141.675
55.3618
49.7194
40.6905
107.262
177.64
174.575
37.9974
47.6131
54.6143
56.4472
55.1975
131.786
167.496
74.5876
23.4724
168.72
38.4186
15.4949
78.5356
13.1721
34.549
18.5561
33.9884
57.9531
289.921
20.3642
60.0999
141.193
21.106
122.982
76.4636
61.9537
98.4112
116.314
57.801
34.5861
74.5565
59.0437
53.5579
89.3409
64.1119
61.5543
50.5152
67.0362
22.7754
118.275
89.3527
52.9427
173.043
226.506
42.0282
295.004
332.085
61.5618
190.764
54.9771
43.072
169.414
156.325
87.0697
87.9084
53.8985
86.6754
33.6315
29.8368
72.9773
43.4896
20.5507
45.1372
78.6119
31.0423
20.2012
16.7881
60.7853
76.5335
60.3935
26.4729
282.58
149.78
43.8424
36.0372
85.6133
23.2587
101.41
49.8471
55.1485
55.9687
22.176
51.6827
55.9135
149.657
243.285
33.0136
303.476
57.7466
96.5419
140.043
75.951
87.9725
34.8379
98.5362
247.368
39.5063
43.707
22.7106
31.7603
66.3323
524.696
62.0776
45.2928
34.146
94.3433
146.576
100.103
27.3645
222.265
167.386
116.815
111.931
47.7724
72.8707
181.55
47.8086
29.3062
113.552
18.5598
86.8727
37.7294
32.2364
35.1719
116.086
20.9655
50.9037
94.7353
115.217
13.8203
89.4291
79.5378
65.4765
81.2166
77.7395
200.032
35.2862
263.382
18.4745
45.5054
79.6825
16.7892
38.7898
105.321
48.6318
47.6375
92.1098
147.336
72.7436
35.1206
155.396
40.2624
35.7827
49.949
100.849
290.505
306.734
102.713
102.872
23.5935
76.9621
25.6871
36.4244
38.093
21.3231
100.78
10.1589
48.5993
106.072
121.804
163.971
16.9783
111.331
29.947
83.8861
47.9556
33.8126
27.3249
37.125
39.9537
142.776
80.9403
142.77
24.0869
17.7431
31.866
25.4781
28.4093
161.383
47.2504
132.764
148.72
49.1017
59.3769
173.736
129.146
143.404
11.0012
41.5727
55.0843
173.979
80.623
12.3689
146.509
59.7633
104.84
85.3711
132.54
33.9212
28.6191
19.4451
95.3167
43.3436
75.0563
63.7203
45.9607
78.1302
108.43
82.0684
187.565
24.8643
33.5555
71.4644
66.5775
61.4321
30.6742
84.7334
15.5215
39.0925
35.2971
45.9455
109.343
13.1523
78.6682
124.701
108.968
17.0879
61.6643
338.798
100.43
38.1367
64.6253
86.3129
36.1534
186.581
48.3429
21.8493
8.79159
46.8175
66.0358
60.4191
42.364
25.2528
32.6666
75.5874
114.141
49.7601
241.418
99.6352
150.857
94.3483
138.8
39.7519
41.3529
63.5816
26.9156
71.5418
49.7385
99.6167
98.7009
57.4002
132.416
20.3093
84.9728
30.3548
44.6927
18.3667
73.4811
21.3624
34.9277
16.6687
175.834
27.5514
32.4347
108.162
43.136
19.313
59.0155
67.6135
165.392
51.3882
24.2101
34.0008
44.5347
33.6386
244.315
130.512
73.7671
58.9801
38.2511
226.048
39.3235
32.9038
29.8791
31.9723
54.549
44.3873
79.0008
63.4581
13.591
51.2929
47.8897
81.6582
120.321
52.3953
147.737
35.4369
26.2291
107.515
169.557
67.5702
34.8802
62.9814
214.541
61.1586
68.8179
40.1757
54.369
57.3849
62.433
22.798
21.9691
78.9426
43.8407
65.8772
82.431
343.894
56.5067
45.8114
126.25
30.2544
90.1928
39.1369
28.3947
17.0185
83.733
76.831
187.793
37.9056
101.831
62.543
112.263
93.674
29.3051
88.3955
122.851
96.5271
30.6404
8.64464
16.0588
54.2847
118.072
25.252
42.3279
35.5689
144.341
157.835
50.7529
81.3161
78.3921
43.3029
24.424
56.7709
49.3837
36.3457
44.3003
207.955
56.6841
121.16
16.3995
34.37
46.8144
125.972
14.5083
24.9422
76.4549
108.578
26.4185
158.662
95.1772
28.0472
92.1073
50.2329
81.3172
195.301
35.8538
64.7358
63.3668
74.3145
168.659
234.534
137.033
74.487
102.338
21.5908
11.9925
127.774
119.241
176.837
84.0425
83.1662
66.5235
19.9164
167.722
87.6524
49.4681
46.6725
19.6604
252.725
65.027
24.0894
45.4907
90.8757
83.983
82.3964
75.8986
9.90271
32.7732
20.0652
46.3665
290.893
73.6625
53.8982
36.5341
145.576
156.628
32.1904
134.131
30.9957
86.7259
103.645
43.3644
49.3058
60.8118
202.101
50.1174
61.5584
248.978
128.436
380.546
24.6909
29.9426
68.341
55.1576
48.3677
71.3885
46.3941
9.26481
89.5659
48.796
52.8422
50.3014
38.2155
109.46
27.2236
34.2216
53.7911
24.441
127.826
58.2339
16.7533
113.136
90.7225
76.6456
78.9137
115.654
177.866
70.6767
269.64
233.494
65.9702
39.1238
44.2535
34.0697
110.955
86.3214
44.1595
56.0999
58.2891
89.0702
43.2782
60.7786
17.7878
24.8863
63.5986
24.3411
21.7944
26.5958
147.885
56.4209
117.966
118.879
304.955
174.596
112.379
54.1802
106.636
47.0841
19.0572
124.006
44.5569
9.36683
42.1723
55.7398
29.9728
280.521
20.7396
67.9316
29.3929
195.988
104
82.7307
99.3512
26.7273
174.366
24.6923
142.64
40.7874
64.6785
53.6932
119.718
36.8616
29.5444
175.677
79.2146
11.4195
107.85
82.8437
14.8383
82.13
37.1922
79.038
48.2522
16.2467
54.5458
24.6345
48.4951
19.7463
86.101
36.1581
62.328
41.5682
33.7032
50.8333
84.3719
27.2099
12.9088
81.7903
40.5675
78.0899
20.6192
43.1979
29.2474
68.7677
24.1863
63.728
32.0079
46.7056
42.198
59.1387
20.1002
41.5605
213.345
81.2729
54.4004
55.0922
32.3038
38.2164
33.6399
80.1279
21.778
72.4569
143.78
88.6512
96.9325
64.2481
53.5912
37.97
78.0406
141.301
25.5357
106.43
90.7119
31.1961
111.468
72.8546
79.3506
159.115
70.0596
34.3681
25.3119
76.3042
78.6921
70.7879
120.237
22.5769
156.931
68.6132
32.4009
89.964
36.2277
106.027
65.2627
37.6238
84.8375
94.2185
74.5293
556.95
153.779
20.6126
65.8782
30.6157
174.242
297.302
226.748
15.1229
117.136
29.318
81.7571
121.804
21.0062
49.6591
243.566
59.0848
94.067
33.2028
70.7959
43.6269
276.075
121.216
73.6895
60.8549
120.219
29.5046
79.2448
89.9133
154.125
94.152
125.472
92.9846
88.1772
13.9286
132.264
26.8125
350.272
155.054
49.0779
54.4113
55.7799
71.9995
39.8454
195.681
204.358
35.0458
188.512
201.893
299.554
64.9796
59.3901
67.3089
181.748
182.442
10.0547
55.5171
23.6533
73.1648
139.995
122.846
118.843
21.6445
146.386
68.4152
91.2591
88.5001
114.775
142.68
62.0765
62.4668
75.7315
70.1522
53.3984
78.7574
55.5738
45.7874
38.9323
213.789
58.0255
50.2318
71.9008
80.6605
25.5313
75.0776
89.4775
88.2924
95.0428
189.443
151.106
13.0204
150.275
70.4213
54.7115
10.9571
90.3081
19.9348
120.057
35.4898
317.176
87.5895
17.5052
59.4801
27.6581
113.201
86.9242
47.4466
34.8015
25.5654
26.5322
81.2436
164.093
59.9406
74.8916
25.4008
48.5488
128.631
36.0931
30.7025
30.1627
92.1635
201.734
51.5026
236.143
221.089
147.802
14.5133
57.4177
42.6187
99.2467
45.2235
96.9773
23.7592
101.597
106.983
33.5562
112.2
19.1953
142.356
11.4138
75.6383
69.3781
34.2609
91.7384
109.776
33.3386
178.897
146.34
119.654
21.6121
188.021
37.0229
269.325
51.6489
45.432
17.6426
45.9305
169.175
169.66
15.2747
17.1265
275.746
30.4422
25.8606
84.804
52.8931
66.5471
125.241
63.2488
141.558
60.2345
42.5219
113.155
118.039
119.985
28.6958
67.2663
75.552
46.2847
86.4555
10.667
24.6684
35.6291
17.9203
26.5045
7.09808
95.747
37.8858
261.091
113.095
78.5976
83.5274
222.896
21.536
166.114
45.1535
140.603
97.9517
130.97
28.8467
77.8999
63.7788
17.0907
85.7019
266.839
59.693
51.5129
294.652
26.4206
26.7835
104.607
61.3484
151.762
38.1571
17.347
33.947
55.0881
68.9709
387.554
92.4975
13.8861
24.0602
83.5885
81.154
67.3933
57.1225
29.7824
12.4475
64.4109
68.8005
55.4376
70.0169
45.9361
19.6043
43.605
72.4379
30.9968
81.1618
24.3666
107.505
164.521
44.434
41.7326
59.4821
39.1273
253.251
36.0577
34.0693
127.628
131.004
63.0687
48.7068
54.3647
35.549
413.524
64.4683
56.0743
46.2741
82.7147
34.2043
223.21
25.3001
203.926
112.174
51.2961
55.4633
168.388
32.687
24.4338
58.8241
125.601
168.587
36.6322
86.2262
23.6814
85.7356
29.5236
79.639
33.3021
92.5776
21.6423
42.5646
103.773
10.9836
29.678
39.9353
46.1313
46.0411
19.2727
74.0632
27.6765
49.3949
93.1056
53.3808
82.5815
28.9055
81.3616
31.7511
98.9654
43.545
37.5006
108.256
104.852
137.687
224.707
14.4309
22.6644
28.0584
11.489
58.5742
162.855
68.1906
19.6951
43.3536
16.5893
50.8555
81.7134
63.5914
220.549
35.1402
169.676
60.4987
59.2393
43.7933
32.4497
111.242
167.019
24.8451
50.0703
67.4725
139.161
11.141
238.907
64.0822
113.207
30.9614
44.6986
49.6433
59.0313
15.2882
51.4219
31.5057
19.8438
110.785
100.874
53.8035
111.007
77.5463
51.8141
15.6562
100.206
11.6414
49.1454
82.897
46.84
84.1772
50.7741
66.6056
250.63
131.764
113.97
198.024
94.1174
81.7203
34.7884
63.8541
79.4004
71.5931
311.719
18.9153
36.9343
37.48
96.6518
79.9509
298.976
71.878
267.076
331.389
74.6156
13.8827
35.2472
135.218
30.1947
59.636
69.9862
132.986
153.477
88.4581
34.2871
45.8176
31.2513
34.5708
140.829
66.4064
168.125
48.4268
27.6758
102.444
87.4833
203.503
83.0928
26.0204
130.233
76.3264
113.901
35.0606
164.922
75.4781
28.8783
77.8321
20.0036
16.7792
224.643
32.8665
38.4652
18.7066
67.1978
41.062
150.88
29.4166
24.4638
75.7701
39.7539
59.8083
85.6864
54.146
231.198
95.2087
207.21
222.816
61.4679
81.8348
93.2132
44.5993
63.1406
104.201
12.7754
50.8717
93.3331
156.085
69.5017
66.9523
47.0998
48.6097
28.1112
8.59788
69.9573
102.094
215.671
47.3929
192.734
30.4921
276.478
107.513
50.9698
113.756
28.2777
261.517
34.8269
33.2536
77.9515
49.4499
72.4914
308.679
50.3626
96.5457
103.632
25.1376
14.3784
60.503
105.672
26.765
34.4492
61.6361
226.759
145.354
76.8465
12.1936
36.1698
33.4727
167.035
224.948
77.5521
74.4732
48.1084
64.6124
216.084
102.004
137.826
24.2524
174.869
68.2805
38.9137
47.2141
11.824
23.5412
44.7374
24.7604
49.8479
147.772
457.968
122.622
103.734
23.8797
41.5215
94.3274
22.8943
50.5089
62.129
256.218
39.6647
216.933
70.4981
80.3528
70.3021
226.536
289.259
229.475
104.504
69.3521
167.585
97.4503
263.553
94.328
81.4329
21.2832
56.2817
24.1142
58.8797
149.976
208.193
321.144
41.3806
69.8498
21.8721
16.9145
56.4628
99.4646
55.3133
24.9774
38.2464
237.13
92.7618
184.283
42.4984
33.2286
56.3361
33.0481
28.7473
21.7013
86.3916
180.57
49.7306
535.474
273.317
151.86
189.246
68.7661
44.9623
116.69
222.452
73.7228
105.555
154.232
64.3145
47.0036
110.44
29.8381
97.0292
166.594
46.6327
131.17
8.6801
243.753
229.182
47.2181
204.003
28.1986
228.481
126.564
61.4702
135.342
64.1686
16.0813
89.7975
249.529
83.7292
64.7877
33.7475
24.9235
131.626
71.5283
22.7077
11.4705
20.6069
95.5573
29.4325
186.345
66.9495
54.1257
196.809
25.9196
184.706
39.3015
344.137
199.873
86.0053
18.5948
113.418
35.2858
20.8957
91.0701
250.33
73.3931
35.9594
109.531
128.208
54.5445
36.9872
80.7849
89.5984
61.7054
23.3023
256.65
87.7794
44.1546
22.1707
35.7582
34.1988
53.8081
129.848
104.911
36.4034
43.6632
44.5085
21.4176
80.747
75.669
56.0919
48.6497
30.3544
36.7683
50.1954
228.96
274.525
173.476
128.712
81.2822
29.5249
61.1723
255.381
129.459
84.1397
34.6021
54.6271
68.3785
259.967
193.358
79.8369
42.9988
59.304
17.4971
20.8818
152.579
105.497
29.3462
90.648
121.389
351.524
32.9219
59.0614
64.016
36.4179
10.1754
35.3619
9.63651
39.4088
175.793
107.986
29.0001
37.3736
25.3565
37.9321
52.453
118.967
26.1154
146.83
52.1884
76.4412
35.3518
98.3027
59.2407
25.398
66.8319
28.9052
94.824
25.6978
82.095
173.055
218.917
244.333
140.963
19.2727
38.3435
134.664
236.021
75.3975
107.53
222.885
161.936
89.4247
48.1877
24.017
68.6747
74.738
229.241
114.617
106.137
66.7904
11.3798
59.418
105.095
27.0214
222.779
19.879
64.8821
80.4243
45.8929
90.7711
63.9529
27.4404
72.2833
152.457
97.0513
91.8033
16.3488
78.2944
52.9452
107.063
114.173
85.2686
270.661
21.0622
49.6371
184.476
284.264
13.033
30.7118
47.2073
28.3215
137.447
40.0243
25.9095
70.6755
46.7065
179.549
18.258
12.6608
124.03
61.9386
32.0113
21.4181
194.101
61.9324
114.447
77.5733
39.889
24.2237
295.759
59.2434
19.9007
14.1539
29.5729
79.4344
66.929
44.4924
32.8648
26.2654
6.72988
32.3398
54.0012
24.1899
45.3304
103.767
39.9688
130.712
150.052
22.5188
108.648
24.4828
25.4622
97.7524
70.2853
17.3301
33.5976
65.3043
24.2662
22.3994
29.3912
22.8584
150.794
96.4714
17.7257
32.0205
104.105
43.6845
55.439
56.6412
39.0578
22.7733
70.3926
38.9502
25.3082
199.252
69.1781
10.4657
34.5239
101.582
12.7972
34.1921
217.816
48.009
58.6507
54.5655
63.7662
103.581
49.5782
176.703
21.3517
28.733
35.6281
93.7533
38.3633
63.9173
31.2986
149.59
63.2288
28.1343
45.7671
28.4377
89.7276
34.0302
57.3384
22.0695
31.8706
48.8536
49.8512
171.859
27.9772
108.445
61.0698
64.1839
87.7783
142.983
145.943
70.6983
222.593
122.991
40.2372
67.2831
132.449
83.6096
58.856
48.9638
217.683
110.983
22.029
46.941
28.6188
67.9985
92.4489
43.8678
42.3864
64.7638
31.5852
15.5157
67.8194
70.9822
32.912
40.5522
34.7039
85.8032
37.5939
153.001
37.5219
142.191
137.666
16.7803
53.3272
45.3609
32.7837
106.918
43.0638
84.1445
11.9136
44.7155
69.7565
11.3639
35.0597
169.643
147.818
196.711
105.824
142.718
28.7591
139.776
102.626
142.232
51.6067
369.511
165.414
100.634
151.2
96.5471
107.99
68.3429
44.95
119.399
33.0582
19.6109
101.267
390.436
45.5433
78.6887
140.048
102.432
141.764
289.415
89.2656
67.5788
59.4694
47.5501
107.804
113.617
17.4127
51.188
70.9925
34.2338
24.5282
72.1374
15.7036
171.033
53.9197
108.669
134.697
45.5817
49.1895
33.9219
69.8088
62.2029
53.6499
149.247
172.664
119.365
36.6044
229.083
37.5395
102.788
24.5715
92.6937
103.863
174.302
105.165
38.5545
73.3881
32.3507
14.1286
26.3451
58.2123
383.75
62.4535
95.954
97.0772
20.2491
25.2364
17.9753
113.907
119.867
48.5056
37.4289
86.4924
139.497
118.794
68.3904
72.2029
220.194
45.2264
72.9512
71.257
28.7886
43.3647
79.5257
144.803
16.2121
34.2962
147.557
71.384
42.6147
157.458
68.1888
60.8255
110.118
259.335
86.0299
67.8198
32.3194
109.11
51.494
188.681
69.9247
154.209
77.0815
48.1389
58.9983
92.6439
30.3625
62.339
63.3492
54.0341
13.0977
79.1589
48.4356
121.746
148.262
64.1636
334.692
113.173
79.6042
175.892
18.5102
50.5927
16.5323
44.3049
106.451
82.3773
12.7638
17.3164
18.8895
130.884
49.8223
20.4798
50.3959
42.1922
102.275
101.184
135.793
10.0451
40.5862
105.766
23.9113
27.9215
53.5621
106.315
64.0001
83.3233
156.837
57.8651
25.2001
74.2878
83.1474
33.8246
212.867
6.15609
116.192
34.2303
139.587
41.7548
28.0213
57.649
49.6828
49.6076
89.8896
94.8729
344.834
61.3704
58.8202
51.0687
206.261
17.0872
180.068
58.3617
204.947
129.566
75.5893
107.114
80.5679
56.9756
180.847
80.6194
50.2378
40.3813
110.212
12.5092
17.3347
118.123
60.2497
22.3141
19.8535
173.19
77.4729
137.03
33.0025
64.3091
101.551
19.4237
48.2229
270.806
11.6188
73.0248
210.994
11.2259
25.3861
27.3069
52.872
21.4181
46.9387
34.1545
38.9929
15.9521
33.3474
113.793
26.5312
227.96
18.0236
76.6517
27.881
51.5158
118.125
24.0299
119.077
118.205
113.816
84.6855
135.929
334.194
40.7925
233.23
89.7488
31.6712
104.706
17.573
60.4801
120.931
16.6351
92.1277
45.7645
111.685
40.7895
99.2847
91.7912
52.412
116.276
114.977
101.084
49.1344
125.48
251.982
76.8067
35.7194
60.5477
99.8179
49.0098
64.9248
156.887
102.208
79.1531
49.276
119.546
262.26
72.1412
178.512
28.7453
95.9967
79.1243
23.3037
46.9176
98.2747
54.3719
65.3638
136.71
72.4718
190.391
15.7861
57.5104
30.3534
196.847
172.613
37.4805
174.756
23.2744
10.2123
42.0434
60.6682
245.428
119.721
33.6427
91.7325
46.3848
64.9798
91.0704
28.2801
46.5144
45.5069
51.4465
49.9981
69.6692
136.671
34.9239
66.0253
24.2721
108.327
108.601
59.4254
80.7606
16.0331
107.814
30.7598
25.177
112.365
25.5646
56.1138
117.173
35.0248
90.7538
182.517
23.337
157.111
131.554
48.1222
105.7
42.0796
124.324
49.0275
157.362
28.4996
133.649
146.314
34.1941
234.73
24.923
34.6837
74.521
48.3096
27.9947
57.8672
85.2973
219.721
27.5233
49.1135
35.5923
30.3687
37.3646
122.047
72.3521
27.1279
31.8586
69.3711
82.1199
107.364
105.235
66.6312
83.1449
59.7792
26.7839
53.0623
92.608
140.836
47.3032
26.1402
163.766
105.241
81.9605
70.9875
68.901
112.749
152.362
70.004
120.927
48.6313
21.4814
88.1989
112.16
61.5708
86.8526
42.2413
106.7
158.517
63.1935
35.174
54.7486
19.7151
134.532
16.6949
53.114
50.8287
232.86
80.3754
103.779
85.0463
196.697
27.2594
77.1947
60.1544
23.9597
98.0206
232.114
61.9658
38.1678
60.0894
42.5363
36.9848
41.5629
19.3853
25.725
154.65
153.286
81.3654
31.6239
43.1348
44.6434
39.4095
90.814
165.82
223.756
65.9645
325.255
108.562
97.7935
115.582
63.8854
23.0321
53.3313
17.8946
69.8549
179.45
103.291
38.9941
51.4027
73.5884
36.0737
21.2073
48.8721
90.0661
283.371
84.4689
37.0227
85.3757
46.7902
113.442
47.3288
38.9204
100.347
74.4387
96.3251
176.532
61.2924
19.1625
39.6639
37.6536
96.8917
311.148
53.6874
31.5552
20.6033
92.0917
35.5381
100.064
17.9686
46.3998
55.8733
67.57
33.991
66.2071
22.6889
17.3411
75.1355
8.54021
28.8929
54.4196
54.7477
78.8121
41.232
53.7212
11.8935
96.3874
56.0636
32.9104
178.678
85.3278
57.4605
116.81
362.479
89.7417
37.4244
33.0228
49.3883
169.086
222.251
26.1316
214.464
38.9854
23.7815
40.2041
389.284
42.6742
28.4632
173.934
87.5696
349.673
159.969
25.2284
38.6464
42.396
33.6064
13.8947
39.9957
24.1739
62.6473
11.6167
67.8338
361.927
201.988
149.378
36.6303
116.489
33.5584
136.035
110.117
27.6198
271.658
21.4325
140.282
82.6209
110.932
86.1517
59.5967
20.4841
101.36
90.458
74.7415
21.8787
61.4305
44.1997
87.238
21.5869
202.382
64.4229
35.9257
47.9164
25.6362
40.0623
173.639
46.1729
132.545
53.8292
72.018
62.2472
69.7855
143.797
150.235
39.5928
20.709
49.6078
119.647
26.609
145.63
65.6703
41.7208
160.003
17.8219
320.509
89.6075
57.4981
158.424
158.246
93.2881
47.3215
27.4942
200.16
86.3681
69.5557
168.186
142.059
107.372
20.2425
80.949
149.985
67.7791
49.2185
96.7695
31.9048
110.651
197.455
18.7095
82.6456
134.081
75.9981
109.481
186.001
11.7876
184.029
97.3736
89.8508
12.945
205.656
46.9387
95.4908
18.5385
50.232
283.411
91.2218
34.1294
169.035
29.0608
69.2521
29.2428
76.9613
44.1794
106.239
158.004
14.4375
59.6551
151.413
17.5052
67.4343
60.0718
41.8103
113.519
61.7191
30.35
450.167
147.059
50.4506
69.9077
23.7271
36.6877
31.4537
58.7736
27.016
37.9803
118.104
139.55
41.5375
114.266
40.3109
153.896
285.956
22.8821
67.3298
73.8507
45.908
47.4719
22.4695
60.596
91.8615
82.967
62.846
69.1343
24.0533
34.497
116.43
170.203
584.078
44.5591
12.476
134.464
46.8564
23.755
51.648
44.2566
77.5413
137.47
51.499
50.739
152.918
14.0087
231.077
43.5542
184.735
25.7733
72.0554
24.0609
146.158
18.1549
200.606
92.1873
25.6198
291.181
49.0926
194.843
129.178
145.618
117.771
28.0579
22.6828
48.3427
53.1842
77.8294
33.2175
94.1264
91.0616
29.1647
128.606
103.591
52.8588
103.638
57.563
12.4823
72.7443
59.269
54.6208
102.893
17.4332
55.0112
35.5406
172.677
34.919
244.678
49.0459
203.653
64.5351
22.7311
39.3752
30.1215
142.167
24.9048
270.005
24.9164
30.5733
33.9096
47.3226
33.0596
107.073
177.754
30.1219
233.558
35.8411
74.3029
29.5282
45.4907
75.9373
51.8036
21.684
33.1952
54.9348
38.3239
18.5564
9.51096
128.363
73.062
108.951
90.6417
31.5691
75.3807
18.0152
29.6884
116.02
32.0642
107.329
95.0114
55.1095
24.8266
249.939
57.2087
84.0882
45.9325
53.7727
129.779
186.882
314.195
44.1837
94.5971
138.288
39.6787
148.118
30.8528
118.509
59.7295
54.6989
51.7597
42.4777
107.924
27.863
76.7057
294.877
44.0997
131.941
145.302
56.6036
90.5584
33.3591
234.14
61.9683
246.269
83.6704
34.4489
17.8076
248.275
22.8354
123.938
33.304
44.3165
73.8473
104.504
49.5427
21.3263
199.226
99.4408
129.569
29.7597
25.7811
43.7626
68.0669
137.742
28.8225
118.394
40.7936
33.4272
25.3235
38.8836
45.0846
59.5404
14.5561
42.2101
176.047
12.8681
138.739
93.0817
28.044
35.9921
40.0715
76.5261
24.2324
45.7508
118.383
53.6235
19.2471
31.974
31.4312
47.3662
36.1508
110.426
231.296
175.639
29.9983
19.5555
29.9646
189.146
94.303
70.3786
139.041
77.6923
114.711
12.781
40.3493
121.184
39.8708
96.7048
55.8961
145.428
128.911
32.4271
256.138
116.406
223.091
70.4128
89.158
37.3983
35.4363
141.566
271.383
71.7636
44.2348
23.3966
135.871
119.41
123.639
69.7265
52.1378
97.3781
95.8644
153.049
72.6773
65.0855
40.7724
152.416
131.916
132.518
63.5843
35.4611
144.198
65.072
30.4011
105.841
109.701
114.149
33.0425
208.494
146.695
120.706
38.7738
164.062
44.6127
117.197
140.866
52.3741
148.785
31.4938
96.7098
132.575
58.482
85.8563
175.375
112.125
13.1181
63.3362
25.1912
65.3688
118.696
118.381
37.3627
68.0508
24.566
66.404
31.1229
39.691
15.0656
63.68
56.1585
77.9443
338.555
45.0794
35.8767
46.7144
78.5269
130.402
46.543
84.414
45.0441
219.797
58.5371
57.3189
39.643
211.453
62.4915
63.0263
106.149
70.991
181.028
51.3938
182.753
36.1621
41.4394
85.7958
44.5793
13.6346
23.4203
78.7287
53.359
296.086
150.776
73.8958
133.721
57.2638
55.024
35.382
61.3031
13.3346
92.0486
28.1342
16.5596
105.95
159.519
80.4466
184.266
51.6516
150.883
149.661
81.9691
172.139
50.0857
27.8079
92.308
94.1533
144.088
57.9999
59.49
63.3578
169.846
145.816
105.026
41.1972
24.0217
49.6908
26.6011
74.0909
65.6095
16.5516
55.9246
32.2954
53.9504
41.2068
111.583
75.4502
97.2791
118.023
32.9269
89.8979
150.786
62.8323
10.5288
53.8579
132.289
37.6117
306.573
140.611
501.598
17.5199
31.216
90.5745
44.3441
27.6366
60.1382
41.6651
115.91
15.5002
405.595
24.5041
120.286
52.1288
75.701
64.6163
160.671
27.3762
16.7669
55.6375
167.193
252.579
17.125
146.284
83.932
63.1861
9.59463
137.219
21.5746
169.494
38.3116
16.6141
114.962
59.347
34.1954
28.3747
269.4
107.409
25.6342
154.912
91.6179
51.4207
40.5288
32.1241
65.0707
27.2261
31.2074
140.253
15.1332
183.478
41.638
28.0504
32.3654
54.1287
84.6924
27.2987
107.091
62.3163
41.1739
32.4887
59.0711
91.1125
105.218
238.846
49.7879
96.2111
46.6136
11.6871
36.5266
137.55
123.063
32.5442
220.178
120.038
30.6481
189.125
35.8932
129.626
71.9651
51.6823
164.144
67.7895
54.231
215.831
106.573
93.0969
87.2758
36.5664
57.9652
208.734
81.4938
45.4569
160.561
62.3764
51.6052
92.0017
29.3024
51.428
224.736
53.0064
116.315
128.148
33.2708
42.8846
71.4693
92.2435
18.3548
428.109
164.904
49.2075
344.583
40.2434
213.297
116.744
114.49
187.841
44.6363
14.8529
47.8994
97.0384
39.2165
66.0717
49.0752
131.735
85.6962
37.335
30.9646
40.7976
122.516
60.3849
181.143
84.1719
98.1093
268.693
33.8288
29.385
13.3841
16.8764
286.58
99.7873
31.0754
24.4272
65.3433
110.493
157.055
91.6054
39.9608
38.0233
18.6678
94.1138
23.9153
41.6917
12.1344
66.0419
118.539
64.7548
23.975
28.254
57.384
68.9952
40.9061
26.6914
29.2698
263.734
147.163
87.2689
121.306
103.268
89.0848
93.6838
22.7993
100.001
57.3339
15.8973
39.457
59.4692
134.413
108.691
29.6132
9.75448
360.186
86.5827
201.325
213.518
33.5317
71.2603
20.7482
35.5554
101.023
121.898
146.593
20.6997
163.863
278.975
27.5968
214.626
20.4382
74.1656
66.5843
48.7677
82.462
124.832
121.28
36.6326
32.0904
99.7734
27.809
82.6132
388.509
50.5311
26.0371
48.5018
21.5228
9.15333
74.4277
105.419
182.668
37.1987
98.6351
72.6609
54.6617
16.8521
13.5246
78.1453
49.6736
54.6573
28.9695
41.9643
318.724
77.0629
19.1461
76.0982
114.906
80.3208
150.673
51.4894
330.328
74.4219
201.949
277.961
47.4705
34.2526
249.492
382.263
8.0735
34.4825
27.2358
25.9625
66.6558
18.5258
59.3551
168.113
31.8575
82.5691
91.2418
230.493
270.958
104.493
25.2458
27.183
29.2746
191.883
103.638
29.3877
166.964
27.6467
149.765
173.482
164.453
56.9446
27.8647
64.2226
94.1523
566.263
153.597
50.4704
33.1773
300.341
13.5422
59.9784
319.588
24.8654
30.5629
293.753
135.212
62.2445
28.1121
98.9384
81.992
16.3873
60.8402
33.4602
57.8451
56.2441
103.658
51.1366
67.7535
280.599
46.879
88.1632
55.5032
222.695
53.0462
18.8849
60.7645
182.488
41.6239
103.159
162.847
25.7725
251.791
72.7407
94.3139
144.604
15.6187
15.5151
94.7294
146.785
51.1697
33.3565
39.6994
89.3712
52.8264
21.6157
122.756
70.6461
23.125
143.376
147.628
112.599
74.7486
84.5242
53.1827
48.1441
107.363
29.7964
50.2169
45.0784
39.5211
40.0222
214.199
42.3645
142.863
134.068
43.9225
120.154
108.119
39.8957
212.072
70.5623
240.187
43.0807
68.9627
25.2201
123.367
48.0835
52.7291
16.2663
153.539
22.2648
90.9219
100.651
110.579
46.5591
43.9531
141.318
87.049
36.7753
160.018
29.0222
81.7388
53.5947
91.1604
78.4171
207.956
34.7843
39.6014
63.261
106.896
49.5763
50.3272
36.7335
104.864
24.803
128.816
28.278
26.4432
116.256
144.857
52.0079
75.763
62.669
63.9523
37.6595
35.6401
225.925
66.5884
48.1464
102.546
46.8287
22.5111
50.9218
17.9542
77.1667
98.8463
39.164
75.0175
90.1869
112.045
93.5331
90.2114
107.057
17.4002
27.6704
72.4765
26.4479
126.651
152.303
30.1294
34.6741
145.788
46.2891
53.7282
17.2656
37.4984
56.6696
77.4566
80.8545
88.3747
14.2193
39.5467
23.5109
28.6453
196.501
12.9404
76.0601
135.905
38.2843
75.3604
116.796
20.9953
47.1276
41.7661
64.4304
144.681
70.5086
173.195
76.3554
28.9555
115.771
34.9853
67.7211
25.8921
64.0292
26.344
109.192
41.434
77.5583
41.2111
100.171
62.9786
22.7919
41.4342
56.1969
70.3657
32.9833
81.9649
12.5198
378.486
273.712
170.091
42.4167
117.506
38.5436
9.15014
36.2178
94.3611
94.4172
10.2922
77.9246
21.2234
45.7447
147.941
101.926
46.8783
80.4973
21.7804
22.4157
29.1836
295.365
62.1386
86.3135
25.2396
135.859
31.4403
112.527
24.4655
78.8188
167.257
66.006
130.75
86.1737
97.5508
38.1609
147.407
26.5626
35.0453
42.0877
60.3983
12.7801
94.491
179.463
55.8875
46.6756
15.5656
41.2746
13.795
111.018
19.0207
53.6034
72.772
237.296
123.88
45.5864
168.816
66.8911
37.1957
35.1216
26.8423
146.642
127.592
43.8392
55.3079
161.592
43.2012
19.0355
14.7189
48.624
160.785
226.924
40.5436
31.2857
76.9138
63.8636
115.788
19.8435
183.275
117.598
58.6885
46.9186
23.7246
74.9815
18.5857
184.922
61.9442
46.6049
52.5728
240.455
198.801
158.949
208.971
55.8779
68.0567
83.4914
100.179
28.0014
28.8485
34.8665
116.311
148.474
34.4453
33.1594
44.8855
99.6759
65.2985
323.213
23.6226
51.692
42.4972
24.5986
124.88
26.1468
17.1721
171.061
119.721
105.724
108.507
72.9981
17.2226
104.052
77.3935
19.5491
93.5116
135.148
123.201
76.582
43.4365
32.9033
40.9024
70.4181
231.773
208.854
13.1637
99.9023
51.3721
394.196
61.7906
30.5802
32.8619
85.1048
89.9836
261.877
56.0556
12.9594
18.7719
13.9654
125.494
100.109
71.9565
85.9856
81.3487
176.128
251.884
252.475
94.3293
48.0641
88.5071
191.147
63.8068
223.391
268.867
125.241
89.414
17.8026
25.9235
75.2409
123.071
62.1326
83.8371
40.3344
66.821
17.6917
69.278
49.8574
90.3236
48.3371
17.8889
172.613
224.31
149.403
115.919
69.5163
13.1384
49.8049
16.1858
226.062
111.737
18.4957
55.9431
36.9968
91.2916
35.6261
28.0906
20.7692
24.8742
129.182
41.5628
175.678
86.4099
56.5364
27.6806
128.488
35.6582
63.9936
31.0326
62.6512
77.7363
57.4005
17.5844
228.727
29.5351
367.513
56.7715
134.741
105.903
70.6548
38.6299
110.472
23.6526
44.32
41.1446
67.336
26.6868
76.7852
242.603
84.3638
47.9595
31.4592
157.345
56.5436
46.0091
10.8361
22.4774
51.8218
20.971
64.8097
77.7448
32.0842
140.574
39.8366
82.2054
74.4473
23.9586
249.78
113.124
221.694
141.215
558.312
12.9202
42.562
114.22
46.5018
102.019
92.3561
53.0118
51.1638
90.8186
65.0062
44.7095
51.4034
74.8515
33.6797
17.9932
68.9328
51.7677
43.6622
100.979
31.282
106.761
43.7062
23.4191
78.1421
150.546
220.575
35.3657
21.8008
166.385
134.894
59.8879
19.5056
403.043
36.854
64.2836
155.374
156.574
44.4641
45.9331
76.5758
163.597
253.325
34.5175
11.8419
13.5056
119.767
24.8609
27.397
10.6471
23.0078
18.4666
92.2882
149.806
42.0187
30.5415
135.053
37.4169
59.0199
265.699
49.7207
46.5116
84.8006
12.2478
100.976
55.623
50.7585
136.441
16.0587
41.2201
18.1933
181.388
86.6439
21.6519
102.264
38.1506
98.9647
77.2064
89.6022
109.451
58.7626
71.5693
18.0283
8.6528
30.9001
51.4303
43.0835
58.0757
151.901
142.579
138.597
117.671
88.2555
105.914
72.7681
18.9135
103.183
49.7957
96.0403
32.5326
39.5647
112.723
135.82
423.444
57.9661
78.1066
168.695
34.012
125.484
28.1563
16.5343
62.221
118.125
42.2387
109.009
48.5656
66.6134
166.76
42.1188
41.3123
51.1296
28.6221
65.5715
8.05448
89.8833
136.019
45.2935
15.6706
63.9087
143.393
72.8441
12.4702
19.3542
205.886
7.81046
22.6723
155.938
164.236
102.9
52.6691
69.4669
155.19
17.4982
165.552
102.184
65.192
97.858
74.3852
81.7762
21.8855
172.016
116.891
21.6656
27.2607
165.602
35.3686
87.5158
55.6772
64.6145
46.1154
54.7046
362.698
440.16
18.4902
133.743
222.838
116.74
81.7921
32.8882
61.0433
57.2322
23.8095
104.984
33.245
79.8622
165.1
48.5234
16.8455
28.1147
61.174
26.2547
31.0878
74.4057
43.3363
32.7533
55.3886
83.3886
190.593
46.2716
19.557
32.6495
35.7124
65.5928
83.4996
32.0767
182.29
229.59
76.967
100.583
30.4355
107.931
61.3536
152.227
114.034
157.509
28.8821
39.3825
75.745
21.4482
145.537
23.3011
372.489
68.3575
72.7022
146.033
36.3977
22.8536
203.347
31.3793
84.4102
78.283
240.059
83.5302
33.1213
204.656
261.05
150.809
83.4498
26.8103
92.9452
112.391
81.5809
59.6188
18.0795
117.871
76.3239
29.0899
123.804
245.37
9.23941
64.2957
89.2836
31.5489
49.9251
76.7756
201.242
31.4399
38.4338
200.238
82.0374
49.1563
81.6388
48.6212
128.013
103.009
30.146
17.48
41.0609
48.833
92.3157
305.194
28.6064
33.0533
34.2646
15.7121
15.4021
103.114
55.4651
95.5607
139.885
89.7465
20.27
20.8842
18.384
140.912
54.9468
272.779
28.1657
8.19782
73.6409
38.6949
32.0709
56.014
97.5683
135.006
99.5228
50.0518
98.9522
29.8529
34.8617
192.373
157.857
24.9012
86.5999
320.7
18.7153
54.4553
96.3222
36.6557
15.8256
58.2401
60.5772
77.6094
146.116
56.1856
147.076
23.4908
51.34
32.4694
162.209
16.1741
56.7481
47.4517
60.4047
58.4056
28.9408
11.4017
222.899
60.6004
94.8893
70.4473
40.3638
61.0059
44.8847
25.6123
63.1604
171.003
136.809
28.6925
121.093
92.231
46.7934
20.9556
89.5975
154.652
59.1762
68.0979
31.2657
233.269
49.7336
78.7628
104.689
65.3115
31.2593
93.7242
21.6528
27.1634
24.2998
73.9819
13.9987
179.683
45.5067
125.078
56.5255
66.4998
85.4583
112.992
28.4384
130.549
101.173
38.0836
42.0006
168.606
92.5781
56.1518
24.5983
64.7163
95.2687
56.2892
15.0172
67.9398
84.3794
228.782
366.741
199.329
30.1146
21.8126
82.0379
23.642
12.0063
137.772
137.12
26.2274
29.132
100.428
26.9801
30.5867
86.8289
63.3422
197.012
28.1247
47.9405
46.8957
53.4207
414.426
13.902
73.3332
41.7972
52.7321
66.6394
81.7373
28.611
61.5506
94.571
19.697
53.5527
101.419
67.5213
39.3939
55.5613
69.3429
56.552
88.3238
131.896
139.674
82.9111
94.8598
45.7706
19.4356
216.154
184.861
48.5389
33.0013
19.6549
277.641
39.3943
47.4194
53.4877
24.2476
138.883
40.1298
98.8406
426.903
94.9049
55.8482
29.8155
135.063
95.5082
92.7125
103.242
43.1939
46.1536
34.1663
75.6561
49.0792
35.5596
16.7695
11.416
38.5892
71.1097
135.042
35.893
41.7196
168.028
80.8547
56.2697
29.0395
33.8797
89.7098
21.5258
45.1295
132.121
258.112
128.413
33.5216
22.4996
37.8648
338.552
113.038
109.163
39.7966
86.0354
280.994
71.9419
19.6577
50.6653
59.6521
29.1789
208.755
218.421
67.1142
33.1949
24.3454
137.492
61.2545
79.1747
94.6756
34.9486
89.3545
37.7134
55.9135
33.922
127.986
167.227
14.5617
29.6824
119.997
108.988
66.1416
36.4207
138.291
16.7424
48.93
64.3478
113.042
133.994
120.988
39.2309
48.5221
440.303
104.8
29.7155
89.56
21.5771
41.7662
31.9342
66.5177
170.388
57.0704
19.1252
68.7475
156.269
161.386
185.659
36.6468
15.1865
36.2561
18.8715
21.5339
83.4316
24.874
22.2292
12.9415
71.2895
112.079
15.0933
39.6707
24.73
42.2537
78.2583
72.9288
48.0524
58.7318
72.0539
100.747
43.6627
16.0958
108.763
12.9385
189.837
58.5206
132.314
53.9356
10.6396
34.433
21.7854
26.0191
196.876
53.6203
18.9807
106.884
58.5222
10.7807
79.0644
118.017
33.4593
109.17
359.742
13.7194
82.9577
144.137
25.0741
84.4108
129.544
52.0511
75.2021
70.8373
43.733
260.889
96.1552
22.7122
155.104
19.6549
153.865
82.623
45.2435
158.406
53.4662
40.8426
106.714
51.7607
150.056
64.0363
43.7633
202.995
21.6817
95.0512
88.2302
96.5787
145.013
53.3117
21.0442
27.6399
89.2953
31.7612
153.739
63.7377
31.6711
191.355
122.962
14.8279
20.3352
21.4952
67.1071
26.5426
69.3627
73.2287
48.5442
198.474
50.2103
47.341
91.1654
20.9004
42.5946
46.4262
20.4283
14.9196
80.1201
92.5888
79.8269
59.0398
78.7046
21.6005
31.6331
76.6965
249.75
20.3147
320.247
42.4529
11.095
75.6231
24.675