34341.3
3956.47
6765.48
65508.8
3442.02
106099
14286.4
52717.9
61000.2
44780
49293.6
3906.02
31221.4
9019.8
50895.6
1738.59
151519
3036.53
11759.3
23866.2
18748.4
21043.2
15530.1
10200.5
3690.47
11296.6
22378.3
10282.8
15686
10644.7
39564.9
15121.6
9436.23
8362.22
79400.5
3246.22
7892.1
19318
5030.28
19628.7
23920.8
17060.8
33690.6
20197.1
21209.1
11331.3
60534
2632.11
102228
54443.1
1333.72
63002.3
32076.3
30344.1
4594.57
15017.9
29776.3
8294.23
5938.23
3621.31
21502.6
3967.83
3600.78
77057.5
59854.4
36836.1
89558.3
724.988
16335.4
54034.9
35260.5
30500.5
4119.36
23208.9
1509.3
76626.9
90343.1
7445.52
114263
5064.25
6140.77
3932.64
13199.1
164652
35478.1
47551.4
28879.2
60475.1
20411.9
15339.4
145555
14357.2
1707.57
14845.1
5031.72
1144.34
22765.7
101148
60286.5
72732.7
26151.3
84974.6
41995.1
15219.3
24018.1
31296.1
3301.22
21095.4
158144
2908.15
20682
19412.9
35168.3
15491.1
21102.6
75871.9
56318.3
12732.4
125331
33649.4
26195.1
27523.3
66611.5
146893
20511.8
19013.9
4826.06
35660.2
17261.3
22327
32631.9
20951.6
76092.8
39447.6
4866.82
51682.9
65418.4
17633.9
27260.7
21798.8
32572.6
3543.66
24318.7
19685.3
39342.8
19317.6
52661.7
48788.4
16885.4
7104.07
2933.21
24948.6
14395.5
46863.2
40341.1
9058.34
35967.4
27258.3
1508.05
54323.4
816.206
95766.4
12874.1
5489.76
8245.24
66117.9
103105
9508.33
27166.1
4160.02
20708.4
47900.6
3568.39
69673.3
11868.1
43769.9
5313.74
23343.1
184684
25854.4
25925.7
42742.6
23470.2
8723.55
6204.48
16111.6
34375.5
53049.8
7404.51
138844
12264.6
10404.7
29174.9
28937.5
47348.5
29053.7
52796.3
48047
30483.3
22706.6
11976.2
45194.8
73624.7
5806.71
476.697
87788.2
53734.3
127880
38190.9
15263
43454.7
55550.6
64339.9
76560.9
58385.6
20760.4
21327.8
15377.6
100422
8781.15
18994.7
19292.6
10567.5
20993.5
3160.94
789.042
47973.5
456.58
25463.9
4231.16
19722.9
17965
49160.6
3504.89
13027.2
14985.1
24276.7
26875.2
21485
70404.5
9410.72
97459.4
52239.4
80414.2
23745.3
84238.6
4136.39
7076.51
7871.23
17347.6
59689.9
12606.1
39584.2
39181.3
6518.42
94924.2
44146.8
7147.21
8712.78
26298.2
23485.8
6018.66
43633.4
30706.1
11695.8
8487.34
17900.5
22700.2
38749.6
10010.6
7014.38
154470
69323.6
32137.7
44020.8
1189.33
38513.7
15905.8
9148.37
6474.92
42549.3
9054.8
2246.3
46729.4
42164.2
5846.57
47070.2
947.074
184558
223.946
6101.43
20989.5
20904.1
1843.05
73169
34443.8
30806.3
39830.6
5437.41
20162.2
21884.5
15426
6872.56
11660.4
49036.6
41264.1
647.264
71863.4
1862.02
2506.98
38918.8
52764.1
86346.3
56346
22099.2
15445.6
18498.7
20671.9
99994.1
37959.1
31676.6
22582.6
9487.06
140532
5743.05
115407
6221.59
33528.3
19574.5
15378.8
63807.1
55940.5
84647.8
29135.8
117709
35442.3
18284.4
2365.19
15966.1
9650.25
37736
63924.2
72907.3
39178.7
29864.1
66726
24572.6
11926.7
54110.5
20297
57154.3
1351.54
37103.5
5666.02
11770.4
31915
95466.6
26483.9
19821.1
69469.6
7714.13
25583.1
72465.9
14056.5
8215.85
6133.9
27651.4
22147.9
33281.8
31096.7
6102.34
5881.75
100329
33489.6
17303.2
5467.08
27787.3
37886.5
48611.3
18093.8
28301.2
7860.52
46868.5
11985.3
46189.1
25013
13914.9
12290.5
2641.7
42696.9
34720
16210.5
23322.4
17574.4
32218.9
813.039
45313.7
58367.3
51519.2
26897.9
15447.6
157601
22654.8
4088.29
35552
31186.7
90345.4
21516.8
1918.51
2078.28
54683.5
4120
6759.37
40230.6
18357.7
47851.2
4005.54
12785.1
53688.1
18007.5
6101.38
26487.3
26579.8
10932.6
25589
26850.3
27472
50269.3
3604.19
156512
13966.4
65755.1
38510
29420.5
66273.7
14613.2
10128.1
9490.94
3737.59
18972.2
40670.4
16649
11662.5
14476.2
2653.07
90144.8
18309.8
184663
41394.3
9405.89
19869.8
26211.8
9525.74
4576.2
47002.4
10457
71936.3
50950.1
34166.3
6815.57
9646.87
11653.8
41155.1
22941
37317.7
7312.3
6378.75
32310.9
82889.8
16209.5
9294.68
28656.9
33266.9
101613
108161
11506
38277.4
31408.2
11220.1
50924
6802.94
13280.1
41524.9
44281.4
4233.14
39457.9
40080.5
135582
34972.3
8205.68
12431.8
15476.3
21176.9
12645.5
8804.68
84854.4
1031.58
50699.9
51575.4
13926.3
37321.4
23229.3
12275.1
34285.5
65198.5
23692.3
50738.7
5179.39
35572.6
8525.6
2837.26
90947.8
8940.65
20736.6
80984.1
28987.4
46462.3
21040.4
32817.6
57731.2
17964.3
44728.2
3903.33
51630.6
151683
8374.03
9536.25
10165.7
24650.7
19197.7
9176.93
27968.7
6356.41
11835.3
8097.55
21657
66635.2
64072.7
11252.7
9088.65
99970.4
8600.33
13801.8
8001.91
23687
14118.6
43534.1
35900.9
477.141
13800.2
54814.3
26527.8
8544.68
33230.9
12336.6
31447.1
53730.1
94908.7
10418.5
76251.4
4321.18
14680.7
54602
14518.9
2076.9
39727.9
13633.7
26871.4
27377.9
31647.9
75121.3
39820.4
33878.5
31120.1
16746.2
41387.5
10045.2
5211.68
25334.9
15958.9
9128.2
116999
7891.04
36139.1
6058.61
21746.1
82677.5
38768
583.972
37481.3
20093.3
52903.9
21146.2
63034.4
45998.3
18638.3
39727.5
32309.8
67829
14496.2
4471.49
274.446
2798.84
8858.13
80721.5
22961.3
17595.7
1476.91
5526.1
97212.9
3402.68
50587.2
51453.6
22372.5
2654.4
34450.1
26600.8
12757.2
7266.46
180327
32749.7
3212.79
11082.8
10540.6
61299.9
47163
19798.6
135924
72937.8
90929.7
30128
16486.1
62916.4
25088.1
18518.6
25411.9
120439
10936.6
47040.4
22275
11986.4
14359.2
31439.3
30230.3
40152
16956.8
6579.55
27226.9
1388.43
29560.8
11799.9
23757.2
58756.9
3980.87
7710.82
309.383
60056.8
8318.49
48497
2060.14
92559.2
1287.77
59862.9
9197.17
11083.1
18757.5
85435.9
23173.6
14799.2
33716.2
39014.6
28230.1
34029.9
15724.9
22551
4204.57
16398.1
34419.5
11565
373.286
13652.4
6592.03
34854.8
5285.44
8701.71
33838.9
19272.3
27236.4
59159.4
45025.4
48860.3
4286.65
142808
10647.4
25165.4
16320.6
79543.9
10628.7
37217
4285.87
20639.4
80438.1
32524.4
31669.2
7946.8
17457.2
34062
44901.3
6195.41
275.48
36379.4
32563.1
29858.9
35342.3
14352.4
12911.3
30059.1
7997.39
19951.5
27181
28210.1
28590.1
45849.1
44804.3
35843.2
12889.2
4627.77
34184.4
34778.8
25662.3
148763
1821.44
5006.14
45490.4
4516.16
3832.76
7326.57
1150.69
90354.5
17815.5
19558.3
1419.54
21525.8
141684
17562.7
46353.1
20640.2
240087
244570
73721.6
5405.62
42299.2
19501.5
16108.6
14064.6
39974.1
110111
4753.48
64003.6
2253.44
17472.8
45180.8
3580.83
36262.3
46883.5
15234
51291
9099.3
48899.7
30504.5
7746.51
43194.5
54832.2
6909.56
67372.7
32675.3
990.915
40422.3
90210.2
2872.21
1970.1
15170
28642.6
48073.7
61294.6
48741.2
22474.1
25868.2
10247.2
86715.3
81582.8
38097.1
34392.2
28636.8
14410.7
29906.1
7679.63
6417.12
3616.22
49625.9
48619.1
35294.2
22073.3
86550.3
13287.9
136130
7962.29
56312.3
102194
22581.8
29100.8
32608
51641
11496.5
64408.4
27708.7
23008.5
18315.7
14780.4
30744
21974.4
12136.5
45501.1
93747.1
31538.8
3516
44997.9
12855.8
94563.1
40263.3
187.113
16813.4
9740.82
13288.5
77243.1
6760.95
3905.75
56743.6
4254.54
39581.7
96428.8
3758.71
36100.5
5202.17
104409
11005.9
16356.2
18217.7
24444.1
71720.7
138244
85296.9
90718.4
11595.5
14778
54856.8
3730.05
55362.2
28664.3
29399
1210.78
14208.2
11435.5
6298.82
42129.7
32626
40719.7
19646.1
824.972
14177.8
352.986
14455.8
50482.6
6003.26
30560.7
6882.92
17473.1
3941.42
5031.84
7675.99
92464.5
10934.5
92021.9
758.135
15759.7
5981.1
15705.5
30133.1
14030.5
11178.4
4398.72
96661.4
1693.41
66853.3
54801
13049.1
4788.85
60405.6
12412.4
578.237
2856.77
14012
8329.96
37645.1
25151.2
35964.8
10404.9
9175.35
47691.5
52856.5
43031.9
43627.6
56515.3
16987.6
3983.32
1574.76
5338.49
13952.9
31024
34551.7
138390
9380.54
25552.8
511.566
42525.8
30706.2
522.737
33407.8
56957.9
1829.71
10512.6
31065.7
12772.5
18227
17243.6
2491.19
45847.1
4158.37
5206.97
3047.19
5975.02
32676.6
33486.7
25942.5
47626.2
3332.67
16267.2
23442.9
47695.6
10164.7
60556.2
22749.9
14782.1
5625.61
998.997
6459.09
19761.2
5806.89
24780.6
36475.5
10017.2
51984.1
12474.3
7952.27
13231
16222.5
74467.6
12041.7
37111
27121.8
21562.1
23986.5
30382.7
15736.2
11778
8270.96
29590.2
3497.66
37761.3
79971.7
35826.9
5765
22332.9
15593.6
85709.3
94740.7
1853.88
556.092
30175.3
26141.1
117207
7863.51
66556.5
5722.65
30320.9
62600
14751.1
33608.7
7059.89
9557.12
85165.1
4931.53
2650.18
40321.3
9705.51
31494.5
13697.1
19945.8
13324.2
62497.4
39290.2
81022.6
77028.3
22735.1
12597.8
1272.05
12468.1
24548.1
156474
176885
2634.64
86883.5
17183.3
47274.3
24423.7
10589.4
13387.1
12868.9
61797
52806.7
18599.5
2251.93
47307.4
18118.1
43055.3
47299.2
4461.45
11464.6
24494.5
9827.63
26080.4
31534.1
1371.34
37192.5
8439.97
350.441
8515.64
27257.1
4184.95
53805.7
340.019
10941.7
2777.53
51069.3
26873.8
892.189
8884.6
11642
658.304
2004.86
11811
23981.8
41524.8
22559.5
18987.2
8908.03
26176.5
36396.3
76714.2
77679
50268.3
14575.8
6737.17
45846.5
6846.16
28451
13867.2
10080.8
13435.8
53288.3
1188.68
20275
63282.4
39291.3
55352
876.182
32771.5
27621.1
20386.9
10952.2
53969.7
25035.6
30509.6
30377.4
2088.65
80955.2
54303.5
39415.3
15922.8
47509.7
6173.89
3336.89
11008.4
12155.2
26308.7
24766.4
54546
70573
15383.3
5191.15
8129.44
9843.94
16954.2
22749.7
59046.9
11406
15091.5
12025.1
56088
20594
86315.1
1516.79
14349.6
21275.1
15193.9
7880.35
45008.7
21211.2
34293.6
5869.25
56692.5
41576.6
16919.2
7707.99
128371
38896.9
12585.8
6576.93
4785.46
44606.6
25980.4
40574.8
1493.33
23144
110058
1537.52
1712.29
7439
34604.2
132454
51380.3
25594.1
5444.81
55953.8
5031.33
19075.2
37385.2
12475.4
11467.2
365.802
1213.84
24534.7
9722.38
42995.8
36632.4
24213.8
34611.7
40174.8
6634.12
7279.7
18794.3
8189.28
1155.44
2556.88
1660.61
11617.3
65641.5
49576.2
6906.87
38637.4
39319.2
20643.8
9995.64
59216.6
12144
10882.2
1291.21
81680.8
32854.8
10653.4
15348.3
42530
36174.4
2549.7
8937.79
15887.4
18650.5
55094.8
14317.5
1727.41
24615.7
5459.92
79896.9
63542.9
12811.9
31507.1
15150.3
7562.61
25236.8
2508.12
49225.9
20820.3
26122.8
1176
3572.55
19971.2
21475.8
3610.01
57182
143918
7555
17134.4
28507.2
4942.54
31859.7
10211.9
72551.8
9107.14
15466.9
17229.5
13567.8
839.758
8406.8
7416.23
10911.7
6490.85
2371.31
3463.91
3491.14
35517.2
27675
104857
29510.6
4182.63
26549.1
43453.2
25422.1
33046.2
1024
17021.4
9006.9
49645.3
214876
3109.36
12721.5
25329.6
31199.7
1234.61
5477.87
7930.39
176718
104950
47830.5
6783.83
91815.4
43282.4
26301.7
4211.93
29190.4
19913.5
12095.3
13403
146460
36014
7607.99
19014.4
51472.7
14614.3
1219.23
19396.4
1345.7
69033.4
9786.85
277.249
57174.2
15281.3
30241.1
3034.86
10004.6
42518
32690.7
33976.8
15096.5
20431.7
13448.6
5729.5
23964.5
25381.4
34934.1
8263.78
45159.4
102046
8649.4
44115
3508.4
422.732
5466.74
774.187
33366.5
90968.8
42887
44178.1
21691.2
106503
44630.5
47048.8
84017.7
2430.48
2806.26
75761.9
51477.2
53375.6
944.872
84768.6
57710.8
20869.1
8229.25
22000
52380.1
5478.11
8099.15
2211.97
96732.5
49953.8
39857.8
71632.4
27755.5
119555
15365
21508.7
22043.3
28170.3
17951.1
23078.7
61027.5
19327.2
16937.2
10810.5
33003.2
308.295
2691.17
15169.1
3645.4
37000.5
30943.5
3560.74
11849.1
14357.5
100534
16331.8
11630.6
11422
38134.3
8380.9
110477
8948.38
12665.3
13196.7
27572.5
38578.3
8220.73
7068.53
45301
3623.74
1718.4
22728
38942.3
82349.9
52044.6
9429.88
10840.9
7692.2
43400.6
9901.1
1996.01
26317.2
61526.9
17909
4678.9
23740.6
1032.37
61057
1713.54
103212
44816.1
36825
22553.5
11628.1
9203.3
22055.6
12610.6
75750.5
7927.9
23315.3
5593.36
8832.01
2994.96
4005.18
15385.5
37434.5
3571.25
11692.7
32096.9
21619
105840
13167.1
84257.5
59832.5
16536
11599.7
21279.6
730.118
2161.27
2673.19
1510.62
89229
15163.1
78338.5
6103.85
15483.5
10003.3
12107.2
2550.96
44371.9
828.507
80027.4
79487.1
38619.9
2725.78
98154.5
64454.2
205.175
73967
1624.03
113294
16414
34395.1
76159.9
17884.5
134882
74888.8
34172.4
30964.2
2613.22
7990.45
57540.5
28461.5
14714.2
45631.3
5945.97
14093.3
5170
8171.87
8398.54
28388.8
31068.7
14237.9
46807.3
37238.3
60675.3
106513
15287
14484.4
11545
9915.27
27373.4
9495.9
45073.6
7547.74
9826.82
11703.8
6574.55
25351.7
20447.9
5365.2
85974
21733.8
11177
9935.55
39452.7
875.939
26754.8
9691.47
16267.4
41857.5
4370.4
18395.8
72714.5
141749
7593.46
20112.3
155353
2894.42
28517.6
66639.8
85815.8
2491.17
13927
81004.8
5503.84
38580.8
82030.6
53156.2
24135.4
42503
25830.3
38441.7
65346.6
28594.8
10679.7
69420.8
32138.4
26584.2
19783.1
5006.77
81474.9
1843.17
33393.8
10737.1
32337.8
30048.5
38209.2
146292
59233.9
6260.37
13232.4
34888
31869.8
29203.2
5075.23
94245.9
59867.4
13611.8
2008.82
32361.1
1200.16
15004.9
149399
31250.6
9696.42
76868
140023
20630.4
13041.3
14387.2
13890.9
347.952
17115.1
3075.89
2972.66
173225
127677
77929.8
53891.5
13142.2
83309.7
54872
2885.47
52788
31679.6
172125
51483.3
12746.5
16946.2
33080.5
6963.1
36206.5
52743.5
28309.3
14047.3
20496.2
4154.31
9529.62
67048.1
2393.08
25649.4
25483.2
22607.1
6960.87
32739.5
1277.44
16298.1
5449.1
19085.1
54809.8
10059.9
41442.9
11613.6
40836.4
53203.4
198.037
9571.11
41352
1618.2
36332.1
4277.24
41266.9
14864.4
65770.9
8443.25
54052.6
16084.1
22892.8
4064.04
493.187
8314.25
1819.01
15553.3
12466.3
3687.86
21139
17216.9
1881
40281.5
69452.3
75050
36436.9
41491.6
43766.3
1554.45
60174.1
16587.5
14322.6
52172
42459.1
42673.2
61686.5
2188.12
114221
20979
24739.4
56993.5
47779.6
8145.48
43323
1389.2
19970.3
2966.55
9722.51
1520.28
63165.4
18508.1
14627.4
14327.8
7701.73
39527.4
27200.1
37078.9
66693.7
90780.1
320.713
6828.29
33252.7
22965
71553.2
67336.2
18575.3
20769.5
48361.8
12844.9
41131.2
100453
12178.7
5006.24
16032.7
903.39
1164.73
19452.7
49856.4
40394.1
19733
19669.8
105621
92992.7
49430
16671.3
26849.2
20798.5
10717.4
48448.7
26035.3
30748.4
1368.32
43270.7
72146.8
2046.82
9447.15
36359.1
101185
1825.4
4785.78
804.743
247.767
37186.9
12529.9
64645.5
32305
360.968
13799
33427.1
20041.7
42339.2
60055.7
65995.3
29659.7
62499.1
146.541
29574.5
118317
1704.61
18789.5
11444.2
29242.5
44644.9
32031.2
57312.8
72430.9
26120.8
9819.81
12402.7
37514.1
9611.14
54071.8
27700.8
32879.7
47968.1
39062
37489.3
701.3
11313.8
21965.7
4644.96
80759.4
15896
29051.1
31609.6
720.846
17742.7
3691
94976.6
7684.91
60172.7
34996.4
2966
6214.09
56129.3
82768.4
23063.6
36222.6
9784.9
37591.4
3953.08
83000.1
90761.4
3114.02
73795.8
2690.95
4543.69
42143.7
1774.59
7276.06
13928.4
94263.6
3911.17
43407.5
2569.64
2200.17
40248.7
8323.98
7836.79
10612.8
65814.7
3983.39
11925.1
14650.8
25102.6
105365
19210.9
27231
14131.7
69916
21254.7
39808.6
11675.8
91596.6
3739.52
8345.74
38157.5
9849.86
60893.6
12600.4
6143.76
38540
39258.6
62537.3
99643.8
7969.9
984.256
4662.15
40139.2
10857.8
9634.52
20809.6
1263.27
16232.7
38870.3
282.687
32365.3
11109.9
33384.5
85002.2
4682.87
94219.7
49535.7
4527.67
25203.7
4871.29
49275.6
29374.8
58350.2
662.252
36932.8
9835.46
36495.8
4650.53
45094.7
37299.1
1878
22539.8
79702.4
35631.9
5097.04
22111.6
8829.35
1619.65
137321
14686.1
4893.54
14932.9
56126.6
7866.15
13534.5
20317.7
20262.2
68614.4
66691
30766.4
26835.9
26186.7
69114.6
6755.46
92718.7
19569.3
86330.7
9448.42
218.136
9714.74
31758.9
2512.99
29272.6
21028.6
2525.19
8608.42
10837.8
10680.6
18186.4
38534.9
1313.22
8534.12
22176.2
12198.2
1076.42
51776.7
43090.2
70880.7
7137.98
74433.5
5779.42
4737.71
3425.16
24497.1
25870.7
102570
4096.45
58529.8
579.664
60824.7
3321.57
32737.9
3812.01
6584.88
6873.13
1150.48
60664.4
30835.9
16915.8
37461.3
10248.4
148211
1803.96
13362.5
28300.6
12340.5
16525.8
36989.6
1219.2
46003.5
3166.1
853.584
19743.3
7174.62
31077.5
66683.7
10216
11888.9
51647.3
61355.3
38144.1
35469.2
69430.3
20340.7
67287.8
86318
18324.4
43612.7
16724.1
72304.5
16387.4
93834.6
9420.56
19395.1
16132.3
4092.82
5952.01
48275.5
11521.9
19559.6
18345.7
38403.2
45764.2
37304.7
48284.7
11192.4
2562.5
38043.7
23591
18929.2
14610.3
78304
13706.5
59478.1
28753
14433.7
14208.3
10376
3326.17
41454.1
50158.6
43809
15284.1
5076.39
60811.9
51081.7
19324.3
33777.7
15778.2
35246.2
78607.9
4562.79
39461.5
35733.6
14896
10038.7
10550
1508.15
50211.4
9983.05
97066.2
19367.2
43801.9
85894.6
33948.7
2947.07
1956.97
22755.6
113524
47795.5
55539.5
14020.2
3803.58
52688.4
53726.2
2019.41
22001.5
38008.6
2599.78
62782.9
66293.9
98184.2
4565.79
62688.3
15801.1
3160.35
47903.1
25450.4
5307.55
43733.2
6277.01
19240.6
43464.9
18472.5
15154.6
1446.63
28357.6
9115.87
40237.3
42816.6
78475.3
64383.3
107672
9724.11
11468.9
14139.7
4672.42
9713.47
34211.1
35258.9
87071.9
58873.6
12931
23615.7
32594.9
1728.58
1761.64
1705.99
24603.4
8590.82
32365.3
12200.7
25162.3
1473.76
11857.2
17488.2
71664.9
14588.4
17484.8
54498.6
23089.1
11667
48879.8
39355.9
12523.5
61143
19352
28506
34170
10773.1
5768.2
10088.1
4657.14
96885.1
12048.3
57503.3
41277.5
16751.4
23217.5
25946.3
7546.18
98758.3
48472.4
17981.9
27258.7
14529.6
10828.6
12376.7
23131.2
148853
37148.1
38899.7
17702
6322.32
27776.1
57061.7
7783.47
2858.15
12231.3
13206.4
4623.25
6741.79
18548.6
129550
45803.1
23426.3
30837.4
10628
38585.1
40437.4
7633.1
2703.06
11797.4
20172.1
6369.94
14768.4
76452.3
6615.85
9667.31
17077.9
45185
23103.5
186778
18009.2
34221.7
22081.5
34152.1
19861.9
17443.5
14688.1
49209.1
24156.4
13557.2
86847.6
27163.4
1488.35
7756.47
8618.31
6502.53
9296.53
20492.2
12133.1
17860
25109.5
71015.5
33240.7
67561.9
29926.9
3499.56
10548.1
6658.71
46644.3
67539.1
16048.6
7889.27
55237.6
35446.1
1731.77
24491.8
20577.3
23267.1
42102.9
2971.69
30813.1
65291.3
18864.3
3949.01
79251
11883.9
7986.75
20958
76523.7
34695.9
8005.46
57812.2
31149.1
39226.6
5893.77
2661.74
31441.6
9245.61
13067.7
7752.49
56947.8
20825.7
4170.41
8057.27
4355.25
86492.6
1349.34
15996.4
8873.97
7272.85
8618.66
91361.2
10621.1
46545.5
5274.45
61342.9
10842
36390.4
137810
41224.9
21035.6
1365.99
41311
31743
1401.68
68877
7083.2
34077.2
36473.2
11790.7
25760.4
60071.6
75612
2794.21
17961.7
30419.2
1121.02
20814.2
41432
51452
39684.8
13241.6
3968.97
28917.1
4623.49
24190.6
32888.4
53359
71794.1
103267
96133.4
25653.1
11904.3
2287.87
10963.7
36371.5
14980.6
235.63
7999.75
67917.1
73723.2
36575.1
31082.3
33511.4
13685.8
52845
15416.6
30692.3
3456.49
24969.4
2537.17
147.251
62390.4
26367.7
57253.1
29607.6
35801
65477
28118.5
4248.41
76751.9
30073.3
11707.3
9941.93
28114
16565.3
3853.07
40956.8
62781
12929.6
12182.3
30032.2
76963.9
57349.8
6454.68
19739.1
12340.3
4960.38
27864
18085.3
102968
95441.4
1123.75
11097.7
7132.04
44405.4
4706.84
27117.2
10372.9
47486.5
9696.95
6927.2
15366.2
6020.38
19548.8
22392.9
23130.9
8044.56
77892.9
34112.1
28764.4
67844.1
12164.7
17453.8
29438.2
43763
10040.1
2891.99
146914
33379
15281.8
58114.5
5429.94
42734.2
81364.5
6568.94
29498.4
17048.8
26557.1
41584.3
6372.7
21167.1
22623.3
36230.6
7280.34
65246.2
39894.8
10686
29023.6
18810.1
10477.9
17555.1
23127.4
12802.9
40608.8
9995.54
28305.3
9010.76
75368.5
32280.8
1568.63
6113.17
27810.3
27356.5
15828.3
25704.1
28387.7
54430.5
4126.29
10677.3
1377.74
147882
2221.56
3498.38
74699.1
7299.9
37362.5
21534.4
35872.8
12151.8
53701.9
47599.9
137965
6918.63
515.445
46135.6
6903.26
115341
14324
41801.5
77714.8
21985.9
24065.2
29986.4
9582.57
13579.5
10597.8
3541.49
6393.23
14865.1
8745.54
36324.7
21990.6
22815
32281.3
15724.2
25498.3
35007.6
21270.2
7291.81
33305.9
10526.6
19249.6
15423.6
45304.6
37029.8
18731.9
4230.46
20765.9
321.903
2124.83
5932.02
11987.2
13101.9
22770.6
20846.7
41464.9
4142.28
15970.3
18388.8
19017.8
2371.91
16229.8
20983.1
74989.2
30914.3
43051.8
35521.4
40428.7
23505.1
39169.4
16221.8
22820.4
59229.2
31747.8
14448.6
1067.1
1128.36
18977.9
45853.4
18518.4
23223.3
134522
24957.6
20248.8
84591.5
18978.2
42140.3
3562.53
38681.6
6276.12
15112
7517.34
16759.9
3466.83
8416.36
58448.8
46227.5
48341.9
19725.7
1266.9
18102.7
2116.21
157450
44811.9
41174.6
42991.6
11006.6
5176.39
52063
11063.5
13376.5
11812.8
44775.7
31757.6
28225.9
23326.4
41250.9
76396.3
96605.6
10632.5
19114.9
148507
29384.8
73901.3
33818.7
75538.4
8661.25
25789.5
5564.26
8549.31
12374.8
22667.9
46147.4
26495.8
18342
94514.5
31232.8
72241.2
72766.1
46496.3
64532.5
77984.3
49794.6
24459.2
126228
51896.7
4282.87
25498.9
28862.4
3243.39
14253.8
6147.57
13196.2
19215.6
5478.52
5144.81
33199.8
29677.1
25152.2
41205.4
57078.4
19831.6
92199.1
84849.9
52172.5
2901.77
23577.4
105664
887.79
31199.8
7326.26
18478.5
8455.41
8950.81
14534
9289.07
27836.1
60738.3
4053.24
13183
37808.5
87793.5
74865.8
869.318
6959.48
14931.5
5853.53
93921.7
1177.2
16232.5
24919.8
23254.6
47907.4
21827.3
23465.1
123297
1799.15
2098.91
28342.8
19113.6
23825.2
51505.8
120094
4144.66
40469.9
49130.8
92579
6961.68
47017.7
611.377
4698.08
15045.7
40116.7
60162.6
37804.3
13959.7
2539.05
17050.4
113268
33619.4
70141.9
16011.6
14596
30379.5
35633.9
49782.6
122150
10635.3
63526.9
3850.25
83139.2
6870.66
42081.1
23877.4
42965.7
24322.4
25948.8
30481.1
19427.7
478.062
10684.1
4704.85
131961
40288.9
73562.2
34617.1
22881.2
37334.9
6999.41
28211.2
11290.3
42052.9
60657.7
11464.1
38985
14212.6
4203.37
88556.6
85627.6
49634.7
30774.5
18900.6
24446.9
9331.38
64117.2
27972.9
10736.8
8952.86
63328.2
32193.5
79390
55341.3
47932.4
30999.1
60545.2
16284.3
38232.2
35251.7
12226.9
44800.5
467.714
71137.3
98172.2
52358.6
32579.8
1657.72
22780
5529.25
4079.85
38849.6
26206.2
72727.7
72325.6
19549
3018.24
9057.79
49349.4
1036.71
118128
38216.5
99931.6
46720
53032.5
84385.8
13026.4
6954.96
13945.9
24045.5
51541.2
7048.79
42629.2
17067.9
423.64
24629.5
40133.9
45802.6
2113.29
3728.4
68717.7
14798.4
17209.5
4375.78
11930.3
35910.3
26229.6
7448.87
14068.5
30556.2
24692.9
22786.6
2385.22
4227.32
20256.7
33928.5
3782.74
439.945
55789.9
39871.2
5922.6
7706.71
40540.5
56082.6
43359.7
3001.64
78637.1
43835
47609.3
100587
78397.4
11249.7
59682.3
9116.69
21583.6
156697
80767.4
1227.52
25171.9
51993.2
38361.3
26397.5
10512.5
39717.9
33275.3
14761.7
22141.9
30750.5
15561.4
362.287
20745.7
7695.07
30152.2
26545.4
2040.18
25571.3
40501.4
23656.9
5436.74
8861.39
54339.4
8564.19
1604.67
30582.8
12641.9
3843.62
6941.95
29693.1
53980.9
45613.5
38745.9
14355.2
14450.2
39067.1
25920.7
9518.41
56163.7
2946.52
1538.11
3911.18
5334.39
1284.61
49358.2
110363
48409.8
10088.7
10207
22937.7
66046.4
5958.79
48359.6
75640.4
17500
36761.3
89034.8
2217.25
45840.7
18721.2
1956.21
2293.62
59527.6
42189.8
43605.9
15809.1
28416
28942.2
780.202
6598.16
11047.4
3364.54
23695
18720.1
14161.7
13825.8
4440.59
48228.4
24604.8
13710.8
21329
273.857
20651.3
436.579
10465.7
4627.57
28392.4
37974.9
8679.09
20381
22726.2
30795.1
37817.6
16341
9716.27
15885
1883.73
31871.8
26380.1
18467.9
477.088
35132.3
24333.8
68466.2
72026.6
1980.2
87376.6
31800.6
2721.84
18329.7
66333.1
15024.8
54256.5
25587.6
7546.57
5495.05
33496.2
12603.9
11979
36736.9
91539.6
26876.3
3777.39
10276.8
26980.4
70612
301.566
6404.62
111387
7728.35
23406.4
19470.7
14419.9
11437.4
77638.7
48222.6
31745.3
44824.8
17070.6
105437
51415.3
40433.2
134524
23669.9
20991.1
8897.63
18306.8
49018.8
13167.4
19067.5
65162.7
3453.18
86225.1
1213.33
48450.5
42944.3
46506.4
20834.7
498.426
14773
16615.2
63772.7
9621.4
14974.5
34394.9
42544.3
35097.7
38587
20344.8
37291.3
10113.8
29692.7
3129
22010.8
667.917
41978.3
72438.7
32034.5
11075.3
11251.5
39583.7
61247.1
130143
2936.01
4779.49
50314.3
75245.3
7987.3
107085
13214.5
7575.41
7200.63
35737
6048.92
16643.1
632.854
3876.15
11542.7
11395.1
3644.71
11755.4
11453.9
26055.4
37671.8
84072.4
60852.9
50726.6
62197.4
32800.8
64650.5
14934.2
705.906
19180.8
20760.7
19349.5
9283.26
27984.1
12987.4
129630
22318
44811.6
10008.3
6243.74
23529.9
13172.2
38763.5
40847.3
19954.4
8452.12
55774.9
5545.26
28301.6
11696
3135.72
30038.8
8076.95
76696.6
31933.5
69951.8
404.741
13570.7
4633.77
92362.5
11513
83071.8
26480.3
6998.71
19346
10241.8
21073.2
75778.4
33366.5
13378
35016.7
27368
22131.9
12303.2
8151.44
6552.81
4578.25
2469.93
61334.8
65749.8
10868.5
50773.1
20871.4
1573.98
4623.06
4109.84
17967.8
2580.62
26820.5
9398.26
8308.21
19384.4
2119.91
5348.56
84196.8
22707.3
10085.6
60167.9
32435.2
3668.76
37550.9
23327.8
7075.43
9159.25
31631.6
3023.23
106955
24256.7
37135
5208.76
122571
15357.8
7932.2
43288.4
1689.83
29745.7
26855.9
30087.7
20972.8
34049
33324.9
17097.3
637.509
8442.58
8424.5
2975.5
10842.7
7622.64
12327
26580.9
25186.2
2967.41
5779.93
30072.9
43252.4
10186.5
3332.06
50347.7
51974.6
35681.5
23349
19767.3
16545.8
45000.2
36187.5
8224.56
21327.8
31642.2
51004.4
16259.4
83569
27780.6
717.509
59146.5
11664.6
11677.1
86469.2
154132
42860.7
2140.04
22961.7
1912.19
5612.65
80591.9
12986.5
15444.9
75204.6
6567.28
30028.8
25321.7
45289.5
31015.3
111358
46247.9
17589.5
37558.3
2812.44
6625.93
43250.6
1774.9
57158.1
38929.5
35228.3
33894
11379.2
14426.5
1765.18
6870.7
83685.8
7105.53
30474
28299.7
10494
2960.39
625.217
3852.2
3942.78
7477.83
93417.8
33871.6
90091.5
11734.6
591.865
87945
1864.45
63741.8
10931.8
13564.9
10938.4
32863.3
32672.9
30942.1
1899.36
76723.4
14363.8
4069.19
4998.26
29437.9
17784.7
3555.38
4446.45
76016
27619.4
13905.7
34903.6
49208.5
79082.7
84868.1
798.864
18613.1
899.26
16075.1
22037.9
660.099
5333.28
20919.6
1708.95
67513.7
132567
8238.81
85503.1
10205.8
80206
68157.8
58904.4
13262.6
39281.1
15894
30856.8
101220
695.947
14475.9
4091.55
3813.57
38614
8227.4
13612.9
36593.4
47608.2
126943
69203.6
10948.5
42960.1
91657.1
41677.2
9455.64
34443.7
49892.6
27635.1
19799.3
63704.3
10764.4
6285.19
7200.39
14340.5
60932.1
22652.3
7253.55
8866.24
34207.7
17279.4
28439.3
7323.2
29371
8523.82
2673.9
33313.9
132076
1972.02
16224.8
58487.6
67285.5
42680.7
5869.47
77997.8
1037.74
63391.1
27194
22271.5
127738
28368.7
9170.46
930.224
67698.7
17582.4
18513
50612.9
21296.9
2248.55
35069.3
23396.3
56038.8
6484.8
68984.3
10832.9
76568
126863
39840.3
29627.1
3946.9
5928.8
506.302
37557.2
20238.4
31308.9
27345.1
27374.1
75962.4
15521.1
3654.83
37364.1
17345.8
11800.1
4490.49
7103.73
22014.7
12398.6
27320.1
11253.5
101957
21861.2
11564.4
2271.57
5454.32
75538.6
31707.8
10119.7
57074.6
10186.4
9067.6
34198.8
13084
4634.5
13662.3
27233.6
3146.28
5912.3
34994.6
21068.3
27854.8
8399.77
30814.5
649.323
4023.3
16334
111672
94250.7
13319.2
6362.68
13136.3
32672.3
2025.9
54854.7
10402.3
10008.3
28612.6
21171.2
20558.8
29328.6
13927.3
48836.8
14694.1
4847.43
30462.3
47154.5
27541
18239
11590.4
24462.3
50355.2
17106.3
89501.2
90590.9
51741.6
15604
42470.8
13096.2
15041.2
14051.2
17624.2
42838.5
14624.5
7432.89
10282.5
39729.7
6143.45
102295
27871.5
22468.3
19296.2
27189.3
1719.85
35610.2
31904.4
44781.2
62708.6
26374.4
10557.7
31094.6
4216.8
10217.3
88203.6
3626.89
21255
7777.2
30157.9
28034.3
29728.5
11563.8
10509.8
38497.9
18171.6
815.54
20360.1
60579.8
74301.3
4660.71
2133.81
25507.1
43491.6
32615
30628.1
26028.4
32516.9
27139.5
13881.8
18932.6
17145.4
9148.48
22175.9
12982.3
63388.1
29164.9
17404.5
6819.07
90332.4
90544.1
47920
13991.3
15014.9
28982.5
21483
119226
35562.6
40460.9
7054.07
37092.6
52978.7
47934.8
11672.8
52307.4
5307.78
11208.2
9694.64
11523.7
3981.02
21647
5374.02
2149.15
53386.9
25413.8
17300.7
3274.19
14637.9
52292.9
15528.6
23408.3
36760.1
96642.4
30230.7
65472.4
30832.2
6376.28
44598.2
11414
841.336
32861
559.322
1683.86
24421.6
50964.9
9577.89
41540.3
95266.2
66393.7
9166.15
8081.44
14677.5
20048.1
119066
16207.3
60544.8
25998.7
9956.06
70867.2
32714.6
13512.8
19847.3
7631.86
13938.9
41198.7
17106.7
61427.5
4189.73
46932.3
9439.45
15461.2
59196.8
5729.06
8460.06
82972.6
10579.4
27217
40029.2
31768.3
26137.4
46389.6
1467.11
530.18
28681.5
34870.4
38068.8
36885.2
45087.4
10565.2
44418.4
4648.86
10038.1
31301.3
19435.8
6748.65
14498.9
15636.5
7321.71
101678
827.433
59654.8
7114.28
15134.4
37227.5
14773.3
92571.9
18861.6
5488.18
8785.26
2308.85
3577.37
5663.04
42433.7
33201.4
4554.77
87411.9
31726.4
42706.3
9392.71
28346
7103.91
9592.45
57162.2
61577.2
10984.3
130431
1547.36
4205.71
4379.95
19100.9
2078
65450
23587.2
21298.2
9465.85
18491.4
122620
37796.6
38153.6
24551.5
5714.17
2882.17
49088.8
10304.5
20727.8
8054.49
29924
45820.9
23583.2
35866.5
5737.79
66889.9
2244.59
44509.6
45041.5
354.979
12281.1
3430.79
68010.2
35491.6
24572.6
146389
43186.1
3781.83
2854.24
11805.2
20094.7
3469.46
27966.9
58548
22007.1
79538.8
111633
24308
11212.2
57130.8
17561.7
12748.7
80203.9
17575.1
29061
9302.74
3625.08
18100.5
73397.2
12336.9
15637.4
35538
86252.6
24366.3
42849.5
16701.9
29708.4
11370.5
3568.31
44598.2
25962.3
47576.3
20875.4
2594.67
37238.7
35786.8
22056.4
6125.42
16962.7
61800.5
7460.9
653.128
106652
21760.1
3257.06
54793
1673.97
22347.9
1811.49
6917.31
45865.3
53988.5
10773.8
90680.3
61791.4
16082.5
80522.7
89173
35107.6
21941.6
31257.3
17588
3527.22
16655.7
70869.6
135713
11992.4
9633.77
10627.6
29585.1
38746.3
2009.75
56536.4
60428
41887.8
26263.1
32955
2078.15
2055.9
80867.6
129848
15839.5
58720.3
110442
17738.2
30185.1
4109.73
34289.7
17424.2
59219.3
33912.2
382.219
9101.3
7620.74
10357.3
25547.4
18395.4
15042.5
4295.59
41180.6
137880
39460.3
9505.34
142402
12581.6
18429.5
2985.92
29354.6
18862.8
40098.9
23590.5
5769.23
67727.4
59293.1
54996.2
96073.6
8556.47
3277.7
17718.1
9702.58
724.66
41916.1
78663.5
17482.7
4266.5
30566
30187.8
45132.9
81014.8
58678.6
1634.89
25279.4
44958.5
24763.6
18397.1
6988.09
70490
11037.6
468.113
4999.34
57146.8
39397.6
25678.8
71468.6
12659
11640.4
3758.12
58650.9
19818.3
27469.6
56502.2
15597
2514
42252.6
3016.82
1020.66
11795.6
50429.8
34741.2
10903.7
13114.2
15647
21855.1
32848.1
29117.4
58302.9
49820.6
22546.1
42370.3
6183.75
38954.2
5715.28
89885.5
6032.97
4960.86
28049.2
32364.9
47160.4
11932.7
38923.9
76857.3
5499.67
17195.5
38607.5
22064.6
20890.8
10992.3
125058
7742.19
16877.6
27807.3
115921
26348.5
165394
13622.5
14668.4
39832.4
18634.3
28549.7
42272.9
43392.9
49774.8
18749.9
35261.2
71999.1
24857.7
1327.9
42067.5
3721.16
393.954
37770.6
19696
38151.9
30443
8784.48
25541.9
10513.7
7209.23
1416.83
6494.81
56491.7
144236
44484.4
4531.22
8929.88
16818.2
6292.52
34897.4
34218.7
33333.2
13386
45405.8
61933.5
52717.3
3440.56
15966.7
116670
48317.9
23412.3
25999.8
2852.94
29447.2
15091
3484.23
5438.49
5799.79
41873
16992.2
14861.5
23805.7
19755
11439.7
62051
10558.2
43295.7
25725
20184.6
49544.7
32116.8
4975.56
5969.22
87236
15033.6
629.895
23965.6
5034.68
11886.6
18793.4
24196.7
11007.8
32486
26798.4
28304.1
1287.77
31896.3
443.444
103325
22336.9
67034.6
99509.1
43887.2
3100.1
16401.3
51298.9
52965.7
38181.6
76921.9
21244.6
39018.7
2814.65
126117
10482.1
19909.8
18963.2
29735.7
66081
12915
37998.8
38774
36986
15777.7
22245
74293.8
80486.2
30574.6
38666.2
6656.86
59345.6
49165.6
12631.8
35904.8
909.297
2369.26
7629.49
10219
36411.1
7889.36
16284.8
11328.3
102040
17461.4
14977.3
27335.6
17057.2
51952
3606.01
17319.6
3098.99
8758.29
7291.81
3836.91
84910.7
64356.3
72382.7
10366.1
7591.38
13531.1
66052.2
405.002
101961
338.125
10531.2
46994.5
64354.5
41361.1
16945.1
50112.3
48466
13438.7
175094
46897.7
4536.54
696.214
37820
22174.3
1073.23
27032.4
35732.1
21984.2
78206.3
52808.9
65828.1
111732
4093.83
33951.2
15230.2
51200.8
42477.5
117784
63009.9
30743.2
1758
2399.62
64414.6
3597.87
4137.69
82443.2
61598
161.065
33073.8
78761.3
12315
4858.13
11781.6
5754.63
56852.4
2702.04
9202.61
17036.3
221713
13104.3
5019.44
21573.2
55820
20594.2
50869.3
1717.88
12280.8
1343.18
9176.79
3650.24
2301.63
20893.6
2955.21
67267.7
6253.05
7527.3
15456.5
46403.6
32122.8
11083.4
22109.8
172562
30438
1056.83
29899.9
49829.1
83909
57665.8
17335.7
22692.6
28924.8
17259.6
75195.1
92155.4
13818.2
30010.7
9003.73
57435.8
16681.7
23880.4
15184.7
14062.7
32328.6
31518.7
11566.8
60174.3
19284.7
30456.7
3975.63
22066
8273.99
154037
553.782
56357.6
59406.6
2055.89
27821.4
52968.4
15986.9
61505.9
10217.5
37937.7
55897
116188
8592.99
8137.46
18972.6
34729.2
200364
34656.9
84762.1
44207.4
16040.4
20600.4
11025.2
46705.1
31709.4
7223.69
60328
5422.54
34054.9
25524.3
6933.54
3592.31
128878
61527.4
35269.3
13409.3
157141
28850.2
3942.58
34120.8
14399.9
52508.8
28309.3
14926.8
69294.5
12975.8
152903
3299.36
38708.4
20752.7
1460.07
4021.61
25875.5
29168.1
27751.7
63710.5
25755.5
7084.76
65792.3
61308
9647.37
6686.6
37558.7
8267.46
3858.44
55112.9
17063.9
16352.3
35305.5
18417.6
7205.69
103058
87617.9
80965.3
5730.04
11354.6
51805.7
31339.7
161702
26672.4
54350.2
38731.7
21355.8
57341.5
4198.79
32594.2
125314
25184
74998
66974
5770.95
60506.1
18037.7
11395.8
10172.5
33812.9
15963.5
3862.96
19328.6
13909.2
10124.5
6628.77
12680
6993.54
23956.9
1899.18
12253.6
32373.3
64083
29073.4
72274.3
929.319
43481.6
31002.7
16053.6
30400.8
75626.4
26981.3
4272.13
15564.8
47958.2
40955.7
11257.4
13109.5
3761.33
8442.27
19249.1
5556.77
29287.8
93878.3
18729.6
2790.99
29890.2
4937.31
33129.6
17486.3
9765.45
31577.9
8031.9
23126.9
51141.8
26507.7
44519.3
16665.1
1994.84
8597.23
29079.8
63069.5
16967.8
90802.5
6219.51
21945.6
630.983
84053.8
11114.3
27959.2
94867.1
178725
7089.83
10807.2
20097.2
40018.7
19648.2
59831.7
14189.3
51824.5
40023.7
35160.8
34461.8
10134.9
4117.78
17899.6
31645
16944.6
15017.3
50297.7
28002.7
71620.7
1153.82
942.932
6139.67
13734.9
13506.1
50371.2
2097.36
13628.5
39574.6
16210.8
69492.8
16353.6
2426.21
16635.9
18165.7
9920.76
17107
40592.1
34533.7
21742.5
7667.33
40366
7350.11
23957.8
59754
87824.8
17539.2
94642.3
116808
135649
8083.77
819.097
3788.46
35474.3
753.379
2340.7
44212.2
22824.9
25521.3
27631.2
25266
10894.5
5275.32
35061.9
33710.4
12318.3
19415.8
45357.3
35765.2
4652.78
1502.21
9160.88
55869.8
25713
13978.7
22692.6
95313.5
119111
4837.56
95619.4
26678.9
34663.6
9255.11
9574.41
4382.65
4092.02
3612.4
1273.13
4043.25
6967.74
15042
18038.6
58428
108812
33660.3
22846.6
20968.3
14711.4
8192.86
6303.97
16065.8
127310
21490
21875.9
32331.5
40836.4
1831.49
1475.5
11678.9
17140.6
7212.68
647.209
13296.7
21206.4
65861.9
111256
88578.5
35616.5
46579.3
20247.9
73991.2
6304.83
105510
10093.9
6566.45
10545
3060.05
28717.4
32887.6
14517.8
52018.4
29314.3
31862.2
33603.3
13028.7
8683.03
6981.37
2590.69
16037
6568.56
16781.2
12106.7
36155.2
36884.2
13446.7
55469.1
12348.3
675.531
12963.8
34775.3
6524.1
26092.3
110087
11664.9
43945.4
19153.4
15412.9
5573.16
60943.3
58223.5
10727.7
6410.04
89761.6
5706.72
4375.84
41131.9
16393.6
17725.4
3473.22
45056.6
24441.9
10841
93174.5
26813.3
29453.2
15688.7
85388.7
27304.4
1364.68
77232.9
27499.6
4563.46
2757.08
2207.9
71453.4
6925.63
10382.3
10722.8
9508.28
26243.9
31985.3
105218
2157.51
6225.48
6326.65
9226.19
51994.6
10978
4491.54
41708.8
199882
14427.7
8418.24
43039.7
52275.3
73096.5
2298.76
15718.8
13566.3
41867.7
57477.2
31594.9
9915.3
72468.9
24146.9
58093.9
5942.41
50829.2
44480.8
16684.7
15099.9
11440.8
17995.4
945.828
12864.1
30435.7
35184.6
50890
7678.87
6354.88
174370
15737.3
40927.2
4721.9
280155
10217.5
7136.96
17782.8
6699.37
52646.8
528.922
10084.3
18928.1
31543.6
63544.8
20088.7
895.858
1169.66
46639.1
57688.8
32892.8
29331
25282.1
152457
184356
28356.6
23831.7
84638.9
49095.9
11218.3
9199.51
88042.6
97576.1
3836.08
8802.86
19441.9
14484.8
2655.57
17983.7
16931.5
34754
135378
55017.7
160391
26308.7
59236.5
5135.46
18738.3
7995.58
4184.31
11459.2
21892.2
17724.5
12398.9
26147.1
1771.66
9647.62
12234.3
6923.24
9727.42
109821
90398.1
716.366
4202.2
19039.1
17712.1
19711
17848
26568.2
33415.2
133404
151235
34186.8
57836.5
25708.6
14915.2
35140.6
35822.6
48873.9
60632.3
22839.3
4465.85
23153.4
16862.5
46758.5
33189.6
29948.2
17298.3
10885.9
17243.8
142986
13590.8
13428.3
89900.1
10291.1
17189
28089.2
18835.7
39190
37100.3
27773.8
75970.6
3731.33
11337.2
15480.5
95184.8
32422.7
54933.6
20185.2
4100.23
4167.31
16801
40015.3
126451
9551.26
15417.9
22318.1
112006
8703.54
5574.1
4427.01
44439.2
136827
23075.5
85158.4
9020.4
126213
28521.8
37751.7
38668.8
49541.9
4428.81
33233.6
10482.8
4415.95
71589.6
10277.7
27869.5
70138.9
6143.89
5389.31
3247.79
5755.07
7762.76
8565.22
30254.4
17419.1
14453.8
4567.56
156367
22264.9
71671.3
1979.04
105448
13531.8
4116.16
23789.9
23702.5
13023.9
105145
12287.3
40113.4
95366.3
14819.1
27019.2
36348.2
4516.47
3696.47
56939.6
32152.1
95848.4
20560
40789.6
14429
5960.86
6643.53
74400.8
1776.9
19510
80991.9
82868.2
104918
9623.87
39712.4
2572.43
16082.5
20654.8
26010.9
5845.66
2280.01
5913.87
33992.8
25064.6
10484.7
27060.9
2128.6
21840.2
117.05
13324.1
9320.34
50034.9
35881.5
4507.43
3541.91
16696.8
2043.23
15022.1
55723.7
13331.9
57216.4
5583.38
42926.7
2226.56
16569.6
53581.3
45955.3
3866.27
37518.1
5230.77
3218.4
19601.9
24500.9
21119.7
17462.5
10521
80717.7
12223
77953.2
7857.85
61410.6
9197.3
19487
26644.1
11834.2
33998
13655.8
101170
34853.7
14362.2
8653.43
6511.54
12503.8
21408.1
16193
5799.84
103873
47949.8
29512.9
388.587
62060.6
5198.85
94435
40238.6
22559.4
21485.7
17717.5
4869.33
92806.5
13929.5
127647
99933.2
17219.1
115624
35339.3
7040.19
402.429
62827.6
49416.4
1339.49
47533.4
25786.7
6066.34
15653.4
4096.45
34638.8
68000.1
108883
5644.86
81402.7
10439.8
39059.2
76021.3
34698.9
26296.6
40591.8
43334.5
3275.41
48689.7
6498.12
8741.11
36993.5
27310.6
50016.7
10678.9
11890
22665.9
22148.1
5564.1
22012.9
18215
13932.9
67144.5
910.073
11223.6
2949.47
14862.7
10392.5
46247.9
11421
7135.16
14125.4
34965.1
9077.58
2695.43
8833.23
33839.5
7832.92
68855.3
43168.1
3401.68
3831.76
9675.48
15835.8
42076.4
8061.12
23592.9
22902.7
153924
8069.96
26274.5
1302.29
33868.3
2701.3
66495.3
2307.01
54466.9
10936.8
56230.3
126366
47760.6
4749.17
41931.4
17796.1
36000.5
7924.63
8966.74
14191.1
37910.5
15098.5
68983.1
32854.8
15851.2
21921.8
16085.6
844.93
6017.29
10968.3
9794.68
36268.1
61694.6
1078.97
58119.7
13281.2
8492.61
16445.9
44811
6280.01
33982.4
30437.3
38220.8
10009.7
6959.05
1922.28
56594.2
15296.3
41708.5
2392.41
695.462
26821.4
25389.5
19374.2
73264.1
784.04
50198.1
3425.06
47914.6
70261
39679.4
13548.1
18377.5
79880.9
12107.9
1389.39
7765.58
20421.9
30718.4
12538.3
53196
19243.4
28702.6
176.267
27408.6
7645.1
1152.81
26343.9
72738.2
53975
12329.8
49860.1
5324.51
4452.26
88308.4
4253.29
11638.3
4576.16
65627.8
53348.9
12055.4
6353.62
6930.66
28361.8
27654.4
19006.7
3958.42
28788
95340.6
7543.99
11209.4
66361.7
9075.1
54709.4
9431.72
63266.7
57357.9
58448.9
58696.9
4048.55
60633
10936.6
2253.3
15741.6
25009.7
22266.8
4241.42
21606.2
30285.4
17113.6
28899.7
62257.6
20495.8
7806.24
37774.1
16172.4
22230.3
20874.7
57963.7
2042.4
111094
35082.2
37662.5
16342.4
11690.4
54591.4
50670.9
11139.5
33489.3
19561.3
1327.63
3881.81
19289.2
41892
55327.4
4982.79
9878.43
34735.2
5671.19
36234.2
2085.54
16813.4
14642
3309.12
60035.4
23062.1
12697.9
21570.8
4893.88
4987.05
73983.1
79531.4
34547
14637.2
4618.96
45363.2
37966.4
15976.5
9369.38
38878.9
10834.1
51324.1
29689.5
36515.1
22046.9
28280
51826.2
5641.35
55412.4
44624.5
1858.77
643.324
25830.1
29450.7
10471.6
29197.6
28955.8
98493.2
45827.5
21072.3
50252.4
1313.32
40188.8
38793.9
22458.3
50696.4
20748.4
31580
61221.8
2452.08
3497.91
90933.8
7367.86
47351.2
8359.53
2296.65
10408.2
49450.5
21145.9
26335.2
29432.6
20247.4
26631.7
33454.4
7819.47
13544.7
63553.7
71985.6
60324
8133.28
17012.9
34123.6
104869
20031.6
22468.4
4321.65
36898.3
51583.9
28063.7
652.221
48115.6
1989.34
124779
10923.8
16675.5
11610
5180.33
96988.7
72212.9
23559.7
72580.5
16058.5
89398.1
3995.85
3305.67
6838.98
4405.9
16969.4
6373.78
73408.7
33827.4
19980.8
910.877
31071.1
20448.6
50262.6
5611.67
18173
45737.2
43359
68442.2
17627.9
8602.45
40637.3
10686.5
53284.7
33016.8
149288
33448.6
5755.97
45171.1
24632.7
5711.51
5332.43
8740.16
83507.1
114379
22330.1
17714.3
14337.4
3761
30853.7
154102
2448.15
18501.6
14155.5
23261.6
16669.8
102813
10076.5
7705.58
4568.88
89267.6
3868.47
11411.1
39963.1
32347.8
12212.6
22022.2
62971.3
12352.7
9050.55
83176.4
8104.63
14142.3
1106.8
14253.5
51562.4
171144
1221.38
16538.3
38541.5
17729.5
24289
69455.3
21396.3
76199.9
14799.9
50763.9
1493.38
49551.9
37156.2
4179.86
590.167
11325.9
28566.3
37514.3
4127.89
77289.2
60324.5
46942.1
29497.6
9536.48
80979.5
950.57
4819.93
20875
27732.2
19525.2
47946.6
52546.3
24901.7
25562.1
10684.1
7191.87
4235.64
57512.4
21237.8
23662.3
25918.6
71223.5
3688.13
52930.1
13466.8
5389.73
111325
8434
4236.13
34450.5
10897
42866.8
6922.51
34705.3
21358.3
3137.11
36956.1
214741
65619.9
9912.2
36635.8
16440.8
15758.1
25157.2
28934.1
41092.8
15043.7
43923.7
20737.1
22889.7
76583.1
227993
15903.9
80847.8
30508.4
209789
91341.4
28910.8
79087.1
3955.37
14859
24081.8
52328.3
23732.5
61314.3
747.533
82038
31970.1
8600.93
112471
48651.7
14827.8
18593.1
81951.6
2904.99
9478.5
3676.36
16685.5
5558.98
74375.1
11172.2
138747
31588
3558.1
21378.1
50579.5
30259.8
39343.3
38859.7
5050.55
41402.1
1034.69
2560.85
5238.39
4684.06
44315.4
21772.2
24887.9
31099.5
21317.4
57104.8
14484.5
22488.1
21109.7
21303.3
5175.76
8099.65
6455.07
8345.43
10065.9
12824.4
54452.8
16162.3
4549.28
64485.9
18917.3
78797.5
42375.8
16013
51426.7
51579.9
185138
17286.7
12886.3
22560.7
64272.1
7946.63
37400.8
51166.4
5028.51
39213.6
3423.92
19839.8
20329.7
784.18
9219.21
99611.3
36095.2
8665.96
6305.04
11112.4
6436.76
8942.09
1442.34
138978
59809.3
1157.4
60532.4
5461.03
14222.2
103290
14946.9
4055.12
16659.1
6045.65
20401.7
58978.4
34139.2
17626.6
4488.2
31149.8
13138.7
23371.2
4336.27
17603.8
28154.4
69071.5
28653
28404.2
19691.2
7357.7
4315.35
72411
17043.9
69383.6
15900.9
14710.4
5366.19
7548.4
55367.9
13639.6
93640.4
10877.6
44759.5
33210.4
5477.93
1930.94
41724.5
1218.16
5702.13
28946.7
9326.1
17730
102991
28195.1
25373.5
18324.9
44683.4
473.674
41853
29359.5
16107.5
25290
27850.7
13302.1
51825.7
20003.8
8377.34
83687.9
40745.4
54287.9
487.902
19776.7
4702.05
3514.44
4749.23
14127.3
6026.77
50062.8
45952.9
33236.3
7953.49
6002.63
6694.3
11789.7
19389.2
7798.48
25328.1
47276.7
42852.9
63543.4
18251.1
52691.1
26911.7
929.479
22698.6
7979.31
53730.6
96979.6
9311.46
7181.59
1701.38
2363.9
6483.88
3344.34
9768.01
43590.6
2502.57
43452.8
101575
68646
11094.4
8148.7
40998.8
13687.1
121620
21497.6
44212.6
53217.4
31198.2
8660.71
6226.49
18956.2
11266.6
43423.3
97275.5
15782.2
20076.5
62575.5
31481.6
10508.8
56734.1
3948.03
8311.42
15936.8
72719.5
37589.2
23757.7
60760.9
57627.3
1610.81
88808.2
66007.1
19947.4
32270.6
10536.5
33424.1
6540.66
8536.17
56484.3
11654.6
10683.8
2868.78
7625.48
50322.7
25567.1
22808.2
9063.36
22207.2
20776.6
60337.1
10633.8
95121.3
64590.9
9703.53
940.489
42430.4
35204.7
20309.6
23237.6
7265.27
30079.4
13563.4
38962.2
9999.62
99564
16997.5
1565.59
39869.6
47444.4
8168.31
80908.5
26630.9
4934.34
2006.33
22301.7
9152.76
7923.52
124685
34798.1
2939.63
27874.9
46696.9
29693.3
978.824
8456.28
42695.6
48749.4
15843.3
28536.8
23368
21620.4
15063.9
98688.3
7348.71
10499.7
71560.6
89572.1
20481.1
49343.4
30784
71863
54647.7
20156.4
1376.04
15776.6
13034.1
69658.2
23088.9
74307.4
70448.3
109242
24203.9
35456.8
26869.5
25668.8
6325.58
2048.92
6762.42
4241.93
35535.1
40990
46716.1
17953.9
52661.9
491.583
32988.9
7549.41
65038
3691.93
1234.78
34551.8
65397.8
14904.7
6978.14
71540.6
13622.1
46901.7
63741.6
51918.4
66191.2
44521.6
37306.3
50553.3
16436
11385.3
50252.9
29529.2
22062
31505.3
2408.01
14329.4
46530.3
8781.28
1601.48
14706.6
12178.1
53828.6
11204.6
19959.8
8881.96
130860
1805.33
118332
24118.2
14757.8
1550.78
15486.5
41256.3
32916.6
16683.4
14232.9
68173.7
130034
34482.6
24898
6864.92
23503.7
4952.11
34583.7
28853.4
21151.2
23536.9
15750.1
14406.1
20014.8
2720.92
12307.1
8442.81
41091.8
2816.33
40240.4
11446.9
38934
37962.5
46966.5
27149.6
52374.9
15097.7
9412.81
6068.59
1145.93
532.196
641.993
14064.4
101767
69116.5
7745.13
25274.7
63133.4
1818.18
37008.5
57134.1
38827.2
14414.4
1531.67
3434.5
38006.6
23309.7
54678.4
51544.4
11558.4
5517.05
5700.23
4152.02
7619.72
103185
7697.46
23393.8
52848.3
62303.2
34167.5
9612.89
113377
23201.7
43073
734.569
14978
51409.6
46746.4
8575.92
22663.9
12211.1
58244.6
68155.2
37296.3
34882.4
34080.5
37302
10314.5
59953.3
30292.4
22422.3
10156.5
24281.8
29150.4
5913.82
21462.4
5579.78
262.479
36978
23852.7
7920.87
2981.87
19752.9
10807
25772
55796.5
17675.2
3855.06
2953.35
17277
16498
44209.6
62051.6
63779.8
17706.7
33930.4
19937.1
69615.5
32620.9
34903.6
44680.2
23570.4
22969.2
3579.5
16605.3
27689
9594.16
90064.5
2232.56
14409.5
31174.7
12718
73362.5
28941.4
14964
81318.3
18626.4
29954.7
16006
27463.2
31740.1
6535.94
9496.56
76897.5
5760.93
17240.3
13753.5
78393.2
16170.5
7564.4
147927
75473.6
30622.6
426.473
2074.56
717.256
6852.45
1950.64
9576.15
17695.6
14726.4
35391.1
40904.7
6185.4
62002.2
25210
18293.3
7902.85
137765
3486.32
765.256
80878.7
14880.2
9121.97
8544.67
2569.9
4579.92
47659.1
6105.94
17823.4
64806.2
13583.1
24815.6
2440.78
76087.3
65725.2
1461.24
5740.76
456.641
12638
22146.3
20320.9
1773.26
6550.36
19081.4
45949.7
19643.3
3966.02
64118.8
12265.5
9805.97
15972.1
55327.5
137564
28926.1
62351.2
81955.7
9349.88
47040.3
529.411
857.075
66721.1
6908.59
22299.1
1378.87
14086.9
7532.4
8764
63648.6
43434.3
34272
33833.9
92368.4
43277.7
16712.7
26602.9
38439.1
52863.6
1897.8
70242.1
74532.4
10415.3
8463.75
207735
13436.4
11450.4
100062
5313.12
17505.9
13810.2
78588.4
18428.7
31827.3
819.157
72314.6
4032.68
14154.7
19555.9
32064
40874.7
52311.4
2249.67
21465.2
6150.68
15012
45433.9
50977.9
35835.1
42100.1
9416.03
5867.24
11916.3
4608.57
41106.2
47223.1
2533
6541.27
3597.92
6254.93
2309.76
40643.8
5064.41
31735.7
85363.2
17852
36186.9
15550
5064.87
11305.1
73081
62790.3
92573
73685.9
44697.6
3886.56
55588.4
6224.59
202042
19458.4
10661
1378.41
21860.5
67393.5
27146.2
8287.6
37615.5
40657.6
33050.9
25791.3
33914.1
18637.3
10594.3
21598.8
21618.9
10732.5
4318.88
17337.4
35030
12061.9
916.558
149.542
8825.34
38149.1
58566.8
103501
26083.8
18916.9
29668
21671
7712.38
25617.6
3194.37
45778
5394.21
6726.15
23224.3
25620.5
10797.9
985.394
25596.8
11724.7
66297.5
2394.87
19591.2
74993
24349.4
980.752
43047.9
30960.8
46814.6
10836.6
43743.7
30468.8
6419.61
2023.28
85263.1
19391.9
2525.13
4583.94
16983.7
12479.8
23450.7
9587.55
61061.7
30203.6
18157
190.528
60692.6
63989.2
15326
100890
56635.7
7204.43
24422.1
15769.7
19033.6
4670.56
8564.97
27183
17855.3
51953.5
41484.7
23134.4
3718.08
29810.2
20049.5
5329.79
44686.6
52327.1
2004.57
22742
127195
8155.28
4020.56
47484.4
6422.09
28283.1
24197.5
34675.1
10126.9
40489.9
13167.9
17967
38972.5
14532.6
3089.99
134688
14541.9
21146.2
21799.4
36047.3
1272.14
6505.47
48799.8
10464.1
19379.5
48207.2
36680.7
29068.1
1409.64
47951.3
12016.7
32935.7
11635.8
8178.73
34813.2
7013.58
95804.8
28962.3
29655.8
2005.66
44039.7
37405.2
17365
42100.6
59684.6
2489.33
2731.99
5097.61
32809.2
15012.1
50108.3
82008.1
19420.3
98943.9
17343.7
10036.2
62595.2
19099.2
57523.8
16133.3
62525.6
11748
50593.3
33666.5
9557.27
55319.6
8124.44
45882.5
29678.9
27555
43851
35117.1
62714.6
34736.7
18691.7
9240.93
18668.2
14637.4
44475.9
11560.4
13525
29340.1
67917.9
51018
21051.6
74212.1
39529.6
35344.3
1220.54
26051.3
91123.4
28204.1
93583.4
17498.3
22612.4
105612
12145
4949.84
4745.12
652.982
26872.9
4409.75
28355
44830.7
27784.4
6798.04
30280.8
17497.6
17472.8
1498.78
29137.8
63653
55296.3
10345.4
6840.17
31064.9
18070.1
10904.2
2478.54
97463.8
39190.5
1284.11
55140.7
24278.7
8544.52
52270.3
65551.5
121760
9104.91
20265
50902.1
20816.1
97908.4
22639
18338.7
74260.8
51835
27390.5
23486.1
32183.5
45238
36736.3
82476.2
57946.2
34033.6
42547.9
4021.4
32248.9
9403.05
13460.9
14426.7
12938.5
25012.3
92466.2
1939.99
75477.7
17522.1
1861.56
3462.45
40826.4
29252.4
9362.27
31517.2
14096.8
3955.27
92195.4
20875
72373.1
3604.65
50260.6
8857.48
12181.6
9578.77
35563
19659.2
25275.8
6946.61
66299.4
45715.7
10999.6
13662.6
48149.6
6648.7
13358
33769.8
45005.2
26754.1
69021.9
50723.8
2986.87
7915.53
22568.9
16298.5
13801.8
45324.1
2686.29
7693.14
57964.4
11935.7
63262.9
7437.28
28793.3
7043.08
22405.7
3162.58
9594.93
51527.7
40834.5
20355.4
6862.47
26895.9
39868.8
92180.5
13716.6
111218
4939
4320.62
13496
15678.6
5419.07
10393.2
4258.88
19875.3
1418.23
106698
25145.8
33932.4
23418.5
40097
2915.43
2457.16
82076.3
3124.92
125376
1979.35
9596.11
50752.6
2300.31
14274.1
2771.59
42240.5
46592
14370.1
6382.97
11666.6
142624
27873.5
43407.7
35913.8
77617
15389.7
76168.3
19587
71249
10147.2
28117.2
47426.5
28777.3
47021
46406.2
21125.9
16430.6
26648.8
1802.66
9006.59
43621.9
24497
49365.4
8763.87
91692.9
2039.54
33975.4
24332.3
13885.5
16757.1
27334.4
144141
10465.9
15257.6
27937.3
100657
37311.5
46051
45910.6
38572.3
7570.47
71249.9
91933.2
43316.3
52488.8
40461.9
42842.1
40204.1
29492.4
29321.2
17209
105926
157103
37116.4
35900.4
5719.25
42979.6
4385.56
40679.3
12231.6
54011.7
53105.8
29304.6
5290.83
37034.3
7600.28
23100.3
8599.32
30687.7
19567.9
8548.76
36198.1
42980.4
8169.84
5939.72
3730.84
74843.3
37882
12631.6
20363.6
16044.7
35609.1
43765.1
25481.7
28726.5
123402
40164.8
21020.3
7992.87
10792.3
16297.5
28364.3
17839.9
35296.3
1770.66
9337.57
14248.2
70186.8
50550.7
10367.6
25764.8
3468.94
20990.8
30875.6
8031.65
34763.5
20359.5
1767.97
15801.6
12022.8
20782.8
20091.4
43039.6
51008.4
4626.4
38267.6
58109.9
16745.2
149449
20848.7
75306
1164.55
15021.8
10644.5
14221.5
18997.8
3776.48
3590.09
14434.2
86053.5
19524.4
27966.3
66909.8
54295.3
7006.98
576.83
30432.1
17047.8
8998.11
2390.8
21946.4
18317.2
3861.55
9272.83
1257.98
1916.31
7978.11
71431.4
22127.4
21181.1
12070.7
106647
5680.71
5680.64
39214.8
5210.39
56478.1
13525.7
29700
3219.95
37849.1
22050.8
33439.1
62761.6
63051.1
3012.25
59940.2
35209
63284.9
34789.1
35691.7
22397.1
3656.79
7327.65
42310.6
36041.8
36119.5
14399.8
9185.53
39223.6
14777.4
8607.24
21539.6
13466.8
38406.8
22249.9
33624.8
103797
104712
51281.7
17043.1
3260.15
17187
24047.4
26502.8
9251.62
81314.3
31031.1
39552.7
28990.3
15803.7
63270.3
18789.5
22995
6694.72
51004.4
36452
61430.1
2785.21
30426.2
25482
6275.43
5220.07
129338
17282.1
36269.7
14470.9
43383
42359.4
15526.9
49082.2
100717
67152.3
169529
164646
1971.14
18978.7
16966.9
1502.51
8195.23
19399.2
47111.8
11158.2
4411.08
20124
9550.82
17722.3
14650.7
4269.59
45981.6
66715.4
444.998
2084.03
20695.9
5787.69
99302.4
10730.6
38114
9873.4
146334
31097.2
27505.1
81827.6
34833.3
11728.9
4537.07
28543.3
167322
42776.2
36123.6
848.71
6419.89
65632.7
116927
41887.3
10847.7
81249.5
61715.2
10796
43289.9
48602.5
70519.3
19824.7
6540.26
6384.89
5850.36
12178.8
22139.8
20987.2
5768.6
21306.1
16395.8
13307.3
11803.7
52261.4
6505.25
6397.47
1541.42
29484
6676.73
182581
40180.4
22521.4
41138.2
6649.65
24385.3
43281.7
48377.9
2703.11
111158
2503.55
5159.4
35446.6
16387.1
19978.3
19877.9
100753
59850.9
70907
26327.5
22527.8
33135.7
105621
31302.9
16741.8
30050.2
90362.5
7130.03
20389.1
10247.4
37420.4
1035.8
11585.4
11250.5
69455.4
13471.3
20857
17366.6
8078.58
2603.65
28556.2
16384.2
15142.7
88418.9
1145.33
27568.6
19955.5
122656
3442.88
7067.35
32284.5
6588.88
188.848
44523.4
53934.9
81090.1
11790.6
78040.9
41033.6
747.722
39968.6
19628.6
41754.5
1298.68
18456.3
16549.4
133874
5316.73
15999.7
11274.8
8202.21
15787.2
40543.8
6056.68
28849.3
2522.36
31521.7
67394.4
16945.3
110326
22182.6
24082.6
27890.3
21241.7
12596.8
1415.31
3815.9
405.189
114640
3443.53
42235.4
5191
10140.6
92919.3
23461.4
61790.5
6774.68
127174
2360.99
13972.9
53621.9
11829.5
6435.76
19195
4755.43
11137.4
37587
36741.8
34279.1
144991
22330.6
9337.86
15043.9
17898.1
21230.5
10666.4
32754.6
13839.5
42463.8
15315.9
18790.9
3499.65
23587
2393.46
18600.8
41783.1
6881.03
35659.2
28753.2
21897.9
7471.64
17156.2
11326
35780.2
46814.7
2850.15
740.379
61908.8
22131.7
54907.9
25776.1
8517.44
46121.5
54588.4
4515.95
47654.4
38365.6
10146.2
25319.1
2424.92
25389.9
73439.1
9458.26
15589.4
24425.5
66205
191735
18328.8
10433.2
3817.43
83306.9
79218.1
319.941
23976.9
8023.43
64292.2
3427.21
18848
175159
28540.1
42033.3
1727.1
34624.6
25116
29561.7
9137.43
56859.4
23969
17317
21011
73846.2
7971.29
17353.2
3984.31
17558.7
45207.3
18979.7
10519.6
5843.7
5078.23
67478.8
5337.66
31170
26588.2
34949.6
16744.4
50066.4
8045.62
40407.1
35117
89116
51862.3
3052.11
43518.5
6396.34
17643.8
15807.2
36381.2
315.183
79726.5
48363.9
5674.67
6256.71
20489.6
33359.8
43055.9
25001.8
3432.57
47261.3
24276.3
2361.24
216750
1517.04
128949
14038.7
57553.8
72596
100513
15901.9
22879.6
63784.9
2490.74
9942.08
2980.11
16227.4
106879
7660.99
25913.6
57164.5
55327.2
55097.2
9951.56
15623.5
39216.7
19597.3
9905.19
28453.3
84853.1
58072
75888.2
16680.3
20428.6
32387
13124
2326.48
52635.7
24033.9
13973.5
91434.4
45492.8
2702.02
20580.6
15588
119972
8307.67
352.81
5293.79
6041.41
9345.67
9290.49
12002.9
22074.3
5491.49
10369
45826.5
81434
10718.1
49680.3
8896.39
30477.5
25836.4
7026.31
35879.2
12947.6
39681.4
13454.6
16157.8
102390
12856.3
29256.1
821.658
35711.1
29504.2
6685.8
5813.82
12132
17201.6
92687.9
13624.9
59467.7
3052.74
11286.1
25435.7
20654.7
56240.6
36717.7
49585.1
10668.8
5796.57
15886.5
66533.8
17674
51101.2
35422.4
36293.3
17229.3
65628.1
1166.34
9291.96
76671.2
580.308
64961.6
35171.1
34742.3
57711.6
1245.09
6594.56
56325.4
24549.8
47846.7
9467.56
8852.67
17693.1
26762.7
32830.4
39229.8
2390.46
21420.5
9522.52
5994.63
12330.4
5872.75
17481.7
69148.1
11015.6
9229.62
14528
117151
5498.31
22990.2
22769
21147.2
23587.9
312.513
14810.2
9921.02
6060.05
964.509
10596.7
84322.4
10711.8
63201.5
51474.9
31057.8
21057.3
113356
91177.8
14755
5904.79
67265.4
3027.95
6713.17
12080.1
6427.22
28686.7
3708.6
90600.1
49759.9
53885.7
51518.3
46404.9
2573.7
69743.3
4781.58
1941.27
61624.4
20567.5
5468.27
12481.6
118356
28956
11798.1
36418.6
40293.1
27202.3
1793.99
25510.9
41845.3
39667.8
2955.91
22542.6
9535.61
6336.1
61161.5
52548.4
56310.9
3156.09
45304.4
5548.71
3746.57
45061.3
24115.4
10326.5
8402.5
18653.6
11682.8
28447.2
84891.3
46472.6
2266.31
28543.4
17315.8
37516.5
1702.86
9225.09
3047.14
6764.28
29565.4
2157.42
48111.5
24756.2
27478.7
145843
32089.8
17751.3
21069.5
30001.2
54130.8
16989
29937.6
5738.02
79653.2
18673.7
184201
7785.59
7813.01
6360.98
18918.5
25107.4
4983.35
22617.6
82116.5
112109
54644.9
40556.9
140000
23586.1
36694.4
9912.95
39833.5
14422.4
2353.17
85513.3
38971.8
28445
6446.41
16531.1
2225.35
55670.5
7786.79
17897.8
44905.4
35389.6
51959.5
28445.3
6216.31
9869.34
33838.5
11105
12902.7
42262.7
49717.2
101986
1569.53
24037.7
28911.1
10543.7
37665.4
12853.6
40223.4
31128.8
9238.54
5294.55
88782.3
8123.31
8865.39
2882.6
8545.41
12814.4
30428.7
36922.9
16767
45824.3
59902
8824.65
6253.06
68527.5
30709.3
180868
7897.22
5273.54
13917.6
5525.04
67939.9
6313.96
3687.48
2705.93
24680.9
132936
41327.4
17758.3
3445.94
19025.3
46647.8
23604.8
11345.1
46201
16563.8
17494.8
19228.4
43154.1
22280.6
34321.3
11948.3
30165.1
24942.3
34464.9
31283.5
3754.54
12911.8
55361.6
21830.5
5354.95
11122.2
38866.4
10261.3
44931.3
5830.84
13387.2
42817.9
24075.9
49343.5
48343.1
25537.4
5671.87
9316.91
22268.7
43227.6
13539
43522.1
13398.4
113449
49412.7
72590.6
11825.2
32607
52386.4
44043.1
33711.4
23015.2
51420.1
24116.3
35389.3
37212.6
33114.4
32244
35917.8
365.351
37879.3
8716.2
14220.8
15498.9
14920.6
3128.91
8408.55
58483.3
30665.5
29116.6
23243.2
14359.1
30053.4
20810.9
14316.1
21851.6
24381.5
13843.5
89447.8
55583.1
12039.9
155225
37801.3
27758
4405.19
65089.4
62211
2912.78
125438
1419.91
568.281
54106.3
43130
15401.7
690.24
43313.5
66246.9
26775
123182
55801.4
18487.6
71095.4
35754.6
25333.4
51481
24457.6
35607.6
8395.98
49085
5074.65
58403.8
22297.2
1782.18
116853
82672.1
7098.09
16332.4
171635
94966.1
31502.7
107096
16589.5
38433
28635.1
7426.3
46385.9
51404
51548.9
21321.7
4946.66
5554.64
22251.3
22679.1
52698.5
888.358
2962.41
22005.5
44165.7
37917.3
12912.1
16382.8
48242.2
5731.13
76043.3
91282.1
12944.8
4104.18
100896
32140.4
4676.72
6908.44
6456.11
17589.8
40284.4
2488.5
55244.2
6315.28
38077.4
41639.4
33203.7
81415.5
36523.2
2581.57
10266.8
42166.7
69973.1
22368.9
65643
17578.4
77091.4
80650.5
8639.97
40226.8
30794.9
16444
45199.3
18568
480.419
31093.2
71124
600.326
35905.7
25761
12093.8
14012
18493.4
45654.1
265362
11385.1
65373.8
13637
7175.98
124222
4414.15
36596.4
7200.41
11194.5
8200.15
85943.5
42631.3
52302.8
7670.41
46693
1128.68
2699.47
174212
9013.13
88446.6
1733.6
19505.1
28680.8
44019.4
31896.4
18935.7
13050.4
13534
3841.29
49693.3
5614.4
9126.28
53456.2
5017.45
31068.1
10754.9
26805.4
27294.5
5388.6
33103.3
7008.48
13852.2
5338.55
76363.3
20391.8
5488.03
53824
6261.71
47420.6
1938.78
29073.4
8085.05
139329
23625.5
19341.9
58141.2
6914.35
61471.7
15620
4227.36
21998.4
15865.4
9141.84
18208.6
3554.28
31290.7
48973.2
1008.12
5599.27
12398.6
26372.3
15254
9887.74
124165
61904.3
97472.4
74663.4
34554
5249.2
29584.8
81300.1
7118.28
15943.8
29806.9
2656.72
39058.2
15794.6
3309.04
4202.34
5753.03
41525.9
14306
219080
7361.93
3843.78
10564.8
14135.9
82979.7
652.455
173594
9660.34
13815.8
20958.7
126865
4314.39
14622.4
10205.4
4295.18
64056.3
11491
16247
17068.8
5054.08
44810
41270.3
11565.4
106741
6890.57
37291.2
11617.9
9387
8448.83
22137.1
141653
29660
48902.3
4706.94
15189.6
63088.1
16429.2
27744.1
12297.4
1791.89
36203.4
6750.46
8374.56
7935.44
3107
9865.41
38781.3
1050.27
17416.4
15640.6
110871
2827.41
36665.9
4179.27
53983.6
7857.2
45033.2
11155.9
7038.12
9884.54
38567.7
8750.97
13460
12089.8
16206.6
14091.9
3320.87
379.414
87134.6
70316.1
48653
31230.4
2661.47
13092
3078.23
28660.1
1343.53
15711.5
2528.1
4712.57
20363.3
21991.6
63335.8
113936
6556.35
17595.9
97942.4
32128.9
39047
1505.7
19510.4
6063.24
15847.7
51038.8
11120
20960.1
62253.6
87963.4
33377.9
40061.2
29048.9
59087.9
15257
48218.1
27243.8
85967.4
192.894
34992.4
68281.6
5556.6
11726.6
8315.34
55120.9
64480.8
17957.4
900.806
28453.4
10665.4
40880.7
71300.6
8126.08
32300.2
23444.9
3383.51
957.801
9309.58
2974.54
24959.3
16161.2
29695.9
56882.8
12869.8
33037.5
21192
114358
43810.7
186.407
92058.3
36802.5
15220.4
69634.6
65519.4
16470.4
6194.66
10506.7
22082.2
14708.6
12796.9
106526
9787.65
2171.82
31050.5
28499.3
33640.6
182446
67113.8
1726.12
36855.1
4625.58
25685.3
13424.9
82941.7
73129.1
24271.7
16605.5
58355.7
28535
51413.5
60728.7
10286
18250.2
20852.6
20475.1
9869.12
9358.33
18163.9
7562.99
4789.11
9066.95
48608.3
38383.8
15697.2
29182.7
18965.1
17925.2
22539.6
57774.2
13986.9
12561.9
2109.2
4614.38
39603.8
139814
14266.5
30370
25829.3
6109.07
21747.5
7039.35
20705.4
28963.2
9440.37
8204.34
15133.9
6189.33
7514
75758.3
22192.8
104019
13039.6
3954.88
1619.6
38995.8
14029.7
26543.1
25736.9
2340.55
4270.59
49435.2
4879.7
4529.4
10940.5
24213.7
1508.06
10553.6
4349.47
5645.92
39120
40281.2
37147.8
36670.8
25405.2
23982.3
1290.64
1343.68
24272
18682.1
4139.07
4458.38
44392.7
18295
26340.8
59562.7
90570.6
56276.3
91950.4
61882.3
75353.1
43490.4
81490.3
12319.7
89995.7
27484
7601.47
7135.72
4178.69
5134.24
60386.6
12434.7
68478.2
3807.1
3850.96
68842.7
2715
48635.6
20418.4
8522.83
58810.5
10896.8
31578
4463.14
165446
20152.7
7138.36
42156.5
5485.49
38944.7
9673.5
26104.8
6196.15
33191
15700.2
21956.4
2904.19
68756
33455.4
9386.57
48798.9
36047.1
2664.22
28114.6
49553.6
17112.6
16836.5
73958
55079.6
97699.6
22316.6
2338.35
24768.9
4350.13
7680.16
3617.86
9200.59
2284.94
80084.6
6689.24
72139.1
26273.3
17042.9
15252
13080
8668.13
47925.8
4703.55
14852
15224
66310.9
14126.4
30414.4
24822.5
39756
4622.43
11855.7
7665.21
11978.4
36960.1
4494.11
4280.95
12753.5
33485.3
672.171
468.377
7508.18
3458.1
25720.9
17212.9
4785.37
4793.85
22636.3
4174.08
119092
8347.27
34949.6
23993.8
21274.9
12274
37148.7
10144.7
124053
28014.8
94775.4
7223.22
6875.44
30385.3
7308.89
11239.6
7408.24
31154.3
31277.3
55467.3
68551.8
5015.34
40083.8
20163.6
40878.7
49200.3
12786.3
29175
60781.3
4742.66
10978.4
58470.8
9063.01
19419.8
22923.3
14087.3
41419.1
419.7
4649.43
13337.9
7041.53
44287.8
16888.3
61053.5
26172.1
19932
5420.63
7590.49
44224.8
34280.7
5942.18
66438.1
32220.7
42259.8
9540.85
17426
69872.6
32426.1
24934.3
5385.4
4970.43
24149.2
32157.7
77986.3
14950.7
4916.14
4316.82
72632.1
137.356
29420.6
44579.9
25093.1
22234.4
16712.9
18140.9
30120.1
74228.9
37242.7
13894
51733
22801.7
62581.5
14590.6
29803.5
35988
19169.9
8227.7
28852.3
3341.51
19810.5
58455.5
52469.4
18640.3
17732.7
1353.24
23198.2
11419.2
11468.6
24276.9
51954.3
21498.2
115823
54086.6
4761.83
28070.6
83872.3
21962.8
16349.5
34169.1
3013.2
78060.8
9729.51
31878.4
10774.4
28971.3
27695
44744.5
11279.8
17504
4355.71
48533
136900
54792.5
10413
162.305
42097.2
45037.8
9552.96
33211.7
30371.6
16144.6
20981.7
30243.2
16816.3
36045.9
15135.6
11206.7
20223.2
42860.1
20313.4
7423.51
24235.9
34586.6
62253.8
5828.37
54337.5
5810.99
78382
49178.2
22524.5
44868.2
19896.5
95005
43853.2
7175.09
51149.9
64679.4
10445.4
25994.3
55645.4
21565.5
29591.8
92776
3783.86
71731.2
52647.9
8947.14
1190.77
1156.26
2818.84
4226.68
5581.85
33104.2
8729.26
6445.18
26391.4
40449.4
3803.32
26404.9
48906.4
9203.21
72094.6
23710.4
16263.5
45741.7
2598.19
20929.6
24397
2244.41
59548.6
38401.7
24531.8
156624
8064.67
21956.8
12082.1
13215.1
4978.26
21001.1
12827.6
38166
23109.2
106712
8924.89
46666.8
25612
63694.1
14247.3
58095.9
13329.3
39080.9
30687.6
6151.47
324.542
14824.5
87518.6
41311.5
22919.6
33699.8
36791
85027
51919.3
21351.3
62240.1
8115.31
9621.84
10752.3
1795.42
1915.21
22891.6
355.829
42790.3
16787.4
1756.51
38552
4978.36
11451.5
58890.4
90192.4
12333.7
53363.6
90714
16598.9
11616.8
24192.1
75631.8
51559.5
43606.6
988.645
4699.52
16157
25625.6
11165.3
68833.9
195493
20949.7
1926.7
17784.7
7068.58
31736.7
24376.7
25895.5
32676.1
27443.7
25343.8
10787.6
162449
17621
19044.3
20211.5
39302.6
78630.2
54460
17395.3
2124.37
31142.7
11388
107897
6733.26
24895
74960.9
34299.1
6047.32
47706.4
28267.1
3180.57
2452.54
32998.1
23788.5
18550.8
12373.6
8266.43
20091.9
49321.8
4257.74
12937.1
92159.8
9554.03
7899.27
12793.5
7650.45
19835.1
40143.8
4162.12
124094
38993.2
9093.65
39085.3
46644.2
15319.2
33440.1
22053.9
17247.7
5882.41
18406.1
55372.4
38446.4
37485
17489.1
78202.7
24370.7
17306.2
13670.3
41597.1
23303.8
1868.31
22036.9
32815.9
30454.1
14151.2
2814.41
10352.1
9589.33
32386.5
55415.3
44862.6
6815.41
6874.12
5322.74
53176.5
24211
998.074
79457.1
11797.2
3681.23
8646.26
18631.1
23665.5
43154.3
22516.2
330.462
24890.9
15576
65774.4
18913.2
33498.3
21880.3
13106.8
1999.92
46493.9
531.149
82165.3
25418.7
16560.9
40883.7
2382.14
27482.1
27612.9
24576.3
18378
24707.7
57670.7
8159.51
66418.7
26715.7
115271
52917.2
97530.8
971.237
62537.3
65157
113366
11315.8
5356.81
14299.3
8845.69
4358.06
609.969
65678.2
41741.8
24480.7
21178.1
11694.2
139361
27324.7
9382.96
18564
656
11473.5
19177.4
19593.3
2610.37
26836.5
15552
60074.1
16083.4
23237.5
140293
2650.58
22855
14906.8
50548.5
8683.08
36623.1
51039.4
57352.6
94160.8
42587.3
7550.53
57916.3
19895.7
69149.7
15408
17042.7
2713.59
3863
28302.2
31722.6
68551.6
40614.4
15031.9
37780.6
50116
68274.6
2196.06
91062.1
102289
18311.9
13794.9
34635.7
3188.35
22513.7
63235.1
4378.35
3643.59
13315.5
30745
45783.6
1336.91
38292.8
7371.25
25764.8
49136.6
8176.58
15001.6
12275.9
7470.95
7637.09
39687
3551.32
339.865
19334.6
76827.6
3520.92
5699.03
2217.21
8427.21
25557.2
7554.28
1780.27
2892.4
98510.6
52052.9
12410.2
7592.44
12905
44206
28008.4
36302.3
44226.3
10568.2
43142.2
3670.5
4697.28
168110
3436.27
31989.5
13767.4
17444
8821.49
7878.17
43531.3
715.476
10707.6
19242.8
58618.3
30967.7
27135.7
41127.7
191616
2297.36
346.3
515.489
63966.7
62391.6
8674.06
6119.19
71843.8
24922.5
85217.5
42763.3
13029.3
122037
56735.1
121386
3405.25
2117.58
118467
36616.4
4743.19
10084
3368.72
5534.07
2241.66
8192.09
3582.73
13595.2
3347.63
13398.3
3876.92
23824.1
28315.8
19003.8
92157.7
25913.3
27397.4
7279.27
28249.1
20627.5
10587.9
99746.2
11404
11584
13904.4
12845.1
20331.9
1012.15
2267.35
16395.4
68339
6843.59
16884.3
23180.1
14145.4
6571.79
26910.8
138284
33002.5
50316.9
42058.5
17783.3
15355
17595.4
14558.8
2853.9
17253
7556.79
16560
44293
18867.7
45807.4
36007.7
45148.8
30567.6
53182.1
4042.04
11510.1
14229
75010.6
5493.85
25796.1
70495.8
71665.1
29500.2
92652.3
6950.22
13236.4
5996.6
82732.6
26678.3
52402.6
18404
19214.6
37366.2
94523.5
23434.8
78547.3
3686.44
5546.69
54116.3
10017.1
2705.28
46695.8
56084.9
5748.57
38602.4
22276.5
5292.93
5495.37
12033.7
13143.8
18631.5
33769.8
68607.3
489.33
25247
60477.6
15154
6923.88
37241
155961
57058.5
66689
9403.62
6730.56
784.32
89709.2
71927.3
13615.5
2886.68
12752.5
6150.03
8988.59
151788
5998.37
24982
2764.2
902.27
100986
2316.59
49495.9
74404.7
71674.8
8613.57
7939.78
4286.25
44896.1
14494.8
9709.3
1202.46
25434
102182
311.877
8167.4
5506.09
37825.2
3444.54
39424.7
20820
26516.5
49810.6
4452.71
4573.92
6049.55
2301.76
50576.8
51830.8
42624.7
58715.9
7765.85
7887.01
19386
26746.2
26181.1
2073.88
17705.1
4209.92
24032.7
36351.8
1707.1
24793.5
2135.82
18640.4
38701
34225.8
7452.82
26891.7
11671
54067.8
16086.3
6244.73
75126.8
21975.4
67354.7
39882.7
3298.57
14859.6
54225.6
1657.54
68837.8
46347.6
30029.6
7474.74
635.637
7448.13
17567.1
30049.8
20680.5
51999.6
71786
87513.5
5260.85
13814.5
11617.5
18561.8
6360.49
52460.3
46852.1
31012.5
51612.1
64758.5
5840.59
57609.7
14283
25652.1
8331.9
58988.8
87077.2
20877.3
51256
30797.6
78532.6
60810.4
827.12
32558.8
43596.4
49713.4
42901.7
11006
128350
35104.2
39357.7
108679
11347.7
10241.9
27415.2
56828.3
54864.9
3312.07
96901.9
38464.9
56666.5
73741.2
8164.57
6682.27
4621.89
46639.8
23160.4
90984.1
3209.18
16862.6
44553.2
35007.6
19373.1
74627.8
58722.7
3191.78
161776
57026.1
5252.68
7422.89
13875.1
20583.9
61710.7
26139.1
21787.9
18397.7
15367.4
8737.34
11990.9
28835.7
4711.58
29694.3
61866
23327.3
17763.4
42026.7
15621.9
74299.6
36218.3
30056.2
2837.99
6353.26
41294
8290.85
35600.6
13091.8
11817.9
25537.3
971.496
3536.21
79030.8
16554.1
46750.3
107767
30348.4
136947
14894.3
36058.8
9197.79
40485.1
12285.2
46059.6
30147.5
15540.6
40478.1
27630.8
10750.9
52368.8
27081.2
6417.85
75346.1
6053.5
34269.8
4188.35
20898.6
3442.67
1628.88
13395.4
53674.9
5375.37
31122.7
50193.3
1641.39
7161.58
17213.7
28990
28805.3
13898.2
64317.2
23766
36252.5
9468.12
54382.8
18011.6
14665.5
116912
64146.6
62133.9
29892.4
50539.7
29112.8
18166.7
55008.2
16018.8
28354.4
148717
30841.9
53188
8035.55
13188.4
15145.5
16553.7
27145
21063.1
73619.3
74342.8
23816.2
64527.2
28590.3
27958.5
11757.6
4851.71
572.73
4754.04
80419.2
38058.9
4641.18
5316.71
8647.57
3040.52
81564.9
8102.06
81447.2
10667.7
78432.1
16459
32889.8
15423.6
13161
16205.8
9514.51
3285.43
76390.5
2463.42
5638.49
11852.3
22079.3
49218.7
387.969
26049.3
37517.9
29540.3
410.303
20276.2
35115.4
350.905
451.498
37627.2
5069.32
55381
35289.5
11869
52347.8
42550.5
3767.3
29644
65590.8
60691.7
61920.1
8347.61
1178.87
11074.8
52607.6
116282
13429.2
286.561
9402.73
21129.2
15447.6
67498.2
4145.86
5025.77
9534.41
10276.4
32231.1
3957.28
11205.5
17978.5
18154.3
10607.3
29976.9
196932
73939.5
12490.4
9333.1
38341.8
41377.4
10628
21174.8
39193.8
124669
45364.3
16198.8
15492.4
9960.52
35758
13982.6
20100.8
39554.5
29064.3
2282.25
327.61
13113.3
94922.4
3660.91
2198.29
4246.38
35500
48948.5
43309.3
105358
890.106
22951.4
13930.7
20103.4
15442.2
40038.1
41490.1
12505.4
447.935
10938.9
22689.5
6260.23
4155.14
38371.6
2387.14
20054.1
17255.1
79386.3
8401.31
19222.3
1995.18
3540.38
44765.8
151052
37280.7
42491.3
3746.94
19814.1
18315.3
9266.12
1831.98
13423.9
30202.9
810.903
18078.9
46140.6
27750.8
38714.9
6693.24
7307.11
2244.62
25634.3
103690
2928.9
757.646
7920.55
77530.2
50207.8
40641.9
11151.5
13046.9
25771.6
34949.2
3935.85
18812.9
7284.13
27360
26710.8
4889.65
27576.3
37237.6
103652
5673.79
15662.8
15443.2
28501.1
31117
37972.5
45926.6
74481.5
48744.4
32845.8
52433.5
87550.4
91715.7
6226.65
20373.4
75753.9
40815.1
34298
7322.48
25520.6
66439.6
51042.9
29072.6
5459.02
8842.36
31561.2
46735.6
47422.6
33289.8
5745.92
23516.1
20766
72171.9
4998.13
10787.8
87819.1
57769.1
7599.68
5768.14
23176.6
5443.3
14644.7
83143.6
14741.3
825.617
61400.7
8931.98
18511
164367
8618.71
3561.63
14004.1
137533
36980.3
12931.7
9012.97
11378.2
35199.3
32695.9
99720.3
11826.5
20872.4
5819.82
3886.74
28089.5
42454.6
2221.16
22036.4
3448.62
1929.93
105484
9850.19
4559.88
11872.7
10752.5
9338.06
20045.7
152586
8742.55
12059.8
77859.2
2189.76
108250
149419
19191.5
20921.5
502.978
11097.8
84483.5
14715.8
91000.9
32119.5
16396.8
19157.7
107617
7919.74
228.153
5055.2
32433.5
15307.7
28214.4
5715.1
42307.6
6138.75
28531.3
16646.4
22995.7
40747.9
59454.6
5790.48
5795.38
82912.5
99660.3
19992.4
49481.9
9974.14
29077
6142.18
73250
1167.95
22788.6
31943.1
29321.3
17251.7
62903.5
53558
1146.73
32222
175735
24393.9
57557
4301.75
915.247
161041
20706.3
75924.9
11026.7
22812.8
49758.9
39669.6
2434.78
50636.6
38530.4
50143.1
44406.4
36993.2
84405.2
16162.1
24805.1
84779
10162.1
56475.2
6049.84
16685.7
9348.06
9752.31
16807.2
10798.2
51187.5
86695.9
4001.18
6359.24
25041.8
1166.37
113227
15992.2
7616.21
26980.6
4711.48
34441.6
8452.19
54085.6
32100.5
128518
59298.2
52035.9
17092.1
4048.88
4019.1
51261.1
36753.9
3435.44
15823.1
54251.8
5380.59
21031.5
15967.3
25085.5
8748.01
22557.6
2092.42
28671
115916
102844
24048.3
54188.2
77155.8
55153.3
13195.9
18421.8
24264.2
75601.1
39326.6
6654.3
53213.7
21439
136452
25998.1
68498.3
52852.8
6244.3
8875.46
1580.8
80780.3
11804.7
11203.7
28499.5
6585.13
56196.5
7438.24
5943.51
26075.2
28118.6
117819
35946.3
16890.8
4147.8
63619.8
9695.06
33796
10723.3
145039
15603.5
5050.88
49238.7
150449
19230.7
34874
73441.1
8226.15
34634.9
12442.5
10742.7
28591
9892.41
5364.34
28984.6
5759.8
3111.24
5651.88
154228
74734.1
39671.3
86455.8
24601.7
2102.01
52131.7
104593
20981.2
17273.2
14380.3
10648.4
30405.8
48498.3
18457.1
98767.9
3542.06
52163.8
14485.8
2992.44
9073.09
9525.23
688.317
3364.31
30438.3
1249.46
22891.9
9942.78
53252.3
10517.3
69524.8
4158.23
1336.47
4223.13
89534.6
43035.1
6278.15
11296.5
9693.52
93486
4517.16
1425.51
33302.2
55600.3
38194.2
32206.5
71800.2
17090.7
4877.33
24376
9128.75
43382.1
66588
200.391
30728.2
14815
9561.51
111593
15725.6
72987.3
19903.5
21823.7
18913
68149.5
54311.1
111489
12638.8
30553.4
19813.3
1234.5
34388
5254.27
40729.1
49324
11752.1
40996.5
28247.4
15657.6
65824.1
6107.69
10637.5
6597.19
39598.1
2246.11
12195.6
101993
14302.3
17457.8
58547.2
14333.3
11528.6
16467.1
3789.52
39109.1
25087.2
2377.28
9059.53
52798.6
10833.8
14301.9
5922.1
176730
11025.4
24372.9
23717.1
64727.1
4097.58
37465
4521.33
25418.3
35594.6
40952.8
150352
6361.01
19284.2
64195.2
32447.2
5117.08
37072.5
74107.7
7781.68
29545.1
38004.4
37349.8
594.638
4614.18
16724.4
27598.6
20337.3
10206.3
6352.24
27924.3
1888.56
53122.9
3298.46
27796.5
22263.6
10123
31900.2
23236
7013.3
6303.21
8925.9
15958.9
2034.08
31315.4
12240.1
43866.8
117120
90719.1
22107.1
18753.8
29613.4
4961.94
7123.57
15865
22026.3
7729.27
6523.27
74838.4
51458
1601.98
9904.82
15963.8
106961
156.391
6455.54
53398.4
98973.8
32761.6
31160.6
5317.25
3495.86
25574.6
109948
114715
33608
47769.2
11653.8
22356.1
6162.17
5295.07
14800.9
16803
46736.8
23204.7
29885.2
46739.3
18775.4
5998.58
18133.4
81258.6
156132
12468.1
109952
80445
131020
43284.2
29379.5
55626.4
74403.9
28373.4
24295.5
45593.7
15346.5
32520.1
8712.41
18151.9
7315.29
68347.5
65108.9
48225.5
32840.5
62166.3
21105
466.502
4289.17
3485.25
5896.04
39478.2
54346.2
50501.5
14926.7
6253.02
71548.1
57837.5
326.755
8562.11
20339.6
21816.7
89911.6
10863.2
68225.9
141628
49177.7
9151.29
22063.3
67339.7
3820.38
2822.5
96822.1
9890.93
38801.3
5185.07
21260.4
52685.7
44172.6
32637.9
5558.84
6443.87
14667.1
48335.3
4277.72
33951.5
60175.2
49613.6
8568.96
17940.9
2310.45
40616.2
210899
23752.3
10022.4
2920.44
35607.9
25462.7
11718.8
68489.5
10506.5
6955.6
39835.4
11286.5
53699.1
19189.9
33987
28885.3
19658.1
13583.3
18754.1
31541.6
85839.4
3681.76
13725
9546.79
59386.1
68276.5
33671.9
14848.9
8218.31
33072.7
14382.5
38694.8
42024.5
60488
26455.2
584.272
24317
1073.01
206.691
22286.7
17227.5
45033.5
6683.16
2581.71
12406
14100.1
51473.7
8162.7
4004.9
28506.6
12793.9
3681.42
34957.4
3546.61
33328.6
24717.6
42433.2
8853.83
59815.8
11271.3
9798.87
12886.1
5561.37
22667.9
75102.6
20728
12351.7
3237.2
78025.5
4730.54
57596.5
1535.89
42832.5
12082.8
21126.4
4403.14
18119.4
108751
11597.1
124080
10021
10265.8
4312.94
30351.2
48740.1
18097.4
25417.1
36288.3
81022.8
16263
17813.3
23258.3
53810.3
78579.3
103851
22271.7
7257.18
13816.2
2578.4
40686.7
1588.57
7568.75
22684.4
74293.2
35084.9
9834.45
5661.03
6173.01
22182
2571.95
14005
11236.5
8079.12
6328.65
413.852
9608.75
26709.9
15162.6
5715.58
35699.7
28422.6
9233.63
25181.2
20531.2
16563
67442.5
45923
2434.98
2830.87
45914.4
6623.98
20888.9
45810.1
43292.1
714.759
46692.3
13964.6
12651.5
1997.94
17307.6
18401.3
54077.2
81601.9
22393.2
11728.2
82335.2
23403.7
39264.4
57644.8
31533.6
40627
40825.1
15008.1
61100.8
28731.3
4164.59
23407.7
59874.9
119986
66028.3
43163.9
6948.15
17895.8
57190.4
4606.57
46840
35745.1
8073.97
51596.9
30616.1
30693.1
6249.28
49135.4
871.442
78909.5
4274.21
20303.9
12638
43480
6280.35
144961
15521.7
10548.6
16778
11760.1
1320.6
1232.49
44074
28062.9
55633.3
5192.77
44200.9
21874.3
3205.59
24008.2
47102.1
4766.37
708.309
45673.9
52638.4
16862.1
84746.7
54776.5
1118.91
34307
45409.7
888.192
16197.3
16982.7
88926
5069.8
31212.8
56212.8
18813.4
40202.9
25940.9
13068.5
54773
20761.3
2862.29
20604.6
74426.7
53065.7
46981.6
199777
20020.8
34950.9
73740.1
19412.9
248.717
19790.9
5379.35
24518.1
14924.1
58765.3
18262.3
43343
18244.6
5929.22
34753.6
45094.1
6661.91
6322.31
72217.1
43953.2
26371.5
53301.8
99449
25036.1
39537.8
7651.19
8455.1
18016.9
18180.4
41051.2
44136
12012.7
47299.4
65871.4
27812.9
10008.8
11118.3
3615.48
6199.73
28633.9
8749.3
84092.5
16704.5
69043.1
58351.4
75960.7
23628.7
63399.7
105023
47921.7
15981.3
32066.2
66953.8
87021.8
13445.4
7866.27
30327.9
26796
11332.9
15642.1
12866.5
1955.82
21748.5
5200.41
16065.2
3006.6
27885.7
34016.8
16324.9
7062.04
8368.61
21255.4
11341.8
9460.13
12912.8
4182.91
9300.41
3839.52
56800
825.905
2082.26
9539.94
12137.2
30854.1
19300.9
44319.6
14302.7
7431.47
4533.78
192.465
86054
14838.3
10594.1
74549.4
45551.5
1273.59
38300.9
20494.7
20233.2
95030.9
4165.18
141666
25714.5
21228.5
90813.7
21381.7
117806
24330.4
107236
4223.36
49413.9
55025.3
55529.3
1684.51
28126.4
26854.3
70486.4
68581.4
3558.36
22001
33976.8
245.014
64589.3
95295.4
4825.43
26487.9
105781
10366.7
26267.7
6030.14
1135.78
2209.8
60851.5
50218.1
43605.2
10512.7
16656.4
39764.3
105090
11237
6754.07
4179.03
58768.9
25373.2
131233
24753.8
18772.8
62507.4
39205.3
30335.3
1991.15
52803.1
9405.04
4603.51
13911.3
27544.5
3832.58
8737.61
81337
24788.7
2612.9
7963.09
27985
84873.8
77333.5
4002.72
8857.29
4184
12046
52507.1
8990.06
6624.34
19314.8
15944.6
7513.17
7321.2
24468.4
19240
8162.85
17255
122402
35780
26868.9
24389.3
4961.13
22490.4
73350.3
5413.26
4448.46
26440.5
40241.7
2033.15
9019.74
29436.2
22594.1
9248.14
52034
6204.2
15335
20667.6
15290.2
41362.6
25370.9
72754.3
1157.85
75089.9
15048.7
1828.91
14331.9
6284.05
8615.15
14326.2
49131.9
2453.4
14028.5
62251
40409.3
4610.81
3244.31
29778.3
16199.2
36262.4
13915.3
10078.6
148.633
51929.2
1979.39
9422.88
1498.24
62971.8
29894.7
30603.2
31695.2
42244.4
7356.44
72982.6
45086.8
70120.9
17194
56034.5
78014.7
21435.7
29531.7
85846.7
12340.5
42512
63985.7
55985.3
58295.3
17755
22878.5
118039
78316
3746.53
6740.92
31180.4
14890.6
9364.61
63884.3
29876.9
32358.5
15627.3
19295.2
27325.4
70698.7
27609
9160.35
38432.1
14769.6
4912.68
31489.5
83607.3
52003.7
99028.1
2656.91
14789.4
35009.8
19752.5
1249.4
44904.8
63243.2
29989.6
101868
29278.4
46091.7
76694.9
28674.6
24524.7
60950.3
10968.9
961.346
874.079
15214.1
50224.8
39634.2
7607.89
25855.2
25736.1
15842
2235.69
59917.6
26705.7
74583.1
58837.2
8630.61
53475.5
4472.53
19110
2058.41
25284.9
22495.9
15325.2
1545.4
38653.4
45109.5
52743.5
29423.9
3880.44
270.279
4186.84
44756
30056.5
90582.7
1708.42
14346.8
46895
81306.8
22575.1
4083.1
37441
24580.8
4876.48
142134
16597.4
19400.2
29453.4
12606.5
10273.9
50742.4
13779.1
83867.6
14764
5797.38
75512.8
45116.9
7623.85
4249.11
11481
39912
3991.91
7977.88
61057.6
18191.3
10696.9
6479.33
4663.06
7684.06
11216.4
45267.3
23611.2
19790.8
26648.2
9690.49
37403.9
6961.64
46504.1
11831.6
49558
39317.3
9589.38
80940.5
24097.3
34539.3
12401.3
4660.86
3030.95
42232.2
65223
16034.7
38322
26995.6
22617.5
12191.3
99347
31141.1
147490
4855.19
38043.5
49354.7
10998.4
28211.4
9114.64
68340.4
34194.7
7071.88
103048
6239.48
12256.3
4327.33
9179.82
5013.84
16405.6
19887.7
13532.7
5148.4
87824
3714.95
55324.6
10618.5
2290.54
97728.7
7284.3
12168.9
31358.3
19804.8
32582
5420.42
33326.8
33294.1
751.891
4979.82
34838.4
11955.3
58982.2
742.278
6738.55
13474.2
91981.1
43596.8
4597.86
8591.78
2314.39
2424.58
31150.1
38542.2
24089.5
67240.5
81076.8
30351.7
12395.5
19635.9
20148.3
3662.18
22618.5
52020.1
9889.1
13774.2
13520.6
24084.6
15002.7
7928.66
24478.9
42309.7
91146
80559
25897.3
1072.32
28841.1
4399.22
12249.7
12620.9
39009.9
39328.5
10554.3
2372.21
11730
11895.4
94227.6
2169.54
100158
40854.2
19149.7
41014.7
24709.4
14379.7
99791.9
86213.6
15271
1983.81
49965.2
23721.6
706.893
27353.2
60029.1
21870.2
2985.49
2148.57
55058.3
6794.42
41369.6
11516.5
19120.7
83163
24234.9
19607.6
18085.6
19684.4
117050
31207.3
14556
25174
32875.2
35610.3
33986.3
8172.85
4908.97
10593.1
3608.69
16319.1
3130.56
28884
11985
14474.1
57118.3
8346.52
7260.31
947.677
2007.38
16442.1
20257.2
17537
1312.13
1462.06
22146.3
9266.54
8824.61
12098.6
10818.8
21255.7
5261.12
69844
2884.7
104242
38239.8
5831.98
106630
3234.42
2898.61
5619.92
71725.1
33357.3
57735.9
28697.1
717.033
15296.5
5427.83
69494.2
25535
12895.5
5841.07
1831.48
2943.76
2298.36
47769.3
69023.9
19506.7
101342
744.27
25138.6
61355.5
4295.6
23915.4
43509
22006.2
5809.83
30641.7
3930.96
95713.6
17074.6
12939.2
72171.9
5849.84
45042.5
34752.2
21091.6
6316.93
59241.2
64232.3
17901.1
38371.6
13545
13917.1
15940.3
40172.6
1635.62
5968.66
10790.4
35223
66638.1
16206.6
8048.14
8813
29969.1
2680.12
25994.6
29536.8
170389
50547.2
17125.1
23066.8
5779.69
15806.9
16928.8
67531.2
74100.8
8961.93
75273.2
23763.3
20957.3
57932.1
16078.2
38407.4
15458.2
57554
44934.9
30045.6
6815.45
29790.4
15737.3
16414.3
36759.4
17423.3
26701
38612.8
41098.3
6161.41
36052.4
26817.3
24194.3
4485.79
35480.7
13984.1
36221.6
10914.7
9457.04
53195.9
26244.1
92942.6
6685.25
35077.2
91624.6
2366.51
6312.93
14180.9
152414
27454.8
36057.9
9944.07
8184.58
54978.2
62069.6
13968
16043.7
162.984
35037.2
14603.2
62723
47918.4
29603.6
13941.6
5953.98
32931.2
30300.7
58318.2
14157.2
1754.16
84385.3
3716.18
37806.5
61361.6
42308.1
14711.6
16659.4
57614.4
25656.5
64111
14168.2
16698.6
10792.9
2885.41
25619.8
1459.72
15271.9
33635.4
98783
55362.6
19317.7
51223.2
17732
10531.6
99039.5
6558.47
17725.4
66307.2
5709.25
7645.96
9626.17
5063.91
2511.92
12172.5
11600.3
10440.3
2381.45
10174.9
2221.85
7867.01
962.177
6692.18
95214.6
4155.51
50485
17519.9
33395.1
25495.1
24134.4
12064.1
47611.7
92290.1
99647.4
36965.5
4184.97
7383.13
2045.72
18870.8
20866.4
6060.6
1172.63
44834.5
35352
15909.2
100496
1627.52
10694.3
6287.31
8479.03
148144
24045.5
28090.9
9154.97
6461.39
19916.7
52679.3
79941.8
11596
22949.3
16043.9
18368.9
38390
28597
37602.8
38485.6
55092.4
16552.7
29496.6
41124.1
21199.4
12399.2
30426.8
3638.7
14865.9
6531.36
51846.7
89498
32004.6