720.692
48.6452
535.566
189.427
83.0541
63.261
302.992
489.498
71.1427
85.364
69.0984
532.977
57.6784
516.204
51.8845
134.388
580.865
77.2797
83.6985
529.858
57.3477
60.0114
432.528
111.079
245.526
231.499
152.174
110.538
376.997
47.0246
176.942
462.055
77.9527
198.349
235.824
140.893
501.029
88.6829
321.981
357.114
248.285
300.864
78.7047
96.2437
85.344
35.9484
187.461
264.47
83.6539
70.253
400.097
1078.11
47.5828
225.374
745.812
52.1602
271.184
144.11
29.4909
398.9
777.198
653.665
455.561
591.184
508.233
181.889
101.952
616.815
506.068
301.837
189.352
437.477
243.245
186.932
182.23
254.396
252.392
25.0867
169.097
61.296
370.772
140.83
1156.54
1220.46
271.749
127.385
689.997
523.514
131.084
68.7148
308.944
111.35
62.5568
52.4054
816.879
132.738
367.69
289.441
190.081
448.407
54.5222
433.931
36.9112
155.566
549.301
515.72
101.983
197.033
234.244
412.358
369.828
298.121
514.702
1299.8
748.36
189.467
158.168
153.158
86.2501
576.936
573.793
32.3432
342.628
90.0151
1526.49
818.081
39.5526
215.828
581.405
163.765
66.2353
71.3717
1259.87
32.1089
327.424
392.559
155.533
191.082
167.02
72.6789
157.362
71.1919
296.683
115.62
465.019
67.687
134.896
1296.84
254.723
564.552
62.5025
49.1068
171.241
65.3831
117.253
214.077
485.602
1141.83
710.897
72.9157
104.742
99.1335
261.934
251.865
547.859
77.0663
579.253
780.884
267.096
467.168
175.616
57.872
75.3023
196.04
31.114
92.4759
123.626
105.02
255.32
468.733
795.972
42.2612
366.897
542.917
321.623
23.3993
207.061
349.865
908.657
825.244
31.2156
359.077
31.5672
938.041
115.508
131.923
443.085
76.265
187.132
209.957
223.744
875.117
161.482
118.125
17.385
595.024
264.052
23.0628
32.9816
53.2023
183.349
350.032
577.485
36.2249
318.746
35.11
152.333
96.547
330.253
52.8367
46.5125
131.406
424.706
400.335
126.463
535.748
669.882
481.36
411.024
451.994
160.048
432.137
376.927
85.4284
183.285
404.697
300.567
84.464
219.334
22.4669
84.9607
42.9403
79.8733
118.055
426.158
34.0232
370.836
289.411
85.1676
29.9099
411.186
326.571
461.144
365.829
607.872
65.3208
208.28
192.019
474.338
563.862
620.05
426.628
254.46
710.56
411.527
86.7796
67.7105
234.148
270.979
42.1652
1043.9
42.5456
75.7599
1299.74
32.8255
494.448
212.646
48.8262
776.264
234.32
345.34
425.89
831.941
246.978
528.063
115.347
142.825
389.623
149.555
374.806
367.4
693.942
76.0157
327.071
114.141
356.237
29.0088
262.587
166.368
551.92
33.2733
461.318
85.6951
180.001
605.076
154.328
65.0616
312.626
615.916
46.2144
334.532
173.083
174.825
815.355
511.921
618.268
54.1815
118.432
1442.69
142.239
183.695
228.025
144.017
32.1964
1339.78
75.6909
1453.8
198.053
411.374
128.679
181.915
197.946
166.227
496.668
1231.91
167.867
250.301
77.0448
325.663
173.029
202.784
390.865
643.364
46.9803
97.0185
106.115
211.882
307.42
162.772
195.004
26.305
148.183
138.862
127.454
127.253
251.847
1106.69
321.42
20.2528
142.642
104.088
136.592
116.023
193.009
262.532
165.333
575.3
466.331
562.891
85.4426
93.8859
110.549
485.503
29.6124
856.816
38.784
16.3817
523.906
721.805
392.373
85.4616
439.099
48.4962
24.5826
222.265
499.465
181.814
134.665
21.7062
434.17
938.388
453.059
413.453
178.109
59.6677
426.15
198.054
178.275
8.36747
613.97
570.654
760.154
147.066
942.202
746.311
29.3461
176.13
273.789
257.088
872.473
46.3219
16.8588
56.4909
1129.65
145.822
31.0542
14.3599
107.598
161.753
165.594
451.044
147.757
225.726
12.9553
82.8657
90.3307
609.164
262.166
373.8
384.734
366.621
308.112
47.0525
228.689
678.709
360.317
113.192
286.593
112.331
865.838
108.006
121.586
174.879
243.321
45.3213
131.917
815.026
106.804
159.833
245.432
351.834
501.785
348.439
236.809
115.832
39.7662
381.138
964.896
734.16
370.366
307.269
65.3582
328.508
746.313
444.471
67.7338
149.544
543.242
83.0854
304.269
52.5022
30.8043
442.137
43.065
872.45
181.578
276.439
88.6281
1350.36
508.34
152.671
17.8138
68.4516
127.496
394.979
31.7417
1612.48
165.812
234.076
61.872
405.525
57.5476
246.139
914.739
503.666
225.871
526.538
291.459
349.42
818.013
649.972
66.9917
437.09
335.902
663.902
65.6239
339.665
100.051
73.1329
35.5028
987.771
609.435
79.2666
49.7859
645.194
88.0664
117.649
33.5433
21.3056
28.5175
266.699
558.982
150.301
701.529
217.82
183.084
146.303
129.472
77.8666
436.082
91.338
106.914
725.977
71.9106
153.13
203.82
326.019
180.631
376.153
102.226
739.723
866.103
148.694
229.525
56.6235
923.93
320.644
1399.9
542.394
99.4854
280.205
391.161
37.9286
556.009
211.462
113.507
191.913
243.864
60.2915
234.81
839.339
460.961
763.031
277.892
649.996
228.895
276.684
62.7035
154.978
316.383
428.494
81.0527
429.051
140.795
538.642
63.1756
205.741
157.275
696.172
278.409
193.713
291.216
35.4948
113.103
376.354
127.456
319.068
233.643
260.165
150.337
766.653
143.063
214.651
176.414
174.1
315.895
376.321
120.697
259.455
474.57
284.447
587.093
148.073
29.7289
69.2547
37.7531
57.5181
187.071
275.816
192.705
123.3
27.6703
555.225
384.727
24.8263
406.092
1299.07
75.6884
199.388
49.216
114.55
377.124
309.091
975.493
268.743
54.5275
54.7458
318.962
140.261
283.588
370.923
361.767
795.062
178.892
249.095
552.031
439.215
360.88
42.9278
231.154
222.887
526.224
339.706
316.886
621.157
310.595
147.776
13.1808
88.3787
615.106
1064.3
235.839
52.7902
1009.76
26.8709
167.471
223.467
465.535
98.2705
123.131
119.73
213.949
429.626
72.1226
1006.03
583.635
769.611
1154
74.1586
392.199
65.6167
354.093
78.7006
182.539
423.79
446.735
68.2879
46.0921
239.746
80.4888
587.75
53.9698
266.265
24.9392
387.345
208.348
42.9621
2649.18
366.05
198.207
217.398
578.946
430.461
189.958
21.7236
252.382
29.7235
105.415
462.325
260.573
301.39
473.422
145.93
154.495
77.2452
430.911
181.162
276.89
323.164
106.815
17.8096
709.366
59.7819
275.465
298.398
217.48
60.2153
96.4851
49.8705
635.637
1244.96
200.425
92.8091
12.7309
47.8434
55.7986
605.595
744.225
752.68
433.614
316.046
247.082
122.315
190.735
209.562
282.144
218.669
105.642
244.257
448.388
1643.89
1443.87
331.38
154.414
549.024
312.109
200.837
37.2983
346.316
796.951
584.526
222.028
40.2688
26.7659
832.639
255.173
168.991
156.228
164.379
840.589
153.295
81.6183
267.997
238.98
485.285
443.714
44.1725
437.548
92.0613
654.246
29.3784
107.617
575.86
350.391
167.705
1489.4
300.401
298.993
452.377
254.121
178.524
184.313
119.805
336.328
287.889
27.587
141.549
60.9961
249.033
833.923
24.6783
11.0409
226.494
650.116
308.328
585.326
234.485
496.001
507.934
177.283
17.8786
188.51
183.591
55.4913
235.631
31.9485
433.735
30.3995
310.979
359.279
393.743
212.228
250.909
301.104
458.69
175.786
696.101
382.728
54.7447
55.3443
460.24
604.885
20.7086
673.077
90.212
202.927
46.8107
412.685
518.779
172.583
116.713
165.589
178.211
601.105
418.999
46.134
217.766
333.003
220.392
173.784
853.903
79.8097
484.563
39.6582
102.729
801.851
623.945
777.419
354.552
128.834
128.763
97.051
119.23
225.772
69.9739
243.632
171.54
568.699
343.934
317.711
187.012
890.641
173.669
27.0511
408.143
110.051
456.118
381.041
15.9064
46.6453
180.926
66.4282
688.184
623.341
614.203
384.383
392.867
115.17
46.5975
512.727
9.75382
231.297
421.432
647.101
18.5746
42.254
84.2301
82.5003
203.221
171.561
512.433
735.078
146.053
371.636
107.597
210.576
47.8721
1573.88
46.2338
287.347
383.324
188.512
130.756
454.715
593.143
784.291
56.7129
337.688
301.241
91.0077
283.192
822.581
311.514
56.2253
252.152
43.8483
475.684
472.101
334.032
331.836
198.872
151.171
26.0117
151.432
53.1978
141.535
992.841
17.7535
439.537
310.104
1057.72
1834.63
159.826
802.328
326.842
474.086
45.5489
24.1776
26.0215
104.388
56.37
649.83
36.701
293.327
74.8127
469.784
1291.14
1261.72
73.8465
48.6331
102.591
355.52
156.184
505.516
30.7198
372.76
139.767
206.389
95.574
34.5721
594.486
255.342
33.8838
76.9296
47.2372
156.831
400.724
275.649
126.904
28.8489
69.8818
621.205
32.3664
55.7635
73.1621
724.796
19.7412
394.898
340.586
201.721
503.314
81.1274
103.269
261.859
226.402
228.121
58.9194
98.9367
285.565
71.3289
236.397
715.158
294.954
146.202
144.171
258.047
1459.82
102.677
861.512
24.3654
27.9835
101.798
90.245
261.416
184.401
362.687
409.983
137.121
209.7
281.198
199.363
207.101
274.678
599.714
134.028
244.552
303.493
204.141
388.903
2118.06
239.875
161.964
44.9849
911.489
289.335
70.4689
127.72
330.906
170.742
98.1104
378.683
367.652
396.846
454.729
96.7318
191.705
417.325
361.033
553.148
478.717
37.155
137.424
122.397
67.5537
555.468
511.836
382.671
711.015
269.445
462.461
20.0044
262.519
49.5539
261.846
21.8811
818.978
387.308
723.883
142.48
138.386
36.1286
299.049
1061.2
201.455
124.877
326.846
84.7489
275.699
134.574
286.04
265.553
23.8218
1012.19
31.7388
58.2597
17.4433
100.24
1189.75
114.497
252.811
553.53
133.433
327.338
80.6046
24.7946
102.552
716.602
40.5634
931.617
291.085
177.767
59.3467
291.92
29.5795
170.25
1040.53
130.142
139.232
47.3444
193.998
639.404
164.16
159.8
145.058
32.2302
98.6389
296.968
35.7254
654.373
241.288
132.327
601.233
43.0007
87.9666
33.6889
359.473
879.63
304.346
104.699
69.5438
224.525
20.0291
1013.28
28.3352
73.6023
295.262
255.62
290.327
48.6873
166.314
227.033
113.849
131.989
23.1738
252.878
70.5589
56.6302
119.762
124.509
361.978
128.563
210.354
197.52
132.789
664.81
52.6567
491.734
208.322
46.6078
514.101
519.265
748.067
14.1349
603.485
348.708
390.299
105.853
291.186
419.101
246.226
149.841
755.329
492.123
180.636
229.162
287.262
32.6858
81.7123
249.348
494.118
466.119
111.622
136.777
1232.44
187.52
895.446
87.6246
77.9973
723.143
465.092
285.64
119.985
76.0773
468.045
110.963
96.8291
22.4874
477.944
133.49
462.791
44.6264
196.124
1013.34
109.391
350.963
266.553
400.572
545.239
105.615
478.16
55.1905
345.992
539.178
315.923
654.264
223.029
641.149
127.639
345.653
151.765
339.482
631.037
242.533
84.2765
225.627
615.451
242.891
337.006
103.542
1349.66
158.756
481.308
426.389
149.25
52.3694
138.01
440.177
1103.95
288.478
235.979
115.25
43.6371
9.57104
195.144
119.924
153.011
277.086
224.333
863.355
842.496
966.649
544.071
51.8257
125.989
91.091
1452.42
71.6308
181.303
503.087
63.4046
80.0497
125.699
234.942
57.6366
375.657
196.941
85.5701
59.7322
54.1391
1999.15
327.129
344.303
82.3246
106.791
721.045
85.8349
75.038
17.8957
29.562
47.2035
730.715
897.618
108.273
668.896
305.954
17.6873
520.767
239.329
142.822
405.302
99.7618
184.227
148.996
565.474
584.653
569.188
125.197
142.962
17.7113
25.8318
37.9227
96.0984
276.038
94.0022
168.452
133.77
160.274
622.133
188.904
28.5114
48.601
51.8611
45.3704
24.5464
321.003
329.243
49.4101
550.862
397.51
724.539
926.94
87.6375
274.765
13.4044
919.193
124.755
145.767
600.321
130.993
300.127
485.355
389.103
451.243
148.931
17.8298
629.793
362.644
261.977
1737.17
145.597
259.879
26.0109
422.03
377.899
57.0433
13.8738
307.739
361.258
366.729
210.489
137.311
102.294
78.7726
363.086
307.642
231.883
423.832
154.658
164.493
377.012
141.956
64.3737
179.022
613.193
53.3027
271.624
117.468
305.144
748.248
403.148
626.751
376.091
157.265
72.7823
820.067
207.736
41.1845
450.131
552.985
862.049
161.541
45.114
239.545
492.295
193.174
604.197
80.4738
28.5802
151.012
118.837
75.0158
654.17
179.987
251.454
34.1846
799.954
369.156
642.814
186.669
352.244
133.38
390.406
224.881
283.296
291.813
199.141
16.3535
131.97
169.488
105.561
80.8596
211.031
229.542
36.402
340.054
445.949
218.471
53.7413
60.1188
127.909
85.2627
99.4081
268.663
155.249
70.0718
33.1531
46.9034
163.652
340.139
136.836
606.585
265.074
125.918
212.572
57.1706
238.432
236.664
498.049
495.337
433.338
828.369
20.8677
99.9689
622.946
155.003
279.636
548.458
319.537
428.439
93.5607
666.471
57.2021
340.856
49.1652
361.085
270.388
166.358
114.151
1505.21
91.7953
171.19
377.215
138.657
984.683
312.813
718.038
124.193
57.7813
317.316
144.785
306.625
69.6757
1115.49
234.611
586.245
455.015
186.136
175.351
195.25
182.234
183.494
19.5766
21.5725
112.307
302.925
39.8828
391.124
72.0769
56.7308
94.4874
274.426
229.017
1108.29
349.094
69.8342
88.7292
845.694
720.386
288.343
72.4046
72.6569
966.801
235.3
639.82
601.411
10.697
74.9729
99.1848
167.36
702.114
178.442
252.648
492.982
281.376
235.591
630.388
381.21
265.76
111.846
35.0821
77.4389
832.794
1085.58
37.9194
127.722
212.344
292.472
20.3193
1760.57
1063.58
141.514
84.822
8.77077
98.3805
1071.03
148.319
1048.37
839.083
1465.24
510.385
34.5038
281.822
444.856
33.6226
210.392
49.9319
484.733
305.417
64.9505
160.278
81.1529
501.097
364.295
316.52
190.34
115.927
820.361
998.042
39.2944
910.062
763.766
174.621
151.928
260.708
141.124
237.943
453.532
119.006
504.409
783.096
25.2338
162.131
299.458
432.193
82.5015
18.3026
394.804
849.779
52.5303
743.511
27.0701
71.6849
47.9783
339.028
35.2411
1294.59
1611.88
90.9228
870.015
149.292
188.385
723.046
43.1495
53.7839
122.854
330.524
276.517
363.611
368.974
441.017
78.9306
313.439
1003.52
215.104
20.2474
254.198
246.055
260.002
601.802
125.92
1085.15
413.145
1023.67
125.116
203.282
374.77
38.3278
91.4379
488.31
59.8806
350.317
183.846
279.91
275.623
940.85
315.12
283.194
257.459
163.217
557.768
116.71
252.481
1390.41
226.244
454.356
228.671
93.5684
97.7739
85.3453
766.807
482.312
54.6744
265.48
137.414
73.555
848.205
380.723
91.8522
204.609
927.604
155.997
376.367
165.645
310.747
180.667
340.863
49.8791
528.563
271.273
113.609
898.895
279.486
159.352
138.818
107.774
274.163
679.086
101.288
359.89
279.42
98.7017
427.278
176.235
384.098
439.107
443.002
244.586
244.633
621.59
52.0645
336.192
164.836
131.525
21.3215
112.299
835.42
742.407
1091.87
95.1069
164.275
563.507
73.5668
82.647
689.053
160.527
222.044
712.804
328.209
72.4562
561.397
107.413
65.6639
176.703
917.354
304.308
280.03
444.991
73.5731
355.648
197.665
119.657
106.59
110.513
26.5357
153.44
90.7389
269.812
101.313
379.116
356.56
43.9221
56.9412
192.838
210.634
938.434
41.0274
422.475
303.346
480.135
195.187
1595.71
200.013
171.215
165.584
437.508
220.761
130.365
52.3742
74.3319
37.7797
280.104
448.984
202.194
150.421
332.583
37.7686
207.41
947.604
160.094
89.8312
167.112
179.054
137.527
91.7422
249.081
170.471
379.015
344.291
201.416
66.3362
69.1347
60.5124
202.95
2294.84
78.5514
91.515
37.7893
340.182
76.7157
84.5318
61.0696
165.731
165.53
211.868
145.424
41.1769
828.073
238.743
102.657
439.452
304.435
183.792
440.299
48.2885
340.442
1457.94
708.434
383.465
294.141
130.623
55.0993
87.3902
53.7906
147.944
30.7489
74.0218
491.369
85.6693
337.769
161.893
989.034
104.515
78.1548
89.7698
397.861
767.17
419.311
505.717
585.869
479.007
311.097
23.835
252.006
81.1958
351.384
572.282
216.12
75.6758
318.279
112.257
1012.77
211.636
160.62
382.05
929.12
191.705
163.076
542.512
174.028
663.544
17.0774
491.012
965.973
47.9224
210.193
100.897
467.046
501.821
309.858
233.941
130.434
51.2484
561.361
137.996
336.295
157.428
189.829
220.925
169.568
84.2746
51.4304
366.243
110.582
158.867
104.847
184.926
49.6457
433.13
23.0271
30.7674
43.734
577.53
85.6733
153.974
375.037
100.708
298.072
520.594
207.307
59.8511
366.458
64.1799
418.432
792.018
132.939
1248.4
199.265
519.103
120.451
169.553
293.726
111.855
202.832
115.934
739.704
1128.28
726.13
92.949
265.121
516.435
116.765
343.813
57.0675
199.277
28.0766
83.6526
1749.6
222.487
279.988
105.2
274.712
166.888
391.175
1059.96
78.6124
419.661
43.7269
319.887
161.164
178.742
91.005
361.821
87.9803
215.275
42.3377
63.1458
407.57
19.1688
41.891
377.846
907.195
145.402
158.179
560.879
28.7493
158.784
476.369
12.0323
35.6066
306.295
119.928
115.521
360.558
59.9198
78.3171
138.428
526.233
462.783
156.959
92.551
33.6333
100.771
332.748
442.735
26.1694
53.5336
281.159
313.925
180.425
854.91
450.136
323.331
52.3821
211.41
522.102
255.169
51.3094
182.173
548.826
701.648
208.935
249.238
784.935
73.6594
29.6403
91.7381
15.2929
42.634
396.45
157.031
202.909
28.9508
920.046
1369.3
34.2452
24.3655
553.128
97.91
441.259
465.469
964.073
50.7377
77.4766
77.817
192.518
219.336
148.234
40.8607
310.885
350.032
440.043
448.271
25.1286
393.516
131.884
155.097
300.962
97.4339
774.347
162.209
18.4257
336.337
68.0651
89.1069
53.5093
505.62
142.41
697.086
640.009
81.7736
68.8817
27.3076
386.217
180.922
7.95168
146.356
372.904
269.375
216.789
685.134
288.239
457.801
142.676
214.641
172.014
208.553
281.961
128.93
230.604
460.135
65.6426
58.3807
245.737
258.539
180.184
309.411
210.532
142.562
119.108
248.05
534.382
658.788
1036.77
774.392
37.5687
162.884
248.724
749.719
746.81
692.384
153.114
905.462
176.187
287.784
497.501
194.074
278.819
453.856
181.27
99.7482
24.2385
41.5044
587.849
459.404
487.063
233.419
292.009
117.713
169.541
227.541
344.859
66.3043
882.9
818.382
610.722
81.371
901.962
21.3037
11.5416
616.795
377.225
249.894
493.85
564.076
400.31
111.188
190.654
133.593
629.14
460.165
493.428
551.737
351.515
1433.4
616.627
824.32
107.903
194.482
173.645
273.814
66.7619
30.0129
223.815
734.884
92.8399
181.412
60.3225
237.616
76.9502
475.999
211.593
430.689
359.619
29.7042
49.1442
283.282
352.271
817.541
61.6253
425.284
276.859
755.729
10.3278
298.12
137.896
772.528
37.8724
583.673
41.5945
264.995
224.261
89.1585
206.078
497.943
197.249
242.563
206.565
22.4632
156.176
144.266
109.363
1127.7
410.809
1119.69
345.564
261.044
100.799
112.227
205.835
44.5497
402.172
52.8038
385.106
155.999
125.639
61.5633
563.997
264.999
149.492
546.75
34.1329
234.067
443.685
229.075
127.819
226.544
414.713
101.734
225.804
749.65
40.9877
43.1234
1651.93
844.488
194.806
253.454
153.395
675.64
92.1119
814.644
17.975
51.3548
294.457
279.071
17.4543
552.545
416.105
244.541
222.187
237.419
336.896
916.316
123.359
110.35
131.217
520.053
751.221
391.088
25.9075
276.157
526.232
302.96
375.864
626.097
929.459
351.033
177.3
125.867
130.721
36.7063
130.957
274.043
904.859
567.059
476.877
379.005
595.984
210.871
205.026
1006.88
540.644
69.2222
610.093
487.606
346.969
114.039
104.849
346.926
181.454
511.451
165.978
347.481
341.266
27.9212
14.2931
733.97
350.243
158.144
74.3663
71.8449
197.178
168.346
791.537
583.399
324.569
343.763
249.606
55.5595
354.96
41.0638
212.602
9.98987
376.123
421.024
219.167
144.394
1098.75
274.456
331.622
88.3025
349.514
276.186
688.28
133.877
308.901
599.335
140.321
516.288
216.346
203.334
339.41
560.466
551.82
302.514
458.268
171.354
43.0337
43.8295
30.4087
320.964
304.619
108.743
419.023
473.79
292.516
283.032
114.303
997.876
38.0552
273.647
277.908
129.894
174.935
782.005
313.134
83.2085
244.296
606.641
636.493
16.4846
342.821
21.4096
272.91
154.776
321.033
21.7
261.342
438.748
22.686
916.802
909.002
715.982
104.604
322.774
343.872
146.88
121.017
36.6285
415.48
145.634
52.0093
466.858
476.249
581.76
485.724
82.8227
817.849
39.9575
250.095
184.622
624.428
41.2899
660.214
906.781
577.532
43.6311
199.221
122.329
62.5814
975.728
692.538
17.3877
24.3182
295.612
43.8703
400.239
134.251
850.567
618.476
1254.39
411.565
440.836
32.4287
82.0436
14.5847
312.037
33.8895
28.5834
515.01
285.379
361.457
395.023
73.3117
55.4507
65.9291
149.733
718.563
45.6666
67.7323
829.872
117.374
160.359
380.422
571.26
661.258
201.786
452.908
195.41
144.275
63.0161
795.158
537.551
687.978
158.34
367.785
369.137
41.0279
276.459
176.718
102.388
367.273
410.651
197.054
417.598
691.781
192.219
95.1465
130.088
254.467
158.929
211.126
400.402
91.1852
261.282
41.4516
398.289
40.4256
404.396
94.6939
158.819
750.971
135.759
90.0764
250.21
148.17
651.352
42.4877
58.2518
65.1275
291.149
308.563
15.268
96.1238
126.303
314.816
88.5337
994.334
32.9012
245.938
258.696
592.278
762.585
328.471
276.378
744.886
106.158
156.315
1640.18
70.3818
380.833
39.98
240.603
286.725
567.664
489.874
869.668
562.821
196.706
11.0201
253.161
37.0656
130.347
217.859
563.403
21.5797
378.769
430.158
76.1027
609.562
286.428
395.293
338.923
50.4403
294.243
70.4882
163.729
566.281
303.975
46.4865
534.732
191.293
63.5487
42.9625
149.262
232.945
225.718
59.8116
639.04
20.6385
480.191
63.6848
826.523
176.976
140.514
82.303
215.429
271.689
96.543
428.26
654.411
242.084
803.964
211.637
678.531
110.292
88.621
585.313
177.724
259.875
315.867
381.527
43.1492
182.951
16.4842
187.796
229.65
97.4504
714.359
230.027
114.477
100.472
76.2447
559.469
184.18
427.987
579.183
162.899
581.344
16.8921
397.72
714.136
177.1
38.3083
217.077
99.9751
49.1149
465.803
617.815
195.736
137.238
74.5921
38.7679
601.004
122.132
131.956
198.963
502.416
287.046
68.5244
123.339
334.505
149.239
125.764
62.9086
182.228
24.3594
222.522
192.586
187.985
13.0624
113.835
397.128
73.7359
113.475
304.902
54.4323
23.3235
403.869
528.573
674.44
187.644
334.502
115.451
278.722
577.065
404.97
510.576
584.47
208.964
320.751
223.562
11.5726
623.596
186.944
220.996
269.506
218.456
574.034
112.313
673.138
1133.7
130.698
97.2172
337.437
397.342
15.4475
613.567
385.368
114.67
839.538
503.425
168.084
359.213
783.118
174.479
286.397
163.475
30.3193
392.152
393.627
494.554
87.8293
283.115
178.66
404.67
48.9204
40.8784
530.792
402.433
1101.77
126.521
95.3918
1546.81
588.874
81.6209
158.286
164.863
262.194
717.621
26.2023
725.458
534.249
45.01
174.353
8.29444
83.6239
212.522
310.524
125.396
261.252
53.821
799.411
202.209
18.6613
163.101
419.529
242.279
279.155
498.616
152.472
27.2864
189.568
96.8767
980.582
187.738
122.105
126.266
318.932
155.422
256.588
124.907
89.7298
130.565
263.602
467.335
96.1735
33.6741
120.858
70.1172
28.4484
47.8159
1691.06
212.906
70.6338
109.467
382.533
703.736
1079.57
131.674
74.0736
26.8985
452.289
51.1962
145.881
583.939
130.483
568.93
76.3918
886.24
68.0033
93.8527
139.294
207.503
668.324
182.675
659.899
89.2488
92.9924
68.0297
232.434
765.999
405.887
136.147
104.282
193.634
326.728
168.127
202.404
573.552
137.686
585.663
270.824
205.573
215.162
91.3623
241.332
78.1362
643.433
17.5541
373.842
229.439
35.2547
108.045
174.284
417.094
245.297
146.775
253.202
262.651
229.333
326.325
199.005
126.907
264.115
87.2862
126.968
166.035
355.41
73.8668
276.761
417.768
345.585
135.842
100.268
75.4854
453.049
45.3535
226.464
374.211
445.637
1030.52
32.4327
216.634
77.2095
893.585
477.679
142.409
169.648
257.976
741.934
183.045
371.763
114.771
179.335
1236.89
410.434
119.876
168.066
304.447
184.676
157.523
190.918
78.7703
376.206
572.778
546.071
313.437
170.99
195.028
45.8278
40.4232
477.235
58.9461
45.6425
489.712
246.642
297.02
524.57
63.425
21.5298
351.295
915.71
25.5616
642.213
533.307
835.927
58.5122
567.84
315.18
358.054
61.1223
177.873
263.772
1268.66
256.784
24.7951
40.9999
31.0506
231.172
752.741
558.728
633.699
64.7903
24.8377
521.766
441.268
361.414
350.521
178.526
19.1282
294.399
548.721
37.3983
100.763
75.0777
116.905
334.904
274.915
102.612
263.943
285.583
209.27
446.258
91.5115
1039.2
104.85
217.887
205.507
73.9689
112.565
526.548
327.151
48.7962
717.546
87.6965
215.414
29.3172
169.567
34.772
1034.59
121.401
164.531
125.042
141.499
462.73
1174.43
28.8729
815.506
174.529
456.848
23.1876
26.0879
322.294
264.664
352.302
127.394
195.638
178.241
638.206
159.375
267.519
426.147
217.592
119.609
323.581
364.708
1041.6
247.083
106.619
91.6872
30.3171
994.454
21.2021
40.486
294.108
351.965
73.9576
264.035
217.83
327.624
35.5161
20.4112
329.981
62.7699
55.2129
332.289
118.333
212.271
821.147
627.725
173.651
114.541
159.376
337.581
556.625
91.6257
702.608
157.311
89.7678
28.4369
208.516
199.399
40.4845
221.292
169.484
96.4082
1353.36
116.351
295.909
186.515
70.9039
259.525
475.96
292.972
183.339
708.872
83.071
738.618
105.653
301.873
527.009
173.343
196.048
372.458
206.319
279.386
51.6572
1156.83
414.596
322.579
540.745
425.803
234.197
81.0946
79.5569
67.4367
98.7814
351.266
1703.04
24.6154
447.207
312.062
67.8976
587.792
78.3107
111.267
408.2
29.7004
59.1267
335.207
85.3621
179.267
581.269
667.047
607.964
663.484
476.659
497.964
120.519
147.76
95.7225
82.4171
782.989
789.424
23.5022
236.173
100.901
155.528
187.519
97.6741
317.477
210.263
139.556
131.269
319.344
67.7715
441.057
197.332
130.885
744.344
566.374
51.3433
238.451
308.143
27.9375
500.602
61.2611
941.786
19.0839
427.254
209.326
364.459
220.376
377.946
181.121
244.707
712.855
614.714
839.955
194.781
127.799
676.174
124.102
175.818
511.674
312.123
61.9858
46.3542
360.148
38.569
542.233
380.668
206.088
359.135
134.083
108.414
873.668
105.294
295.882
127.496
452.365
82.7866
34.9725
342.962
711.497
209.37
69.4676
673.492
405.095
317.418
29.2373
260.171
140.765
794.833
282.267
23.0325
208.778
191.179
85.3947
414.937
32.2986
100.761
137.249
421.949
27.4089
340.11
796.595
349.607
58.3112
523.22
110.994
284.486
115.405
272.353
32.5954
83.2146
588.203
496.489
196.694
115.175
313.481
749.864
185.232
863.476
275.17
506.561
245.63
240.366
77.7358
154.635
240.307
585.77
282.872
278.086
627.036
308.137
1979.77
385.983
407.443
172.182
34.1772
127.805
21.8272
688.057
84.8817
625.667
286.648
118.242
212.767
1243.47
65.64
248.227
151.027
115.781
49.3727
312.718
141.426
267.229
22.4215
1347.53
61.1572
94.0018
937.746
100.465
94.0988
22.5236
827.087
343.387
129.278
194.35
236.477
169.978
51.164
110.247
244.467
47.1609
407.309
17.4975
14.2607
56.7276
771.84
188.192
1579.57
34.1161
780.987
273.801
431.438
30.1823
190.549
356.579
172.48
77.9346
74.4249
106.645
121.624
35.1229
514.226
37.9354
114.412
1227.46
408.895
569.112
218.742
735.292
73.4409
233.38
62.8614
342.621
471.146
758.012
211.874
376.967
145.421
45.0897
809.966
239.901
518.289
286.87
381.333
12.4813
827.406
235.773
591.404
35.6508
415.993
99.7418
841.369
68.5743
731.737
407.63
28.8743
222.01
206.739
504.074
220.74
175.093
32.9486
165.86
60.3934
843.048
175.788
672.364
189.292
296.666
26.8948
305.907
352.38
655.793
194.093
140.212
282.742
523.457
353.347
323.615
355.446
271.208
600.653
855.243
247.576
90.081
1026.02
21.3366
80.7307
114.54
134.841
496.114
111.799
111.503
443.952
722.941
57.1869
313.585
1116.34
42.0877
258.8
372.949
599.15
131.009
485.048
294.254
692.095
199.859
228.963
22.6693
231.394
75.745
433.086
366.33
638.454
8.75658
41.2988
125.418
103.031
541.271
354.414
1254.6
121.595
92.7729
383.787
364.724
140.783
389.281
1371.54
1127.07
405.197
99.6702
71.5353
393.369
72.7341
439.973
29.0598
80.1588
238.368
544.358
241.682
427.872
54.4718
417.139
229.376
139.51
174.873
377.4
657.3
52.0638
498.399
101.107
149.393
235.788
162.609
186.834
480.737
108.534
217.961
138.158
1214.51
423.999
115.594
308.799
247.546
1318.76
361.311
356.752
170.428
175.005
69.3482
308.423
394.291
281.171
61.7604
387.712
46.1123
263.996
111.689
377.882
973.839
69.2435
72.7908
261.489
923.698
214.891
906.507
299.219
302.14
89.1868
213.497
274.731
206.04
42.423
313.504
120.693
378.996
169.835
123.898
205.193
54.1784
1028.87
320.252
381.31
296.571
372.445
156.04
502.49
262.814
293.654
365.938
211.132
67.3592
70.0546
144.762
125.101
797.695
1078.34
33.2779
309.266
454.854
988.605
232.687
88.7351
1359.63
268.31
166.237
790.804
372.024
211.346
1047.67
195.75
136.564
497.113
276.516
164.293
233.348
61.8887
602.442
214.471
28.2999
170.739
581.228
669.545
447.215
212.31
232.559
193.237
20.3984
29.1594
166.618
395.818
318.486
132.938
148.821
230.817
39.534
440.049
1099.78
192.829
350.847
311.72
164.131
753.14
218.832
460.175
100.061
17.4468
131.124
38.5462
33.3938
236.551
103.458
962.279
326.207
491.231
1197.27
50.9235
70.5941
175.162
133.385
176.271
335.359
406.128
387.971
23.4044
272.396
20.0154
389.768
216.483
861.234
892.99
55.2175
386.994
14.7017
651.954
625.919
27.0461
193.323
254.905
247.979
212.085
444.649
55.2734
817.316
349.037
51.824
469.233
460.904
363.276
642.83
467.878
655.174
127.379
131.306
42.7837
233.748
315.749
44.9623
581.393
638.441
813.954
127.936
129.359
33.8989
318.676
21.6609
146.686
52.667
227.976
31.0075
165.319
116.893
246.547
50.132
272.547
1162.1
126.503
159.526
395.906
1582.98
105.163
60.3825
30.1251
451.969
575.092
42.958
364.427
59.0903
64.0401
646.917
228.158
173.323
61.7872
212.785
473.766
414.188
37.8079
358.312
210.376
196.854
315.51
442.783
293.229
53.3079
119.171
13.9668
219.007
22.5315
391.39
522.053
93.2414
92.633
226.799
100.806
69.306
333.649
903.825
113.878
60.7129
95.4984
537.251
398.33
38.5238
144.504
423.841
31.7274
77.9149
407.381
817.498
128.791
245.559
204.726
565.69
252.829
94.4528
10.6214
599.892
736.441
233.543
186.157
199.162
196.129
107.179
288.006
673.606
258.09
506.104
370.095
1395.09
254.772
925.162
153.679
188.155
192.099
299.242
74.7009
1071.2
45.5458
718.961
152.303
52.0542
22.5642
417.948
42.3973
1345.85
388.264
613.559
137.14
723.447
177.95
150.067
757.847
252.26
23.3542
450.948
107.424
225.728
611.179
365.935
204.445
199.878
13.4377
508.646
307.224
299.945
318.151
58.7303
76.1879
181.65
473.254
35.4288
47.553
157.977
51.3016
364.511
435.51
442.153
309.902
387.555
28.6884
165.605
1069.85
79.5547
51.3049
266.542
46.6438
154.874
560.154
286.338
54.0847
530.22
96.4704
171.051
216.358
127.772
125.713
348.945
91.2231
63.1061
259.099
239.653
419.575
71.0067
353.164
340.232
79.4182
139.189
786.856
213.673
1246.58
806.253
182.866
177.389
295.116
383.074
376.055
127.883
225.152
122.96
259.349
288.77
143.53
106.121
109.781
329.896
389.8
76.0384
29.346
282.506
302.707
60.7211
128.022
65.6683
173.444
180.674
248.216
543.664
287.031
753.934
267.741
782.249
596.89
47.9321
152.608
320.035
320.498
276.6
28.9174
172.458
473.472
37.6752
87.883
134.879
370.655
40.8943
121.096
97.2023
333.631
207.206
70.2225
670.679
283.987
182.934
701.274
29.6698
18.3865
43.1056
395.346
359.245
89.5761
62.2692
44.6589
987.799
219.673
233.867
144.277
117.184
679.288
217.912
60.9081
432.164
503.236
227.59
99.9324
308.071
60.4396
34.6989
843.19
287.788
270.556
132.289
697.086
532.504
447.425
241.513
79.6769
63.9413
229.686
245.738
217.505
857.466
388.759
22.4885
387.07
331.832
152.882
356.086
49.2967
72.8232
310.202
102.487
64.7518
710.625
27.8949
62.7687
227.214
152.679
22.8262
180.499
463.064
122.508
118.43
664.774
236.404
82.0858
18.3641
43.4349
379.38
368.057
16.7789
82.3965
27.421
109.948
19.2696
137.167
396.357
161.599
401.179
546.608
222.736
27.0221
39.923
88.8995
74.2984
17.8402
471.059
176.908
568.353
149.558
60.0736
81.4644
162.837
77.1313
204.638
1077.62
1302.97
17.2009
436.457
571.465
357.015
15.7458
592.787
321.733
342.593
547.709
215.184
120.683
610.73
25.9277
1029.06
33.4625
253.867
96.1626
268.962
351.399
460.737
371.364
45.8836
597.82
1223
106.89
191.992
98.3197
522.634
175.379
134.742
20.7499
346.715
589.104
1059
52.6446
541.658
269.869
163.155
294.549
234.465
92.4956
756.791
50.4094
500.645
300.256
121.328
86.7587
72.5877
63.31
91.6936
153.89
193.469
474.655
198.038
515.622
29.5452
206.993
343.605
80.8776
101.236
42.6357
132.305
241.627
135.46
31.7124
645.593
251.333
578.723
352.867
312.519
10.6661
326.056
103.979
297.981
35.7591
918.927
552.227
10.8608
87.5837
119.676
93.1974
27.6742
201.941
122.006
90.3618
362.606
265.897
341.376
538.61
120.771
604.473
150
27.7053
87.0995
477.917
1830.38
632.305
380.135
43.1364
152.159
22.5082
157.888
219.256
72.069
972.637
635.182
13.3816
20.7427
218.303
106.699
166.646
162.199
711.478
197.684
26.505
134.573
64.7781
158.32
147.365
263.814
496.366
36.4438
24.5062
30.0473
158.806
13.9378
410.437
359.24
611.909
31.224
225.899
147.939
44.1312
554.832
248.042
146.137
226.166
696.421
509.956
72.3272
262.535
45.7457
337.8
1307.92
296.384
196.905
180.155
825.244
345.714
28.1726
59.8615
1329.79
42.7239
98.0917
42.6313
470.119
283.54
298.157
107.345
125.23
173.568
703.807
332.99
464.339
311.058
440.82
2015.12
41.4085
625.361
985.968
266.972
215.091
98.2797
154.728
90.6496
458.287
26.2011
151.228
214.5
704.779
407.075
221.914
184.276
187.544
338.49
719.527
949.084
470.812
349.15
204.745
269.666
29.5429
510.668
244.556
81.1372
171.288
136.08
184.377
411.621
17.1463
71.7543
103.955
16.957
217.929
156.174
119.883
13.8507
41.6824
130.056
2236.46
1598.57
699.194
103.172
308.625
1346.07
69.014
144.402
91.5701
705.693
557.666
198.751
342.618
314.561
61.4066
585.466
195.261
17.7483
95.9633
75.7285
91.9208
187.907
210.235
774.615
439.728
185.005
88.4354
38.593
144.639
22.2268
955.138
445.603
180.234
454.943
30.7545
214.355
107.1
190.797
491.086
263.968
570.818
362.127
733.529
33.15
65.1872
242.893
145.933
423.191
462.414
296.163
613.769
111.467
326.257
594.351
55.1404
12.6432
555.52
121.659
196.892
154.292
767.652
1111.56
36.9415
868.027
58.8505
470.394
410.337
795.766
695.51
106.806
234.184
25.3989
919.498
45.8962
513.456
507.155
203.155
358.787
1000.24
150.836
487.681
655.097
61.0928
77.201
46.8259
171.483
596.824
114.645
700.104
74.8147
1321.4
735.861
99.454
399.847
376.202
210.727
405.809
255.374
572.007
803.873
877.952
1286.64
86.5032
137.426
30.1798
459.553
80.7021
93.958
87.0918
514.805
410.96
43.8323
14.9813
72.0644
361.405
38.346
326.442
667.754
135.743
18.1192
718.18
17.8442
656.987
320.478
312.281
1070.53
286.708
51.3665
468.275
35.3955
148.312
49.7043
771.674
170.41
98.4535
385.648
150.146
91.9633
144.262
125.307
370.319
290.15
157.529
285.38
221.294
463.752
251.882
333.325
227.646
384.347
348.178
439.381
86.2334
76.3384
61.2463
397.903
332.422
241.249
112.507
115.412
552.277
349.581
465.61
95.5623
232.105
307.312
122.908
294.375
43.6039
223.949
762.682
1093
85.4586
186.647
149.709
83.6999
46.6539
784.456
523.711
234.746
73.5211
57.8538
14.1023
164.354
123.651
307.075
519.959
164.04
1455.46
811.177
121.705
242.766
396.771
155.028
186.174
491.087
522.684
504.27
143.61
258.506
1020.98
415.705
152.165
771.448
67.0673
80.0523
738.389
200.916
156.745
223.817
300.743
140.034
1014.21
34.1751
440.803
698.15
957.864
461.343
502.146
42.0964
449.887
622.943
26.914
494.195
379.491
791.414
40.6569
237.816
780.511
101.489
182.469
405.778
475.326
62.0896
349.875
309.496
853.468
332.405
62.2662
89.7377
161.514
1094.5
251.552
58.2774
117.041
491.853
214.333
71.3509
617.114
32.5881
626.079
105.679
242.847
292.905
113.466
90.4818
784.994
394.941
646.702
157.093
16.9635
654.945
698.248
188.61
233.548
190.074
652.14
322.883
255.107
190.313
18.5203
191.956
84.484
244.479
434.906
242.085
85.0819
260.57
214.714
107.648
619.452
26.3112
141.543
431.967
782.814
359.205
436.245
305.369
15.8281
618.603
144.705
439.446
122.968
443.694
65.5091
55.3552
233.984
484.791
261.33
328.093
240.869
617.749
512.145
103.262
36.7142
934.878
60.0409
72.6582
480.356
212.062
298.158
131.073
259.06
64.0669
669.478
643.513
953.145
29.8403
314.718
39.8233
323.572
155.647
1099.43
721.961
814.016
121.144
255.104
348.762
39.108
23.9475
177.068
324.882
32.3846
198.388
415.046
275.677
549.392
57.1639
72.7751
244.54
511.238
534.687
354.891
372.008
714.947
237.122
84.7541
115.892
676.868
349.898
30.3207
337.909
114.497
233.848
206.359
191.148
189.424
65.8258
229.433
635.889
100.756
364.396
492.869
75.3841
248.629
318.144
522.122
211.698
270.982
251.933
61.8261
576.673
118.796
97.9212
182.925
141.482
108.148
181.459
200.251
378.809
216.246
352.04
365.759
397.491
293.975
89.4695
122.621
72.8795
856.793
221.321
275.088
572.113
362.155
335.697
727.251
40.221
65.1105
694.941
204.614
898.207
560.827
135.917
1374.6
62.4301
281.723
705.802
436.938
172.86
950.785
334.77
27.3087
56.9629
210.23
103.639
36.1185
552.678
217.959
601.412
104.151
173.127
110.882
119.443
339.393
116.022
35.4586
119.052
111.978
51.1906
291.276
364.168
101.324
316.635
522.899
19.4381
62.5352
1227.85
103.612
440.403
362.397
177.038
25.5895
187.39
136.348
185.472
80.6677
704.128
82.6496
402.467
94.3063
159.447
167.128
181.341
102.233
92.4161
132.176
689.581
784.375
161.39
202.424
1772.56
700.553
237.459
827.938
393.005
191.689
396.727
722.154
254.163
243.177
378.684
776.059
285.64
247.604
118.853
773.693
139.997
113.823
52.3165
330.796
249.787
650.429
1147.36
393.978
344.797
473.251
31.9855
183.463
67.8917
201.369
89.7029
101.127
111.499
96.1727
180.767
53.1653
444.663
817.142
245.827
112.985
830.328
443.542
254.895
300.193
79.1543
847.999
846.017
271.214
615.908
146.25
1242.53
131.067
407.351
124.105
214.53
155.63
264.432
788.766
151.554
669.837
136.717
52.3505
187.643
193.916
299.429
45.7459
66.8298
273.378
10.4692
302.098
417.261
84.4446
535.022
183.94
80.8611
206.148
345.953
46.1594
438.083
204.839
192.983
189.009
226.757
159.499
97.8606
402.654
525.342
201.502
32.012
653.669
410.35
515.267
58.8571
165.342
334.98
300.501
311.477
137.307
237.337
400.403
435.673
185.096
1115.52
73.5828
62.9795
226.995
206.349
708.926
658.656
492.181
23.508
88.3785
611.907
199.016
104.219
380.508
191.944
152.248
157.167
137.972
712.975
207.141
247.827
519.329
417.711
195.143
185.658
153.661
347.309
458.17
633.257
90.7846
206.927
44.3565
379.237
742.582
170.557
194.994
185.376
133.602
123.904
211.713
502.477
813.736
89.0505
476.113
722.111
190.849
74.9744
274.623
367.219
156.785
297.969
456.775
55.4955
288.077
402.265
86.5656
718.964
107.401
119.162
116.85
468.056
43.9121
43.3583
468.973
657.696
299.639
141.624
878.905
1167.66
516.339
354.648
798.373
623.989
167.968
34.4948
232.723
91.3242
193.418
782.615
129.59
275.055
343.737
515.289
162.236
168.763
99.8455
799.885
200.431
201.679
229.404
291.929
26.5432
61.7586
90.0255
224.455
201.874
481.713
1266.57
125.6
485.044
39.6669
292.132
142.001
1025.05
271.28
315.497
67.9428
333.59
426.874
660.619
178.91
102.63
74.8929
311.444
145.252
95.0031
387.033
124.293
70.189
168.389
380.689
221.732
307.176
56.9331
295.391
405.073
492.619
179.443
254.24
189.321
96.333
65.0959
511.053
260.062
34.8704
45.5935
56.1119
373.135
366.094
859.22
254.242
40.4604
729.641
283.275
70.6366
283.108
189.611
71.0749
523.476
463.813
248.744
325.059
339.337
230.1
140.329
165.91
956.466
62.999
66.4333
321.131
36.0487
20.0568
44.583
208.995
51.6631
559.251
116.827
53.7954
535.915
254.216
607.85
374.158
640.691
97.049
116.484
419.715
648.39
501.92
317.495
225.813
500.956
484.886
725.303
748.633
9.85898
236.206
43.1392
132.261
1295.74
180.512
453.344
324.568
114.349
50.4895
282.078
153.485
242.888
214.738
542.775
38.8891
81.0398
341.97
663.088
931.455
306.36
481.072
266.214
455.829
240.945
80.4673
161.276
45.9707
109.069
939.473
92.8342
87.4533
367.823
584.007
912.956
772.422
604.662
32.594
867.777
1348.69
333.909
49.9992
81.565
555.383
249.147
31.2347
166.49
656.499
312.886
45.2163
348.571
126.688
306.408
298.087
262.593
126.707
136.196
38.1464
440.978
913.275
1478.93
456.464
259.862
529.078
264.903
594.842
77.1906
314.951
70.8361
200.149
175.378
768.799
163.759
262.191
32.833
25.4769
155.031
39.7293
407.456
883.472
161.905
54.6788
510.162
558.431
237.592
138.365
427.377
541.665
559.917
460.455
221.742
354.939
152.996
362.104
570.262
229.677
742.35
528.308
32.6051
60.3898
473.279
237.514
99.4477
308.483
140.362
202.52
396.189
322.718
191.937
66.5216
217.051
228.245
82.3536
837.83
487.08
151.401
330.201
290.757
12.3776
502.656
766.037
73.0805
545.586
368.131
337.388
642.466
53.8867
228.375
287.893
460.588
454.464
127.752
55.3202
184.932
352.793
39.2072
347.514
50.3545
337.609
362.488
143.75
325.52
474.689
328.501
246.514
607.824
168.721
137.737
44.9858
118.037
101.199
275.941
566.822
43.4565
58.0049
225.6
30.2246
237.018
171.199
270.404
402.814
616.82
414.125
167.73
383.378
31.7903
223.102
255.844
389.633
388.165
363.703
101.062
88.9249
352.579
93.6595
80.4577
645.967
455.091
465.599
178.691
411.223
277.644
27.4295
194.898
448.898
574.226
1065.84
822.542
305.785
631.547
561.628
1204.25
74.8224
265.319
1376.92
498.305
540.672
215.888
54.5144
864.221
290.787
51.2172
197.172
103.287
178.941
428.744
45.4868
527.659
178.187
308.593
90.832
509.131
48.5361
217.326
539.036
518.904
266.718
406.052
486.795
351.714
191.347
198.787
295.982
121.603
1032.17
367.137
95.4248
174.961
86.8184
221.123
588.366
137.698
127.637
55.1821
241.3
42.0441
205.484
117.614
97.2569
1402.26
729.017
541.21
164.782
335.53
212.726
429.497
234.715
56.0287
79.9306
597.287
420.473
142.791
202.717
353.258
425.978
932.102
269.672
423.664
198.953
59.6459
248.474
50.4107
188.083
151.877
159.22
861.679
312.12
696.546
933.717
128.139
65.9511
136.18
50.6497
129.892
21.898
411.597
30.1077
72.1075
306.228
394.228
823.756
1165.97
193.843
492.834
209.771
841.015
113.539
212.361
389.812
96.2987
252.529
48.3031
78.2994
99.8809
53.4062
92.3763
228.874
756.373
634.318
202.9
238.969
524.601
16.7083
205.961
107.348
380.052
152.502
90.7898
830.038
754.476
97.1701
571.51
579.223
57.6446
459.948
328.527
321.782
101.392
158.58
472.276
519.999
430.389
131.297
184.872
283.28
408.402
362.334
70.8512
24.7354
224.882
77.0202
512.617
75.9316
743.755
163.375
214.596
69.1873
371.354
425.317
276.315
216.457
85.7495
156.43
402.029
152.277
468.475
358.634
103.235
570.992
482.64
575.993
162.328
29.7874
369.252
331.999
1304.19
27.0159
26.2374
315.268
24.5468
209.085
927.573
556.795
209.729
108.206
152.878
28.607
656.631
118.494
165.234
99.9842
112.291
1691.48
469.321
28.2122
232.706
1069.65
141.577
189.734
143.252
161.416
83.4187
160.447
147.572
233.561
270.484
397.711
242.126
553.391
292.871
50.1715
258.801
287.803
215.913
316.409
129.596
208.932
247.129
117.738
208.663
68.6715
65.4835
168.134
296.443
83.7935
28.9388
1969.57
215.357
381.752
345.324
659.38
75.6135
1101.69
39.7594
920.226
288.489
1123.13
126.656
668.011
315.22
392.772
999.404
159.62
1509.34
400.674
99.5283
382.906
11.8572
329.593
554.205
244.938
470.025
151.088
36.8308
143.554
589.34
354.05
373.397
553.83
21.0451
145.308
130.398
578.475
583.473
214.95
75.4788
904.202
773.719
24.5518
92.5808
96.3497
381.851
607.893
648.158
285.833
458.549
126.245
36.6972
374.786
138.965
379.131
124.961
354.675
140.555
115.757
126.831
727.829
63.6524
189.512
200.708
802.263
342.575
388.071
56.65
382.359
208.359
108.75
202.154
22.766
181.484
770.884
234.51
254.383
53.6707
296.327
86.4254
269.1
564.673
147.397
424.196
993.419
508.675
445.841
20.4144
437.166
111.787
1084.39
350.099
140.625
398.567
496.881
52.3259
66.0346
707.535
281.886
346.536
152.461
228.244
453.294
274.335
891.344
171.38
880.926
77.5068
296.817
286.771
628.53
476.117
772.919
86.283
128.957
437.425
1176.13
460.084
36.4799
88.455
865.355
61.6439
442.354
628.175
233.112
595.566
57.7177
185.949
53.9081
384.097
701.715
539.909
282.719
215.993
268.677
146.4
673.738
527.174
17.6258
233.291
801.248
100.804
151.18
101.761
332.41
131.419
63.8172
260.325
62.9159
106.871
40.599
328.755
251.713
57.6831
223.428
89.9782
571.245
453.401
37.9425
113.596
55.1541
131.898
815.217
223.009
1077.51
315.014
137.151
42.6525
134.556
127.197
474.789
282.442
88.9639
98.7708
246.297
396.32
718.076
116.519
1159.48
967.939
29.2991
318.704
90.7815
173.976
143.697
185.418
445.785
433.147
70.2653
109.166
366.951
221.972
82.1697
305.546
74.6615
151.348
161.18
286.508
76.7207
258.066
119.963
225.672
86.8832
353.781
177.417
343.713
466.366
351.837
25.7138
218.554
96.62
274.521
83.802
121.741
56.8706
619.46
142.853
386.256
475.997
87.3591
740.346
156.318
20.4453
279.583
415.86
136.41
406.282
778.971
46.9372
63.1463
436.916
526.683
309.119
127.277
257.807
264.074
49.5637
236.439
63.7157
976.189
64.6414
244.458
1116.47
46.5926
361.921
808.488
47.6984
216.634
402.161
118.564
183.985
253.451
174.726
888.302
130.61
102.868
232.254
231.821
90.3223
176.046
220.437
434.66
145.181
484.827
175.191
384.495
169.152
401.552
522.978
430.751
138.679
112.417
548.435
363.534
225.469
788.409
186.347
26.9329
382.633
294.18
278.272
594.246
475.851
21.9433
161.872
344.835
419.566
598.745
390.045
102.358
402.062
288.964
128.106
252.073
756.311
462.054
226.215
125.993
237.511
653.96
731.682
88.0806
750.304
644.405
149.817
355.546
656.557
85.3797
146.933
63.67
28.632
93.8742
58.0906
433.751
709.007
614.442
219.474
51.1376
1002.42
206.42
433.919
51.2706
924.9
71.6242
107.846
101.433
325.258
916.274
1639.33
408.954
432.384
355.174
90.5988
137.378
953.344
275.982
121.265
281.01
754.558
37.8013
61.4989
54.2797
27.3758
552.324
979.384
589.455
39.1442
171.392
110.35
496.65
84.499
94.3948
293.215
55.0013
920.97
249.913
557.785
704.495
895.983
121.13
176.69
167.763
46.5389
509.469
149.41
724.429
422.243
67.194
65.6605
263.284
929.897
33.8258
100.475
88.4068
21.3759
266.834
155.684
81.7772
491.902
241.754
229.245
2289.61
128.574
430.796
391.068
67.6673
345.041
423.482
67.6455
46.6236
115.787
294.104
194.971
185.806
306.961
45.9306
58.4862
44.7886
326.671
124.966
43.7497
303.324
83.176
122.213
74.5566
333.948
143.948
431.736
73.5659
121.306
310.724
282.618
830.536
136.94
925.876
110.063
799.771
546.086
318.552
140.66
105.838
273.948
532.367
393.612
204.909
116.498
21.8821
350.729
46.3944
52.6753
127.479
86.7137
579.556
232.25
934.449
334.416
347.696
249.578
88.7362
425.502
108.145
354.67
129.476
293.76
116.097
11.6705
266.912
200.035
19.9392
346.463
264.433
41.7339
551.866
127.204
410.348
68.4373
458.099
252.406
44.5649
99.7689
100.653
76.4965
131.602
275.732
38.7396
221.765
29.5519
383.81
39.5893
190.927
1057.15
144.068
576.892
86.685
29.5386
82.1533
139.705
233.803
216.867
209.352
862.97
452.058
48.6426
104.111
216.932
551.403
90.1612
614.543
367.539
295.602
286.79
255.205
872.11
173.934
79.1967
191.295
68.902
337.412
444.268
176.138
116.463
1366.35
529.039
85.7529
320.223
124.152
351.931
112.318
675.675
240.472
518.019
337.675
619.284
501.521
649.718
1297.27
306.745
439.986
120.133
63.616
623.019
463.374
46.1558
299.918
1091.86
19.4638
313.595
352.012
606.611
150.094
93.3224
498.881
355.555
95.8769
812.662
234.557
190.324
121.684
48.7693
118.016
1175.15
189.37
334.856
82.1622
973.935
91.3448
456.733
218.736
957.343
700.463
77.0529
1028.03
548.715
21.8798
182.702
284.32
82.2698
207.185
274.981
163.554
216.833
558.388
456.732
312.802
452.043
321.717
487.169
61.7798
264.374
472.159
104.255
145.786
413.849
194.722
632.622
26.5644
161.455
24.3818
19.6125
167.802
240.571
65.1509
541.534
120.939
332.315
186.868
147.308
279.38
166.164
103.692
104.688
586.587
141.868
154.617
572.946
171.567
347.088
114.562
411.065
36.6395
97.9148
222.976
483.632
597.199
333.176
34.0961
191.481
217.3
45.7106
310.125
333.603
57.1515
623.061
47.1445
198.346
322.016
451.761
80.0835
235.28
79.4863
200.707
562.867
226.295
159.449
206.599
165.593
217.005
592.385
194.33
122.777
542.244
721.79
74.3065
156.261
172.668
786.906
90.7271
134.818
151.142
292.821
53.5272
335.163
21.2424
740.664
67.9811
327.864
198.487
79.3506
317.64
190.308
266.288
186.503
39.9159
414.899
679.569
221.945
574.63
196.999
827.332
101.668
177.505
136.329
494.576
500.651
42.1642
264.983
43.6956
256.853
878.2
617.591
135.227
92.4412
106.162
154.603
78.5692
324.107
502.548
494.883
1081.16
129.951
120.014
72.2145
139.253
79.0158
495.52
48.1842
612.306
511.01
772.172
130.518
518.825
116.963
471.624
161.578
599.177
135.316
84.6744
176.319
62.3097
439.365
29.9156
274.722
85.9605
618.196
289.282
295.095
234.686
136.591
311.601
753.78
679.215
180.522
1235.04
152.266
76.4536
31.7685
308.295
861.95
207.241
27.2778
795.691
649.836
39.57
147.784
304.463
2413.5
235.47
367.636
119.808
439.64
139.458
19.5801
552.312
537.973
214.597
941.764
126.882
219.788
244.879
134.681
99.3352
151.836
234.971
252.46
34.9823
393.536
172.622
304.601
67.8943
187.618
955.126
72.1279
36.7441
473.418
108.222
345.52
668.093
1551
251.885
188.539
1379.41
507.427
925.072
110.973
104.845
128.084
309.305
215.697
223.828
61.0538
109.688
489.661
127.654
97.1849
318.409
135.543
512.287
129.722
93.094
235.226
130.801
33.3087
300.599
23.2732
288.843
76.0162
257.345
32.8632
19.9743
873.161
71.8659
312.572
37.9156
99.5973
156.14
244.044
2171.96
47.1396
50.8344
24.0104
154.248
176.992
932.213
633.061
251.693
29.3756
537.212
31.6187
124.556
57.5151
27.4513
506.588
25.9021
160.39
63.9165
116.01
46.5166
62.6166
164.29
408.756
54.2195
531.981
207.563
27.1504
54.817
125.912
48.3913
521.449
61.589
600.459
219.65
49.2239
210.56
650.165
901.369
393.48
333.118
416.619
280.846
54.4605
266.646
283.78
450.465
31.9578
212.731
135.111
609.176
941.064
65.9768
271.297
472.763
242.847
175.637
400.815
246.138
738.255
96.1695
132.69
85.8299
194.372
1019.66
213.385
241.698
199.653
205.043
50.2039
256.814
217.148
93.2173
21.9913
689.279
324.311
476.383
925.097
186.114
345.508
499.712
402.504
387.63
251.573
1634.99
354.254
78.2151
50.7751
199.505
166.838
268.745
1056.19
49.2316
10.8653
147.206
180.02
169.768
326.358
52.1584
394.432
739.029
342.279
197.228
80.4375
471.648
239.875
215.628
44.7646
373.829
116.042
2150.93
358.917
380.229
99.4147
344.943
417.292
300.557
158.698
69.1191
16.3549
88.1298
49.8283
40.7129
79.9793
51.3696
108.331
276.139
132.645
193.932
187.592
418.966
84.2305
264.846
206.68
454.659
880.16
22.8421
139.889
141.289
151.113
239.572
87.4707
153.731
42.4316
235.043
260.407
264.043
399.19
404.231
128.577
231.241
151.71
573.354
311.33
275.56
181.205
93.3578
214.557
207.913
382.333
169.713
183.86
294.103
405.851
721.146
125.088
83.5926
38.8591
252.562
489.496
509.625
197.712
222.651
124.469
595.966
321.2
636.378
219.995
644.448
14.0678
27.6773
338.201
242.935
80.9512
188.662
206.043
482.573
776.971
201.469
179.346
485.339
205.135
1110.1
753.022
316.956
166.47
1135.14
537.8
208.033
120.597
387.347
74.3465
63.6121
81.7514
361.452
731.384
341.36
330.555
293.382
35.6468
238.882
20.9404
39.8659
205.713
245.787
244.096
492.174
520.386
96.923
709.75
225.677
354.779
208.829
244.436
163.892
960.422
54.0183
55.4927
72.9617
565.287
30.8788
182.64
473.459
316.341
66.462
105.783
163.62
487.054
361.438
279.527
309.746
91.7684
501.73
433.069
59.2111
352.573
383.234
159.504
269.665
338.43
37.4631
70.1043
123.476
94.9092
406.364
1682.51
76.7245
176.364
171.062
69.2416
91.9376
101.41
661.06
436.19
544.467
548.146
1173.44
28.3936
687.128
47.8262
85.7639
756.448
129.292
402.607
283.82
42.8019
57.5092
77.6733
14.3813
95.7695
735.382
167.122
347.108
351.047
577.901
218.623
20.4583
492.835
15.7037
437.701
757.671
94.5721
316.49
366.071
36.3326
430.92
344.028
1031.75
104.541
1259.16
265.303
259.04
166.924
50.9015
323.962
31.5771
1206.92
219.846
489.121
140.188
234.738
81.0047
129.509
32.7876
158.866
835.253
216.861
588.109
142.47
196.156
252.97
79.2902
237.76
100.039
111.826
801.228
528.881
72.8263
960.884
327.525
997.684
21.099
246.451
528.545
136.758
114.408
305.841
27.7561
138.78
645.257
177.995
105.999
39.1357
89.004
309.813
381.821
158.615
86.3211
149.445
373.809
66.4782
27.9558
979.322
48.2552
137.422
643.581
115.749
13.2989
234.667
368.144
106.812
212.965
502.66
114.193
215.305
332.838
27.3457
301.566
263.367
454.566
695.381
167.649
123.042
165.611
75.6394
74.3811
188.248
181.131
499.923
179.541
472.114
298.459
59.7568
271.281
304.279
77.3821
126.715
474.373
198.149
185.451
32.4177
76.7603
317.424
123.07
10.7185
105.075
182.882
715.116
1515.33
83.1519
242.286
51.9407
210.948
282.267
389.359
77.8134
68.1252
22.1159
416.605
544.768
313.139
63.7209
147.715
392.358
168.909
76.2224
962.224
193.995
87.2222
863.507
564.678
249.504
22.0477
104.741
149.273
62.0485
247.187
218.13
440.059
103.942
65.4839
844.163
1134.72
335.585
1359.07
340.887
184.595
237.311
186.933
173.557
133.749
56.3559
1396.23
381.338
40.0065
386.353
629.519
45.5857
157.368
131.812
44.8534
407.208
374.694
844.431
241.828
661.097
216.61
345.373
561.56
436.203
136.615
657.342
182.024
13.146
703.435
33.5981
65.2983
80.4096
72.5262
46.1218
34.2115
243.719
168.399
216.199
911.551
225.381
150.529
371.209
106.036
77.3363
1012.06
970.331
244.957
436.283
330.787
417.782
779.745
259.462
501.42
146.825
900.518
194.717
27.5895
393.302
313.731
34.0181
147.589
171.684
83.941
259.469
25.2578
476.474
797.796
61.2272
321.654
329.251
804.347
1417.11
256.407
14.873
174.7
1023.88
30.7019
596.126
206.739
262.291
39.3894
385.38
90.4033
483.424
788.628
154.288
659.468
410.025
125.24
145.246
59.9229
321.436
38.4085
125.488
203.671
408.588
427.49
395.55
156.306
30.2122
287.856
116.74
1104.21
145.186
305.727
943.099
239.61
522.146
83.3071
153.199
251.16
397.487
174.731
837.662
321.28
33.4122
24.7831
337.901
64.6768
185.91
75.1192
674.149
215.351
279.465
285.118
207.921
189.388
524.214
226.671
120.317
24.3586
149.601
94.8662
15.9729
30.561
40.0921
222.27
11.6847
253.181
401.166
131.23
942.543
146.105
227.685
1226.04
47.6494
289.826
255.488
484.718
254.291
152.373
46.4641
297.271
57.8713
1267.83
590.95
144.666
494.362
85.0713
162.754
304.695
119.667
831.389
775.449
465.445
297.46
44.1892
12.034
25.2391
187.029
149.094
45.6502
397.492
118.795
102.268
205.551
26.0628
79.5879
353.56
107.379
258.729
20.1743
718.642
53.6762
639.888
118.419
296.65
12.2334
826.452
230.708
684.207
93.8799
77.7129
50.3707
127.932
228.949
222.561
478.983
34.0529
202
242.502
19.1316
82.4594
158.157
222.788
521.507
641.845
335.711
112.832
421.226
94.8613
538.63
36.046
236.17
33.1006
631.025
237.257
167.389
57.2977
13.7399
126.201
296.943
861.713
301.147
149.915
765.353
430.415
145.856
35.5282
1576.94
109.13
429.518
85.5502
468.096
168.543
45.4695
310.3
731.463
123.467
119.097
41.2133
607.192
100.07
432.163
169.592
137.644
201.606
542.593
55.9169
43.8616
68.2347
375.271
82.629
24.9637
361.968
94.9413
29.8013
79.4058
48.8837
1135.57
363.182
377.737
513.645
122.371
122.285
182.596
1231.36
266.343
109.284
1189.26
47.5618
318.077
96.3158
471.137
254.984
276.454
141.305
216.688
327.628
59.079
351.347
44.911
333.591
326.89
824.711
83.1128
164.277
386.508
90.4428
172.064
471.636
445.84
135.253
401.234
690.706
1191.87
29.6309
218.713
238.813
176.278
1023.5
81.9754
288.183
1658.15
1581.25
582.243
102.35
12.38
42.1689
89.3227
492.223
60.6695
38.8629
484.079
376.825
795.03
1346.66
206.4
61.2229
251.158
275.05
99.8796
331.839
69.3621
190.117
707.68
428.35
282.066
43.7038
98.7373
281.535
470.081
552.979
208.587
49.5259
55.3446
197.631
1012.25
295.395
102.652
484.934
226.08
289.553
139.102
414.985
150.942
329.599
74.711
32.9249
229.304
601.314
539.559
247.643
89.6618
258.191
387.119
157.606
297.642
465.148
919.33
673.72
105.176
183.727
84.8193
246.159
75.589
106.845
67.9457
333.768
70.3404
131.717
649.606
101.011
510.089
371.449
114.95
199.764
37.2131
239.718
343.788
172.19
95.3878
238.068
663.585
274.605
96.0787
118.318
384.209
74.5841
127.985
765.479
502.352
304.666
242.222
311.371
750.233
143.623
56.7209
69.4841
21.0393
942.406
61.3455
553.204
121.923
139.705
35.6836
283.205
168.158
195.519
503.546
78.0816
372.886
59.5023
142.728
138.468
483.418
1144.19
109.894
478.53
107.973
127.909
104.013
250.376
646.63
406.976
561.353
260.702
482.341
91.6917
55.538
78.5351
92.4231
34.2724
126.704
407.88
57.1213
610.43
675.605
177.106
30.6385
18.3925
42.9543
57.2859
90.6661
117.39
388.699
251.344
64.0208
117.103
44.6404
324.531
424.523
98.176
75.106
129.699
139.069
942.143
233.776
31.638
43.1685
1168.61
178.734
185.022
100.256
929.61
523.26
393.204
204.041
118.316
273.294
56.6509
224.225
104.046
254.957
66.5145
460.853
183.54
26.5468
224.506
193.251
155.942
211.18
343.143
26.5497
1911.11
400.076
109.734
318.528
529.892
331.775
479.752
68.9478
329.941
175.015
20.3023
617.796
98.2919
1652.85
104.432
50.1975
118.959
134.566
64.1431
85.0861
408.104
142.084
277.303
62.936
258.54
87.2907
418.184
408.689
115.699
390.821
378.944
171.846
216.768
194.406
638.894
421.285
281.749
67.8205
309.852
83.6485
348.945
769
364.547
14.1056
231.715
304.583
1064.3
417.999
300.328
57.6523
842.874
716.92
518.77
661.641
288.69
15.5781
348.576
244.498
339.93
110.053
162.956
1372.39
316.892
23.6875
690.135
702.866
398.654
80.4731
469.254
208.774
230.7
856.001
250.096
703.925
403.446
403.51
270.264
550.316
188.318
267.626
158.09
100.252
491.968
90.48
713.801
235.746
455.719
212.813
784.779
501.41
255.164
532.795
56.4629
222.967
257.217
38.8388
54.0206
649.668
250.519
17.6063
379.511
856.571
259.812
130.657
51.6745
311.655
430.306
848.576
260.948
192.577
151.301
793.506
574.695
129.174
180.436
501.132
902.094
97.3431
239.936
40.5761
857.452
36.8065
169.589
51.8469
330.506
345.505
1152.85
513.481
92.17
175.778
214.325
56.1041
785.495
372.732
158.761
49.3752
131.878
45.0845
173.803
304.739
377.978
42.9251
70.4313
332.582
314.893
38.9564
274.426
100.404
85.3645
230.373
110.787
773.776
824.693
91.7701
251.162
62.39
357.043
155.45
218.2
36.77
293.416
916.699
105.111
553.777
38.122
205.616
147.409
472.764
285.068
17.1249
1542.21
615.379
727.161
531.503
560.121
172.63
168.95
44.9486
179.034
525.708
456.642
70.0741
148.656
255.062
330.465
181.253
111.542
483.411
356.166
362.626
223.79
284.97
874.064
292.733
106.704
42.0985
295.362
203.239
242.023
284.352
54.2681
88.8589
1044.96
438.778
42.2194
103.874
91.1435
75.9393
444.372
73.103
503.961
362.252
702.516
386.873
32.1816
731.448
121.01
65.3549
70.6561
153.013
425.277
418.993
28.5392
624.11
206.25
278.815
301.096
586.829
73.7125
87.5998
501.9
345.685
262.116
48.5415
167.028
674.635
262.499
184.008
152.437
343.316
37.2683
693.02
78.2681
48.3701
174.253
74.4766
654.511
196.024
176.481
142.53
89.7643
24.5823
244.157
339.347
238.984
320.56
440.181
641.667
150.798
115.581
456.165
103.255
72.7878
103.395
301.473
261.385
203.328
175.628
11.6032
232.969
446.914
458.598
95.7166
127.494
182.336
58.7442
333.136
152.862
45.0211
99.9444
773.053
398.341
867.937
48.2587
282.35
46.7237
308.791
45.7695
400.936
95.6635
53.4447
70.9096
223.9
81.308
197.639
98.0678
568.567
453.132
45.5707
197.247
161.223
863.778
14.5023
1048.83
187.924
449.307
144.339
233.834
51.8995
234.909
363.903
225.603
62.6911
29.627
351.401
232.021
284.941
66.6108
506.344
59.9485
183.61
41.1648
17.2044
81.463
644.544
62.5119
383.746
141.486
328.334
68.9362
365.66
26.8795
106.479
1049.56
470.797
245.433
600.211
1259.08
184.505
64.5161
126.389
57.5013
247.366
253.695
60.1471
503.648
462.276
325
251.701
331.446
125.711
91.4897
165.478
23.459
92.5782
106.172
64.9997
16.9423
551.114
56.3251
89.9716
351.243
89.6169
74.9524
126.478
797.212
442.613
1153.79
1070.49
139.867
69.6362
527.116
110.9
196.058
23.6458
79.0171
325.829
703.035
613.645
308.704
906.784
325.256
510.787
300.213
502.883
254.47
55.1893
118.21
248.176
161.902
139.354
56.9225
28.8867
167.609
236.293
286.772
607.951
36.3515
401.359
400.877
381.591
20.9895
423.59
440.895
237.2
330.305
197.192
429.058
106.633
715.598
17.1894
19.8636
1066.19
503.849
977.306
114.393
179.779
420.839
55.3706
601.62
98.7146
69.6172
90.4884
318.008
159.97
119.902
107.787
59.9005
246.497
342.818
134.428
151.423
476.851
123.586
334.24
322.909
1176.3
154.074
182.262
205.448
312.025
692.791
63.7851
252.133
119.26
1495.11
73.6185
120.654
80.0022
417.502
67.4085
91.7752
111.155
393.681
108.217
135.95
48.2022
265.445
381.427
92.489
44.8536
663.046
353.982
178.435
332.957
334.62
203.387
245.988
362.245
381.995
278.502
502.978
283.812
208.385
41.7216
177.859
286.448
1110.51
134.893
15.4768
372.295
381.416
273.203
252.224
72.5616
129.801
146.708
53.0811
49.1163
539.867
235.772
548.058
79.7171
374.139
106.996
432.581
34.9627
62.7431
82.1297
1085.41
502.395
108.243
129.222
515.279
207.808
254.475
465.377
57.7889
450.739
385.322
187.797
22.3882
463.058
132.775
11.9471
626.599
696.452
392.808
897.829
474.381
815.864
836.497
132.294
1363.83
48.173
84.327
990.745
80.319
133.304
680.247
560.402
781.673
224.818
501.676
686.233
618.898
277.267
313.247
678.823
742.415
79.5594
118.116
47.6825
872.622
189.959
268.768
642.92
50.1876
70.5399
102.049
290.44
965.251
99.2001
90.9067
18.5161
626.658
579.38
659.117
123.202
371.109
273.651
129.966
134.331
506.484
70.1067
801.207
108.485
130.201
240.004
176.472
625.019
354.987
176.997
963.145
547.946
335.112
536.428
365.472
477.891
103.531
209.665
64.9135
861.907
196.403
281.279
513.604
71.595
320.074
739.756
13.9479
383.698
309.986
1161.05
291.841
463.699
270.285
67.6305
107.07
459.863
432.388
329.945
113.825
79.973
198.171
29.2733
191.865
130.396
106.843
93.3966
93.9295
463.584
82.6481
63.2825
641.282
1197.78
197.868
73.1555
57.8112
251.01
433.28
566.182
521.423
290.224
560.467
733.466
800.641
297.581
448.489
77.2484
168.549
306.585
407.129
94.0688
87.4196
101.93
17.1603
380.862
796.447
130.198
416.884
806.268
174.1
198.502
193.036
908.333
292.457
1207.15
198.343
1269.48
1255.01
69.375
213.18
80.6941
56.0494
162.064
157.473
420.25
86.1672
106.138
503.758
210.609
383.875
123.071
387.219
788.699
23.8764
752.552
333.609
58.6538
179.363
243.196
434.296
39.5575
47.2655
33.7365
382.531
67.1051
299.937
246.36
383.045
2612.78
29.6949
384.923
251.771
436.374
424.261
67.8558
74.42
196.923
323.648
309.26
146.205
75.4554
127.564
245.073
3433.88
599.238
430.394
360.832
453.625
318.636
950.527
351.574
831.178
159.01
104.309
253.911
472.862
86.6205
65.6712
700.141
112.25
337.427
41.0913
682.501
62.4282
87.2103
96.4042
737.379
229.605
635.407
741.257
1017.36
1070.44
434.308
151.115
79.1382
468.258
269.185
208.649
442.376
94.5979
126.418
7.99145
255.449
31.6564
373.101
773.602
52.9739
111.842
250.799
20.077
34.5697
142.318
278.879
328.642
184.781
158.56
28.8398
1525.83
176.581
120.479
146.004
103.305
1563.67
59.9083
48.4746
124.299
591.689
265.839
290.152
61.8017
295.473
66.6793
203.612
267.466
259.498
166.418
202.792
658.374
69.4527
144.319
477.167
132.643
516.723
62.2924
199.865
442.461
364.409
283.342
1381.46
481.457
863.757
177.726
271.615
502.536
328.489
784.832
889.817
76.1427
247.62
166.58
112.855
39.979
85.8636
156.175
128.145
70.3874
315.208
926.12
31.088
140.373
659.772
668.619
288.885
93.8232
161.549
76.3206
75.8437
353.343
208.941
317.68
55.1242
29.2616
84.1565
356.376
31.3257
332.227
86.1795
267.692
353.122
170.551
165.874
27.3517
363.342
410.33
506.634
251.514
340.147
275.327
592.031
81.0812
41.6408
103.229
844.309
225.704
63.1511
228.116
116.759
561.872
120.695
233.134
479.593
663.955
190.874
120.715
220.738
601.646
440.726
46.6248
668.185
16.6154
242.369
45.5315
361.676
100.364
233.431
35.4595
444.556
628.647
415.563
526.594
266.545
187.533
133.18
341.084
117.517
208.945
246.429
321.781
398.751
286.308
113.336
19.9532
521.853
444.607
786.157
186.847
398.646
182.407
58.8679
995.914
391.728
968.955
555.644
152.69
358.702
45.5002
836.455
69.8174
487.555
214.903
14.1691
483.779
73.4447
603.922
437.594
58.4587
588.6
433.889
63.5735
38.9762
582.733
522.765
754.825
335.485
172.18
46.7458
277.676
488.442
293.968
52.9791
30.7811
195.631
242.683
51.9494
229.006
626.815
383.902
33.2317
313.661
140.965
128.423
162.287
73.1786
192.938
76.5537
104.361
80.2946
114.738
238.787
323.141
497.533
219.517
164.085
423.106
2069.7
35.4068
186.906
47.4959
392.782
947.297
148.029
129.639
376.28
790.056
88.0395
31.5514
1024.41
747.082
669.218
111.234
73.0194
1699.93
34.7089
709.556
743.751
196.492
349.144
730.464
606.942
397.876
72.1719
179.067
296.434
948.865
156.557
911.365
31.8022
164.783
339.956
294.582
113.737
46.3166
46.8194
378.602
119.32
41.0524
210.182
341.989
641.532
121.735
128.899
400.181
266.852
123.957
117.668
115.794
454.07
121.285
126.974
12.8898
76.7934
183.323
681.203
167.182
67.8434
76.8558
67.4319
38.3001
62.2454
173.78
70.4499
67.7008
84.7404
105.595
83.8464
215.955
115.39
144.496
175.627
314.651
33.8372
281.799
671.036
495.677
49.4476
322.033
57.6612
64.4154
117.283
163.841
263.421
92.3307
239.901
258.707
245.003
358.823
120.567
281.638
894.171
97.675
204.791
221.755
123.236
129.918
43.7362
907.232
372.751
367.072
449.791
224.846
198.203
187.271
582.404
254.854
875.03
58.2568
715.155
109.151
239.054
89.1113
236.108
753.922
357.23
568.568
385.425
114.568
61.1815
97.7041
105.493
270.462
317.627
365.1
424.833
376.698
130.961
211.492
364.379
142.104
547.848
159.671
540.901
120.737
408.097
265.578
370.108
197.688
292.534
150.081
153.453
651.651
290.638
205.626
199.964
591.632
167.237
852.511
928.906
60.2581
324.533
37.5285
226.263
774.092
114.165
372.143
647.447
904.225
134.175
419.333
413.988
1501.57
176.567
355.701
535.859
74.5183
195.155
77.9829
40.7326
51.8217
260.232
315.246
150.731
491.786
115.976
377.337
157.104
166.491
147.689
148.46
128.212
582.108
404.596
241.017
239.376
1172.42
250.536
185.353
193.899
342.177
361.365
73.114
50.6866
290.035
445.813
385.285
459.736
65.5259
469.533
281.328
273.841
17.0079
413.903
347.515
478.534
339.025
462.068
341.429
408.074
206.369
238.311
602.838
26.9918
21.0294
667.851
50.4811
62.5921
87.919
306.539
538.138
726.638
62.6419
615.082
194.295
65.5209
1259.01
421.813
137.464
300.261
561.407
302.939
80.6918
541.234
437.959
431.888
80.6394
476.159
204.339
441.92
48.8852
676.714
761.685
356.744
559.261
27.89
247.371
187.607
154.867
32.2926
174.572
522.537
114.277
1252.8
208.967
171.151
117.766
510.087
266.999
36.4569
570.684
315.26
416.011
252.157
25.1617
98.5477
65.1171
52.69
205.805
584.073
226.777
286.962
258.567
244.159
38.2261
76.5839
187.252
331.506
519.137
660.095
226.866
329.847
22.2071
215.789
299.814
377.734
414.94
258.481
31.8346
104.386
949.28
46.6871
141.473
17.2315
440.372
233.828
764.24
174.576
57.0632
255.105
37.5695
786.899
407.316
551.667
377.372
427.795
69.5721
622.736
413.07
917.402
705.571
473.105
233.783
504.641
682.009
207.913
1067.4
68.1244
315.088
177.032
909.443
634.312
64.1371
959.895
333.525
227.454
323.978
305.815
231.205
373.14
241.022
163.534
47.3325
579.71
123.319
169.391
287.763
70.8661
377.363
274.092
95.7003
466.184
234.864
85.4819
70.587
118.728
58.9878
104.727
425.892
535.959
983.614
919.662
591.943
42.0872
658.012
187.044
70.1724
889.52
221.872
23.1115
168.042
107.182
181.652
626.375
111.23
390.369
342.203
255.395
135.617
162.208
297.241
980.265
154.146
85.6548
216.869
745.659
393.557
77.0604
108.071
28.2756
116.576
316.14
139.311
50.6668
122.691
847.217
77.1981
331.33
64.2693
108.867
48.5714
160.516
89.7296
339.948
813.271
485.827
111.602
703.591
738.061
137.826
436.01
142.22
158.613
788.65
984.293
778.804
152.087
381.783
581.399
349.624
234.272
608.284
117.246
396.624
84.3819
318.196
686.5
73.4768
166.977
290.333
343.019
214.255
194.67
130.651
492.127
338.885
21.0021
106.479
112.472
104.12
166.718
237.89
29.1317
506.883
192.634
292.134
127.75
402.409
34.4729
153.869
167.825
36.5095
550.233
790.888
798.057
154.351
870.346
90.421
49.2257
497.433
31.8347
424.959
37.9461
65.7478
385.603
297.874
836.584
837.711
226.216
292.445
216.821
432.964
482.599
541.453
102.154
104.783
74.5887
120.022
68.0787
341.165
144.463
122.628
409.04
57.4014
150.394
30.016
169.208
322.605
699.052
525.506
92.6118
109.739
37.8831
10.4071
727.926
931.889
313.662
512.739
260.819
119.936
482.418
218.793
105.309
918.775
288.277
1096.96
1200.86
140.19
641.954
397.31
639.605
132.394
155.21
210.551
81.3128
286.105
208.259
182.855
551.143
38.8683
56.6889
94.5209
415.786
31.3778
724.038
714.61
58.03
449.199
79.3774
34.1506
245.726
192.105
1330.25
682.444
515.774
255.101
851.233
102.474
138.518
256.835
506.205
256.568
98.1349
176.063
591.087
184.99
126.158
964.97
150.149
46.4654
302.385
52.862
171.153
250.454
386.004
257.026
42.4404
351.97
407.124
224.019
24.2214
174.53
23.7038
66.2199
685.055
329.957
72.0234
126.36
148.578
358.318
594.675
659.667
143.524
182.924
124.288
174.404
610.859
710.565
72.4456
78.3813
296.739
572.856
1545.3
109.423
136.988
489.684
185.185
14.9835
42.4214
618.541
52.3679
142.661
65.2377
137.695
424.798
650.8
335.231
153.173
562.095
21.3626
287.988
382.278
289.461
220.615
33.003
68.6619
462.966
40.2584
51.851
193.703
24.7289
1222.27
54.6431
28.9307
816.518
89.505
184.178
63.742
48.4026
223.083
289.169
186.32
54.0178
177.734
427.236
16.3296
211.67
218.833
300.084
473.673
75.2333
142.154
237.705
53.2934
243.21
47.7319
790.371
188.761
19.7814
438.294
259.547
140.856
269.825
510.059
1086.57
39.3595
311.961
540.252
403.825
144.615
123.146
594.57
91.2991
148.702
908.987
79.3396
105.181
994.208
50.4343
93.1551
233.045
163.272
220.512
173.118
28.9319
1035.99
532.09
282.969
82.5041
900.778
100.018
248.755
255.052
82.2679
379.415
874.528
517.714
626.844
371.395
249.752
1307.73
269.68
60.6123
358.371
201.745
117.525
1385.96
1640.88
178.655
236.732
101.179
419.739
81.0458
127.44
374.672
138.855
366.506
55.5115
28.1414
332.408
627.636
120.956
152.362
146.202
329.271
136.008
206.99
416.25
265.372
431.475
561.559
120.814
142.505
125.25
338.578
22.0572
35.8461
59.3306
608.354
217.857
173.831
201.399
22.9165
52.1933
1655.72
93.8807
175.467
194.548
325.13
778.239
459.886
693.437
229.938
308.77
112.768
372.635
798.062
49.8316
213.008
68.0278
267.518
203.354
978.588
358.308
488.949
80.9797
645.164
306.606
465.086
105.95
474.089
285.066
307.985
451.987
1156.49
12.2944
247.729
21.6712
90.2089
171.262
856.238
1122.97
20.9728
408.185
251.543
419.799
407.835
16.2867
51.6412
218.807
1036.4
39.6603
594.385
159.405
511.107
812.746
75.7565
411.537
214.305
320.058
452.195
533.622
354.478
251.844
277.282
1047.63
75.3509
108.767
78.1759
87.2802
77.3631
26.9797
61.381
1025.83
629.379
57.7467
376.778
926.099
139.452
97.4982
112.701
211.855
411.806
251.527
1192.01
38.9132
298.663
272.317
304.385
157.675
244.955
62.9873
1175.02
20.0131
489.726
1031.6
9.64719
51.4335
78.8588
208.755
68.5317
41.9407
317.117
104.325
255.062
331.515
430.455
601.967
141.171
257.468
88.6493
44.0029
697.267
301.395
193.271
76.2884
123.94
146.935
120.336
187.452
654.615
404.914
116.517
1647.73
682.923
203.553
72.3078
823.375
245.536
59.0535
168.504
200.031
589.596
155.209
53.3945
168.36
430.8
16.2792
612.281
450.983
484.171
77.1077
57.4301
722.14
487.056
276.121
267.242
1078.23
566.854
563.983
579.141
30.43
459.404
122.854
115.289
187.668
73.4219
183.05
455.962
474.588
81.0196
303.74
320.968
404.856
214.384
107.239
436.68
443.186
91.3723
631.583
100.12
261.381
458.056
241.838
224.092
714.69
794.706
152.067
31.3359
157.756
441.645
97.4329
17.1978
37.9738
373.263
232.585
269.229
71.1087
633.352
513.637
462.979
54.1724
501.649
294.995
305.722
150.66
212.03
37.051
53.7296
812.325
109.182
203.612
200.031
126.298
303.2
86.286
373.282
499.199
455.031
122.671
191.089
84.0534
105.82
211.427
417.313
193.006
81.4489
1070.02
90.0551
231.802
181.237
1208.92
36.8687
396.058
1001.15
272.64
130.036
136.917
250.909
869.637
219.045
111.416
466.264
126.026
371.768
28.807
21.0801
75.5475
25.1317
45.6286
55.1409
129.587
152.723
85.0134
107.708
74.015
297.329
404.005
247.299
328.835
550.694
389.826
179.609
159.08
92.5732
1194.03
257.11
98.6651
915.904
153.347
11.2745
448.056
136.14
84.979
441.183
303.804
480.688
112.812
105.866
177.938
167.322
84.6878
33.2811
220.747
19.6379
541.699
35.2717
263.231
37.6246
230.898
222.721
1000.15
242.475
610.161
108.41
218.464
109.388
206.976
646.397
70.2407
942.857
506.665
323.062
413.899
371.686
144.043
240.511
332.996
147.621
955.746
73.4971
63.225
394.119
223.854
464.224
83.0746
611.975
113.749
183.097
265.52
48.9201
577.387
247.039
90.9805
315.305
258.057
443.873
154.636
115.439
37.9637
191.04
742.952
69.2945
58.1963
101.054
146.675
271.69
656.036
59.7126
304.229
86.2347
285.473
954.678
49.1245
12.2137
380.816
868.163
268.238
271.384
924.467
124.528
117.3
263.365
144.752
1244.51
79.9645
508.97
178.414
107.35
80.5067
447.001
225.365
180.047
316.131
357.835
471.002
393.17
90.0663
89.8558
701.672
221.949
24.9094
163.67
394.541
213.732
445.562
383.527
420.171
130.615
199.078
121.396
75.8642
771.735
295.972
424.346
172.139
84.9419
156.235
322.974
502.055
205.305
124.197
571.064
1595.87
404.155
180.039
41.8412
1140.65
148.964
86.261
376.616
365.835
567.633
606.514
233.838
397.226
676.06
555.467
322.664
259.914
92.1989
189.282
196.478
191.902
118.552
346.166
87.5127
41.9303
118.754
415.261
1411.31
29.3308
35.9365
463.65
1421.98
172.221
12.0309
128.923
688.931
169.031
245.163
378.556
280.156
329.913
774.759
108.661
184.64
578.926
634.448
538.85
199.507
250.793
100.149
177.809
891.636
243.452
139.333
829.481
781.326
218.776
372.07
711.208
36.0112
47.2029
25.7738
289.182
670.391
525.452
252.428
72.7031
293.543
60.8593
761.87
69.0777
400.719
236.445
92.8208
118.626
98.0989
37.8349
10.251
503.94
63.6805
554.54
275.393
123.045
243.64
349.893
20.6768
875.461
183.495
324.754
105.932
91.6562
23.9348
112.572
531.641
218.075
66.4442
24.6676
309.983
108.691
129.068
382.749
43.0278
302.943
304.644
242.287
374.857
180.038
207.826
466.726
215.253
870.279
65.4215
450.965
631.446
98.5249
636.256
222.94
236.45
46.9794
83.2576
258.682
394.184
283.951
509.943
318.851
400.066
117.885
1126.88
396.701
976.187
418.349
201.739
19.56
196.919
76.8569
110.13
17.3358
70.789
39.3463
358.018
501.423
22.8876
273.599
637.639
152.287
556.296
374.769
174.298
668.309
1144.53
619.849
812.542
1164.18
136.737
301.167
239.705
545.062
131.728
215.872
84.5613
41.0489
125.078
113.005
10.8886
887.751
28.9423
572.728
730.6
175.542
144.188
195.513
592.035
134.191
42.3456
182.612
85.2984
31.6377
511.955
448.689
127.629
102.471
473.72
14.0072
17.0032
84.9208
181.381
467.103
202.846
425.405
27.0274
97.2284
42.0142
126.452
59.9329
174.596
374.462
199.217
30.5997
11.8131
132.087
305.339
132.265
618.037
333.873
827.911
41.5524
107.039
565.863
292.067
234.309
113.717
276.32
90.9837
774.829
305.024
275.427
181.851
661.088
88.7706
68.6967
151.635
357.807
133.736
252.692
326.998
36.4982
561.974
536.397
155.157
83.7631
801.221
18.2145
335.283
245.184
297.79
33.9392
147.096
895.22
136.793
328.29
136.164
75.3967
447.708
407.678
461.991
30.5012
48.2616
524.757
58.1324
1454.7
312.107
155.091
782.573
401.243
63.47
89.3467
16.0586
293.14
802.657
381.313
427.352
638.773
315.115
319.756
443.702
379.507
170.663
32.0073
303.985
40.4837
490.327
400.173
222.192
118.039
237.641
149.214
93.0894
170.569
275.074
290.539
331.882
135.419
197.321
102.828
95.7037
55.0042
107.898
398.541
109.554
170.329
272.926
663.953
726.991
1142.9
295.371
107.646
339.635
50.5233
185.74
279.395
84.028
94.5878
196.498
104.736
77.1672
291.25
269.283
57.2188
22.8808
23.5632
113.997
261.257
88.8611
335.547
370.693
107.333
162.282
257.662
370.173
28.6529
312.248
56.4809
104.463
227.023
1075.12
117.097
239.111
630.428
204.295
728.851
125.489
33.3621
215.923
857.421
173.299
53.74
125.145
225.181
448.867
36.3927
25.8194
455.887
931.316
258.866
112.99
315.609
285.95
26.0369
172.041
73.3382
38.394
251.041
790.471
148.787
68.1143
865.032
484.789
84.8567
991.345
1115.32
31.0225
544.636
92.8083
923.754
63.1527
194.482
257.923
48.4793
298.249
77.7609
358.315
514.82
66.7074
22.866
26.5139
110.992
216.227
47.2117
266.131
167.806
200.525
103.335
79.6607
19.6694
45.1794
239.6
174.347
60.9509
472.044
125.855
97.0593
77.8368
998.6
12.7097
117.509
23.5999
159.974
195.764
190.752
108.822
550.313
363.341
346.027
60.6692
275.816
198.9
214.308
27.1877
24.2044
144.961
1547.66
222.864
76.122
222.363
24.3461
600.308
413.345
284.537
238.831
277.063
464.23
291.999
423.51
21.4208
94.2747
336.237
257.757
462.323
635.777
260.115
249.59
348.115
163.326
112.566
84.0089
116.982
215.039
212.894
510.408
634.371
89.4527
169.29
61.1105
1615.9
778.201
138.4
694.765
74.8321
138.713
795.576
1161.77
511.991
185.963
262.318
210.498
166.374
208.682
76.9074
1742.97
284.455
237.701
90.2869
320.77
528.511
701.706
289.917
748.78
274.384
534.142
171.921
271.623
19.8801
34.3539
190.307
130.022
233.707
50.3522
258.875
324.376
194.74
551.059
200.783
274.096
326.32
114.35
343.996
443.318
155.872
408.661
188.246
456.086
80.1936
423.046
48.4459
312.273
629.211
49.7251
107.759
74.3972
331.448
413.116
491.931
1171.41
191.075
160.837
199.332
204.081
493.927
349.601
348.115
506.552
255.484
603.955
38.4861
200.631
159.71
259.347
1173.32
75.674
172.859
290.516
394.52
53.1752
30.7124
104.655
192.734
105.741
63.5853
217.236
225.698
215.055
160.936
584.491
224.223
499.121
906.056
479.099
139.093
41.6707
238.636
272.49
304.978
337.227
869.654
110.448
176.651
254.694
311.199
57.6017
609.556
257.06
378.705
353.258
142.052
391.118
33.3192
185.71
553.11
377.954
260.725
115.6
130.95
259.297
288.565
913.193
553.62
360.89
168.429
46.9177
237.959
343.889
552.217
38.103
894.306
314.893
123.295
81.409
189.121
41.862
120.976
183.567
71.4677
140.425
231.236
376.959
111.331
323.486
648.013
160.28
172.914
123.596
928.042
57.402
372.922
78.8683
129.881
176.556
53.1422
250.845
178.354
232.965
31.7661
71.4964
72.4994
51.4487
44.7541
86.3035
227.78
862.917
467.263
507.243
40.5033
145.832
171.008
337.565
289.215
86.0262
413.858
529.161
472.409
583.561
144.152
79.5936
86.0852
674.267
1211.2
587.278
565.409
868.894
91.5703
1143.85
389.908
304.46
409.268
65.7715
194.106
393
226.719
250.258
140.178
676.452
386.149
22.5038
172.53
628.648
111.083
234.801
531.948
327.535
175.518
318.345
134.98
150.833
448.622
886.195
50.2675
168.302
305.938
293.087
40.6154
586.206
563.947
546.312
34.8749
226.981
580.81
192.254
67.6853
552.354
67.6213
235.13
27.1305
502.779
331.449
378.456
204.002
347.059
241.381
243.271
856.488
117.785
582.412
456.597
462.933
335.631
322.11
66.6602
43.0865
432.069
203.976
554.7
329.631
154.588
65.5822
40.2246
688.78
157.939
175.984
481.505
423.055
104.445
142.234
507.138
334.962
548.14
94.8335
806.072
173.885
19.1558
112.324
35.9773
194.476
255.621
167.614
515.549
665.351
223.512
346.3
1034.01
428.354
982.028
1382.6
1143.98
719.027
1181.15
223.921
129.983
29.98
224.798
150.807
90.784
25.2498
834.08
201.231
84.9167
187.826
181.959
33.4302
19.7783
441.595
130.014
212.236
79.6216
122.401
392.516
356.055
1104.37
47.9372
185.295
98.7407
110.771
655.139
223.727
855.358
723.286
113.973
47.5788
328.727
101.673
209.274
524.516
42.1237
18.7767
60.1843
367.949
254.697
147.343
314.22
215.049
229.272
226.691
187.045
157.245
701.051
331.748
210.929
409.185
109.041
44.7605
156.409
713.315
127.199
203.351
48.2386
40.1025
186.979
366.786
380.506
72.0668
110.489
65.1177
142.914
744.716
641.986
130.693
105.217
42.8872
87.8344
227.249
822.752
572.637
417.36
92.6058
75.4188
499.956
146.507
322.361
57.4754
86.2684
123.472
206.385
80.6581
999.744
365.648
160.101
418.275
1020.29
282.542
138.208
173.28
42.7882
468.741
350.748
169.118
211.616
140.14
50.3879
391.427
423.57
1195.23
68.7195
46.1582
798.361
177.805
354.502
83.3251
427.789
302.476
606.211
277.237
61.6753
259.749
7.90838
159.911
34.2258
153.949
305.414
82.1544
515.562
252.119
501.827
335.186
65.8271
394.616
29.8877
360.997
611.596
25.1354
22.2638
243.882
614.795
108.301
175.576
168.876
891.755
57.5206
185.906
48.8387
121.177
192.369
69.1781
63.7679
332.297
190.008
219.604
26.2545
81.851
68.1973
1068.83
640.363
74.9342
60.1285
272.006
405.638
593.57
347.831
308.701
1212.41
93.8247
1337.84
726.886
157.032
928.689
33.1607
77.2903
118.677
131.588
412.785
205.634
431.392
95.9992
538.269
434.689
647.894
183.124
748.897
56.5021
58.6471
217.638
506.233
258.461
335.835
870.768
66.8354
135.703
159.14
266.04
69.7808
104.108
300.309
1865.65
715.527
797.706
36.2948
1106.31
350.418
1159.17
362.205
590.541
16.4063
70.9425
56.2422
309.137
259.196
21.6388
173.894
294.203
172.816
438.046
52.2036
415.261
887.427
28.8982
134.223
289.988
248.072
219.416
854.3
12.9895
307.759
600.843
522.071
447.191
92.7526
171.413
165.522
353.886
150.696
117.164
137.833
465.283
310.118
203.536
101.785
403.158
544.472
50.6946
162.931
914.648
80.8181
170.822
18.4236
19.1768
634.053
194.592
346.88
708.964
228.723
204.767
43.6376
109.099
446.957
698.226
775.638
1317.87
216.382
220.087
149.494
150.599
1079.71
131.852
325.144
79.4325
2166.65
34.6095
95.9131
674.21
740.186
30.8185
260.27
187.068
130.243
485.1
106.426
622.357
206.016
497.934
208.298
61.4187
388.066
649.784
928.025
228.887
413.259
271.265
669.245
68.8062
173.59
316.957
67.2421
884.26
623.437
281.199
31.4919
54.8009
387.187
306.751
328.494
188.461
336.339
41.9632
637.49
391.672
265.417
504.719
697.624
132.607
164.761
479.807
251.885
159.145
15.3799
691.49
786.19
127.53
621.966
276.371
344.867
425.383
359.873
516.666
90.7537
144.657
166.883
311.185
144.605
299.567
218.495
290.102
88.1605
212.235
121.269
972.043
863.974
186.375
84.6737
41.2064
865.123
452.283
220.35
78.0238
339.551
103.548
350.003
190.556
53.1707
147.776
552.803
131.506
980.178
29.8996
381.022
97.033
606.929
313.807
180.218
383.486
39.6924
195.04
226.166
738.759
1098.35
420.348
47.6516
221.788
303.162
23.7549
88.9057
317.396
205.759
387.339
186.756
153.442
365.828
143.753
147.59
544.932
55.7665
238.973
32.8067
45.4469
38.4592
291.73
123.761
57.6584
21.8471
437.451
592.262
13.8004
68.9706
233.243
224.259
122.115
103.636
9.61329
358.2
67.3594
43.8702
145.448
101.39
168.363
328.228
71.1655
119.66
51.852
22.858
53.2548
181.411
1115.79
1249.69
914.046
144.24
475.24
45.7521
169.337
63.1134
977.916
136.289
355.744
164.367
154.251