38.705
54.6234
27.1434
70.1871
14.9648
23.99
28.6785
50.4245
49.5198
40.5705
31.3512
139.439
104.463
21.2048
51.7943
79.7778
354.409
60.4746
37.9467
56.5551
200.798
54.9034
26.5134
53.9377
35.3204
14.5779
86.8933
23.2496
17.5099
46.4724
34.2246
111.606
49.4797
69.9095
111.641
75.7365
71.6984
51.2335
31.9641
111.87
123.863
128.886
41.5122
29.5024
45.1853
28.023
29.9153
111.505
129.177
33.4117
30.1697
51.4909
57.5661
42.714
102.27
77.8263
59.9251
58.7111
67.0458
71.327
45.438
33.9385
33.6531
23.3053
44.5139
40.1755
51.0712
67.8393
41.5446
17.592
138.974
64.1052
16.2407
30.3835
42.9358
25.762
155.182
26.6598
60.4937
102.834
45.5211
58.629
101.173
41.4094
26.7493
192.647
49.8372
41.7054
44.7343
72.2818
39.7353
29.7154
60.4606
35.14
91.3078
66.3101
22.7048
17.7231
135.931
28.877
68.6705
30.861
30.031
73.9392
48.323
138.282
156.355
29.0698
79.0158
17.8752
67.4656
114.577
105.059
64.4425
64.6507
95.1588
127.829
56.743
33.1368
83.754
35.7547
61.3732
55.9022
94.3829
40.5307
40.6012
208.362
73.4799
124.831
106.287
34.6365
18.0552
67.779
36.4855
33.2529
81.5164
16.2996
46.1668
63.3275
57.4342
55.4732
50.981
121.112
64.5974
58.2926
44.9181
103.907
29.4068
225.556
31.5341
112.675
37.3572
31.4346
48.4924
34.6376
118.705
46.6195
52.7633
72.3395
128.617
33.2028
40.5429
34.4101
70.9269
123.902
73.1425
36.2497
52.3574
78.9327
120.154
50.5828
67.3496
34.9849
44.7631
54.6846
16.2569
45.9387
43.9034
22.9964
69.9424
42.0673
35.8269
70.9269
50.2269
67.7016
75.1188
47.0307
23.5209
153.268
69.6579
87.7771
31.4227
50.9674
21.9689
96.8224
71.8243
79.9618
85.7466
36.6262
60.426
30.6678
44.6994
42.7352
81.4468
24.5437
78.3244
30.4756
51.5613
70.6047
38.023
40.2493
55.9423
47.1325
143.39
24.2326
43.2838
35.469
38.2055
49.8834
35.8169
64.7291
47.8177
90.9715
40.4482
17.244
139.218
53.5653
42.7545
90.9069
32.9992
79.5355
37.0164
116.739
63.3506
77.6953
17.4669
34.1306
19.6511
176.929
23.1743
30.1165
36.9925
51.2187
104.777
78.0819
51.1521
59.3787
26.0086
20.7653
22.9472
150.489
37.1894
65.5806
20.7803
52.2347
42.465
96.8799
14.9893
106.324
27.0042
47.0721
75.4225
75.5608
104.743
29.5845
73.0706
55.9067
38.2984
33.2987
23.9201
34.9383
107.266
66.6044
66.4221
58.2237
203.595
55.4844
97.3526
56.2405
89.5183
37.3373
71.7089
22.5243
86.1354
71.4537
76.5968
36.4049
61.0513
199.059
172.713
54.8583
95.6507
38.6259
56.0402
20.7976
16.3215
125.788
59.7293
184.262
135.561
22.3267
33.3161
43.7568
65.9486
22.3824
81.2681
21.4455
36.4297
40.4025
125.513
133.033
59.0144
35.5531
67.2479
24.0809
96.3544
37.2367
191.143
28.4569
33.3572
120.621
41.9106
20.6525
51.4092
54.7713
63.2771
112.833
53.3119
27.931
58.0445
71.2724
27.7183
45.8091
19.1222
57.2406
108.351
53.1769
74.0581
34.4349
66.3535
45.5863
34.7798
37.8118
24.4137
44.2322
99.2253
129.904
25.9524
72.0316
10.9852
66.6224
75.8737
77.315
36.1465
69.1729
229.292
46.5715
130.077
68.699
21.8859
43.8915
60.8629
40.0824
14.8638
37.6829
10.5202
133.896
36.9898
58.6718
61.4401
79.1417
27.5112
37.4383
125.955
56.7056
165.423
36.8028
34.1108
110.058
65.3857
97.2486
46.2495
47.9439
75.3025
106.935
66.2774
40.6611
43.8726
86.8997
21.4071
86.8796
168.801
55.2405
116.953
48.9755
50.9215
131.068
173.162
74.3122
135.306
170.245
50.8606
88.6295
150.573
13.036
88.1548
72.3222
60.7914
114.76
40.1408
76.0107
48.8882
115.102
47.3489
37.404
57.3892
19.1851
16.0617
40.4112
19.8841
22.9176
23.7315
43.9387
19.5471
35.1655
39.91
57.721
30.7245
153.851
152.065
97.2987
76.3403
99.6817
31.4938
91.5607
39.4526
63.7381
62.6005
38.6332
25.3726
83.4444
34.1278
88.2279
34.3104
22.4179
98.0643
107.597
49.3776
73.495
125.608
266.629
41.0437
30.7252
41.7995
27.9896
27.8502
51.8591
42.2147
20.3493
38.319
110.611
43.6535
60.5151
121.551
17.9673
41.1386
17.7116
95.7603
107.252
107.593
35.5689
24.2034
71.892
51.247
45.106
54.1005
43.5239
75.8159
73.4228
53.8276
56.2538
35.9556
42.9264
102.406
157.466
64.1344
185.143
30.5385
26.9526
31.3502
42.9633
59.6757
34.0575
120.802
87.5621
59.7449
26.3051
41.1038
66.8182
47.9108
73.025
53.4099
140.935
35.7039
84.9164
95.6997
80.2607
28.0475
15.8455
28.6285
50.6806
129.628
69.6169
32.6789
27.1935
27.4855
87.9331
67.6774
31.1862
87.4727
29.0279
48.9926
46.8227
48.9406
76.6619
108.313
29.2965
86.6355
55.0506
37.409
37.8487
27.2442
106.758
118.257
88.2909
35.2988
44.7995
84.1229
19.8579
23.5524
113.308
98.4045
74.1398
18.3601
102.552
99.2508
63.8028
53.8624
107.762
46.822
10.5304
50.18
109.057
28.4156
71.2255
62.2243
41.5539
33.7934
133.818
40.1986
20.997
28.0972
88.0411
21.1719
42.3896
40.1435
222.985
28.0236
63.3485
50.9896
55.5965
98.0204
14.0079
34.4028
139.225
119.686
120.291
73.9742
48.1201
32.7076
24.6977
68.4501
131.382
38.9016
29.7282
127.857
106.65
45.2719
36.0772
35.4041
23.4426
50.3294
20.5218
80.6785
51.4964
16.2755
108.933
119.722
50.3301
91.0967
65.5419
35.7331
121.594
76.0945
58.8502
104.503
31.4796
49.2369
141.176
47.7515
158.111
57.4734
55.4994
37.6632
90.1115
59.3879
163.187
184.516
72.6054
83.7772
42.9559
35.3851
51.0068
46.7778
35.5732
76.1967
32.2196
14.3408
63.392
48.1983
106.918
151.488
40.4642
40.0566
57.2433
176.343
59.1559
14.3331
122.873
147.339
132.562
53.0769
64.5442
45.7301
39.7747
63.349
81.2011
56.0647
67.2836
96.0601
49.0676
27.035
18.856
51.1209
54.5542
24.0973
28.1056
21.6906
84.9876
82.3255
18.6219
34.0547
47.1847
184.844
53.6155
56.9976
86.6109
33.4921
35.1785
48.5585
30.7181
92.747
17.5251
46.1982
111.445
61.2169
47.6683
54.1284
59.3864
26.2939
149.601
74.2567
186.895
34.004
87.2361
21.1885
41.1345
69.4835
24.5618
234.212
34.0976
89.8287
89.143
157.388
33.6902
24.9947
37.115
158.327
33.27
39.7113
32.4727
83.9371
92.5646
59.9438
12.9065
112.026
77.7862
52.791
64.8157
210.849
49.7704
35.2022
62.2147
50.0423
34.4831
206.778
36.2559
19.6027
94.6407
110.75
54.1221
53.6671
120.399
72.469
65.3646
76.3092
75.4986
66.2507
30.6301
191.675
53.0479
125.337
71.1314
98.2087
28.759
76.3039
140.162
17.7829
58.2628
93.041
22.9578
105.531
388.948
108.536
39.1618
21.5503
53.1767
42.156
29.7906
41.0757
20.0356
105.526
45.9556
58.2889
31.2931
18.1865
54.374
28.5378
37.742
80.3939
57.2806
32.6451
23.1565
24.9188
39.0889
116.227
69.301
98.4004
72.3343
143.173
136.349
12.8694
31.3859
39.4525
39.9516
39.537
137.104
71.6262
20.9799
34.2254
104.926
92.7479
157.497
17.4972
14.5582
164.237
25.7404
14.5844
80.7535
189.265
52.662
86.7014
76.0632
16.5475
111.013
33.7675
80.1952
41.506
129.596
151.655
62.6337
21.2579
107.052
79.7991
66.0771
50.9591
20.3602
26.2199
24.1636
111.016
80.4318
33.9619
38.3132
124.742
71.9637
34.7031
55.6949
34.2703
77.2165
74.0277
19.797
62.0489
24.7386
110.203
26.1375
24.636
68.444
145.21
29.5178
63.1824
22.5315
57.2177
42.6926
23.6801
57.8769
24.1657
60.2991
36.3439
29.1424
61.5977
58.3565
30.7368
54.2192
55.8555
47.0592
119.953
185.254
88.0871
37.1189
179.901
70.5032
30.9155
36.2558
156.131
12.5374
46.561
54.2276
28.8209
125.542
89.3525
187.802
33.4877
203.128
96.158
15.5405
26.5233
69.9304
83.9435
37.2095
32.297
64.2482
121.517
275.034
47.4116
180.53
32.3762
32.4565
28.993
32.3188
98.5545
119.341
99.1217
120.62
17.7815
45.1878
19.9712
46.7748
120.683
62.2122
43.0869
55.6283
19.7635
169.72
27.8463
28.817
41.8763
18.2212
40.9306
9.19896
76.3607
35.654
104.835
29.4594
69.0591
23.423
76.2798
55.2809
30.1528
205.748
56.5284
38.6052
40.0199
63.9053
91.0692
114.87
178.338
162.182
48.1776
83.2875
80.626
22.2742
50.5288
119.418
32.0949
175.006
29.9846
34.5854
136.799
237.147
106.9
31.4449
204.455
84.1087
20.531
31.321
50.1217
35.0454
34.0764
66.6099
38.5056
46.1011
74.7847
65.7351
77.3515
92.7027
122.091
131.536
16.0772
44.3216
70.5324
93.5218
38.0045
129.91
30.1968
45.1548
84.6223
112.239
25.0957
47.5231
30.941
173.083
38.2381
22.4072
50.5254
99.2232
27.0659
27.2402
59.7435
58.0081
20.1983
33.2128
55.9364
21.376
77.3667
48.4144
61.0254
61.3228
110.18
49.3423
30.9255
28.0209
21.8261
52.2983
79.1191
34.3483
40.7428
56.2139
20.0737
21.398
67.1499
119.456
82.5702
68.0992
49.6879
27.9304
23.8234
78.8834
63.9128
57.1695
26.6978
111.359
35.7183
136.666
156.073
41.3166
84.1938
166.02
172.45
140.307
56.4595
29.6589
132.944
50.8635
22.242
205.912
67.2581
142.157
64.5822
54.3604
73.189
65.4286
68.1989
55.8631
69.6029
136.869
32.7912
35.8296
97.0245
32.3551
39.9171
27.0574
21.3256
44.3447
141.317
53.876
19.1024
38.7286
115.716
38.8166
20.3245
25.2471
37.044
47.2077
93.2478
17.945
21.8187
121.343
74.3545
46.6657
106.13
73.7542
27.5392
24.3772
221.008
51.0746
64.0727
47.4623
92.8195
107.718
103.647
33.3302
97.3357
45.4858
43.6781
54.5462
58.983
59.9074
23.9611
50.7331
45.8045
90.744
23.465
25.7081
33.4766
102.777
87.3903
130.782
85.1919
23.274
114.321
61.2573
53.0257
221.356
96.6659
42.9612
93.4425
18.7513
41.8591
99.8098
78.6868
126.818
35.2247
47.9898
35.4585
55.4263
23.2269
111.607
57.5853
69.1736
91.214
32.5057
68.6739
83.8104
15.1807
147.445
48.7767
58.4807
218.257
142.824
41.4324
190.05
25.0783
26.8822
131.127
41.5321
28.5378
46.0315
101.268
112.224
22.6761
90.766
108.792
121.015
89.2837
84.4952
42.2287
43.417
92.7288
76.0444
67.9653
50.2442
264.263
74.9746
22.1119
48.2749
74.9633
52.7427
56.9131
43.8857
55.4472
41.7887
33.2389
66.9786
49.9374
52.5826
139.304
28.4983
67.1207
15.267
31.259
38.2101
120.222
20.1307
84.4961
15.5982
24.7751
34.4956
74.1976
50.0341
18.3024
103.803
105.4
87.1045
50.432
172.573
13.7983
83.501
36.8148
115.616
58.2334
58.1453
127.811
18.1473
127.479
122.217
88.399
118.278
67.5132
23.8605
33.6188
45.5222
60.6247
91.1735
32.409
38.713
36.3158
23.8816
25.8196
104.117
64.4401
87.1416
31.0142
17.6459
74.3082
208.198
73.4278
94.0952
31.952
80.2956
25.7596
63.682
51.4395
17.6634
65.5884
74.5768
45.0617
66.9111
22.035
23.7082
25.5398
158.771
27.9775
91.5088
78.5786
70.2071
66.0124
30.9049
20.9455
47.0265
42.357
35.1385
66.4023
188.568
100.509
59.598
82.5514
133.763
59.1401
28.3013
91.0934
76.3398
59.1759
31.4625
150.844
27.7214
61.5444
57.4722
38.5159
71.8072
21.1469
81.484
112.337
23.6713
81.0511
93.6788
43.5539
56.8202
43.0158
91.8619
70.4974
89.8234
56.9632
49.7223
27.7433
24.8205
59.8078
90.8263
153.652
31.012
50.2249
50.2761
119.901
85.1341
17.9801
54.5642
121.05
13.3742
36.7941
85.609
15.6686
12.5909
56.3954
57.2236
23.5824
11.6736
128.066
148.796
56.2943
87.9134
24.404
96.969
30.6796
148.01
89.5414
41.8759
96.0812
42.1623
37.0251
58.2966
64.6904
27.5953
150.79
168.85
35.9228
65.9754
67.1591
33.4411
31.578
42.5646
32.4256
124.665
43.8012
116.765
55.7882
9.27446
82.4948
41.1536
22.2645
70.487
36.3546
46.8384
19.9459
21.4323
49.0733
64.7947
31.9387
30.9663
54.1746
57.4599
87.8542
11.884
26.2299
81.7036
53.5268
100.945
13.8938
24.306
87.4723
52.8214
49.8332
90.9936
27.0996
185.837
66.7182
53.3018
93.8425
83.4585
52.6931
117.279
58.3166
120.108
85.1808
52.7359
60.5707
131.66
31.0004
45.308
38.3289
80.3939
51.0668
39.498
71.0942
37.1297
60.535
24.9085
37.9632
23.749
82.5345
65.2123
113.03
66.1503
173.508
76.5272
98.6537
30.2096
28.6233
78.3069
46.4523
20.9876
37.1188
31.9833
27.9822
75.0003
75.2469
72.7649
57.1971
88.5973
30.5234
120.613
54.2594
30.3783
48.4731
89.5802
68.957
253.698
35.4068
14.0468
37.0258
41.3298
141.444
10.5471
155.265
91.2913
114.561
25.6358
37.3482
35.1193
41.6862
60.3977
89.9946
108.302
72.0964
317.002
53.9044
134.179
127.069
135.487
69.6418
56.8732
128.187
98.2845
16.7442
24.0014
16.9222
106.944
23.0167
89.8063
20.8829
79.6699
43.3859
92.0481
30.3644
51.5186
29.5725
266.882
21.0063
38.0559
64.0172
61.1547
37.0273
132.338
99.7677
137.543
72.1917
31.958
24.0592
16.4799
66.6799
47.3921
33.8755
47.2019
138.525
43.5483
27.3679
44.5609
154.94
110.333
50.9571
71.3649
78.2034
175.415
27.1009
23.6223
25.5134
49.7116
30.3845
50.2315
172.572
61.3856
47.4595
112.245
105.835
153.657
120.313
135.429
68.346
58.4355
112.769
34.1748
29.0955
14.1743
26.7093
62.6575
93.4915
61.4958
22.8052
18.8953
129.527
35.3263
50.7721
117.184
18.0977
12.2589
45.8806
210.997
55.455
57.4362
72.8458
47.2868
47.9296
71.4075
84.9725
42.779
117.461
22.1097
32.8049
90.8683
114.85
71.5318
103.306
86.5488
22.2455
21.8371
36.6751
33.0682
60.8566
209.535
40.3193
17.6732
36.338
95.9288
172.236
91.5036
44.3647
100.805
126.12
42.768
254.055
29.0052
28.7598
34.1892
109.505
27.6866
56.3177
64.055
164.896
18.2803
153.233
45.9742
24.643
44.9337
102.574
78.91
37.9564
43.9875
18.6382
23.7991
50.0821
54.2346
53.968
100.431
27.7748
71.4161
52.5513
90.0864
25.119
81.2173
67.6851
79.9836
41.592
114.569
42.2429
23.5979
122.044
32.0363
13.1244
35.7738
44.9385
90.9197
71.2744
16.486
43.4479
111.368
67.1336
29.0078
63.2895
60.3048
44.963
58.8088
29.7051
26.2329
32.7393
70.4427
184.675
51.4281
21.4354
64.3445
91.8177
37.6721
55.6711
29.2998
25.7806
144.197
170.623
57.5099
66.3346
28.8142
39.8917
134.328
80.33
16.9668
45.2609
54.7955
70.0127
47.6067
28.8009
38.0302
11.3637
73.6508
122.851
62.2447
82.5964
72.9979
41.8009
71.9828
344.227
62.7802
154.847
61.1567
29.3818
44.6286
75.5329
24.133
25.9577
22.9349
77.5306
56.7765
45.3908
37.9733
41.8666
48.8554
101.98
23.6126
45.5327
30.8683
95.4677
112.696
38.7464
83.5153
68.7835
83.0358
78.048
53.3029
97.4302
69.3424
42.4078
52.9698
33.1518
53.2088
33.0368
85.2576
29.0506
69.1646
24.0044
62.5747
43.172
108.462
70.4129
56.8468
25.5484
67.4398
30.6985
61.2443
41.5837
48.2569
169.915
51.211
73.814
18.4804
29.5846
34.8424
223.484
90.9136
94.1864
68.3012
32.5252
26.8772
21.3519
145.862
11.6006
48.0304
42.0828
33.7484
112.259
126.057
35.754
116.932
74.6401
18.1948
192.816
55.8468
134.474
28.9269
148.456
98.3353
96.648
30.1345
111.401
78.1716
36.6148
56.5063
17.6496
136.719
99.1933
104.262
40.2564
18.7238
47.263
17.65
75.3926
19.7039
32.3774
25.2637
48.6189
52.9461
76.1998
83.2518
35.0219
85.3035
58.8391
101.589
71.157
68.2811
181.339
57.2822
59.599
31.1859
46.1459
125.206
61.2881
43.2319
101.054
80.2279
48.8524
13.5221
218.962
40.6325
30.1733
33.0683
32.6971
71.7604
43.5554
86.3677
20.4614
106.477
52.404
62.6579
24.4438
40.2127
30.0432
101.654
22.5505
39.3147
37.9641
92.8752
16.2805
115.554
40.643
50.3732
173.393
49.9077
107.862
37.2141
109.639
34.7485
54.3691
75.9381
21.8948
81.5548
62.8131
25.2654
110.995
95.5662
37.7801
103.508
76.4654
119.225
50.2244
90.2014
49.5198
55.8126
104.302
108.686
23.1279
68.9479
72.4071
160.622
102.642
100.682
58.8989
26.2314
76.3816
29.1014
28.8887
25.4612
110.721
63.8148
45.74
33.4373
38.8832
29.5337
32.3929
41.1665
70.7579
81.7893
93.9757
25.5463
33.8363
24.5442
75.6313
33.5335
62.4489
28.1993
46.6513
17.2732
36.859
46.1172
32.154
66.2005
71.5339
96.8887
39.7986
23.2193
187.965
126.239
88.994
44.9449
12.5623
19.972
81.2555
136.382
38.7907
65.1121
100.158
21.4704
155.152
60.6483
34.3137
11.047
58.0405
20.9392
41.407
25.5496
175.038
33.7725
42.8574
76.4674
89.3485
36.686
41.0821
28.2151
166.034
82.3526
24.4786
97.8641
53.5392
93.2313
25.3702
48.2791
121.865
157.803
29.6789
36.6359
88.8391
109.312
97.3359
374.102
103.435
17.2616
99.0454
157.619
54.4466
70.0562
90.9722
195.314
78.2757
47.9667
34.2598
23.1899
37.545
18.0777
68.9691
33.9579
57.9243
83.7306
21.8895
50.1827
77.5111
95.3424
34.9143
45.3629
60.7176
50.8275
93.6816
51.8026
38.8619
46.3537
181.152
64.6265
72.4691
35.3003
116.361
12.6776
46.3596
23.7335
34.0749
89.8948
75.7665
111.894
15.3101
69.355
273.088
34.4059
31.7247
150.617
29.8834
27.8879
97.9046
188.417
48.9739
45.2874
21.4148
52.7529
88.0796
62.7241
19.5681
56.9066
47.3392
71.15
69.7403
59.2978
64.4242
123.732
22.4496
12.1344
35.3346
16.7559
125.983
12.7868
66.2356
35.3054
50.9633
109.346
22.1428
86.5749
51.0916
110.005
22.7896
27.5895
110.276
73.3518
66.3689
46.069
49.606
126.618
22.2266
38.2306
33.2733
87.8357
22.4818
82.0497
63.9163
52.8836
40.8894
25.0622
58.7556
29.4168
25.0418
65.2685
28.4853
36.5954
83.4376
49.9673
38.5064
71.5991
138.812
18.43
36.7512
94.9228
190.688
24.7797
105.561
124.698
158.042
98.5477
24.6369
16.3428
32.6664
238.172
97.3503
61.9983
47.3273
42.9739
77.8739
70.8144
52.4174
5.17734
79.3749
66.1929
23.3185
25.1309
175.842
35.0608
103.571
41.7467
29.921
26.4191
13.2742
26.2122
22.5884
67.5747
293.501
23.6806
72.2556
177.482
93.5245
16.9562
95.643
165.041
38.5807
87.1061
135.306
120.464
53.7974
12.1244
146.172
81.8559
67.9437
115.629
19.1141
17.7649
40.2135
53.3011
54.9485
46.0824
82.6793
132.18
59.2129
55.6569
64.5402
51.4522
77.597
55.8286
36.957
50.7221
45.7992
75.3227
28.0698
89.5946
17.2441
11.2472
40.8753
65.7029
61.6461
80.3218
135.015
171.558
92.5641
43.3862
59.3897
76.1584
40.3203
28.2378
40.7107
38.8125
41.9601
15.24
42.5051
20.2261
76.6729
46.1598
245.16
32.4188
123.195
57.1036
21.3288
69.4535
161.47
51.9414
55.6178
57.6583
104.535
58.2442
56.9491
26.6561
50.1037
41.1949
27.7928
46.0915
189.805
33.3128
112.86
45.0169
95.7185
129.027
52.7906
39.8036
31.6725
132.105
42.71
59.8093
38.8179
140.964
25.4205
16.0842
86.534
25.7434
160.305
114.494
35.9738
28.6023
106.917
109.139
126.468
30.0076
147.306
65.1095
56.0378
40.684
88.1471
63.4608
18.4923
17.0242
47.9051
36.2665
25.2886
67.6968
53.4837
19.9506
97.6057
59.5851
46.9496
77.8593
53.3788
109.216
29.2824
110.45
141.039
70.5701
11.934
103.372
42.3269
40.9381
50.4057
57.3056
103.188
30.3676
38.241
87.325
54.2772
18.4769
101.545
88.5002
91.646
102.64
173.736
77.6607
8.18812
60.8981
111.475
62.2086
170.056
13.4525
85.4594
30.3513
97.058
42.6032
38.9926
61.9395
38.4387
76.8045
148.435
48.5572
51.7132
31.5009
53.5203
46.5986
41.7258
105.577
45.9775
29.3781
139.424
68.7526
86.4128
86.8497
18.4457
23.401
97.424
175.518
33.6606
46.7072
21.87
42.0643
203.206
68.8919
182.964
49.3164
46.9055
40.7705
39.2331
25.0186
89.0412
32.0115
65.7177
203.764
38.8122
18.1493
19.4634
69.5877
51.6036
42.5155
15.1017
41.9682
29.7282
65.2981
42.5375
42.2322
124.496
21.1537
56.2142
27.9743
75.8003
28.6622
22.2986
27.6574
73.1094
25.1791
38.1636
62.7579
24.4838
26.3396
25.4703
33.189
34.3127
132.014
74.7499
72.7385
100.617
52.3345
26.0336
45.2965
45.9125
65.9967
146.872
23.7
61.6016
21.7353
63.0844
120.213
57.8565
114.527
70.2248
85.5156
32.6877
33.5584
72.9656
9.45465
59.4344
39.3029
23.1036
16.4472
11.7651
38.4734
9.36964
49.0687
56.1585
88.9966
62.0982
76.928
37.8844
135.659
59.4433
125.354
136.279
166.94
67.2339
120.144
31.786
87.7671
19.5527
128.938
19.3301
152.62
82.8436
84.9665
29.9697
113.411
32.7676
22.2783
20.8255
48.0361
93.0339
113.136
97.1573
12.4845
19.0196
40.6841
51.1089
225.872
23.204
73.6901
134.755
16.4324
89.589
66.1031
28.9292
106.307
42.3415
44.7985
40.2096
49.6774
75.3362
22.7275
107.891
16.8923
82.2585
24.9254
130.841
100.791
46.3474
127.317
21.3717
83
45.9192
44.017
39.6391
31.0407
49.349
141.632
38.6991
56.5326
23.8197
47.8273
58.4716
57.2822
93.5457
60.2605
25.1834
25.6246
85.3692
34.9618
30.5317
16.8857
107.498
107.406
68.9682
27.0349
35.4339
19.2745
60.4612
90.9562
79.943
171.553
88.8834
87.4289
68.3086
15.5207
49.1849
97.7982
139.903
31.5505
154.105
62.8299
129.03
55.7351
96.9797
39.1549
86.1192
36.3078
66.4435
94.6459
137.725
42.2509
36.1458
23.0418
57.3205
25.172
130.683
14.9876
74.8853
23.25
28.303
87.2109
23.5833
26.7717
66.41
40.4114
41.5975
150.594
56.1063
76.212
32.996
123.047
45.1233
33.2034
43.5191
135.416
35.1487
39.7903
80.8057
20.5635
47.6225
13.3778
46.4998
112.601
32.3344
68.5141
64.0724
55.4248
67.2606
114.036
21.5351
42.7511
191.898
84.2773
87.2089
71.329
20.7102
156.458
119.924
42.1676
139.039
108.082
66.947
34.3143
81.7778
16.9863
169.712
69.7607
72.7277
67.5158
67.7154
89.8468
83.2595
33.8018
79.5523
45.7551
63.1829
71.6741
25.8059
75.9374
36.3803
215.615
38.8132
71.2848
62.7772
23.0754
57.3979
50.2629
274.42
54.0734
28.7907
41.5252
53.5048
91.8876
28.6117
108.969
54.8123
15.1367
87.0702
48.2719
54.1598
55.838
97.4588
51.0884
145.878
46.29
34.42
217.231
327.758
86.8476
52.0429
11.0816
28.3646
53.1276
104.809
99.7677
31.5812
99.6918
74.9866
52.648
110.999
40.3601
80.7646
130.023
27.8112
17.0325
76.0293
80.5585
85.5535
85.8917
133.208
38.7021
24.7906
121.087
92.9668
50.2924
68.8043
134.41
57.1386
67.0757
124.932
33.4231
94.6293
61.0129
55.3223
78.1195
31.9429
40.4625
93.7705
56.8478
41.241
38.7665
43.5639
28.6804
26.4355
194.09
132.768
77.762
38.4007
26.8924
28.0902
19.4081
124.183
51.0672
27.9606
157.737
10.1774
61.5886
203.105
58.1072
91.6362
39.391
36.9572
63.1888
175.67
76.1155
128.949
130.681
31.5548
19.98
76.4352
161.302
15.7037
53.0863
124.824
17.0513
131.342
21.6351
38.9107
56.2664
79.1533
184.231
62.3384
70.4504
129.506
91.9809
224.716
61.0402
15.5625
71.6536
45.854
62.5782
102.866
71.2907
50.0282
57.0431
50.544
47.8003
95.9404
151.763
80.7923
98.832
68.5742
81.2611
36.6009
56.8107
23.0436
99.2327
50.0263
31.4243
83.9038
31.4567
18.0123
23.7119
55.7619
41.6911
98.1178
28.6501
94.6835
143.68
148.307
45.285
69.452
40.6346
37.838
83.9581
53.2961
67.3884
52.164
94.7037
18.7657
34.4932
24.4238
36.1779
76.7362
165.405
75.7133
94.3213
64.0754
39.0028
55.2594
64.978
34.065
78.3861
34.1547
33.6244
37.4385
37.1346
18.7942
10.0649
41.1689
30.8779
113.374
30.1114
45.4099
96.4909
41.8366
79.144
85.2622
32.756
55.1325
21.4645
77.7009
68.6227
24.0171
143.83
209.148
19.1547
35.3029
53.0518
32.0283
32.7257
45.1061
38.8368
31.6314
82.8081
84.271
152.888
18.5682
47.1371
62.9346
49.5676
45.9579
45.2023
38.9385
76.1076
44.0023
30.8628
31.1307
34.2634
45.9599
55.8609
41.8607
137.019
82.49
106.523
17.3946
49.3548
20.719
36.6629
12.063
21.8928
105.379
19.7332
35.901
15.4685
52.0479
36.6199
40.4641
97.3387
14.7928
57.453
38.2187
57.3181
84.3952
15.596
20.7723
38.0405
42.0085
54.9857
21.9228
30.5038
68.321
75.566
22.1474
31.0861
12.4406
34.8785
88.6407
22.2576
177.868
75.2573
62.5483
39.6851
141.958
53.6947
23.9154
32.5174
26.7552
68.8263
26.8996
20.941
22.9947
62.4364
192.683
55.2488
81.3149
24.1441
27.033
32.3414
84.755
27.8441
71.203
311.673
54.4165
28.3193
31.7947
68.8415
33.5403
42.3589
51.4588
120.822
21.4687
135.741
118.042
162.069
56.6223
52.8762
230.435
61.1285
108.671
33.4838
61.3097
75.9938
96.9139
34.1143
21.2108
35.3718
48.7125
87.8499
20.1028
144.016
127.767
94.4823
58.6602
77.0015
31.5254
57.638
108.611
101.835
84.7584
46.682
64.9775
24.2371
86.8763
20.0541
88.5433
82.7054
17.8074
23.7799
34.342
58.459
54.1589
59.6003
46.8106
64.3621
116.341
21.5182
23.7266
49.1916
96.5885
41.8266
89.1603
27.8042
23.7277
51.387
92.3285
140.301
19.9341
20.9672
67.0339
226.244
17.406
39.2918
114.165
44.5739
30.6732
211.015
35.4835
62.0749
21.7751
44.9692
92.508
133.687
146.803
138.698
29.9846
94.9876
53.8117
34.0202
58.5034
27.0812
130.678
41.6266
26.3525
134.584
28.2363
63.5416
106.589
31.6811
35.0066
56.5685
24.7994
140.246
87.3388
62.2147
61.4592
78.8369
65.7235
43.3153
51.8245
62.2695
112.664
18.2722
77.4792
71.377
148.006
40.7655
12.3925
51.1468
62.0063
72.972
61.7032
91.6274
170.354
27.8913
28.2308
66.3394
12.3608
77.5887
192.907
69.2047
134.421
58.0748
90.7749
89.0384
45.3996
82.7175
20.0949
91.2353
41.4177
24.228
44.9516
39.7553
81.8461
70.249
44.8954
30.7549
41.0643
104.898
51.3015
69.8312
56.8599
118.511
11.2212
10.3471
86.5762
93.3505
38.1491
48.7405
19.7022
208.582
63.5569
45.3549
157.837
85.6649
66.042
73.0429
40.872
150.612
131.996
91.282
210.018
62.8224
30.9344
44.2732
39.5638
147.151
71.5803
76.9966
113.92
48.2239
54.1972
44.9
31.8647
117.212
221.894
150.216
64.3009
128.593
19.424
201.93
46.501
40.9039
77.4544
44.7089
25.752
176.807
40.8915
84.0067
40.0177
134.443
29.0296
37.5886
118.757
89.5353
45.2886
71.5825
257.099
112.146
28.984
69.632
52.8617
46.3038
63.2483
39.4412
47.5538
63.8854
49.0695
27.7948
71.4087
23.0899
27.291
49.8522
137.475
92.477
34.2305
104.091
43.3495
10.3104
115.618
40.2945
22.5767
54.7589
62.1661
57.2275
160.157
45.2095
16.9602
62.0781
95.4972
58.0484
24.903
128.942
76.0039
37.4336
50.8848
65.3802
42.0771
59.2356
48.9981
30.3447
17.3173
98.6002
35.8895
64.3814
51.9302
70.6926
159.424
234.996
166.6
53.714
105.26
36.6068
43.3597
23.448
61.3834
115.681
46.0595
66.945
25.3039
32.9251
49.6276
19.9184
62.3284
19.615
23.2215
71.501
53.0816
102.38
30.707
30.3357
106.979
38.8214
55.0344
88.2556
134.595
133.369
264.125
43.5815
24.8237
44.5183
62.2506
39.1503
107.159
40.8896
38.6715
92.6476
108.755
157.831
43.6115
82.1035
60.0632
34.3694
67.7351
111.713
72.4599
109.179
33.5012
16.3507
26.5026
22.7695
27.6295
64.3689
144.545
27.0334
43.7903
19.8692
28.9795
69.4474
123.46
68.6352
41.2913
26.8578
57.0336
25.9004
41.4705
19.5035
50.3757
47.7042
18.6302
87.603
32.0493
51.5532
24.5647
177.565
122.642
34.4446
37.0251
28.7007
172.418
39.5006
50.3402
86.6915
29.4303
87.819
75.8939
29.8959
115
26.1931
18.7536
77.2175
72.0636
58.4162
40.9598
90.2536
30.2261
74.6504
111.633
51.2455
18.2447
29.0457
20.8463
81.3466
32.4725
61.4272
33.7565
170.069
7.08655
50.2461
16.0955
38.8083
44.9183
37.9439
110.2
66.4577
24.2274
81.5807
65.1341
163.973
26.768
59.4085
23.3839
11.5175
81.8339
81.1678
37.5167
49.473
33.8701
175.019
158.884
52.3291
60.7557
71.9531
58.9945
14.5293
34.3767
34.8057
36.8351
31.8801
20.9947
95.9297
40.015
13.2309
41.5268
30.5211
56.0754
34.5251
66.6033
115.112
73.5948
64.2415
85.4243
114.233
126.13
58.8928
56.5974
87.6069
50.2764
78.602
51.9559
51.4806
21.2803
20.1628
49.7419
22.8307
49.9633
26.3864
34.7821
25.8518
43.5946
17.4342
20.3028
28.6602
38.9274
50.0537
30.5037
38.9818
41.6668
168.257
48.5173
58.1946
31.5531
113.626
71.1109
45.2538
24.9118
49.0625
104.11
139.577
85.8644
81.352
35.9986
40.7435
86.8914
41.5637
33.1723
41.0007
133.644
15.2937
29.7265
138.202
95.005
106.858
48.3663
22.98
50.9734
9.09594
74.6114
43.0249
88.1115
182.426
30.5869
31.9444
26.7366
40.2766
62.3865
23.5126
48.6912
17.3293
76.1773
51.1098
42.2557
62.0378
49.6952
42.6902
24.048
140.219
12.7132
19.8394
36.3164
70.8077
68.2823
51.224
85.9944
26.9842
53.9617
33.6215
106.192
32.7991
71.9791
67.9758
57.5209
48.3004
55.6947
76.4372
37.2863
75.0269
44.0478
182.21
71.4214
79.7501
51.0516
55.5445
23.799
38.7982
30.8993
53.2962
129.892
67.5708
66.3269
44.9944
35.6085
50.1459
247.716
53.2647
51.1626
55.1762
21.3054
24.3479
168.513
43.322
27.5675
111.776
13.1925
38.2504
51.1063
71.0398
29.5623
32.7204
57.8656
62.5844
11.0069
58.161
45.3126
37.2933
18.0437
14.8572
19.0428
40.5688
18.4059
86.8278
117.669
99.3881
60.8587
65.9905
92.5232
38.5263
11.8857
89.3174
15.3248
68.192
32.9495
56.2679
59.6799
50.006
47.8548
24.7978
181.732
27.6006
22.9206
24.9014
110.493
30.3248
71.4913
133.501
76.7315
31.0178
113.135
44.1158
30.1503
116.96
397.694
217.943
17.8198
50.1504
36.2907
117.81
69.7422
54.3649
122.431
78.3737
49.8037
23.6282
39.1637
24.3112
56.5486
73.214
43.9525
36.0513
57.1973
62.5942
52.4188
204.79
48.298
47.0588
85.1656
16.1453
35.3535
58.5807
81.2972
81.6764
44.8497
56.2906
73.6332
49.8984
16.3439
40.1118
50.1258
70.5999
30.148
176.431
68.7148
47.0793
17.2697
17.708
64.0922
59.0209
81.0602
70.7864
32.0416
104.981
94.969
160.824
37.2406
130.279
56.8189
32.4228
17.4156
28.0497
60.4991
11.772
130.763
75.7194
17.9088
57.5404
17.6911
37.3803
51.5728
23.0174
92.1153
150.851
96.3052
76.3823
31.2004
72.4467
127.579
39.7702
124.045
71.3703
162.308
26.6374
55.8688
64.6379
22.8664
39.2482
133.041
59.8242
65.6902
143.614
44.0801
166.706
25.7713
30.8446
27.7558
72.9937
87.1868
35.868
50.7737
54.8544
105.703
16.111
38.4176
22.0758
68.428
89.6847
69.999
106.126
120.456
349.724
43.9476
22.7336
34.0685
29.7071
36.5469
85.7414
55.9196
78.1418
71.8058
26.7629
23.9161
128.096
38.2384
26.1339
61.2306
105.169
31.0265
54.1937
34.5884
96.0862
29.2029
86.6417
42.7411
224.862
70.7253
52.3461
90.4034
101.105
98.8849
37.0423
77.2817
51.5726
31.356
65.8221
52.7603
75.1393
35.1864
24.8865
131.168
28.3033
21.4268
57.7189
33.3074
72.2268
41.6822
74.7517
64.2401
22.5304
71.927
93.4754
26.0368
30.1324
28.1998
39.6385
48.4071
201.827
101.381
58.6161
57.9945
39.0845
51.8323
78.7346
53.2748
59.1761
69.8484
63.3254
27.799
24.5008
62.4467
27.1785
43.6673
198.621
24.1252
38.4077
43.8929
64.4859
17.5873
114.015
57.8776
52.3976
19.9152
61.7003
73.8365
138.053
51.6502
125.272
44.5724
86.1569
14.7834
31.6259
135.648
66.0216
41.4691
104.877
24.7041
64.5245
22.4166
36.351
134.686
110.178
21.3472
71.4419
33.6015
56.0622
39.1019
31.1818
85.1596
43.6209
44.1577
58.192
67.617
173.346
19.391
38.7708
127.934
77.3849
22.3806
57.3026
68.918
93.9216
54.3617
124.376
33.0039
40.9097
72.3714
11.7928
56.8895
44.784
102.243
92.9128
29.6746
45.1574
134.572
38.9333
52.2516
11.5281
202.982
72.1882
51.4342
174.342
117.485
51.9916
27.3034
25.984
56.2624
38.228
75.0016
59.4775
28.7339
35.3068
36.7508
14.9779
53.0015
123.927
39.1575
44.2847
38.581
37.5456
25.4394
47.0094
101.013
42.5527
38.3179
66.0434
98.1291
38.6489
95.0406
53.9365
68.5649
58.1612
47.2513
26.1615
131.936
24.024
20.0946
45.6711
102.806
36.8241
107.671
62.4926
38.2193
12.8795
82.074
28.6603
45.4812
126.836
38.1578
95.0654
55.1997
292.373
16.3004
90.0118
91.4346
144.066
32.0132
140.94
37.7122
112.718
28.6045
38.2756
48.816
45.4971
91.0289
118.79
63.1045
55.9597
147.636
37.11
45.9897
132.09
72.3695
52.7203
89.9774
53.803
40.8872
67.8197
340.756
142.604
131.286
14.3864
85.013
53.4712
40.0577
65.072
93.4585
40.1911
95.4554
95.5502
39.1559
35.5072
33.2096
27.7512
94.6232
48.991
13.534
68.4122
32.9586
31.2595
90.0042
107.474
17.4428
51.164
69.0119
41.9466
141.991
68.6371
143.263
33.7073
13.1388
91.1895
33.8515
28.9615
70.5963
165.887
21.5379
49.8763
107.591
77.753
47.2136
76.5887
34.9347
124.292
19.8293
71.9551
75.3718
112.082
62.624
39.8182
190.196
111.658
181.112
62.9374
62.7442
38.6936
69.5287
95.6437
124.565
72.7522
106.197
45.5342
57.4824
74.3344
84.0257
22.9533
80.6487
28.2848
100.084
213.461
76.0536
29.1214
34.9624
81.0453
43.2634
15.6056
99.0227
23.1604
11.5056
76.6968
52.8056
41.4515
80.272
57.336
226.158
48.6416
105.932
62.4118
171.334
52.684
157.046
47.7655
30.3491
34.0809
42.0644
82.9273
55.9722
159.499
30.986
55.3261
46.2884
119.496
98.6017
54.0278
27.9048
38.0223
36.7251
89.2943
40.7863
21.3026
69.9132
102.264
47.8334
22.3734
486.528
178.903
65.1716
47.0796
46.9891
35.2421
28.4916
66.0415
51.2709
25.2106
126.006
45.985
105.588
71.3774
81.7632
131.705
37.042
15.2408
55.659
64.9535
130.526
17.9553
63.5775
48.9244
55.2596
73.9961
17.8427
64.6825
42.6805
27.3781
93.9497
36.5476
47.2459
221.512
37.5653
67.2963
43.3336
17.8294
30.4819
142.211
72.8473
55.8588
43.9632
86.9145
93.9826
50.8508
53.7677
22.0087
160.131
163.514
135.871
127.032
57.823
27.8289
80.3923
14.756
316.883
25.285
25.9127
46.2348
47.7038
37.2753
36.1415
78.4821
58.7498
50.7901
27.772
58.3852
47.2925
67.2281
35.9415
54.5432
17.2282
50.5408
30.5102
80.7353
44.0654
50.1331
125.391
119.287
86.2614
35.1027
15.1589
52.1547
190.645
247.405
88.2804
14.7011
24.2706
94.3326
61.5783
79.0763
33.4092
119.464
57.843
14.2078
26.4595
73.6163
78.2203
70.9733
25.9711
44.1338
16.8722
91.1019
82.0598
184.334
87.4784
118.519
36.5697
90.8135
114.625
14.9425
37.4863
61.3537
232.646
94.3286
28.3455
21.7775
67.7676
50.7525
76.0794
112.991
47.5932
19.2545
70.017
41.2066
262.15
23.7312
64.2212
55.683
105.244
23.856
49.7727
123.27
32.8354
149.9
113.831
22.6835
65.956
49.2606
67.3062
63.2954
61.0965
43.3159
103.757
68.4254
19.1609
105.752
40.1681
89.456
93.428
140.741
43.6251
62.7335
9.21231
26.7068
276.167
83.5812
91.8544
43.8868
45.7891
84.7198
29.9489
62.1496
137.744
87.115
248.543
84.2249
41.2471
38.8739
36.2645
26.1893
106.78
65.4329
73.4174
13.3547
52.6925
42.4239
88.402
97.1938
21.7746
191.007
74.0232
118.191
66.8955
32.9941
46.7275
19.096
60.7806
25.6918
22.1041
108.536
40.3622
16.8491
103.871
52.8582
57.7737
84.8196
50.7241
122.609
71.9802
30.3952
101.635
42.8521
36.0492
79.2945
170.068
45.4372
38.1692
83.5956
46.4159
71.231
53.9066
79.805
11.1141
162.646
40.0707
31.737
92.8121
24.1619
56.1705
21.4767
125.27
23.7389
30.7415
49.0078
72.6917
51.4714
58.4286
10.0132
96.777
92.6494
36.2996
61.0703
22.8415
64.341
28.3587
12.8074
51.5904
37.2696
86.4401
50.8467
34.7995
83.7527
95.3961
23.3917
60.3854
121.097
63.6534
46.9321
52.648
92.6529
210.651
107.918
28.0738
30.0608
41.9584
72.5459
93.6959
152.226
69.5475
52.0933
90.3103
165.117
58.1012
36.6248
18.2545
30.3847
46.1991
26.2579
60.1276
76.1878
134.775
100.689
31.3249
163.794
50.3484
124.118
113.064
67.3023
60.5584
195.48
32.8509
39.9939
162.827
38.5049
24.3128
25.7589
100.159
25.5479
30.2488
96.9288
46.7086
89.1903
17.3157
126.868
62.1543
61.8806
68.5221
91.2439
35.3581
50.4836
26.9413
29.1808
68.8707
31.1066
19.3183
161.357
39.9339
115.253
66.4643
29.3267
34.4416
36.0144
34.2781
53.847
76.4181
147.948
25.4585
30.9504
18.1381
115.734
31.3328
39.3085
27.0117
59.9094
48.1663
46.5148
27.7277
38.6615
58.3619
108.06
136.31
57.4726
78.368
83.7192
61.1167
29.4903
28.0868
49.2764
78.8434
93.4872
17.7945
91.0536
65.5687
39.0877
38.9288
67.1197
64.5332
41.3427
69.0887
124.612
167.545
20.8551
67.8939
49.2654
90.648
190.525
57.8766
70.9298
71.613
211.435
72.3009
39.6672
75.8254
60.2647
24.066
88.6382
65.9859
34.9935
97.2242
145.179
64.8042
54.7716
25.4274
44.6138
32.7735
196.631
52.7914
102.472
102.573
37.6548
24.0299
123.471
64.0222
77.488
37.6681
113.348
16.6287
64.4581
70.9313
13.8287
35.0128
30.0829
31.4408
71.4754
161.36
17.652
136.781
98.3724
83.7723
45.6471
94.6574
58.9347
52.8892
66.359
27.1679
15.9136
80.9675
94.7162
46.4441
265.384
34.7993
231.524
39.4197
79.8339
56.471
47.7928
86.6783
102.129
22.3641
29.1125
90.3962
56.6748
52.7734
22.9502
25.1535
42.4904
66.7113
41.55
78.1663
22.1679
49.3433
38.0738
78.9722
69.4534
65.0723
38.8893
45.7319
69.7056
29.0072
127.497
29.9055
94.535
11.6653
54.6219
141.631
68.1112
34.0239
58.9054
88.5263
32.4742
16.1494
45.2695
101.563
69.016
49.9455
15.0293
77.4171
76.8316
151.576
43.9676
68.495
124.765
70.6409
112.024
90.0139
37.7186
90.7848
170.958
66.8917
24.3562
44.9964
18.434
17.9139
90.4426
32.061
24.9157
38.1459
83.3693
46.3162
110.129
89.2761
27.3233
201.124
37.2575
36.3376
101.491
10.0727
43.1906
94.8681
85.7534
50.0634
36.3384
52.9864
69.0285
18.1678
67.3592
54.2395
39.2046
21.8694
77.7171
45.3085
57.102
23.6152
29.7534
41.9783
95.3566
248.056
83.1087
74.5853
38.7962
110.925
28.6455
99.3655
78.7751
34.6807
57.8273
31.7428
17.8471
48.4496
62.6514
22.2702
78.4336
89.6817
41.9304
50.0299
108.22
64.5851
26.1336
61.4895
235.071
25.5109
18.6202
43.3251
45.6572
75.8614
91.593
29.3928
95.44
63.3973
46.7014
34.2409
16.367
31.9754
80.5493
43.2946
32.8799
13.4914
42.5275
29.4409
52.9694
41.2458
120.884
49.1484
89.5183
129.209
49.479
72.6824
15.1697
63.6482
21.442
81.8689
64.8317
17.9773
55.971
54.441
49.612
27.9495
37.5581
26.7328
61.2634
31.86
31.3278
107.818
30.6615
58.2399
21.3853
30.9949
54.611
25.3724
44.3891
89.5582
41.8718
20.5227
21.3224
30.1041
83.3464
70.8649
29.8179
20.6703
41.8969
42.2144
73.9049
108.608
47.6677
30.2942
98.7711
88.6629
74.6139
25.4771
66.297
213.874
58.6505
28.3839
87.2828
56.3805
75.7344
60.4332
101.393
35.2698
36.4934
105.147
79.9716
52.6732
21.1047
39.4762
83.7899
32.9835
56.4347
55.7529
33.2737
10.5761
19.9943
51.484
71.5017
65.9963
31.2242
22.9942
65.2671
52.4407
31.2204
25.8862
49.8157
33.5572
40.091
136.295
102.367
36.4252
17.3865
119.091
159.291
233.523
111.904
93.0756
52.7992
33.5108
28.9684
72.9514
84.9444
39.3926
19.8267
107.201
71.0565
25.386
59.3624
82.2759
54.7593
72.4568
88.2859
19.3276
50.9292
34.1906
15.1827
40.6202
54.9252
37.0095
61.3868
222.883
35.5295
147.47
113.93
44.2471
96.9513
75.7168
72.8713
22.3239
33.768
44.0852
35.834
20.7733
28.3682
78.6831
93.0087
109.749
97.8251
31.3921
32.0185
31.8387
80.6836
34.3417
191.032
46.8115
41.7366
42.3259
61.4095
39.0945
131.059
48.9015
136.456
20.2351
63.5849
51.7676
43.9775
29.1919
24.5814
37.1587
26.3702
31.5412
122.774
20.7391
88.6201
32.0975
47.3918
37.3511
43.4236
86.7037
52.2619
137.233
17.4683
62.8632
76.0575
14.8281
53.2574
113.718
50.1221
40.2726
26.1636
130.775
79.9647
44.8456
35.8745
128.285
48.5296
27.9264
104.138
55.8299
53.3105
132.708
49.1156
78.1019
65.9964
24.8038
81.1139
61.6489
10.6755
40.5153
25.2714
112.348
58.1407
36.1976
11.0969
54.4917
57.062
76.7632
41.2067
58.8447
57.8079
44.897
51.5797
21.6523
68.3145
211.469
111.058
39.5641
52.8108
81.1946
65.0864
32.0141
83.8091
45.4217
26.519
32.141
33.9646
65.176
111.404
45.4628
59.5382
152.119
31.3107
28.2278
62.1745
18.5742
33.116
20.2103
62.9632
21.7573
66.5592
30.1224
139.04
26.7438
21.872
71.3562
42.9214
42.0066
93.8464
27.7213
38.099
74.029
44.2954
35.5588
14.1584
31.1821
33.5744
41.0549
99.047
71.2996
12.5562
78.9425
99.8523
34.2281
68.739
110.653
20.9571
66.3874
55.3335
86.4436
41.2915
44.8762
64.9493
73.3664
36.3549
157.059
21.4276
27.9715
78.4514
24.9814
29.3827
101.649
110.609
55.8835
22.4879
17.6326
43.5842
100.583
19.7921
99.8887
39.5613
69.9646
32.3753
77.0044
165.203
131.708
58.2873
37.2226
22.6573
24.0112
23.5478
63.4383
181.956
53.407
78.8669
107.234
29.9756
47.0912
52.5984
131.208
61.5621
66.4848
24.2742
188.471
83.2989
59.3714
70.6286
20.9066
64.5113
38.8081
40.5991
98.3493
41.9779
62.3571
24.1646
32.4444
34.809
16.8096
94.5269
169.898
60.6547
21.771
12.0831
33.8546
52.8299
61.7472
36.3782
10.2097
34.1036
52.3028
116.452
51.218
27.9603
96.7756
34.1227
55.604
67.0067
12.7422
55.6278
270.325
68.7853
39.684
29.4234
68.6906
35.7859
34.1725
66.3097
57.8818
45.3585
29.3786
20.3173
127.017
69.3231
43.1725
57.3178
75.9924
122.223
34.6764
48.5647
118.54
85.8331
111.532
114.223
111.204
37.837
57.6293
67.2283
45.2281
74.8799
23.8573
75.6615
17.6056
28.4073
69.7367
20.7872
16.3287
24.1078
33.5832
31.7976
189.562
63.3482
76.0462
89.6447
207.72
114.983
82.7376
84.5202
65.5887
125.742
26.4826
43.6941
30.378
54.0838
44.1434
77.0137
20.827
100.072
102.043
59.8911
46.2379
130.575
64.1878
77.129
60.833
38.6648
36.8518
42.2036
159.53
60.8632
47.2264
161.08
193.7
94.2347
21.8897
115.589
103.15
221.212
54.5954
94.7349
46.6809
232.72
24.2915
24.0913
211.343
68.9332
137.568
21.1
52.6565
47.781
110.87
27.4421
25.6748
21.6323
17.3101
31.9287
15.4799
81.3665
65.5862
121.155
33.3237
43.2066
38.5005
71.5542
54.2496
30.6394
41.2653
31.7516
94.53
47.2974
73.4406
60.648
33.055
35.7897
62.6413
65.3447
26.6998
27.3726
95.9493
77.7876
84.4143
196.88
25.5208
70.2383
100.066
192.378
64.9267
8.57314
17.5832
21.2505
82.6023
246.504
38.1943
39.9613
149.128
15.8604
61.4361
116.493
67.4289
71.3315
222.841
24.8034
25.1962
48.8155
259.337
52.3368
66.1814
18.3158
61.648
62.2009
70.0976
18.7869
56.236
113.1
83.3672
79.2403
62.1124
67.497
36.9544
50.7678
61.0881
72.3624
39.7097
31.5685
23.5856
17.791
133.177
42.0002
39.3495
66.3551
80.4462
91.163
26.8111
56.2661
96.5677
73.4723
32.3105
47.3561
25.2411
110.753
63.2511
100.705
85.9341
89.9315
20.2152
121.151
119.705
54.2222
57.6592
36.7482
127.22
75.9032
228.155
48.4575
129.058
95.5307
23.6867
86.4702
22.3372
42.5718
24.8978
23.706
23.7182
44.4592
40.2591
28.6293
23.1711
31.4689
86.5312
25.3827
99.2184
39.8897
76.3969
37.622
119.597
31.3479
44.4747
147.891
131.51
42.8978
19.9982
43.1096
106.988
108.733
77.1098
84.6831
23.1515
23.0798
51.5089
165.628
74.1996
18.64
28.526
65.5537
31.7358
32.4938
32.9586
63.5415
44.1293
35.6639
88.2638
246.159
60.3524
34.2891
34.5021
42.9693
201.536
43.3809
82.6145
150.766
66.5619
42.4239
60.9306
231.98
138.543
31.5117
63.2242
46.6506
40.4444
27.4844
24.2659
92.6228
54.4861
69.7529
59.4283
39.7327
39.315
14.6878
22.5678
20.87
20.1537
28.831
39.9493
50.5066
36.9375
87.0081
64.9481
67.5116
155.491
23.0165
75.1985
135.461
40.0746
17.579
77.4755
127.351
93.6049
31.7433
32.7597
30.5023
57.1873
137.792
43.793
22.5923
36.9044
51.3661
42.6067
26.8609
60.2044
133.325
67.0147
45.8638
19.6372
17.9672
196.342
34.3387
67.6264
72.9951
36.1677
84.3328
37.4155
96.6224
65.6464
66.7942
29.376
48.6915
135.66
106.188
40.1763
54.8073
23.0967
73.9016
14.2798
38.4799
42.4381
116.188
55.5265
73.6524
182.463
50.2167
64.1173
16.279
177.193
118.091
13.2009
39.8676
10.1142
114.694
21.6007
79.5152
35.6384
37.2484
47.2271
70.0484
76.0439
108.403
40.58
48.2433
73.1782
34.8172
48.0316
28.1072
109.896
103.335
76.5172
53.9124
38.5934
58.7969
74.6529
58.3445
62.3134
59.6097
68.2262
36.3046
102.536
20.4809
41.498
16.5945
125.806
139.003
47.2201
55.1569
48.6681
19.4234
128.551
27.6887
49.4068
44.4799
68.9558
75.8759
252.716
49.8688
62.2632
24.3138
134.012
29.25
113.837
48.0581
28.8171
93.0378
82.7847
72.3831
21.2834
25.115
14.7208
53.0466
37.5635
81.8958
218.083
47.9038
93.81
32.5727
101.407
56.7164
98.9022
88.9608
31.4883
25.8938
13.9384
97.6479
37.2684
131.144
29.5787
57.6197
127.721
76.0633
61.4222
53.6948
45.2892
68.6571
41.0292
95.2678
50.0811
61.6829
51.1015
65.9723
21.1569
190.413
48.698
179.693
23.9343
151.991
91.2644
24.1278
55.3522
15.0755
48.7843
198.27
30.3391
63.3255
43.6088
52.6772
52.0806
26.1968
65.1257
105.974
16.1832
17.6398
87.6583
49.5364
38.3621
44.7138
18.5353
30.183
13.0729
60.9627
71.3227
54.6676
53.9729
27.8294
71.2653
27.0062
67.8958
61.1186
27.8948
56.1678
88.4589
86.238
90.8285
50.0022
89.7095
49.7317
94.4176
91.2961
24.7641
119.089
137.432
61.6947
27.6844
38.4127
57.812
152.887
56.7955
57.9909
59.7574
143.786
34.3573
268.947
61.3328
94.1292
48.4107
59.3361
54.6681
30.1415
23.4946
61.2743
118.81
35.6236
40.5984
51.7437
125.435
157.53
57.224
11.9554
117.767
61.6053
60.5773
36.9554
34.6876
146.042
60.1279
16.569
24.5902
49.4266
38.8364
38.0008
197.402
16.0382
45.3602
87.5963
41.377
78.0644
37.3315
328.862
91.6206
62.0658
14.5745
55.4499
67.5005
24.3011
24.3004
48.114
71.3975
42.4877
133.505
59.1554
50.1885
50.5475
24.2049
30.5063
119.478
145.533
18.9259
29.7474
56.5368
48.6015
33.2022
74.929
27.4209
27.4249
55.3012
67.805
8.3729
114.674
219.671
15.0056
178.606
54.2212
62.6814
9.57961
30.4579
31.2961
39.7608
82.5725
74.8712
45.2627
138.01
21.2967
72.3264
66.1279
45.5413
184.104
172.053
28.7577
38.2673
68.6883
135.383
59.4283
201.274
11.2157
39.4695
29.0505
125.314
25.1919
69.2854
36.8104
63.187
119.083
62.3863
50.2363
45.2518
59.9843
122.503
37.4832
61.0932
75.4146
63.0723
80.9372
40.0107
23.2203
14.6263
58.7346
24.8049
20.7804
130.539
147.17
34.9345
161.532
42.6848
38.1494
127.144
115.601
46.4665
67.5169
34.5372
55.9061
30.9862
124.858
67.3147
36.18
60.9793
68.3561
84.7265
60.9246
30.3221
125.643
110.998
124.329
26.4284
33.1416
118.029
116.695
113.002
74.6011
51.3139
29.6464
67.2
77.8107
19.715
103.048
119.182
31.119
27.6706
139.689
29.5701
55.4777
19.5008
100.154
25.7772
39.2922
91.3982
37.813
118.994
88.8654
94.5482
232.287
33.448
39.1077
154.92
95.6143
55.3662
61.2823
29.7836
111.691
65.8269
43.3643
110.489
76.0073
47.6479
78.2012
31.2968
36.2626
51.0024
35.8451
33.3176
93.9068
86.296
49.6257
121.874
102.533
52.939
51.6393
56.6364
71.671
82.7517
172.012
111.62
20.1184
90.065
77.9844
44.2752
38.9023
29.2425
12.1869
191.607
33.4705
11.7383
58.2476
249.45
35.3132
27.6798
21.9837
31.6974
31.0496
23.9473
45.0802
49.7741
69.3814
43.3132
20.5623
39.337
23.2902
109.159
195.526
40.0286
163.427
152.325
17.206
61.3638
76.053
104.186
40.6287
77.9703
261.271
94.1035
47.7498
81.7144
103.179
36.2814
63.5708
48.3653
37.5825
22.2764
49.8547
114.766
52.5385
168.288
35.7996
19.6131
114.43
58.2652
65.5165
127.846
69.616
60.8116
61.5842
43.0105
73.3872
152.96
52.0225
41.5456
14.2371
9.54667
36.9491
22.4861
28.1321
115.14
35.5226
177.831
18.5428
65.6718
26.7477
24.2591
59.1005
43.7846
79.1025
24.632
26.3215
79.5081
60.0836
94.6028
34.8174
37.5086
55.259
57.3954
62.071
113.853
59.7323
228.448
42.7442
29.6265
114.818
53.1363
40.3742
75.6385
117.378
38.8066
39.2045
99.516
92.1783
85.3195
45.2544
28.2241
47.8616
79.384
14.8934
82.0193
55.4396
42.7812
206.499
50.4324
49.0677
180.382
42.0742
44.8347
164.41
72.938
39.4556
64.221
35.1635
36.9857
168.379
32.3372
72.5326
29.5241
41.2442
53.8432
190.235
34.1271
20.0889
35.5849
95.1418
63.7509
145.572
44.4097
192.079
47.7709
35.3366
31.8129
61.5252
88.9865
82.0986
32.6613
27.5506
97.4693
96.9577
59.4892
47.0114
32.2903
60.764
43.204
75.5962
30.3219
38.9189
42.8431
46.4999
87.4283
21.6928
49.1789
40.6098
41.3199
63.1196
87.0363
25.4743
54.5784
65.4599
151.517
17.974
53.4375
99.222
28.1522
70.9017
114.984
46.755
221.279
56.3608
88.7683
44.7935
64.4474
171.704
40.2485
84.1309
85.2434
90.1321
68.8904
30.0483
33.9104
25.472
61.2163
37.1387
77.2225
33.8725
91.4633
25.1289
197.893
28.622
17.2922
43.208
106.071
44.3577
38.8499
55.8256
65.0868
34.071
64.9909
32.3541
24.5086
61.0207
37.4986
54.8554
18.6424
51.9552
28.7634
42.2197
65.7535
147.705
50.1156
23.1795
86.4733
171.415
140.692
66.1346
80.3853
46.7394
126.308
12.2918
43.8796
22.6312
38.0588
70.2387
116.21
182.313
49.9575
37.788
31.2406
117.174
113.812
23.8033
61.1164
29.8419
64.9384
49.208
31.9859
8.49701
35.6699
25.924
22.2109
152.245
21.3788
75.8547
73.6319
26.6373
125.126
122.228
100.86
32.3177
201.172
36.5625
92.365
19.7441
205.698
20.0633
45.2836
73.0878
28.1635
100.857
36.1099
51.3014
14.3917
106.995
56.4934
58.4628
87.4698
116.183
29.8638
26.8045
51.6237
23.9372
134.546
121.907
45.4078
26.0842
47.9494
79.0282
131.377
66.6902
70.5579
71.2416
82.5839
20.1919
66.6221
37.2048
78.6536
100.455
84.1024
152.079
114.432
137.388
101.628
25.6863
178.366
37.664
53.9753
55.4962
15.2442
46.5004
60.4202
48.0823
39.7743
36.3495
55.265
50.7284
81.2833
33.6137
110.139
53.3071
41.0304
22.4774
78.9031
79.6661
99.3406
87.3487
82.2275
150.569
52.9211
61.4046
27.0273
84.4411
58.5917
10.366
16.6093
37.8996
61.5076
39.5926
66.7574
91.9031
52.4664
54.9154
52.4781
293.154
85.3878
39.8608
50.5952
15.2687
45.49
47.9548
128.607
25.0974
70.1581
80.1747
129.333
20.1951
61.9542
65.6898
245.235
119.36
46.2323
46.0239
54.9658
94.4527
53.7161
20.3768
59.251
18.7678
12.2134
49.1316
23.408
103.854
89.0576
118.494
51.2507
71.4274
53.4974
62.6231
98.8454
52.3734
44.3208
36.4739
64.3972
38.1152
27.4229
40.1457
42.9838
122.142
28.9214
19.9172
134.168
40.9228
67.3955
57.7649
134.34
80.8785
64.3475
50.7004
51.8886
71.6606
103.504
57.1264
40.4419
17.4801
59.5211
268.009
164.472
52.1989
96.8411
31.4229
48.1221
121.435
22.0659
82.2194
52.1629
48.2116
38.9235
61.2826
54.0894
58.5436
53.2687
25.5989
161.324
55.1882
58.4015
93.3887
44.3392
98.0861
42.4751
17.9437
58.7133
93.2583
106.247
90.7165
37.0642
25.7854
45.9196
43.1929
48.633
40.1012
35.6983
68.8518
31.8012
100.083
39.2515
85.4856
31.6054
55.4199
34.5163
76.835
32.3535
78.6271
37.0833
42.4791
39.0876
44.134
166.062
46.6257
54.256
48.6288
20.2889
112.48
31.7637
73.6217
76.1487
58.4243
56.1363
53.8169
43.0319
20.6781
17.7815
56.5552
73.0566
77.2993
136.105
59.9138
113.894
57.7365
41.7501
33.3118
41.8841
140.385
48.8688
38.1904
41.2235
26.9983
43.6428
153.606
105.328
18.0275
70.3219
62.3988
43.6441
25.5596
53.256
36.642
59.5337
32.8369
16.8646
40.6845
30.1953
96.4853
34.7337
46.2684
37.1021
54.3164
16.8512
16.5262
62.8607
22.9133
115.563
117.487
59.7415
142.908
64.7872
32.1231
28.7114
49.6711
65.267
33.395
70.471
26.3082
59.9469
49.0142
66.6942
66.7342
25.5078
21.6672
176.609
46.4941
87.172
57.7423
112.815
86.4174
37.8921
54.3755
54.4939
63.0007
106.219
14.7587
53.1479
24.8018
14.6261
25.3193
42.768
56.6072
7.95203
10.0657
49.0785
69.8637
36.6939
46.049
59.5998
41.2284
133.101
153.407
249.24
43.0924
27.7025
74.5957
74.7543
41.5942
22.1103
62.2159
73.8271
7.83195
30.8442
80.3582
76.6068
24.6847
54.2771
24.7704
30.1689
50.6049
16.3117
29.5863
52.6962
36.9443
43.619
117.534
73.7911
77.0536
25.909
42.1051
37.5548
32.9123
28.6075
131.746
87.918
15.5069
52.7971
13.67
27.7955
47.6998
60.1877
69.8126
25.3514
38.8448
40.4544
38.8613
89.2308
42.9223
95.3377
40.1007
85.8453
39.5122
128.269
87.6994
52.5339
210.523
120.194
35.062
97.1967
27.3903
88.6778
32.0838
114.137
52.4226
176.004
88.5132
129.567
43.2854
147.635
53.1175
26.3605
42.9044
40.0875
17.4508
59.3747
27.267
74.2384
28.5308
45.0845
42.0573
63.7919
84.8206
72.1859
46.5634
40.6065
33.7449
40.8738
107.419
72.3087
22.7373
19.3092
74.7491
59.8961
92.2039
60.4348
48.0632
91.4588
53.8814
43.5514
41.1359
121.423
82.0097
38.4432
33.8434
18.8473
173.263
58.9867
42.3209
21.4968
36.6931
76.2338
24.2728
45.8373
120.786
109.17
199.189
29.7293
28.7732
70.9079
46.3711
18.94
65.2244
336.575
18.3566
49.2077
96.2528
40.098
88.6152
58.2553
75.4133
78.9811
70.9069
61.2553
120.439
70.7235
45.6478
55.6617
58.2837
150.479
48.3577
102.798
52.5144
31.0486
127.736
86.9963
21.8851
94.4033
85.2189
85.974
72.0837
64.11
47.5059
29.8068
33.8073
14.9069
46.3135
44.802
21.0257
55.0196
103.689
82.4163
80.6793
42.3876
28.5837
101.393
64.5425
160.899
78.5103
25.4264
36.1508
141.731
76.664
23.4417
27.4877
69.239
49.3018
48.2898
152.764
48.665
141.214
75.7493
17.7385
85.8654
47.0031
32.2133
46.0494
54.1035
38.7253
97.0553
50.343
22.2855
82.9595
44.9531
55.9147
30.2296
38.4812
11.1546
78.3
22.4577
86.2667
29.9096
84.9047
34.4942
98.7661
62.9985
53.9452
32.6931
223.87
226.889
12.7333
21.4424
153.64
54.0481
29.9649
49.836
103.45
160.586
84.8744
12.3457
63.7812
44.6023
19.2609
16.2887
22.0468
156.336
26.457
25.468
39.6391
33.3421
30.8638
75.6581
61.8028
42.4386
42.4745
217.595
38.0202
85.12
87.4564
35.8321
31.7799
56.9199
92.715
166.43
27.9157
108.508
48.7661
25.6142
36.0778
19.556
85.4862
41.0185
61.3192
69.5612
207
23.3732
29.6872
45.6125
43.2944
81.7386
122.773
9.91837
93.427
35.0331
49.8578
22.3024
174.101
16.8323
25.2413
146.371
53.721
21.8723
25.2279
108.5
56.5879
235.756
14.3306
16.6381
81.557
19.9037
13.8363
125.337
27.4796
138.114
113.211
20.1302
28.7449
17.0883
55.4247
36.7018
84.1037
203.811
23.8404
160.927
127.109
124.56
312.302
104.972
36.6449
70.9752
111.93
19.2567
45.7878
25.2698
35.2542
95.6683
87.5552
207.261
65.7988
109.209
20.0346
180.553
72.3786
18.5523
37.2221
40.2749
131.895
36.0469
86.076
68.3905
49.9028
144.001
101.425
215.193
178.622
46.9209
87.6403
67.3855
30.887
61.3255
39.4224
60.7218
175.018
26.6213
12.1567
26.6556
19.1721
102.286
47.3857
76.1774
23.148
32.8683
16.7035
26.0674
30.9792
43.9041
82.4192
49.9181
48.8762
30.8044
21.6168
26.8963
134.03
42.7391
43.4112
20.7297
54.1419
27.6614
59.1674
61.7997
31.4125
24.7352
67.2279
26.2838
42.3174
12.9622
28.01
46.2205
87.5417
51.249
144.008
117.833
30.0206
39.3648
36.1537
99.7526
40.819
39.042
68.3362
16.7823
65.1991
155.103
210.615
37.2796
152.098
64.7293
35.7048
58.4349
20.1328
48.8592
43.9703
45.8599
28.9518
53.3784
31.064
69.9191
69.9807
61.6332
45.7428
38.8936
64.7709
41.2908
33.8577
46.2732
44.3918
54.8575
63.1287
36.4962
90.255
28.1272
11.5452
54.0691
37.4867
104.476
52.8834
84.9737
68.4191
92.5747
42.6547
158.398
135.792
61.3137
173.236
27.755
140.379
126.613
116.835
129.85
38.956
93.2337
23.7298
68.167
27.9922
143.149
35.5382
51.865
23.0565
18.4903
175.545
82.6218
20.9712
19.5471
146.396
37.698
53.1596
42.7742
22.7551
42.6716
75.5158
42.1887
41.7189
21.4477
28.1443
68.5873
26.5379
41.1632
153.847
138.143
87.3557
25.671
38.4803
62.8432
123.875
67.3406
47.275
80.6453
21.6183
50.5781
140.313
27.2852
80.0747
76.2851
46.249
45.3335
31.3567
124.044
241.954
67.005
45.5126
73.7868
69.6991
101.779
40.2112
64.3091
28.0702
76.1704
67.4357
58.1601
109.112
24.5518
116.833
47.7072
81.5476
43.7213
80.9075
49.8874
74.6426
213.242
52.5037
128.142
50.6035
13.454
17.3182
144.32
100.262
27.8091
18.2759
40.5905
31.8865
72.9537
95.1236
40.07
126.684
35.8517
84.8482
24.6199
52.9159
45.4965
24.5346
57.4918
31.4383
75.2883
79.3113
38.3524
6.17958
134.424
56.3724
84.425
90.7342
56.1628
85.9484
134.155
50.4157
49.9775
66.3316
189.523
41.345
125.772
44.6672
80.4466
31.2843
36.2013
86.0192
69.483
37.0666
32.981
26.9758
44.7912
46.3035
43.4505
27.759
53.6144
84.5909
25.2868
96.0262
125.006
30.866
148.882
114.999
99.9046
232.73
10.9111
218.133
38.9526
44.9084
44.1014
32.0092
18.5611
14.5664
31.2309
181.517
85.3262
78.5728
27.7537
79.0427
38.2076
83.6891
142.145
56.5814
111.579
71.1812
23.7501
25.0366
25.0812
200.079
33.5108
34.9163
46.858
15.1874
30.0631
50.0505
75.3923
65.4381
70.6126
40.3902
46.2792
33.9169
70.7295
39.7595
70.2006
29.6113
117.701
51.5322
26.2351
35.2342
18.359
92.3537
73.1502
38.6683
34.9466
197.727
90.8346
38.9402
19.8465
22.2841
32.0303
51.9379
34.5618
113.15
54.4601
29.9307
30.0331
42.9576
41.8215
70.6577
141.362
34.782
33.3855
71.3385
48.6288
101.417
120.11
77.3348
61.3633
46.0365
63.3652
195.751
50.3768
63.4249
152.629
27.6835
25.2273
38.3823
47.7191
42.2836
42.5515
86.0462
124.575
55.0291
21.9869
45.6087
76.4458
93.6462
38.9132
37.9599
23.8105
148.628
52.2223
27.3535
20.8915
68.0119
22.8934
26.3443
36.3732
65
26.1967
88.5228
110.295
88.8004
23.0858
115.444
119.416
120.989
82.1783
28.5006
11.2695
34.9679
31.1471
163.088
35.4223
11.2557
40.0111
98.5903
27.801
129.774
35.8008
57.673
23.6465
62.3705
47.7879
59.8797
47.8223
90.0097
36.3403
55.0836
26.8415
54.6289
67.0797
37.6525
12.8543
18.8024
29.4576
34.5587
34.4041
33.5863
26.3359
13.9003
80.6313
45.3344
31.1211
75.1409
10.0643
90.6691
26.5236
50.158
94.9735
69.3224
131.638
33.5332
21.5889
37.878
15.8569
16.6377
56.6584
76.3853
37.5832
50.1174
75.4249
55.3037
134.125
69.6555
39.2517
56.4167
44.2227
167.274
32.6267
96.1441
39.4818
83.1824
73.0274
15.561
161.015
99.982
104.075
37.0178
91.4167
23.8219
29.6886
82.6432
136.983
70.9272
58.8406
29.884
9.96709
139.07
33.9467
270.697
49.8355
53.8482
106.581
92.0283
47.7477
103.025
109.379
21.9018
41.7603
129.234
39.7634
22.45
18.3603
50.5817
29.9937
65.7477
119.383
40.4011
50.186
38.3842
39.2336
10.5166
20.7807
35.8017
50.5765
15.4478
84.3559
96.6502
36.7514
45.1633
24.2824
136.061
50.7084
31.3153
53.5655
17.5242
34.0926
67.0003
36.1134
62.9066
121.136
97.3229
28.566
45.9595
58.6576
22.8022
32.8797
85.5249
30.9538
24.7081
32.6945
50.7562
16.3483
28.6849
54.2057
249.456
23.3753
49.0955
47.7293
27.7233
149.038
117.93
114.457
56.4373
159.264
44.8372
166.567
57.2114
25.6559
63.1467
50.162
130.797
34.806
28.8541
56.4398
43.3952
45.8752
191.934
91.2756
79.4388
86.2533
95.8071
131.678
68.8535
22.249
175.086
59.9975
143.587
36.5198
33.6921
69.1799
11.1813
33.6882
45.8403
62.3523
38.5484
14.8177
140.818
35.5352
38.3963
46.0175
67.7039
29.5245
20.3909
24.8264
40.4592
16.7563
53.991
61.2615
42.3018
13.0789
181.829
33.9155
29.5991
88.0496
38.1567
43.1501
92.6461
36.7768
129.952
76.4156
35.7577
28.4073
34.4102
26.5675
27.4609
25.6519
25.0215
20.1621
117.526
53.0477
16.9093
97.4007
100.379
81.1203
54.7478
91.1662
58.7279
180.656
18.1779
20.439
61.1695
19.4269
211.942
28.333
34.4785
22.1194
38.2681
460.725
148.302
55.5508
28.9117
84.944
41.3898
51.8015
54.0477
44.8504
51.6248
14.8937
82.307
66.0905
63.8628
81.5076
70.5794
83.8947
49.3313
87.2812
81.7894
67.1476
44.4152
62.5142
35.5509
27.4353
25.3505
37.8037
52.8325
171.755
44.3545
18.9435
35.1834
29.2477
49.9577
53.1072
40.4765
80.9376
73.4686
84.7953
63.0776
31.0233
20.6964
84.4081
32.097
69.696
41.8489
88.4204
59.0237
35.6877
185.503
39.0397
175.138
101.923
160.897
23.6681
50.3543
35.8904
27.5573
47.3004
26.4786
235.028
48.2477
95.6079
42.1896
73.5986
49.8266
36.7927
36.5091
76.8309
82.7017
83.4798
58.6347
128.982
141.426
57.5738
148.096
35.3838
64.0699
69.9235
62.5967
116.541
68.7574
13.3768
50.8079
45.4542
37.4386
33.4552
42.4937
30.0675
49.2454
81.1719
38.5042
172.804
31.9842
30.0347
87.3196
91.4393
15.189
11.9495
115.21
46.2995
34.6702
34.1355
87.1541
176.741
68.1861
57.0478
39.1873
46.0812
46.8247
31.5257
123.605
27.8356
52.8776
131.706
16.7393
25.2122
85.3208
86.7903
18.6902
30.0559
72.6037
30.1209
26.2699
28.3434
85.6574
18.3209
29.8714
57.4052
100.632
44.1436
70.9694
75.6832
62.6466
53.4024
68.4776
60.033
90.1453
49.8374
78.4657
38.2629
10.0536
134.289
29.7204
70.8415
33.9823
169.127
107.564
40.4014
77.3717
39.2234
82.4437
171.121
29.2794
20.3411
63.3464
88.1667
85.1169
51.7675
52.549
78.8988
332.354
59.5594
16.9347
21.3618
120.712
21.0134
163.91
26.1047
65.7933
43.9515
37.6176
47.6581
54.1046
26.9681
75.4219
117.555
101.833
112.452
62.7165
40.4464
63.5939
19.5581
81.6741
52.0414
44.3594
29.5483
126.694
45.3295
22.0143
44.9803
103.194
63.9643
91.163
74.9214
75.1704
18.8011
71.2952
229.483
38.6355
89.6353
70.8868
43.0834
31.2442
164.138
96.8498
40.7506
32.8
66.9052
165.215
60.0269
38.3458
97.4708
124.988
117.847
55.2813
24.4216
40.8629
20.4058
62.7275
99.0627
35.8897
45.2891
77.7227
103.201
11.7742
90.1392
79.1856
41.4724
53.5557
96.7973
47.3173
64.7648
102.544
72.6015
62.9856
104.898
104.609
35.4743
26.7767
58.956
64.0009
62.4118
69.813
23.5132
95.563
39.3613
60.5469
106.091
64.6901
27.0282
177.236
76.7819
36.8909
61.021
33.1788
212.533
272.926
30.0754
28.6441
103.525
224.423
39.1963
41.7831
42.2469
33.8901
13.1995
89.8947
61.1067
51.0354
57.0756
103.171
33.1646
192.661
100.982
51.4242
62.3936
64.7838
49.6774
23.4438
61.5277
129.261
72.8968
100.712
30.931
217.303
41.1994
28.7246
123.21
21.4767
84.4926
65.1822
52.581
112.277
50.0237
78.5965
33.7698
80.4726
36.4664
111.466
33.9487
66.7056
38.4843
83.2852
55.0452
24.2034
88.4506
33.1597
76.8784
87.4334
84.1144
87.5379
176.218
39.9248
92.1431
37.8115
106.029
69.7052
56.3744
81.3989
78.6496
32.2223
30.9412
118.668
76.6534
43.94
38.6509
41.2966
14.8529
175.217
69.2167
45.6277
13.718
136.334
32.5343
80.1563
126.732
51.4821
31.5277
38.3201
83.277
81.674
146.086
42.9199
52.3032
62.7753
68.5988
12.767
38.2877
35.1354
158.862
110.804
25.2916
34.3787
70.5426
52.5231
62.2683
142.459
18.1083
73.8974
89.6312
67.4139
38.651
36.1323
24.373
95.0526
48.1535
51.0459
119.72
33.0905
50.1228
47.338
90.2384
113.965
138.213
51.573
37.6132
83.0532
135.965
55.5955
119.935
27.9975
92.8815
75.4397
27.7051
25.7431
33.3887
73.4603
28.7846
64.7444
45.383
39.6801
20.4036
22.2904
26.0586
9.14888
34.8409
38.9665
15.4089
41.3672
42.6363
116.128
50.635
89.8451
116.961
96.3863
52.2298
22.1728
179.693
67.6085
73.0516
90.9806
39.9639
60.0575
21.7038
43.6251
54.9395
27.0536
65.2789
69.4758
65.5189
81.9939
22.4594
50.0372
36.4747
85.6489
81.8208
93.3075
87.31
136.721
87.9824
78.3127
122.196
74.5937
27.6494
48.6752
78.9499
260.087
41.5989
87.9138
39.8036
172.05
12.2315
68.1405
27.3296
78.8686
38.0025
24.5981
26.3889
72.7717
75.6558
43.148
98.2917
34.0213
56.6468
13.4835
114.056
104.605
65.5573
41.4373
27.4762
33.285
58.2255
111.039
35.4117
100.253
176.622
32.7729
32.8365
71.4958
86.4335
40.7997
31.8051
70.2042
37.013
29.9489
24.0296
109.798
153.121
55.4378
103.994
63.6184
147.514
52.4296
23.4455
18.583
75.2659
38.4191
122.851
83.0937
21.3961
39.3419
73.0803
37.3154
58.7641
114.153
105.428
32.8467
22.0832
46.7278
56.0066
84.8222
211.64
105.948
72.3282
130.935
40.3828
24.5786
88.0896
77.1863
36.2254
103.724
86.4104
47.1391
22.3365
20.4225
70.0515
56.3317
240.319
30.5286
78.4248
21.2628
30.1362
88.8134
28.0133
95.4474
73.9931
160.218
66.3259
8.11553
48.8561
37.9405
42.5172
41.0962
62.6707
16.9327
65.0318
97.0336
42.1766
235.48
49.6008
98.1421
44.9151
53.2959
36.4318
28.7128
106.663
100.205
40.1029
235.142
120.042
146.702
108.407
59.6484
46.079
223.422
39.3734
68.545
58.7483
55.4049
84.2594
86.4934
60.7684
159.593
81.7167
48.1208
36.4622
120.315
24.5583
50.3564
53.0985
70.6162
45.2573
31.8921
37.4721
77.8686
27.5181
48.774
52.4244
20.694
109.569
30.5625
31.96
61.9764
36.0251
40.3761
118.806
48.4083
91.5822
44.24
53.1713
30.5274
73.9333
106.826
55.7218
30.5303
59.4056
11.2287
44.0213
53.4815
100.676
117.909
22.4566
109.759
127.083
31.7883
62.1573
18.6602
77.4111
30.8225
24.6962
26.975
66.0563
24.1559
29.3525
51.0598
35.6855
19.8413
40.2011
84.7189
48.1728
68.4037
27.604
19.0132
79.8209
21.0404
172.167
84.3133
90.0907
21.3298
91.3024
140.923
27.9558
14.0711
77.9695
39.9215
98.0842
145.675
74.9148
132.137
138.681
20.7918
18.0987
18.6336
142.126
68.3632
80.1699
111.442
113.325
74.9171
126.129
32.2398
20.4084
64.314
40.0119
22.8022
80.9898
79.7879
104.922
59.655
127.558
39.4262
103.948
40.602
62.3606
15.4821
30.4959
39.9998
79.3537
41.2056
75.4564
68.9808
56.6455
33.851
163.651
105.307
31.475
79.0177
54.1349
40.2883
87.9506
17.5379
203.565
71.5548
113.186
42.9237
30.5458
89
64.9048
49.592
39.2612
55.6723
45.0119
34.5296
54.8028
20.3236
156.264
44.4619
20.4356
75.4965
105.191
62.7338
53.6664
58.0023
24.9474
129.039
41.8277
59.1178
20.3197
130.34
24.6167
64.0824
110.663
87.9811
17.7184
56.4788
120.87
58.9366
91.2916
37.9483
29.5351
40.808
98.3882
42.4256
97.9239
44.7479
19.8444
38.5696
64.474
24.7926
133.384
78.27
54.1563
107.171
75.6918
56.8341
35.5526
102.701
23.0423
15.6621
45.7712
16.0683
27.6099
81.5293
34.7179
20.0051
71.16
74.6851
59.0592
84.2227
65.3742
65.3914
55.4901
27.2847
16.7379
76.7157
88.9496
41.2469
95.1638
43.1158
110.573
230.976
58.8944
77.3166
101.312
54.8634
52.8766
61.6656
68.428
50.2886
69.0553
74.69
36.6461
42.6723
100.703
59.0653
21.5965
75.3372
59.3568
72.842
63.4375
61.9114
35.649
25.0778
161.233
22.0716
16.0519
118.799
102.109
95.3304
75.2595
91.645
104.817
47.9533
100.152
146.7
38.8575
20.6958
70.4853
39.4815
19.6277
100.672
79.5937
31.2691
56.1532
61.4268
60.3735
57.5449
46.7997
94.185
82.8161
210.207
42.8858
22.5919
57.928
21.1008
54.189
23.9314
87.8475
24.6106
42.9069
63.8422
27.4546
22.787
45.3432
93.0904
15.3749
97.1495
49.1836
24.8027
68.4793
105.355
29.9223
77.1787
52.1961
22.7059
107.285
44.709
45.5497
94.1693
23.5167
52.4717
144.686
26.8833
52.9875
194.813
41.6276
61.3309
50.233
74.5622
53.0118
42.165
49.0015
28.2931
52.3473
29.2126
47.619
78.2385
138.475
28.4375
64.0945
76.7
51.0668
37.8842
97.1733
24.178
28.1826
61.5536
27.1767
24.1629
133.893
38.2566
76.0776
55.6574
33.1249
43.7238
114.069
74.9188
55.5963
171.454
20.4448
53.1628
93.0919
53.7086
18.8522
34.2389
31.2681
113.076
64.2086
156.613
65.4827
35.9012
54.4386
46.0023
62.9995
25.5265
49.0885
19.3708
30.7759
135.338
32.7232
175.163
115.043
56.0427
82.0984
89.1872
49.3073
42.9865
89.1607
40.5876
31.1532
79.7557
265.628
82.2224
59.1036
29.3327
249.22
63.2057
56.3808
91.3018
232.894
41.256
99.249
104.909
58.6587
10.899
20.0147
48.8229
73.542
42.6648
160.76
72.4137
208.596
179.628
81.5344
82.8333
47.3472
107.2
78.3964
288.782
56.5531
61.4118
50.7492
123.261
42.7175
161.722
73.7637
60.1623
26.2762
49.3513
28.8656
39.4706
144.533
36.8451
25.9445
31.9289
52.2306
19.6783
24.1516
112.981
34.7202
11.0326
66.0758
19.7523
40.2286
61.742
105.669
21.3155
43.5504
76.1713
74.134
142.296
86.607
100.975
46.1319
69.5025
64.2797
62.6801
66.1656
10.345
44.3648
67.7183
22.1337
31.6345
30.6257
35.6818
30.5298
113.998
102.129
15.752
61.3026
57.0139
35.1906
57.8259
22.8843
32.1002
50.649
88.6521
18.5745
124.278
141.032
42.0226
16.7742
32.2091
65.2632
29.3744
68.1548
46.1026
22.4384
145.647
96.7136
163.027
105.278
19.137
45.5827
67.4863
213.125
159.18
35.8556
42.9194
20.8643
26.5983
19.9796
48.9039
39.8171
68.9765
46.6095
73.6913
86.3761
17.2748
112.016
219.832
25.0455
16.7437
56.6678
22.2169
86.2865
85.4303
16.0241
38.8891
37.4912
56.9178
73.928
102.999
54.1733
32.8938
74.9589
42.9679
86.9151
48.9481
59.4247
156.703
45.8523
45.7672
53.1672
76.9461
141.822
75.7679
99.1021
53.4758
150.006
40.4981
15.1747
71.4577
101.866
78.9715
133.594
78.516
66.346
105.587
101.502
27.4921
83.3925
85.4336
84.3943
39.1884
22.656
92.9136
131.836
99.7509
24.3862
40.634
37.0495
82.3729
33.2362
17.8764
54.42
49.3466
31.1273
39.5356
64.66
67.6415
39.4005
50.3131
27.9669
48.2096
30.4574
30.9566
42.4643
18.7746
20.2988
20.0405
170.666
29.8117
66.5378
56.4635
47.4073
49.6604
82.9088
52.0305
97.5633
19.7954
57.7907
105.856
93.1564
185.96
55.5225
37.9187
28.4458
190.793
45.6429
43.9254
102.298
70.2999
26.2946
51.0392
16.4081
72.9452
66.019
26.4025
37.8628
32.5807
33.5015
33.7944
144.5
49.2879
29.7609
146.818
94.682
40.7536
19.1721
49.3633
29.6206
37.7367
17.6946
44.6901
51.4998
20.3976
48.807
82.787
33.2136
44.1662
23.9939
14.2787
48.4414
82.1376
102.485
151.996
82.3236
92.6979
264.022
20.8192
24.5167
49.5165
79.69
96.5161
89.0025
32.9097
48.6856
64.1738
38.6684
38.8647
37.0084
45.0985
98.4621
108.813
64.0133
23.8659
64.3676
19.6861
70.1996
46.055
83.1596
43.9387
38.8273
13.8613
44.7772
18.0199
52.046
108.616
48.3744
27.1494
143.406
46.7029
48.0218
20.9192
54.3741
116.447
27.1967
38.8864
93.0151
44.511
41.8772
72.3671
59.5656
10.8963
27.6837
82.5984
67.7238
45.2709
78.0806
29.9021
44.8047
79.041
53.6374
65.0379
35.8413
79.5211
78.9263
86.0325
29.58
40.4688
308.386
144.885
20.8843
54.1438
129.649
26.9147
44.0935
45.6222
23.1691
37.5541
29.4982
36.8624
63.8125
55.2509
20.9685
84.0069
81.6752
21.4377
35.1635
53.8559
113.046
129.241
21.6027
50.9688
31.7174
103.364
23.2009
225.163
30.0106
115.425
75.4603
14.5339
42.9778
29.9059
55.5113
60.4763
49.0871
37.5482
24.0854
46.6838
80.8261
22.5302
38.357
81.6857
62.1305
62.5418
98.4608
27.3945
147.931
192.812
16.7994
40.1258
37.8149
68.8541
66.409
41.0444
99.0896
15.262
85.2746
79.3015
28.8564
30.1723
181.586
117.55
26.2035
16.4885
17.1049
39.569
113.864
17.445
38.5708
42.5
31.7516
115.281
69.1493
45.3729
26.1507
107.499
101.743
29.6023
24.5301
101.755
76.5039
129.02
79.9177
32.0443
132.483
86.0452
35.0592
41.6852
38.2237
55.1013
16.8429
30.2756
46.0119
45.8563
34.4744
11.3885
34.4604
108.551
48.8576
58.2745
80.173
25.0667
47.5892
19.75
38.3545
22.3573
145.326
33.2364
28.3991
37.7419
37.9536
51.1578
87.8924
89.0028
14.5982
36.884
61.4103
83.3367
68.5205
70.926
96.5539
38.266
89.2842
105.903
117.996
35.1595
36.1504
28.1324
119.409
32.3663
107.164
56.1048
73.6918
149.496
75.4216
29.0582
70.5994
84.4654
37.9022
67.9775
22.7896
56.7572
123.536
19.8783
118.661
91.8013
134.488
41.1615
32.8312
53.1412
93.9106
17.1206
78.2803
89.0108
140.493
25.589
24.555
85.9727
43.2439
72.6224
17.4261
37.5759
24.7241
51.8788
46.941
15.1636
41.4264
50.7212
36.4765
22.2692
59.3834
111.097
158.417
58.8651
19.1274
33.4238
66.8542
127.817
63.0257
180.596
78.8994
162.851
47.0989
145.872
74.0716
43.3607
35.8645
18.1697
187.412
55.5968
33.574
63.4772
51.0914
33.3775
156.193
98.905
75.4543
127.028
42.3974
26.432
57.4063
31.11
151.576
46.4596
62.853
147.605
163.421
155.668
78.0654
248.91
30.7547
31.9116
87.2399
34.3347
46.5742
61.3726
97.4083
87.8686
25.4153
75.1799
218.395
91.3537
147.369
63.5499
32.6444
41.891
31.343
37.1645
24.3953
22.6023
64.7873
30.3653
24.8746
81.2167
36.8857
47.9881
148.724
43.9916
18.5346
145.016
15.3244
20.9988
36.5735
122.841
101.387
37.4314
63.8988
24.14
115.316
155.959
74.4665
125.284
123.093
29.9599
63.7174
37.485
101.313
48.2786
63.5923
43.3668
16.0165
76.2824
105.174
52.8536
38.9183
79.9239
67.3847
19.9909
60.1625
32.3532
55.9945
45.0714
22.0522
38.0164
43.7926
42.7665
59.648
18.1457
98.3508
110.888
89.0647
20.4052
200.728
72.1866
154.106
56.0536
45.8454
78.9988
72.4578
119.842
69.4458
32.8143
42.2234
189.479
66.3671
74.9181
81.194
138.207
70.8939
63.2431
29.125
42.9745
185.155
63.3445
70.5919
61.0387
127.153
37.2113
34.5301
37.5689
46.0068
81.2219
35.6366
20.8945
97.2756
36.7532
110.489
20.0217
26.4418
46.9058
127.517
44.3291
79.2647
22.0439
20.2602
76.4474
109.652
61.8682
68.5152
13.1871
139.54
35.0419
17.4428
32.932
41.2515
30.2945
30.2611
118.938
116.754
23.5457
146.186
83.3684
149.481
55.3128
32.0083
25.2932
20.5227
59.4808
118.664
36.9662
70.6835
64.3413
61.1306
38.0156
76.0493
36.0884
75.28
48.3625
76.7829
36.4243
33.4691
68.5144
37.3967
110.017
40.4637
101.762
79.4985
61.4856
27.7271
67.1645
22.0137
39.2366
42.1706
52.2427
116.589
18.3892
87.2763
24.3364
51.1079
26.2487
139.801
26.1753
192.863
51.4882
93.7233
59.9708
13.5544
127.968
34.6164
59.4641
11.1967
36.8406
178.775
30.953
22.9138
136.314
80.9961
157.736
30.3508
46.424
185.243
32.8123
24.4223
45.3751
35.9528
48.7818
109.005
41.34
105.711
41.6765
22.4861
117.303
20.1476
44.4604
29.4942
106.878
53.2103
47.9204
232.753
168.198
41.7907
116.929
131.21
42.2565
84.5675
30.7285
51.6501
120.269
45.2097
68.7479
128.116
56.5565
56.9101
29.6184
70.5354
67.4873
105.568
35.0319
81.9614
18.8215
144.991
92.8637
174.518
95.6029
104.687
40.6383
39.4434
55.1019
106.834
46.3559
48.7811
30.4615
162.92
49.2901
41.2633
50.7318
68.7917
13.4598
66.5293
73.7649
38.508
38.295
114.062
38.5127
127.519
94.5027
45.5139
81.8014
25.0381
69.498
36.8577
12.0169
60.4106
63.3918
24.4668
76.8808
41.4774
92.1865
70.8822
98.8219
54.1664
17.2097
41.9987
85.6629
94.7103
9.97126
16.4177
63.7204
44.024
35.1753
165.906
89.5147
25.6713
38.6866
16.4779
28.2729
64.4279
30.5551
65.7804
32.5536
79.6794
56.0142
26.2811
125.48
80.533
143.43
44.3738
51.5775
23.2708
17.0567
74.2314
21.3228
77.5091
58.2404
63.2723
39.9589
76.5764
54.6181
18.9013
332.153
23.6604
82.4322
147.914
14.4724
77.5887
16.776
52.47
227.106
36.6632
76.3089
45.7855
87.8501
173.783
43.9352
57.9384
171.708
56.743
115.305
60.2171
44.9188
128.929
15.6121
70.4542
234.766
31.5431
17.314
87.1532
159.4
66.1328
51.6276
57.004
98.4589
19.2126
26.2177
162.35
84.7834
24.2883
109.613
68.2992
41.5089
133.854
46.0655
116.071
84.5734
41.9393
35.1771
57.3436
114.48
189.882
80.0716
24.0358
37.4198
15.1253
32.7034
36.0918
71.5537
63.2641
127.988
62.2771
180.09
111.832
56.2483
26.2816
32.0646
18.2311
28.2665
46.0704
46.0034
20.4928
56.0651
41.8456
192.24
21.9129
24.4434
12.9107
19.739
52.1147
41.8051
58.0284
133.17
181.699
62.7247
152.925
33.3685
31.7898
25.7595
205.5
37.088
63.7535
18.8724
133.105
105.531
104.205
22.7459
54.5009
73.2092
32.8585
100.172
192.446
18.2066
93.0905
70.5431
16.7889
94.4644
44.3574
35.0211
23.5185
139.307
101.371
48.3167
131.006
60.9058
43.747
54.0514
24.633
78.0586
33.7593
47.4172
48.7754
15.7664
48.7985
40.7172
111.814
45.8826
20.8175
23.7358
170.2
48.4059
85.7912
74.5395
35.4515
78.9703
22.9549
173.384
13.0707
77.1514
69.0929
74.6815
116.663
46.997
100.421
38.703
41.8555
7.21784
67.0433
69.1852
14.4593
13.9953
68.496
32.1071
119.83
40.1897
28.2538
87.6429
78.1115
24.0222
66.2818
29.7257
18.8101
29.0062
41.1535
33.5756
62.5785
14.8515
82.047
52.3544
13.0896
41.2629
25.9814
94.9197
169.626
63.7332
267.632
72.929
105.608
33.624
45.3754
59.7083
71.4835
25.368
47.5597
87.8167
58.0929
44.9134
51.7082
63.8328
32.6472
53.848
31.0366
43.9086
62.3338
46.2777
55.6281
48.5866
60.7183
77.5087
40.8283
16.8162
57.4253
28.6534
64.2722
30.6581
73.8935
41.5832
43.6039
43.8894
31.2476
230.011
37.0991
27.8202
31.7931
47.4437
84.8533
28.4687
53.6045
75.6264
55.7668
146.245
40.7564
177.843
136.703
52.1999
8.80432
38.5472
86.8574
85.8785
28.7196
39.5623
44.9498
75.5216
35.8391
180.237
102.965
45.8782
30.184
24.6952
60.7489
21.4764
113.841
44.7262
51.9472
105.292
38.1211
58.5959
29.8056
36.4907
31.8073
39.2683
144.284
46.6518
33.1772
21.1083
145.844
35.5367
143.28
84.1496
154.194
65.0397
96.848
139.783
70.7278
87.9383
60.8253
45.4448
48.5678
156.454
22.2602
42.0339
29.4737
23.1281
37.522
29.5623
91.8689
87.848
13.0286
95.3055
37.0105
66.8006
40.0238
63.224
55.092
15.2666
75.2871
36.2102
45.6071
27.242
54.9199
51.3342
26.6595
25.7492
42.0908
66.6707
184.123
86.1825
42.5064
124.113
189.943
69.8981
57.8438
76.0499
18.6539
42.84
20.6641
59.9032
28.4753
51.1076
52.789
149.764
41.7316
168.108
24.0533
110.562
49.862
65.9429
71.4361
67.2482
95.4111
94.7163
220.215
22.0989
103.409
31.606
33.9469
106.063
176.899
160.317
24.5456
74.9616
24.8425
31.3241
54.1779
76.8718
18.4401
30.7192
85.5103
57.1915
184.887
92.0048
28.9493
72.543
15.1597
76.379
79.641
49.4114
54.6727
40.5981
44.6828
79.5823
109.399
70.951
83.0589
244.218
14.8792
29.8269
38.4768
11.4606
71.8993
44.2704
47.0923
50.6211
104.504
66.4997
66.1958
21.738
19.7335
11.0895
34.6606
21.2087
142.856
95.1235
94.4343
104.629
101.339
122.57
36.3509
50.7494
103.114
31.5067
49.4688
42.184
32.4821
131.758
32.8822
44.0876
78.4584
169.563
85.3811
72.4343
37.288
20.5305
41.5923
112.887
55.8936
83.7762
143.863
28.2239
101.323
54.1964
67.8929
41.3996
17.7225
78.4481
85.3539
39.4046
146.928
30.6938
20.6302
29.7601
30.5459
12.41
48.5699
23.9211
40.6378
29.7534
89.5062
115.128
65.6411
141.322
106.681
17.8941
96.0703
44.8274
25.2321
21.1215
26.5616
48.2465
17.9293
32.5122
39.9891
36.0171
87.0002
58.3298
25.8733
85.1793
73.6848
55.9416
136.05
19.6794
30.6981
46.2122
20.4692
36.047
45.8881
80.0722
22.8962
37.9687
205.576
138.801
71.0231
45.8084
36.8966
45.2765
76.4413
61.7959
68.3581
23.6184
83.7641
231.069
32.3632
94.9196
20.8448
91.6309
79.1496
178.943
48.4647
125.47
105.973
27.2295
47.2919
38.458
139.888
127.057
92.4092
46.6191
55.3984
150.059
24.4211
22.0767
130.613
134.324
105.13
59.5009
25.2298
23.8303
78.2824
95.3019
35.0263
426.437
29.7434
97.5924
58.8173
27.4442
18.2419
28.299
36.9914
23.662
22.1011
82.7425
57.9101
82.654
24.7345
65.2051
109.956
17.8811
117.61
39.7917
16.1768
127.941
71.7306
39.4316
77.3854
15.9619
36.7934
39.927
34.5188
45.8061
112.035
56.9009
55.6485
69.7797
165.527
93.5604
91.8714
46.7383
47.8428
94.8837
21.9811
59.7239
58.6177
70.1195
57.6318
16.3152
36.3988
42.8279
20.3942
50.9253
107.111
114.598
160.163
91.4047
69.4661
34.7105
74.3645
61.119
73.6414
244.858
37.8066
43.576
49.7318
121.879
50.9992
32.6369
37.2248
99.7227
47.4946
90.3191
144.774
20.8916
223.874
45.4766
52.4144
196.835
68.7897
54.4962
16.8508
34.9863
21.4991
34.2903
51.5345
70.0909
25.3207
21.3366
59.7
14.801
93.434
24.5476
77.5439
50.734
19.2755
26.8561
128.983
102.86
85.5369
130.094
25.3561
129.603
29.1469
67.6093
51.6017
51.057
54.8505
74.0025
31.9296
23.575
128.713
17.4129
141.388
132.954
100.186
27.8137
36.7965
143.618
99.5406
58.316
123.452
84.4383
84.1556
72.7493
116.707
73.0246
40.983
21.2958
18.9779
49.764
43.7318
89.965
34.3051
17.2507
94.8411
55.9108
41.8826
71.2013
126.729
47.6278
59.5126
43.4429
39.5399
43.0203
48.0447
78.0405
46.8571
26.957
54.3862
71.5508
41.5736
42.2256
34.9748
47.0555
146.602
36.1177
128.379
15.3555
131.011
65.3088
32.2907
27.4195
85.5361
41.6073
21.2706
48.7572
61.8003
82.2405
61.2383
61.9358
91.534
116.731
26.4039
79.9749
72.9364
22.5896
62.8955
18.4632
29.635
37.9943
94.8844
67.8151
39.5528
139.696
130.943
28.4295
66.4297
23.7328
132.998
79.3706
25.8315
55.4888
103.451
21.9187
63.1804
90.7057
37.7118
65.3063
21.5493
50.8315
46.9623
13.8616
63.8559
64.3762
78.131
32.3779
90.1758
52.481
63.3975
42.6658
75.2626
66.5923
37.0093
78.9934
28.639
41.3717
95.3078
204.293
72.8225
133.16
18.3465
67.195
44.6245
80.8758
82.2929
19.5345
46.1674
152.976
24.0959
138.738
31.2065
20.6001
82.5865
25.2396
74.6319
48.468
70.9662
35.9895
108.229
67.4891
210.257
16.3989
34.6208
24.8769
216.378
78.6806
90.5672
40.146
64.4183
36.6037
69.5055
72.7726
99.5476
149.273
200.541
110.782
30.9391
28.2582
37.3005
70.9285
69.8909
173.185
63.3834
35.7838
101.038
59.3807
141.957
31.7042
50.4192
127.182
33.7339
61.2171
33.9761
26.9402
19.6766
83.9307
29.104
66.6774
36.7142
111.639
62.293
47.8357
46.4721
21.0035
49.9521
51.199
152.98
28.5034
45.7282
40.107
46.0713
79.4039
74.2763
81.2298
138.702
57.7355
24.0966
87.9919
118.596
113.498
43.0342
34.5642
22.1222
78.8163
19.3253
34.2039
63.5427
52.2922
80.0934
34.7074
57.9474
100.212
57.8358
56.1945
51.3371
56.2428
37.777
69.0065
38.7589
334.489
39.8475
23.0198
76.7206
82.4943
23.2163
22.8841
105
55.6879
64.4376
81.9177
67.4227
123.825
103.004
66.1409
50.9462
67.814
27.9638
119.577
52.6864
41.666
179.97
157.321
210.058
62.9051
50.7358
217.266
83.6884
82.0418
123.08
91.4418
131.113
17.4415
38.9949
24.8104
73.6754
116.071
68.2588
112.382
29.6126
41.9282
73.1178
28.0397
35.2769
102.685
24.925
45.2401
22.5138
22.5743
57.0778
43.8341
31.1246
30.4637
115.444
45.8971
50.8455
59.4257
117.193
67.1094
93.6654
25.5882
30.6222
49.3179
69.8852
22.3337
20.3549
72.3392
15.1354
35.479
25.0856
53.773
103.505
23.87
78.36
39.7886
57.6717
46.5186
142.121
57.2514
16.8464
84.6153
175.163
65.3485
103.719
67.8125
90.0419
29.6281
37.0904
111.542
37.6607
24.6723
24.8231
93.3978
76.0721
141.042
25.3324
59.2619
24.9712
86.4178
70.1121
49.1865
206.593
136.277
75.5519
27.5157
34.2166
120.028
45.4534
164.695
99.5464
12.0914
53.589
86.0831
50.7656
37.3443
14.5153
82.0076
57.2892
38.5748
54.379
9.46827
34.6926
23.8768
55.1036
51.3789
48.818
86.2722
112.62
32.6033
42.8408
40.238
147.04
79.7347
47.6476
153.791
31.2741
65.4353
98.3374
64.672
28.6954
77.2187
41.9149
46.7488
52.5314
57.4593
40.1392
28.3609
53.2866
36.2182
30.5743
26.0706
47.3503
121.507
58.7037
28.7429
45.8367
90.4711
81.4127
29.9947
95.1599
47.8627
112.669
41.0764
65.8624
90.3345
118.501
77.1984
34.982
43.1354
34.6934
19.1086
103.901
61.046
54.3378
54.9612
76.4249
59.8698
10.5011
78.4965
90.8464
81.0854
35.7377
201.301
69.7455
65.1803
25.4817
116.524
37.3703
68.8311
106.666
37.9304
40.4353
89.0487
44.893
53.2022
102.044
23.1043
91.1987
22.2428
143.306
44.6419
58.4698
40.7363
33.6193
36.4294
137.648
14.7413
60.6477
27.6552
28.8508
39.8675
119.062
62.9354
31.6102
100.833
47.3777
59.7262
131.427
41.4539
16.647
18.5723
48.4569
77.4261
139.181
38.7613
82.7094
101.834
22.7279
37.7289
41.4868
46.3671
50.6769
21.4605
36.0445
56.213
107.047
27.7681
60.202
28.3249
94.0494
75.1387
160.414
20.3797
48.1691
71.3898
20.7073
70.9276
44.6152
54.7286
30.6977
13.4765
163.303
85.0535
55.538
104.979
33.3213
33.132
42.6051
70.0135
201.917
70.4305
126.153
48.1653
27.5192
40.8049
48.4697
66.546
25.9711
74.4937
27.1826
156.844
15.7144
74.3319
97.799
24.5252
53.8759
52.9033
44.5821
57.0786
74.2563
47.0201
23.6172
85.7607
53.8274
105.096
65.6357
87.5283
53.1072
90.4197
25.1898
166.814
30.2106
142.643
76.1886
47.3843
44.9985
98.3221
19.0813
72.8366
93.1855
175.818
37.6806
64.2345
66.6101
20.2777
72.5404
42.2117
47.1659
280.019
85.9812
106.308
35.2366
123.311
16.4495
166.952
58.42
95.1314
70.0097
54.5838
105.273
79.2601
18.4314
135.103
24.0638
15.4783
29.2313
58.8017
23.5008
35.7825
63.0881
157.023
57.5763
233.203
31.0318
146.341
37.5339
68.6611
114.444
19.5156
15.6325
104.085
58.21
89.13
63.4639
166.102
15.9855
140.895
56.6264
30.1285
141.003
116.448
52.068
80.5835
68.0831
114.345
54.349
28.7194
221.57
29.0314
55.8248
42.4347
41.7618
181.596
27.4377
35.4188
86.0185
53.304
75.2307
60.9749
53.4796
49.6448
75.3895
73.2495
57.0328
19.4921
204.912
25.7255
35.2956
76.1858
33.5104
104.41
192.655
129.665
27.7783
25.3387
26.8347
72.972
21.6489
42.4049
109.447
72.4002
152.85
106.182
141.841
24.0619
36.4095
29.0864
66.5914
20.4735
16.2002
33.3333
130.803
48.7256
71.0396
59.2076
29.6748
12.3064
35.1077
59.9285
39.8488
19.0513
84.0288
73.4761
179.167
51.3389
33.8336
24.9659
20.0865
17.8127
53.2204
13
277.812
43.9414
66.7144
36.9985
50.7667
29.4526
70.1065
59.9489
63.7628
32.986
64.3942
96.2559
112.611
16.7218
51.5259
36.5698
35.1269
44.0945
120.732
111.713
36.8656
114.616
46.4023
18.6316
199.565
36.5275
73.8324
21.6273
32.0128
45.586
47.782
108.936
36.0233
150.475
46.0981
113.637
22.8899
62.2145
83.0923
37.6317
87.8428
59.8414
49.1146
64.4132
13.0914
79.3421
95.0412
20.2058
95.4489
50.7303
43.6582
33.0567
144.899
57.287
34.5773
69.411
28.7024
65.064
78.0312
37.9444
22.2543
31.4612
48.738
64.68
68.807
171.428
47.055
41.8351
74.0489
238.389
17.8161
43.2525
13.4976
15.3843
30.7252
105.342
61.6744
33.8762
98.402
45.5259
272.418
93.3594
21.3331
63.33
85.4494
65.0374
41.3504
66.231
65.7954
37.5816
23.0973
65.427
37.9521
69.4791
92.7175
54.5965
56.685
217.265
15.4007
65.4241
22.9451
84.0514
44.7454
17.9091
39.7669
19.0749
39.5811
34.9811
66.813
62.7174
110.535
56.0957
38.7357
32.1907
75.5897
141.961
98.0954
50.8936
30.5393
44.4661
80.3115
78.553
47.7374
83.9458
229.218
100.171
23.7768
28.2492
30.1972
104.984
77.3859
33.6978
60.5385
119.16
25.8925
35.0763
128.561
27.6592
118.797
28.3382
35.7968
65.6901
91.8126
31.2429
36.3605
158.113
44.3682
20.6457
17.5372
57.0419
10.807
38.3603
92.062
66.3723
161.814
86.6718
70.3653
109.086
53.647
36.7506
19.0367
47.9486
94.3558
20.9827
27.874
123.721
44.7711
24.2091
70.0199
101.948
65.4051
25.7872
70.6623
160.884
87.4922
30.501
44.0327
27.5609
171.855
156.16
67.6359
61.8459
32.3134
44.9292
92.7411
50.5017
79.7291
44.1168
75.1157
47.1509
37.9709
137.957
25.9249
56.2597
16.0717
20.6125
18.7108
22.8877
36.4171
50.4473
36.3138
49.5594
59.097
57.19
40.9602
98.9155
159.237
72.3303
69.068
166.252
96.8111
33.9123
64.9376
101.769
75.9404
110.417
31.0571
76.6664
93.911
61.9018
45.5275
48.6692
155.19
71.0886
23.2244
57.6321
93.5762
78.5022
55.3997
224.922
86.9358
237.178
17.7015
89.53
21.9111
30.7108
43.4292
178.329
49.5333
18.3407
104.473
51.2111
41.1943
8.58085
51.1116
258.886
27.5166
118.19
61.3501
37.9697
46.7754
73.6052
15.8901
42.9618
22.0858
140.3
36.4121
67.1003
39.6462