34.2858
74.9061
136.956
17.708
47.1499
98.8022
62.5566
54.721
24.7325
43.685
15.2683
110.094
103.244
67.1685
20.209
28.6457
44.0225
19.0458
59.5676
48.4501
57.1311
20.3655
43.6561
35.2944
18.8724
38.9961
17.3611
15.1032
60.7128
29.375
42.5558
15.4385
101.371
26.5536
14.5727
45.3674
64.1294
54.0903
28.8828
26.1664
35.8877
34.4776
82.7463
80.5389
40.0934
13.0193
35.8483
24.6277
50.8769
55.4725
30.7355
52.5931
20.7777
64.4503
79.4288
60.0925
125.081
41.7665
16.1581
33.8121
77.5722
61.1371
47.4101
83.4488
32.1367
51.9399
43.1484
71.5958
76.2223
77.5462
23.6535
33.5098
37.7821
64.0195
31.5023
18.3958
49.0016
28.6944
93.2461
182.299
135.566
33.7461
33.9601
145.157
19.4717
36.0265
20.8649
181.004
218.045
73.1946
38.6293
31.4775
13.97
38.2997
66.261
61.2763
54.5324
24.8401
24.9141
62.586
18.2496
33.1373
36.0358
41.9176
86.4058
105.925
71.809
90.0057
85.1907
35.8841
46.3252
45.3122
72.5211
10.8978
110.77
62.151
53.6726
23.2702
79.3031
50.5245
66.0685
32.8136
58.0941
103.886
54.2671
37.2151
39.3657
32.005
72.3893
69.8807
31.4975
32.5615
28.6944
48.861
48.5575
44.6324
37.3114
40.4935
130.137
39.4654
36.3514
134.6
79.9631
16.875
56.4288
20.2361
107.629
68.8832
56.2805
34.5126
21.2587
35.5901
22.0962
16.3712
48.9901
22.6768
16.5722
107.072
12.6822
47.2879
55.9991
28.4271
79.2338
35.8379
40.5693
25.4664
55.6194
50.3044
21.0433
61.3008
63.4193
49.9295
42.7601
60.6979
99.8334
67.5793
122.324
70.0413
20.8142
38.4014
219.079
19.3029
26.8055
56.4602
21.3903
64.1196
107.175
37.2368
60.6566
13.5546
20.5172
70.7248
32.4756
41.7734
31.7925
11.2094
40.7058
33.7338
22.1914
25.364
38.1623
135.993
56.7476
54.5847
76.1554
96.8829
33.1525
55.4008
51.1072
97.1236
35.8288
41.8751
19.266
129.116
236.503
118.524
22.5966
36.2138
27.5167
75.2782
55.5423
166.122
29.0587
102.132
22.6309
29.9365
84.7229
25.0841
48.2011
47.0646
30.7324
59.7716
30.7416
36.3571
112.356
23.8585
39.9391
69.6085
48.7313
26.0675
15.4438
129.916
45.7675
32.8602
58.702
87.2286
63.6638
51.7812
63.369
69.73
31.6515
11.0343
34.7255
48.5401
42.3661
36.4864
19.3912
19.3034
64.6288
99.8244
51.619
72.8146
35.6698
51.4073
32.9206
146.922
19.0865
82.6853
43.5836
12.6804
41.8894
41.6552
26.8892
56.375
204.54
40.1995
74.8809
76.4932
27.1777
42.5798
55.483
173.88
81.4051
34.9205
20.8955
35.125
36.8664
34.9921
93.6069
22.3556
34.0756
78.8696
28.8818
51.7557
42.546
11.209
32.6394
33.5969
72.915
29.5704
48.3618
20.8393
59.8014
40.6627
103.987
36.4561
28.8488
33.2946
24.1283
74.9903
262.178
104.926
31.8994
33.8471
34.6503
44.1827
30.8985
82.3651
91.363
33.3247
14.8461
26.8075
148.589
65.1891
25.2199
51.4657
102.375
25.027
76.7296
34.4172
39.4567
27.2755
12.8241
32.1328
41.2163
96.348
50.2234
87.8534
74.0778
57.1504
40.2092
30.236
26.5503
131.409
54.8573
29.234
18.1207
70.719
66.7941
36.1885
33.1886
26.6681
128.589
56.261
33.0386
45.2791
24.0152
94.6596
65.2819
36.3684
40.1426
22.4177
94.6643
17.2313
119.272
31.6069
36.3541
71.6088
41.6181
111.173
14.5604
26.3394
45.2279
24.8206
35.2801
37.1751
18.9739
97.4394
75.2199
40.2621
41.7572
33.5789
55.276
18.9421
53.5705
73.7328
30.9963
18.2796
23.8945
15.245
38.1458
82.8347
45.7528
12.8364
31.9439
94.6047
10.1132
61.5401
148.401
105.405
44.9189
73.1717
69.7597
106.006
20.6319
51.5241
22.7211
18.6837
79.5011
82.5177
71.6627
90.9873
77.3581
119.643
28.7054
37.551
58.3092
84.6648
26.3084
76.2834
31.0682
34.8661
102.417
25.9576
14.5236
76.6377
125.739
35.1619
131.059
49.1667
152.282
23.6588
50.0639
72.6363
38.6779
32.5214
34.2628
30.3199
49.7043
25.3116
122.296
57.3746
58.1099
41.9223
117.18
50.7365
30.7112
13.9998
74.631
55.1347
158.679
59.3684
111.407
28.416
61.9107
34.6942
23.7658
47.5101
26.8579
42.9827
23.6697
83.8941
41.1362
36.457
59.0971
38.4701
45.5285
37.4571
37.432
27.9927
46.1308
55.6604
50.3911
35.1059
39.549
39.2204
100.497
19.5471
43.3155
97.3171
30.279
51.6817
29.7256
171.772
17.3218
104.227
131.321
74.4787
27.247
71.5992
13.8293
19.1528
26.2056
28.8977
26.0581
43.165
25.63
21.8084
58.4135
85.0162
31.4057
23.6698
32.8142
45.4019
47.1156
133.924
82.8877
58.9417
56.7127
31.2685
77.7428
36.5109
23.736
33.8788
34.7195
41.8201
25.444
40.014
70.0811
59.7307
68.1255
71.1329
71.3223
23.988
28.5917
34.2317
60.5069
61.4097
21.775
54.9043
32.7598
118.26
15.2311
22.2566
38.1648
53.6874
39.1239
24.7787
115.257
40.3871
44.5727
112.82
56.4619
56.2779
44.9224
68.711
42.6998
80.1303
39.4469
27.0854
37.0763
30.9649
67.7584
39.6018
18.6221
70.0908
33.4499
135.044
54.5148
31.0138
92.0093
20.5548
69.431
35.7322
16.0555
84.3866
25.3878
75.8774
56.9381
55.5033
57.0917
87.602
99.6107
51.8865
50.211
28.9988
51.7389
41.6078
33.7967
28.3867
40.5681
35.691
37.2762
26.5186
32.4
86.8345
65.1644
43.1129
40.3484
45.2764
54.3696
16.767
75.8278
78.785
40.5973
31.4107
40.1385
229.187
36.2843
13.3844
71.8347
32.0924
77.9416
61.2817
68.354
68.4592
76.8136
79.7798
77.191
38.9903
33.9782
15.9164
77.2489
118.298
17.6866
25.9527
35.1191
19.6518
43.4895
57.6239
115.202
74.9143
36.1654
99.6772
54.0979
33.4316
32.3168
33.0691
110.255
16.9814
64.8239
17.9375
44.7755
79.6399
32.5495
32.494
65.5708
45.641
43.6746
33.5969
73.7589
77.3889
62.1623
37.5789
44.9114
93.2771
18.267
39.9732
41.0565
18.9734
135.476
89.0982
22.9976
31.2468
14.467
17.889
137.817
60.1474
59.6281
126.572
105.466
66.5267
53.5659
74.3931
102.111
18.7515
12.7164
145.964
30.3787
11.3459
20.0123
17.1618
29.2446
28.9909
30.9418
50.2671
46.0882
13.1459
21.9486
58.1542
30.1834
84.322
33.5511
26.1853
46.2825
58.322
12.7999
47.2771
21.3902
29.6565
53.6695
28.147
23.5647
54.4837
19.309
66.8154
44.5911
56.5886
23.326
52.2322
58.4947
39.1172
82.4716
110.717
22.3187
88.0403
17.7336
37.8297
59.3118
16.0225
70.4851
19.0499
94.1824
33.4307
43.7812
51.7682
62.7298
56.9697
70.4882
29.1928
52.8732
32.0444
61.5209
88.9607
27.0288
38.8225
46.2801
62.7066
31.2603
79.4407
27.5653
17.3001
36.3886
128.314
24.4241
44.8851
29.8228
75.1198
29.4022
36.3012
42.2779
31.331
20.8413
95.242
127.912
41.3848
116.516
45.1068
112.589
24.3013
40.0428
72.9927
206.393
39.0114
94.9873
56.3427
109.969
53.4825
30.4655
24.2129
22.1649
14.0654
72.2109
42.4846
31.5311
35.3944
71.862
65.2499
48.7222
25.1224
19.6575
36.4624
18.1083
16.4135
55.3821
129.844
31.7189
80.7016
25.1342
54.2566
84.2051
19.464
76.9977
44.2457
80.4491
35.6113
46.0533
114.356
13.067
41.9758
46.2377
138.879
166.994
124.812
56.2894
68.9342
17.8966
89.3597
104.293
17.4461
64.4518
85.1604
31.496
35.7023
124.62
22.3997
23.8915
52.9869
39.7631
37.5596
54.9445
86.8643
55.2681
32.0957
48.5477
52.9215
80.1845
14.8736
58.7151
49.5541
60.9174
24.6948
80.108
56.2627
34.4454
27.9882
44.0642
44.2211
75.7891
41.9442
20.6132
79.5797
27.7515
101.781
25.8935
77.1758
26.2075
56.0349
55.6581
42.792
125.281
27.7906
10.0919
122.785
42.1692
108.618
31.7945
45.8559
35.9669
81.2267
31.4647
34.7471
39.6202
63.4286
61.0898
112.406
40.9558
51.6204
24.5343
20.5258
15.9037
19.8903
31.2879
60.0367
99.3167
83.0412
33.2401
28.4217
119.664
44.0765
19.9019
35.6892
85.4964
24.0218
45.1647
58.9752
47.2294
18.9305
121.601
77.8481
40.7449
95.806
28.4996
30.0479
84.801
19.7122
38.7929
93.0024
29.0246
131.309
31.2157
58.0901
41.5211
34.831
37.2889
81.1158
28.6719
126.181
132.554
64.3432
70.3383
23.7775
33.3338
110.439
85.2257
36.294
51.2802
41.242
30.3247
37.0246
45.4947
34.6115
33.2973
87.7761
10.4557
20.4747
39.2813
113.511
42.9122
69.8531
16.1944
64.0019
37.9777
71.3212
41.9322
33.8328
19.9838
55.2268
18.4959
36.953
42.1947
29.4029
67.5598
40.8205
79.2266
60.4875
54.3379
76.6838
72.6297
26.8492
68.1039
14.9219
30.5509
76.3584
55.9114
125.784
84.6448
26.2928
43.6246
53.6064
53.4238
67.0853
16.0233
60.4937
50.0266
17.9304
43.2092
52.8577
60.5979
45.1072
37.7593
39.2506
104.944
25.7931
11.793
164.762
40.2452
125.217
35.5602
76.0368
52.3063
51.6475
15.8904
26.5627
28.8016
22.726
53.0826
17.9737
30.4638
54.3996
13.3024
52.5762
80.4912
50.2927
118.634
116.321
55.7241
31.8163
50.5817
84.2829
28.7839
54.4488
40.5257
30.0349
45.7522
52.4425
20.0545
93.7744
12.1223
56.0301
107.526
99.4205
54.1699
117.976
29.4295
43.3894
59.6505
17.4405
18.9899
62.2876
39.8598
30.1949
51.1339
23.6789
17.7858
34.3706
111.039
113.854
50.8113
31.6925
31.8092
77.2058
33.5071
51.6425
51.2059
22.7745
28.8297
40.6209
37.0339
28.8936
30.1221
59.0319
45.7887
40.0643
58.2333
52.1586
22.2577
57.2353
29.6133
107.607
21.1914
35.9448
23.1875
133.432
113.814
52.7327
58.6316
50.6397
56.5346
51.9616
24.5791
115.166
17.2803
48.3989
62.781
181.787
37.3878
23.2816
110.762
170.267
207.563
32.2705
71.8736
73.0717
58.8217
19.0025
78.0994
33.8202
74.7859
43.3947
28.1056
37.7958
85.9639
78.1349
48.2295
84.9856
71.7625
25.1751
31.469
48.4089
20.3302
24.7237
59.8199
49.7083
163.186
78.3313
60.1057
28.1229
46.9922
96.2533
47.882
67.2118
58.8194
25.0006
58.4803
43.0758
72.8505
12.2953
86.2133
53.2668
34.3702
24.795
77.7098
19.9539
27.026
67.3883
15.6232
19.3132
78.9617
91.1034
27.1677
66.5759
28.0405
37.7111
41.2021
30.1434
42.107
40.6476
79.58
66.8712
23.3734
106.59
37.3625
26.8339
22.0052
33.3323
59.5259
203.447
33.0587
70.2139
81.9549
25.8076
24.4252
23.4905
142.361
129.277
45.4777
46.524
25.527
95.283
16.046
22.8126
54.574
14.0422
67.3043
39.5203
39.6537
93.5847
49.6144
92.2108
38.7178
106.397
87.3107
25.0312
12.8706
26.7295
41.6221
30.2376
15.2273
37.1222
62.929
117.427
18.5687
22.7777
88.7962
21.222
68.1652
30.9278
20.0544
17.4154
216.573
45.0799
178.632
13.9238
36.9245
83.3433
41.9375
89.266
189.241
13.3614
28.9912
53.2743
58.3964
61.9708
158.701
59.2327
54.753
64.0775
91.4445
47.9578
63.5143
37.4398
30.8865
125.124
36.6265
58.7848
30.6948
52.8585
37.0702
35.3037
71.0647
27.7621
35.0897
65.6798
81.5723
70.8663
37.2151
50.685
19.6493
35.6187
30.9253
28.8362
78.9372
68.7343
21.8974
58.8311
15.9475
51.8416
42.632
22.2228
61.4403
82.616
23.7476
74.6106
98.3717
57.6195
57.5323
51.5019
65.9258
49.8236
62.7937
56.9883
81.1148
15.9058
26.0454
19.8222
44.9404
54.9145
47.6914
64.5487
110.964
40.1171
26.8833
30.0907
50.8205
55.0162
38.2711
72.4216
64.9715
12.1475
19.7639
45.6451
33.7712
8.17091
26.4017
118.602
32.6689
41.3429
27.0355
14.0029
64.274
192.437
78.3906
68.4208
28.8044
14.0203
23.7899
61.0751
96.6642
85.4345
54.7689
35.2436
29.7325
75.7121
43.3419
46.2808
36.6741
23.1228
60.6866
24.3669
49.0467
27.9411
37.6248
20.745
34.599
21.8515
56.9847
58.4563
34.6281
44.2437
58.4668
18.8934
37.2003
38.3978
61.4072
50.516
8.63156
57.2036
67.7498
39.4234
30.7081
46.562
112.068
98.1283
143.127
58.1587
40.8506
68.3743
57.2637
32.0588
64.3478
21.9715
49.3964
19.2549
45.6978
22.3437
81.8578
60.6065
26.7623
44.6389
29.8185
50.9462
42.2514
46.0219
58.0666
62.9503
70.0471
20.1423
46.1768
35.9849
171.944
25.9607
135.733
12.6193
58.2069
125.428
29.0331
14.344
18.6389
44.9131
33.2215
36.9435
115.624
55.5395
40.1962
84.3663
87.5303
18.6749
22.2478
28.0311
66.3468
38.7548
34.851
39.9118
60.4908
47.0543
51.4328
57.5882
102.462
53.7755
63.6291
35.5145
25.0754
57.0872
62.6585
34.2536
29.751
68.7785
31.957
75.4532
46.2457
92.7149
32.9919
27.6732
129.932
26.0633
51.8818
61.1263
110.017
82.6779
35.0482
39.0446
44.4307
23.6668
40.0654
15.8469
46.2233
62.6402
41.527
27.8058
79.2592
34.7004
42.5609
55.9558
65.5857
30.9691
81.1166
58.3312
32.438
20.5516
33.4909
24.3353
25.656
42.5865
24.23
31.6683
81.4129
47.4405
23.5924
91.5721
73.5363
99.3771
53.1719
91.7644
92.1014
76.328
38.8593
41.0544
28.7467
129.236
43.3176
74.4438
69.1949
29.9009
65.0401
112.821
173.173
27.6982
46.9098
18.5587
36.4368
50.0496
29.7426
21.2794
26.0065
31.0531
28.6686
24.6225
36.2006
28.4706
22.8475
51.4573
49.2095
39.3403
41.5736
16.6481
16.3743
12.4702
35.102
27.8177
118.904
53.2088
47.128
69.1703
41.7615
20.3823
34.6636
183.228
66.5163
45.0651
23.3987
24.8866
53.1233
42.3866
44.6295
56.4158
30.6387
116.967
34.113
106.832
52.716
64.3594
10.238
36.2183
57.5826
64.5823
106.065
89.93
121.006
73.3473
33.6027
38.802
95.855
43.8819
40.7048
122.819
11.7355
21.1044
31.6884
105.644
29.5002
66.6367
43.886
137.329
31.0364
67.3393
49.5473
51.4346
36.0419
29.5144
33.2422
30.0469
38.3279
20.6653
30.8367
38.5517
31.6203
43.004
39.5976
49.4524
84.8922
41.2093
45.0853
60.297
29.7926
35.9936
46.8691
31.6302
88.0478
47.7247
40.589
61.5118
34.7231
51.2992
146.774
62.5861
52.7146
25.6049
13.9586
37.975
17.9352
36.2806
43.6405
28.1164
85.3537
30.7542
23.4474
24.9384
136.542
76.772
39.1113
104.603
30.273
12.1057
51.5936
61.3046
24.7876
37.9055
52.9645
53.8696
46.7688
49.8929
108.103
60.6136
45.8629
24.0251
110.255
121.338
49.1024
40.6537
20.6636
17.2018
40.6021
91.1462
26.053
22.0689
40.3595
72.2527
152.076
41.0648
35.4694
26.9954
46.0455
45.8559
100.568
97.2028
103.009
124.517
32.146
52.8412
23.7632
83.8999
53.8171
73.278
41.0682
145.011
38.0346
35.669
43.0682
32.0277
49.4553
25.4571
38.1533
33.4474
36.6067
49.1459
16.9258
50.6842
23.3205
88.4687
58.6448
17.2599
63.4248
34.5112
50.6575
36.9237
45.3024
65.0363
47.7246
63.2616
45.6663
46.3231
43.3974
59.9598
36.3793
86.0594
21.9108
61.4527
15.1988
56.871
57.5447
32.0698
99.2046
101.14
38.4612
35.7503
88.363
18.9076
63.9066
31.941
22.6046
87.513
16.5074
69.68
43.6131
29.7555
30.3233
66.211
42.913
27.0966
30.0894
15.5623
30.1748
117.958
81.0578
6.20595
52.456
45.246
37.2824
25.7745
41.083
42.5377
38.5259
38.7733
18.3684
29.3603
49.4984
31.2849
80.757
37.1156
37.0245
40.5967
68.9216
31.2899
24.5012
29.8722
74.1159
119.725
41.6391
20.1491
35.0845
29.0229
101.141
76.3194
63.4296
76.2329
24.1834
65.8347
35.05
77.5796
73.6258
50.9355
22.5385
20.3612
16.8295
52.6628
12.7505
15.5662
74.6811
23.1637
68.7596
53.2038
30.0571
38.0414
39.4397
43.6776
19.2024
19.9792
44.0478
72.9137
18.0173
173.845
54.2956
60.0541
40.4181
20.6598
25.8448
125.473
40.125
60.4968
20.1449
19.6734
79.6417
116.439
31.1314
21.4122
60.6564
112.03
24.378
25.3391
26.1757
68.896
97.8289
24.928
36.4653
112.744
85.5461
51.4863
20.0885
43.3368
100.851
45.3663
16.5145
22.8535
18.7936
18.1936
31.2545
15.4671
14.6513
66.0254
47.9498
46.1326
47.1389
25.4596
21.8886
59.343
55.7812
25.634
20.3168
68.0943
34.8185
90.3751
15.2656
43.6662
83.6026
18.0805
40.6396
67.3302
29.4414
64.8435
34.2066
126.39
70.9537
81.6626
34.1433
52.4146
82.0061
24.7021
21.024
38.6773
85.0987
26.2934
65.7314
45.4161
134.553
42.9107
29.2685
38.7135
9.39925
60.5108
68.1901
11.7019
33.9123
48.6136
30.3915
39.5051
28.615
70.9962
114.285
37.2462
44.5565
32.0734
27.3127
34.2194
46.6745
31.2006
38.959
23.9281
26.1693
31.777
30.3713
16.7355
15.0456
23.5555
23.6744
78.0169
18.1729
29.3195
23.4517
32.4695
11.2661
105.224
57.401
56.0906
60.805
81.1816
59.0424
22.9916
68.762
31.4433
56.438
71.3115
46.5208
57.1674
47.7546
26.533
48.9018
71.0006
102.385
46.0546
138.656
37.454
20.453
66.6589
92.9465
46.7223
45.8997
35.5288
44.2706
6.56638
64.1036
23.1564
28.8355
28.5316
105.314
14.7064
43.935
31.807
30.724
60.9942
92.2993
52.9882
53.8833
13.9125
14.8078
29.9531
28.9466
30.3539
28.8973
39.7222
18.1824
268.653
46.1022
16.7958
18.0407
21.732
255.575
22.4267
23.574
18.9135
73.8024
20.274
45.8658
66.8082
116.471
31.349
25.7752
122.38
31.5113
71.9183
78.589
27.4296
64.4652
37.0173
151.08
55.1523
70.7245
76.0427
41.9537
80.7925
70.1393
41.9888
36.0028
88.5229
57.2549
56.1293
33.8257
63.9062
65.7286
64.5885
60.4801
71.001
25.338
67.6027
14.7203
25.748
23.1567
27.7345
102.158
28.2096
80.8792
36.8022
35.2629
41.8162
32.5661
64.5321
42.1305
79.7561
100.94
36.316
42.2799
85.1795
64.7621
42.1071
41.4775
75.7876
67.1567
13.5394
35.7814
19.2304
40.0335
33.5049
20.6656
155.645
19.4316
59.9319
214.586
73.695
58.8278
44.6691
51.9645
48.8878
28.6686
33.6153
44.6057
41.0097
36.0838
50.832
61.6704
23.3128
33.9749
48.1527
50.6889
59.0391
22.4641
81.5103
45.5643
66.3706
101.667
64.4553
37.2013
92.2733
57.4368
39.6576
36.5988
42.3599
45.6
33.0296
18.8356
39.4565
51.7837
67.1635
37.8154
21.7017
18.0291
84.7394
16.6949
72.5107
45.4739
32.2326
77.8582
58.7832
80.1363
45.9892
64.2399
24.2659
48.7225
37.7849
74.8239
34.5867
49.2156
18.7817
77.0183
109.92
37.7938
59.3054
26.6944
31.4725
37.1574
37.537
28.4251
20.5191
23.3066
71.9137
69.7237
61.5312
115.542
89.0829
90.3534
66.8325
61.6409
31.7616
42.2923
85.5277
27.6324
68.4754
68.6206
40.3586
33.2835
65.1031
45.2355
104.65
37.2107
67.4787
69.1402
37.5468
31.6678
30.0678
67.9437
47.889
116.015
20.4218
84.1516
35.2263
10.8038
98.2663
36.3015
23.1681
25.2588
38.9898
46.274
24.256
40.0528
78.9629
76.7087
59.0412
42.7717
51.9626
49.9649
58.1445
66.2194
34.9546
17.8132
29.6983
55.2606
41.826
46.6765
78.3184
190.328
82.8734
77.5321
101.064
67.3444
41.4403
46.1355
31.6679
70.7597
178.274
44.574
24.0035
78.727
73.9064
63.5194
54.69
35.4652
40.169
170.782
39.3302
10.5471
46.6238
46.8435
56.348
137.922
60.6321
46.9282
33.2915
84.8886
30.3092
26.3635
108.691
12.6805
83.2657
97.0175
33.956
17.1807
25.198
52.3582
30.2674
68.3014
27.8482
15.3663
39.2019
95.0441
36.5217
29.7592
14.4336
45.1982
61.8906
82.9369
52.7182
57.8577
37.9631
55.3557
58.29
48.7332
65.8058
43.7587
137.223
76.2849
14.7293
91.2049
37.2645
25.7724
42.8445
40.4637
40.9497
43.4774
28.1422
33.2517
34.0076
25.5366
22.3313
101.311
78.8752
35.8512
29.9356
46.3313
14.7821
29.5651
52.6662
104.584
37.7836
23.6002
65.7404
46.8175
65.9731
36.1732
34.0475
33.1975
31.6086
78.0841
15.7518
24.916
50.0395
107.588
18.2176
57.9501
61.1215
31.102
10.879
25.23
126.953
40.3244
50.5374
26.9255
104.885
36.9947
37.769
20.4921
112.434
125.34
38.5215
137.156
18.8877
44.5453
77.5343
37.9136
39.7323
25.2902
26.6289
9.70941
40.1395
94.0393
26.5103
43.2858
43.1268
18.3105
64.8005
30.191
31.2828
42.8687
41.9536
23.9587
41.391
79.4397
38.32
37.7734
85.2463
58.5545
30.2166
95.3452
85.0183
29.8089
64.3558
17.7462
69.9356
86.1704
22.0677
45.9864
14.3273
40.6895
33.1359
29.2201
25.4902
23.0077
47.9631
73.9794
19.7754
38.9858
38.36
21.1658
57.4979
29.7249
47.3189
45.9866
26.519
36.5672
51.4392
64.0207
51.2768
86.0748
33.5562
41.6055
19.9269
18.4628
52.4965
62.0157
73.3019
24.8146
40.2835
69.6236
98.9627
36.2123
87.3005
66.0524
125.773
42.473
59.1033
59.0668
19.7738
65.7808
13.1202
42.4276
49.5115
22.4405
52.1318
100.856
26.6796
34.3244
32.756
56.4887
27.9949
50.3208
21.6423
24.5055
20.2734
17.4009
40.2914
56.2857
23.7478
81.6968
32.6114
10.7076
38.0941
55.9619
56.56
65.6256
80.8212
45.3577
31.4903
171.852
55.695
42.7098
45.8852
37.2574
42.0818
14.3785
150.932
57.6782
135.177
36.1683
28.1919
22.396
21.7706
54.5785
39.6533
22.3429
33.939
11.4407
20.6667
58.461
23.721
45.5563
70.6168
28.3751
33.4262
64.5847
27.8056
40.3534
39.8671
18.5865
93.4119
80.5608
38.1453
106.73
140.611
29.0527
14.2368
38.0628
57.54
41.5989
37.5148
17.387
60.0508
17.5975
115.345
25.4704
52.1135
85.733
23.5515
34.2923
78.1207
44.2448
47.819
84.4433
66.0748
28.7338
83.9138
42.8537
73.7764
28.1908
82.9028
16.943
63.6104
33.4259
70.4799
54.6971
64.0846
13.958
81.4217
43.0426
129.562
43.4725
18.033
52.4486
36.3778
50.8105
37.4856
17.4276
34.2895
45.4188
135.643
13.2761
30.376
72.0931
69.1523
47.7594
78.4585
71.4976
24.2924
49.5706
51.2656
53.3195
88.2893
47.2271
28.7058
80.1671
55.1761
159.898
74.0169
25.925
19.5499
110.008
125.644
25.4188
62.8802
55.8077
145.278
39.7145
52.1925
51.0338
52.3397
26.9914
43.021
25.9244
15.2982
40.8451
15.1539
33.6468
40.9707
29.3424
10.6907
56.5457
76.1675
40.8384
34.0639
21.52
87.8719
46.0771
145.451
68.841
40.3651
73.8844
80.7204
47.3685
30.7612
112.439
28.1842
62.7774
126.283
48.3105
27.8696
16.3794
26.3678
171.552
29.6023
39.2893
41.8046
75.1345
22.8727
31.7223
38.0963
25.5426
74.8231
25.8276
61.8272
33.7218
35.6264
47.9845
21.911
112.511
26.5886
40.8163
14.6344
55.5219
69.6367
28.0162
52.0171
120.753
58.7123
28.0031
16.0571
11.7831
42.4247
77.2285
33.4418
29.2184
81.7764
30.2475
64.1434
59.0476
18.8975
15.5558
35.4313
175.873
79.8451
53.6789
50.5638
29.4333
18.6193
66.7368
46.0725
59.2227
87.5378
47.2849
35.5449
52.3122
142.487
44.9847
21.9856
37.9987
40.1332
81.2766
25.3414
79.7405
25.2688
24.1826
20.4844
60.1888
50.5897
108.352
28.0015
73.3615
58.7012
49.1323
86.9277
27.5811
60.8609
49.3434
41.6546
43.2544
54.238
19.8859
109.746
86.8292
30.1973
34.7311
26.937
26.7453
101.409
45.4649
61.8421
11.6702
30.4627
29.2709
27.9074
80.4143
52.482
68.4577
82.481
21.5206
91.5186
51.6714
44.2462
82.0833
64.7443
135.999
19.8344
51.8929
81.1353
60.9555
22.1863
158.613
86.0564
80.1558
19.8216
54.6938
28.0603
67.9637
36.5409
69.9882
32.5554
45.5775
90.4734
60.1696
22.9554
61.638
109.627
41.6673
94.6712
54.3692
40.3234
43.2343
110.957
27.4049
38.4663
9.84926
50.0864
43.2173
77.5642
41.1669
18.4251
34.5744
90.5048
36.7192
64.2588
56.0182
45.7199
117.217
25.4543
41.7193
60.6169
38.8267
99.8462
57.98
104.623
147.865
26.4192
31.486
25.9847
25.9662
45.1378
78.8931
19.1967
38.1365
27.1375
70.7871
21.7167
105.893
37.9353
58.1811
36.3193
37.6536
53.8616
61.3432
56.871
46.2983
39.3963
56.1728
53.3236
36.1597
20.8045
82.1058
33.1219
46.1731
91.1079
23.8664
34.6949
39.1482
27.8717
115.136
106.453
33.5487
83.0352
57.813
76.8955
35.1392
18.8445
43.7974
35.7885
130.82
59.9588
90.3342
48.6039
95.794
29.2428
25.5057
33.3206
22.7036
44.1026
68.7036
38.6905
109.823
56.475
108.05
147.959
36.5401
56.5111
34.3472
53.2749
56.3454
48.3913
47.4773
20.1973
26.2291
74.1072
47.0261
59.9967
69.1465
23.2413
101.295
47.6952
15.6518
46.3184
22.4735
33.8136
32.7266
88.4692
108.97
48.8187
29.4257
45.6261
77.6732
28.609
73.7693
36.2349
26.9706
45.1756
33.0882
43.0355
93.6361
20.2373
89.122
18.5968
32.2873
41.83
14.9745
81.7636
24.8129
24.5664
47.0079
18.3825
39.3518
102.182
69.795
33.2154
18.7208
12.1015
22.4427
44.0043
28.9179
36.1887
33.4276
53.3423
62.0814
62.1439
25.1157
49.2233
26.1062
36.4738
20.6085
24.8908
86.1219
24.2215
50.1321
31.3003
59.3179
12.7476
51.7169
64.3958
49.4543
19.3048
34.9514
34.3944
103.836
27.6974
51.3577
55.6431
37.1871
10.827
35.1981
28.9747
59.9637
48.7243
52.7478
46.6245
113.327
17.8635
130.744
48.2746
58.9134
94.4217
32.3257
17.9676
30.241
49.4186
26.4961
63.6478
23.6761
26.6354
56.3141
27.407
12.5608
36.8731
49.1799
45.7046
52.9141
22.7056
60.8285
76.1936
120.461
20.6224
20.8509
26.607
41.2331
21.7124
51.9703
50.8098
211.487
74.0448
100.333
96.24
58.499
21.9511
20.679
51.2655
77.0677
25.4994
17.9628
67.1407
42.046
30.5054
49.7369
38.1985
47.2251
65.0862
29.4773
74.1533
116.654
62.6688
42.003
84.3327
27.424
47.1369
33.6632
65.3819
39.0595
56.2107
49.9397
42.6012
17.8794
9.4026
34.3361
47.5255
50.7255
52.0261
13.4883
19.5893
42.9807
112.385
24.6936
71.5916
27.0094
19.8819
55.8411
26.4297
25.4869
16.5741
20.6677
56.8628
46.6924
11.1023
62.9436
34.8543
44.4854
61.1765
25.4627
65.9095
54.6933
28.0949
32.9706
43.7835
85.3481
30.0568
15.057
41.0612
32.4048
65.3823
41.8501
70.2271
98.1573
102.047
67.2591
27.142
66.6072
11.1393
33.1697
47.7883
25.934
78.1872
21.0221
34.0496
56.06
27.8802
45.4858
72.2157
45.1474
106.5
119.735
38.2414
83.064
52.3472
31.2491
22.6817
31.2108
186.238
38.0656
14.2508
45.6214
172.473
32.9996
59.7191
46.5839
31.4404
38.3404
89.8156
83.394
45.1768
46.8729
24.7947
31.4533
70.7557
20.1149
23.2363
68.794
23.1672
35.9156
23.7419
88.052
123.044
53.9009
81.6315
59.5734
38.1453
71.4022
46.2102
40.4971
47.8492
17.6182
14.0902
52.9108
17.0682
37.0187
63.7981
15.1879
89.3658
36.4141
38.4063
19.9046
45.2082
57.0988
62.7784
71.433
93.7475
80.3618
13.0878
30.6183
54.5283
39.3745
71.8243
58.1952
22.098
72.6733
59.9233
37.3888
136.486
46.5428
49.6848
39.1383
35.4294
50.003
51.9816
79.0528
20.5559
21.7499
41.4211
145.903
37.1383
93.1046
70.377
23.8499
37.8073
90.6863
19.9371
41.9669
82.2876
77.273
90.0669
49.0106
55.8325
40.8984
23.858
144.386
24.4403
38.189
36.0785
47.1632
28.0951
33.7552
14.4717
62.2673
27.2934
61.5182
94.0661
47.1539
78.4821
79.7559
21.8877
28.8426
48.236
18.8529
41.749
41.0576
25.2192
40.7014
39.7794
22.7579
30.5007
32.0847
19.4581
26.12
9.93037
34.2411
48.3772
27.5674
47.6684
55.3679
23.4096
23.5322
86.1328
26.3256
47.9152
27.5056
21.2112
39.5876
64.1656
93.5929
85.9214
109.711
45.7438
22.2372
20.1645
37.0264
36.4324
64.0954
46.2601
24.956
117.277
79.508
52.1959
64.6501
73.3795
12.1698
98.5015
58.1265
31.0956
52.7622
27.7503
35.1485
174.064
57.3945
35.791
35.9889
51.7261
62.063
43.0999
13.8262
39.4147
39.7836
39.3487
51.8397
20.6497
30.19
57.3614
23.2455
141.789
16.2109
21.5436
45.9986
62.7894
79.2556
19.8747
82.3469
16.5117
13.4331
25.5997
40.1554
29.417
23.4383
14.732
48.686
23.7869
24.7479
129.992
80.7945
22.241
38.1156
48.3006
70.0251
57.2776
23.8556
161.467
49.2168
80.0774
77.8604
81.5804
27.2733
21.9851
121.066
22.9436
61.0184
40.0998
106.725
101.139
62.5497
70.9903
20.7871
28.3875
31.1909
56.1774
25.0157
44.1134
10.8001
154.588
28.421
54.3217
96.4381
135.57
29.4324
30.6335
40.5987
60.6797
39.0317
46.969
52.7033
51.8401
22.0143
73.0041
105.593
44.9531
34.2868
49.1823
53.2815
32.6365
27.7458
45.025
58.0982
22.19
99.7456
41.0975
118.835
139.902
21.1956
17.4004
68.504
64.2502
96.6401
30.5382
29.805
53.1159
32.7133
21.3626
36.5972
114.765
25.1659
27.7888
16.8831
60.2084
21.8241
41.2374
28.2432
37.6246
54.1106
39.3924
25.2918
58.5099
62.5525
30.161
91.738
144.39
17.3499
33.2628
36.4199
37.334
47.5714
32.2463
50.1378
56.3692
110.483
56.5907
22.0324
31.097
35.925
51.921
28.4856
116.533
42.6177
54.6069
39.562
17.8945
38.3449
62.3941
41.4477
27.6661
36.4177
144.054
119.806
87.5197
33.3108
27.236
66.5327
66.838
28.0946
61.4021
60.5209
67.2551
108.147
13.0831
14.2189
69.7104
18.4332
16.0345
51.3247
67.3223
64.3238
24.7559
23.2603
19.1002
25.1924
45.1281
38.9939
86.3463
59.1148
37.7194
22.9951
32.4082
34.3416
15.7807
39.2482
12.773
85.557
33.6278
54.3258
116.972
95.9603
34.6283
58.6229
57.6523
142.897
23.2108
59.3677
13.7627
43.4946
12.6243
72.5712
33.0234
49.4734
82.4911
19.6857
124.911
19.9264
15.491
69.3249
89.8335
11.5351
42.2674
77.8904
32.918
41.2919
106.143
30.4798
16.7825
33.9841
29.2721
23.8604
45.3847
27.1746
38.6615
46.9211
33.5362
26.2362
43.7455
27.1355
37.8939
28.0398
37.0561
18.8394
93.4732
76.3991
81.1615
190.926
27.2616
77.0189
67.6699
44.1814
22.9765
33.4912
39.6075
52.2369
36.5534
49.394
92.684
92.4864
87.9338
49.3215
37.6981
17.3689
24.1911
61.2205
36.0109
64.1657
19.5602
28.4664
10.0353
34.3495
57.4543
32.6005
46.328
18.3481
30.5287
37.0819
26.7397
147.268
63.763
28.0562
20.4065
24.293
15.1742
61.5804
17.2958
33.7662
32.3799
21.1681
32.0396
29.9048
38.1248
26.684
48.0828
43.0939
63.4091
56.8131
69.9786
62.2425
59.7483
38.6426
70.6022
44.8261
101.769
56.9127
38.3475
67.8432
78.0895
13.9596
48.524
35.4526
68.5544
50.976
20.882
41.9971
38.8814
35.3593
81.7522
38.4644
62.2482
33.8326
24.0165
110.349
23.9913
55.9269
41.8864
22.1822
78.6477
45.8783
34.3096
24.1056
67.0274
26.0269
57.4498
32.4686
26.4829
15.3173
53.9413
33.5077
38.77
25.6843
26.8623
22.8079
36.9441
29.2824
133.488
22.3077
30.0136
39.6488
59.3495
111.665
33.3736
27.1734
52.5175
48.8178
40.0254
24.3398
52.4915
87.3387
92.7555
100.403
35.5786
34.8794
52.1259
63.0768
49.6811
32.077
128.616
22.3146
108.146
90.3679
73.5245
91.8165
71.9579
26.014
35.7431
33.2158
22.5847
36.7634
17.4837
35.8614
25.2688
35.6934
34.6571
67.8268
14.9959
59.9785
26.9132
73.2701
138.289
30.9344
19.0808
37.2219
92.3826
31.7429
37.9382
69.5815
27.3176
18.0422
58.0016
63.8804
19.0876
28.9541
36.2352
34.8226
39.7855
31.4971
25.707
33.8108
49.8245
75.8246
37.3162
65.2386
51.1904
86.7953
12.9362
36.142
75.7322
72.0924
88.887
101.041
58.937
68.8094
32.4057
80.854
63.4738
34.5355
23.5981
48.7634
56.2003
17.4628
30.1473
31.191
60.8539
27.7973
24.0405
49.6521
58.6427
21.32
72.3647
19.3867
44.6907
73.2945
20.7636
16.1908
99.7337
77.2106
31.5513
33.6803
109.844
56.1483
49.336
24.5418
55.209
44.9048
15.4225
18.2405
36.3583
115.841
34.6222
76.1066
43.0163
79.4791
19.275
61.6245
46.6487
30.4677
39.9884
58.0676
53.8585
46.2017
36.51
40.4753
94.3913
9.84969
75.2563
29.9767
26.6733
28.5741
48.1893
61.6593
38.9523
160.282
47.4017
24.6931
24.5815
24.6228
97.1414
25.9495
35.7914
20.9846
69.8612
33.6571
76.3528
41.1087
22.4775
62.4687
21.1658
64.6972
20.4806
20.3391
152.61
42.1672
61.2503
135.382
86.1857
80.3339
31.9486
32.6281
80.151
31.7608
32.6852
41.2587
37.1589
37.1136
17.3186
41.5551
64.3065
78.7532
17.2281
66.6211
24.7827
28.6347
140.231
16.5614
27.0033
25.8043
27.7606
78.6256
13.9138
51.8098
57.8982
55.2505
21.7355
23.3002
125.319
35.7513
70.7564
37.7857
62.1813
34.9233
34.0421
52.3899
46.7198
9.97682
39.9826
18.6863
51.8582
35.4928
23.2606
52.7548
18.0752
38.9329
63.3469
53.2092
71.6665
20.1176
27.1756
34.0067
61.1862
64.7088
29.2816
11.431
52.9183
78.183
42.0725
178.392
30.5508
102.026
72.8079
86.3156
34.5379
68.0825
26.8799
35.1194
40.0711
63.8884
98.3395
12.0926
72.9413
52.5687
53.4229
26.2424
21.0218
35.1481
75.7775
26.4872
57.8193
58.335
21.256
68.0937
101.495
35.9746
40.6962
28.7748
61.5196
27.4153
26.2511
76.5466
51.2036
76.2796
146.763
78.5574
38.0244
17.6372
40.008
35.9725
59.4123
43.9596
25.623
36.7072
44.7374
48.0066
25.9107
21.7122
78.9819
30.6123
72.8687
62.6287
11.0479
13.3683
22.1478
18.8798
67.7136
39.9834
88.3752
23.8988
75.083
69.3729
57.9045
26.2861
36.2449
49.5926
74.7445
85.0556
32.5196
22.8722
69.3656
57.6609
33.0661
35.3817
17.069
15.4163
28.4907
64.6574
102.597
115.036
62.5477
78.107
33.2395
83.41
16.7372
60.0512
61.6318
58.595
33.5367
46.2497
112.314
24.925
50.4859
39.7122
73.6611
11.9626
76.136
22.1179
84.8598
58.3683
25.6224
30.8703
113.657
32.0092
25.3674
72.4483
78.6826
18.8213
52.2295
40.9418
47.0956
61.4872
17.8271
107.948
46.2705
49.4152
44.6344
133.466
90.6228
87.844
34.2273
61.6051
60.6303
28.1047
63.048
54.3259
101.346
152.154
29.4346
20.1125
26.4229
104.72
24.9313
32.6209
37.7756
110.125
18.2139
32.6777
73.8303
32.2226
45.4269
50.6233
66.1159
18.1939
25.2974
36.6156
22.0549
29.164
64.2853
47.5214
88.1315
66.923
49.5369
34.2307
41.0423
65.2225
46.4742
116.804
105.927
43.0043
15.8587
58.5219
42.8287
36.22
61.8851
95.0187
204.418
23.2958
80.0786
33.2612
205.344
101.882
23.6559
67.2502
36.8798
35.7817
32.507
47.2173
30.7118
23.9136
95.761
54.8755
65.1609
83.7492
25.7205
28.2358
36.5358
45.812
49.9023
34.7038
73.0512
94.8146
37.9476
53.7788
51.1125
23.3516
39.863
19.6357
81.3522
40.5915
42.0554
39.771
13.7871
99.1992
60.4222
15.4291
39.0625
86.4598
73.8134
25.5887
84.2539
24.2678
19.6409
43.1849
82.2767
34.716
41.2123
109.41
118.909
27.8727
40.6958
16.8331
24.5099
23.3908
66.9367
63.2694
67.9006
36.0035
95.0918
133.561
19.8957
57.2476
57.1439
99.409
49.2453
68.6903
53.3491
37.3211
25.0152
59.4979
67.016
28.9605
55.1584
16.599
17.2872
34.7969
58.1125
108.772
19.5366
48.9396
144.948
21.3446
78.3471
43.7616
33.3038
16.8185
34.7714
34.1217
40.1167
22.8574
45.4482
101.002
22.9177
12.9771
45.4542
39.1075
37.4585
94.705
65.6431
30.9242
45.302
16.717
43.4932
82.6589
139.395
42.9636
33.9162
96.5773
32.2883
38.4258
12.617
65.5702
24.3744
47.1325
24.0782
73.6041
44.3104
37.7942
36.7371
54.6113
57.1631
29.8999
54.518
18.8003
29.9073
41.6343
23.3493
60.4235
39.3369
32.5409
39.2045
18.698
36.0206
29.055
34.0768
28.0889
24.5584
36.8418
89.5488
85.1494
84.229
21.4669
81.0228
50.1018
61.4392
91.2234
49.1784
48.6871
74.5371
77.1968
76.1211
52.3523
8.99113
30.8455
47.7594
42.5505
84.5393
16.3763
64.9172
52.8852
141.771
50.049
38.0512
36.5555
127.74
34.7287
19.2147
51.172
93.8432
23.0384
73.7946
47.0904
118.857
56.6677
32.252
45.8446
85.8002
54.8428
28.7697
17.8312
42.2654
152.964
17.9299
32.3508
32.1969
32.9406
75.2939
34.3543
49.568
34.7447
42.4717
65.2324
32.5344
37.8137
28.4442
34.6892
35.595
25.6511
32.1866
29.2751
15.5178
28.7885
41.9927
78.2642
55.4503
44.6188
64.9723
34.5059
15.4854
39.2272
100.914
49.4142
68.2288
53.4919
60.8736
52.0791
27.5807
24.2591
87.6323
49.9296
28.9446
35.89
58.7434
28.4043
27.4793
45.5291
21.9236
18.3158
20.7578
15.7856
50.8453
10.8407
55.3872
32.2337
24.9261
75.6696
137.732
36.2074
35.5657
44.3274
79.111
47.4114
202.132
28.6194
69.5929
98.9621
29.5538
60.6835
18.957
51.4138
36.5061
113.271
30.8166
12.0445
75.2955
26.9987
81.496
68.7916
42.7979
86.0608
71.1724
85.979
44.0296
30.8872
24.2438
44.6967
25.4247
49.1705
25.8233
28.7425
10.213
62.4431
35.9004
46.1982
85.0706
23.4151
42.6849
74.1099
46.9753
42.9352
42.8619
33.167
167.099
96.6386
32.1172
85.2962
46.3617
47.6492
135.617
47.3701
81.002
112.053
57.9957
28.4851
150.29
20.6518
35.0717
55.2618
20.6964
104.518
94.1011
64.0786
63.0346
31.1882
79.2134
75.8957
10.5066
65.5326
12.4165
13.5985
42.9835
25.0722
55.5196
43.1957
71.22
42.3027
48.8527
47.9392
27.4283
44.5908
21.2524
35.2583
28.9788
75.0641
71.3924
49.9039
85.9949
78.6164
39.4928
18.914
44.6762
37.6072
42.3675
40.8721
16.3458
27.761
53.8302
45.0216
88.1484
91.9233
45.5256
31.4433
33.1902
44.0709
24.3088
46.4404
56.2867
76.4722
32.8578
51.1115
22.3623
55.568
70.9276
64.1269
36.4064
16.6555
17.6254
18.8989
55.9172
50.9768
74.7301
31.3998
23.3851
27.3649
22.4589
34.0663
44.3587
66.898
55.8886
31.6849
61.7594
92.5282
29.6503
31.005
58.139
22.0157
175.248
38.6802
50.9928
108.424
53.0756
72.3563
38.5036
86.7393
143.773
52.7304
70.2599
62.9801
44.7306
14.2559
121.728
53.1
19.3349
39.0296
17.6539
43.9891
32.7198
88.4228
21.2804
34.9813
144.227
33.904
66.4502
93.8648
64.944
107.169
43.6112
169.656
47.5139
98.3276
27.1648
83.0781
38.0352
25.8419
32.1949
41.8219
116.514
67.2514
18.6719
31.3253
41.023
18.6749
50.4348
47.1974
18.7298
46.2087
16.3035
38.8967
20.8888
18.545
58.8122
27.2535
57.3886
15.1921
34.7397
42.1001
29.0817
36.7505
34.8616
106.672
28.8755
35.2051
40.1966
62.5523
22.1457
17.2364
56.2912
48.2687
91.9966
48.3535
57.0327
27.1796
21.8007
54.6981
14.8673
57.8705
19.8514
22.0671
39.8321
91.4501
79.2056
22.427
44.9788
130.164
67.2219
90.4288
20.6178
28.0712
33.0507
42.5935
70.9662
55.2999
10.8775
213.768
53.9465
25.2226
44.8408
16.904
43.3578
52.7183
45.5604
22.0164
53
49.2497
58.9363
16.7596
33.0648
52.579
55.6736
60.9344
38.9142
42.8092
45.2844
25.7802
31.4801
36.5902
135.695
148.929
78.6931
14.9305
90.6648
50.3893
76.6694
33.5291
39.1649
36.6944
101.25
28.6039
76.9274
43.731
45.8395
22.2441
87.9968
47.5552
63.9987
163.74
33.2832
99.7589
28.9595
51.0093
22.1683
38.1854
20.769
24.1964
84.6313
27.0786
14.3632
48.0885
19.1902
70.9581
53.6982
22.7769
50.2937
68.9945
18.307
79.0925
82.667
17.8255
27.9699
37.1681
64.7404
35.8557
38.0105
70.2009
51.2133
83.4241
76.3957
12.8834
163.928
61.3941
21.2
29.5806
36.0585
50.496
54.7228
27.2381
43.8675
239.884
18.0809
87.7226
31.2452
18.9766
27.6144
53.0671
75.7925
81.6114
62.6383
104.293
26.6403
45.2403
86.1885
24.2802
13.6956
26.6877
52.9485
55.5132
92.3335
19.0109
16.885
16.668
62.0614
88.8311
38.6858
49.3545
55.4418
49.9463
37.8072
33.8586
37.9769
32.6215
52.9537
29.7977
25.2832
64.5427
16.6216
25.5595
48.8165
139.536
41.4615
26.2759
19.6443
56.1517
25.5748
108.143
37.7007
105.075
29.0407
145.639
39.2507
41.1362
27.0852
28.6305
38.3346
26.0229
40.1589
61.4442
23.1072
78.6612
79.7479
20.6139
38.0236
20.0245
55.4356
46.5804
54.3355
36.2087
46.3381
29.1398
18.4831
25.9319
14.2286
36.5215
72.5392
17.7194
31.5354
41.6501
108.787
115.058
25.8452
16.8073
75.0256
85.1833
72.5794
42.7254
43.0104
73.1602
36.7761
15.1852
13.4121
31.5646
26.0795
67.2755
71.9173
74.814
16.9541
63.7306
57.8955
117.421
30.3851
42.2247
193.943
43.2849
116.747
88.1775
36.3263
29.8542
18.6875
58.7058
41.2308
50.2278
33.5598
73.0772
74.4071
11.8829
78.4366
130.234
21.1473
83.6605
75.8571
24.5307
55.2992
32.9553
97.0814
47.2177
38.9795
26.9219
90.5781
24.2941
25.0792
29.7234
96.8231
40.971
58.624
42.3475
128.342
59.4496
114.413
84.1181
43.3671
111.812
10.5583
33.0146
80.2752
34.3368
53.2122
27.9922
90.6631
79.4178
67.8416
54.0712
27.8925
58.7509
24.8392
49.9374
29.5129
142.672
117.232
26.3038
51.7479
48.9394
93.9866
42.0613
47.0923
18.0934
48.7827
131.921
86.3607
31.2808
40.7676
39.132
46.0334
37.1569
19.1327
66.9844
13.7577
34.6562
36.6456
29.5132
41.903
46.9337
51.5898
14.8158
34.4999
18.2215
44.2668
14.6895
67.7158
22.433
60.0612
60.3924
34.5453
36.9399
59.7339
30.7327
28.0132
21.669
102.764
98.0559
46.6143
106.081
15.5379
55.8096
27.8208
36.992
23.6773
31.9293
27.3234
47.083
31.3816
165.567
31.7206
28.6914
39.9545
21.1368
44.7353
52.8179
52.5145
34.9572
32.7244
49.8066
86.1182
102.424
29.5136
41.8999
38.4763
21.2215
29.0694
67.3385
35.3943
79.3642
21.3322
53.7876
110.262
13.2743
44.2724
43.7115
50.738
55.6982
31.0296
31.2046
30.3008
47.7566
19.4744
97.2662
53.1081
107.42
114.527
34.1527
65.3519
44.0444
24.0911
46.8298
55.105
33.6948
60.2337
74.4764
43.488
79.3587
22.7184
31.018
35.2328
27.5373
17.5487
44.5547
55.0231
82.4592
32.9401
55.7717
29.3697
91.2557
78.1005
55.7459
51.2145
111.48
50.0487
56.1564
64.5165
95.6032
15.3373
34.6012
15.2491
37.9885
24.3753
83.7479
90.2681
36.4478
53.5336
24.8622
125.869
36.2443
64.7887
17.1728
56.7551
56.1994
57.9914
76.7199
59.0768
112.616
112.299
33.6776
60.3808
34.3519
116.101
26.3188
97.9647
65.0029
81.8006
26.1949
121.399
46.2496
56.8897
41.2481
51.0388
39.9008
31.869
42.6248
36.9177
19.0887
46.3262
39.755
63.1255
30.3801
92.1853
51.1136
69.2362
36.4702
13.7771
58.0054
43.4889
18.7935
37.5304
104.127
39.141
20.9986
46.3227
149.864
48.5815
30.4733
22.2527
16.3624
57.4724
61.5285
58.4171
23.8765
35.0175
39.6384
15.7677
20.773
69.8455
29.9422
64.3421
19.4254
72.321
119.948
28.0227
25.0212
31.4328
27.3564
31.1147
81.8191
91.9919
81.9651
31.3547
20.5984
19.0853
88.5368
35.0502
56.1179
61.1606
15.77
66.3097
59.6412
113.903
13.9686
41.0594
66.5807
96.9701
35.6619
82.2041
47.8191
38.212
19.4995
33.4915
59.8961
34.8055
41.5485
11.2185
14.936
30.713
48.2515
54.7776
30.4477
25.7493
67.3231
90.1514
28.3686
14.8213
16.9998
65.2092
74.3836
64.374
72.045
62.1565
50.0697
39.9971
15.2291
33.3444
29.4177
131.196
21.563
30.0076
53.8896
37.8663
37.7094
115.301
49.095
109.137
51.721
34.9081
123.536
111.711
60.825
20.195
47.8481
52.5505
31.2119
43.9591
49.3622
54.7111
60.903
70.5284
71.3711
25.0021
72.1737
49.4871
12.6922
48.4727
29.1901
65.8891
88.5859
26.3591
16.691
20.9731
64.9689
141.228
25.1712
23.159
23.4952
63.3847
100.789
24.2246
24.3109
32.7713
15.8239
28.0675
22.9884
124.341
19.7395
41.2351
22.7459
81.5757
34.2238
89.9044
59.7795
12.4822
34.4708
44.3262
96.2554
57.2263
40.0228
76.2706
39.8549
28.2699
18.7466
33.0907
65.8941
43.4525
50.8514
15.8482
54.3801
28.9203
24.2815
38.8033
36.4808
28.5243
11.1056
48.3961
65.9655
52.4809
40.256
74.9307
30.6473
10.8689
35.3802
34.8788
16.3199
21.679
62.6096
47.9527
57.9639
26.6418
55.4825
29.0519
5.69687
50.9007
16.5568
41.4923
56.8653
41.8208
16.1575
117.391
24.9609
28.2375
21.0637
13.72
45.0952
140.088
144.298
21.9734
35.0842
38.6657
22.8412
39.4778
10.8093
109.919
52.823
38.1655
42.4581
81.4308
34.6854
41.4415
27.1721
102.096
13.6706
25.1804
21.2891
37.7098
83.5312
28.1692
79.6587
71.5947
106.512
90.2798
32.3762
79.3018
79.1771
90.9294
26.2594
116.096
59.8588
56.2104
17.4276
94.2518
30.8407
41.1139
62.3282
25.7107
33.9609
34.6082
29.9942
25.1904
44.4394
52.9081
31.2003
31.1433
33.9435
51.4385
63.5128
29.6844
54.0377
28.6437
44.6998
47.6459
58.6008
14.5624
55.31
83.0026
40.2555
82.6066
30.0637
44.3614
24.5266
81.7807
23.3115
78.338
36.45
38.581
22.7835
17.6562
62.3249
24.1972
34.9929
19.7047
27.7865
33.4205
38.8603
48.4435
43.9915
88.8753
24.2312
10.101
30.5057
111.794
29.712
53.8168
28.3532
22.8565
83.647
10.707
82.4228
36.9747
67.2691
32.272
42.3335
27.2813
45.6285
91.2069
24.2092
30.6122
13.887
63.0473
35.7852
27.8229
131.229
37.8105
34.5622
28.2873
51.0147
87.5372
20.6402
19.0388
51.1297
61.9183
20.0002
55.0555
41.1222
43.0113
103.018
96.1217
47.6652
41.7459
80.2077
52.9762
54.5875
35.4208
83.5961
99.5276
19.689
79.4663
76.8743
71.8139
67.3741
229.176
50.0816
33.4468
30.2132
46.2031
28.8674
55.2995
56.7332
17.2708
14.0381
102.181
32.0579
33.2304
20.6431
48.6539
38.9004
47.232
22.1844
37.394
27.8388
24.7025
20.4452
211.146
83.7232
18.5127
79.6793
34.6642
125.336
71.5864
74.6532
16.8331
110.763
28.224
48.6825
128.759
126.867
111.758
69.4061
49.0909
107.121
16.1016
125.619
50.5103
24.8535
21.7107
71.4744
25.7331
165.879
28.8226
18.553
55.826
138.621
30.3025
62.8503
24.0298
36.1551
66.2022
36.0682
34.0047
14.5468
98.09
40.4783
48.8255
57.0124
81.0867
27.2934
37.3431
41.5615
33.4767
51.8071
24.7758
51.3192
38.3482
122.898
13.7902
90.9046
94.0858
55.5014
67.1131
78.4268
24.0109
40.4765
29.3641
121.322
90.3539
129.811
40.1946
39.0128
71.9015
19.9498
60.4944
147.142
42.3005
81.5351
22.1226
91.6795
32.6336
43.7985
40.5764
37.0856
55.6335
30.8885
53.4612
87.0956
75.5842
21.9128
38.6482
33.0442
66.9713
48.7172
64.2096
86.7086
102.009
41.4235
39.4063
130.898
31.3286
110.884
18.2412
35.9414
83.7336
27.9037
80.6368
31.3876
77.3612
30.6785
96.6127
15.9231
28.1533
53.1613
16.6077
44.453
82.7455
43.7503
14.7973
38.5374
45.3625
31.3847
78.2247
16.6084
30.1921
28.8275
145.296
98.1174
37.7688
64.687
43.3947
64.6535
47.1162
82.7706
85.6155
64.6427
82.6876
99.4039
58.671
179.507
11.143
25.3193
43.7277
50.273
103.617
47.6462
83.7535
23.3874
94.1786
114.992
18.7605
63.6003
37.3975
19.6006
80.2393
59.6353
15.6175
28.3333
21.5168
59.2826
18.0205
31.4765
31.6256
31.0414
96.4661
163.818
150.768
28.8607
57.8296
56.0444
55.0765
46.8867
26.0275
31.5089
55.0286
91.36
53.8739
25.8311
103.601
49.8667
35.1943
87.7871
11.4574
79.9103
48.1051
23.984
33.9455
30.9751
33.84
25.3456
79.811
71.6453
26.1454
52.6147
39.3647
70.3158
46.601
117.239
120.861
30.5773
34.2852
58.072
82.758
24.6692
127.021
108.779
44.8328
139.843
86.4794
22.9967
77.4267
24.0637
18.5747
74.879
59.8551
79.0676
35.3421
48.2646
25.4206
21.4168
63.4063
91.6307
29.2106
27.7592
37.3842
85.0804
82.41
31.6189
9.59329
32.0554
98.3091
36.2008
31.4707
41.745
21.2454
56.3473
30.6509
78.1284
45.1237
40.9584
44.0935
29.4321
42.1879
22.829
67.7253
95.1314
21.508
26.9177
37.435
194.898
19.1211
80.4926
28.5602
33.009
97.4227
16.7432
103.617
66.0349
26.4972
35.2963
51.8052
58.1716
45.9784
76.6232
28.9309
48.9493
57.2922
146.762
21.4445
113.113
135.479
258.8
73.5121
88.7116
29.8687
26.1286
44.7251
37.6166
132.452
87.4116
29.0402
27.1125
52.3397
16.8088
22.9517
77.6599
19.5481
84.9718
42.0103
49.2467
78.3133
104.362
91.2443
20.4134
59.7906
43.1329
19.3398
50.2822
26.336
62.2276
15.7893
53.3735
10.0183
19.6322
46.9816
63.3656
30.5034
40.7625
39.1152
29.3615
50.8697
38.2735
26.5009
26.8268
39.7394
65.6241
46.3785
30.6261
31.7913
81.8214
29.6642
37.3346
92.6104
98.4794
65.9856
27.0765
61.4128
85.2798
39.8803
51.7693
69.6675
14.9955
28.1512
22.957
15.6136
17.3993
34.4236
65.1253
45.3189
27.0503
46.4377
26.8862
62.8354
30.4601
66.0918
34.9064
50.5206
24.6134
63.2128
36.7627
98.6375
84.5347
56.9096
57.2972
13.662
33.36
11.4501
19.6084
30.7352
39.4386
17.941
47.7305
18.7477
44.9277
46.7759
56.9805
36.9869
40.8187
37.856
49.1014
39.8938
27.2693
33.1432
16.1346
62.2644
42.6965
27.9167
19.452
30.3291
35.442
46.2009
22.8416
31.9575
33.1196
55.8951
46.5249
53.2694
20.3263
62.3957
30.9664
48.3828
93.1105
15.283
18.7485
90.2762
16.6355
45.0814
47.0486
84.322
41.2087
44.0097
40.8798
26.1116
45.5867
62.3609
23.7872
31.0523
35.984
87.2534
44.5046
126.581
21.5873
149.701
49.9892
243.725
17.7964
72.8494
55.1856
51.2579
36.3834
64.7944
44.4203
36.0699
56.7991
28.1643
25.1143
55.121
72.8208
71.6166
85.6894
81.6379
91.4384
94.5669
28.044
94.9554
11.812
124.769
42.8518
60.0883
97.1997
63.6995
175.777
36.8306
41.2434
38.1131
41.8175
63.9675
91.1386
92.5622
53.5712
26.749
31.2098
26.9767
25.7504
34.8415
11.2046
30.7327
53.4642
59.6174
26.1911
51.0581
45.861
87.2403
48.5847
18.3127
56.0181
19.9543
92.705
33.6823
54.3298
42.7488
28.2807
44.1212
110.949
39.2951
58.9556
11.1623
25.3384
23.0042
27.1817
108.045
63.0122
47.5263
60.9891
24.1617
32.6685
71.7331
39.1615
76.9866
27.7027
39.7092
51.8484
40.4269
29.115
38.1835
57.4815
34.9888
39.6051
32.5093
57.7616
30.4984
48.8757
77.8755
109.198
45.3784
112.718
22.1306
141.213
18.7338
30.197
27.3706
84.5497
59.4033
31.9368
44.9875
63.7319
23.8842
18.7286
44.0789
30.5662
62.0023
62.5929
73.0553
49.9534
41.9024
42.7336
40.4395
47.0847
76.0521
42.9103
36.7198
33.8115
71.9235
59.257
28.3285
64.3974
66.129
136.742
23.6281
47.6542
85.6749
59.6301
30.311
33.2077
129.218
113.367
74.3345
24.1186
30.2682
86.0721
23.0428
25.3373
33.665
43.2085
41.5749
78.7698
41.2221
62.1134
33.866
17.0906
18.1862
21.4172
24.6317
85.4581
68.1988
20.589
85.5035
38.872
38.5032
17.7097
25.5955
107.996
31.3851
49.2006
16.9055
34.2573
10.5756
54.0251
50.7407
28.0731
141.382
24.2366
21.517
140.398
57.4031
108.449
134.208
28.2761
80.3699
75.3367
26.4691
24.69
12.0367
82.8733
100.584
108.66
18.1021
41.9833
16.8484
31.6313
54.5302
73.2531
40.9628
27.03
24.7243
60.1784
74.2622
28.0466
24.7635
32.8983
9.86695
31.9885
27.9347
19.0094
20.9091
90.368
98.8231
23.6698
48.6724
53.7212
27.3591
18.5968
69.8622
53.6789
18.6279
17.0173
81.37
70.5917
30.3184
115.085
27.7242
91.9176
26.9925
34.4826
23.7082
42.2049
50.9323
54.6985
40.0853
40.1693
53.8963
51.7013
70.3051
46.4717
65.8484
42.335
56.4608
31.1993
18.8862
49.6312
46.0343
23.8827
63.2047
90.1823
61.4512
46.0847
201.304
35.8435
51.6985
25.5288
91.914
66.9686
15.4524
117.954
28.2073
24.4849
34.2993
47.8542
24.2554
16.3779
152.907
62.4963
111.364
29.1763
156.123
36.3518
35.9493
113.641
28.3797
43.8095
18.8917
124.98
22.2771
67.4372
24.2802
165.169
62.3352
19.5645
41.9908
13.5241
77.9824
40.512
50.954
72.0838
19.5343
37.3229
45.9848
87.759
40.7472
59.7812
71.2348
27.0953
27.9145
37.2518
78.4873
64.4713
27.0098
59.0507
43.4935
45.4839
28.2069
68.4141
14.924
52.2617
31.9297
69.3058
41.4825
41.1943
15.355
25.4744
46.8398
20.3979
90.2358
35.8911
37.7056
36.1281
20.8661
50.3636
17.1668
127.039
97.6872
71.0987
55.6198
61.5838
69.96
18.668
27.2366
11.6035
38.1225
88.8913
135.348
53.7423
33.7524
86.9013
45.0729
84.4118
50.8552
82.4512
32.2075
58.756
14.1934
36.0705
37.0403
47.8497
108.741
53.176
57.7688
30.5006
42.6698
139.182
62.8988
14.1062
32.5012
77.8225
57.8386
85.2159
102.184
49.9541
68.2951
42.7964
96.1957
70.7528
77.0826
69
29.7214
51.5765
39.7221
15.4854
13.3701
33.6693
43.3633
46.1088
21.8306
55.7261
70.9454
50.6942
15.7908
50.2798
22.717
107.694
55.3498
22.8583
64.3864
36.3814
22.7812
97.6778
50.9472
44.5277
20.6175
57.6562
19.2919
53.4797
88.5718
43.0793
128.771
79.2813
93.0647
26.5228
44.7148
38.055
29.9728
51.8725
77.0854
48.4994
56.7364
35.9341
57.1935
43.3679
34.1483
42.1744
71.7664
29.43
24.2723
40.3956
11.7579
30.2166
32.0673
45.0261
99.6315
94.6354
32.8898
94.6584
32.9914
120.355
20.9762
47.3572
59.2921
18.4711
95.5146
35.6362
67.3474
16.9083
22.0614
29.7449
22.8097
24.9341
36.9397
40.2484
164.835
56.7235
61.1588
62.9606
28.1104
105.5
34.5256
46.8388
70.3994
79.5171
125.718
20.1372
26.6886
25.5292
48.227
71.4854
50.6265
23.41
92.6731
65.6705
70.254
99.1771
60.7844
129.423
61.2508
21.633
97.6503
56.6068
22.95
34.069
43.3319
24.735
48.9523
101.572
28.9686
40.2007
17.6822
87.604
36.7243
42.3865
50.6049
64.9749
63.8944
41.9747
98.3207
55.2733
54.896
14.2392
46.1548
18.4456
83.7456
78.9072
53.9207
41.2121
41.1516
11.0228
73.2918
86.8973
49.8675
52.4333
77.703
16.7097
23.3309
93.2506
53.3561
49.7841
63.7575
52.9371
28.7548
18.563
77.9941
25.8802
34.7739
50.4325
28.463
49.8651
49.5752
11.2106
66.4003
36.1413
85.9904
104.074
86.0993
68.7987
54.7221
65.29
48.1136
24.9098
65.5253
52.4114
20.5562
36.3992
37.9501
154.348
57.4932
58.5408
49.8402
71.4211
81.295
38.0137
34.7611
140.721
124.931
74.9748
15.9411
34.0715
26.4596
98.9983
55.2773
30.1035
9.0739
31.456
38.6905
57.8772
23.1367
18.659
24.9852
103.069
70.7066
88.5385
11.2828
57.0946
54.9536
12.3262
47.0171
57.267
23.5072
33.7704
47.445
31.4361
42.1033
32.6016
49.8387
40.639
59.0967
49.4765
56.1327
27.7281
33.8012
107.813
85.5291
68.4759
34.9273
40.2764
27.9074
25.303
130.468
79.2079
57.3535
66.431
25.0462
40.2025
79.0585
75.0167
63.0804
26.2553
64.381
30.3582
43.2796
102.108
56.956
89.2162
29.8822
74.0237
67.1822
32.5156
32.7077
59.9795
41.7128
96.8729
26.2215
75.053
34.8342
24.8847
84.8764
37.6553
50.7101
29.7751
48.2436
85.6415
19.3856
28.821
21.9618
29.1544
59.6944
59.6258
120.729
65.9699
23.3875
109.626
32.055
21.6397
30.8231
36.2862
73.6162
26.7307
128.265
26.2119
71.993
82.9488
21.3986
17.3413
59.5695
27.9724
81.4282
109.857
30.9587
29.0254
31.5984
14.2548
17.0989
21.9073
73.6226
37.6562
29.678
31.3898
61.9662
16.114
20.4452
48.6026
111.261
83.7054
17.5073
95.0567
63.3963
36.793
44.9482
18.1351
95.2941
21.8444
41.2358
29.4818
36.5105
141.062
84.2432
32.2112
43.9756
20.807
61.2866
108.216
59.4254
30.4427
43.523
40.8484
23.7245
61.7602
49.8567
42.6672
42.037
44.4071
21.0868
52.8576
104.195
81.3881
40.3849
92.1102
34.2782
30.0144
70.1453
30.0129
60.7371
12.7232
12.1781
37.6415
52.3696
57.5118
21.2839
26.067
33.9915
67.4155
21.7124
50.7075
83.9824
46.6691
66.4045
50.2606
111.136
70.3293
31.1966
166.33
77.4668
83.1962
107.265
22.0282
21.2285
24.4398
15.0217
11.9307
109.879
29.2785
94.513
56.5578
31.3563
36.2442
21.1279
67.3786
16.005
38.5988
34.4106
32.8417
69.9991
36.1095
30.409
43.86
43.0549
118.52
100.097
48.8267
65.9792
32.028
31.7505
33.7229
32.4508
27.4796
103.741
66.7126
12.0513
53.3988
49.5797
35.3647
48.3428
132.711
109.747
19.3818
85.6132
52.3215
39.4304
66.3943
33.6462
30.1336
34.4307
24.8634
72.1222
86.1435
33.5342
51.3173
14.5235
27.3821
41.0238
82.6757
40.7362
56.3348
69.0226
60.0067
54.6099
96.6554
157.659
19.6136
90.2229
30.2107
45.8178
25.3335
148.604
48.5264
47.3228
81.0451
51.0041
26.9296
44.8754
44.4022
19.1382
56.7147
35.9284
43.3168
24.8494
67.1058
19.0201
20.4823
9.78049
43.9592
68.0438
63.5148
31.3224
40.1477
22.4502
51.5764
28.3917
81.137
37.0006
102.601
84.6771
26.389
43.7358
22.3445
26.3525
35.4669
52.9396
48.2017
21.7296
74.7873
29.3979
39.4563
42.6671
34.0428
37.9781
64.6674
43.6553
24.8582
35.8288
22.0742
48.1606
41.9376
57.242
34.8201
30.0617
52.8203
38.9619
66.7596
32.0465
54.884
85.0597
79.3945
117.309
30.9461
9.43489
42.6365
52.5857
85.598
39.3452
17.7978
46.6518
116.897
17.9721
90.7565
25.9648
63.3467
27.8322
28.3292
46.3903
34.9925
24.4522
18.3923
17.2994
55.7347
30.0513
11.7668
79.5026
66.0271
108.837
42.0846
67.2453
30.7721
57.771
79.4034
34.2332
24.6071
54.3243
80.8517
24.8944
48.0036
80.7038
36.2022
77.9835
25.017
24.0198
61.1792
30.1173
44.9901
184.816
68.0569
106.327
22.2365
63.0797
35.9631
44.1839
31.1839
122.181
52.154
47.2383
137.508
58.9067
16.1102
14.7067
16.0944
50.8473
67.9852
74.1254
31.5258
177.512
33.9154
25.6844
66.5774
32.7307
80.0392
43.5282
35.6266
28.6591
59.1944
15.0407
52.4021
9.87566
40.4971
38.83
43.4437
38.9353
43.8442
52.3665
59.2778
133.352
42.0597
30.5193
48.8054
37.3779
141.675
19.4934
35.3899
28.4061
28.589
111.475
39.8228
26.7487
70.1733
20.8275
24.67
45.4903
80.456
55.9394
38.8714
49.3666
57.83
47.3746
35.7341
81.063
29.2785
36.8642
23.4796
50.6389
71.8179
71.4566
86.4001
30.3324
58.0459
80.0771
29.2511
18.4048
23.5463
71.9401
78.5444
33.9042
35.7252
57.309
36.9281
95.9575
18.5683
99.8195
59.0488
57.5051
37.1711
31.2789
52.4041
43.6283
104.118
42.7849
18.2383
24.1445
112.306
94.5278
65.8346
58.7877
50.641
36.2124
38.0813
43.3
20.3401
40.1462
20.3706
45.9237
94.3425
99.6558
24.5502
54.3564
27.5105
24.4063
84.935
50.0455
36.9535
51.6829
99.5397
36.3213
37.1537
34.9005
60.3393
11.6099
37.2583
102.187
35.6849
48.1991
49.0117
64.3598
46.6927
21.3751
76.0988
30.6342
19.1938
27.1371
95.1729
55.2299
28.2494
30.8226
23.8571
43.5175
45.3795
90.7537
9.03505
129
15.0262
20.0887
49.839
31.5217
23.4996
22.3245
19.7559
17.5253
50.3645
57.9344
40.0498
98.912
44.7758
22.2563
85.3677
47.0736
28.3117
42.2266
49.9533
28.6286
28.0947
76.5585
44.4108
135.02
33.0263
55.2531
16.1939
58.2157
51.2228
25.4565
14.996
70.9428
52.2018
97.912
73.1299
47.5031
34.0663
38.0775
54.0246
56.951
41.2329
25.0832
132.25
91.8108
32.2672
23.4849
46.5659
47.4245
33.4944
67.1681
73.65
43.7812
31.4645
31.1838
38.765
26.3605
56.105
36.759
48.8855
106.173
72.6438
25.2307
41.9591
78.827
44.2025
75.8682
25.1287
55.7079
51.1755
31.9314
37.095
44.0844
49.063
38.7377
32.7322
115.689
92.7188
148.077
30.2468
35.697
80.8924
63.7398
44.9939
19.6654
40.4801
58.0242
57.5657
38.9968
88.485
33.7293
33.5387
45.9865
24.7594
57.3743
24.2754
30.4672
96.5048
59.828
59.6399
77.4112
22.5551
48.8496
41.4275
42.3227
34.2925
55.8835
105.053
204.597
52.663
65.1871
44.225
23.4579
124.497
82.8699
63.7189
41.8502
56.6161
31.3646
41.5028
28.9855
38.8165
52.8698
30.6148
47.9805
41.5297
172.097
38.634
123.199
25.5004
34.099
49.5261
31.2293
34.6385
58.3396
17.6434
22.1329
22.0259
16.6455
50.6835
38.1571
21.5462
109.418
29.5081
113.022
37.6738
194.897
35.5106
136.205
25.0295
30.6644
39.5912
47.6169
40.0843
44.6354
29.3875
175.288
59.3747
42.546
43.3048
36.7222
101.624
21.1185
32.0583
40.9634
87.4726
40.0564
40.4167
19.6087
48.2088
73.1644
127.375
25.5704
92.9748
89.553
48.1677
14.2465
30.3882
50.9401
30.419
69.0648
81.2642
18.7066
52.3186
72.2734
52.6418
70.412
27.3138
19.9772
33.3964
64.1786
54.0458
80.5367
26.9581
30.688
62.649
36.9533
19.5432
30.5467
205.348
26.6194
144.617
60.0367
24.2739
36.8944
20.6946
38.1697
69.5135
24.888
49.9546
77.2192
13.7661
123.631
66.1392
19.9933
70.0404
29.4513
33.4651
15.434
39.1654
15.6983
71.6893
37.9545
42.2976
35.8927
60.2726
58.9943
57.2309
56.5836
45.1618
20.9729
96.0552
20.13
127.755
39.0723
27.738
23.2504
20.6745
95.4419
70.8023
53.9048
29.9928
34.8318
29.3667
44.2833
75.935
55.9527
59.4922
62.4355
27.7803
68.6305
81.349
21.5289
94.7258
111.694
24.4537
34.1166
50.8902
25.8597
15.2011
8.81291
22.1525
19.0225
162.716
53.1651
57.6665
27.1056
21.7376
133.796
50.1927
87.5795
41.83
114.116
38.2886
14.1432
40.3147
186.004
16.4971
25.7433
19.483
39.7887
64.9178
8.95667
11.2729
67.4324
30.0158
43.8158
29.3623
67.8312
55.684
60.3746
48.7048
40.6688
33.1683
48.7839
27.8123
77.8786
31.7996
35.5338
15.5047
93.4862
21.5348
50.8698
26.0574
51.697
45.1538
106.077
66.7692
71.9101
20.2843
59.7167
38.9191
73.652
28.6428
43.3405
87.9739
26.4495
25.586
58.787
20.3924
109.931
9.71505
47.6351
29.3374
42.6322
50.6023
26.8525
46.9117
35.9573
51.2418
32.3054
84.3988
34.5349
48.112
135.906
20.7189
53.3271
42.7342
24.0165
63.3736
95.1545
32.5932
41.6834
60.9705
65.2032
13.9275
138.478
26.9372
76.1025
46.4056
59.7833
58.2175
148.121
46.2557
16.4733
27.3966
90.0119
17.6741
29.5875
57.1608
75.1742
166.08
36.3449
55.8512
46.6376
24.909
56.9944
55.6297
43.2618
32.3245
72.9024
79.524
19.4231
24.605
90.2425
31.1272
45.8856
35.7533
62.537
71.4313
15.7699
29.6496
15.4087
41.7661
58.2981
49.0926
31.3722
23.039
23.1255
13.3407
30.3349
25.6213
17.7046
24.4144
121.826
82.8145
103.431
82.2157
50.2207
92.6754
65.8696
65.7283
61.6343
21.2287
103.384
36.8501
39.345
17.3132
16.4465
23.0908
37.624
42.0911
26.796
58.936
80.6229
14.0562
52.7328
84.6876
60.4005
48.8811
40.0605
48.2702
20.1087
13.9974
114.972
23.1587
41.2628
17.0917
13.8782
90.1194
27.6426
90.597
51.9883
47.7427
47.4262
34.3613
45.1983
50.8088
29.8374
45.2124
35.2768
94.6733
43.0664
78.8264
50.1454
43.6111
16.5564
66.9755
107.713
48.2496
56.4368
63.0164
57.6378
56.2793
27.2566
49.7237
22.4923
19.5631
105.991
40.9403
64.1569
17.1469
55.2374
37.2331
23.802
27.1956
40.9544
54.9903
25.8163
115.562
20.2583
26.9502
45.5996
41.886
118.482
107.023
34.6977
38.679
75.6118
42.5273
32.3145
36.7424
21.8028
55.5739
20.2299
72.3947
27.7178
20.4095
24.0388
17.7452
88.1667
64.1749
60.7527
113.015
38.4939
40.321
36.0172
45.9975
60.3171
15.9331
40.9094
65.5248
27.4525
36.8501
11.4553
33.7909
37.5373
57.9786
242.405
60.1054
81.4638
31.6507
52.5264
147.611
13.1311
14.9975
39.2004
48.3426
39.4896
52.4201
19.5621
106.263
76.7227
60.8504
24.2725
25.3701
25.2473
41.556
30.0409
38.9064
25.8633
29.6889
19.4941
33.6571
29.428
43.038
61.1655
78.006
100.657
65.3509
37.8907
49.3501
56.3027
72.8476
66.084
21.1969
32.2999
67.536
70.1206
70.849
53.0563
29.0139
34.9682
88.0513
65.5546
27.7292
26.4927
34.8203
59.1188
42.7584
90.4323
31.3298
11.8841
58.637
36.6072
39.6892
22.7666
27.3753
58.41
126.405
64.5402
44.7973
61.4011
47.1144
48.9793
36.4752
52.7649
47.3626
107.511
34.0273
71.6624
168.742
90.2596
24.2018
24.6585
101.762
69.8537
80.1295
31.8425
126.221
12.3315
37.3507
14.4277
65.7717
47.9041
31.4018
53.5145
46.9725
39.3622
84.834
86.684
25.0675
67.773
28.3968
63.2724
28.1101
148.714
62.4131
53.0696
50.1016
40.2737
29.1354
29.478
55.7492
24.5767
40.9867
78.1613
72.8809
35.6991
48.9541
24.3056
51.3792
13.7482
60.7948
15.4801
19.5414
41.0734
129.257
32.0615
79.1987
60.501
27.0663
49.9588
22.5577
32.5032
24.6482
48.5069
23.8611
34.052
50.9499
56.8795
59.3855
43.0897
55.2604
47.4182
21.8535
23.0423
39.3995
28.3288
36.9536
46.9781
16.3263
18.8638
44.7789
57.4035
17.0282
38.3036
18.1101
43.7051
25.2774
34.6907
31.6956
92.6953
167.19
29.1448
31.0175
70.1097
41.4153
41.2276
22.654
18.5422
111.35
49.6329
29.4155
58.265
73.226
82.2713
35.5031
34.4126
30.345
36.8344
75.2923
22.8325
24.6439
47.1473
38.9543
37.5412
55.3611
49.5216
24.0492
32.6684
52.3462
111.818
90.8416
46.0097
46.3711
70.6672
38.945
89.5043
28.006
49.0318
150.997
30.8559
80.8962
62.2613
32.5175
50.6438
25.0433
39.7734
31.9271
28.2487
13.2212
26.0656
14.9311
62.2167
40.5501
100.289
101.645
185.337
55.4887
43.3713
67.4879
52.0298
55.3126
33.0187
72.9339
27.664
128.105
28.6411
35.3426
17.4341
21.9637
68.481
81.4571
57.4495
27.7567
34.949
23.4756
36.1756
16.6698
18.6652
21.6021
84.6129
34.7406
47.0102
39.6097
50.0058
27.7069
74.1649
20.5172
62.2407
43.3069
96.9319
40.3635
46.7798
76.7855
37.848
68.6021
87.0283
33.8972
17.8927
74.4171
42.1707
20.5555
84.4753
98.2186
20.5941
29.7686
69.4551
88.5378
44.7089
40.5854
39.2601
117.31
35.3542
24.804
46.1428
43.1536
107.351
43.3026
58.3907
69.0782
54.986
45.0752
93.7197
43.4717
198.13
39.1213
47.6125
43.3344
89.0316
125.718
100.032
28.207
29.9884
76.0771
18.4688
33.4716
40.0407
40.896
17.1653
68.7633
69.601
63.338
55.4451
55.2389
89.8224
32.2725
18.3359
54.8619
53.689
13.9326
82.0264
14.8592
116.609
22.6195
41.5518
18.9991
68.8281
39.3511
22.1888
23.2166
84.6714
37.9463
64.6881
40.5003
113.292
66.1833
73.1218
50.8495
66.8738
77.4569
10.9617
114.639
53.1066
22.6941
60.7188
55.6518
60.9814
26.7607
28.5541
116.145
72.2973
22.2391
18.637
95.0141
71.0886
34.4043
46.0173
44.5038
20.0372
39.8797
29.8804
58.7006
41.9193
115.247
49.2969
101.693
58.9158
39.9937
33.0149
70.0227
58.3968
46.8617
42.7389
75.1336
19.422
27.1684
26.6337
50.309
82.5472
94.8186
34.1059
34.2348
17.0303
20.4189
64.9804
36.7308
49.1314
30.6323
84.2089
42.361
36.3637
40.0277
79.6841
85.5266
32.6712
47.9847
94.4103
20.6203
54.0825
12.9555
28.6991
14.3537
30.2029
30.8956
47.6677
115.666
59.2534
60.1578
22.9147
67.9707
68.2437
170.789
27.807
60.4289
12.0833
49.9274
44.346
15.5589
27.6758
199.964
54.7836
28.7369
80.2739
25.69
43.4586
27.0545
33.0739
37.9796
81.7288
18.9524
39.6717
61.6061
92.8029
89.4486
46.1193
14.0134
41.0539
44.614
68.7405
37.9916
28.347
86.642
47.0715
38.7273
39.1928
112.098
61.6243
27.5798
66.3901
51.1496
32.5743
11.364
63.6976
69.5049
56.2573
80.6556
44.2211
42.0072
43.341
33.7454
9.25704
36.6681
19.7166
55.8922
30.7723
48.0389
33.0554
17.0012
26.9612
38.886
22.2504
25.0841
96.8181
38.6033
67.9857
37.2454
7.6608
62.241
26.8908
75.8288
34.2905
31.7456
69.2455
109.5
79.3159
60.3297
80.8648
26.7775
138.648
10.5886
25.5704
72.2584
22.2798
25.6075
70.3878
23.6564
51.3609
76.4095
82.0237
19.7276
166.015
45.8752
125.113
63.1853
40.292
92.6288
93.8141
23.3673
76.9759
65.1967
59.3154
24.2829
54.5442
35.0686
39.0642
39.0003
69.6974
64.5383
30.9629
66.5406
36.4672
77.6872
72.1442
105.935
58.9901
40.683
126.293
189.591
22.2748
50.1089
21.039
33.2217
18.5851
18.1063
21.7074
24.9621
15.8841
60.6318
84.4017
14.0127
45.5599
158.457
56.6548
54.8695
20.8426
30.7833
36.7719
44.5209
36.5533
31.2285
182.161
42.3136
91.0183
20.8928
74.8078
26.8153
24.1698
63.1355
11.284
57.3093
30.7138
23.3716
31.0675
53.4974
13.3355
30.9719
105.351
124.964
44.2764
63.5372
57.7717
49.2195
64.1379
27.0117
49.3998
73.1018
62.2513
31.8743
104.059
38.075
100.729
51.6994
45.9093
23.2463
81.9967
27.193
41.3374
32.222
59.5564
44.6755
28.8603
31.6936
75.797
64.8402
22.971
35.3599
23.7589
25.0313
44.4929
31.8429
66.906
61.1343
10.9356
66.7921
24.4954
76.0919
42.2061
12.1312
38.5376
59.3007
94.7326
24.6038
17.7884
90.2337
57.5432
82.2901
38.3318
33.7796
146.605
26.4502
51.1185
27.8139
85.5945
82.0234
57.7975
45.0659
47.6416
36.1601
55.8661
36.3137
56.8327
42.4394
63.6239
40.2596
54.0769
16.5685
61.1744
29.1431
132.064
17.5932
34.605
61.3508
19.7179
37.398
36.1532
51.5607
36.7305
17.2278
17.5331
58.9417
53.4028
38.3713
34.3139
26.2602
18.0998
15.8325
38.2424
31.3433
25.1999
20.6262
40.3866
84.5965
18.7388
166.845
48.0281
19.9501
37.1133
52.3137
56.7779
59.6368
51.8043
13.6492
29.2578
38.3267
35.8823
49.739
31.9231
47.0851
55.1376
30.1401
32.8712
54.0498
40.0802
40.2982
48.9943
40.1517
33.5437
31.9743
51.5606
41.5693
39.4026
151.36
14.5186
42.6641
32.277
58.5265
30.7302
56.5342
47.603
47.4666
47.652
59.9724
55.0824
38.8069
96.968
56.687
79.3925
13.1392
98.7369
60.4283
34.0782
34.7483
27.7485
83.9597
56.6528
32.0658
26.6402
58.6091
27.2147
32.1952
49.3538
63.8641
63.476
25.7333
22.4399
23.2751
83.485
46.6264
45.2372
130.336
14.7904
69.801
97.0764
24.0365
60.0447
54.3008
89.5362
49.4907
32.4964
36.4447
38.9719
51.9172
16.0139
78.4843
21.1797
27.7109
29.289
26.064
42.6093
100.753
22.5831
69.7279
48.8082
50.2166
41.6872
13.1424
32.1065
86.8326
49.9387
58.0321
51.219
88.0318
103.979
95.8106
55.3553
50.6464
90.1541
40.2053
51.4399
43.1714
98.832
29.5494
63.0732
48.8177
135.155
47.8181
56.4874
33.3477
48.0925
45.016
32.8692
86.4738
69.9898
29.4146
36.94
122.69
64.7607
49.8725
44.6257
30.852
34.1368
60.9708
23.177
65.9062
11.4725
33.8158
34.0634
47.2624
32.157
67.3001
18.0615
27.5465
35.8417
38.8906
30.6257
38.277
76.5933
51.6811
11.8695
47.8684
36.8391
30.9871
42.1348
82.6208
48.7139
73.2989
21.943
32.1582
25.353
60.9329
44.9536
126.673
46.9735
32.7388
28.4076
28.8221
85.7272
30.7289
201.674
23.9375
88.5042
53.4699
129.111
73.8854
151.727
76.9756
134.072
140.835
104.146
39.2534
46.7697
71.6847
46.7455
74.2428
24.7703
49.5316
50.2506
60.821
45.3535
95.4139
19.6757
80.0392
69.9287
55.488
20.9627
23.5193
60.5205
33.4098
56.679
58.4511
196.882
17.2895
25.9105
54.4542
21.3579
45.0084
33.0973
39.537
49.5984
63.8204
34.325
47.6739
36.8427
92.9385
47.716
33.8693
54.2816
86.1182
36.7659
28.6124
40.6153
25.3318
60.7053
33.123
62.9556
54.6459
15.8384
16.0537
57.8605
92.5824
124.817
44.4472
56.9249
56.4659
29.8372
119.096
26.083
89.3554
50.1642
113.177
71.3716
26.7812
33.3146
117.544
48.6806
29.3946
20.3376
46.2297
38.516
34.8551
52.3562
57.2295
50.5633
55.2862
10.7815
33.86
100.994
41.7351
28.1741
39.6574
61.985
82.4936
35.6957
53.2777
14.5222
75.2055
9.34988
47.5381
16.954
71.4419
70.0119
39.3971
63.139
41.0759
27.6454
60.1502
31.2267
23.4139
44.5693
92.3783
11.5634
43.4819
52.0693
51.9909
100.083
35.6077
49.6432
75.1439
42.0564
40.8891
26.7438
62.6852
43.8471
78.2454
33.5823
37.1252
34.4844
22.5837
55.9911
47.1575
31.8683
55.9028
67.677
66.727
46.9028
55.1436
134.378
38.1849
42.3759
23.0222
42.4454
56.2485
26.7388
36.3944
89.2686
17.258
47.6988
28.1535
19.3642
44.0075
23.3605
21.5113
32.293
69.6955
53.9516
66.4316
28.5981
74.8177
35.4266
92.1881
89.9913
29.327
174.617
12.1563
158.442
29.8359
26.9049
47.2519
8.46002
44.8455
23.0138
43.769
23.1387
16.7741
57.6528
38.1477
74.1985
83.7535
38.1471
13.586
33.5812
20.6792
66.9687
163.732
38.191
24.0325
72.3418
99.036
26.7238
16.2498
34.9362
81.0327
22.6826
33.406
47.9965
35.4616
38.9599
66.7676
43.3314
60.5389
34.5238
64.4763
35.5798
51.1409
63.0641
56.4795
72.5524
48.7505
42.094
40.6956
67.92
30.6685
29.8148
65.4349
100.581
50.9257
19.6644
43.2932
100.188
46.4588
50.598
44.1269
30.5462
87.3807
82.1164
28.1635
40.2388
27.6801
33.9989
76.1917
43.2447
17.5828
48.7116
125.492
49.0144
30.6082
12.0007
87.6584
24.5479
21.6256
61.1432
29.8373
100.083
28.2865
24.8355
27.6265
74.6568
30.7652
51.9347
40.667
35.7973
70.8374
15.8381
21.2123
72.9133
67.5463
47.0004
35.5741
38.6389
57.8274
41.6359
29.0083
33.5199
39.1409
45.1688
32.533
44.426
33.9779
60.3284
41.3324
15.4065
87.8564
128.59
38.7622
51.301
52.7637
37.2303
49.4272
61.2367
70.5298
72.3249
18.0085
69.8862
48.5192
78.4197
39.1534
89.8411
97.1666
50.8134
57.6334
54.1767
23.0474
44.3638
57.881
33.797
94.4848
42.3911
36.6791
29.7239
82.1789
86.7146
30.454
37.8404
30.893
32.2455
59.6996
38.3585
58.7497
47.1098
60.7801
66.8784
47.8591
59.0087
61.8985
59.9309
63.9184
31.9676
54.8104
29.8942
106.161
71.4243
18.4793
19.2029
48.5676
111.589
37.4098
41.6835
9.81611
29.6264
55.9992
29.3589
75.4236
36.2421
42.5952
25.6319
19.868
35.5197
46.174
26.383
53.9788
21.0546
70.2314
50.7661
84.5373
33.4692
51.0776
82.8119
22.219
40.2512
24.2979
41.3035
40.0675
43.7604
37.3831
36.1445
59.652
27.2725
58.5525
48.1084
65.182
47.0989
63.0023
68.3779
34.8168
16.6107
49.8694
98.0104
27.7543
49.7759
171.167
39.0223
88.3981
31.0956
34.1433
64.1232
18.3355
51.8146
43.7824
29.5659
25.968
12.3989
70.4691
112.685
23.0758
61.2488
38.5116
22.801
38.7293
105.795
11.9707
50.4325
56.7809
83.8999
25.0753
22.8997
29.0217
42.2639
46.3385
99.7652
67.0783
29.4338
27.6885
38.881
21.3061
39.6931
43.8636
16.439
84.1365
57.6889
47.0185
159.832
29.4515
77.5099
59.0743
62.3245
126.298
73.5443
47.0011
55.0475
53.9666
79.755
31.9869
41.2723
29.8248
78.2178
10.8312
59.2063
14.3999
44.8296
45.6951
121.019
53.9385
87.3763
27.1806
16.953
62.4628
49.3789
16.3849
43.5491
28.6279
38.7305
37.3779
47.7555
210.537
94.3002
15.1365
29.7537
31.1315
62.3714
34.9783
26.1891
102.068
27.8216
115.836
75.3777
27.3967
20.1738
51.9648
114.524
58.5319
100.886
24.0109
120.872
109.841
35.3548
14.1603
26.0095
80.2238
102.395
36.486
27.764
56.9749
36.5101
30.6866
46.6722
52.601
77.5716
41.6253
44.0198
46.6641
41.519
87.7061
57.6237
38.2842
16.3788
75.4546
62.6424
19.0307
7.98243
33.6359
41.0162
52.4467
55.55
72.0767
52.7973
42.7594
184.472
37.0926
18.0446
80.403
48.6786
76.1716
33.1595
74.2936
21.4524
56.1936
65.3467
52.4368
44.6448
54.6557
21.159
17.2367
63.4346
27.8213
14.8151
59.9925
29.3249
57.1352
24.4348
17.4251
35.0396
20.1871
62.6648
69.6841
31.2366
86.0719
60.1293
43.405
52.6457
50.8626
52.2475
80.425
28.8257
58.1206
75.7851
34.2211
38.2308
29.6604
14.9941
21.8176
19.9417
36.0634
28.5424
113.192
23.1127
23.3678
88.9852
39.2131
38.9569
35.4237
31.715
42.0193
30.1444
26.3124
60.1549
37.2717
60.7938
19.8535
32.6745
17.0721
40.7253
10.3018
56.2136
11.8116
93.8028
12.6616
84.4658
38.1536
21.7351
59.3838
34.6848
120.447
37.0455
28.2282
35.4112
41.0268
19.7767
65.4485
53.3417
108.403
50.9449
34.0705
23.6167
8.92039
115.617
40.1859
13.1457
29.3261
35.24
24.3898
52.1115
85.5103
102.981
77.8598
36.8783
57.0869
70.4345
74.1868
87.5367
56.4027
40.5684
23.8464
43.4488
131.182
72.1409
57.0981
59.8636
29.177
40.2143
54.2566
35.3639
16.9666
27.7452
57.2469
98.7779
118.782
60.0494
113.791
23.9592
27.6222
69.374
60.7944
26.8064
62.1479
57.519
34.564
60.6934
21.0703
103.732
23.9756
40.3746
70.2076
32.0897
58.021
30.6864
48.571
38.8191
80.0669
114.67
24.4649
19.2453
74.1674
39.178
41.56
53.1712
53.4378
27.1193
93.9436
168.831
26.0819
15.3274
49.3681
29.3851
54.2323
52.5468
75.2386
27.6093
55.3684
60.3885
65.3952
47.2459
66.9469
48.7667
21.5213
41.4299
44.5556
78.4997
45.6076
16.8593
10.0332
35.5438
21.128
81.6305
45.9326
46.8803
65.3862
35.5047
66.9289
40.9067
30.6564
45.0676
102.351
38.061
143.25
43.7495
47.5066
39.6779
35.8484
122.511
20.9168
38.229
23.7303
36.8265
64.4734
22.4208
30.043
32.5127
40.999
63.1854
13.83
84.9745
13.5654
89.0125
26.1823
68.5746
38.2434
75.7141
89.2098
59.1454
43.1889
58.8101
48.5901
39.5071
78.8471
34.6683
9.80515
45.5982
16.9817
46.932
16.1501
60.5936
26.7392
118.383
69.5529
46.0369
36.418
27.9064
22.2238
34.9956
52.3384
21.2988
47.4139
41.2999
93.2956
38.4455
90.7568
21.2909
33.5407
22.8252
45.0376
28.8292
119.292
39.302
35.2385
23.0404
30.6666
37.7598
18.2656
42.2352
25.8184
41.9834
63.1701
55.4447
24.0756
80.3379
149.219
143.144
64.6921
50.7196
28.1565
107.761
125.681
16.6929
111.538
27.6002
49.5574
45.5862
48.1733
19.0025
19.3749
39.3657
71.7947
49.0338
38.7459
49.084
12.4737
23.0914
25.0049
78.37
28.6155
211.02
92.6616
81.0825
41.9952
30.971
44.499
55.1445
25.7861
16.8339
17.6667
62.6463
121.836
17.1522
96.3089
65.1745
92.4431
35.3572
82.4886
24.7315
37.8484
54.188
88.0483
74.2515
57.0363
22.1334
52.5505
12.3554
58.5194
16.8798
28.657
28.2527
33.7202
31.0586
106.205
59.2644
39.7517
35.0896
42.3565
17.035
69.6966
27.3255
22.1617
101.086
77.707
11.2618
42.4895
59.6681
38.7961
66.9555
92.9147
53.8224
24.6624
19.1612
35.4828
48.3936
57.4799
26.9841
90.4452
48.3772
28.5026
53.8575
60.1924
23.6757
34.019
129.336
41.0395
47.338
36.5127
34.3331
37.1805
76.1937
98.03
97.2087
19.7599
55.3111
68.9449
28.4408
67.4098
31.528
83.4285
55.8555
44.2459
87.367
42.4987
24.7812
48.394
125.019
45.8511
13.8335
130.229
83.2974
25.6008
35.0693
33.1072
42.9461
69.0297
66.9778
137.706
41.3818
26.1617
17.8427
68.1349
36.9991
47.0269
28.6003
47.5763
68.4579
32.5547
22.842
42.1832
88.7183
80.6533
46.8285
36.6392
13.3365
40.2509
93.9081
92.0003
24.759
76.2362
37.1321
83.7194
20.2049
41.0726
44.0293
25.5254
78.3009
45.5988
14.281
25.932
37.4917
10.4167
48.6438
10.346
37.1247
41.5659
80.4513
121.499
16.1843
85.4274
80.4222
28.5551
118.234
30.9525
35.22
26.3622
26.4164
23.5766
42.7409
20.7839
29.2659
62.1975
27.5808
27.4941
45.7119
27.6027
32.0053
45.3201
65.2829
36.34
25.0415
73.242
37.1829
90.5261
27.3671
74.2039
52.02
68.7295
20.3892
51.179
102.432
51.1008
79.7002
17.9486
32.9146
20.5686
21.3532
61.1661
52.438
15.11
33.7151
31.2398
69.622
76.5533
61.62
11.0181
39.28
29.015
22.9072
19.3022
39.6066
105.537
146.476
43.4697
66.8723
76.5618
115.105
49.1627
22.5111
27.4367
81.8991
32.9169
180.152
31.1449
45.3758
47.8647
72.9777
32.5499
31.3948
42.8121
86.1895
46.7945
41.1164
48.7891
41.6126
46.904
38.4808
38.0222
62.9379
74.3279
33.1443
71.3637
26.0252
72.6236
25.1552
56.2016
41.2794
18.3484
22.4604
62.3944
59.5126
24.4087
115.081
16.3629
21.3855
27.7022
18.5641
68.3337
85.4092
19.2038
80.6237
28.5337
77.14
23.5919
91.4585
22.2451
17.9055
157.665
47.615
16.1613
25.2058
69.9931
28.0488
23.3631
26.2928
83.7573
40.0486
57.335
18.2448
36.0681
57.3725
9.24172
25.8544
30.9832
28.5119
107.085
36.3904
74.7814
41.8905
61.8287
61.423
69.0213
47.1196
85.6307
34.1357
48.3946
22.9901
23.6669
144.192
21.7272
41.5612
12.0792
47.9201
58.0201
51.0718
28.4817
21.1281
54.6954
61.6723
36.8853
69.0519
25.1583
16.9567
10.012
44.1906
57.2503
65.5979
78.0322
28.8789
125.382
95.0992
132.228
59.3502
65.1737
86.7294
41.8721
17.8607
63.3983
17.0019
34.7047
69.2156
19.7462
70.3445
59.7873
44.4869
21.4497
49.2366
16.4187
118.313
80.351
43.5984
65.865
53.9188
89.0239
21.0345
18.7371
14.8309
17.5892
68.1906
15.9014
39.5709
23.8653
30.664
59.4136
46.3309
48.1447
44.871
102.625
38.2281
81.5464
43.0283
81.1126
36.9762
94.346
93.845
29.9859
22.541
76.3302
59.1679
42.0215
65.6184
60.4533
30.5772
66.0841
41.8178
36.6614
33.5223
84.8875
77.7687
27.5678
19.017
21.7149
90.0415
41.8675
14.4535
79.3073
52.4438
49.9145
69.3438
50.8634
20.0071
180.298
27.2816
56.5045
29.7033
53.2537
37.8622
26.4645
21.156
64.0529
54.4808
28.2001
31.3589
45.1278
46.1793
40.7795
56.8438
24.9469
45.1481
44.3543
56.2619
103.041
26.9361
43.6389
43.9591
23.5857
13.3159
33.8749
25.773
133.743
76.7171
19.4993
23.017
80.8357
34.9246
49.136
64.9458
43.3494
42.584
53.1986
165.638
42.076
44.4722
66.7391
43.3138
26.81
46.6325
91.0641
43.2968
103.25
74.3929
111.938
44.7641
40.4835
50.761
63.5398
20.3195
35.7373
22.5191
29.0307
31.5868
24.5817
93.6848
51.1896
124.489
41.4613
30.2004
51.49
53.4815
20.424
17.0395
20.6627
31.7297
48.4753
68.9329
73.4727
52.029
23.5095
44.5523
37.1737
40.1752
29.5975
48.5658
39.9418
44.9459
70.1214
79.4123
98.8162
20.3993
146.513
39.5792
22.9533
24.2791
88.6784
108.905
53.9472
30.0263
98.7036
29.5396
30.8066
128.513
112.277
58.7511
38.4264
39.5127
50.1987
109.869
32.8351
7.06617
23.9506
65.4437
34.3663
19.0181
86.4933
34.2297
76.7016
40.1171
18.8803
33.2079
42.6767
23.8737
30.0222
39.0641
75.3966
87.5781
12.2534
17.4494
75.2745
49.5051
56.6227
41.1311
44.9297
21.1012
96.0883
26.8135
61.5637
21.3581
84.1029
59.3047
35.8008
58.1115
29.9
98.3975
39.5334
25.2491
51.4128
37.3078
10.2055
60.3506
29.5173
105.118
40.5063
80.2327
45.6463
68.531
35.044
72.7546
65.2148
26.6406
29.8296
85.0064
34.9742
87.9375
27.087
86.0789
152.967
64.9712
33.4299
65.1403
19.6269
9.78585
71.5064
40.7526
28.3338
20.2209
34.1556
19.9214
56.4578
16.2691
62.0126
117.542
60.8596
37.7837
51.1844
47.5967
67.5314
34.3115
19.013
59.359
20.8817
63.8911
135.447
342.236
63.9449
42.1429
30.3794
71.5797
35.2746
19.569
132.006
110.933
49.4123
48.0907
62.8509
30.2404
17.904
32.1251
44.4922
32.7333
45.0108
30.6017
24.0277
32.2402
18.6825
36.2851
55.5733
45.4066
21.498
75.2507
65.1389
37.2684
23.9148
29.3417
87.2268
53.1689
26.51
49.0033
28.686
13.2122
108.015
76.0572
88.9708
34.2681
16.8699
72.7071
40.3635
76.1088
67.727
20.0288
72.1657
84.385
26.7434
57.1947
65.4094
37.2989
30.8925
44.4937
76.9732
59.0356
42.1179
58.1838
25.9813
35.491
57.189
32.2069
75.9686
55.6779
28.7036
30.6554
42.2413
18.8539
25.1239
29.1308
111.088
31.6938
83.7088
35.5632
46.7023
31.0852
64.4295
53.5969
25.6621
53.8461
23.4674
30.5537
62.9971
48.2524
77.7853
74.4047
24.433
94.8312
71.464
105.748
103.831
41.5574
32.1303
12.1412
25.2326
71.2551
37.8114
76.2519
14.5332
52.9975
34.5886
58.1251
30.8347
58.8136
30.1738
27.3991
68.2794
22.4769
43.6252
67.1094
86.9312
35.437
20.3174
21.2135
99.3636
14.4037
65.3983
41.6228
37.2852
30.6586
74.1848
68.2553
83.2573
44.015
57.1061
35.6616
36.501
96.9975
49.7207
82.8941
19.0431
35.8836
76.438
46.573
53.4338
96.1745
19.9659
47.2975
83.6923
25.9931
56.8221
34.2499
43.3523
28.4811
26.3775
44.5158
79.4881
33.4581
12.2452
32.5568
43.9934
62.392
15.2345
23.1169
47.5304
42.7473
29.4479
109.927
105.814
23.8881
31.9504
90.705
25.1153
79.8525
127.29
38.854
64.0928
19.97
55.4848
42.1899
52.5263
68.7473
13.4751
22.42
46.1303
51.0455
22.1153
18.0045
78.5811
36.07
30.7987
12.6759
98.5163
41.6642
58.2031
57.4442
30.7957
68.5511
49.8749
39.6452
84.2471
161.383
35.544
90.1695
13.9275
43.8815
45.3697
55.3989
28.06
51.8432
135.968
53.8362
120.313
102.753
37.0585
23.7237
104.994
56.1319
42.3027
42.6286
16.5604
37.7319
44.6748
31.5471
86.192
22.8457
33.7095
33.5847
31.342
25.1641
46.9263
55.9197
24.0772
30.952
78.2255
41.1049
17.8258
31.5515
44.3797
58.042
62.3191
18.4172
79.6435
22.0851
43.9991
57.4155
27.2728
11.7257
24.9663
45.0611
84.3625
47.9049
72.1153
20.4674
27.1572
29.1047
86.7733
46.1659
26.4155
69.7788
30.1613
49.1959
14.1047
25.7645
36.4606
48.2912
16.6783
77.5746
50.8661
126.51
19.3091
19.0706
26.5911
109.671
46.2657
154.734
32.0372
30.2447
24.2724
85.2861
60.5417
21.6478
26.2184
40.2516
23.0441
99.7958
27.9827
52.4959
50.2276
85.9318
18.33
73.7353
27.2256
93.2223
25.964
40.0103
77.8491
70.0282
47.8472
48.6234
61.0919
97.4056
41.2684
60.0514
21.6939
18.9367
21.7452
99.1173
26.8853
56.6529
69.9964
57.2814
73.8984
19.8726
55.8083
31.1673
97.2308
54.7865
55.8031
66.2549
36.2939
54.8899
22.2616
80.6076
29.9061
43.2277
24.6726
40.7831
101.407
28.0499
21.494
22.7366
92.5086
18.3515
25.6553
22.4698
74.3591
31.5059
89.0995
48.148
52.3467
45.8372
55.2539
24.3632
25.5
46.9082
19.6024
54.4405
37.7188
54.3784
50.5058
82.8579
43.4121
43.7052
45.1729
27.4187
40.0262
33.3927
31.3148
56.0658
35.8589
32.74
39.0924
48.002
56.768
37.1884
34.1736
53.3295
12.3636
60.8342
64.1703
58.6239
67.5745
48.1936
34.5319
67.2588
43.7144
23.3607
20.2975
42.7517
71.3466
71.8014
154.636
72.5014
23.7692
21.922
20.2631
99.9666
18.1032
14.0466
81.2974
76.7171
62.6035
35.447
30.3988
81.9999
113.122
51.6296
41.8775
51.0494
57.8137
25.0805
39.4461
26.3151
66.9265
80.4671
45.8034
45.0815
25.1628
39.0843
64.8676
46.9205
25.7298
23.4529
42.8574
28.2739
52.3202
42.6254
57.8613
59.0605
45.9908
75.4662
37.3514
86.2201
104.692
39.6029
51.4591
83.4402
22.5767
167.398
66.1272
39.0752
97.8965
54.047
51.4933
49.2898
52.7791
66.8772
50.5465
37.7951
87.2223
22.2193
30.7633
27.9137
33.5325
42.274
54.0048
48.2274
33.9958
65.1751
76.2689
37.4907
30.2101
40.9353
18.4386
41.4125
38.9881
13.5414
38.7584
37.8002
63.6835
31.1109
80.5509
22.2821
25.2369
62.4339
31.9744
27.4246
24.2296
38.8465
18.3107
105.148
35.1931
52.9099
65.0817
124.482
54.2483
64.2827
33.4807
33.4065
60.795
44.6468
30.3608
53.2584
59.1818
111.66
15.918
49.0977
51.6901
19.4357
85.8161
57.1674
184.836
66.6331
32.7112
59.5902
46.8514
54.5589
182.091
13.1472
46.2007
187.208
108.205
37.5078
49.493
45.0205
69.043
26.7707
48.5171
31.9641
60.0163
30.3626
40.5418
25.9342
18.5638
27.1986
15.7376
36.7823
26.5456
72.8985
36.4619
17.6967
11.1114
27.1331
17.3796
22.732
51.8816
90.5602
32.1559
43.8261
22.2289
39.6864
67.9018
82.2197
12.0476
15.3286
42.9237
20.1929
40.8745
46.4379
20.0937
87.3274
25.6953
85.7433
87.5177
59.8489
59.1247
63.4604
16.4448
36.0146
34.168
39.0221
16.8308
50.1875
98.0874
41.3967
100.998
40.0585
65.7673
84.0863
26.3176
82.4789
79.2663
55.103
62.8726
31.9164
72.274
78.6093
29.6318
14.7976
33.2319
38.14
17.2789
33.1088
56.2953
31.0663
18.4129
76.4788
14.7393
33.0438
37.1608
34.8741
55.4388
45.5606
80.2695
21.5432
35.5346
102.262
36.8915
60.9216
46.5494
40.7259
100.959
52.2484
197.929
31.1964
68.3625
56.4852
78.031
20.1651
32.9982
22.895
87.785
15.3305
70.9174
58.8678
22.8679
18.2059
78.4888
98.2711
29.6242
48.4382
55.6884
42.045
66.5983
47.5618
43.6697
72.338
80.1704
35.4886
36.1822
36.5875
41.5718
65.6793
15.719
134.956
50.2223
84.6139
30.2987
42.3692
158.686
61.6856
37.7561
34.3995
38.0924
38.8469
77.1224
30.6137
129.931
33.7622
118.655
28.6987
45.1399
43.8675
46.659
35.8461
58.6606
18.2079
12.4316
39.2729
106.095
84.7245
50.8834
25.042
29.7031
43.9742
25.8017
143.607
28.8847
31.5616
37.4918
36.0127
58.2366
131.386
36.9183
67.0365
14.8666
23.248
27.6842
12.815
17.1056
62.9709
58.7542
38.5714
76.7693
38.7088
55.6694
15.676
30.1619
55.5058
47.1241
51.5641
62.7719
59.7427
42.0278
42.5028
157.611
24.8466
40.8645
27.0465
117.777
34.5949
13.3013
197.824
49.5412
36.6984
114.986
56.7408
52.388
46.0317
22.8666
26.3328
55.1227
44.4793
39.6451
111.852
18.7251
23.2568
52.8843
23.2249
179.124
62.8406
35.968
22.1792
57.7596
55.6867
22.6157
39.8992
39.8611
55.0687
53.0406
62.9975
26.845
25.4828
26.0183
17.6338
29.7441
79.7637
34.5258
36.8013
47.4221
37.5721
11.4223
32.3275
52.6262
56.3717
80.9399
77.6834
52.5854
49.7551
36.7873
58.4785
69.2259
54.4554
19.1822
17.8943
47.4257
50.7484
22.889
57.0798
58.8252
19.1601
27.1693
24.6016
48.5317
36.3897
34.3749
69.5633
53.3419
48.8487
78.6049
10.6916
95.4375
27.4124
56.0596
47.4606
16.3874
39.6191
155.243
36.2762
91.4636
94.7682
46.4731
24.5116
31.5963
41.4986
57.2969
28.1811
50.6991
18.3756
13.9395
40.6422
36.6254
11.3414
48.8226
34.3593
29.5071
32.9822
40.1978
110.973
65.0063
39.7361
56.8236
29.3227
60.1324
21.4128
32.5063
38.4409
19.496
73.6433
105.134
30.5931
13.1382
55.0531
31.5175
132.38
42.9732
44.0046
59.2986
57.8182
50.7095
22.5265
46.169
33.9181
14.7054
19.7305
78.0656
34.4607
36.3331
21.6781
52.3581
95.022
33.4332
50.6588
70.9982
71.1186
77.3213
35.0435
65.0734
16.6683
28.876
15.2158
90.2913
134.074
55.3279
18.0155
67.9718
43.9324
29.4654
48.4874
42.5632
29.9717
135.918
17.9204
23.6634
49.4042
77.6303
63.947
104.728
14.4108
33.7724
23.21
57.445
55.1155
43.6778
44.1407
42.2388
23.4213
55.0927
104.925
58.9769
41.713
24.1713
53.3963
54.6943
45.0731
88.574
101.829
47.9416
33.7456
28.9606
87.7812
54.4917
42.2448
50.8418
51.924
19.5661
75.3585
19.111
64.0966
31.6028
54.9423
70.398
48.2821
24.7837
67.5489
279.901
24.6664
73.6171
31.1208
20.4922
43.0818
59.946
38.2427
47.1912
70.6942
29.8009
20.6275
26.9511
36.077
56.1243
48.6001
54.9338
11.7448
117.566
48.1111
40.0966
21.9968
42.1187
54.8278
43.2667
11.9462
76.3204
62.9323
48.7888
35.0606
130.222
41.4296
48.6332
25.8978
13.8587
41.4292
17.7444
56.9199
32.2963
15.1206
57.4142
41.4752
47.3783
31.8701
56.2166
46.2203
38.0822
71.3858