106962
49021.9
141682
66402
47061.6
10337.1
292291
100008
167460
166500
87002.3
4568.01
45318.2
210302
153978
86874.7
242423
21381.2
47215
15180.9
7657.43
151407
37252.9
23360.2
76083.8
131022
40705.2
55568.5
212695
29980.7
126057
2035.15
88896.1
9115.99
123845
245156
95121.4
375535
150047
15276.6
3339.97
89752
218986
398810
44920.6
91381.9
53890.5
178158
44768.7
145688
164577
6511.85
46455.1
68150.5
75045.5
11216.7
40867.6
90851.2
99916.7
29992.8
118017
125177
45660.6
32474.2
73661.7
79120.8
356883
51941.9
58312.9
142450
100510
134393
11895.4
45018.9
336103
571818
56347.3
12599.2
181356
12558.3
160038
158539
106621
159082
83903.6
15212.3
65147.7
19416
153000
32409.2
39803.5
204279
29002
298913
62388.5
264284
98018
63703.1
143530
13321.2
362835
142547
39877.7
364831
23796.9
166508
34957.5
8215.8
181106
34272.6
84630.2
67356.7
62459
5465.64
33380.8
24332.6
104517
103603
19928.8
75627.3
426341
38015.1
108966
130549
81772.6
85157.7
42314.2
55089.6
71015.9
84648.4
25898.8
39660.3
217912
463801
46861.6
16610.6
19758.3
103164
249999
7516.25
254504
241784
192267
37928.8
13310.6
102682
12779.1
250968
16274.3
113378
50434.2
94081.7
374114
78417.8
16013.8
84375.8
10750.5
84963.9
7246.98
9464.35
80360.5
45461.5
68357.1
106206
11889.7
483896
129011
220176
241970
39245.6
72000
198706
80364.7
124262
1686.21
21597.4
237390
196713
175956
38810.3
56117.1
43323.8
205333
169346
31932.5
65444.6
61799.7
258912
82460.6
168452
42445.6
63085.9
4861.85
11424.1
224890
11139.3
75401.7
40904.6
146292
84408.8
235396
185513
43613.7
67038.2
32385.1
31532.3
28440.9
348825
113193
76768.5
60285.6
109944
12294
169858
91279.1
27764.5
1835.99
29101.8
72128.4
261428
90249.9
10707.6
24914.6
40461.4
8805.32
25938.7
121507
141805
34102.9
92760.7
33661
125970
543917
91379.7
8959.91
51550.8
9579.08
21913.4
195406
68049.8
48989.8
12912.7
18284.8
156470
5453.86
24164.1
97223.1
29433.3
167300
242389
104971
6789
8484.99
59502.8
50683.1
92772
177379
103637
18217.8
202121
8444
66967
155860
130452
176810
10687.9
238044
274808
615747
146499
4728.4
11985.3
199963
8197.4
127807
88471.2
208973
33813.1
118503
76751.3
95434.2
291002
7419.32
37615.4
45601.9
68763.3
217114
67505.7
38548
166428
92207.8
54418.3
139349
2033.61
119309
79402.5
175114
118189
55112.7
159219
42057
183831
94535.5
97906.2
117185
77358.9
80426.2
60730.5
121180
75441.8
88478.5
7792.9
112187
48132.2
262317
125640
192868
41375.5
17177.1
126861
355146
54046.8
50447.9
5626.57
200257
52247.3
122212
63203.3
223588
14210.7
175733
7895.91
62824.1
94422.2
1062.24
36955.1
992.492
111185
32358.1
290756
222026
172388
46206.4
117764
120250
43898.8
55733.5
7399.02
12342.3
58764.2
34417.6
59202.1
190405
7307.58
22014.9
26080.2
125550
45635.5
165803
131503
60882.7
6310.89
98385.4
58515.6
59372.9
339271
77132.9
208415
16441.5
68175
372551
98740.7
51876.6
71380.5
29245.3
170003
198084
129353
5568.45
14239.6
98238.7
65565.1
59881.3
112332
311529
44812.5
73104.7
71449.3
154557
96599.5
43271.7
4756.21
59537.5
122255
345816
49334.5
95312
86374.9
8499.61
5180.46
295045
390100
87855.7
11124.2
238062
83497.6
8183.08
118692
127121
257923
49743.7
40192.3
7487.7
171519
13489.7
28046.1
530062
20641.9
294551
190448
111598
155688
32060.5
67768.4
191403
17922.5
7137.28
72971.5
32050.9
43194.4
363984
5780.52
122973
54477.7
10306.9
60960.6
83660
5573.11
545910
29274.3
90773.7
213268
153503
177729
1449.17
39473.3
229616
18118.8
48064.8
54769.2
120403
27356.8
103057
1454.29
148525
83747.2
85740.9
232.199
81390.8
96886.2
139217
36682.7
8983.65
44773
57860.3
122877
1860.55
34503
3882.5
121541
25031.2
62328.1
87997.3
144553
17204.4
44009.3
112248
93165.4
9749.32
322330
17735.4
146983
140130
6017.67
25455.4
18939.9
28679.2
46756.1
26344
404097
296250
309208
187306
21780.2
59576.1
426877
112227
44529.3
45311.1
118835
33775.8
2864.32
51073
12283.8
81253.9
95285.1
114825
185858
289074
143192
39251.1
46490.1
57151.5
70761.3
206525
183743
92812.4
41597.6
5654
387322
90753.7
41326.2
149322
64558.4
14576.5
21035.6
104819
5679.92
15479.5
116447
36414.6
168247
136955
130195
118971
5842.57
1367.27
113863
122049
44583.3
156862
35327
182031
44821.2
11467.6
71939
66384.8
120445
2242.5
137838
222443
72346.5
20256.5
45704.7
49039
14300.7
86043.9
85389.1
14258.5
66734.8
21592.2
1529.61
664.797
19152.2
84648.7
254085
28860.2
455.664
49845.4
57625.1
20812.2
116953
22757.4
38481.4
19518.6
27908.5
140785
264419
130981
180851
16482.6
57402.1
20668.4
63526.9
57435.4
36379.8
40896.8
175913
13451.3
253348
520157
106379
223510
52838.8
10103
96854.8
20989.8
16645.8
152426
89334.2
115983
92519
89590.6
151266
7083.31
23342.4
100480
129586
126998
70239.5
114939
33699.4
28096.5
20105.1
236580
39791.7
39830.9
84049.3
50391.1
12166.5
32378.9
38523.4
8570.48
171591
59122.4
141282
4589.69
46974.4
38189.4
3745.52
51111.8
42002.7
72445.3
22099
106877
4996.08
19159
12897.8
476646
81310.9
136835
8514.41
68600.5
289024
34994
205911
23082.4
390294
317343
360734
205140
135877
375990
65682.2
6180.38
297668
40166.3
8646.38
98157.7
314673
236994
27851.3
20325.4
23336.5
50292.5
84071.5
14345.6
3478.27
95603.1
130257
9757.57
88631.4
241962
175932
95824.5
89445.8
3258.48
35864.6
13422.4
60042.3
37377.3
65879.2
6642.99
288098
126600
305159
157350
93014.1
20972
14495
162011
74855.8
122230
117103
210198
25033.3
105223
35367.3
11420.5
210252
61771.8
14848.4
25283.7
28980.7
883.151
190783
30851.6
9391.49
9513.83
114916
288797
25204.5
95882.5
19318.3
87283.8
220692
96344.5
294897
4749.88
48493.1
116118
130605
17094.9
458.463
406874
309707
6895.87
56911.3
61081.1
22141.4
56141.5
9169.88
19815.2
57481
37535.6
258210
49012.4
227203
145306
65440.1
169038
311.52
26503.7
44420.2
22304.6
119362
65006.1
530265
75503.3
64490.4
530441
292578
46040.9
115155
74258.6
173038
85664.3
173220
33483.5
108723
13505.6
21084
40195.8
98025.2
9655.94
56072.8
6406.13
23551.7
189449
194415
115862
83136.6
8656.26
118953
49885.9
102541
159054
14878.2
22616.7
154776
123326
267746
25050.5
77111.3
10067
19935.5
84591.9
54881.9
149408
107631
62784.6
28338.4
58246.5
96658.8
78250.7
106256
61797.2
264.032
62545.4
95662.7
18966.8
377637
249642
77607.7
124760
43382.8
116288
10043.8
151446
136506
2403.38
55761.2
34158.6
37295.5
7729.38
98290.7
173287
35175.4
28746.8
142009
177348
244146
2824.99
177394
85818.7
438518
31793.3
51151.5
97791.4
31794
89490.7
7748.75
46826.1
7947.04
251903
127505
8317.24
34178.5
145400
39569.8
209739
26737.2
15318.8
20549.9
101106
20012.2
25162.6
132509
10241.6
392008
33757.2
103145
217371
87312.4
11729.3
48774.8
7364.27
70601.2
73765.8
11047.1
1617.18
152922
101862
250354
142755
50879.4
36007.3
62125.3
35899.2
126298
46360.2
51219.9
323393
45548
219855
151216
149440
19424.2
95745.8
57395.4
3642.84
167454
145664
198486
185991
304.528
94208.7
21390.6
9647.4
195974
372278
194295
198244
134601
68143.3
55938.9
61910.6
78738.5
139438
14249.8
57229.3
6094.08
239983
115869
86771
107361
245544
274549
65797.5
43318.2
201143
426817
20364.5
25459.5
20958.3
158926
69527.3
44343.1
15561.2
49165.4
180972
338471
97584.2
674172
88069.8
43200.9
268215
43901
87639
171839
137149
23764.9
102140
68404.8
77673.8
33687.2
67311.3
149891
74036.3
134612
156882
131398
297917
152896
87516.5
34397.5
134197
50484.2
45251.1
886.52
18973.2
51281.2
47459.1
6358.6
506180
72248.7
216994
115227
100671
140278
109704
191124
59768.1
94939.2
67503.3
190060
82255.5
82298.1
149972
38366.9
239555
79029.1
183177
280868
66496.9
3439.64
22490
159873
188501
24722.4
120853
45146.2
21842.3
142125
98638.2
144292
43359.1
428615
33216.3
2887.09
135971
13825.7
1809.17
132270
68132.9
52637.8
285191
5222.53
91883.7
60931.7
65809.7
254667
116406
53051.3
391034
343790
8401.71
30295.8
13010
27510.3
93130.7
206287
21725.4
530503
490595
70697.7
59048.9
15567.4
352445
33506.6
136763
278538
31417.1
152637
292996
51691.2
37891.2
25917.7
115797
20009.8
103819
209971
19856.7
277730
2946.41
190473
62075.4
76193.8
8748.95
145505
60397.7
66972.1
134470
135165
158507
55729
208817
17418.1
109090
7651.74
18913.8
179405
30111.7
143500
262714
13879.1
49211.9
284480
4334.97
116275
113912
111910
80236.2
217572
62163.3
77516.3
1935.5
134887
35148.5
7276.94
17641.3
16652.2
145150
95757.8
102299
55528.4
41313.3
158935
361194
144497
264031
16380
210361
77870.1
43883.4
128693
57564.9
16703.8
41123.2
21671.7
5634.74
50934.6
14284.4
100199
133999
49406.1
8367.93
42379.7
90367.6
162061
155654
76892.1
26395.5
105967
199427
148695
20862.9
2608.38
285363
95816.8
417080
55781.1
302347
98099.5
85489.9
56146.4
185358
54605.7
259906
202238
38074
46762.1
123618
570864
117298
116637
116528
33479.1
243102
32526.5
68811.6
35255.9
50773.5
156892
114950
15137.9
220100
219218
62358.8
171679
223711
11383.8
9632.52
333545
10319.4
57740.9
107798
219826
49569.4
226815
60119.7
61677.5
222868
2569.59
34826.5
152240
55630.3
164071
27499.8
217146
13250.4
31551.8
13202.4
8312.12
168755
3912.76
90492.6
46855.4
20211
301833
48974.2
7213.23
98103.2
115577
32983.3
262059
138375
132794
150885
36143.9
105783
7946.66
214405
25456
53132.2
191833
302940
188175
202688
84562.1
75933.6
91945.1
133652
60813.2
24163.3
116874
71395.1
13986.9
12781.3
237210
171176
466090
203936
108315
190886
40560.5
59428.8
28332.4
2856.63
25959.7
92694.3
31942.5
16692.5
23714.1
8367.65
64602.9
19702.8
92555.6
62489.3
63033.2
112941
225448
84718.2
110059
53888.6
41486.5
34468
72587.2
53421.4
108218
133036
232165
70594.6
161732
371405
11742.2
434715
363699
266749
11615.2
95304.4
342113
74479.7
1266.38
2953.73
97416.2
36891.4
104311
4984.9
96010.9
86310.2
3585.27
12532.9
4366.19
90252
106075
70903
5461.1
83000.5
74961.3
123673
107125
40227.7
20013.3
134929
32698.8
187222
8963.65
124396
24656.8
132551
47017.2
23338.6
131890
33768
275344
185990
83244
75953.5
16821.4
22740.7
205797
19903.4
59535.9
113629
34939.1
133937
77175.7
51933.8
37960.1
47812.7
34672.4
110959
18031.5
5276.06
152275
65842.5
94779.2
89069.8
235915
36071.6
48518.7
9122.93
76402.4
1062.55
122368
296310
164867
22439.1
67291
12449.6
15990.4
126683
13497.9
18071.9
72704.7
100196
198751
21270.6
138369
23807.3
151393
367575
167375
345200
63209.7
4923.21
99829
268520
139900
4290.25
103921
12541.5
9539.09
154306
186165
62338.7
6726.89
16763.1
32676
58251.4
165085
238918
380519
8518.73
22065.7
50980.1
614161
14417.6
176397
66222.6
155838
48803.8
148770
212195
45258.9
192977
217947
67058.6
123775
260779
31394.5
57077.4
56109.2
25697.3
24797.6
25187.4
39650.1
40439.1
50088.3
26065
59475.9
9213.81
106495
274388
45042.2
386245
215079
34159.8
15826.6
12729.1
173808
522998
128273
267343
48999.7
8182.97
277803
46731.1
60931.2
159790
84600.7
71693.3
196796
1024.25
92527.5
131150
52529.9
33684.1
41514.4
231859
20045.1
4215.18
107628
119109
49073.5
4893.78
92454.9
73443.9
294639
69104
121757
6332.26
85802.3
120027
113819
9296.72
43981.1
268519
96935.6
43494.7
102009
107848
42052.4
244406
125465
236504
12208.5
38676.4
249679
123201
3288.02
34710.7
23537.1
29121.5
83578
2712.04
30756.6
120020
272784
19373.3
30420.1
12233.6
131385
154808
120834
14556.7
7951.92
150594
134112
62066.1
167414
56857.9
24522.9
29672.6
147658
11620
180957
71401.2
232442
41303.8
76773.7
162408
28822.4
104186
27806.1
191312
85042.8
96173.9
6309.07
192590
45801.8
54753
23833
13368.3
109962
15873.8
32104.5
70336.6
87494.1
41464.8
38969.3
178957
4447.4
122200
62508.6
15465.8
47852.6
29855.3
101778
93415.5
241906
134182
63596.6
146167
40427.2
91223.5
18948.9
177966
71784.8
117541
32552.6
5704.96
265882
61194.5
199593
303239
9846.57
10491.1
68294.4
266065
67010.4
25019.3
89788.9
65565.5
80354.6
411323
102594
212199
51415.3
43408.5
17381.4
94402.1
130931
109095
49228.5
77591.6
174768
54022.5
75703.4
78208.2
1513.16
274982
29145.6
21381.8
91029.2
24351.9
87342.7
11829.5
46394.9
57741.3
72584.8
244907
75383.1
2622.57
171180
50649.6
4107.85
3802.93
65757.7
228630
19008.4
210007
401897
160066
254100
264255
57380.6
146040
27081.5
21443.4
66031.3
314037
4161.75
38101.2
55183.6
114526
69384.9
5256.21
302193
48631.6
401182
6171.14
33172.4
52759.9
168273
29566.1
333204
247441
7645.11
279722
158673
36696.7
122234
38440.4
20179.1
178604
98052.6
126950
235199
145774
208581
119138
55058
11279.3
19284.6
24039.1
752351
38272.1
9676.99
80606.7
72470.4
4739.24
60611.7
2284.29
29254.1
45459.2
885.595
3373.75
56010.7
61836.5
76893.9
100505
176516
1782.14
166713
330088
15033.6
39646.1
39120.3
131135
2722.98
43770.3
106690
80456.5
73251.1
41894.7
101872
50086.1
85092.2
133437
57857.2
21447.7
78318.4
127891
69818.9
98058.2
220866
13630.5
49792.4
63670.7
92928.6
223561
14245
103659
431559
171688
13440.7
167103
105923
40175.6
139140
140237
23878.5
25196.6
88316.7
3715.58
105849
24787.7
187081
106914
8740.55
15771.2
51991.4
188137
95373.3
112709
87180.5
7519.85
81900.1
320929
16076.1
47134
51256.9
13882.4
143863
475374
58527.5
56686.5
539002
105508
110421
40035.5
319796
232047
51975.7
8917.43
22803.3
205650
59459.6
223536
25287.5
88339.4
49138.9
113121
110114
81088.8
80812.8
78295.5
22537.7
2659.26
139463
212194
73148.4
116796
13212.8
241243
65113
71218.2
175380
41109.2
96544.1
38983.3
30936.5
6369.52
37853
18677.3
163753
118329
2984.29
220667
6064.12
43374
63925.1
170697
19329.7
6102.55
7109.18
59881.2
26605.7
65219.6
160311
66798.4
97464.4
45882
6624.59
6123.78
7023.83
281874
156889
18214.5
27864.2
39727.3
84151.2
193053
37411.8
30541.3
85843.3
44045.2
232095
47026.3
170755
36847.3
65511.7
42766.4
93928.4
26483
84714.2
40232.5
81208.3
148288
174810
163525
59182.1
256101
81510.8
65948.9
201883
18883.1
992071
20349.7
115040
92686.2
53282.8
5888.41
16444.6
38376.9
240851
12034.3
54035.7
18670.5
46046.9
131867
5348.05
51815
145905
75076.1
106461
42015.4
4537.55
6104.43
223925
77720.6
16696.4
176919
25142
37513.1
77815.1
53448.2
109232
110978
4015.03
121311
51629.1
159682
92039.3
153172
284546
173150
23406.3
33586.8
184878
366702
117098
329197
443364
49274.4
49478.4
43654.2
34651.6
173903
165346
184408
6108.51
264533
7963.01
17451.8
42590.6
182405
78466.4
36025.4
179969
220508
125253
115662
100981
135255
76927.2
106868
85972.4
182590
49719.9
48954.7
278514
3447.99
12789.7
84963.7
45605.9
10590.3
15743
5205.87
46850.5
2470.79
9115.12
692368
109717
1629.88
103989
68633.7
19353.1
67620.3
122799
146770
60608
252978
51950.8
13347.4
44531
7231.95
48932.6
115980
22853.8
161835
121523
59835
514388
59885.6
202969
32019.1
106884
7655.32
139362
18435.9
120750
29674.5
20370.5
286440
117326
77507.3
75127.3
44285.9
127644
114521
138813
9344.83
240410
7904.23
14634.7
60442.3
30922.9
30427.3
138023
15181
57771.6
51083.4
38581.2
107701
127236
37227.9
132543
218380
131270
212873
104447
6267.12
182426
66686
367011
13408.4
141175
160859
230140
13025.5
3539.13
99732.6
43342.4
127682
136991
94188.6
76097.2
25227.2
32889.2
78256.1
196531
51174.7
63252.3
12013.4
25030.3
4389.46
247424
16365.4
76596
237436
178169
144907
273149
280769
74131.8
69446.9
156533
111134
63757.7
87282
264843
42115.9
53198.9
3920.63
221250
24867.1
30347.8
9842.74
299306
15441.1
7105.46
64318.3
63841
504510
375794
80571.3
7751.81
326343
93352.5
49026.6
41685
204446
60710.7
4627.87
53557.9
103169
78888
39309.2
22570.7
7879.7
52468.4
334118
17764.4
30620.9
97516.5
64470.4
113978
160102
203407
47616.3
45045.8
87769.7
67915.3
19751.8
54319.9
12361.6
20870.3
115703
165017
11353
6934.17
81846.1
266959
137842
58066.5
365201
43398.7
164666
142479
60454.5
20920.8
103195
192115
157790
135752
53411.4
14704.8
102254
196195
149977
82629.5
50482.7
67667.1
119448
4985.83
103402
297941
39995.4
3133.07
82174.3
131331
32346.7
114014
11206.7
33786.3
84988.1
30643.4
51516.3
1579.89
39771.9
37974.5
67358.9
77685.6
34429.9
69882.1
211484
102277
91801.3
1239.19
34764.5
35664.4
265111
76565.3
129606
20817.6
19745.4
214670
1689.75
35279
56472.6
3130.97
20350.1
208596
26587.1
127885
127998
278435
177221
197199
32365.1
20449.8
32857
52883.9
328330
81871.6
15488.3
49145.6
6745.36
181765
29116.8
35494.2
295287
50166.6
180091
30591.3
6651.82
127621
75985.2
123091
64340
592484
2443.4
73507
112200
136076
113520
32307.4
43502.6
89270.3
31920.3
2146.73
1098.78
22231.5
68910.6
36226.1
38264.5
126015
12678.7
68680.1
276820
33337.5
6299.2
67346
132574
95275.1
132173
151850
80612.4
72310.1
79526.9
44816.5
173462
44644.9
106424
140747
92566.9
69000.5
81823.3
63867
370748
579.343
242874
52020.9
893.985
166625
28929.3
98887.9
838.041
292967
5992.5
49584.9
127078
157708
64898.2
15165.6
49748.6
211039
15233.2
22056.3
283163
619482
72609.2
172740
19286.6
81863.3
26783.2
47280.6
138695
93729.6
124128
358457
52599.5
20115.6
171457
154097
158329
86409.5
16411.6
83368
61637.4
126262
26770.9
7372.11
4096.92
73419.9
236441
111352
34055.9
146791
109124
52581.8
14496.8
21271.4
113206
6799.47
2408.9
85601.4
70915.3
193520
165864
1482.9
90784.9
138745
37167.8
59507.8
40753.5
84941.2
48498
148569
199795
52820.9
163478
21551
26410.7
177128
44444.6
25584.3
24462.3
38950.6
6776.9
37114.2
66254
108280
38988.2
31522.7
217524
24531.8
36042.4
26971.8
21514.3
22195.3
292061
89728
321873
14040.3
836.324
329858
78524.1
97439.8
92193.2
6861.2
98659.1
83704.7
109974
73866.5
41684.1
219806
80296.2
81431.7
21435.2
158169
172564
2455.31
14596.2
53228
80313
31917.7
23113.3
60851.8
89522.9
51111
450878
195603
15995.6
145719
144333
53159.5
12512.7
208467
127154
69982.6
380775
52771.4
50193.2
245512
81315.3
69850.9
16729.4
18619.4
322607
102301
13215.8
59967.2
14976.6
22793.9
61583.2
548697
246310
40779.2
220669
55077.5
14685.6
103540
10222.6
92090
12247.6
23732.5
11320.9
62221.1
114814
178075
114946
7731.7
19084.8
202510
40985.4
395919
15405
50448.8
53136.8
96334.8
46788.5
68499.4
120338
288793
305631
61336.6
57605.1
62218
34707.5
6540.72
165380
110217
97499.5
42601
75788.9
129274
41595.6
84812.2
389367
86084.2
8632.61
16425
26879.3
19895
28617.5
20074.1
2827.08
65356.4
237934
227627
134443
174798
15876.6
104.452
43242.3
39540.1
106994
160791
401584
158656
21987.1
307010
173499
103716
24722.4
11579.8
195322
23136.2
661.22
385943
413874
74928.4
138873
59299
103027
91587.1
152909
29787.4
128.665
14712.9
175286
98226.2
607033
97332.7
37234.7
188870
56009.1
2057.45
44410.4
86556.5
126195
54238.2
6353.2
80138.5
89637.9
23550.5
7754.55
207771
7774.18
26884.9
105026
53067.4
62792.9
91611
172401
224154
11312.6
76405.1
15434.3
88102.4
108681
27775.1
23342
19835.8
59109.8
79867.9
140418
10280.9
2939.77
274636
188267
249649
16471.4
136715
169333
35342.3
94735.2
308227
5049.94
2508.3
128860
50971.1
226759
27993.6
437961
23956.2
56784.3
332841
56344.6
40495.9
20725.4
2766.34
30420.9
12768.8
74928.9
89229.2
19698.7
172048
33486.4
336337
28029.6
125551
431.542
6187.97
133576
381370
45071.2
1198.4
89001.3
50009.6
116673
104561
424485
145469
64636.7
273678
135513
58913
134055
496735
138854
6625.47
181141
197702
245307
92677.5
40205.6
2706.76
25687.6
88289.4
98535.8
307930
116507
120653
14144.6
34686.4
35942.1
84384.5
61381.4
66652.9
60031.5
72734.8
29413.9
117256
49632.2
307786
269854
100866
59519
78949.1
124026
3292.66
94784.1
100831
76708.2
18804.1
193283
8344.54
50992.6
8265.08
96390.4
196821
246843
43529.9
70579.6
171391
62624.4
170675
531577
3339.86
122390
103030
36358.7
39267.9
130202
83970.2
253650
407873
3112.01
108244
18238.1
88425.6
669.688
34420.2
72455.8
79408.3
75380.7
120382
72793.3
77424.3
29165.3
32552.1
14772
117181
211599
54255.9
5188.85
161189
78018.5
92927.3
603.818
288419
187882
2126.18
12260.9
41116.6
4663.75
22201.3
59254.2
6897.17
42969.9
32895.5
40754.6
280195
91507.6
10577.7
72754.9
25684.8
153029
52570.5
162640
45129.4
7758.27
4643.11
22518.7
25795.4
35487.5
113869
78597.4
4951.99
155321
9692.1
75230.9
91557.4
65505.1
106263
3145.08
92903.6
44085.4
222564
79967.9
153956
75658.5
38237.1
15269.8
11305.5
45020.6
180646
102957
56305.3
43007.1
64799.9
89068.3
564084
240686
77077.5
49399.7
99938
68321.2
57580.6
307138
95576.4
191182
74069
117219
29647
118721
81531.2
72041.4
21627.8
32780.8
144808
5135.72
37486
173719
76260.7
92244.6
109092
218509
1233.39
165720
120261
49908.2
317335
115960
14470.7
42449.6
16520
21786.4
179727
90989
86234.2
426675
18083.2
2120.12
43972.3
103754
102137
16700.9
123765
27844.1
52663.6
8735.16
47373.8
85600
66341.6
118498
159024
286123
52029.9
146121
66696.3
305255
18975.9
174781
25089.4
30895.7
5364.66
88031.6
270254
263386
354361
191899
14905.1
9938.05
24179.4
10180.8
177546
50485.8
185168
13101.7
78791.8
39409.1
35403.2
62962.5
99108.5
271865
71544.2
29645.2
105795
8084.94
60479.1
140711
53729.6
108964
154365
21803.5
72951.2
163490
84075.2
151529
102582
68421.4
419021
59785.7
22521.3
2150.76
76883.1
111616
45968.1
144280
36755.2
83215
38812.8
74105.7
199502
52131.8
69380.1
16188.7
94721.3
10809.7
56834.6
118694
11425.1
171283
7036.16
24268.5
136804
97637.9
78634
33957.5
12028
105878
57070.5
46022.2
7658.56
140306
52220.5
233184
45515.8
12882.7
106412
15781.6
42119.6
25182.5
123965
120050
21870.9
48142.2
30252.5
20406.9
1053.48
51620.5
131798
106219
76915.1
15718.1
77756.7
116172
129871
42554.9
299041
136277
166651
105224
15717.7
257366
133723
161890
2776.69
70197.3
95155.5
81412.5
15282.6
403326
194415
158422
5564.48
17463.3
348481
149509
22832.5
126343
28564.1
82274.4
210407
132527
288909
86768
19717.6
134405
28477
119567
6824.01
12702.9
135574
17359
99751.3
51926.9
103420
276893
40479
448067
10680.9
103211
10372.1
21313.6
23469.9
8605.28
37080.9
122577
194102
63704.2
18347
117853
270525
120264
37896.1
85631.1
143429
72869.6
208945
4480.64
102851
72657.7
72646.4
111654
12346.9
1195.28
13764.4
26812.4
63675.1
26109.4
67287.7
25212.1
15791.2
26854.7
122139
2878.83
86803.6
12765.1
65370.8
90109.8
53113.4
326051
218915
183166
57008.5
10748.2
162500
90319.3
110008
132705
381.138
52879.6
1049.33
76907.1
242783
15580
104582
33350
34977.3
7208.24
15187.4
89520.5
18947.5
70425.2
54140.5
7544.78
394641
259063
98952.3
33629.9
20995.3
241095
29036.8
137569
8870.55
82218.1
8633.57
74146.3
759137
46412.5
53181.4
183933
261368
128156
29926.7
16142.6
258764
164084
102465
186834
177517
61856.2
268272
280227
28727.9
266107
128106
32622.4
51085.2
5861.31
105149
12939.9
47241.2
31651.5
247334
57507
131210
49018.4
52581.3
68044.1
130579
66256.4
334190
80962.2
51471.7
112487
2277.32
266308
178425
23200
16163.4
45145.7
28196.5
31041.2
227473
42137.5
5726.31
70265
170397
34065.2
7756.13
243810
1925.66
4018.6
24538.6
255936
29101.9
90852.4
103070
94892.3
37413.7
9719.8
290787
80596.9
45521.2
16580
2619.29
171948
16556
63057.4
42057
86447.8
126395
278470
50135.6
18015
128572
92768
297315
28686.7
121485
268414
93807.9
16581
23035.5
73180.1
216521
27146.1
15027
61856.9
48914.3
46792.8
127571
141803
15989.8
26677.6
144447
194065
35451.6
54509.4
12307.1
49029.9
95750.3
15299.7
164440
110237
373068
14742.8
199856
156110
60913.8
28355.8
63407.2
71703.4
24506.6
28295.5
85156.9
51302.7
9589.7
66618.5
10504.2
290829
178608
14916.1
11954.1
14606.2
18193.7
111466
169814
57654.8
64670.3
60964.1
450639
61334.4
80857
60922.9
24256.8
71493.2
160974
71410
200323
49443.2
180459
131379
45584.5
65502
65798.3
56557
62908.8
7531.21
76037.3
59178.1
75500.9
54315.5
13727.9
183545
115625
38242.7
67727.2
65350.8
194542
311390
81707.4
105958
178023
13253.7
149603
26825.8
34077
67181.9
20835.9
158826
6002.61
94489.8
265303
9623.69
54048.2
29547.9
80984.9
184730
234860
167291
54354.4
62967.9
18050.6
32629
155283
24758.1
18983
165730
17064.6
162443
2552.5
54701
29407.6
33642.1
73828
20330.4
47504.8
47453.8
313461
78255.8
100153
54704.7
17347.1
268747
204446
40415.7
107945
40848.2
196163
32639.4
64571.1
313688
1096.7
65757.3
123099
284863
212394
184690
100873
216417
54213.9
129762
167459
62064.7
58895.4
97627.1
98751.1
82430.3
2382.58
8027.81
530473
201466
55554.7
76801.5
193441
161166
9893.84
80023.5
325954
46056.2
106089
286581
43627.5
40363.7
129872
51523.7
8716.22
70915
101789
24794
39826.8
42925.2
17665.8
363725
111571
32633.5
111852
126184
22952.4
86193.3
151022
130824
30025.7
133798
162368
70978.1
121199
15000.6
27457.8
26232.8
21588.3
106549
68260.4
338313
472021
171247
228314
111685
532848
147803
84526.2
67207.7
31931.5
43437.6
20376.7
76918
19165.4
263933
146399
266489
126844
105116
55246.2
13538
163736
106014
9229.19
104640
157308
51084.3
139478
77624.6
1418.67
18508
39498.7
7237.76
53679.2
30628.5
37585.2
79495
262109
108970
28479.1
11887.4
20760.7
179999
28980.2
71499
12951.5
48154.2
20476
26811.9
344882
176607
28449
143202
115891
186512
167707
417344
47438
74382.2
34517.5
113014
8806.8
198454
287809
95492.6
120111
49856.3
18672
21104.8
438803
124412
48601.9
45310.3
26142.3
31299.8
68138.9
117035
12210.7
329231
34873.5
60236
205895
182210
219353
2331.34
60506.5
14377.3
107939
68170
544.73
30978.4
167711
6952.41
211293
173582
66687.5
129005
244968
101785
70417.7
113013
26337.1
62035.5
184917
103030
17666.5
14757.2
68741.1
283673
37452.6
123955
98710.4
6238.19
83019.6
233027
88679.9
91028.5
131191
95485.9
66532.6
15416.9
7412.59
20966.2
29360.8
75160.8
107531
40625.1
10897.3
16385.6
1413.13
178248
97771
9967.17
57016.4
74367.5
63075.8
36779.9
130367
233795
153728
114575
11230.4
163580
29546.1
16285.5
150059
65715.7
111032
70799.7
19298.3
211873
146307
279721
294262
227247
109025
4078.13
13550.6
40729.1
27487.2
23021.8
13627.6
30744.1
78972.5
255471
10429.3
167279
24700
476885
24337.2
112107
216113
181226
18059
163883
8274.4
95106.3
49391
89017
189447
141650
147011
83443.3
13599.5
8205.55
304788
19150.7
117486
4340.01
105225
287734
123071
105899
82750.2
179402
311237
74362.9
418029
18554.1
63033.2
60928.7
82702.4
50293.2
202156
8377.61
100664
46771.6
427764
38406.9
89779.3
61772.7
16760.6
86563.7
90183.9
438703
91362.6
222569
69445.3
28916.6
99900.1
10739.7
84806.3
23005.2
94463.9
312149
150978
126108
4682.64
104098
5375.03
144895
257358
3886.69
281281
56901.4
55831.5
147316
120300
72906.6
115248
344919
58188.4
79258
22907.4
64113.6
76737.1
39139.4
126453
33799.3
161720
169324
151139
284456
41053.2
65257.6
57509.6
2411.29
47191.4
143341
872.703
107643
172688
72801
230396
119870
295322
84417.4
54317.9
119980
3696.2
155683
37120.9
9720.15
158377
58875.9
36255.3
153144
39797.7
99965.3
102.388
101792
79441.4
4567.39
319234
5075.3
13584.5
66028.8
190138
89920.9
16455.4
336636
146425
411400
50884
36529.5
130043
246856
263743
103011
57331.4
2961.56
106802
123029
26562.3
50535.9
404805
149874
66604.8
12306.7
26936.8
222761
172485
48368.7
23171.6
32203
18292.5
59166.5
117787
414149
35975.8
9317.84
6273.85
156750
86730.9
72889.8
57839.8
205147
58793.5
247763
92912.4
17949.6
203927
34475.2
98385.7
123046
102112
29781.3
41682.1
44418.1
221307
81090.3
79494.5
22456
33740.3
14030.3
182883
371565
768.016
10983.4
182886
60823.8
7940.16
9625.73
46418.4
605361
3886.54
16620.1
68823.1
29409.1
11034.1
222691
160765
15623.6
233985
143396
19986.5
14166.7
15913
271045
33843.8
51900.3
140090
74702.4
357902
295956
12587.9
7843.4
83372.8
23417.7
63665.9
55267.5
271531
61434.7
87974.2
274633
56643.2
278560
67693.4
14883.4
36562.1
133153
14618.7
87282.4
263890
62289
670673
224278
11683.8
54791.6
248076
118621
79136.1
90222.5
150421
234274
117857
39915.6
4986.1
64793.5
205866
49118.6
90409.1
115980
46317.6
72522.3
145522
68115.8
227122
32224.8
198999
20443.2
38969.8
161604
481085
29416.9
55945.6
10487.9
38607.2
204418
335710
58771.4
192432
40253.4
248326
32518.8
17208.1
9741.15
16976.7
43477.7
277514
52367.2
100399
2977.35
1837.73
1833.47
97540.7
95427.9
125144
271112
42019.4
40183.2
184083
118246
13202.1
74306
98643.9
42836.6
40155.7
12851.8
264266
64677.3
55083.4
104782
142376
115440
38189.8
155845
159849
439615
106016
40447.2
87583.9
71180.2
34659.7
47385.6
104910
198247
15119.6
85976.3
87165.4
105096
359772
71697.7
86375.6
40706.8
137955
75952.7
126504
18491.9
8610.33
170545
98716.1
45177.7
88326.1
76808
57031.5
79610.9
51615.1
37199.7
12963.4
228987
119887
152790
202493
10439.2
6556.86
368.013
16358
38242.1
138313
282639
45247.4
162349
17093.2
379149
47046.3
148816
5924.81
19320.7
28610.4
37737.9
78200
36526.5
1683.88
136721
52550.1
81347.2
85346.4
14282.1
210518
89320.6
131707
226040
191172
49549.1
151123
27790.1
149760
62019.4
128099
303274
17423.2
130401
354316
75339.2
174543
49194.8
2581.8
135626
129912
204400
184896
43024.3
141163
314634
85729.8
77639.3
219805
18383.5
132357
5446.81
83773.9
203437
143297
67757.6
30012.5
35424.1
148267
135184
92794.7
279795
31019.7
300900
40069.1
245925
46198.7
25373.7
153673
285933
15091.6
108596
40469.1
205718
71487.2
33638.2
171842
95752.6
52584.4
63367.8
177225
113938
253750
135250
182647
20186.2
81729.4
16563.4
97218.2
78737.5
27090.6
41630.6
216727
55768.9
41421
131248
270001
51177.7
149670
318046
156158
135906
28390.5
108385
76356.4
109153
12823.7
40680.3
55441.4
31053
42560.9
152446
80244.6
69022.2
201421
31757.6
70079
61688.2
54143.6
24962.4
75687.3
14509.2
76608.6
127580
148885
40112.5
68984.7
60941.6
49582.5
230990
10389.2
51837
82647.2
105445
13874.6
3324.77
26089.3
163072
19031.5
78598
19040.1
296989
53740.8
57711.1
9659.91
56196.9
26841.8
92672.6
134657
26336.8
208914
69585.6
1569.75
136657
3209.5
82902.5
38899.4
146298
37807.6
74808.1
150570
146742
55269.5
93442.1
42083.5
7009
99611.1
64654.3
100638
87951.5
17957.4
4205.17
180028
60472.5
26094.2
43950.7
33119.7
205865
306245
4346.13
22309.2
145350
59794.4
36777.3
282731
18637.8
354051
16194.9
372375
25537.8
56841.4
172794
47245.9
123991
229231
198995
33778.2
32293.6
17989
29296.6
79099.5
47691.2
149891
31158.6
84672.2
23040.2
82337.6
32883.4
262929
95880.5
81781.6
43866.5
41576.4
128679
47858.9
195473
137235
617030
291867
113778
251443
192676
5082.67
13806.1
4932.64
59188.6
163548
106892
234061
291.68
104567
82689.7
138779
67500.1
10087.4
7055.25
291108
33965.5
264011
13891.3
120293
129822
113697
316827
107555
190996
90417.5
94172.2
86952.7
208673
60193.8
94481.4
32900.1
156808
91445.8
375129
58726.9
16273.2
17868.3
92524.6
11127.4
81965.3
34810.5
39452.2
143251
116270
36559.5
12263.1
287352
287415
16560.1
193268
75915.3
48272.8
73111.6
18301.3
49441.1
132492
523997
25978.8
97325.3
44750.3
348494
8037.1
92524.4
86928
163228
28425.2
36069.9
80426.1
21471.9
58893.3
117544
120949
115914
125067
3810.09
7359.35
28914.1
113435
14117.5
119755
220055
139554
155466
42433.3
122868
1855.82
18848.1
59811.1
42085.6
186245
46060.9
30240.1
178423
227172
170018
135911
166741
68525.8
85698
34202.1
38904
21990.3
75554.1
21514.4
133508
91366.6
30577.2
54686.2
10825
30536.1
4945.79
79064.1
105459
19531.7
79094.3
226052
42454.3
23925.4
54451.8
21210.7
22405
240916
36685.5
183159
57665.6
17742.6
58540.7
285589
54122
116004
16609.4
147269
135480
267060
63044.4
95845.3
60705.8
38116.7
36602.2
163514
82231.3
12136.3
91392.6
106341
29134.6
35517.8
251252
58019.5
203784
78394.4
78190.9
202956
72822.7
184583
181761
247834
114178
64933.8
149981
26458
198048
199225
45232
75755.4
65887.1
170727
39959.1
41144.3
28463.9
24911.8
408692
43374.1
40914.2
52146.4
121703
651874
138941
87620.1
102585
167829
87640.8
378017
103242
54153.5
35609.4
500928
28135.4
74269.3
5722.1
18289.3
33148.9
59332.7
10834
120402
267219
16251.1
52921.8
54424
91865.3
16270.5
284682
83126.2
436462
24911.6
95545
47304.9
26340.7
94837.6
228348
70123
58711.2
30069.3
27999.9
150520
88414.4
11109
37530.6
113363
52330.9
807.708
101205
110636
255241
120338
222745
139697
91875.4
126293
125329
131943
6611.42
10854.5
86630.2
27946.8
200888
596.444
479844
137391
123887
179279
44950.4
81670.3
164128
88922.7
77161.1
49390.7
27597.3
1121.61
7408.5
38303.9
35166.1
137936
185223
128037
93356.6
126865
158294
26283.4
165623
44890.3
84051
128131
308182
4597.17
118397
17776.9
183520
279313
37911.4
79871.8
654903
253630
143201
275220
4686.59
175875
68324.4
78608.7
164877
56668.4
112176
66338.3
51126.1
112390
176336
63836.1
30896.6
7012.63
164383
153062
34663.9
115318
105649
41817.2
239901
191731
44258.5
13814.8
7096.54
187656
71465.8
15358.5
11964.5
72670
97892.7
22434.7
82680.1
155417
132473
158196
48962
87570.5
144836
12221.8
111454
70748.1
32610.1
64057.8
178660
42483.3
55659.2
10683
71587.7
82351.2
78829
55695.2
51881.7
7569.56
127652
1294.85
74947.9
13887.7
82394.1
148524
32863.6
7422.64
263028
54002.1
129908
1907
310046
68494.8
48877.3
183305
48898.3
26141.2
15995.3
374379
230359
11505
119471
181051
72781.8
129721
67967.7
37037.1
4854.89
22369.8
57919.2
139873
19216.2
91880.8
48073.4
9322.26
44369.8
6004.68
19870.7
91038.9
62976.2
58913
8717.12
96178.6
26080.8
84083.2
41310.4
24231.6
29975
71387.7
241585
127419
33575.1
30763.6
109023
188852
38321.7
47345.9
44744.4
129598
104060
17619.8
161.024
28713.9
16382
110670
60674.1
36061.3
18985.2
47287.9
83254.5
238663
201005
21728.3
50321.4
58330.3
53351
46024.2
4431.7
82915.5
54261.7
44187.5
13910.5
169774
42964.3
179577
213102
88205
53141.3
57042.6
25093.2
163158
14047.9
93192
173160
264530
57696.8
112327
35201.9
338696
17311.8
90247.9
65282.2
84302.2
9979.59
79451.5
100164
125222
82031.6
164784
515187
99464.7
103133
13801.4
94674.7
240744
6485.36
39773.4
21082.4
53088.8
117007
7904.23
71406.5
87371.3
77699.6
472108
26057.5
1691.32
247180
19250.6
135709
52772.2
53253.9
52388.4
95750.1
13947.1
340382
119277
234925
69426.4
43046.8
276014
119463
29133.8
332873
151499
481098
32474
27467.1
100239
37793
21840.1
18317.8
240899
84022.4
74574.4
112681
17260.6
407414
294436
47108.3
2393.93
11216.7
91450.7
54041.8
101681
85428.7
132347
161456
22552.2
73116.8
41270.5
13635.1
116465
9496.27
35374.7
984.727
157814
51648.9
146164
35155.2
59490
567224
23459.9
114121
58892.4
14398.6
58500.7
210759
73614.7
115987
96551.8
14508.3
30926.9
86936.9
125331
6516.17
67033.8
38622.3
31358.7
60258.5
33251.3
31340.2
137778
45832.5
284446
61568
3170.31
52928.6
289662
1694.18
47573.3
52906.5
95277.5
100851
83362.5
34550.6
156703
39986.3
7830.05
134087
106928
81676.9
436602
28125.6
112747
21431.2
133771
65674.4
37933.8
24706.3
85702.2
132618
99185.8
4560.18
50403.3
33743.3
99797.1
11878.3
41306.2
56061.7
46796
116509
28941.6
5210.13
65720.7
143041
48382.3
34037.8
326532
5403.78
110415
59627.7
58728.2
11182.9
71482
193711
92822.6
51259.3
65564.4
612387
296985
2629.6
59202.8
444092
15436.6
61207
182876
69151.2
52419.3
22107.5
47807.8
71543
63579.9
122058
361138
65735.4
240145
31019.5
27474.9
8561.54
48130.7
104111
34222.5
41512
118203
16416.3
84661.7
381183
21846.2
29558.8
31130.4
75353.1
292810
54619.8
67791
262372
211557
37940.5
22411.8
3959.13
39534.8
67204.9
64931.4
380269
151449
152883
936.876
5254.78
1275.68
54524
89440.4
44930.1
198004
263461
135705
40435.6
90392
106098
94778.2
12412
85000.2
258822
153698
26543.2
31805.4
169831
33956.9
192429
69319.8
105346
415428
144057
328669
14575.9
1315.64
10132.7
115920
22852
68744.3
49776.3
2816.22
26854.7
98482.1
74200
1586.6
43254.1
24665.6
219040
79089.8
62736.3
28568.7
98903.2
6924.48
211855
57246.1
104277
251122
1377.48
285109
64173
145955
81514.4
5636.41
160394
236752
22600.2
125157
129911
105198
49622
53402.7
179376
33012.7
244013
126857
839.207
61119.4
222612
183451
6677.81
96668.5
73886.7
80425.4
405672
110022
46063
22416.3
200259
77170.3
102848
63884.9
167269
1616.56
135722
16898.1
3118.39
45841.1
4533.4
105759
11598.1
75002.1
373285
41067.2
28841.7
134467
51203.6
211054
161827
44882.6
107174
100848
47011.8
10228.8
40429.3
95496.9
10618.4
330864
81421.6
38606.5
989.435
246879
181374
160887
38877.4
57355.7
62623.1
89801.4
133684
19488.9
23782
194011
83923.8
176432
11579.7
28057.7
132207
1000.13
24314.5
69584
77570.7
8638.78
35765
55322.4
21263.6
182846
40698.9
2307.67
21495.6
53385.2
552.632
77455.6
35887.1
200329
1979.95
59180.1
79789.6
38963.5
154119
25585.8
20128.1
56331.1
10028.4
93507.2
198941
105492
173626
176400
82722.4
135441
114225
38199.6
246336
213135
145005
44974.5
31022.6
191848
13689.4
42751.2
624067
147960
285057
64626.2
48787.8
41125.7
311727
67706.6
28341.9
137422
98445.6
43306.7
3346.06
127408
59385
232266
146876
18799.5
266093
383476
137164
50779.8
106851
56980.2
163592
120494
2292.56
480178
2046.99
362068
95365.9
30882
38986.8
20249.1
14578.9
159438
120030
44543
78769.6
32833.6
163755
13178.1
96632.8
3007.3
42161.5
122880
74206.3
276134
89246.8
11600.7
153157
232260
81950.7
8923.39
94851
9353.15
102291
168963
3116.6
90163.3
1968
55118.2
20445.4
105031
19760.6
30495.7
108652
63823.3
47551.5
266775
21985.1
128534
68055.6
6674.61
80030.8
42908.1
94759.9
157761
52823.9
100969
22724.7
48922.5
82298.5
293467
141190
358.591
175693
138362
98560
21040
239314
26293.6
90812.6
81727.5
195025
56743.3
69658.5
107695
41100.8
17435.8
64247.8
211150
64265
81548.1
231716
9654.91
28206.1
184383
4845.13
2460.48
6783.98
19640.3
54745.9
85667.9
139992
318567
76250.2
30798.4
113681
7757.37
134052
40635.7
14958
84374.8
131166
116024
218840
58457.5
26226
21479
197309
189353
162939
148433
92682.2
323473
87828.7
1085.56
35610.6
198529
39589.3
10492
125033
124759
86175
68674
146709
165911
67477.8
67895.1
40685.6
105624
106232
300609
72069.9
169953
37390.2
161244
224819
89301.7
137043
90524.7
168794
117566
51677.6
32352
118360
212168
25488.4
11620
257720
304933
88488.2
138457
28438.1
76389.3
238266
263663
2452.68
13350
154492
72121.9
262804
287461
40638.4
282907
152782
89726.7
1040.37
8705.13
91078.3
109704
8173.87
17970.8
122668
36575.4
274509
65164.3
10007.8
101617
12438.5
215901
15847
54070.8
47109.8
198917
225901
43684.2
109926
45620.8
99612.6
49494.7
34944.4
15886.5
43412.2
206781
64196.8
252005
8761.32
103485
1302.1
38806.8
38971.4
101455
35304
175653
54944.2
32178.7
147824
39152
91465.6
11016.9
151847
182636
12718.2
16484.8
197844
150933
99167.1
53575.6
26461.8
25431.9
215788
41128.2
178211
107512
12011.9
257662
118625
103347
130488
30970.2
59063
132874
69300.3
38079.4
99695.5
133102
15620.5
149252
5866.1
125035
64890.6
78981.7
69591.8
39619.2
175367
42813.4
41571.9
53393.6
10644
97960.7
199814
154383
22465.1
47971.3
74450.9
9717.64
152281
3968.15
100595
61245.1
30692.2
55375.7
66084.3
15151.3
35845.5
19295.2
151609
2394.74
150662
28226.7
19498.2
56511.3
28317.1
135669
340608
17039.9
10897.8
7650.05
39562.3
7530.02
26542.4
19320.9
23449.1
12334.3
78540.3
86722.4
107001
27795.9
157249
69153.6
88560.6
71743.9
101124
46643.7
189379
14809.3
182165
8610.63
322852
228200
92006.5
25183.1
27423.4
50935.7
66665.4
156277
111991
31785.9
12683
22645.6
79925.7
166833
49706.7
52408.3
101006
92692
27433
73507.1
232364
213766
161188
51798.8
343440
12327.7
9715.54
315728
107985
93666.8
161379
14585
30090.1
78544.1
272327
12102.9
203531
233634
189964
104836
222129
41094.3
71480.2
143592
38921.7
160003
53954.9
33631.7
12120
81945.1
117510
130679
230863
21202.4
112676
27627.7
89048.7
39825.3
77907.4
353383
291708
20265
9355.01
37009.8
108158
57124.9
52006.3
202800
409841
80337.6
115328
25343.8
86590.3
448587
39472.9
19581.4
45926.5
87815.8
30925.2
145873
138731
55722.7
302177
101166
63143
80785.1
119985
222607
142032
69642.1
134537
60846.9
269323
172245
167770
3192.85
10327.9
185435
22812.6
1031.16
272247
60644.2
49766.6
37050.2
30655.4
21139.8
29649.4
38243.1
18997.7
73704.8
98635.8
118854
35918.9
181170
154833
98176.9
65517.8
438762
103923
62004.4
15005.2
3135.73
51630
16673
43250.4
30111.1
144128
330990
23927.8
189959
12369.5
173714
73801.8
197206
287227
6175
139058
34784.1
44222.2
585548
27639.7
43172.1
103917
72237.4
96318.9
12735.8
97381.5
203224
137770
16373.5
130570
86341
271152
83859
14681.2
354180
39881.7
79256.9
78084.7
100642
166101
29145.7
12057.2
84166.2
104837
138871
4017.72
96990.9
12098.6
24021.6
13353.4
318090
35408.6
255615
121992
122629
63042.4
20871
153118
156701
47883.6
248346
2004.16
113622
14871.3
109843
242538
34993.7
35588.7
72078.9
99170.2
137620
90835.7
135812
1716.41
161563
6355.84
370811
156035
21795.3
69595.5
183886
69042.7
37541.9
307060
31766.8
116773
135947
14649.9
7927.53
41237.2
326614
402967
31468.2
14183.2
23138.9
934.555
226155
51147.3
185489
34332.6
60407.1
74446.7
35353.3
137930
303693
32263.7
98260.5
323906
131612
94454.4
10241.1
66397.6
6213.8
71969.2
215992
39987.8
12565.6
60199.1
98740.6
349450
1697.28
226067
44222.6
163261
93675.7
1014.06
103883
177204
47475.8
303447
162856
41258.8
172342
239094
113420
30585.6
37282
14951.1
19180
9060.16
25343
129153
90151.6
123553
85556.3
208512
13638.1
148449
84870.1
75262.1
13337.8
104310
124565
154334
16478.4
98001.4
379355
173458
105274
38248.7
132088
79287.9
59333.6
37023.8
121148
244469
177264
90547.7
19556.4
39977.6
93935.4
31556.6
38328.2
5182.94
101172
35102.7
31236.7
415967
47727.4
35329
351808
97707.4
98079.8
3006.71
48325.3
116005
268366
56312.6
46045.6
9299.45
179447
96882.2
54371.5
20649.7
72122.4
25836
249355
56552.3
45711.2
20667.2
13340.5
63780.7
36876.2
48687.2
12768
66467.6
102529
8355.24
100365
39827.3
262893
33262
16185.8
82897.8
26183.8
36325.9
66438.4
30199.5
16234.9
7049.96
252986
102911
9577.25
42598.2
358216
19848.3
64646.7
91809.9
23950
187671
161649
3397.8
87451.2
33957.8
100299
25292.9
68544.8
97121.5
6111.56
362513
84176.5
96.145
246596
38151.9
48220.5
1950.93
64967.8
185349
22254.2
156279
75705.6
1829.22
44259.2
77294.6
173641
49620.8
22439.7
172660
127821
57670.2
89042.5
226659
16339
117186
88677
55933
75194.1
641414
13570.9
81954.8
286413
194272
123673
101537
175124
105987
57372.4
34861.6
31480.5
10490.9
111236
25496.2
301800
31045.6
2504.51
153247
1850.44
432378
198178
27409.2
243183
3489.73
460537
165789
37974
20557.3
50741.8
115158
122144
37587.9
57803.1
23677.4
199178
46643.1
24011.8
501358
160185
443873
194704
244598
281286
570.975
225787
69480
366494
120300
41767.8
150541
1763.1
13366.6
252760
108211
97792.2
24558.5
191635
50824
74844.1
43961.9
80276
1126.79
114953
153466
257985
12894.9
26710.4
103158
150895
71718.1
152740
343921
131483
54977
53119.6
85960.1
95447.1
44195.9
17557.1
25012.3
42059.7
61505.6
14983.6
8920.23
58084.1
8606.24
109187
22208.5
160898
128648
161611
36281.7
9121.76
40417.7
93309.8
354209
17951.7
38044.1
21327.5
82740.1
27292
426251
23429.9
71852.2
43546.2
22131.7
15818.4
9909.2
72081.4
191236
121606
92449.3
85683.9
194886
120189
249062
64359.7
146504
63004.6
183272
332321
63774.5
63800.1
91974.2
71416.7
29810.4
61478.8
5626.36
245510
108871
37858.8
6346.19
288468
12162.7
38509.8
256628
149956
1651.14
295553
139071
11289.5
285413
118555
119263
30169.5
174580
96711.5
171548
19719.3
655859
224123
37219.6
42104.6
181732
31838.9
133192
434.323
10397.9
93730.2
8882.81
36919.3
4849.99
80353.8
25621.7
253207
191867
40106.3
193707
32570.8
82315.6
80941.5
79491.4
246934
30837.6
219561
35033.8
190566
15739.2
145521
343150
206777
232252
149770
249044
1104.73
208597
18537.1
33417.2
43266.4
147904
123846
63799
56156.3
231449
37388.9
86205.3
19650
18644.4
82585.1
4714.97
95910.9
17149.2
91979.4
263442
112879
59337.8
3700.39
36824.4
263403
154925
178512
5694.47
10868.4
199699
8929.52
112196
1896.78
85817.4
30503.7
54297.4
150333
17915.3
105981
15889.7
70545.8
365668
325616
25242.2
82303.3
97790.4
131019
40178
37416.3
1943.59
49942.6
84725.7
98945.4
127405
112494
341600
355250
26658.4
58810.4
139508
21312
102963
18225.6
89926.5
61523.1
28842.1
189055
54541.1
57355.5
79143.1
23107.2
3574.39
61926.7
172424
55754.8
8514.8
144503
39147
34538.8
8749.98
164009
187222
22045.1
87745.9
85968.7
76633.8
37331.9
90182.9
13498.1
4664.35
148688
51962.3
49020.1
76707.2
89200.9
210087
24594.1
15740.5
216002
141264
133812
217078
102183
144759
101135
100678
101592
156509
15583.1
70777.8
62617.5
84168.2
12433.6
16163.1
341596
118989
261115
191607
71429.5
81979.2
63621.1
116921
26535.5
156459
200426
159073
125929
153265
88233
173330
126118
228901
43429.9
2377.59
70349.5
416376
122504
196939
43573.8
163255
75960.1
14364.4
39081.1
74782.7
6158.22
111571
37998
26547.2
16888.1
239253
75909.8
9749.37
266361
89158.4
181232
109841
747.717
5289.23
76797
39385.4
2512.21
47302.7
43453.5
198105
177259
56694.3
25995.7
192467
56383.3
31709.9
213457
48683.9
78213.5
27124.2
97495.4
161660
74028.2
30609.4
140520
84242.3
78244.3
78016.9
75098.3
134704
47394.2
228968
2092.99
85211.7
34437.2
57898.7
202528
116434
47965.1
76160.2
18766.1
19267.5
11558.6
197612
211289
67205.5
14932.3
2332.03
18921.2
118593
64857.8
54629.1
169854
23001.1
61014.5
47720
14893.8
100476
89630
40762.6
4894.99
1323.61
55354.6
94881.4
93866.2
32148.6
163295
4835.72
147769
12611
169060
28756.7
90496.2
20694.4
304126
34318.1
153684
90787.2
101496
84894.2
83566.1
16709.2
16025.9
15716.9
236006
99580
18744.7
121122
17671.5
60319.8
181295
42359.6
167843
85042.4
13812.3
4762.8
3073.14
308896
54730.8
53548.3
92284.8
43743.3
29727.3
25484.3
68087.9
349286
220413
29193.3
94478.5
121880
184215
247888
37466.7
129865
88726.3
25290.4
2113.48
133.709
30457.2
6754.22
21218.5
31307.8
37012
47821.9
35384.1
157167
227986
126538
268083
25336.3
27155.3
78759.1
177482
2397.05
135335
43756.9
197187
11197.6
87260.7
356907
89850.4
78088.4
16097.8
45683.5
135022
53273.2
179947
11677.4
112400
84927.7
139109
73506.8
103284
242160
944.473
28837.2
86997.2
64148.1
20672.3
16755.6
14050.7
83837.2
31423.7
251222
84979.2
58278.3
79904.5
60820.6
139293
8359.77
276634
85957.8
451065
4862.03
98510.9
14433.9
7381.88
73297.3
29565.7
106805
16786.5
73174.9
102926
143634
115584
172058
6367.03
116110
34030.5
204915
162666
28922.1
7451.35
19266
64224.3
127433
263856
42598.2
87124.7
17663.5
125323
109597
48715.9
16152.8
334586
140136
113636
79521.2
13185.9
67901.6
26012.2
64559.3
87347.6
42120.3
81622.6
191999
36237.2
544.511
140144
39831.7
101836
14109.5
60810.8
59742.2
22553.1
136107
190032
56983.8
94353.3
27779.6
29566.9
130454
150656
115641
425461
20930.3
127417
205790
248852
16428.6
98841.6
46492.7
178603
33329
42871.2
83094
132537
40437
188842
61829.5
16124.1
13037
169414
16358.5
76924.2
245031
163366
27318.2
40480.4
82682.2
665.268
45921.2
42964.1
321583
106480
39261.4
56221
71324.1
43741.4
4835.13
6442.93
34469.3
53168.1
2931.75
129197
159070
66416.3
8478.44
72052.4
100520
104151
47755
253030
33524.7
57603.8
972.069
145860
20933.4
32849.5
101547
33498.7
9638.28
1231.74
112722
30513.1
52799.9
60737.7
129203
152022
69784
117834
52888.4
29906.7
193950
7952.77
20898.2
46202
237750
210574
46959.1
38478.9
162465
159085
139871
21456.2
55748.7
53629.7
1927.07
4958.2
73289.7
49606
186422
4280.87
13033
57840.2
61580.5
93351.9
116730
4702.48
88019.7
59632.5
61735.8
1652.82
420737
8024.72
71937.9
70266.5
386485
2149.99
9033.44
94813.6
32244.9
120787
23374.3
9786.41
21178.9
115003
315101
42492.3
73193.1
136111
55552.6
69548
29359.6
9596.46
50326.4
149365
19568.4
243289
192864
220946
45738.9
204193
202270
9263.06
171849
103404
121773
231793
79184.8
62222.4
33574.3
140273
18595
7023.14
50339.2
14989.4
6137.54
259570
270217
61355
1861.76
11603.9
84399.8
112901
60809.8
28953
30384.2
188191
62976.6
12390
92537.5
52426
305960
9360.46
21887.5
70682.1
286.607
35434.9
366474
130287
21858.5
12393.6
43337.2
153312
19670.5
166122
20646.6
288305
132432
10528.4
16067.3
104719
112705
236342
217612
18288.6
8493.69
206731
31684.7
122166
9173.47
45338
52178.6
10933.1
77375.8
142641
160680
95988.3
55946
46019.6
41964.6
150787
133833
35716.5
78532.5
166834
188124
365986
42897.5
20229.4
472439
182460
61840.1
48970.1
195783
28151.8
145665
122427
126211
233259
4307.72
7645.64
21837.7
82331.8
169279
126747
29581.1
2054.98
238839
5844.36
11438.6
95488.7
82219.5
63811.1
60683.9
50852.1
32192.7
144279
24529.9
31713.6
216928
11567.3
36340.4
43044.2
7874.37
194260
105711
47472.7
127328
379920
103625
35557.1
217472
176567
248597
145935
211938
139933
78589.2
24321
4661.2
158722
108105
44695.8
149764
37593.8
268622
483088
113934
4996.28
28122.3
5867.47
49305.3
67977.5
89222.5
198562
216410
83474.3
137652
24037.7
91420
164744
239416
79652.2
101791
61181.9
12778.6
106681
117110
9809.25
142056
74624.1
48669.7
92881.6
33267.1
137196
116511
50270.3
37017.1
33980.7
24351.8
19465.4
22453.4
357.822
28925.3
52112.2
28649.5
4174.31
33578.3
17282.2
57852.3
108617
106328
141534
146316
6299.46
306054
31370.5
159898
12266.1
7839.59
112805
21534.7
479521
15158.1
252929
4276.16
179375
21078.1
110777
14416.4
44076.7
95423.5
159503
69064.6
204156
33268.4
73537.2
2093.38
65682.9
53714.6
12096.5
72631.9
197016
87006.9
370432
48614.5
186822
87236.5
20124.8
13339.2
307540
112750
76108.5
35626.1
37624.7
163844
51934.7
106077
101863
71545.3
219422
66547
176959
51988.7
130534
116480
240974
118279
13400.1
27591.6
140571
7578.7
28357.5
15669.1
77255.5
70675.5
28770.4
167851
1309.98
172040
15404.9
18391.8
18278.8
26854.4
35321.2
136781
122344
8365.67
34164.9
74270.6
298611
266204
191941
109474
2610.35
21595.5
69937.2
32177.4
6193.06
168188
291741
50618.3
107538
10288.3
97093.5
4060.26
56889.2
71032.1
198027
100183
194317
343275
263963
94719.4
19975.8
3274.62
29328
57093.2
77148.4
328174
46631.7
76283.9
153900
149862
23529.1
445060
69448.3
68130.2
400234
216324
242565
213562
7727.23
35074.5
9962.67
38029.5
25846.2
235183
72767
168350
73469.9
132528
129072
331988
69934
46378.5
173029
267914
388721
95009.4
41192.7
2539.24
87620.7
47726.6
60452
3654.03
242953
77117.1
123917
51367.3
76511.8
110101
116693
88720.2
960.758
52029.7
41321.4
189779
6365.18
120158
224066
3741.11
439184
192319
50027.8
6404.97
5602.98
23137.3
166795
100482
42860
52639.5
213139
78237.8
70714
40164.6
81241
26170.5
230249
94226.1
239669
109827
432343
12721.1
204023
50975.9
29799.1
150201
141976
26103.8
64874.6
174310
122660
86033.9
28584.8
1379.21
35617.5
10626.6
87173.8
16807.8
5413.13
58418.1
13162.3
12514.2
133893
42053.3
72697.8
25428.1
23354.4
227775
69971.5
1876.33
180886
71117.5
2327.06
214915
18472.6
92428.3
84906
3333.18
279064
82171.2
97299.5
233216
7145.22
66752.1
73480.4
94779.7
206477
66084.8
44317.7
84641.6
113306
216743
78493.2
14385.9
57057.9
65446.6
38284.3
109991
444799
41146.1
47024.7
341110
46445.9
32518.7
32076.4
48090.8
29937.1
91784.4
171117
41452.6
106129
9681.64
46554.7
22350.5
109494
275757
137581
15752.6
131943
241947
300636
61470.1
130769
100527
26501.9
52756.3
21967.9
68491.3
403563
87017.7
10405.2
165435
32975.6
208720
42617.8
136745
115024
180099
125599
29106.4
96409
114067
62882.3
157326
18883.2
107.652
62489.1
5603.33
2719.44
17916.9
353612
18864.2
154749
35334.5
146351
122157
115087
7288.42
20742.7
85465.2
29611.9
85289.6
15619.8
108500
19693.5
76226.9
269568
41299.3
9700.08
68296.3
56928.9
74294.9
58055.9
90306.5
45335.4
133800
10595
150228
270295
35056.1
127190
1685.05
29122.6
57121.3
190917
67792.6
2129.19
435479
14547.1
138558
178616
577307
67051.5
30272.8
13088.8
40951.2
72787.8
41646.1
15486.2
43469.9
37193
68764.2
20070.7
202286
5776.06
7770.74
190410
72616.7
359513
161868
39353.4
108604
21182.2
67418.9
48821.1
84712.9
29336.7
139762
22804.2
410668
182538
144235
50673.2
121841
61223.5
2394.05
35368.6
25884.3
17880.1
65417.6
1897.49
100485
121031
39818.8
20765.2
8709.78
813.288
12330.4
74843.9
31429.2
30048.5
147844
54247.4
110673
1085.83
91387.3
20369.3
49234
47639.9
8926.07
20622
7980.12
80983.1
36258.6
174497
102751
22949.4
67414.3
136475
286933
19918.5
168844
4540.73
110513
56766.8
52065.6
153952
16853.9
119535
76108.1
50869.3
12695.9
177480
14343.4
33428
163279
59023.2
81187.8
32859.8
18882.6
14874.6
70016.5
7783.94
104900
96080.5
5946.45
165886
12384.6
30790.3
149274
122263
175608
244329
50777.4
47110.4
201632
139425
10070.1
85192.8
624356
229833
138669
85159.7
69655.7
176105
94365.7
44293.2
58798.7
17009.5
278354
598580
550293
5253.59
39490.9
38884.4
53552.9
171357
2287.76
50237.2
136940
24629.5
13823.1
136729
362501
168940
72340.3
122645
19936.8
221928
7260.62
160900
86639.3
156631
46871.5
79118
148255
129278
21791.5
365444
329819
16488.8
48389
164201
98005.6
258716
16043.7
42792.6
183987
50003.5
10330.6
44939.8
28640.9
85665.7
18353.6
134123
13067.2
90550.4
84565
44522.1
54233.1
226480
22419.4
16648.7
267902
27457.7
6153.22
48598.1
4689.97
112927
219918
18201.1
123627
318898
483339
167674
86695.8
65608.4
136467
199796
43774.2
341628
19714.1
35785.5
9120.82
65119.3
89423
102904
13012.4
28120.8
371780
328069
12938.4
90871.3
509992
13479.2
122565
47855.9
10306.7
44141.3
135179
55875
63053.9
26605.1
37226.5
146592
3021.19
98870.7
5378.02
23473.8
36784.9
8381.44
18409.8
193446
52838.7
8627.42
30870.9
71210.1
44352.7
5406.4
1480.52
141936
39013.3
252784
40325.7
13127.4
18907.1
124397
55063.8
156157
38791.8
58701.9
474891
52473.7
17831.7
278613
20404.9
188821
225851
310258
28140.6
266112
69076
89540.6
30973
46455.4
42237.4
103925
37801.4
259562
115626
10123.5
85227.9
62559.2
33373.2
216273
77329.3
28459.7
23251
85702.2
192183
24416.6
57448
42656
41563.1
4793.32
64479.8
347107
240105
18958.7
108575
35312.9
137384
36001.7
178424
70059.6
109081
316197
437114
262002
94789.7
21481.6
104323
34203
15791.3
412426
199978
250144
24169.2
17205.6
47282.5
313826
71243
21197.4
50321.2
73697.9
24809.2
384922
62296
32939.9
35401
110719
22204.4
266606
335172
3297.73
36016
155970
154850
18923.4
5425.92
449260
22431.3
25232.1
92824
51406.4
42326.4
203542
22552.1
27923.4
159934
38590.8
25890.5
227019
249898
6581.83
34104.4
360193
234725
28452.2
31795.3
67957.2
20638.5
117211
11618.2
34064.8
128004
4327.24
62260.2
61011.5
168673
216300
125125
199813
26613
524953
9755.17
86751.1
15826.7
163323
41032.3
31717.9
14067.7
74718.3
80771.3
10204.8
8099.89
76635.8
349549
52571.6
301912
73584
240442
57684.2
46866.5
6855.34
44786.4
26274
21099.9
12430.6
21268.7
24191.2
84486.3
9913.08
29768.4
53179.3
164801
266733
184290
11026.5
245875
50651.3
50495.9
54499.9
82650.5
8140.4
80971.9
12273.4
122232
257792
275012
162.56
28938.5
80917.4
166055
155025
266908
517821
11846.1
11953.3
1777.23
552772
25483.9
46124.2
7961.88
27975.3
317671
53928.6
30967.3
104037
51765.2
44353.8
102689
150253
151418
150180
168406
19479.8
236163
12715.5
109722
119287
79416.3
122801
17526.1
24190.1
61863.9
223350
45757.2
6321.82
2449.3
97092.6
78939
36037.9
161700
31717.4
47816.2
98414.5
10941.9
43201.3
63003.6
53175.4
23015.8
345729
9215.19
365693
26694.9
32673
49038.6
202336
26900.1
187575
2342.82
82428.9
30125.9
100221
108165
5171.14
77672.4
43137
90447.1
5166.5
78970.7
18095.9
67482.1
129659
108679
206470
67748.1
127422
269319
24971.7
66817.9
91349.4
28452
21409.7
11551.2
54623.9
70784.6
232122
6201.62
52181.9
416107
32067.6
55665.6
8114.5
18262.1
70568.8
128038
61787.3
295309
83624.1
69675.9
56512.4
106284
293613
57891.2
31501.6
324463
51621.3
35445.7
10169.1
126282
172925
201032
29199.7
118854
135660
139128
203569
26975.4
26091.9
457392
21206.2
64724.3
48722.5
239276
154113
101148
262932
172625
138359
96962.6
16875
78785.1
25287.9
112293
172437
10819
9277.57
2378.53
114558
4735.98
192095
97681.8
23811.1
191642
57316.7
88050.5
3050.47
16916.5
270615
105420
74285.1
5772.07
44612.1
506276
429366
189964
118958
86039.8
57323.3
157320
98966.7
92497.4
87578.2
100.201
41944.7
216736
239422
75730.8
111610
8924.67
59416.6
272050
37134.9
127455
81547.6
45058.3
17094.1
46062.2
172698
32721.1
222296
135900
7607.4
18714.5
45869.5
39757.6
168594
181546
45065.4
12148.7
65737.2
26051.6
68527.7
34819.6
52702.3
21753
119423
35021
14108.2
527.965
74553.6
114941
50735.9
16486.7
3541.74
3425.72
190051
36866.8
136518
199743
94940.5
64422.2
75969.2
185475
178035
21659.6
202538
7945.7
12343.2
281060
29525.5
151566
189719
122318
528120
135576
11306.3
92361.5
16948.7
24659.4
220026
27944.8
2823.7
137803
78109.6
91668.9
12426.6
105664
66775.3
222918
37664.6
53162.1
17684.6
12581.4
142827
73726.9
88089.2
17353.6
226150
46881.4
168500
190357
281312
94035.8
49845.2
17250.2
29099.3
15220.7
168592
122871
47467.8
1135.38
261956
85229.6
197223
8463.09
24649.1
25513.4
46337.2
176366
2918.33
4978.8
31432.8
61504.6
62309.1
135414
90842.9
17683.2
59888.1
51768.5
26473.5
20585.7
54960.9
117945
238910
20718.4
50040.7
79653.9
25502.3
26745.2
44459.8
107789
85351.4
264283
35819.1
24536.8
7329.9
38778.1
251366
22693.3
190797
89311.5
39984.7
80790.9
57898.3
71671.2
283258
210694
36544.9
320648
9230.37
3144.48
129870
245496
2170.47
259062
42641.2
161467
41179.4
46386.9
129590
102208
12376.8
18797
31586.1
79817.3
320893
96043.1
39132.7
304762
19760.5
177523
9076.3
59242.1
17082.2
44805.5
30702
20345.6
2558.42
229163
206892
242581
222200
2938
43572
73948.3
47619.1
18080.9
74519.8
41178.4
285542
123019
89340.8
87708.6
48344.7
55281.2
87106.5
1802.49
154646
28646.4
60146
9520.15
343409
8413.69
57604.9
61924.7
27569.8
171813
31136.5
28818.9
90220.4
423568
120759
535.702
164393
43287.6
51439.6
20873.3
10331.3
11276.1
59335.1
105876
110284
61947
3313.76
10751.7
19315.1
77864.1
21390.5
56743.3
197046
247302
32228.4
215359
175827
126743
165711
214871
183131
518540
61232.1
185966
24912.5
10627.5
304644
131859
279012
156461
37777.4
9117.48
169027
132114
48356.7
358891
93578.5
1417.46
504882
64139.5
80792.3
272156
126558
153808
45483.4
151753
41218.7
18463.7
45260.1
163238
117288
17172.3
131226
17969
2443.22
62727
159079
34191
27361.7
93127.9
38331.2
104949
40151.9
16245.8
15421.5
22050.1
171669
54285.8
6104.58
48565.9
43213
38454.7
99231.3
82227.1
171893
78791.1
90039.6
31634.7
17263.1
193842
31893
43945.6
180665
240048
75050.6
73090.9
47526.4
163655
258641
6245.7
71162.4
17015.2
493102
3296.77
154269
56713.4
35829.9
60632.1
105936
104489
177443
30075.9
93706.7
87340.4
32149.8
210509
51352.7
100822
108085
13450
7733.69
387025
323598
188183
21056
292175
46571.2
145361
88811.5
27456.7
107114
46427.7
127899
17811.4
33692.7
43395.9
58699.2
42262.8
92847.4
2657.3
51786.5
159987
175409
7183.75
475876
2967.83
61185.5
73943.1
94013.4
41123.2
76974.1
214871
127208
99572.9
87859.6
1112.4
209334
131013
110054
2293.05
220553
55645
205213
8500.86
205042
3513.07
9348.84
25638
177813
257936
210207
69096
94363.3
91354.7
127542
8070.33
84912.5
97236.9
35360.2
161726
262559
57492.1
34209.7
113087
576158
38852.9
62027.3
104522
159319
23166.7
30987.4
61048.4
360523
195416
141635
95024.2
49370.7
52805.1
79309.6
94533
134178
1652.78
60446.7
253273
8824.34
203882
36981.5
258142
34795.8
5041.44
71769.5
776.518
282898
215366
58967.6
15209.5
94941.3
293961
1168.74
543601
29110.6
66710.3
46452.5
89197.8
281308
35392.2
51072.1
233997
33106.8
19348.8
97510.8
85051.7
260204
9829.17
41856.4
181562
214043
330550
5789.17
46522.2
44875.5
65087.2
129950
59221.1
132519
108623
245254
38633.8
85645.6
174059
122329
153874
38448.7
31001.4
125709
55052.4
66660.3
310726
20375.2
160699
71009.2
55160.8
62858.8
21596.6
1890.62
9458.41
142644
143144
67886.8
9905.64
82628.5
3174.55
217870
255362
45600.4
67874.5
89455
34700.5
65872.4
206865
4949.64
45551.7
25061.6
134955
197427
203637
10082.6
127018
98413.6
100405
19407.6
434942
306038
69597
28828.2
71629.6
21709.2
29929.2
133342
113928
12910.1
76766.8
89281.7
37393.4
86605.1
330172
77645.3
261456
217350
40222.1
4870.78
193959
3038.25
228269
65914.2
172039
79325.9
233112
209714
57962.6
223132
117947
5854.47
43203.4
41057.1
134490
83933.8
19183
122161
63570.1
84224.6
11671.4
33790.8
1749.61
416754
53812.4
9303.44
59132.8
349146
10284.1
50529.1
179650
78917.5
28577.3
40647.5
70736.8
43909.2
83573.6
344390
139028
166472
91958.7
491294
9039.82
67470.3
124742
242190
40306.5
3458.32
28784.3
29915.1
80096.2
206202
59167.1
163555
99255.4
90501.7
129688
51360
1089.78
84173.9
259622
403451
125534
20757.5
124742
91193.6
46530.8
6077.87
17607.2
199110
307316
74146.2
35522.4
72715.8
160301
123731
142783
22156.2
259715
87554.3
6383.58
53259.3
15126.2
40766.5
112419
45524.2
71798.2
24660.3
127476
44409.3
213676
220515
35741.4
11145
74288.3
81277.2
54346
92036.9
248432
116707
29809.5
52281.9
27310.7
21102.1
43493.3
92228.7
264900
45096.1
105547
69427.1
83662.4
48756
34799.7
11989.3
28085.3
187466
19848.3
96278.9
119257
52687.2
104824
26341.2
27828.3
35959.7
151854
70920.8
70409.1
14260.6
165657
273724
189336
58488.2
88371.5
55445.7
35162.6
145354
51938.7
101673
463746
14474.1
1221.8
448685
72756
435908
42418.8
120421
87102.2
25972
2671.46
103272
10024.1
15050.7
89838.1
231937
122317
161747
21364.9
70844.3
143918
33380.6
55010.8
69815.7
113696
12169.3
6866.72
71358.1
74307.2
113219
92261.3
7091.78
6838.52
152570
42832.8
226778
12085.5
6858.15
45711.3
9972.06
242971
6329.99
18212.7
69172.5
79559.1
66130.3
147915
33406.7
108075
2889.17
78430.2
219151
107087
55164.3
9068.96
239335
58273.4
1939.3
35916.6
76088.5
138876
128474
55399.3
43702.7
50768.8
18611.8
181887
30312.7
57019.5
40742.9
191445
26521.7
55787
10257.4
34340.8
46000.3
155547
390913
68724.5
202366
224811
84667.2
217627
114442
115400
233617
104397
7538.31
80687.2
34850.2
54938.3
10763.1
17648.9
84483.5
228998
7513.8
331931
525468
236961
15181.5
46570.4
14139.7
146474
3486.24
25760.5
53307.3
19009.3
60702.4
36489.8
49114.2
51275.4
152705
29222.7
122569
18897.7
95795.4
58750.4
219709
57835.3
159528
80863.1
48864.1
9959
177339
247122
23491.2
57111.9
2890.23
146815
135271
43842
306994
2975.08
33842.6
9278.29
97974.9
101781
62328.6
110936
369434
44473.4
154254
76644.2
63317.1
82238.5
371771
54300
8433.42
33927.5
55253.5
4772.62
147518
69777.7
34839.2
25272.1
39681.5
15044.9
144522
3854.61
101900
9129.25
5397.27
1541.68
124396
83816.7
449408
45351.6
46233.1
29272.8
74206.7
111831
173406
25109.6
127213
17949.9
50652.3
213646
76283.2
16207.7
78574.9
6856.4
210215
26454.6
38012.7
671399
396562
170011
73562.3
73650.7
112100
8898.41
16652.8
89734.5
63560.2
76903.9
32392.5
23594.6
182430
29450.6
177413
59513.8
92362.8
86261.5
198599
41496.1
52497.2
100483
198152
146559
48740.5
371576
34373.3
72527.2
93644.6
233278
34813.2
105219
77957.2
6556.87
102428
28863.2
29799.7
75434.2
58945.3
82960.2
145802
184818
27683.9
48997.9
65917.6
4985.36
3981.27
145167
121982
92341.6
194258
21537.9
33262.5
158868
36192.7
113628
158949
40759
124375
43193.2
27958.9
62349.5
93671.5
6591.9
51676.3
66844.2
17700.6
107296
26549.4
84263.1
79415.5
124648
209454
32926.2
189752
111228
23880
140888
57776.3
184667
97851.5
37646.1
51516.9
70870.5
5112.17
69515.4
33389.8
84205.5
90371.9
52350.5
56326.6
52688.1
46551.9
14057
31274.6
249351
12211.4
12275.5
47162.7
42190.8
7966.22
55409.8
131414
145997
106837
77622.5
450939
19663.7
91973.1
25299.4
133195
447.077
74593.1
192210
668759
459846
279526
782.196
24115.4
31558.4
21857.4
63690.3
248478
18806.4
96101.3
204069
7532.36
42879.5
66724.1
206781
68190.1
37987.1
11697.5
172690
17691.3
277036
30755.9
97318.3
142559
175119
22218.6
166332
75280
443687
322425
286879
360918
135913
61822.3
41539.7
248906
6658.41
83292.2
119910
51504.9
222802
235782
36899.9
56798.6
49080.4
54086
156677
37530.6
186502
560924
119676
103357
10907.4
444062
6401.62
261235
88420.4
5814.35
46373.8
40295.7
153760
314888
677286
121337
28482
212781
4976.84
166988
302655
174283
149248
206159
74491.5
6234.76
83768.1
429319
344460
45572.3
47401
69696.3
4001.49
88705.2
26133.5
50201.1
106289
5186.06
21476.9
1899.71
209681
28515.2
92910.3
90700.1
125215
183109
26128
27921.3
65714.6
110899
20644.9
317923
222459
310885
13071.4
18092.7
253634
16104.6
533.261
110513
26805.4
59593
79415.2
134795
144643
52330
20027.2
51722.4
148161
6799.17
139936
315875
35606.5
84194.2
16178.6
35714.6
60444.2
25114.1
5233.82
60758.3
92278.2
6987.67
85330.8
98831.1
40862.4
10149.8
384983
83897.1
22579.1
6541.89
42252
56085.6
404790
176667
64764.5
12772.1
122988
29448.9
73909.9
34506.5
100014
35600.6
6693.88
13127.1
45723.7
155996
15177
270259
187264
5313.82
45930.3
166393
64840.7
177260
103714
18315.4
102801
355125
7816.32
48482.6
11027.4
113176
59514.5
142037
110378
319759
4221.12
198905
23498.3
84931.5
248246
5162.4
2043.59
67047.7
60695.8
22853.5
83959.3
5577.34
139143
70018.6
218166
59651.7
185322
87262.3
25482.6
33090.2
268095
181553
12210.5
86876.6
32966.8
122833
177654
109941
51012.5
50798.4
12114.6
369292
9902.45
38548.1
54440.9
47584.3
20438.1
13678.1
70002.8
169897
51712.8
393359
15114.1
150961
11835.3
128886
3236.19
148765
7113.03
80604
110216
105621
5201.33
257849
42645.1
432601
14465.3
35794.8
63690.3
60321.9
176792
242168
65216.6
45792.1
190790
104657
122989
14596.7
94380.5
2174.06
19137.3
39688.9
154746
204378
5325.96
163332
76333.8
352925
67842.9
8048.84
112713
69267.1
106769
75752.4
81968.6
8413.64
17014.8
193158
91931.1
34265
24616.3
72089.8
149513
2637.35
33189.9
22888.8
54032.7
28243.8
9508.91
86296.4
98843.4
63807.1
120178
9907.25
317941
225973
6379.94
91167.6
19489.8
37441.9
70883.3
25789
1195.46
36118.1
24321.5
5361.95
13466.4
11066.9
32871.3
29533
87708.4
169591
14581.4
39803
140290
285679
4545.76
22424.2
274557
131591
67499.7
160280
45690.1
78571.1
5121.4
317409
65356.2
115272
5446.98
43557.1
188074
8659.68
35843.2
80765.6
485910
12253.2
273943
137972
145699
75574.2
293689
362792
73395.6
39881.7
22893.7
151197
43507.1
133771
67236.4
83524.1
6205.55
110264
167503
148074
74892.7
207085
256708
186967
57372.4
255940
44290.1
102850
279743
124990
134464
49827.9
89044.2
79622.2
28077.9
113261
1634.04
17254.7
19163.7
219803
19655
58012.5
528142
146749
8251.67
51284.5
25793.7
400098
141065
174103
53062.9
74677.8
104135
9696.48
123704
145025
6999.1
28560.2
91095.9
130432
53395.5
47183.5
50137.5
160692
13480.3
20633
523541
45036.1
17859.1
109264
77959.4
51766.6
21670.7
2796.09
87495.4
18173.3
137032
51194.8
118675
3192.19
61977.2
64694.5
83716.2
60907
135810
211619
22063.4
87905.8
78568.3
35350.3
31158.5
49610.9
21513.8
64379.3
64408.6
49391.7
174776
3124.04
103319
170247
72486.5
23438.1
189794
60774.9
68656.8
474207
49659.6
143347
163947
204912
149270
30101.3
124538
49025.9
119569
121248
85857
19775
203383
83437.3
9772.67
185238
54394.5
89232.7
77905.8
5216.16
26141.8
7402.23
50647.8
48934.6
293445
11604.2
86279.8
24470.9
263044
39797.6
159809
34789.9
50093.2
264633
103334
6378.57
139774
79493.2
212779
12529.5
207213
45076.7
70711
51085.5
61594.9
461157
79565.2
53111.2
42171.1
71098.4
137487
41684.4
27251.6
11015.8
142287
103209
61696.6
99414.4
94143.4
45277.1
108893
75440.7
133061
15757.9
68056.4
200576
39393.8
96881.2
51631.1
97522.1
89198.2
87374.2
165854
18865.1
39817.8
152998
172911
192227
210336
106913
436470
51041.6
4609.8
48777.8
9839.81
29010.7
595.139
84412.4
113176
47160.3
123879
106769
117864
286909
70180.9
65778.9
8457.19
21620.5
128031
172308
47112.5
31740.8
6619.17
30213.3
4574.47
102003
134028
10022.2
38376.9
8173.77
18865.2
159853
21698.9
175825
12104.2
19671.8
1643.51
5158.79
108516
13895.2
329649
32604.9
52374.7
220554
6028.36
8506.02
177355
24388.6
131036
18309.5
71185.9
175029
108577
25324.9
65438.2
38574.7
9326.86
92845.1
315011
316068
178814
39244.5
7930.61
189856
20528.8
11232.7
13192.5
206381
157767
85735.1
231966
4262.43
151256
175236
16914.8
25896.7
191008
53895
141303
366694
142265
36081.4
56821.1
18363.4
115122
125088
11021.9
72311.7
116611
68196.1
48887.1
56740.8
432395
27863
19388.3
45669.7
156968
30618.5
205622
282006
47417.9
54144.2
44889.2
53495.5
1371.24
18002.5
25337.7
189869
110690
52667.6
62862
59821.6
47235.9
53485.7
3263.39
92260.3
134925
60639.4
18403.4
243857
94701.8
174390
131304
170742
8159.04
90488.9
45850.9
5250.6
98259.8
183171
140637
152791
45888.9
112533
1681.34
23221.8
199875
432489
3085.92
7082.99
5796.46
129376
76388.9
39299.1
125614
4872.06
24132.3
227866
12480.6
49953.1
139981
143196
237768
47729.8
7875.73
86.7758
4642.38
14168.2
120479
474660
39146.4
179793
103978
115596
12965
18121
21347.8
93362.8
76307.6
70167.4
170796
193080
116991
43343.9
117856
105942
30864.4
67725.6
59279.4
16411
133569
75380.2
190995
3151.34
258089
50308.5
292225
11545.5
117046
26517.4
6374.82
46217.8
762.082
14981.2
66153.1
21757.3
108830
5391.41
65707.1
36688.9
135532
15286.1
139700
60321.7
209522
165483
47731.2
42465.6
119067
102644
179817
3901.95
288093
60168.3
88756.2
71424.4
7818.26
64317.1
39358.6
122351
80750.3
155654
66921.5
205535
126381
30184.7
146604
41836.5
171266
93564.4
43951.6
357766
20902
40367.7
697.747
211561
7235.5
104368
5430.51
155410
95766.2
137984
395641
10852.9
176892
92309.8
62174.8
17604.9
138369
132732
66975.3
223819
54764.6
149680
173355
117160
72937.7
16220.2
42501.4
75588.4
2965.94
81209.8
316283
239519
121269
358254
721.191
120236
328095
40319.4
52335.6
82267.9
76595.3
28022.4
15366.6
19004.8
57982.3
193858
71471.1
5324.18
141075
123298
74024.3
147501
30792.8
85940.7
13295.1
45691.6
90724.5
114326
2132.8
45901.3
25001.4
107088
23810.1
348553
115905
30465.1
124801
120336
135114
56831.1
112026
214510
179271
159969
18794.2
166097
8437.62
163728
64887
314401
65078.8
30833.9
16586.2
176113
67663.8
77750.6
195791
116413
400558
42450.5
95853.8
121771
174740
8256.19
29892.1
98960.5
50799
69386.2
62064.6
214504
122804
126815
16847.9
51110.5
64969.8
108816
7095.7
360358
136850
345596
87446.9
213878
93593.1
6219.84
18107.8
60137.8
41995
334867
381787
124731
68632.2
72043.2
45394.5
4251.25
116162
33090.9
23073.1
116356
17840.6
22616.6
31276.4
13825.6
12227.6
34378.6
506746
5795.44
135936
112975
2121.62
331539
27421.8
12113.6
45998.6
29066.8
57272.3
12599.5
77650.1
11785.4
265392
85696.9
136011
11489.2
181966
33818.3
23783.8
136562
48188.2
20744.3
77092
35556.4
103200
234523
374958
132172
63582.7
110063
29109.9
13191.1
66222.9
51469.3
76040.3
109627
36925.2
10240.5
24282.5
66640
68008.1
374639
106271
125741
71677.8
204287
131487
131081
44065.8
27448.3
71710.5
180007
122578
79215.5
84522.1
436628
26017.3
172402
63558.3
4562.59
127725
64847.5
54364.6
11700.7
84078.1
87194.1
54721.5
78807.1
105288
64031.2
205781
83533.5
265428
57213.1
65290.4
22039
131238
245780
121321
69996.7
227556
281883
37189.2
197680
61978
167145
17013.3
207736
130778
14055.3
23952.9
158946
184816
108789
73438.4
29482.9
14110
75812
71654.5
65520.6
27754.4
278984
218496
323835
26566.2
12711.2
23235.5
48750.8
198163
9590.88
454844
85058.3
37549.3
126894
154811
44075.1
29307.2
125516
163543
139458
26252.9
43609.3
117687
168443
39230
4675.7
99378.1
8215.68
21784.3
56837.6
92994.6
98031.6
1980.25
17851.7
15274.4
110331
118155
10743.8
18526.9
17742.8
44146.3
84393
94143.6
72972.6
103327
166980
153961
19786
65511.9
182520
63366
210802
12213.6
32235.9
79605.5
28812.3
3675.34
573998
227724
2350.24
353956
25975.4
302603
13537.9
43533.5
150061
59073.2
169096
179035
111935
20798.3
34198.2
120689
229719
69049.4
238399
47215.3
33232.7
143697
94137.4
30098.4
23894.2
207880
28605.4
202836
71391.1
167767
72386.4
116540
52341.9
95620.5
219898
352335
18141.2
25534.1
274840
71412.2
30213.5
137402
120458
90511.4
34537.9
158949
22175.8
68203.7
27831.3
42152.3
23172.7
130324
13664.3
19655.2
108981
64952.5
33824.2
45397.8
168549
110055
109661
30726.9
50427
62253.2
17825.1
27191.4
19257.7
47161.1
10235.2
38951.2
87035
62490.2
10614
79698.9
294006
325431
212557
130622
135456
52789.3
2196.95
83658
112579
43828.7
84255.1
111490
127176
24539.1
155360
101520
99356.4
10959.1
5917.1
84441.1
43994.6
158922
13573.6
86738.1
232.441
18898.5
118665
184015
10098.9
46463.9
222118
110550
97586
162240
42233.1
48470.3
63874
136147
158314
90480.3
10008.8
259579
129241
212766
100114
16333.3
338064
137464
111162
12114.8
84679.4
37907.4
19739.9
123463
72027.3
61111.4
26484.3
60987.4
18343.6
87536.9
89698.9
209406
78442.7
56132
15166.8
125519
6629.43
289183
123118
58163.1
353652
97010.2
234335
130933
42529.6
13704.1
28562.6
179887
164117
13759.2
25934
58114.3
11696
175282
120168
31370.1
48174.6
133111
62408.6
6421.28
149680
12640.3
91094.6
154489
21521.2
163786
12696.5
44594
67093.7
254840
123166
190293
49897.2
47466.9
61116.6
139782
97770.8
51097.6
162060
28081
208247
116818
87320.5
56098.5
72977.2
318760
67274.4
142958
46526.5
30773.5
19408.9
30037.3
106278
164137
110930
236930
32442.3
16260.4
126535
37130
23387.9
186576
123808
13619.9
404051
107907
61415.9
35170.4
346242
107598
36447
34178.9
169867
19738
69531.4
514058
20234.9
65160.1
122319
34846.7
93850.6
97055.1
29534.8
45318.7
276678
26185.5
66045
355654
92558.3
104310
33765.7
352913
78524.1
61533.4
167073
3805.51
456658
320021
3497.95
18253.9
16778
34613.7
343375
210939
170366
143626
216321
60566.2
59684.7
88312
118261
64654.6
76411.8
38035.6
66508.3
206644
167528
3335.01
25472.3
156670
69570
63548.4
130838
263680
19680.4
19424.7
302295
30653.8
9517.29
91659.7
100584
39199
19290.4
131591
40617.2
85302.3
74048.6
32518.7
4486.94
50673.9
62877
39641.1
24394.8
166268
315044
53853.7
323491
115094
81977.4
23250.1
49693.5
80749.3
6343.19
94673.3
18516.8
1462.84
372334
35638.2
72503.1
96402.3
47711.6
4705.09
3409.88
100900
31009
65387.6
10240.5
166922
33544.3
71108.5
6994.7
499807
82397.9
295539
141769
132407
209071
257718
63508.4
49373.8
77784.8
67783.1
287471
165758
81390.3
6765.43
14096.5
107796
147200
39139
109207
280478
34540
4022.09
455328
30445.4
18553.5
29445.9
16842.4
123140
27264.4
27528.9
189332
21702.7
41900.3
138332
31988.3
164692
12040.6
126288
174203
110861
18273.8
132693
33383.4
18737.6
68056.2
32033.8
246020
75586.8
11604.5
45989.7
118110
94342.8
125092
283181
137603
166972
17058.7
38647.1
4629.87
537736
13710.8
200213
61273.6
50722.1
23397
497952
10084.6
169160
6819.35
7452.63
447732
3476.89
159131
358.547
57593.3
67468.8
40173.6
130988
177877
599390
7163.99
193830
46256.8
54780.1
130326
49502.8
92124.4
40522.2
55927
218768
209568
130526
150000
36154.6
93610.9
146196
67389.6
860.406
1713.36
61551.7
55331.2
1114.3
18348.2
81181.7
57835
229784
11702.7
117077
82384.7
577.736
31666.6
93274
31746.7
87816.2
173087
97247.7
29441
408384
123815
306227
176066
16674.3
206866
29375.1
227868
9330.42
40009.5
77338.8
44129.4
15426.1
54986.1
81775.7
40930.6
211131
96384.9
5653.45
212851
156271
6602.44
30753.6
23501.3
34773.3
291.432
602395
35170.7
71435.1
92705.9
44387.5
959.04
42373.8
16046.9
243637
69075.6
129788
4700.92
306754
130567
1580.26
21885.6
19070.5
143030
76019.1
24333.9
138449
1427.98
118228
188089
12406.8
53525
391146
10843
185713
42570.8
157543
22937.4
36613.2
118761
17572.7
178770
356498
182306
310154
304896
4510.46
54137
37774.7
132862
61378.6
84116.9
394600
13051.2
72657.2
43097.3
143704
99872.7
390234
3300.76
87553.9
55227
34643
10833
13552.1
152188
12169.5
15064.7
118394
6094.13
3948.73
66538.7
345827
46856.5
82899.1
180100
6722.54
12105.8
34678.6
19841.6
25872.6
19190.4
13287.1
52424.8
206857
251237
44819.2
12579.3
21969
19274.4
114627
190667
105275
47017.8
115106
246032
80812.8
45006.6
7602.2
83033.7
46077.9
221344
31979.2
24060.7
185388
96403.4
8787.98
3092.82
89944.4
244426
95877
53691.5
3165.88
90145.2
183913
11592.7
260217
146.504
166959
158793
5705.33
1063.78
123296
69377.5
109016
311544
33022.8
72676.7
71744.4
166093
99658
392962
72337.6
21544
261217
33303.3
134090
306750
29100.8
44959.9
71578.6
27476.8
24986.5
56879.1
156185
62182.3
69857.9
473934
23416.5
149052
72784.3
181092
9933.93
23467.2
58397.3
369425
11358.5
38234.6
29143.7
1091.07
171753
4018.42
42480.4
24386.7
77165.3
47918.1
30296.7
14688.3
18714.6
7308.34
16150
203057
146691
2150.75
13338.5
53453.3
201094
75437.6
66511.9
223379
11255.8
12626.1
24586.1
55667.9
357123
226283
55411.7
89065.6
37655
128143
147710
81445.6
56313.4
80819.5
25710.8
71317.9
15006.6
76645.1
13844.4
30968.7
53005.9
91981.5
12415.8
49533.1
134124
17450.8
16991.6
20619.3
146231
203780
393726
337158
140189
161944
41748.9
40346.6
19821.9
145358
77779.4
215842
70436
110116
239680
209562
366827
7869.94
53710.7
93721
182925
152011
147555
195537
6603.32
39808.8
54414.3
15995.3
117487
36370.3
13952.7
4471.94
82625.3
142687
109818
245844
30344.9
12559
65251.4
40539
298609
132250
57443.1
6271.95
48446.9
128995
38784.7
75630.9
163821
48617.7
231515
54200
74212.5
23774.5
138710
92032.5
450064
135542
379799
20766.9
15075.5
265176
29466.5
536391
105415
133354
24134.1
63392.8
133148
10792.7
20719.1
27702.6
64688.9
24599.2
301692
27436.1
46363.6
2030.81
3437.69
82103.2
138240
111645
43581.5
89065.3
14851.5
39239.5
112633
79088.3
250923
50285.1
285433
34629.3
14172.4
383692
226582
77414.4
25502.8
88554.8
83913.2
226819
42169.4
1121.14
129770
23244.9
144798
51924
6798.32
157685
50661.8
637008
2489.48
110356
209640
94466.2
31575
95689
14622.2
93567.4
134629
10111.4
7132.77
119843
154374
52397.3
90059.6
122180
182429
82740
7555.24
455537
117715
99778.8
221252
303811
231201
96748.8
154160
102726
43688.5
62678
69287.6
32715.8
11872.2
351287
385238
7349.22
83550.5
9495.89
31956.1
298189
45665.7
56247.3
30124.3
149907
54279.2
61483.6
12957.5
211384
2201.08
24704.6
91645.9
79243.7
16193.3
169105
11890
173369
15223.8
237560
82215.3
55703.1
80905.8
25627
188593
88272.9
30965.7
17387.8
193152
126389
16801.1
115020
43824.1
80111.3
53744.8
392638
43963.1
147320
18583.8
174717
46326.2