164.805
330.526
9.89739
119.499
46.2733
90.5936
17.5938
146.906
75.1196
146.347
17.0951
60.6912
109.151
77.3036
88.6251
115.764
129.779
71.3583
115.279
23.2763
222.348
313.877
94.1659
99.0895
21.5166
128.677
106.536
143.701
63.2309
136.779
42.4009
131.607
66.7899
23.965
43.4382
70.2779
54.5492
19.8104
106.902
39.821
170.941
27.5382
179.268
469.424
181.791
67.0547
40.1344
50.2603
72.945
51.7427
117.682
57.6356
34.4934
208.651
7.00068
48.9336
32.9517
42.2128
25.5759
108.607
219.104
172.779
54.3628
93.7789
74.3949
45.1144
140.397
321.751
139.85
117.377
198.801
54.4624
35.8225
52.5203
179.944
189.146
59.6388
39.8714
152.498
105.271
316.907
70.2426
217.867
131.04
40.2822
25.2507
281.426
80.5145
67.4286
68.0595
44.7566
35.236
39.9459
72.1512
113.224
31.5573
83.274
30.031
29.9922
198.939
46.773
91.3284
122.18
10.0601
284.021
112.115
81.1663
22.9992
45.7133
15.3845
111.552
207.097
31.4857
124.206
67.9009
96.7057
12.3812
16.5652
61.4559
49.6134
11.122
89.5219
133.913
37.8686
38.3082
10.5358
73.2435
120.203
292.334
151.614
18.9148
720.263
94.9544
330.177
188.135
96.637
42.1809
298.544
24.9029
59.9752
58.7529
33.1894
16.2548
212.461
113.79
35.6203
28.5424
36.7298
166.064
169.636
149.053
96.2649
154.959
76.7399
32.4834
41.4167
37.2498
196.32
81.1808
17.5142
18.1893
124.217
115.229
431.705
60.2543
92.6622
141.635
87.9311
94.1068
71.4917
13.6744
106.378
147.128
25.6862
268.023
183.78
165.559
14.3557
139.086
14.4948
42.049
7.13805
101.36
19.2836
31.0244
191.2
136.795
50.1097
110.146
25.9259
320.082
198.051
273.005
24.2016
150.584
79.9765
79.3695
21.7253
85.1627
51.2595
70.5462
34.691
153.746
321.171
287.419
35.5782
40.4268
141.627
66.0827
98.302
81.8982
20.3804
33.5832
256.919
243.467
86.1052
34.2845
24.4599
50.2656
23.9929
107.854
274.92
78.7663
43.8998
43.3073
59.0373
24.0887
269.672
166.37
45.1882
29.2035
17.41
113.879
112.026
79.1564
166.063
545.125
103.828
73.2663
82.5955
144.119
96.8227
115.184
68.5545
162.155
131.043
15.1815
118.011
39.8435
31.1884
36.8377
63.8044
331.682
24.4732
69.1739
19.375
51.2131
33.5102
65.7087
68.5541
677.309
275.564
118.307
179.755
18.1495
97.2274
142.672
32.442
59.0292
26.0499
139.101
16.349
289.627
109.732
52.2215
15.458
251.316
176.824
278.111
286.148
195.484
54.3823
260.519
33.6344
144.605
178.285
66.4126
70.5227
41.7653
62.5088
43.2137
143.699
23.8641
32.1534
220.474
23.8545
5.43528
122.414
173.021
69.3181
17.2851
37.9396
123.168
60.5086
104.039
51.3538
27.6326
101.588
207.961
34.8492
49.8249
146.689
204.033
13.2332
64.4997
85.5144
21.2878
32.0057
28.5164
129.313
61.686
178.057
52.3748
15.3166
85.2373
68.0106
142.338
27.7121
36.2163
18.3112
249.026
9.1637
32.0026
75.3456
16.2467
37.9898
159.716
26.1343
56.1548
102.828
99.9261
47.1431
162.223
234.432
24.9915
18.2905
242.723
83.7105
142.586
48.0237
133.089
88.1615
186.916
109.012
16.7967
16.7209
75.8937
75.5687
15.6822
120.008
184.099
35.4803
62.2416
49.3876
40.9137
109.093
15.5932
69.5278
57.2115
32.3781
60.8122
242.082
182.877
70.2848
141.785
16.5468
14.373
29.2776
49.2151
70.5951
239.318
9.11944
120.549
140.133
27.3206
374.635
193.066
60.0184
29.6023
83.7381
78.6461
135.046
58.2662
236.014
340.323
290.94
52.4236
219.808
330.831
68.0717
36.2955
14.1771
60.5336
25.3661
50.614
69.9531
119.146
15.9634
115.696
299.146
75.9057
53.4167
158.965
97.3062
62.0069
10.4857
512.61
27.8405
125.81
107.338
139.301
32.1728
53.9477
34.6655
426.076
65.5323
101.576
101.926
148.243
92.0957
94.2289
177.782
282.261
51.649
74.5746
108.153
8.87858
90.4355
91.0055
29.5813
175.604
216.486
130.99
23.7012
63.3897
150.115
42.4146
332.58
194.38
63.2874
415.945
304.722
34.9727
70.7584
78.9095
39.0441
60.7156
190.636
195.886
218.365
24.8798
111.872
160.897
10.3866
62.1853
153.05
24.986
23.6739
51.2147
64.6424
121.196
78.5085
66.2711
125.042
47.0117
104.141
167.799
30.9097
45.295
23.8237
23.7671
171.021
33.1555
38.0229
54.2392
104.228
20.2497
44.003
60.1261
108.56
77.6456
39.5163
29.8411
44.4286
21.1312
15.8471
23.6422
25.2076
59.5008
14.3531
108.738
10.3204
98.1726
81.1168
84.5949
63.1935
79.1277
58.1563
54.0586
75.7437
138.394
44.2384
210.924
431.963
85.8874
8.92372
65.5237
110.054
77.5595
96.5532
55.0168
89.8927
54.3402
88.4252
102.243
97.7933
49.5341
59.2225
398.032
65.1645
79.425
19.0578
36.2338
34.6044
151.484
298.123
68.3173
40.1463
77.58
116.897
29.692
96.8052
314.192
23.9451
62.1906
24.628
168.206
72.7903
70.9212
198.859
97.0424
91.6388
56.6722
94.229
371.269
17.6389
67.3616
33.069
27.4568
43.1086
126.367
88.5553
611.375
12.596
18.6371
135.58
80.528
21.405
47.5515
87.9581
15.0764
77.7899
63.0742
142.81
58.3895
23.9388
287.291
11.0561
75.6181
118.389
121.461
21.1603
84.737
221.621
31.3836
366.749
51.2773
132.846
34.5679
48.9305
68.7413
32.5114
168.623
134.913
26.5478
114.513
252.118
129.916
12.501
7.12144
218.444
32.6921
217.174
161.078
161.067
185.137
35.157
55.6498
42.5214
49.9335
149.795
102.19
163.269
34.3509
29.6884
24.5406
145.248
106.486
186.034
71.5367
112.446
68.0518
172.486
130.586
41.2639
72.3293
39.9984
76.3521
86.3929
162.358
23.4238
14.3611
29.037
12.4403
25.3234
31.4942
29.1267
53.198
68.2624
202.661
65.0372
28.0954
291.952
132.19
136.426
114.58
286.391
58.2555
123.659
290.015
26.9185
97.5132
100.315
59.9226
454.498
88.4445
48.7851
46.9416
201.679
10.2664
367.919
145.369
198.345
97.9215
71.8162
36.0519
86.3671
26.0059
36.7354
67.571
112.013
248.031
72.8135
18.3816
76.1281
130.507
65.1194
47.833
124.696
66.6905
71.9249
75.5557
453.176
166.412
73.4988
68.8646
112.323
25.1467
164.14
23.8774
152.767
69.5199
29.6482
258.64
31.7131
10.6375
11.0946
110.082
137.647
79.8355
146.964
39.7745
66.741
143.092
119.24
60.5444
6.54493
102.599
115.875
120.381
86.6232
91.5256
333.742
46.1031
50.9908
30.9196
35.1366
68.552
176.356
85.8946
145.3
201.055
100.862
33.2684
110.092
101.153
174.119
254.943
248.39
194.62
217.295
33.9526
58.2619
169.057
67.0417
98.0526
33.339
59.5783
155.648
315.745
27.9638
32.814
100.432
14.4385
120.299
409.289
157.359
64.7339
328.66
447.097
291.384
28.1029
95.0894
28.5602
146.762
300.249
71.0034
46.1706
47.7488
178.97
54.3616
85.6729
38.7471
30.8794
45.0852
71.2008
116.44
82.0683
80.2934
101.529
27.1751
88.6389
41.3216
13.4451
120.649
38.1576
199.14
173.168
96.9766
37.3447
37.9263
61.4197
46.8932
19.4414
60.9691
75.1349
206.731
54.9307
42.2179
40.8811
75.4574
26.2727
187.12
80.1991
203.559
75.0293
21.8992
475.947
20.5561
153.619
189.43
51.7678
47.6141
48.9899
53.8608
30.7681
18.8708
179.677
63.7316
180.739
14.5262
138.524
249.551
61.5642
276.903
26.7821
76.9888
175.232
80.9321
14.9585
130.609
11.2903
28.0294
183.745
114.281
105.191
307.053
139.573
74.9222
9.47571
113.141
11.834
39.3015
64.7017
133.688
82.5236
35.6259
36.9613
125.28
87.6138
80.3455
102.191
49.4157
59.6804
56.9461
37.7308
16.795
79.3514
23.588
26.9539
106.018
32.0039
124.942
138.397
166.841
66.4871
127.349
159.292
408.429
178.767
49.7841
37.3701
12.8198
75.3962
15.2668
62.4013
43.9985
141.923
51.6981
34.4815
30.2586
95.0283
32.228
129.883
39.1988
98.1976
137.544
90.4233
19.1749
197.369
41.6561
111.24
214.543
11.7097
133.798
168.023
120.628
16.3381
64.8827
132.582
20.1961
101.915
165.811
28.8371
166.277
28.4386
115.503
32.8744
177.182
66.2133
27.9555
110.516
54.4856
91.9182
75.1517
43.0253
88.493
43.3535
46.6786
44.1847
137.301
33.4608
36.1968
26.5275
231.793
229.695
35.3311
145.549
46.1852
71.1505
21.7132
117.309
119.873
54.1465
21.456
38.3093
524.352
28.0022
129.355
94.7969
163.901
21.6897
143.238
36.375
157.124
52.4139
101.659
38.8237
81.8896
104.981
14.0754
148.356
125.619
633.849
63.5128
79.8616
30.9123
29.418
41.687
38.5885
114.077
25.5152
123.206
59.2761
37.4537
86.2235
110.082
131.393
11.9163
169.769
99.8764
20.6513
286.962
211.134
112.976
34.8789
14.4965
172.907
59.0386
94.0264
59.6113
16.3541
167.001
63.7196
9.10348
203.958
99.2578
64.3824
217.753
87.3047
97.4847
25.7645
25.698
16.0065
52.9064
122.894
50.3491
16.8792
96.6893
83.6505
9.68547
90.2642
24.52
257.891
91.8168
130.221
39.9897
38.5839
590.498
186.322
15.346
61.1515
20.9459
188.595
251.302
66.2193
10.7885
23.3133
31.7929
13.0834
22.9125
26.2354
260.698
24.613
199.376
259.106
89.4126
14.7966
27.1704
36.6846
579.703
35.1528
72.9263
57.8607
47.5907
119.488
63.9561
94.496
132.254
44.193
22.6403
160.108
213.557
235.494
47.4223
92.5248
43.1018
58.3576
101.725
163.234
41.2812
311.347
53.69
12.6456
66.3277
37.9637
43.6616
70.4616
158.582
100.332
122.357
138.882
40.2738
251.25
118.596
57.1133
88.8454
112.359
420.835
143.188
192.312
48.8251
114.867
13.4948
248.026
149.373
36.5276
46.2521
101.178
73.4759
159.475
74.3211
108.576
228.751
32.4987
180.281
86.0343
153.517
4.6111
27.4035
50.3713
328.669
101.182
190.636
330.72
39.3747
88.3104
147.473
18.3079
135.368
19.245
104.739
81.1696
10.3617
109.483
68.1612
11.7125
36.2496
107.247
86.7062
155.903
63.2672
198.577
84.972
253.75
67.4684
56.9813
85.7567
74.16
56.702
130.787
10.7293
17.2493
151.487
19.0381
51.2987
206.772
41.0297
60.5172
174.67
19.3597
16.2948
324.291
181.065
272.991
157.287
217.858
118.056
111.573
60.4471
124.99
543.865
61.5863
329.465
77.4796
242.106
61.3853
39.3719
48.3929
362.598
94.7279
36.4259
691.296
41.3401
339.478
85.9737
395.358
114.263
436.975
63.7169
17.5143
66.4449
385.093
34.3169
105.096
11.1072
27.937
23.6941
110.43
30.6493
137.518
104.933
66.0832
101.59
34.6415
29.1944
111.699
11.1846
202.057
39.131
247.279
15.6208
10.0917
121.917
192.1
61.2931
121.669
34.2465
153.108
278.557
21.9514
121.665
126.727
334.459
58.3331
98.3898
80.0959
24.7409
89.6181
155.594
93.5493
57.5642
49.5022
52.3358
67.7564
21.968
86.3362
87.923
62.3777
24.3717
101.857
242.037
131.724
240.922
57.6688
114.452
21.1415
154.904
29.9802
21.7506
166.906
21.8956
236.488
94.6063
147.224
166.107
47.2327
279.655
19.5499
25.628
37.1016
149.145
143.405
108.752
96.2964
38.8764
56.8625
49.3416
31.752
69.0503
85.0802
160.008
24.3985
111.868
64.476
162.053
56.5039
27.2156
66.5098
125.196
9.40053
31.9862
280.43
43.2265
49.9071
18.584
20.9503
94.1213
36.0551
116.106
19.5587
65.1601
110.782
38.0636
41.7178
64.0939
477.846
9.6697
45.1685
451.169
88.6835
40.9096
103.249
96.7686
65.4484
84.4576
269.785
9.75164
11.2172
12.2651
189.441
95.1947
110.547
119.483
248.006
87.4953
52.1161
51.7026
29.3376
41.6202
56.1572
31.4838
117.546
123.229
201.112
55.977
46.7888
155.031
104.085
76.8478
106.741
28.5082
45.5158
18.8768
21.676
111.523
28.4431
27.3094
436.211
183.766
23.3538
65.4395
34.9432
84.9626
91.6894
154.175
43.1749
58.7241
195.16
28.3887
93.6926
142.72
72.3972
41.918
279.118
20.4081
150.738
110.363
13.9827
82.0621
48.243
21.4901
26.849
52.6201
41.4453
116.232
52.4532
77.112
50.0171
18.0188
10.6213
25.4089
52.0493
279.924
117.109
128.711
121.2
227.96
58.7382
230.691
154.34
48.9239
14.8914
64.0216
73.246
389.543
15.0746
85.89
134.607
118.254
157.759
23.286
114.758
277.834
48.8004
17.5928
61.9892
18.6109
44.7739
60.935
110.751
301.876
97.7955
150.638
9.68
23.5564
116.407
113.596
23.5302
26.6278
29.4562
55.3925
25.9625
104.993
37.924
37.0248
98.477
145.738
82.3961
94.5489
106.023
159.376
193.237
313.84
130.439
85.7425
63.0907
223.399
275.623
408.044
82.3702
142.372
158.279
50.5719
10.9823
194.822
12.3051
191.636
165.42
90.4358
271.73
25.7849
35.3993
33.8471
74.6404
180.293
66.3479
100.058
145.072
72.3636
50.3775
286.695
65.6644
52.252
87.1584
135.292
90.0229
159.45
104.853
25.8402
307.133
16.234
19.2941
63.9622
25.3464
44.7647
84.0254
32.9835
116.305
159.635
35.7445
21.447
29.8341
59.2785
103.31
212.442
6.34986
152.115
69.2674
89.5752
226.713
149.133
30.7196
24.2254
83.3289
257.392
132.372
137.723
150.498
106.589
39.0512
57.8941
145.318
359.128
137.846
99.6277
5.26257
55.9032
23.6998
278.596
28.0089
133.667
102.483
27.5998
129.411
80.2121
24.3978
71.278
186.705
52.5118
92.0997
26.0422
174.188
48.5078
12.1664
116.983
29.1844
121.653
83.8953
15.5465
46.8914
119.979
34.9514
143.361
23.9034
19.3877
93.2317
86.2421
82.4106
105.67
115.042
9.91684
36.4652
97.0265
65.6604
105.352
214.162
91.6752
70.4433
166.334
98.1547
126.322
39.3099
94.3991
48.2833
208.289
55.4627
48.4496
561.559
57.5109
209.557
97.2497
99.4422
224.213
48.0997
49.0246
167.743
67.424
36.0313
46.0128
24.5417
102.334
51.4323
18.1358
55.5006
33.4131
99.9499
87.9849
44.1138
93.7659
194.994
29.2002
61.0314
167.156
159.304
191.9
52.2028
218.107
71.0926
90.193
30.1111
48.3477
76.3435
380.444
14.4726
55.9474
8.54971
47.0956
287.637
33.8782
61.2323
207.78
34.9885
33.0413
17.4276
64.8919
52.8868
160.276
63.9723
17.9151
117.091
220.324
525.509
59.6008
123.491
18.5464
52.1185
86.2625
35.4301
196.904
158.902
58.6542
43.6499
287.163
203.85
107.78
41.1667
114.083
137.703
68.9771
49.9889
224.684
316.4
38.6836
36.4961
83.0914
54.8418
63.4143
19.5305
73.8721
135.419
82.3961
169.129
72.3893
11.4976
16.3596
49.3235
46.2899
120.751
310.718
54.2546
92.5981
264.497
169.922
267.249
36.9663
260.578
317.637
61.2413
102.868
61.73
95.4536
38.1795
55.0699
44.2696
43.3405
21.3488
29.9662
51.1451
52.2181
53.2065
103.852
137.172
11.9721
430.879
136.834
211.32
23.8655
244.595
22.1102
45.5106
30.9426
23.0048
45.325
57.1465
71.9169
124.528
192.152
12.2764
49.6814
24.0028
48.7161
360.902
38.8105
79.0322
159.031
38.5755
26.2718
40.2484
56.5425
227.374
109.841
13.5658
150.183
11.3695
51.924
353.575
11.5655
19.5473
13.4493
66.0571
118.464
190.239
321.834
88.361
50.0811
32.9886
108.832
9.72332
55.4023
27.6929
120.346
45.8156
191.398
165.582
51.1069
174.523
15.2008
84.9487
16.753
196.096
82.3233
22.7099
35.1268
307.821
21.5714
139.356
203.678
148.308
25.0613
150.489
69.461
224.714
49.5513
100.297
7.37527
133.763
94.6655
64.2038
10.184
75.6277
52.7238
118.247
16.011
42.5131
6.12038
80.8124
15.8721
7.69218
71.8484
123.13
134.26
53.849
134.637
57.3422
63.0631
11.8457
78.805
148.506
12.8618
86.2171
221.528
144.544
34.3953
18.2936
86.4137
151.56
48.6999
40.2101
67.2371
216.291
34.6072
194.067
73.1465
91.0313
46.4907
83.0455
81.8302
78.4444
284.436
157.538
57.1562
137.283
74.225
29.9557
85.1511
171.41
22.0681
236.202
254.952
40.9248
85.4938
144.772
187.11
192.881
182.978
43.8181
69.8585
115.999
141.431
55.8566
52.3846
15.2947
70.1543
413.973
104.303
18.2586
28.6358
285.815
40.0065
18.06
31.2869
40.5536
33.3833
42.847
60.6164
46.3494
321.266
22.8965
198.644
23.5832
217.544
30.0252
53.2031
268.976
102.975
99.5269
135.592
138.556
22.8235
11.5775
53.5708
512.708
49.5777
78.3344
23.2434
208.506
147.174
246.605
115.897
116.645
25.8388
34.8933
59.3817
48.3316
73.2142
34.0421
119.462
8.29085
106.117
122.509
39.157
136.302
15.9291
72.9655
226.077
78.7211
157.893
14.8456
140.001
16.9119
199.188
28.3113
63.5424
249.247
23.6357
105.303
326.584
197.209
73.5271
65.0047
92.2842
40.656
16.2293
32.176
28.4372
136.766
122.485
143.843
38.5444
285.266
106
69.2716
184.586
86.8594
77.5931
101.709
99.2223
46.697
26.0015
27.8811
350.473
60.3881
67.7986
33.417
166.642
190.568
74.1272
264.965
30.3223
27.1937
179.55
99.9709
57.9133
21.8201
33.5644
44.6324
229.132
82.4945
20.7806
66.8664
27.5053
11.2661
41.3698
102.152
56.4447
74.3759
125.245
61.5364
118.392
156.159
65.2422
16.1617
27.3695
61.7465
35.8429
59.4828
17.3565
81.8951
55.2995
228.166
37.4745
229.407
101.472
11.5382
70.8016
68.1941
231.068
67.964
108.395
62.7944
68.935
163.851
116.854
35.7725
119.305
53.1316
48.7622
50.5728
43.7525
139.846
17.2864
189.461
41.3769
365.787
25.6997
162.977
22.5309
167.918
69.5047
40.0097
18.7827
133.356
24.2502
53.0848
50.294
51.611
15.9009
22.9237
40.5958
30.6057
46.7086
28.6784
208.732
170.395
44.1234
18.8589
58.8687
162.576
160.971
379.636
126.201
28.0773
442.658
155.183
15.6471
38.3325
171.277
48.6702
30.0623
232.881
63.2001
50.2403
23.1531
8.84998
57.1843
293.444
134.445
356.695
142.515
218.029
344.428
236.565
136.001
54.8869
37.9988
31.497
25.3421
32.1663
107.93
158.315
80.7192
19.3737
102.452
193.202
178.158
60.5661
152.99
45.2998
401.97
79.3411
48.0895
323.787
323.06
94.3352
86.2579
7.13727
215.882
52.6939
35.5381
21.0077
19.9756
180.642
49.0723
32.5284
35.3506
37.503
97.8562
251.006
92.5037
52.4237
11.2544
116.177
105.782
78.2025
220.839
88.7773
70.596
23.0535
41.912
19.4008
22.5029
173.752
76.0024
28.1281
78.4158
125.083
109.273
16.5227
46.4777
47.961
200.477
114.9
132.851
142.83
9.56314
159.747
49.8131
179.536
113.099
37.3278
78.6298
34.6102
19.8067
42.2432
9.19744
52.5025
56.161
46.6697
40.2249
106.385
217.564
109.39
64.4668
74.7177
39.5626
111.004
20.0358
217.56
149.047
314.651
88.859
72.8924
73.492
91.3117
74.0441
49.0623
98.8584
71.8187
92.9695
53.2523
145.636
57.2651
17.1914
63.2908
109.329
49.6228
80.0151
58.3242
89.3888
259.83
26.0282
69.4944
32.0272
71.9148
92.8542
79.1253
30.8154
47.6263
69.0364
151.582
317.019
71.6241
66.2078
92.005
141.749
43.7378
7.11752
198.253
109.096
16.3808
215.506
149.689
18.1503
213.742
153.798
124.682
42.9273
33.329
57.6945
57.1078
37.1365
94.4077
34.5913
35.4047
46.7591
35.105
216.369
248.996
637.204
30.3588
94.8095
42.8911
32.6699
28.1913
6.03155
161.505
126.845
33.7295
23.9627
27.6307
57.4981
44.8521
215.708
52.2664
118.923
55.858
28.4442
26.7397
95.1749
49.004
68.9367
91.5714
89.9105
11.8202
197.229
112.725
116.585
115.031
227.814
20.828
177.524
124.424
306.154
22.9093
18.0517
29.5998
35.7577
128.876
49.69
29.0501
26.4123
52.5092
65.9555
23.9196
40.2778
153.974
223.945
95.9111
96.7603
31.489
51.9026
87.1166
305.376
24.2877
89.8457
21.0036
89.3136
77.3538
46.6537
211.876
70.0252
29.194
45.488
93.357
211.069
85.1164
74.0364
17.2595
149.888
186.894
22.6945
61.1955
160.06
86.5599
251.736
179.933
417.774
238.958
18.9802
148.693
164.039
12.658
122.886
64.8295
51.091
9.87731
17.8261
98.2647
76.3019
63.4321
93.8963
333.445
26.0805
75.3295
42.0876
164.395
135.534
184.291
10.1865
243.251
8.78581
420.472
91.069
33.7317
24.7062
46.8286
14.2483
421.331
130.435
158.495
18.3194
29.2944
65.2528
57.1408
79.3538
19.6643
97.3956
9.82465
85.7386
24.1295
34.1634
197.939
97.1263
156.959
102.453
104.313
274.341
22.251
20.7255
144.679
170.094
220.804
207.564
199.966
9.16452
116.098
169.591
100.919
158.942
105.681
199.25
161.895
180.528
8.00833
40.1085
138.251
133.923
99.0306
51.541
139.191
111.984
308.672
18.8651
130.892
41.665
12.2532
34.1125
133.038
57.4
25.2685
108.228
19.993
277.61
127.003
21.1234
116.816
47.7484
233.129
12.1463
8.42465
102.645
189.057
78.1223
61.4153
169.213
71.748
80.8581
130.288
89.0942
18.8144
34.1817
10.477
204.077
143.388
225.806
163.018
261.157
87.1926
30.3438
128.477
141.031
114.877
141.574
72.0678
159.151
48.6105
211.102
22.7633
122.888
32.4075
53.5968
59.4198
8.47622
52.2929
54.6181
54.3322
31.718
48.3274
120.04
142.311
113.583
55.3419
144.919
146.367
67.2768
39.7805
32.8115
50.1965
346.32
236.504
35.4197
65.5254
82.2646
47.1424
82.9159
128.885
81.5435
21.0469
45.967
290.906
13.5714
50.0593
29.0591
92.6206
93.7585
91.7475
40.2411
286.124
28.5228
25.9376
24.6002
125.389
189.9
80.6326
104.605
183.93
139.64
93.2919
126.999
54.2071
36.9341
244.986
35.5108
14.3358
20.8249
47.0648
64.2426
47.5208
50.6527
50.8835
94.815
99.5352
82.5135
28.6015
33.1311
99.0915
214.324
16.3896
86.7414
26.3499
34.5834
90.7166
455.55
144.881
347.353
150.004
100.829
157.287
44.8855
150.485
55.532
79.0857
121.478
147.282
214.372
91.7152
54.688
29.3243
97.5494
139.914
112.871
221.304
200.909
25.7656
221.937
79.6472
143.735
56.1052
86.9837
132.569
85.4212
194.786
98.4293
130.749
133.33
96.8841
93.643
23.1392
154.818
86.5085
56.5399
24.66
39.0423
30.8597
134.229
53.9616
63.6448
45.3971
110.868
106.607
255.052
34.4932
53.2497
42.2078
20.9527
52.8619
58.3047
63.8061
40.2346
83.4385
215.117
141.3
109.934
36.7704
117.238
72.7898
217.597
58.4117
51.8725
147.197
60.4003
68.2718
37.7206
108.55
76.4378
37.3302
43.2911
95.9753
39.5301
170.9
11.5043
125.684
17.8791
103.01
139.491
23.3276
55.9635
117.783
194.188
64.1529
126.417
197.855
150.118
41.3931
123.429
57.771
74.992
65.7199
162.06
14.7208
194.196
41.6217
50.5051
182.572
17.5338
40.6438
13.1726
12.8282
42.8475
65.9922
82.6397
30.6418
31.059
17.4871
448.563
34.1368
299.083
134.913
96.7761
57.1669
73.0979
23.8227
58.8677
32.2126
129.548
38.699
25.7387
93.2042
16.9769
235.826
104.289
24.8297
125.183
29.0137
124.122
183.714
120.454
41.872
62.6839
54.0607
154.562
174.068
53.0542
37.5144
90.2992
265.727
101.847
64.5274
33.582
26.4315
346.51
86.3024
77.76
41.3893
51.0059
9.61576
35.939
90.9498
166.586
5.41806
51.8143
42.3788
132.164
66.6348
97.3049
96.8661
89.1485
47.4508
249.391
58.3186
188.803
60.8728
10.1871
26.5086
4.39352
151.981
133.446
143.029
143.011
54.9413
74.7584
21.557
69.1844
50.4171
107.159
64.4882
30.2116
377.202
37.6518
57.3536
67.0485
504.372
59.6627
78.5309
334.691
44.4827
154.269
123.697
130.964
147.145
59.7618
114.377
40.0778
435.239
141.29
21.7531
130.507
50.6148
57.2846
54.89
21.3337
31.0661
61.7801
120.884
95.8944
85.7946
110.63
70.1382
10.6708
160.541
53.7047
23.7709
83.0804
86.7393
261.618
197.537
289.124
81.7771
31.5618
112.158
37.9683
32.6124
119.578
129.274
89.5036
7.60869
156.598
7.38441
116.427
82.5167
124.979
30.9112
136.605
104.107
50.5114
464.185
14.215
100.752
58.9891
326.262
20.3718
131.381
47.0809
47.1912
58.1707
40.9949
16.7826
15.6079
144.73
30.3268
25.7147
67.56
103.11
69.2785
224.461
73.3107
60.8754
60.6022
70.7777
69.0748
16.1666
46.752
42.0192
14.0904
45.8287
88.1021
30.3099
37.0395
135.134
82.2143
45.6629
55.0614
142.101
45.6825
42.4788
112.962
139.738
26.6238
26.0714
65.7584
38.287
108.391
79.3706
33.8729
128.98
53.7252
175.131
72.2518
31.1558
70.1224
36.8436
75.7522
122.963
98.5334
136.639
118.016
123.143
227.513
104.481
25.1455
92.6201
118.97
129.647
86.9603
21.1321
196.829
134.196
73.8601
72.0999
39.3554
44.504
183.206
199.28
57.8621
145.58
48.098
24.9457
170.455
133.382
38.8337
90.5673
167.152
29.4221
38.8831
97.7516
36.2432
81.2138
34.1269
104.802
329.162
12.5639
6.66734
119.01
48.8863
50.1018
229.118
78.2032
80.8336
242.777
34.33
251.609
333.55
21.4655
14.4962
30.7348
316.17
494.753
38.3313
23.7696
64.7763
24.4194
145.679
107.4
27.3804
24.3403
39.0939
10.9791
44.2459
88.2622
381.94
54.2452
183.194
82.6291
15.93
35.1431
30.317
77.3477
59.838
72.2874
53.3521
86.8911
74.3316
31.017
19.092
245.583
11.6595
13.3967
34.5096
47.2372
19.9774
140.956
17.0992
232.302
15.7317
96.6856
30.5809
53.2948
44.1653
30.0446
125.326
62.5788
171.354
30.8672
44.35
105.745
137.924
50.5022
33.517
170.74
249.303
123.638
48.5318
32.3205
177.954
169.373
45.0747
104.042
369.253
175.273
24.214
13.5196
30.0149
83.3605
92.6309
5.6667
254.796
237.554
28.1267
164.205
28.4787
24.9549
163.045
34.6357
130.419
100.275
88.2495
73.3384
213.094
50.3566
67.9367
53.9409
7.9081
102.315
30.1254
70.4979
37.8148
132.528
19.6842
120.334
82.0858
41.5796
51.1483
360.125
278.803
132.565
46.0388
150.895
37.2631
11.8989
197.964
76.3221
97.036
215.118
315.633
153.108
15.5998
31.5531
46.618
150.586
38.041
25.7565
10.6546
15.6661
32.6897
36.1072
45.8423
34.3039
153.697
41.2359
37.0803
138.083
70.5953
106.307
22.9786
581.445
56.1329
98.1604
243.913
22.3822
123.08
161.092
146.451
103.566
61.7459
98.548
32.8561
83.2774
45.2175
88.5163
177.938
178.994
204.448
21.947
307.176
38.0693
94.5593
87.6065
209.53
53.093
301.434
170.744
132.96
10.5951
26.5887
57.8777
23.2789
17.9163
75.1489
73.4843
11.2455
64.9415
74.0188
298.287
152.526
94.1214
12.5534
16.3536
98.3609
80.7276
178.359
90.9344
196.041
20.4749
218.158
123.004
30.2141
129.833
159.687
17.5447
120.076
93.6428
69.8777
127.759
234.793
23.0353
98.4758
16.0367
13.6311
77.2551
31.1515
34.7311
115.162
149.651
149.502
317.602
66.6523
160.21
19.9654
45.2967
177.307
33.3852
87.3065
39.4242
78.2541
64.7627
17.0598
70.0416
475.215
66.818
28.0905
124.667
28.7046
35.4001
18.0768
46.0469
103.509
14.4103
107.296
18.6391
28.2184
41.5689
125.318
62.2295
17.3671
37.0917
39.7138
101.449
108.954
21.6929
152.825
59.5084
242.355
95.6562
37.2813
91.5879
264.901
18.0987
25.1455
92.6519
88.1216
18.1472
15.7163
19.0687
209.704
71.3328
25.0086
218.519
73.8837
59.4863
41.0554
78.2908
20.999
53.1363
124.517
199.783
320.178
264.073
29.5829
44.0158
168.626
49.1303
42.0358
51.4567
57.69
241.507
28.7304
37.176
95.6636
127.627
319.99
154.22
34.6286
123.817
50.3808
49.2524
44.9842
125.026
124.438
24.4871
25.177
228.784
123.063
183.458
16.2993
95.8348
75.7467
200.902
81.1229
269.653
108.089
34.0827
132.736
18.3476
175.352
6.15416
214.909
209.958
61.932
110.432
56.3306
470.998
17.001
55.7764
23.377
73.3403
60.8456
75.8954
67.7219
51.0578
57.893
226.063
340.866
94.1981
153.463
74.3252
47.3212
66.8517
12.8458
22.6397
104.089
184.52
236.128
73.8582
76.4106
140.57
80.2862
40.9247
21.5257
10.8619
23.197
297.676
9.76508
111.967
100.74
49.1609
105.403
74.0443
75.9625
85.5815
32.3463
48.0222
130.367
77.2842
63.963
54.2587
24.3972
76.691
27.6792
37.7926
27.7027
134.445
165.092
11.9859
71.4879
129.959
15.1973
64.2681
61.0732
56.9546
244.634
89.6734
23.9039
37.1334
187.184
35.4567
56.1029
88.2572
12.4534
136.377
215.09
24.1799
119.958
58.3314
68.2675
105.855
90.3101
130.617
36.2921
11.9763
171.395
104.388
102.106
277.468
8.4262
62.1862
70.7763
107.38
14.7786
86.1196
60.0567
58.1419
19.7425
159.173
47.5799
37.0626
187.086
208.825
220.62
83.1409
28.1116
74.2115
290.605
8.91397
147.726
80.1848
23.4891
58.6267
155.364
326.696
33.6077
45.631
131.965
81.8479
37.7197
57.1004
43.1086
348.405
35.5442
104.153
64.0606
53.3084
30.9808
36.3293
82.7496
122.436
89.0655
52.5176
97.4288
69.4344
389.804
165.052
153.993
260.71
263.471
30.2568
59.7841
32.5987
110.634
56.8616
70.47
220.665
44.9368
137.591
97.1506
149.516
76.4999
33.8853
19.9158
131.568
40.9957
238.636
84.8929
71.8601
148.958
51.0754
10.2279
177.393
387.58
45.8342
24.6889
21.6939
142.629
104.813
7.55805
23.5013
46.4371
90.5564
50.8641
181.22
189.995
44.143
239.315
22.0479
144.674
157.591
17.6717
195.216
19.1896
301.325
58.1985
30.5317
118.39
89.9724
103.412
59.8274
26.3185
55.8289
7.68723
12.8919
135.002
40.3855
53.905
174.257
47.4149
44.4312
326.618
63.8786
180.163
57.7256
177.849
43.0387
39.7595
41.1751
77.7182
60.57
339.461
18.9237
233.397
56.5111
126.714
35.6775
183.609
227.765
99.4312
186.125
168.957
407.315
53.0818
48.7568
250.082
170.489
185.956
62.1955
113.102
20.7096
54.4511
25.5186
102.581
298.838
33.4556
11.8022
83.1994
86.7074
14.2533
30.0947
94.5804
27.7356
133.642
38.9438
50.1912
152.471
9.61063
15.4046
16.1903
28.79
22.4368
199.532
64.6229
28.3218
74.0067
214.875
103.196
90.7938
12.0519
26.5872
81.5812
68.6164
33.0251
83.3824
147.626
63.6726
52.0282
368.34
123.134
73.0368
14.1814
27.7393
38.5267
128.582
260.087
58.0187
37.8017
98.1292
14.7153
22.6022
344.294
36.6938
80.4882
37.7994
157.859
91.0149
45.3626
21.6819
108.584
166.829
199.983
59.9246
202.228
181.915
23.7254
22.8418
18.732
29.0501
11.208
29.5121
197.321
27.6708
213.818
76.2508
30.3681
220.479
104.903
117.472
21.464
110.094
96.891
147.938
81.7076
16.8569
55.371
519.829
71.2436
114.212
114.756
64.2652
67.8835
18.7982
274.077
49.9999
81.8698
57.1723
117.852
17.7654
9.77579
84.7069
104.115
17.1187
204.187
201.772
60.7937
220.942
55.8417
182.12
37.2104
69.1236
242.109
21.3193
22.0457
38.8077
21.6721
12.1906
116.953
34.0336
198.601
50.7825
488.364
75.9527
62.9508
528.514
32.5941
23.1515
22.3694
129.031
39.7322
84.2771
73.2376
70.2874
60.8513
83.8144
86.8519
14.5936
48.8316
39.7863
88.2943
142.437
11.0992
68.9763
233.7
226.817
113.526
152.085
210.632
136.808
41.5207
250.036
71.0006
53.8174
98.1161
31.3168
19.1536
141.934
325.706
126.734
79.7236
52.2593
75.9124
52.4643
15.2658
25.122
107.788
49.9675
41.8842
123.205
16.0956
27.7642
27.599
59.9324
96.0026
163.211
14.0988
52.9049
32.7065
54.0497
21.7803
23.8836
6.74746
25.3332
138.021
42.7087
137.982
176.301
48.618
69.5252
141.736
101.042
24.1105
125.644
29.4053
34.3467
45.2831
25.8984
33.9514
215.724
17.5228
48.2627
36.4992
188.453
93.4028
5.87508
47.0503
34.0415
13.1187
64.3988
95.5592
75.517
10.8309
232.602
202.167
179.85
108.468
143.896
71.1956
209.626
77.2284
43.6371
23.3045
23.3787
196.476
93.1921
14.7901
64.5024
7.36167
25.0137
50.8903
24.7768
289.636
395.772
35.9753
30.1165
73.1716
219.723
49.8579
56.1152
18.9811
80.9223
169.042
58.5577
88.765
72.8047
12.6162
119.431
214.251
41.9279
205.813
17.9441
109.385
124.362
47.8551
179.997
88.104
133.613
31.4728
19.0705
56.9353
270.777
499.793
68.8952
103.673
16.6348
36.226
19.432
94.2005
126.073
18.9871
275.51
147.786
78.806
29.8201
95.387
34.2701
430.867
67.0515
97.4672
62.6601
101.255
46.2698
181.98
291.341
125.762
82.976
50.9823
86.9253
270.96
13.2667
36.8307
15.5465
12.5322
46.7493
20.8277
105.86
55.0668
60.2001
71.298
161.264
38.018
127.166
74.8739
180.892
16.1686
175.914
22.5313
50.8549
40.7028
83.6114
88.4706
134.284
72.8675
129.513
37.5935
117.033
125.67
137.814
97.2787
56.8571
11.6876
80.5278
142.837
128.7
44.4732
142.532
117.367
23.4366
166.614
233.654
8.51958
31.4236
57.752
31.7239
66.0545
45.4111
56.2192
70.2392
19.2272
32.4835
110.295
14.6134
14.4346
34.1713
249.12
439.36
297.652
6.25042
87.7491
59.4558
10.4807
62.9967
184.379
201.1
24.2899
94.3408
25.4555
90.1594
29.7524
45.1607
47.3206
40.2973
96.4529
157.397
88.4835
128.33
181.648
105.341
74.5713
277.018
64.6057
153.819
20.9201
102.468
22.7502
28.9596
56.6235
22.8041
30.0125
100.718
124.591
123.382
119.348
62.6766
106.156
213.658
115.624
113.384
154.066
88.2335
83.423
295.666
110.147
73.1964
187.98
9.79756
156.533
194.837
32.2089
12.7992
58.0554
37.4682
71.1765
195.149
185.314
218.168
46.2663
74.1892
150.282
172.507
52.0982
86.4126
70.9689
232.248
156.59
252.277
368.995
33.682
207.131
183.952
215.753
73.6664
24.0041
143.782
145.992
73.9412
49.8016
70.5353
82.4508
18.525
53.2893
25.3522
58.2896
72.1321
52.1626
19.5909
123.461
17.6424
133.181
42.9153
44.5064
7.86613
98.4141
40.6239
102.623
189.325
111.115
24.2117
12.0161
18.337
47.4244
37.6855
19.1255
28.9516
145.909
242.115
85.4776
277.884
130.966
179.839
32.5829
134.984
82.0026
41.879
34.6315
107.578
157.794
143.672
328.422
180.191
121.889
228.562
68.5047
149.727
46.2846
212.724
13.9106
59.508
398.416
250.465
64.2964
58.1597
121.322
115.393
48.7499
42.6948
90.0698
112.734
13.3681
58.8039
92.124
24.8501
50.6494
104.713
25.2143
168.645
61.024
290.413
45.2924
101.472
26.5247
178.404
135.529
157.87
186.047
63.1226
17.6188
80.1053
328.778
28.4376
179.139
69.1415
79.2038
85.1487
69.0533
153.601
231.864
46.9168
32.2771
51.8641
250.169
191.74
87.7592
33.6886
82.1587
149.618
245.885
161.242
15.3573
77.1235
81.2605
41.8462
61.8192
96.754
19.1781
109.742
67.9595
17.2649
45.4266
63.4991
79.3909
38.3463
95.0648
467.43
26.3728
91.1267
33.1941
19.1708
73.9287
130.126
41.4563
40.0581
47.3871
64.3776
174.582
41.9106
384.777
32.6874
122.776
147.13
82.2625
44.4767
142.49
224.052
73.684
26.2874
21.1091
43.0963
40.5995
63.6313
25.192
17.5399
49.1671
403.233
38.3928
40.8297
8.47044
271.576
72.6305
199.215
22.9412
7.00263
104.313
195.269
26.9025
202.967
19.036
27.9157
26.7836
87.6974
110.515
24.1175
56.5612
21.1058
36.0785
80.6764
228.439
47.341
220.461
359.865
237.97
79.8635
37.6769
44.4804
69.4605
185.154
114.395
75.1499
104.666
186.861
50.6738
61.6787
135.557
183.544
134.368
59.3237
10.8194
28.6398
46.0295
118.488
20.1939
132.31
50.6196
168.134
357.659
51.624
29.5953
26.9913
262.019
225.607
225.164
142.874
30.8595
145.55
87.0796
84.8084
29.2529
135.71
152.879
44.3871
279.329
19.6451
64.6028
32.9623
173.716
16.5247
36.3622
56.8173
24.6274
51.9195
95.6414
22.1093
55.35
103.367
47.854
92.8868
93.4265
46.9275
22.8728
68.278
10.8348
23.3111
104.148
82.558
12.284
66.3018
152.991
9.77433
168.342
159.463
48.9809
205.583
19.5495
68.7219
75.2441
103.469
77.2842
91.7168
89.9998
84.0251
57.0027
39.5674
115.304
52.1257
66.8487
194.887
15.7008
91.7885
68.1993
139.76
194.395
40.5747
72.063
200.505
43.8681
67.7944
119.273
68.8492
126.247
58.5671
170.633
25.6266
163.847
87.4263
228.266
60.6507
39.3228
16.3128
46.0829
45.5489
142.54
276.887
61.3304
86.1724
87.2025
23.1447
61.4596
187.09
23.553
97.8351
53.5739
49.8454
55.7301
252.242
72.9932
20.7421
10.7477
11.1836
18.2017
233.554
138.376
76.2527
21.8411
40.0855
34.115
9.43035
77.2118
115.759
48.5805
193.448
153.725
203.372
18.1662
189.991
23.2929
134.797
69.3865
375.022
161.305
25.9993
13.2857
46.4834
345.589
42.9279
76.7992
110.456
77.002
170.579
85.6506
45.8948
131.006
44.3866
156.058
39.9475
31.6723
8.16904
36.2221
338.865
61.3893
145.03
74.8677
21.1609
106.513
112.918
154.053
177.54
169.751
40.7354
154.668
64.9185
69.9525
67.3444
155.286
182.911
23.8401
113.764
138.005
34.8508
32.2159
58.5878
30.184
209.27
20.6711
82.5623
29.8652
103.661
103.036
149.324
14.8533
54.3689
133.402
71.3037
26.1236
118.653
13.9797
35.7391
59.703
234.818
218.787
36.6324
86.1546
673.911
141.227
81.7325
133.087
316.422
104.239
132.591
79.5504
140.761
162.537
238.685
155.36
93.0006
71.9305
11.2166
47.4091
43.695
123.713
115.498
41.3188
79.9598
40.5429
121.345
160.431
321.972
13.7764
28.8581
42.0126
135.131
94.5407
292.863
167.213
190.596
118.007
51.3554
21.7151
13.1936
169.123
126.298
201.666
124.902
31.1757
236.332
31.1795
180.373
43.0396
43.0435
162.746
55.9693
30.8848
19.8568
97.7689
63.8419
387.836
50.1072
63.1416
81.2842
210.65
14.3439
40.3465
9.4431
311.661
128.512
262.95
29.2461
157.973
256.301
47.1397
7.74392
85.3121
119.054
27.5763
305.179
144.721
104.686
114.383
51.4325
116.598
339.289
61.5938
42.7033
245.816
162.081
106.835
54.4611
75.7921
26.93
36.1356
188.374
293.683
127.96
28.266
97.7234
67.1257
51.5209
32.6862
279.641
39.8687
82.8244
27.3397
123.966
198.46
65.1316
397.2
106.922
585.17
248.764
141.448
19.5816
81.6682
47.0322
15.1783
101.728
506.872
34.2423
141.894
185.648
43.628
373.761
91.0732
136.144
157.947
21.0359
73.6451
105.997
166.259
263.361
545.899
21.0041
201.315
86.0465
182.939
91.9023
106.147
92.7963
68.327
110.341
107.074
7.92308
117.735
402.216
231.047
89.89
74.0987
388.914
216.953
257.373
193
48.0065
120.596
98.8137
316.393
229.692
205.023
16.8792
26.4554
22.61
23.1268
58.2548
155.795
129.548
149.249
81.6845
42.9896
248.368
172.965
73.5197
37.7004
136.168
61.8748
28.3213
120.7
44.9647
32.173
72.5063
60.0999
81.4028
206.244
110.688
20.8129
257.75
132.759
33.4661
37.8585
92.2502
14.9636
17.3972
110.718
386.357
43.602
103.172
49.1334
189.076
11.0764
107.741
35.8145
31.6677
64.861
27.6187
38.6479
106.691
66.3783
21.696
265.902
94.6806
67.2711
67.7269
123.315
125.014
159.188
15.6152
115.912
130.759
86.3474
165.097
31.9868
22.9767
28.6154
20.0189
32.2323
130.326
13.3849
37.0112
63.9754
110.225
65.4287
74.983
28.5013
39.0237
36.3681
28.919
385.13
13.3224
248.501
154.931
134.549
85.3371
240.987
280.738
200.934
41.0402
95.0415
31.3773
18.5881
443.544
25.2631
30.6256
504.264
100.496
90.6044
112.436
10.3604
27.5961
20.479
110.919
532.26
12.6374
39.1383
22.8564
24.1144
58.4121
21.832
233.846
320.581
56.2369
322.852
197.719
66.4927
242.733
47.2272
210.489
239.163
48.6135
85.3625
272.653
243.067
76.5127
34.6971
80.147
304.412
74.3713
34.0516
142.243
32.8568
65.3316
47.3723
163.661
134.54
63.1977
94.7009
31.6892
43.3102
35.547
346.355
207.693
88.5871
67.5782
63.7039
41.3592
98.9244
104.115
23.0644
46.2377
263.222
62.4557
36.415
127.35
206.056
518.438
68.7721
422.133
13.5317
234.484
42.442
63.5642
119.772
160.962
180.651
81.4661
96.2027
221.997
23.6933
17.2587
32.6494
31.3627
27.686
39.9643
127.943
28.892
397.31
58.3844
44.311
30.7318
62.6021
40.6652
104.396
113.717
101.877
143.079
16.8442
58.5723
135.002
69.5028
361.632
81.0625
19.6933
21.7843
188.541
36.4932
344.175
102.964
31.2034
57.9599
28.3805
83.117
43.3667
62.1164
107.313
26.4272
46.5075
53.5727
70.2129
20.1111
124.017
145.382
104.351
24.0819
37.453
65.8758
93.5893
51.3904
190.737
130.852
23.0026
139.793
150.308
16.2121
193.45
67.0898
316.629
121.549
29.4715
36.8985
26.7434
216.348
41.0724
41.0588
78.9681
33.2394
164.808
181.563
66.5016
69.6552
80.385
74.9302
272.473
137.559
322.597
39.5162
221.985
53.9137
17.3446
223.585
112.069
49.8534
40.1495
51.649
22.6669
9.00108
53.9263
229
52.4542
32.7311
33.7345
85.561
6.84217
44.1657
45.4481
41.9799
42.0221
104.523
101.944
70.48
8.35552
62.2423
30.8615
120.346
90.5394
97.3749
183.827
117.107
26.9952
47.4533
105.883
29.964
36.6123
43.8234
25.1255
120.679
198.622
32.6383
68.9976
226.823
108.99
48.5499
162.734
74.9136
133.995
28.1301
179.431
81.8774
64.8003
22.2022
254.784
22.0945
76.036
52.2669
38.7096
147.424
56.4219
30.8527
290.679
49.3951
31.2851
67.146
184.325
74.7223
37.4939
122.867
52.7479
67.5203
72.7999
61.3962
44.2192
62.6903
21.4706
40.3965
47.1261
214.621
106.306
51.3581
19.7304
35.0143
84.4481
44.0257
26.8404
31.9097
47.006
20.8875
139.355
13.7702
76.2503
104.287
77.263
9.99774
40.0923
53.1592
67.9099
58.5456
39.4157
32.4855
103.416
19.5211
339.866
63.4437
11.3411
23.8211
64.2342
130.901
136.543
168.227
66.3601
34.2605
192.144
78.1597
205.276
154.914
148.047
109.561
30.9839
17.5839
286.119
175.002
36.9243
125.126
116.204
141.506
141.631
146.893
48.7662
14.0037
54.7485
26.8852
191.253
280.033
19.8148
36.589
47.0768
187.999
102.275
188.064
7.86341
175.641
268.544
190.61
75.4586
207.228
333.769
35.7648
29.2967
217.757
341.529
272.97
15.3253
15.6597
70.872
34.0453
86.1457
28.8661
24.5527
35.7032
161.968
41.3768
389.42
124.976
15.1092
236.604
13.5191
75.6207
179.491
13.8149
175.164
50.8914
45.3094
112.26
31.6327
143.395
23.4346
25.4832
165.203
60.3838
50.8284
241.616
86.2806
220.997
35.6271
106.247
38.7971
28.6375
29.0025
141.503
336.344
78.1489
44.8946
31.6298
122.696
3.91922
41.332
191.833
26.2498
150.881
41.7638
19.036
113.825
80.572
314.704
60.4176
62.0268
54.4439
36.1578
100.555
80.6527
32.3988
104.723
22.6598
13.9733
43.0695
65.2417
31.7776
39.61
190.757
17.3995
113.496
26.6269
241.222
39.2593
107.95
140.903
52.3439
17.6232
55.5217
102.959
34.4889
226.471
59.3797
28.5994
26.3278
109.413
25.4034
238.667
152.848
53.5459
153.228
22.2695
73.2941
20.0814
40.0596
88.2266
23.045
28.98
6.7388
209.188
99.9525
24.5967
79.4004
20.1431
38.2068
95.0451
139.373
56.4551
87.697
19.334
69.7044
67.8612
398.531
21.1942
17.8606
31.3676
32.6063
118.417
39.9955
188.43
33.0007
281.99
125.25
268.444
11.9803
38.7819
14.4969
124.91
22.2273
99.8203
250.951
34.4601
98.1027
57.2364
53.603
111.254
130.281
67.1038
69.6993
13.9035
30.5987
58.4079
165.084
55.9086
47.0138
40.0003
31.2162
34.4283
140.149
88.4279
152.822
126.589
36.3266
230.673
133.992
58.1938
9.1836
124.509
37.0997
21.0232
139.24
37.1471
47.5312
30.4927
50.1143
112.136
79.5724
20.2217
77.2713
112.732
132.503
130.207
114.663
28.106
173.954
86.0969
131.871
236.551
68.9449
161.024
51.4141
46.9367
263.036
177.228
176.692
99.7238
129.328
15.6539
184.473
33.137
154.467
225.157
22.7489
54.1159
161.496
205.094
80.5193
30.1659
82.784
117.973
22.4892
90.6408
64.7079
27.4909
22.8789
69.4357
33.1785
77.4042
33.6779
33.7383
29.7408
16.7485
12.0737
143.4
41.5421
36.3898
137.507
41.8951
27.648
63.7316
32.8653
105.322
31.5648
142.852
98.3036
16.5359
25.2157
48.8535
134.628
73.2123
70.3549
158.831
25.7529
72.0012
93.3089
194.415
24.342
114.813
92.7005
127.479
55.6165
33.6714
75.1055
183.396
82.9696
133.149
154.612
238.042
302.986
514.512
68.935
17.4084
82.4188
19.4064
58.934
134.213
26.3354
13.9575
202.547
78.0927
10.8404
26.9777
227.97
129.793
51.3052
74.7177
150.962
271.829
55.5581
114.006
48.9773
6.72031
350.606
33.8909
28.7866
17.7436
37.2057
52.7593
52.7308
26.6517
28.3376
54.107
265.505
22.7797
28.8106
319.288
193.18
37.8268
25.5865
37.1656
100.518
148.95
178.553
135.394
61.4864
49.0495
40.3579
44.6646
39.8683
27.1922
15.93
113.938
206.232
19.0855
49.0071
54.1895
338.569
97.2947
214.453
44.5895
125.753
29.8042
33.5118
41.007
103.923
223.634
89.09
31.1304
79.2798
85.9761
35.0303
15.038
329.384
137.199
45.1754
89.535
30.9622
120.24
70.6388
137.817
55.1531
131.414
61.769
137.057
184.641
131.591
120.243
129.579
98.0236
59.2128
57.8567
40.3694
86.5534
279.476
160.4
64.3701
21.2536
105.621
37.3357
18.6656
124.115
93.7157
35.568
68.7732
145.831
15.602
18.1185
246.243
89.1408
208.708
49.7434
10.4531
120.252
17.1022
45.1606
37.0438
67.1551
60.1884
105.208
102.067
10.6809
53.0668
90.6399
50.1473
45.8451
81.9476
138.754
198.62
86.4678
41.7116
13.9377
205.474
78.5133
143.201
251.93
28.7201
45.055
197
92.3677
9.57575
36.6024
141.007
138.463
169.106
92.1179
111.654
103.7
95.5022
26.1733
98.9745
63.7355
132.511
92.7927
56.7183
114.783
67.3919
9.23099
79.8973
212.481
74.9977
76.9424
30.2298
25.1423
93.4404
29.8604
165.09
27.0149
74.1788
22.1087
12.9557
20.8779
136.526
22.8868
44.9139
415.684
79.7517
16.3956
21.9297
194.815
76.7838
22.2689
121.1
135.692
21.3875
60.7178
99.0697
119.915
22.7091
78.0055
25.5207
17.4275
146.021
161
95.4708
63.6658
31.6258
12.4955
50.2437
21.9081
41.9258
119.729
221.509
144.798
64.4782
28.6373
298.848
13.511
78.9845
69.9579
125.585
250.623
67.672
123.92
154.779
84.2551
243.516
21.9298
103.466
49.661
19.2609
20.4095
15.1546
61.2004
95.6571
75.9245
76.028
12.4086
158.595
209.561
233.789
57.2857
77.0328
141.329
19.6785
94.3856
10.0067
50.7939
44.851
120.745
100.131
99.9869
107.089
59.614
354.734
8.04268
180.617
19.447
14.0901
147.049
27.7331
19.1834
9.74125
327.237
108.666
48.9183
41.6103
102.706
52.9297
119.365
199.404
137.803
29.9232
200.084
13.0829
202.826
134.113
105.731
18.9599
16.1973
229.075
241.37
8.34991
114.966
57.5648
146.916
17.3442
139.669
48.5424
45.925
224.653
33.2602
25.7086
172.082
171.209
37.2949
67.0026
243.34
267.674
156.159
193.678
85.0186
85.7732
37.4186
226.592
39.4205
62.8176
234.556
39.8379
15.87
35.9688
5.42454
42.8266
57.1936
44.8652
128.282
45.2067
225.002
27.6947
38.6669
20.0635
11.4593
488.429
48.7463
130.814
135.002
60.8657
11.498
23.7349
25.1434
120.37
82.9078
35.2212
34.5572
53.9323
189.655
40.1783
18.6212
35.3384
88.3822
52.0513
30.5543
29.8628
82.6797
22.6655
50.5617
37.3929
50.2885
271.568
142.246
34.8665
133.428
79.8673
48.5113
117.054
104.591
225.876
122.687
43.1368
63.8762
99.3153
84.1599
21.8239
133.355
273.428
121.843
145.647
44.2254
52.9687
18.9809
43.2772
403.102
103.07
64.542
64.5689
63.5333
42.0524
496.201
201.694
86.8964
285.31
53.8424
319.596
8.64188
49.9015
44.7683
36.5469
149.355
26.0786
56.6104
12.1635
58.4968
65.9568
120.117
104.603
37.8143
22.3755
45.408
42.9856
129.628
210.668
36.9348
76.6622
194.99
77.3647
66.8606
29.2691
17.2735
17.9402
183.076
59.5239
369.861
71.1283
26.904
264.789
77.484
55.5459
67.7141
61.0133
100.943
13.3474
133.788
45.5471
34.5791
13.6138
204.701
100.297
36.126
104.6
11.3097
95.0547
100.974
64.052
166.325
213.928
16.8594
14.1228
163.019
95.8024
29.7581
170.35
87.1065
69.1302
136.776
73.7401
10.9084
348.138
184.961
49.2724
32.7005
78.819
91.1613
23.0519
19.3349
44.2805
46.2292
35.4131
6.14951
71.0094
31.469
52.797
80.2798
275.51
99.0464
79.2727
293.204
26.6537
54.7951
16.1136
132.2
298.146
361.041
180.523
30.9301
116.484
40.2493
82.35
173.468
142.451
42.0259
136.472
55.2342
43.8359
302.841
274.27
175.581
92.3027
24.5901
66.947
41.1579
27.6251
122.729
18.9918
185.165
105.443
103.931
332.638
101.911
76.1379
126.549
106.025
125.12
175.472
133.444
40.1534
146.427
41.3974
46.1708
89.899
134.187
306.164
155.211
305.903
29.1632
103.919
108.059
100.354
183.526
25.7878
218.517
77.045
17.1936
33.5763
93.3796
85.7438
252.612
102.654
108.893
78.6773
211.508
150.124
10.1392
37.7438
36.0967
75.2732
45.5684
40.9933
72.6294
50.4979
50.1923
90.0115
77.7331
134.72
143.923
62.4721
306.722
81.0123
133.008
47.2891
49.5502
261.839
151.758
12.5125
143.898
46.5477
146.921
106.545
138.245
234.878
258.662
54.495
15.8165
22.3028
16.2647
9.1044
58.9583
69.6615
183.989
75.8883
16.8749
226.9
120.079
6.08558
27.9818
103.831
71.6108
59.448
121.885
41.826
63.7257
54.4804
62.6879
38.7809
140.647
52.4699
42.3855
17.3387
46.231
255.01
114.372
121.116
46.3058
39.8555
82.5304
142.06
21.9905
76.1735
104.656
115.321
61.5328
305.084
21.3398
31.1373
39.1574
71.3155
138.548
496.177
223.948
101.935
6.66526
218.688
53.1414
174.828
25.5849
42.1935
161.529
21.1849
94.6307
83.042
231.38
35.6878
63.7378
64.7524
18.4879
166.429
52.6561
79.9642
285.881
70.2592
127.074
14.6042
85.0309
57.1523
74.4149
93.5351
52.1891
57.4849
128.171
59.1691
152.971
42.3458
208.595
32.2614
20.9804
49.022
25.2484
29.4924
44.7595
28.8592
66.8968
106.843
45.0782
281.347
163.582
85.7223
7.6858
87.6494
33.4138
115.345
263.429
15.1559
40.1523
78.8944
43.9373
157.444
26.7203
42.4783
150.479
253.403
28.2147
75.2534
11.1681
63.1458
61.1362
223.243
102.353
36.5095
82.8422
47.7143
467.002
42.1171
33.2875
75.0261
16.6699
70.4756
32.2933
112.106
77.439
29.3465
51.289
161.531
285.667
277.191
257.312
149.299
92.9009
76.8755
71.3005
27.5569
38.6043
63.7751
97.4526
155.13
357.322
56.7386
70.3142
10.7293
55.4688
252.809
105.47
66.4384
101.028
128.853
239.54
107.055
139.614
109.037
81.4921
82.2545
50.9329
95.2222
633.599
109.266
38.6627
40.5086
192.3
129.793
63.6905
28.2934
14.5923
104.649
63.4838
59.7536
117.741
20.4
19.0092
34.086
69.8433
331.101
70.8087
127.361
16.8811
36.3903
108.809
148.259
59.5092
13.5569
89.473
80.0535
19.6229
109.88
11.3929
125.423
103.094
51.2472
42.6029
155.308
247.883
40.5638
331.102
71.2193
25.4902
19.9431
42.2501
246.387
17.4499
52.0434
27.2245
71.2066
21.7788
107.462
227.076
73.2758
225.964
63.7287
91.4709
623.917
90.2173
115.311
79.7139
96.4181
55.1056
46.6838
314.135
51.8965
88.503
100.234
44.5735
46.3424
81.7929
77.5742
162.923
128.075
74.6767
63.8633
151.585
70.8731
33.9043
236.372
124.095
75.6681
333.175
145.983
114.551
14.6872
110.543
279.059
205.825
253.124
81.3802
102.422
118.009
23.8116
36.4388
15.0322
29.8483
60.8712
114.449
37.3872
29.5225
138.862
56.1483
150.565
97.1489
143.277
14.6749
78.1879
239.785
83.4911
49.9577
81.3405
76.7899
104.434
159.571
505.011
148.382
78.8284
36.898
72.0553
64.5586
100.03
194.436
99.0095
102.498
287.028
114.969
78.1801
64.3727
74.9616
65.618
82.2473
17.2546
88.4642
23.8716
37.7685
211.554
85.6297
249.268
114.376
103.389
39.4809
21.7316
24.9736
25.9515
40.9765
190.435
158.944
77.3798
130.819
29.8777
28.5615
71.8259
60.4044
113.182
15.2252
34.5983
67.9193
35.5967
130.573
115.885
153.451
55.4728
11.1296
106.704
235.921
145.69
23.1734
50.4603
348.479
318.399
226.038
76.495
122.929
92.8005
55.1511
99.1536
84.21
35.1374
116.031
81.5746
27.0489
219.032
150.769
49.0168
256.082
71.1069
234.673
103.79
79.2561
94.7859
115.115
24.9204
83.1376
54.2809
13.8363
34.2244
235.935
31.2613
110.491
14.3466
13.0831
128.539
28.6729
10.505
126.227
116.538
87.3131
20.6389
66.2162
21.2086
154.953
52.3969
100.598
50.3179
77.6365
9.19072
79.6446
36.054
51.9137
238.076
102.621
63.2417
179.408
62.2994
51.6849
267.91
17.7799
13.6778
22.6787
189.337
154.022
15.3559
64.9528
97.526
23.7362
12.8688
151.697
104.681
238.596
67.9124
305.059
32.4825
50.7874
49.5176
67.2828
64.7693
92.187
165.28
51.7893
159.31
16.9295
37.1249
116.257
45.6557
71.9257
66.7136
43.0681
24.8254
77.5174
64.2372
61.1204
249.931
149.237
63.7694
107.577
34.5142
64.2976
186.16
163.309
156.831
14.7959
444.798
150.024
64.5529
47.9947
74.0265
59.7731
43.6124
125.703
184.618
108.806
114.27
18.8561
98.5826
220.205
46.2259
12.3644
266.887
18.9244
5.34424
35.115
264.957
87.8372
169.162
279.491
340.107
90.5798
208.72
157.11
174.61
43.8633
149.317
159.63
28.1515
127.721
24.6223
74.4553
143.798
147.948
23.455
185.301
51.9276
227.313
38.6337
94.1273
38.1608
85.5385
62.3274
126.026
117.352
57.8038
53.9037
98.0773
127.816
57.0186
38.4281
37.3695
157.631
115.671
158.974
39.8701
106.586
17.931
34.9221
462.337
25.5601
307.758
68.101
36.07
21.9261
108.7
256.188
157.838
18.9946
180.139
117.632
32.7151
123.305
45.1914
16.6758
40.9832
11.1842
35.9823
187.774
50.8176
31.2547
88.5142
29.4401
33.9782
165.99
55.0554
159.712
27.3182
64.4804
18.0004
348.641
85.8673
211.402
98.5606
142.453
74.2838
69.7427
47.1429
29.007
108.939
12.8573
97.0808
119.04
254.118
101.667
25.1768
43.2436
58.3169
219.013
41.3311
104.22
88.5889
27.6151
65.8249
25.5432
591.955
66.0814
64.3009
65.2538
120.406
167.788
46.187
32.0286
22.1349
26.5652
76.2877
57.0881
106.783
44.2036
82.777
210.067
25.1117
96.5503
379.983
25.1391
157.47
69.0748
84.9413
220.56
242.924
59.9366
218.863
34.4213
222.837
510.051
77.1544
78.5169
35.0318
33.0192
178.887
30.4815
189.003
72.6336
50.2401
232.42
26.9351
71.0714
15.2353
103.906
105.959
211.798
237.311
57.5415
80.1867
15.4856
102.269
22.7651
17.6371
62.0906
35.0428
26.6536
158.903
16.4171
75.5464
78.6999
77.6168
22.6708
124.713
73.7047
18.1789
66.5859
72.9911
320.696
114.516
29.6595
58.7387
119.306
143.336
19.5284
259.353
84.0357
455.582
81.5889
175.229
34.8338
33.7451
92.8455
115.253
32.1373
100.999
24.2477
163.42
43.8827
188.02
178.383
22.909
247.877
59.6202
14.3977
33.5081
98.6778
117.72
81.6518
147.091
32.139
104.058
51.5541
138.235
189.837
35.7652
30.0058
59.2194
239.002
41.4977
42.5182
120.99
111.81
29.7366
7.114
57.4892
184.086
181.513
107.501
581.633
24.7758
214.007
13.5466
25.3149
51.5899
71.0523
50.3756
14.562
64.4901
136.694
44.3132
72.2646
16.6281
250.756
48.8577
194.65
99.5043
171.251
59.8522
75.5957
86.8973
118.52
18.5654
21.5847
280.665
31.942
68.7837
36.9901
144.017
17.6346
161.131
54.2357
297.357
79.8988
71.9502
168.95
32.1673
156.444
60.4034
27.0204
18.8396
33.3708
180.614
14.4636
36.0607
224.52
55.2361
17.3182
26.5136
25.4642
63.1763
44.0302
49.3769
51.9809
20.4494
28.3738
64.8416
179.035
37.88
44.0096
39.536
37.1245
38.0444
35.3015
103.947
35.6224
10.6506
85.5074
175.492
99.6256
69.1032
78.4589
531.913
19.103
114.472
34.9909
44.2516
11.2017
22.7139
8.62745
129.75
43.4444
45.3952
135.749
246.277
281.645
63.0813
105.332
126.332
128.712
168.124
31.5965
60.4475
77.0708
100.754
161.487
69.4658
14.13
112.178
129.446
204.703
134.971
31.2784
11.3015
68.429
123.318
76.3891
48.0746
35.128
153.95
51.7221
11.0565
187.687
12.2268
116.835
302.161
89.4379
263.034
89.7509
191.571
162.704
42.4116
239.062
16.7864
241.614
118.769
63.3383
65.0943
17.9787
6.38252
30.7248
18.1108
73.7231
84.0562
47.8726
50.1162
17.8388
18.662
29.2137
39.7469
133.527
228.466
55.2472
25.2538
17.8867
32.7894
136.381
221.942
272.643
77.2962
29.7298
154.841
7.26616
54.8422
43.57
306.822
68.6578
46.7529
105.14
95.5502
102.298
62.5825
154.519
68.0533
14.485
249.276
67.9148
128.75
91.8547
24.8707
319.874
16.6856
313.069
58.0573
251.325
31.8502
179.025
58.8447
164.646
304.265
53.7843
149.607
217.584
4.15162
27.1702
16.0279
62.8412
28.9206
105.841
120.641
38.2785
76.6559
13.0875
225.041
64.4844
122.548
17.112
69.1453
67.7267
113.874
65.5826
177.502
225.573
134.042
165.375
32.5593
204.703
79.3129
91.1106
223.579
267.935
247.083
17.5861
398.794
13.4002
25.0545
15.5187
23.7702
17.8394
279.781
62.6251
57.8266
33.7981
9.19814
45.2041
161.964
16.2798
127.092
45.3135
215.678
6.27496
95.0653
80.1218
110.688
58.2366
177.195
64.6354
14.9843
23.2174
137.582
69.6515
44.0921
69.1028
54.6341
32.708
45.1213
187.714
52.7583
69.2452
83.0826
101.58
25.2794
127.476
108.55
6.83048
32.144
100.38
123.149
110.467
35.9952
39.5321
84.9063
21.0027
56.9361
43.0118
25.7752
67.1032
32.0075
35.7266
39.1363
96.6388
167.896
64.4062
70.2883
37.1934
12.5154
121.182
38.3229
192.772
42.8671
29.6196
17.6871
194.73
35.2119
11.4036
45.5452
69.479
6.66393
152.105
149.876
424.035
70.4225
105.722
217.455
128.146
254.003
47.7271
94.0108
16.351
175.308
182.35
204.499
53.5626
97.1541
39.8409
148.349
58.1596
337.286
42.7399
44.8757
123.456
376.581
233.997
33.336
68.5676
13.9221
103.064
64.403
201.552
14.9827
64.8403
307.161
116.006
23.4204
118.97
163.541
116.877
62.1463
19.6279
238.577
24.9922
29.9788
393.258
35.7903
8.99982
117.212
283.501
149.026
38.3563
247.175
170.652
10.033
113.559
26.195
249.681
70.9979
153.97
97.2068
251.363
87.5803
227.887
68.7328
54.8775
162.859
20.1054
25.0739
121.459
68.7472
139.404
134.952
15.3589
94.6494
80.7633
39.6111
56.0197
22.4245
433.562
11.6575
121.641
25.3992
37.5624
72.441
92.0025
76.0226
37.9708
48.4951
29.0832
67.7352
445.523
52.1555
206.871
37.8211
371.655
55.4541
72.6722
19.852
66.025
40.7558
192.891
36.7288
103.756
39.3942
66.1545
127.117
102.07
76.2193
72.2466
111.399
40.6952
30.7462
22.9792
42.2702
26.1781
37.1631
42.3608
40.3357
98.7788
161.059
49.6606
89.3183
168.268
201.997
90.2624
35.0473
41.2856
32.9396
94.9074
88.365
88.6054
59.3123
185.191
327.624
69.0035
42.9032
28.9968
47.1808
127.886
142.038
99.0657
35.2495
9.14042
65.4889
351.467
19.2397
58.2985
63.601
288.505
182.882
91.396
54.2804
208.355
5.95765
111.863
26.7472
51.6299
25.2265
51.1062
141.739
312.533
27.3352
15.0024
409.978
20.4695
54.2487
92.001
178.212
146.161
186.326
128.449
114.722
45.7765
26.5613
32.9221
34.6712
133.699
59.6239
136.001
53.4251
134.22
163.312
163.863
482.43
64.1206
51.6915
208.262
142.22
320.935
24.3369
38.8813
214.342
131.978
82.1826
147.223
156.589
23.6052
14.6208
96.5253
111.04
18.1763
156.886
24.211
159.912
20.9318
53.4292
29.8061
70.9026
51.4858
749.838
268.034
35.9629
166.449
19.0419
75.9774
183.41
143.603
50.0443
98.5713
45.1274
95.6101
20.7065
65.4685
94.902
140.629
16.5826
22.9902
89.7866
122.236
125.097
163.797
18.5749
162.766
107.652
179.929
382.889
189.141
41.1816
84.5276
59.6747
182.871
59.8321
87.5858
30.4506
30.2501
340.542
110.768
75.8863
167.403
162.574
151.417
58.6108
154.887
119.459
38.951
157.305
46.5127
48.6418
37.4192
89.8614
36.7069
85.4705
18.4859
130.462
161.041
159.659
147.474
111.96
48.3769
73.3873
58.7617
123.612
52.6395
28.3301
77.5504
30.4162
82.8976
125.522
69.6663
31.1399
65.8626
80.0142
25.8284
58.0421
31.808
259.451
60.2724
72.9033
324.842
99.383
72.1848
64.4062
29.3512
112.763
116.271
8.60806
68.6746
15.6167
40.7238
25.207
184.059
76.9509
117.599
60.007
96.8052
66.1523
87.7975
189.041
65.1945
119.791
44.7552
25.9976
50.3652
44.6111
54.4332
91.1008
157.478
27.8869
131.945
93.58
25.1626
102.521
33.835
23.1048
50.5954
96.8254
68.1564
46.9671
338.414
69.2005
77.4347
40.4863
57.8538
141.061
105.477
69.0593
15.2822
244.586
151.892
186.702
304.505
7.14065
14.8728
108.203
123.193
111.731
35.0174
67.0532
25.9353
19.6906
112.448
42.1094
163.09
86.4123
589.127
188.615
46.1158
152.941
45.6221
68.7811
130.015
59.157
42.3344
114.383
104.852
141.05
26.4205
74.5585
45.9639
52.4252
95.9024
36.9555
96.2927
43.4136
42.9142
240.642
176.851
60.8249
202.297
97.7174
86.3635
63.9435
98.6951
38.6553
21.867
95.2102
38.2995
39.037
203.623
21.6257
26.4532
47.674
25.3192
200.38
33.5357
85.1951
59.124
198.992
24.3637
29.9071
311.584
24.5995
210.007
69.249
234.832
85.2909
83.1566
153.156
31.0718
232.837
42.836
51.0047
27.2091
14.4207
342.884
6.15399
38.9134
225.314
57.1051
319.784
39.5239
210.424
46.7408
173.738
163.878
473.129
33.8586
179.493
41.1746
94.4007
90.9415
70.9089
222.761
16.1536
52.3038
215.269
77.1493
214.009
14.2304
269.912
464.769
41.386
151.862
120.569
85.7394
35.0722
211.573
40.3299
29.3681
52.2898
28.1171
267.793
67.6786
13.8164
21.0405
89.4305
50.5347
58.1281
368.82
131.437
34.6919
45.6649
28.2882
15.8128
125.257
420.553
33.1545
165.442
29.6002
209.02
40.4499
79.442
32.4426
222.023
104.582
109.19
131.485
10.9799
179.292
120.321
75.2985
21.1326
215.699
22.5019
103.849
314.918
108.585
100.594
53.9953
14.0071
48.0877
54.5655
49.6973
123.021
108.384
24.7372
63.7214
49.9277
19.3872
48.1028
432.041
57.1088
86.4977
54.5194
216.7
54.825
54.8898
118.723
14.0281
91.2864
17.9431
122.34
7.50762
46.2139
39.2574
106.521
225.611
43.3586
34.3583
162.11
158.811
133.458
78.6457
31.2937
57.1416
114.128
89.9245
94.5336
45.2349
39.8309
15.5008
38.111
38.3578
20.5169
129.425
19.5237
37.0149
30.3202
56.4494
107.474
15.1021
83.0022
12.0075
30.0129
119.278
86.5685
204.387
29.9563
289.584
240.046
69.7345
109.598
33.4225
377.173
61.6483
117.029
109.144
71.0307
15.304
84.6487
45.4937
71.5714
63.1845
26.4911
53.4529
97.6308
75.7571
132.929
35.3141
59.1106
133.703
61.6416
37.6567
75.8051
22.3849
69.0091
126.927
21.3397
129.955
84.831
18.3393
234.587
48.236
178.121
68.8085
381.714
101.376
38.6029
187.568
119.006
286.541
333.157
201.984
47.5087
175.022
22.9837
44.8283
115.131
70.5916
43.9817
165.132
136.531
138.516
26.8424
70.7015
49.0977
81.6699
23.9098
68.032
81.6483
27.0344
27.4626
105.323
172.799
41.4207
50.8551
68.7121
39.1649
29.5796
221.239
138.685
109.559
12.3833
215.782
57.4959
40.8244
105.987
13.8023
161.309
79.075
23.0397
29.9953
27.572
15.6787
142.241
228.55
175.153
92.5378
47.2549
424.552
58.0541
284.214
404.424
261.804
65.5454
191.923
184.669
38.1792
166.571
38.5059
85.8152
212.911
29.1647
8.44916
301.407
424.767
53.1069
128.859
59.7655
30.0347
72.5281
20.213
103.798
135.995
115.625
60.2099
147.981
29.2619
24.0203
42.508
9.94393
14.5481
21.6943
43.9754
198.389
50.1906
241.058
139.941
28.5993
180.781
64.116
95.4038
102.486
67.4255
38.505
39.4479
67.3192
68.3436
46.0996
143.848
69.1315
232.572
20.4988
59.3357
7.44821
121.019
41.7721
183.132
118.968
100.852
285.796
113.102
129.645
119.139
181.167
153.786
185.616
197.255
146.766
74.0508
72.3043
67.2849
71.8128
45.242
35.5752
35.6044
33.2374
258.823
9.61171
79.2541
282.661
114.273
100.094
99.108
48.9188
338.5
169.594
89.5434
15.3461
308.55
168.661
23.0892
38.336
56.4184
35.841
200.712
94.3445
139.01
59.5891
308.979
27.362
15.0768
66.3634
10.2294
113.498
51.2984
98.8457
55.5507
52.098
110.931
74.5877
75.1848
69.7652
157.958
34.6175
145.485
107.012
96.2028
79.6713
208.798
115.078
42.7696
97.5407
35.2466
39.9296
120.111
121.647
5.77407
26.6397
75.2853
125.399
48.048
10.2557
97.9673
140.444
31.3135
24.4053
122.133
68.4822
20.002
20.3522
139.847
67.748
11.0799
60.8292
109.692
64.9526
12.797
58.6341
66.3883
31.751
159.705
63.6469
58.2948
120.727
288.612
60.0944
251.834
64.5744
132.315
15.3637
338.099
26.2694
162.296
72.8689
85.779
85.3321
41.4774
56.5765
96.5663
59.3831
51.3443
49.3103
68.5878
121.408
141.26
17.9264
34.1834
63.6471
218.011
179.009
165.26
269.826
291.301
99.7097
31.3383
102.277
38.1929
70.7837
29.4118
503.451
27.7313
76.8703
77.4017
132.066
90.9988
126.663
47.9838
87.3712
42.8503
25.4314
66.7677
38.9606
116.514
207.271
36.4729
20.4732
114.122
90.5683
144.487
96.6084
8.21058
49.04
46.9767
276.011
106.148
72.0421
42.887
189.786
44.6027
368.335
50.4558
78.5938
16.3451
188.304
60.7691
112.678
262.529
75.2061
200.312
235.482
17.9209
99.5567
39.2549
103.719
97.3137
84.1521
94.366
41.2715
29.8061
105.531
270.322
27.2361
201.682
52.1035
168.039
59.9582
54.9637
74.5588
103.578
155.182
15.9427
30.4081
353.197
19.0851
52.0905
144.359
30.055
99.2644
289.203
163.347
230.668
56.2323
23.0929
240.418
56.3469
84.2355
39.0687
295.396
344.788
107.985
267.14
37.2665
14.0894
336.713
179.419
46.0778
58.5092
119.046
60.5008
33.3118
33.9507
29.8884
33.768
161.162
254.589
24.2998
59.8731
31.7222
78.1805
131.898
97.2269
16.8751
131.898
575.531
114.106
106.353
41.5617
42.002
73.4027
84.7496
146.572
177.004
110.898
107.203
67.1994
34.0724
41.0166
35.406
13.1662
202.251
134.431
242.277
89.7894
230.72
90.4149
47.7443
92.6235
89.9474
11.4638
42.147
140.863
120.273
373.967
156.342
58.8571
258.65
37.9382
47.2008
184.815
287.05
111.475
63.4602
26.6311
10.2123
192.376
13.7412
44.1117
137.166
59.7062
296.349
10.4179
89.7107
174.78
34.3175
39.9783
92.3873
231.682
81.2476
28.8532
139.739
63.1578
316.707
79.8183
22.8486
55.1271
140.93
23.2844
34.6258
251.678
5.63204
414.252
22.2628
38.9429
27.6396
109.644
156.444
281.141
111.146
118.405
52.5175
84.0286
76.9144
44.6118
37.1383
96.0604
137.064
369.537
15.5905
72.9333
51.1802
319.396
163.236
15.5248
122.622
278.22
12.4482
148.322
60.348
9.73739
234.336
83.8971
112.821
81.5655
51.9945
284.752
188.232
90.1426
11.2184
87.0009
14.3887
148.891
107.517
156.81
44.6742
121.172
35.0791
16.8809
189.508
328.73
199.943
60.6086
14.3744
117.078
51.4799
99.8741
332.425
176.137
106.792
200.18
43.3951
18.0218
74.0117
16.7036
134.065
68.4296
47.2874
8.90555
137.871
48.5332
172.613
149.758
470.638
66.1421
80.9451
114.598
24.3765
274.753
155.017
270.119
54.5446
93.465
81.1317
105.998
133.895
158.367
60.2549
30.5924
28.0252
40.4953
82.8114
89.9617
113.676
217.632
272.811
9.80593
214.454
10.3398
22.6366
164.205
7.34404
137.268
50.5306
54.2334
37.3475
54.6512
215.751
209.377
113.818
119.336
57.7266
32.2453
42.383
18.3219
140.385
90.2
15.9794
37.7462
142.853
57.7182
50.2317
198.888
77.61
21.4392
33.7381
132.974
60.1024
63.7529
128.649
227.262
31.2457
182.017
392.244
78.1354
38.8532
186.094
137.485
215.634
66.2532
96.7863
54.1658
25.4781
26.6512
33.7824
111.269
173.434
86.4947
73.1977
17.6716
78.8222
23.1928
32.8845
97.7328
71.7135
81.12
193.885
72.0136
165.382
32.6482
115.386
13.3258
40.7019
49.3902
136.408
32.6841
75.5238
30.4523
27.5136
19.3649
9.55462
22.7384
55.4767
57.8073
102.682
7.86699
107.82
58.1378
107.092
38.7935
58.1914
243.485
107.149
115.231
35.1966
36.6333
118.874
63.7031
80.3292
73.6716
204.469
146.76
79.2473
136.453
104.898
136.943
33.6276
140.404
29.9797
123.998
100.114
123.349
151.212
20.1673
66.6306
23.2645
187.163
28.1996
190.219
12.2639
33.1748
23.4902
130.778
19.0694
26.1181
14.1435
128.667
235.824
174.677
10.1179
374.68
7.71492
72.6392
25.0802
38.8313
113.304
11.9632
162.522
359.048
107.246
91.3385
34.3518
35.3561
48.9455
76.461
86.3563
72.9457
227.669
151.502
82.8237
119.497
116.83
118.884
192.426
74.0526
155.81
79.9943
57.6157
165.687
164.015
120.065
84.1369
26.0176
28.5145
28.8145
247.829
13.2657
115.84
59.9428
168.469
99.9217
43.1676
86.9585
31.6405
12.3667
17.9006
277.431
92.0004
110.793
9.63094
177.894
59.6664
66.2588
40.8881
58.3771
182.757
97.4831
53.9641
17.2746
62.1277
69.936
61.0664
69.4127
111.722
86.5101
48.191
18.0064
235.527
95.7764
8.82233
120.753
22.3929
90.0569
330.088
42.3955
257.473
300.96
113.409
82.8563
50.9496
12.318
33.9423
106.858
26.3688
79.0505
78.2229
123.399
90.2706
51.1812
55.4494
31.3798
434.925
142.771
243.8
75.1329
39.348
40.1292
65.3759
283.075
14.5396
188.537
71.2556
233.629
156.513
72.3167
208.143
260.097
157.471
64.9898
45.6947
27.9178
90.899
171.425
85.8059
127.62
74.7828
233.567
17.8102
137.703
173.075
57.8526
25.0407
80.809
67.5777
45.368
109.568
224.232
160.508
350.225
63.7216
120.808
16.9235
138.928
75.6895
23.5028
40.2138
138.257
72.7241
27.248
98.0269
161.795
74.5683
68.4577
79.8716
306.524
252.014
41.6045
154.024
53.0365
23.887
63.4656
63.9362
14.7597
187.616
296.503
8.81198
54.0126
72.7469
159.334
27.6561
115.111
39.8749
99.6372
14.9756
24.5039
89.807
98.7125
68.2648
31.0475
65.2762
41.1706
174.386
85.803
59.1335
84.5083
169.518
37.7667
65.0381
51.3351
297.134
60.0402
79.2491
248.813
78.5265
32.122
137.558
149.287
53.1144
27.5779
76.5456
38.1458
41.834
207.06
91.3329
97.571
63.393
23.3937
19.9029
32.4909
8.88042
13.9528
32.5053
44.5682
144.725
27.698
52.7069
387.123
40.7042
30.8191
115.22
25.057
71.3989
71.0091
61.7494
77.9067
23.7642
47.0737
65.801
30.5366
33.9867
22.9024
116.746
28.9372
119.522
220.784
406.427
52.3585
106.01
53.5396
6.84534
107.288
64.2284
431.176
80.2322
403.933
236.4
19.4155
112.15
94.0277
10.997
21.6858
48.4355
19.8052
66.1524
17.8643
18.5901
79.1354
46.017
19.3479
444.719
251.613
34.7026
326.851
24.5314
33.4914
53.2194
30.9058
72.8785
37.9818
17.9262
388.517
29.0514
50.5425
248.569
44.9411
139.392
73.1363
138.786
73.9535
79.4349
20.7723
26.4578
31.1269
78.2494
58.6882
98.3243
56.9594
65.1069
74.7982
30.7766
117.335
130.224
43.0349
90.5498
11.1747
150.322
184.444
40.2906
81.7587
197.19
193.167
196.238
43.4151
70.5622
9.79254
55.5967
63.7995
104.673
15.2607
278.895
61.5176
48.1174
68.1824
25.2004
89.0508
48.4589
54.2174
61.3643
143.654
17.7014
15.3547
123.814
94.4409
62.3225
234.83
13.0912
62.7461
36.3848
89.3782
163.483
79.0115
19.4071
79.1134
13.2016
211.598
39.1933
361.942
18.1575
39.9584
36.8118
163.742
85.7775
82.077
101.778
4.76933
55.8868
157.609
37.9186
74.2483
19.5568
28.528
147.19
251.589
139.307
177.161
265.835
278.125
117.574
31.2677
30.5823
129.05
71.9021
26.5154
94.3798
21.4063
17.0718
359.139
266.516
216.965
182.531
54.6177
38.2154
45.993
229.972
15.7614
91.2439
32.7773
59.2135
44.228
21.9409
17.7296
159.216
163.72
26.5588
137.37
102.305
17.4169
128.352
18.3788
243.214
108.821
10.6093
233.355
28.4692
43.7
45.4538
149.825
241.609
37.8463
353.976
40.3577
69.0136
106.479
19.5178
23.0377
12.8088
29.1418
29.2548
148.83
70.8516
25.1797
39.0884
126.972
25.8566
15.9335
15.2766
217.87
21.6248
44.2016
97.084
96.0516
182.874
21.6951
26.8983
151.128
26.7544
31.4959
32.3491
147.688
93.68
290.883
39.1256
58.0977
31.9634
29.9296
122.107
21.4074
186.855
45.0639
57.6727
48.8381
173.279
80.6965
51.614
13.2962
14.3396
253.578
21.6939
116.633
45.5348
62.0329
59.9925
84.1709
112.081
38.4858
34.4446
44.3967
131.142
9.16256
155.493
88.6879
130.211
35.6677
69.7772
280.777
62.7633
92.4553
75.5367
10.298
239.844
87.7407
110.592
19.5159
31.391
200.21
71.8993
32.2395
70.751
40.5874
103.766
49.3807
142.644
172.171
42.6409
81.7349
37.1814
35.5473
46.5664
13.7441
35.5922
59.1346
146.043
91.84
26.2068
270.676
167.166
141.514
48.7153
118.884
78.72
26.8567
48.3835
19.9034
152.505
90.039
51.8728
96.2514
40.6132
80.4692
14.2541
17.4482
73.3724
66.6282
23.8864
33.1769
46.7471
104.516
113.072
27.7453
123.217
35.9523
19.3861
40.701
229.919
112.574
54.6552
107.881
23.1789
56.031
201.972
87.8327
47.3833
56.4024
27.4372
21.2366
108.33
118.494
45.3348
80.1102
341.028
48.5549
69.0921
99.3435
31.418
23.7083
118.966
137.422
265.891
171.636
359.004
119.312
27.0277
14.3737
111.121
257.816
21.349
42.1101
75.3044
467.153
49.259
322.93
87.65
29.5219
21.0061
22.7586
36.2596
65.926
22.5578
13.5703
38.9795
61.6912
17.3278
111.76
53.8152
132.741
49.6175
65.458
10.6067
29.4717
211.165
21.7189
137.837
271.741
92.8589
89.9301
108.88
91.4346
75.7332
63.7978
145.333
265.17
44.4596
122.556
31.2963
167.83
136.562
54.6811
155.328
93.6103
292.613
54.8647
46.5876
162.211
225.445
50.4767
10.7893
53.4578
151.675
87.8959
76.1871
50.3916
114.658
56.632
168.236
83.0385
160.399
116.224
409.922
707.211
42.5094
258.023
227.157
133.794
82.141
108.145
206.228
40.1075
52.2794
212.618
103.189
406.539
137.774
36.5071
91.3904
31.7896
13.1358
51.3438
139.799
30.339
110.455
153.113
109.753
46.2693
56.8674
43.4209
10.7228
81.533
32.1763
163.784
122.704
44.1968
137.65
46.1658
51.1113
44.8322
57.5788
139.408
64.7525
41.8237
261.48
341.221
16.8095
155.822
163.6
59.9461
105.328
84.8276
44.9525
167.055
70.6443
38.9146
53.7195
111.003
57.0019
88.4583
251.722
64.2662
366.552
171.46
60.9932
29.2171
170.375
37.2314
11.805
20.5664
138.114
328.901
106.206
37.4432
474.384
58.4305
12.28
12.0506
39.2298
84.8155
95.3383
57.302
102.117
17.4694
32.5545
254.216
48.5244
61.2795
116.496
11.7387
92.6695
513.095
28.1319
84.89
333.635
102.685
85.8478
53.8646
59.0726
51.8117
103.174
54.2603
10.8781
43.389
26.1799
29.8164
156.192
105.998
24.2605
45.5616
144.072
64.3103
12.3115
190.202
40.5745
13.8299
6.05769
268.96
83.6465
97.1822
146.927
125.919
69.5549
122.715
18.1717
194.462
82.6045
5.43351
111.179
200.727
300.564
279.937
20.473
59.1378
131.723
21.9421
68.6889
150.247
42.5999
125.858
154.884
72.0315
63.3082
241.126
258.057
141.041
10.0762
22.0759
72.6575
38.0563
13.6823
112.28
81.0251
132.599
72.2145
163.969
80.7449
23.3286
79.4031
403.236
16.6613
30.3467
36.6625
10.7006
22.6955
254.379
24.7288
43.1118
102.091
47.7626
163.754
202.906
120.178
51.0458
27.0473
41.8473
30.1049
137.292
9.14434
152.436
26.594
20.4203
70.5643
246.115
102.41
58.4084
199.489
111.431
381.91
73.1117
91.0248
65.7949
240.647
188.173
82.6191
69.8371
171.001
64.5408
88.6493
21.4679
137.898
16.2679
132.394
80.4511
86.0014
49.4418
63.6235
39.1506
27.314
140.651
41.2628
23.0394
114.035
97.45
185.056
50.0293
24.7728
197.093
11.3243
42.6971
141.028
67.9276
83.3312
55.296
31.9028
23.841
70.9087
206.127
153.172
50.5443
60.8767
24.3745
52.9086
176.961
64.0489
111.795
23.5196
155.326
316.967
147.635
155.625
40.8382
101.905
98.1566
24.6235
48.5944
51.2948
28.3814
130.695
258.808
198.882
96.0737
108.315
246.346
23.4608
31.2777
97.8905
40.5234
51.043
169.219
93.2259
216.078
109.172
114.3
25.6199
125.905
136.887
66.4004
55.1495
69.4119
461.128
21.4569
90.812
27.2344
48.1902
22.8105
33.6096
52.5719
100.304
44.6554
69.1549
185.572
18.7652
51.0446
124.289
194.631
164.647
162.062
40.4157
13.1101
90.8377
57.2179
260.612
224.411
38.3941
12.697
67.7974
51.029
17.1547
183.102
39.5644
33.103
77.0481
14.812
212.31
12.0455
196.414
35.3004
346.602
27.2101
45.9719
18.7272
32.2526
49.1156
168.259
106.577
56.8016
18.113
232.819
192.36
20.4368
265.391
137.929
27.6078
221.345
335.58
113.259
34.54
51.9089
102.402
63.5104
62.913
51.3294
57.9788
40.3095
204.746
54.1131
81.5971
58.7154
180.498
154.404
81.9127
67.7344
95.8103
274.518
97.4094
281.449
27.7162
18.2257
37.1535
32.5538
67.0753
31.662
24.2279
36.5809
172.279
25.2435
151.189
33.7224
262.217
6.99858
64.0465
204.067
47.9546
392.919
21.1005
40.2662
30.4221
345.56
161.527
62.263
71.7174
122.06
44.5267
51.6754
115.626
192.81
61.0901
29.9003
99.4567
28.9711
164.278
28.8081
7.08907
35.6462
50.6585
72.3175
45.0406
126.706
99.9471
3.44961
249.712
100.998
65.5246
177.203
46.8082
20.532
8.32224
84.6317
76.8612
23.8688
14.099
142.777
110.344
90.1809
17.7575
99.4218
14.8173
40.2171
20.4491
23.6335
71.5215
44.7705
31.2483
44.6945
84.6354
24.8688
99.4107
51.7497
107.976
147.852
72.0051
119.927
139.856
29.518
65.3206
49.4778
20.075
52.4315
273.036
81.8133
246.054
74.3523
114.269
21.4201
103.211
369.656
22.7885
63.9383
151.705
51.9239
91.6751
234.747
100.548
150.719
25.3675
33.0356
25.1584
16.055
39.2879
122.657
498.956
31.6217
97.2188
90.3051
83.1453
9.43017
21.3212
9.87539
60.4969
44.1632
159.417
51.5523
96.5387
58.4742
22.3561
56.7513
138.425
104.958
93.06
28.5026
108.127
14.3285
76.235
43.9397
99.6896
143.332
41.0606
33.9009
167.318
281.827
103.55
551.996
519.454
109.053
70.8073
49.9028
45.2294
95.3607
42.4307
258.345
62.0695
130.835
86.2071
51.814
39.8558
194.654
128.981
41.6169
74.8513
70.6673
90.22
26.8969
18.4557
35.5717
101.819
21.103
126.5
20.4332
61.4995
152.135
88.8633
55.0823
13.0554
21.2762
200.925
191.4
76.4512
232.439
127.296
86.346
54.1239
180.996
22.609
92.5565
116.89
246.49
46.8041
328.532
107.464
18.3532
69.7167
122.248
146.917
39.0423
135.598
152.021
376.601
174.485
168.506
276.158
63.3203
29.2706
73.5004
38.5173
75.4068
29.3089
134.531
59.9051
53.5171
62.9072
23.7215
101.169
112.843
131.655
203.463
103.05
108.233
50.8975
87.3541
186.768
112.085
148.377
29.3473
270.06
39.3561
180.973
232.671
159.66
134.368
26.2791
123.939
27.9076
28.8089
154.375
234.4
50.4842
178.716
89.1413
60.9533
40.791
69.3597
238.098
185.952
297.611
82.5659
146.358
214.698
185.011
180.335
35.6227
152.352
89.7552
37.9551
257.986
153.892
132.256
40.2544
22.2132
85.1683
33.6977
44.1372
127.303
58.5053
72.9905
10.031
59.0194
120.344
45.4536
26.0108
446.005
298.888
145.808
103.765
53.6752
57.6547
15.7862
19.7565
70.4125
149.418
137.255
80.7541
36.0412
166.636
138.35
107.384
69.9398
53.9572
50.924
188.81
229.913
131.354
121.892
22.2608
52.3071
132.228
63.2912
118.27
19.7874
28.9411
53.3583
12.1976
93.3297
126.436
174.067
61.0486
66.8354
292.035
94.7036
317.444
125.203
28.2741
141.646
143.348
61.6558
264.897
121.203
174.816
54.3873
13.2959
23.8933
126.296
105.871
52.3634
165.043
58.1068
62.8271
10.4237
36.3915
28.2254
14.4401
56.2185
89.2691
36.5704
274.813
51.7141
44.6264
56.1889
321.569
185.859
89.4862
30.7937
409.806
95.7784
81.3932
56.0371
22.5615
88.7865
106.138
343.814
20.4039
152.338
37.7645
62.2465
44.7026
103.553
37.9718
68.4932
55.5562
35.0415
228.52
42.3801
45.4549
21.8266
106.006
51.8448
132.207
104.748
27.598
164.354
19.562
65.068
135.37
35.5782
299.975
9.2876
113.085
29.9645
13.4169
147.42
80.8989
36.9646
296.905
76.4872
55.7046
126.606
120.963
267.05
59.5823
78.9202
16.2758
213.645
42.8301
44.4158
18.0141
34.1343
42.9848
107.062
101.776
61.5519
15.6771
86.1891
110.333
102.909
49.0614
144.718
46.8738
213.266
142.411
17.5738
184.591
52.3592
113.342
38.3768
85.9459
120.689
249.484
29.328
265.961
62.381
82.5628
30.5853
109.121
58.6365
23.7749
136.071
282.485
43.8692
18.6075
16.8723
26.6477
183.454
89.5933
157.234
72.8917
47.8661
34.6502
52.1666
115.157
109.159
58.0841
182.523
45.4795
111.932
87.7743
128.552
9.04038
81.7783
20.0159
82.0346
183.294
39.5649
42.0047
41.8489
24.0718
255.651
168.878
135.889
30.5744
14.1042
65.2412
218.422
69.2701
102.933
57.9916
49.5451
54.8185
146.349
71.7281
10.6876
228.554
20.561
170.772
120.498
95.1
23.8046
124.754
351.743
11.1334
19.9554
63.3936
284.074
376.121
29.1199
96.5291
200.559
48.0545
123.935
67.537
126.941
19.3034
34.9272
48.4958
62.6686
39.4678
110.486
55.9207
299.233
83.8364
358.101
81.6624
37.7053
78.6209
133.267
40.3905
26.2831
15.6451
9.42717
66.9961
105.362
65.1735
184.521
32.1396
252.009
93.5373
59.1127
34.941
99.8999
87.6377
46.7001
73.4662
184.087
194.599
233.235
45.1208
70.571
236.051
58.9563
269.956
97.3826
107.338
241.672
48.8337
242.988
20.9521
247.031
24.9002
151.237
259.883
97.7095
13.7649
37.4775
24.3644
101.747
131.752
70.6241
63.2795
191.902
22.3695
106.191
36.0916
46.6969
300.08
159.142
46.3633
188.053
28.5751
18.6402
36.6914
79.8016
82.3561
59.7739
62.5681
153.772
67.6939
52.1998
137.155
72.1075
27.956
53.7614
78.515
132.207
93.5534
122.286
283.789
93.1315
216.752
100.701
72.8596
57.6722
161.912
22.8127
268.687
278.996
263.203
20.4947
189.976
154.857
22.4249
57.0161
121.991
82.9548
28.1923
174.124
8.63476
405.149
12.7699
55.8749
148.114
109.37
43.674
21.535
172.041
52.7896
25.4093
67.0598
40.5492
16.8322
48.9152
144.872
13.9965
301.794
63.0992
43.658
31.5649
348.681
28.0178
35.4218
157.468
71.9185
91.3643
35.7509
89.5862
48.8837
45.9387
55.5838
140.069
40.1616
189.593
22.7779
32.5778
38.3329
19.0372
120.907
55.6987
65.8731
30.1139
61.5064
23.0272
44.92
173.665
41.0766
14.5067
110.779
98.0367
21.0236
121.65
36.6147
22.8225
335.337
121.088
59.9719
193.443
72.0545
40.3216
220.198
66.2649
394.941
41.896
71.9875
61.204
218.208
22.8296
375.087
62.9849
31.3868
38.2192
81.391
145.404
45.0651
74.6343
56.4999
52.5077
145.311
108.502
7.37225
96.2343
113.318
164.588
285.841
321.164
55.2259
37.5218
81.1791
17.1249
35.2854
87.7386
165.182
157.871
307.126
144.494
36.4573
232.452
75.5776
49.1196
58.6188
180.483
233.161
14.8269
136.476
111.54
42.5699
26.4905
320.255
44.0919
135.326
100.118
25.6207
259.915
204.996
104.631
453.853
40.9692
173.079
20.0159
80.942
155.962
46.6082
36.1877
81.8383
88.9312
157.527
115.152
12.9035
22.5134
193.891
108.041
7.74894
139.934
89.9284
63.0203
79.7652
29.7183
132.097
51.6713
58.5426
105.622
49.2474
117.733
182.7
119.948
49.2107
90.8323
139.896
187.241
49.043
24.576
136.703
155.348
93.4582
107.474
220.787
134.236
65.0884
36.4373
114.39
62.3422
93.6239
199.271
10.1561
226.487
244.358
78.6407
193.846
73.223
124.396
29.2153
113.136
252.662
42.7606
36.5155
174.416
424.341
44.2358
52.6686
28.2596
115.9
13.192
176.935
61.6377
80.2366
15.8627
279.006
50.3773
87.6224
102.901
43.7152
227.669
127.016
81.5503
83.463
18.2828
70.1302
71.3721
106.028
172.11
29.2652
74.5185
95.5693
78.3256
170.204
72.9004
13.299
36.6385
46.6092
109.863
95.352
96.9578
71.7142
4.64038
62.7294
189.892
142.477
34.9239
133.222
17.5466
80.9293
198.036
21.176
298.693
69.0218
64.5831
40.4258
185.295
291.66
144.434
54.3681
17.5866
279.387
105.55
82.69
22.7441
96.1228
66.0225
28.3086
177.14
26.2229
38.3334
132.466
608.152
17.5062
57.1058
138.309
202.106
98.742
75.26
72.4299
116.129
177.653
73.2234
282.874
30.2267
145.14
106.052
55.2252
120.336
205.07
16.6217
23.5631
89.4319
287.19
184.739
132.36
188.798
217.204
34.4711
35.9274
141.712
77.9381
20.0935
116.684
210.49
17.3206
67.3997
67.495
18.7909
70.0013
100.481
24.835
60.7862
31.286
108.07
46.6486
113.038
129.904
82.8176
80.6272
141.559
73.5885
46.5047
150.364
31.0948
39.7134
310.679
36.9571
29.8506
86.0521
73.4714
48.2068
62.9484
150.176
62.7371
114.448
82.0051
51.6035
133.853
122.727
50.9048
42.5339
53.1909
155.411
30.3198
289.181
161.747
30.4872
51.5875
65.5656
86.4849
82.9801
43.4124
78.4049
109.229
291.257
30.4422
91.7849
91.5737
127.312
81.7395
48.7758
161.53
42.5918
27.8511
90.0053
31.5491
183.997
94.6888
183.999
25.1687
49.0904
101.106
86.4932
68.7106
96.7739
182.486
80.6429
50.499
29.8383
126.532
62.3827
16.7949
92.8626
284.614
81.4037
32.2131
372.257
11.0746
88.4678
15.1006
53.2854
254.278
217.459
154.239
116.931
50.0913
11.7086
22.7889
43.7356
161.024
60.2543
39.2075
42.6636
125.423
175.917
25.7579
78.1801
15.5086
24.1799
134.67
81.9592
36.5934
101.09
32.8743
218.032
300.13
77.0473
51.6502
46.6845
19.9863
46.9597
107.972
74.4295
84.1247
25.0808
196.47
116.168
125.269
35.6566
131.187
52.8038
32.474
46.4279
19.5168
261.821
121.884
93.9434
130.198
138.309
63.5921
31.0451
54.5621
122.006
80.5181
52.0523
39.3853
200.627
24.5164
224.557
15.6328
206.822
114.177
41.2027
115.729
220.981
52.7044
21.7221
61.7256
84.4176
11.2133
118.919
121.022
249.191
28.5373
231.369
182.686
15.5526
23.1787
66.3099
166.55
36.574
269.996
115.563
135.427
187.02
276.206
35.7507
33.0417
40.1297
18.2505
56.6029
58.675
33.2731
69.8778
285.928
28.8401
86.9811
112.891
113.976
14.6249
78.3532
206.73
95.1005
186.88
82.7078
77.3748
160.602
285.827
38.0673
30.7715
19.8814
101.693
62.0974
317.784
151.596
168.656
8.14819
169.682
70.9736
38.309
15.9272
187.442
102.662
72.0297
49.8748
197.868
87.3941
54.0618
110.986
189.204
47.5804
31.2629
24.6998
41.4154
30.6523
32.3621
289.663
39.7348
47.0876
124.681
101.345
27.2282
23.0475
168.165
14.7014
153.907
101.283
144.066
59.3328
32.3597
46.8646
5.52187
173.729
42.9118
135.682
375.519
178.981
23.8493
96.9673
95.8524
237.67
45.9653
51.3499
14.9471
103.71
99.8106
33.7447
10.9564
23.8731
171.958
178.628
74.2093
99.4858
141.993
55.6319
56.2557
46.196
22.2737
54.988
31.7019
183.922
18.5534
30.8179
114.346
101.93
106.663
81.1555
91.7076
122.85
32.4308
31.8139
47.2639
240.965
264.106
401.69
166.716
71.0405
72.1036
37.3825
185.047
78.3573
513.202
77.7136
72.8745
49.0784
80.1449
71.1391
42.7243
92.6881
14.1903
56.9334
272.668
45.7866
41.6809
165.851
81.506
35.1006
191.807
86.4824
27.2018
72.1032
81.0607
28.4914
130.26
94.7957
76.0537
16.715
34.6049
26.0358
116.576
93.3689
117.671
114.822
35.1538
159.415
71.8326
425.975
20.7154
112.996
68.7535
35.9146
134.11
25.2825
183.999
163.112
91.2178
11.516
27.6618
84.5609
66.1255
46.5104
29.2823
36.773
151.728
49.7057
181.657
604.225
31.369
116.988
26.9144
115.185
18.3093
23.0294
16.3583
37.6075
179.216
35.7195
66.3667
247.733
60.5983
49.0268
294.943
60.2022
166.063
188.675
240.678
54.2932
163.131
18.1416
50.3927
153.069
117.014
26.2179
152.938
39.6268
390.686
108.837
61.8128
22.8784
24.1236
86.2008
65.3106
76.015
18.596
131.754
65.8482
182.947
115.465
79.4894
121.943
191.49
195.109
146.37
35.7128
129.986
129.364
57.7881
30.8866
44.0091
42.0839
35.5762
63.7426
121.329
23.8781
18.4437
83.199
54.792
93.1439
62.7949
62.3589
33.4754
231.728
12.6692
422.961
256.689
100.639
55.6421
499.675
20.8968
49.7243
42.1449
57.6813
39.2058
16.7536
19.5336
17.7809
9.53771
68.804
86.085
74.5838
40.2399
56.8661
34.2709
28.8836
10.3738
284.572
106.243
145.097
123.191
113.017
113.108
64.0781
135.022
27.8485
107.57
21.0709
52.4554
43.8898
33.9412
56.5559
99.1079
138.293
192.679
34.743
80.9916
104.179
55.0162
49.1293
19.6122
41.9907
77.8961
50.8622
191.101
25.0015
76.2718
75.2377
157.749
30.175
30.8799
55.7107
275.29
19.492
478.498
122.874
76.3942
37.3526
60.9836
56.4775
20.3224
31.8681
52.8225
72.2161
22.7471
106.806
337.119
15.854
83.0767
231.622
199.116
78.66
36.4869
34.0143
184.91
62.6323
113.418
238.911
35.4675
212.613
85.0921
233.728
13.4919
6.66815
57.998
15.5586
382.657
8.64973
274.082
146.106
32.8401
132.273
27.4236
57.8459
118.377
32.7161
165.738
15.5914
29.1147
112.057
18.4413
59.5553
23.0533
481.396
59.0471
64.989
149.506
223.538
176.677
391.194
18.088
166.146
20.3232
9.87234
103.465
185.373
24.2447
35.8633
24.225
68.8321
192.605
59.4812
80.8514
30.831
131.198
58.0985
84.9929
78.3431
11.798
125.409
50.9094
67.3186
235.445
155.397
200.467
36.8152
308.969
15.6046
33.9384
48.2452
114.827
84.4811
19.8143
98.2312
109.153
7.07602
239.078
132.729
135.526
55.0254
228.508
145.337
33.508
260.125
61.5371
91.542
35.2365
123.178
85.7099
25.1831
131.944
39.5491
35.2758
121.579
45.0914
37.8073