5926.06
2694.03
642.098
1403.28
1252.16
7936.08
2790.76
1238.19
1825.84
1942.4
9537.15
1163.78
5644.15
4124.29
1361.81
969.401
126.937
1738.41
1092.93
2052.03
15282
4975.26
4456.51
329.608
4147.15
5110.8
3224.09
1496.27
6251.21
4483.06
2784.51
2197.4
2073.17
1078.53
657.894
3682.12
2286.72
693.612
7671.42
1633.14
1359.06
15025.8
4401.47
977.096
3460.28
4682
1178.59
3268.35
2387.31
5506.57
5853.79
1327.03
5450.96
2616.21
2462.37
15887.3
1449.08
5558
453.153
10004.2
14257.2
104.728
377.471
4414.3
8044.05
7855.65
3133.85
2687.24
4546.59
8409.63
6278.68
9602.98
5374.31
5459.03
5369.88
970.644
10462.4
1827.99
460.275
695.836
263.837
7017.18
2332.23
1415.07
205.369
266.256
2865.83
3727.66
1613.66
1569.22
2163.3
21034
984.818
417.666
6808.5
742.427
1957.56
4108.2
1630.15
3618.76
2647.01
491.029
2844.7
2152.47
2572.24
169.266
2085.99
3719.15
3816.69
11890.7
1600.06
1873.83
3403.59
354.823
252.705
5576.88
2537.11
5343.31
1604.31
2995.23
11543
617.673
3352.16
2264.07
3426.19
1115.24
1411.37
869.642
762.191
550.139
1985.56
2883.18
357.562
848.442
3151.1
3344.82
4701.09
4188.17
2259.52
553.419
1395.67
4052
2984.01
3024.59
4493.24
2341.82
5552.49
6596.08
4724.54
616.396
1778.05
790.237
2319.23
3100
4697.35
6049.69
1328.81
9707.54
21445.5
9214.83
291.716
8747.62
6394.16
4977.26
914.587
3422.78
1581.63
3824.39
600.476
353.862
2003.71
1013.91
2108.3
2475.54
1459.06
9642.84
3142.28
2461.09
1001.28
10971
7501.5
9183.54
1574.49
3072.81
11264.5
438.897
2366.69
5008.22
1528.8
1241.71
7635.12
952.392
7510.55
1733.2
1886.07
750.077
391.444
5217.05
2880.64
5122.59
6401.52
5769.69
1871.34
7707.61
1310.88
1718.76
909.773
285.014
7263.79
142.068
5155.89
2482.04
3931.47
6861.06
2180.34
1262.48
986.201
681.117
954.358
1875.96
2359.39
412.502
4649.66
992.088
2646.23
640.847
3962.78
2265.27
9713.49
473.222
4579.17
1042.34
395.306
1725.38
286.337
1196.1
1554.37
4375.88
4864.75
6404.39
531.378
1456.47
375.281
3175.25
2618.41
1124.51
4618.14
1206.66
4448.76
1856.89
888.94
1333.62
1021.72
5798.21
1190.41
505.813
6629.8
7968.5
3470.42
2196.74
6473.99
1356.15
657.382
343.102
445.047
1684.21
1266.46
3982.81
912.373
8875.66
1068.78
1596.11
3756.78
1788
1463.17
1813.46
2222.21
1370.4
6481.56
808.519
2363.81
1437.18
2125.24
346.718
2599.54
7166.35
408.483
4888.62
6626.69
1457.51
1090.62
412.075
6220.76
2280.25
599.883
560.299
4060.12
4016.19
4270.47
3111.02
3256.58
1016.57
17911
4968.67
5837.42
632.513
2019.66
1469.47
920.348
2033.06
6886.7
876.498
2053.37
1334.52
245.816
1916.14
2480.52
7432.36
3086.43
1047.33
3242.72
1828.91
2445.33
1525.92
999.015
6019.76
1483.44
10807.4
2092.94
5556.58
3557.11
6732.55
1201.52
2217.15
6510.62
1920.28
5034.24
1230.19
1959.41
2018.08
12427.3
1680.59
1481.97
4041.69
666.116
414.656
7531.84
2524.43
784.424
4673.53
750.654
866.511
1225.82
7758.94
2695.16
3690.6
1077.82
4796.62
355.095
2160.13
825.031
2636.48
727.7
330.051
8542.79
3814.03
1624.33
1511.76
5667.18
514.059
2482.71
3457.97
3001.59
1944.1
322.895
6920.09
3359.38
1145.86
5643.09
392.571
4969.96
3631.23
11877.2
1327.56
2391.94
3028.99
3964.48
1578.79
2219.35
1475.93
2486.38
2271.31
1238.19
3586.67
3383.56
4345.83
8625.23
4788.79
3108.9
6832.83
876.462
3180.8
1503.24
3477.44
2371.34
1385.95
820.93
805.253
3329.41
5103.43
124.78
313.275
248.541
1416.15
4523.59
1838.18
8404.76
4261.34
8721.86
1533.27
1203.87
5661.98
8383.25
1369.21
5779.12
3341.98
1269.21
1257.27
195.706
8154.09
1404.51
2768.33
2872.76
3583.69
203.34
2486.62
335.478
1430.04
467.449
1606.71
403.693
5100.81
249.29
809.365
1277.89
1506.29
15606.8
693.544
3854.75
7516.31
5999.68
7950.57
2823.77
3433.35
2575.52
1858.18
5025.39
5255.46
1148.06
9594.34
3924.24
1352.38
6092.71
2849.47
2277.81
853.096
324.844
590.691
6300.12
4483.01
9017.94
2517.36
502.209
459.783
6107.49
4639.14
1496.27
1040.75
5643.26
4138.75
843.454
710.902
3617.84
244.369
1022.4
370.361
419.737
1974.22
4011.56
2563.45
5499.19
1280.25
3074.05
6514.66
3620.23
2625.59
381.032
7774.76
527.569
788.73
9129.73
10810.9
1547.67
3418.69
5561.11
16005.3
890.427
1430.36
6676.6
2503.73
5631.25
3400.48
815.029
3229.8
1548.52
6786.96
5675.58
4957.07
833.513
1939.53
506.036
2603.98
1092.83
2625.67
971.71
2280.64
6004.63
5106.19
1931.61
9943.67
669.895
1029.95
212.964
264.155
1956.66
1654.53
1659.13
2193.74
595.649
8489.43
2962.27
3363.61
8207.39
1605.37
3360.88
3416.07
3168.1
217.573
2858.89
2234.77
3660.45
1762.71
4405.57
1631.56
3402.01
2459.64
3876.13
741.18
1273.92
2193.55
3162.34
273.395
3529.57
713.829
6431.39
531.732
1263
242.151
482.098
532.367
569.118
11560.2
742.15
312.872
757.976
545.459
3964.49
406.867
1076.04
1986.12
797.504
580.071
4925.97
652.811
1552.78
9073.81
6471.55
5438.89
3388.99
2240.03
825.964
3762.56
3100.58
2229.62
3219.75
5502.44
3854.73
3836.34
2821.66
904.513
357.131
1694.7
345.325
1012.67
4354.97
4667.27
5136.89
1180.59
1441.47
245.8
2396.63
491.082
1125.4
3296.94
6697.43
681.874
742.279
535.802
2733.61
3997.29
225.543
8040.77
4921.92
2099.67
1615.95
4107.16
1176.55
891.811
2343.92
5659.09
2209.75
2453.71
332.67
941.381
7605.31
3242.38
2117.93
4726.11
871.013
2420.5
2934.66
550.247
1947.54
9350.69
316.844
1321.57
3607.25
5288.88
813.77
7771.62
3443.79
1443.58
232.497
356.57
2614.18
5295.01
6297.08
8671.87
3867.33
1638.43
105.349
3098.96
416.737
1544.38
9723.73
6771.39
1971.62
7911.96
1414.64
2542.1
1081.71
1921.47
761.581
960.979
4830.21
1056.5
5394.1
1450.07
3483.71
3921.37
3548.72
1264.22
1506.31
1723.48
16604.5
1602.2
3030.17
2152.7
3162.94
9699.52
2248.96
13271.5
4240.87
1092.7
3084.18
2781.09
183.374
1575.22
4656.24
4358.75
4509.86
2191.15
6895.86
2450.79
8952.09
132.288
3245.7
1847.01
13817.1
3680.42
4784.82
2064.6
7196.76
2818.56
2717.41
355.115
5580.29
1515.3
3635.93
1425.72
468.427
7291.85
6840.61
1938.06
3119.59
6844.8
1139.74
5466.86
1789.02
3928.7
248.126
7548.1
5640.43
4003.67
2322.24
960.95
1282.56
1956.99
858.673
236.033
2218.59
2381
10181.6
3904.11
173.776
369.729
1387.7
315.343
1134.69
1062.43
8916.88
1076.19
1437.32
9624.24
1717.87
919.51
2060.46
849.777
178.566
3092.65
3410.79
2357.63
3711.66
9176.83
2698.87
931.901
4277.04
11128.5
1946.13
4686.86
6683.6
5730.76
246.873
3434.19
3928.07
5464.1
5006.39
1851.18
1432.26
5403.96
421.949
9422.49
2414.9
4464.96
610.485
5719.81
12890.5
1725.35
1500.11
364.148
174.983
10039.2
1529.85
15871.1
6723.94
5809.52
595.306
7937.83
2928.17
819.347
2958.89
5402.16
5330.02
6335.39
571.451
2028.11
7424.19
1921.76
952.522
4280.62
2732.05
7371.68
2274.77
3950.07
7644.37
5513.47
9854.42
757.807
2128.86
2031.27
680.602
2547.5
351.727
2050.08
1299.16
2242.04
4396.27
410.677
5680.26
11534.7
500.744
297.962
4045.39
1836.17
2918.36
9360.61
3863.54
685.135
3916.63
1522.85
553.555
6800.92
2256.75
1841.03
5890.05
360.043
1579.58
1287.46
2841.59
1771.85
2597.25
3880.92
2243.65
2950.86
1738.5
5142.4
3155.53
2523.47
1524.5
1349.26
404.439
1957.16
4432.35
1516.51
2690.06
500.662
5075.48
5968.73
1298.82
1607.72
917.84
6954.77
3410.88
2395.96
796.93
1925.4
800.669
323.38
2357.65
4466.62
4442.53
1700.25
2772.29
7361.49
897.404
6993.56
684.948
254.912
1674.44
3883.58
1620.57
5778.61
1753.58
1274.29
4198.84
2714.91
5087.66
7189.41
2658.18
1745.78
2053.68
4672.61
1403.49
2249.16
576.418
9074.59
2570.58
2181.57
2042.03
4605.8
1063.46
4736.23
551.855
5873.97
3865.49
12232.9
850.954
1330.82
4221
272.12
643.966
3135.72
4625.95
2963.03
1042.87
4302.92
2437.99
1995.73
345.225
10831.7
2420.17
23613.6
991.739
744.991
9711.24
684.407
1171.52
4104.74
3672.96
873.099
966.005
942.289
1440.15
695.826
3423.26
3056.18
1478.35
1956.59
12247.2
6588.07
8715.85
648.287
12416.7
1925.1
2920.8
3728.21
4722.23
1182.05
6801.51
3542.08
2786.87
2353.33
3019.52
5360.62
818.642
9728.96
941.455
1392.9
494.433
584.911
363.576
5101.71
7134.75
2463.7
1022.01
2193.02
1378.97
4792.55
196.151
1501.35
513.509
4299.19
926.776
15103.5
1235.17
2687.24
1338.25
11397.5
1271.48
14304.9
3250.35
3102.43
353.849
8237.81
3252.45
6186.08
2586.7
1979.46
3022.7
1440.51
2196.49
13001.5
1273.41
442.532
305.369
807.644
7622.22
1850.48
2628.6
2537.48
7761.52
7543.24
6250.54
2095.12
3803.84
2414.39
822.271
1688.24
693.915
2063.98
7284.96
2953.15
5453.11
2383.55
11586
5545.91
405.52
3635.76
2612.61
1289.45
291.002
1221.56
3496.62
554.377
4616.92
2455.07
245.98
1088.8
1986.28
8932.85
3332.28
3407.05
376.378
2231.58
231.768
242.889
3703.21
732.4
1716.43
3144.27
2881.73
1073.68
1737.32
615.011
14357.5
11981.3
2679.91
313.851
1191.57
700.251
2373.16
995.995
5133.3
5625.82
888.974
4552.72
6967.92
6146.47
3171.15
2726.26
2610.22
2488.24
737.618
593.145
3368.97
2956.1
6906.08
772.856
1109.6
6776.5
3189.82
7978.74
1686.79
1845.56
1884.11
2532.76
7517.11
2640.41
1539.14
3374.83
1636.92
1352.42
1194.99
2996.05
1575.53
2519.08
1028.21
5061.79
3349.53
6935.65
6621.42
2251.93
10786.1
1143.69
996.158
5808.56
5477.66
432.331
2625.37
13904.2
2116.9
388.238
5535.94
254.196
4316.33
4675.95
4622.5
2153.82
342.453
192.804
1770.32
2761.79
3477.17
5893.45
3677.83
1496.53
3188.26
3903.77
593.665
3463.84
395.709
2356.32
5495.54
1158.9
3795.12
7511.99
2014.57
1948.12
4864.71
4904.73
680.894
5944.51
2832.85
1691.07
1706.69
7462.55
5335.85
1410.09
1371.21
654.481
619.973
6594.28
547.018
752.78
4086.26
6816.34
3164.02
2881.67
8255.16
1730.97
202.541
5730.71
5138.75
1263.8
7536.76
5457.15
7156.46
6625.62
2615.41
2113.85
548.202
473.186
815.049
5260.41
2525.67
387.781
1796.02
1575.66
3268.5
318.147
792.028
409.968
3541.08
2452.79
2416.05
269.844
2251.51
3303.94
556.133
2031.5
4957.36
5379.35
1953.15
11424.3
1937.54
1738.15
1733.05
786.696
503.43
5652
913.919
705.117
6431.88
3260.67
5287.41
1248.19
1083.54
5978.42
1251.95
805.302
521.902
1224.11
1137.76
514.198
381.397
2562.77
3580.87
4787.75
912.149
1441.07
1063.65
929.619
3207.75
801.744
217.717
1588.59
6895.73
324.762
377.87
470.597
1832.93
5498.7
843.527
1218.47
4531.01
7961.32
3035.64
788.799
4584.73
5996.62
2145.59
795.858
13823.4
3429.59
2566.41
1825.49
1325.29
4319.8
3576.05
1816.89
1001.18
408.884
5954
816.825
1029.78
3914.19
5472.82
6575.97
1058.64
3167.05
724.639
1067.77
3878.65
632.487
2017.62
1300.76
7009.46
2073.45
270.222
4040.38
243.127
463.47
271.777
9081.47
367.257
2655.92
827.49
3371.36
4647.26
3005.7
5487.92
962.675
483.671
10493.6
2461.65
431.748
228.702
8673.94
5061.41
15120.9
2256.3
5990.41
6386.25
1329.76
1975.76
607.054
4379.11
295.405
4158.84
3568.15
2750.9
785.855
8146.9
1598.52
409.659
614.933
5240.62
1438.04
6912.01
485.395
8372.02
949.482
2516.29
1545.9
2399.55
1586.78
5066.62
3665.51
3516.17
4184.06
2908.43
2203.63
3325.06
3024.45
2820.91
2052.41
1232.85
3373.1
1652.89
3015.5
5563.88
3765.12
5677.11
3251.78
513.594
2263.8
4166.61
395.383
10084
4433.26
13510.9
4820.81
9001.77
2174.38
1352.37
6640.58
3882.61
1211.74
1347.23
2145.55
919.912
538.72
6519.41
2066.5
2439.31
3229.67
3396.11
570.01
3498.94
379.313
226.513
4106.73
3709.75
1035.54
4534.53
1164.21
649.797
1378.46
3876.69
1351.48
1128.86
506.814
2115.28
1650.34
1555.56
3099.54
372.818
1998.02
2164.55
1035.13
5330.6
1619.1
2314.17
2435.19
1045.09
1943.48
937.859
5902.54
3258.11
2730.98
1721.1
2694.09
3898.13
2473.82
713.275
6660.38
9453.6
8690.37
3601.85
9274.13
8372.05
6869.31
622.656
762.315
1825.21
7521.76
1981.92
187.964
4525.13
986.052
6966.56
1717.6
8655.45
82.23
1607.89
584.368
4887.91
836.788
2222.83
1559.44
2982.27
12465.7
262.695
1172.13
1956.99
3546.39
1725.19
5580.29
4404.1
1226.81
4263.66
4878.71
2280.04
5611.22
3451.67
2936.35
774.169
10643.7
4463.35
5603.11
493.492
495.022
7051.34
3005.01
1540.32
3558.38
4579
3051.4
9730.84
753.922
1116.53
8727.22
5707.46
237.803
1111.32
1576.15
1656.92
2210.42
697.233
7647.57
8572.73
3895.87
1221.88
4219.16
2603.82
2092.7
3104.22
4194.02
2372.81
4061.25
9603.78
722.052
1059.99
2862.97
660.856
1699.54
697.317
6701.99
2319.94
1483.55
3527.73
961.285
2384.89
1906.21
491.214
2343.03
764.185
3352.4
623.726
3620.03
7173.82
570.077
2070.18
3964.15
9483.82
2687.91
714.897
8469.99
4062.12
7885.42
1059.27
1152.48
205.783
3301.62
4262
2998.36
2659.76
402.578
562.254
778.732
6835.91
6868.59
3752.88
1417.68
320.843
5735.01
904.879
749.865
3956.66
5929.87
11437.5
1270.88
929.104
2299.52
1681.51
2092.81
1582.14
1594.71
3952.65
1812.09
1513.3
3841
2943.34
6965.26
9281.67
497.431
2378.96
247.201
9776.36
8368.71
3600.95
2327.82
5014.51
912.736
159.537
1973.35
554.182
2729.71
252.965
2134.59
1713.73
2578.19
894.172
5577.22
963.085
8849.11
869.62
549.178
943.246
2735.17
3061.45
1773.11
5071.47
6063.24
1951.03
3787.73
11926.9
2092.71
1701.67
1069.98
901.583
355.84
4494.79
3414.57
2973.07
427.843
504.079
16051
3641.96
1892.82
2704.81
1023.02
2699.38
2235.94
1873.93
2444.49
632.987
4193.79
6969.49
1180.29
6127.07
12505.5
783.275
2526.91
216.743
8464.95
9701.46
7263.92
5049.43
12437.7
1365.62
532.11
942.987
1814.56
2068.15
5906.21
5091.47
7384.37
9030.89
3264.03
823.491
10578.4
3564.21
2212.14
2102.75
1738.54
2732.56
6085.1
360.609
2393.41
880.139
1443.6
705.321
7137.18
2875.73
4992.46
577.499
4700.78
9502.9
3680.78
3374.19
985.075
3126.99
791.784
721.701
7977.43
13356
3278.82
1042.93
307.075
5035.23
5606.12
4082.5
3035.38
8541.86
1183.1
1762.95
1911.38
2333
1598.81
151.908
2382.59
8150.75
5407.27
3509
334.486
6309.84
2849.05
344.917
5491.76
2321.31
8067.56
1677.41
4117.65
2969.06
1108.85
6049.18
4331.97
1037.88
3943.18
2221.69
5305.9
6327.78
2016.73
6990.52
4397.11
6298.57
2322.47
5249.12
6342.93
333.712
8817.8
5777.15
2372.29
6732.75
1676.14
8129.79
260.447
3497.48
8254.41
627.973
3191.32
1640.69
734.153
5075.72
4855.44
6216.7
4896.9
2941.85
2688.57
1808.17
1629.13
1204.57
5069.48
6308.71
3962.41
1108.47
4660.81
4331.37
7740.8
690.104
6451.94
13320.5
1065.2
756.646
3863.07
4743.86
749.703
3897.42
647.005
1591.31
2584.33
2678.44
3830.62
1349.25
9490.28
1056.07
2247.81
2986.12
2243.17
456.488
2399.47
247.247
2539.6
1559.91
6909.06
576.27
341.426
561.301
1227.03
6255.29
6672.32
2636.2
3306.95
11521.6
1983.98
1219.01
630.405
3419.12
2577.48
178.087
1777.23
6284
2032.61
10340.7
6882.91
7340.75
562.023
1186.96
4898.34
1466.27
1632.14
922.068
4041.84
8231.25
3746.65
2229.83
780.817
2501.7
9507.11
10509.1
2649.66
535.788
397.99
1377.8
244.842
1302.66
3018.01
844.606
1455.56
1377.46
533.036
3894.01
576.882
3027.34
7093.86
234.256
4987.76
3930.83
5755.07
895.475
5201.89
6346.2
2783.74
4604.93
8888.05
1100.52
590.915
113.432
1144.15
551.932
455.969
6680.86
591.545
3019.6
1236.28
5938.04
5862.52
1871.86
2093.96
10216.8
333.731
1025.02
13083.7
8850.56
999.868
806.435
1779.75
499.468
411.568
4582.45
336.42
3808.74
3277.74
137.66
2284.31
3946.62
1916.27
6124.04
7649.09
3458.25
827.29
5487.01
6577.51
1425.06
13391.7
1495.98
2230.05
513.852
2207.25
753.77
7563.83
12392.8
5500.12
563.146
2060.57
1061.04
1151.74
5314.53
1381.72
241.223
1930.81
4572.75
4749.83
4964.24
2161.46
13735.7
5151.58
5013.05
6954.65
5518.71
4924.37
2189.29
608.373
7355.15
14503.4
2735.33
1296.54
4066.78
4244.95
516.563
1579.99
3137.46
3172.12
9888.95
4905.4
1303.7
2524.21
799.847
4288.29
2264.69
7580.43
5472.65
7877.51
173.213
2053.67
750.11
1170.54
232.242
4199.61
3151.69
5843.34
774.44
6830.1
3648.56
730.957
7532.27
7255.63
313.596
11152.4
967.922
4655.29
400.183
3390.98
5800.47
358.304
2213.99
1469.62
460.357
1282.07
10909
3703.03
582.714
476.495
1616.54
1021.34
3486.23
6494.47
5327.61
3592.91
3780.73
746.115
2988.12
757.69
1436.21
1467.42
7421.5
1937.43
5821.38
7309.43
1081.77
6176.38
1084.32
2105.92
623.459
3136.85
1435.3
731.072
1544.45
158.387
2552.38
3148.26
8680.75
854.034
607.693
545.205
1600.7
4153.24
4418.1
4526.56
953.416
1036.1
3359.5
4105.08
2753.22
1199.08
3668.81
365.36
1508.51
1314.05
6684.14
1706.03
1644.94
9489.41
5813.11
1975.39
1212.71
3004.11
7058.8
3323.72
1419.67
6241.65
4499.51
383.602
7313.87
4882.86
11196.6
2567.75
1238.99
1473.09
1754.14
1773.8
6001.39
833.898
791.711
595.412
3802.46
6279
3578.65
1312.54
7058.54
2268.84
3722.61
3093.83
2703.17
672.977
5176.45
4396.71
4541.25
3661.11
8668.17
913.851
1318.4
1200.87
1161.65
2595.63
2916.82
7193.42
2840.36
2190.26
1050.37
2729.76
8321.78
3142.79
2581.32
4974.62
9361.79
480.692
9767.93
2618.03
3998.34
1178.64
3226.76
424.688
2105.62
3821.95
5969.19
12143.6
472.989
2986.69
6410.35
5922.7
5179.77
3822.39
3149.5
3382.75
6188.62
5384.73
640.213
529.082
1509.82
1502.05
1111.2
149.162
7783.8
4330.92
750.185
9383.5
821.628
222.643
4239.92
587.434
5999.09
7844
5105.37
8167.17
14858.4
4957.39
5396.17
4082.8
596.554
2523.48
488.469
2119.06
881.944
2045
5986.79
962.031
3938.09
2380.32
7448.59
2566.95
2060.62
431.765
3815.63
4368.83
5675.36
2273.83
7131.26
664.378
1902.2
5100.86
1750.49
10568.6
1588.75
1065.77
1706.61
1718.63
1070.66
2820.32
2276.11
3731.09
1076.27
2975.92
663.188
436.026
532.13
8853.75
3656.43
1501.46
5538.09
6047.71
1816.65
1795.94
3993.72
227.828
3173.32
4274.74
10476.5
2315.87
1328.29
9103.5
8174.66
1992.88
3774.7
4965.41
4769.65
7311.36
3136.76
1970.34
525.147
467.657
1204.52
7198.82
4135.24
3959.05
4099.69
10732.7
2963.03
1880.54
668.617
7737.65
1514.25
2604.68
3468.54
1068.79
1155.61
3924.91
595.769
5718.29
3101.55
9016.3
3181.18
6298.53
8643.49
2583.91
1425.23
3326.75
542.522
11704.9
4147.62
3338.01
2053.41
4197.33
4738.76
335.764
6160.71
5800.61
7369.85
6169.02
12625.8
1755.26
2005.77
5732.52
3313.31
4380.73
1866.97
1309.43
2163.58
8858.1
7023.95
1285.85
1815.05
3103.63
7652.71
12186.2
2599.61
3957.67
1157.84
6597.36
7757.73
846.3
3352.98
9856.29
1619.31
2510.76
1502.68
3179.13
1247.33
9738.99
279.966
4868.56
465.785
1249.24
1435.93
1912.24
3873.9
128.183
3938.45
455.331
1490.87
182.632
621.723
2610.88
14611.8
1171.66
1959.79
1501.45
4894.9
909.07
9927.41
4306.21
3452.82
12911.8
126.894
3648.37
963.235
1144.3
1379.44
4292.69
17327
287.642
5147.84
3820.09
3602.1
3361.28
2335.17
7454.69
5575.67
1774.07
2496.79
1903.87
2453.59
5219.95
20713.4
5100.15
3703.97
779.031
2842.43
1079.74
2198.32
1649.36
673.857
6870.05
2596.25
898.639
18626.8
286.926
4276.79
13461.5
1835.29
1642.64
725.03
1007.19
2662.62
10312.2
421.519
4980.21
2084.04
673.215
1015.15
930.749
949.012
1800.3
1855
2477.62
1834.55
1140.36
2127.81
1469.29
2241.78
5817.49
7876.66
12963.4
553.365
3306.35
4213.38
6251.92
6684.22
2002.18
221.409
5640.79
916.103
2229.85
5090.57
1493.03
2795
257.165
5975.38
15644.2
1652.37
3389.98
660.629
2184.4
1941.12
5043.86
3588.52
549.98
6380.97
444.52
4785.24
11343.6
1446.79
1497.14
2363.36
931.305
5020.41
1182.41
3340.6
314.363
4934.85
3341.59
4260.76
2223.57
1709.28
5256.98
249.107
3256.37
873.636
530.128
2822.66
305.624
5393.85
8415.6
9432.42
454.157
8190.03
2254.83
16444.7
2098.65
5622.77
1540.18
3152.19
6649.63
5172.43
1106.38
5791
1787.5
6869.13
2112.02
1231.7
1103.16
948.202
13854.5
2068.16
2925.72
2010.19
2264.2
923.047
1678.08
542.78
7328.36
477.541
2290.35
259.048
1743.51
3954.09
1993.89
5238.33
1366.79
9120.79
5881.13
977.711
1768.58
761.085
1223.24
3304.85
334.918
2136.5
11870.3
1994.64
1124.1
3803.76
7111.17
2714.66
1015.19
9113.86
673.569
3711.22
4127.54
530.83
1530.15
5079.22
851.631
6401.81
2563.6
1182.3
934.734
1306.01
1876.73
716.976
1220.7
1498.27
495.894
2818.69
2366.41
2095.09
1661.66
710.844
2971.87
12191.1
5100.55
1713.83
5695.76
5680.6
3524.7
5134.51
2470.08
1474.39
601.377
6114.01
2608.92
5674.24
1857.55
2808.91
1597.16
976.5
1642.37
1364.45
717.095
791.236
3012.37
2224.39
2323.07
1076.08
1572.2
4987.77
4642.62
354.488
3267.14
1084.78
2779.35
680.399
11706.8
7030.38
1194.41
247.071
852.129
5551.66
594.184
5807.51
270.806
814.784
1424.5
2822.16
2813.21
10543.5
2563.08
6505.08
23705.9
1702.69
1463.59
6575.61
999.69
3744.01
1112.15
5136.92
1143.89
500.32
10646.7
2631.08
1273.94
223.916
341.492
624.911
1556.17
13415.1
4308.37
6830.49
321.417
1446.39
1708.31
3884.98
385.638
1859.01
412.768
2072.15
4923.86
2847.51
1550.21
2870.22
1074.32
12479.7
2030.1
4740.14
6414.46
5125.59
4710.57
1675.31
3788.63
2147.57
551.91
2802.02
1539.53
11630.1
3245.4
2201.02
2066.93
1238.35
3515.2
2379.1
4914.5
3366.28
8636.57
552.44
508.345
3425.2
1210.54
1565.54
3397.42
493.977
405.643
4347.98
1578.89
7107.16
3541.8
2101.8
6569.64
2886.51
2330.17
1037.65
1238.63
13839.1
3498.32
490.339
2864.62
1176.21
4830.58
819.381
1749.06
14204.2
2843.21
761.641
1596.25
3592.59
5216.2
1991.08
2324.39
616.717
3553.15
4210.15
2429.49
6363.62
9679.43
2912.2
858.287
3862.8
13312.6
1579.27
586.414
2418.1
4205.87
1590.14
1003.69
9584.49
4192.42
342.898
232.279
5079.75
1135.3
1232.11
3058.66
263.223
3588.15
1560.29
1125.64
4279.06
4122.98
167.091
273.488
3312.07
1707.39
1794.61
6882.59
4199.29
1147.37
286.005
2217.11
1586.42
932.593
2340.69
13199.2
191.458
5537.84
914.256
3098.99
5357.98
448.277
6613.4
1906.14
7055.83
3876.8
1082.46
2536.02
2401.91
2806.07
792.286
4761.35
3155.22
5293.86
2689.62
2988.61
4203.93
1483.17
2955.48
1218.92
1669.47
292.191
4007.14
2724.67
1505.06
1006.49
1150.28
3706.42
5434.85
965.808
476.879
3022.62
1447.25
2735.08
3577.23
1833.31
156.237
1445.15
585.027
3453.42
1223.5
469.027
381.294
1736.03
2779.45
5136.28
6587.56
478.043
1259.49
4714.61
2440.03
2399.77
1314.47
5095.38
795.179
10790.7
1866.81
231.239
8979.46
1162.62
1811.13
4574.13
399.336
1742.02
2407.32
1034.93
4641.17
244.173
768.399
1189.85
2068.05
1839.3
16917.9
1468.88
3162.42
12468
2564.8
1465.95
257.943
1327.47
2480.46
562.395
11055.6
968.373
3845.51
1231.2
242.05
3161.25
4532.95
2102.71
9902.93
641.974
3855.4
3407.71
1205.03
106.818
4437.12
3120.82
977.119
10556.6
5810.19
805.115
5864.87
6458.53
1254.11
335.513
1353.44
3009.95
849.149
1068.22
7941.17
982.675
498.993
1703.99
2515.08
1313.34
994.198
1250.21
2994.35
3618.58
9419.98
9172.6
6152.23
935.608
402.782
2525.55
6817.38
1126.39
3719.56
6204.06
2205.18
2043.02
1505.83
2364.92
1287.45
3411.14
350.408
7088.07
186.651
7329.42
4728.6
3707.39
323.192
2887.85
918.548
7637.06
2405.9
8376.86
1861.89
79.296
721.034
360.828
1144.67
10154.2
2354.13
5024.42
384.627
1352.5
7625.25
5145.98
351.022
289.499
2570.5
11139.8
9683.2
467.388
582.178
2479.62
6480.98
10381.1
170.032
4334.54
923.862
1926.32
1789.3
2558.96
2121.78
723.415
2049.91
1140.53
2284.18
2200.17
794.016
9738.34
2870.62
12148.7
8424.96
318.555
3303.09
5760.38
321.976
800.582
1112.85
1659.28
878.598
13643.2
3256.24
469.578
2855.5
3873.3
891.259
9927.13
918.075
1723.69
410.779
230.19
10104.3
461.86
3685.04
842.051
5911.9
8153.2
429.708
3873.4
427.819
494.592
939.214
746.671
3313.69
375.062
938.08
695.113
1545.09
564.829
5202.73
2551.88
1916.09
1601.58
2118.68
2561.78
888.532
6065.99
5728.56
8326.41
2817.15
2003.56
645.761
5654.53
3501.01
5514.99
6778.57
4192.52
1439.34
2535.43
4796.83
817.344
908.115
339.01
2413.92
2206.22
622.734
1596.55
2439.99
2333.15
4709.27
1757.5
1653.88
2977.53
8050.82
1476.42
627.665
7514.79
9408.93
5556.6
2856.63
3265.71
2155.21
838.337
754.418
999.082
889.512
2263.73
10149.7
10191.6
2393.21
7186.14
4201.12
3399.33
7507.57
7163.29
436.555
625.837
666.647
541.137
5429.08
5492.15
3290.14
423.573
3152
750.781
11718.3
453.927
7281.51
671.236
2456.15
2318.45
668.983
988.617
4099.97
1228.88
1262.44
1539
783.631
10541
3038.24
4362.38
2717.36
1830.71
3172.62
876.793
4368.82
1209.13
7796.55
576.783
2564.66
4812.53
932.673
1013.77
3548.05
6187.41
13735.4
1799.87
1602.38
1825.92
4008.44
1002.7
1008.2
3634.57
2644.8
828.174
1510.02
1904.32
1386.03
1265.77
1613.27
5168.48
231.164
7558.69
1382.34
351.262
1854.5
7931.53
718.015
2277.24
822.884
937.667
595.341
8432.08
1940.79
7797.58
4014.82
3069.23
514.451
1075.24
9337.55
5347.71
1145.87
13049.1
150.019
679.5
6686.85
3895.66
178.683
2449.8
816.525
5344.07
2872.59
1793.39
953.487
458.536
8544.19
2157.96
1548.72
10603.9
222.127
973.468
920.738
1294.82
5726.88
3104.27
2700.66
2174.46
10172.1
2446.83
1085.27
1193.75
451.249
230.454
528.642
1011.5
302.453
1256.51
2373.52
1562.86
2724.12
5976.92
11143.6
1221.16
3466.11
3211.31
3163.75
6108.75
1141.41
2486.03
4037.95
7544.08
5292.69
1289.61
2491.75
2227.12
3216.03
9375.69
9975.21
3386.84
2592.35
1588.45
334.641
5776.01
972.363
1232.31
904.752
6330.77
890.46
7078.15
1716.32
513.593
1276.05
374.986
320.804
8586
7548.41
6553.7
2583.74
2532.77
2214.99
1510.65
1518.56
2737.75
1745.38
5746.35
1066.03
1218
3656.3
2596.05
4993.08
589.221
9368.68
4570.75
13067.1
3580.68
5247.64
4489.78
1886.87
1154.44
5719.24
3938.99
3122.92
8503.3
1930.61
3906.74
1632.58
2411.74
561.915
5658.75
771.387
2475.16
638.209
2607.69
4615.37
7464.3
1761.96
3861.33
1916.33
4046.72
327.97
6127.31
1016.19
214.467
7887.28
1214.89
1484.48
1340.1
1524.17
1372.81
9575.55
476.109
2557.71
2195.68
3094.88
3826.54
2412.36
2993.67
2733.69
1990.1
3203.64
4835.79
3012.95
1047.56
634.171
2170.28
3114.75
1146.16
1625.14
2211.05
17489.3
2212.14
3165.89
4517.17
3615.17
1469.83
928.252
1265.78
6743.25
10302.2
592.811
1005.6
1428.08
637.896
135.389
863.447
2075.24
2252.2
1475.51
3069.52
1217.32
2863.84
219.91
5785.21
2070.46
504.908
4466.87
1418.43
3372.14
3588.65
3916.98
1700.89
1240.6
2945.78
1291.12
749.171
403.963
2071.99
1406.36
2672.13
993.457
3785.05
3342.45
15776.7
1070.17
321.543
690.032
1474.33
6796.19
10285.7
4271.94
355.75
1902.55
4112.31
2127.93
3523.34
5702.79
907.055
5300.72
575.202
6518.65
6266.6
9478.58
409.489
1890.89
1465.99
2616.01
675.908
6657.27
3299.05
1148.09
535.204
735.806
207.328
740.162
20906.2
407.08
302.222
3435.25
3126.68
3035.93
4844.33
1487.05
943.07
783.74
2832.82
1105.84
3223.16
4617.57
661.512
13751.6
1670.1
1321.19
22427.2
264.042
2606.94
1158.75
1742.18
1482.54
179.988
1083.51
2404.07
4223.36
11144.5
8265.89
4037.87
11096.9
621.189
598.634
4064.35
1427.62
2612.79
4679.8
1452.75
3867.53
1355.5
7591.56
4361.94
2742.96
1130.17
2929.08
376.114
3070.83
2720.63
3016.11
1325.01
1471.26
2244.27
3021.39
16516.6
360.405
747.798
1900.31
4901.33
4698.11
3507.04
2500.31
784.856
7505.48
131.935
1301.32
1751.44
2366.14
692.013
1530.6
290.036
692.392
1923
1907.1
4510.26
349.822
369.273
2166.06
2822.62
647.5
1742.14
2859.15
5664.75
3603.37
1087.83
5263.3
5890.32
356.511
561.903
1701.91
6861.82
5738.18
518.159
511.765
4259.02
385.451
520.036
5676.8
3816.63
396.232
8798.1
4982.18
4804.44
177.672
2291.86
5173
365.019
427.685
5697.86
301.522
292.334
3060.16
800.799
223.423
212.36
2998.03
2568.01
6671.03
298.993
2175.14
492.933
4229.63
199.084
2228.21
897.074
5111.18
1769.56
8128.96
175.9
4132.86
6032.39
1904.05
1585.58
4640.91
1664.02
2710.91
2401.21
3961.78
236.63
528.462
2536.92
3295.09
2316.04
7446.66
1904.02
859.09
982.522
3112.03
494.512
5529.67
5073.03
1818.24
5738.99
3422.94
4155.39
1023.18
5998.25
1824.91
583.953
1613.82
2362.54
6165.9
4285.28
4777.58
848.779
3298.85
322.254
1203.99
648.342
162.687
4401.96
1568.19
2634.84
9891.31
6106.8
503.407
3727.89
1345.51
2566.53
6757.23
9869.75
1103.64
662.151
2115.33
3184.74
1209.58
4289.29
484.246
11238.3
1132.51
2993.83
1135.45
3036.16
7223.08
1290.92
1889.36
3393.21
16066.5
10343.2
1448.12
804.961
2653.68
6298.55
3014.79
3099.99
1962.25
455.481
826.989
4537.28
1334.35
7392.36
2505.92
654.001
2620.29
6039.82
7920.59
688.11
233.773
2468.35
3418.34
698.828
3822.83
1150.74
344.276
2140.11
3952.46
1266.87
1092.56
3561.15
376.663
1090.79
2566.29
4026.74
1679.97
668.232
1337.41
4123
7892.74
8961.08
269.58
4944.22
242.939
1491.53
801.017
3142.31
3585.96
2082.17
12412.9
4890.65
3461.57
951.351
1714.88
12215.3
792.782
11942.6
1849.95
1169.86
210.997
3824.47
3125.33
770.939
2584.88
380.614
3506.87
712.604
1349.44
1836.64
3729.57
830.167
2750.79
14289.4
1869.57
3997.2
6666.5
465.214
6018.22
1175.58
5032.84
755.547
954.824
952.494
10445.1
835.596
2125.89
3961.38
7293.91
4925.11
6101.51
516.939
2318.54
2997.09
4715.17
2768.76
5492.94
552.279
1678.46
2842.48
7508.77
3300.79
1356.5
3193.11
4593.11
701.057
1981.91
242.186
3193.41
1871.69
186.513
1527.93
5030.57
8382.51
1109.66
930.569
176.917
2175.84
3358.59
606.407
133.021
2611.95
2630.78
1370.6
2524.04
1462.97
1685.37
4515.58
3304.3
1102.69
1016.53
1089.56
5528.83
2176.27
886.195
9856.56
1110.42
9883.44
532.724
6085.07
13826.4
3761.32
2207.19
6696.99
2583.34
8295
1475.88
2375.94
16761.5
6465.91
313.438
720.009
857.77
1059.02
6560.74
828.97
5303.65
2207.68
5664.83
5744.86
10586.6
5013.38
2017.85
3039.81
5267.1
4871.98
2577.88
4519.73
8637.32
2730.71
2061.71
975.749
515.127
3433.88
4632.11
9003.18
3217.82
1902.56
107.915
1322.09
1277.26
4187.91
512.285
1309.73
16458.7
2572.54
901.791
3943.38
780.815
686.825
3678.53
414.551
1279.34
5072.5
2111.08
8313.78
1118.92
263.811
1941.77
331.29
1382.64
4260.58
4904.68
5399.42
857.03
864.58
4779.78
361.814
1531.96
302.179
7815.34
1273.23
1658.32
292.049
178.672
2560.12
1734.9
6238.77
6102.39
2250.64
3784.7
10032.9
305.279
1204.39
604.525
1170.15
2138.07
1579.97
2775.14
2837.24
9035.86
4445.56
2360.06
598.936
753.111
3026.7
3595.23
5907.39
1925.81
4462.24
5002.6
4004.91
10327.4
1525.52
292.015
5058.44
1878.66
717.37
1302.95
1465.26
1708.13
2003.97
1478.34
1185.18
881.699
3645.08
252.878
10855.8
6815.95
4465.2
2673.34
5932.27
610.663
1666.98
1264.66
8278.97
8912.09
1902.8
263.344
2278.09
971.175
6718.68
688.122
2611.93
9241.95
557.321
228.651
2385.07
1953.72
1843.19
5768.51
5102.16
3529.7
4306.77
346.301
5187.46
5288.16
1815.69
1485.45
1800.16
1469.64
1322.16
1793.07
5683.1
12387.6
3028.92
1881.89
297.619
4018.22
3026.12
612.674
1568.36
912.025
2224.84
216.628
3619.53
7488.85
4138.4
1756.34
2470.43
425.534
4490.54
5414.97
108.638
1897.02
1610.45
6822.51
5851.98
3939.44
591.5
17047.1
652.559
1875.95
10636.4
2555.33
3289.92
1509.48
6696.19
1995.84
570.857
2692.75
2147.59
240.781
2092.96
1230.78
4513.55
5146.9
2016.17
1390
3039.96
235.371
2296.78
2082.19
3350.38
1453.27
4104.47
5146.09
3905.88
7749.1
4371.25
8334.66
945.78
1583.02
2358.38
327.26
1119.98
976.211
94.5893
861.75
1388.73
9727.26
2197.75
1393.45
1177.35
476.542
3674.55
5530.67
3076.82
2537.04
289.355
335.408
787.667
3318.18
1777.51
3388.96
4071.84
6056.51
3850.58
4121.56
512.918
2267.05
1348.53
1239.74
1011.68
282.17
5747.62
1752.9
7942.47
6832.74
1591.68
3347.01
7082.19
4678.62
5482.64
1716.1
13618.6
4115.59
268.928
1310.76
11853.2
1918.58
3450.4
798.056
8554.1
885.86
2888.85
2936.55
940.889
811.439
2852.41
324.528
6235.12
417.156
1651.36
3828.39
4935.18
4586.85
3510.94
460.26
780.858
1809.32
244.691
774.502
1855.17
5973
1465.63
496.189
1462.15
7453.22
1504.64
1634.25
5615.92
3624.07
2402.21
694.076
11790.3
4722.38
899.619
4363.1
5234.69
3573.54
929.979
424.221
193.646
4224.19
1495.03
2841.14
6358.2
890.454
528.6
2053.35
278.052
4771.71
311.175
4575.9
1067.68
4145.1
7877.75
1309.98
2542.07
4711.36
2931.9
3817.12
747.709
2356.87
1637.64
9181.28
1680.15
1680.38
321.981
5386.74
1677.35
3017.76
3163.16
375.236
3406.47
221.623
9455.02
410.123
1492.39
1272.62
3249.86
2806.43
1252.84
1775.22
9907.6
9838.04
605.453
1100.7
750.068
471.773
1323.53
5195
1825.07
1358.63
3290.3
7544.22
671.151
401.464
804.639
3473.61
904.346
5105.46
6379.1
2324
2727.5
5988.26
3373.01
1232.31
10321.2
349.313
14506.8
1971.62
2774.91
843.12
5367.24
630.821
476.671
4635.69
1500.46
923.135
1543.27
4490.01
2863.29
761.292
691.874
5354.99
5044.99
10103.8
1049.83
1241.8
1201.16
2278.79
963.655
2323.81
5838.13
3363.64
2899.06
825.674
10864.8
2439.76
1528.82
1254.49
401.975
5984.43
1187.12
422.858
5757.46
1597.62
4548.66
1754.87
561.32
9359.12
3896.85
4718.41
2288.36
1640.29
496.603
3782.64
2492.52
1970.06
444.142
3059.04
1505.05
571.262
152.411
2060.94
6424.56
3592.82
933.26
727.833
10327.5
689.664
154.593
1981.91
3050.61
880.017
2239.5
604.734
11972.3
1528.33
468.309
4276.07
3170.84
3134.48
381.93
1109.7
16136.6
3216.09
6042.27
6154.73
2094.56
1383.96
6604.39
135.747
2425.04
5757.32
1498.33
1136.15
1571.13
8314.06
395.554
502.459
4054.23
1863.64
628.882
1669.21
223.961
245.021
2654.94
2555.92
1859.62
7603.74
3709.36
10487
2604.54
8555.87
4087.1
196.787
1432.75
8873.42
2571.99
206.323
307.268
803.303
1926.18
2914.22
2053.81
4019.57
9969.26
2311.41
4861.43
4067.22
2042.69
2621.23
792.313
11716.1
2992.68
636.364
3849.33
6828.41
3647.86
3909.45
263.413
721.344
4040.73
1138.46
1194.21
2274.29
6608.18
834.228
5429.41
3124.16
305.183
4573.88
2591.83
268.148
11689.3
289.466
613.913
2227.06
963.975
9460.76
1930.54
1009.47
2643.09
983.841
2513.71
1017.75
1030.69
6110.24
1519.1
4481.3
3249.67
649.374
566.766
2394.44
2219.97
3148.05
1306.55
633.767
4206.28
4734.75
5078.16
2123.74
1902.5
727.354
437.741
7380.17
3961.72
424.422
10971.9
10441.3
5439.03
1659.89
3959.53
5948.18
339.468
1627.22
500.94
1444.08
619.972
5297.4
369.381
1039.01
1344.67
4034.96
7044.07
1911.78
11698.5
2721.38
361.554
787.287
8035.17
7565.35
5266.84
1508.88
2282.84
5475.31
3125.02
5752.9
2582.79
4519.41
5223.86
2647.69
507.32
1069.01
1221.76
1790.97
1494.74
3653.31
6581.62
395.925
1664.37
387.35
1323.6
847.208
5003.89
275.876
915.686
2913.37
2152.19
3811.37
1341
1147.29
1829.43
1582.87
3496.4
10597.2
7444.22
2976.11
10681.8
360.416
2726.53
6675.96
2222.93
2702.64
908.155
308.275
4609.77
1433.46
387.974
5623.43
102.613
5675.7
1544.18
7560.59
3284.44
287.071
4641.83
1140.64
3250.3
1117.42
2946.69
276.724
2595.09
616.051
273.401
4350.14
1134.67
3120.86
421.456
2155.06
2962.07
12607.8
1685.27
4179.79
1647.17
2476.18
2011.73
2637.14
1189.86
7243.18
743.583
1298.89
7363.1
2994.05
3914.8
5013.31
1871.42
5066.56
3063.67
3878.6
1971.92
4061.35
3667.76
3712.73
251.624
5289.6
1135.35
4899.57
2417.71
3242.25
4150.16
7750.08
5200.31
171.733
1258.15
1863.04
5387.71
2163.37
1012.51
7855.38
2068.55
1858.88
3897
2876.26
1104.46
3084.69
2495.23
13195.3
3172.42
6870.04
1112.95
8758.34
3328.62
634.222
2083.73
1903.69
2489.04
979.743
1806.97
7275.04
4356.63
4222.22
2499.91
12653.1
1584.89
3778.09
2802.21
15491.7
1133.13
1144.3
2491.37
3287.14
4441.96
278.176
11636.5
387.878
249.816
9434.09
4253.6
1363.18
3238.13
1460.49
779.835
2197.27
3085.27
939.021
6815.06
2136.37
1421.95
2555.35
1237.05
3614.04
5738.6
2088.68
219.006
412.932
1219.97
493.212
1228.78
2002.86
780.146
6328.71
2202.92
8502.46
7196.98
13091.4
830.955
587.975
658.181
1005.28
1481.95
494.591
1209.48
1777.06
6293.74
2359.29
960.308
2150.3
1500.37
1669.5
1896.25
3652.97
2050.03
1985.82
14414.2
106.859
9252.21
279.036
262.596
5103.28
16064.7
1892.18
1021.46
1109.26
3341.83
9925.85
6854.45
2292.03
681.411
637.554
4057.1
958.567
2425.59
1676.75
2894.39
478.7
1227.54
3874.69
6033.44
6524.95
5923.67
457.075
5678.46
5823.68
12750.2
17284.8
669.762
1583.2
9956.28
1017.11
5519.34
498.137
670.681
4898.69
402.465
2642.13
6740.55
1053.11
6259.43
224.092
7169.62
800.484
946.135
2428.81
120.896
3456.88
353.63
640.822
3305.81
4358.05
2003.1
1700.08
5299.56
794.978
15584.6
1560.53
4687.41
4954.9
2562.53
3780.51
4128.86
694.805
1366.99
1702.18
154.276
4413.62
1645.96
3435.92
2353.29
571.281
5126.09
3929.76
1574.39
479.331
5656.36
1957.06
4094.7
4715.28
2173.7
647.838
2045.4
575.248
2172.67
1585.62
8894.27
268.224
11372.2
5278.09
1813.89
1679.26
4948.38
1650.3
3652.02
7613.02
1405.85
9330.11
596.06
426.861
4140.79
4841.8
2331.13
165.522
983.085
2585.91
1855.16
4963.26
1533.58
7069.79
3054.25
3539.22
11789.9
1003.01
6102.01
1426.05
362.477
5040.18
711.595
467.648
8185.82
2431.63
989.006
3279.48
1467.08
3040.58
591.962
407.801
1432.22
1247.66
2025.1
6071.06
823.644
930.466
5837.65
1135.27
2090.33
1296.98
3687.58
854.971
6419.02
3151.41
1439.59
4621.3
5611.35
887.252
1556.93
5910.7
5113.08
6169.61
823.981
3425.61
1364.17
1598.23
3240.11
2884.58
8282.94
371.888
2391.31
3174.02
4803.28
4079.9
4493.31
3934.33
870.239
1554.94
5364.07
1819.98
9397.77
10082.4
7742.09
13302.1
2574.16
6623.65
12425.4
1297.06
4221.36
4323.66
3251.14
405.096
1106.83
1237.19
959.67
5156.52
2330.79
469.87
10197.7
2011.71
2757.5
344.258
1454.07
461.569
3007.62
3655.24
5770.16
1250.49
3215.76
273.655
4758.22
1764.35
3015.28
5363.5
3511.58
4835.2
2191.24
1358.35
2897.68
710.827
6764.88
1190.75
7959.64
7483.62
1429.61
1253.44
1370.26
1069.62
1955.19
221.037
1990.94
6849.33
4006.43
2840.67
1717.19
1413.72
906.249
1345.12
6887.03
2228.93
8677.59
982.268
2695.95
863.716
1014.74
12266.2
5449.19
1097.54
1586.8
1387.86
9071.59
2380.48
2059.77
572.437
211.763
1315.9
2534.45
1539.96
1150.65
2298.43
2250.94
686.093
1511.97
3845.84
6486.51
1013.01
1393.74
4014.31
959.955
5337.27
1989.86
1943.44
14368.4
721.145
6122.91
5415.62
1405.77
759.15
643.253
656.707
2703.73
727.985
1202.15
5056.02
6558.57
745.765
2322.94
3291.87
561.469
7281.46
1231.28
3187.76
790.9
2107.53
450.832
8747.9
9533.35
2459.53
952.202
1094.69
226.658
1553.42
5423.49
5673.21
2054.03
1503.12
2425.18
1050.12
2477.97
417.87
2784.84
3804.83
4253.66
600.021
5629.77
10757.5
4874.6
1071.62
796.058
217.477
233.023
3832.6
270.913
1737.1
8628.54
21533.4
1344.19
3659.9
2910.95
1511.56
7978.84
693.101
2371.89
2035.03
1164.65
6398.56
2526.45
1967.09
4395.08
10071.6
341.071
500.648
3708.25
1486.33
2707.46
707.827
534.839
5801.12
648.642
8599.72
1725.06
763.545
532.553
2784.88
3666.8
2966.88
567.806
1080.44
9459.64
7749.2
1473.03
1838.88
563.765
4466.28
1225.76
1074.84
527.128
3065.75
2709
893.852
3939.16
1127.26
2705.02
2260.09
2363.75
1355.08
1025.01
1022.62
8575.75
834.165
7581.22
2603.28
722.782
1247.76
1315.81
1454.21
3704.19
2116.13
625.467
1754.92
2807.43
11604
387.969
3467.86
674.02
923.971
1220.89
594.663
4475.95
554.892
463.049
3102.36
485.059
1867.4
3980.61
2493.13
684.201
3698.09
1247.49
805.383
10491.6
1451.14
604.384
3603.43
3986.28
16406.2
4329.79
1405.81
2629.42
1883.6
6968.24
1968.47
1161.21
4167.02
324.544
672.979
1453.07
576.545
1283.78
412.127
5213.49
1009.3
582.966
1650.31
4623.55
1941.14
994.338
2516.43
767.814
11088.6
2088.11
357.662
570.047
572.628
6133.2
1630.07
3676.37
1493.31
1161.52
2678.27
2626.44
1838.97
3666.42
941.324
1176.16
2448.03
1204.56
2047.43
6502.91
4154.03
2187.34
3039.21
260.197
3777.5
5320.63
2600.59
6192.79
5171.44
10973.1
13132.4
7179.79
8847.28
1727.67
5503.99
2344.36
5675.08
552.787
2733.94
1153.28
239.804
4409.04
2801.78
2259.09
1392.03
1454.36
393.13
2239.61
1660.12
667.968
1779.38
1271.95
267.528
4620.84
7763.11
471.646
2668.04
2901.23
717.608
5601.17
3919.74
1173.68
288.946
3450.67
591.985
481.694
237.06
1347.7
3540.65
3773.4
777.111
2114.74
2112.1
502.972
1704.14
3146.03
2318.24
200.287
7356.43
11933.8
577.293
998.265
3125.66
1190.76
2262.28
4871.54
494.423
972.851
265.011
223.671
10233.5
1672.71
650.052
415.122
1231.17
3221.58
1506.76
1628.37
505.191
395.253
3459.89
1219.48
3139.12
12090.4
15631.1
2891.89
4348.15
14279
890.304
1928.58
2692.59
3590
1188.97
1641.42
6472.09
1144.72
2466.11
1429.22
6457.79
6134.5
5090.37
676.069
693.933
5623.89
7628.25
4301.98
14835.6
3380.41
543.884
370.831
2567.36
1003.77
1141.77
10157.5
4876.23
2103.1
2974.61
3166.73
198.389
2614.63
479.997
1631.67
8029.99
5103.32
2365.22
5436.16
709.904
9217.78
2840.1
10521.9
3441.06
11389
1293.01
583.962
2449.32
707.083
1288.31
439.441
1079.02
5045.93
4348.73
3678.22
19074.2
2543.5
9787.32
1367.73
4563.2
906.871
311.785
1247.29
6144.74
1660.41
1239.07
310.572
5566.01
1128.67
702.444
5226.86
1936.89
856.772
2977.96
3949.39
2638.37
194.858
909.221
1362.36
16316.8
1088.49
518.387
2339.82
1336.86
847.363
2757.11
2476.38
3039.1
10714
7280.55
1544.59
2408.92
1091.65
7436.43
2742.06
1666.25
7633.51
5072.95
3988.12
1684.79
207.842
296.309
1936.93
2330.72
405.482
3963.36
9446.39
2870.94
1076.95
2690.54
204.486
6004.8
2045.12
2933.19
771.133
791.656
563.104
543.399
630.365
235.388
4715.55
904.169
14806.4
5139.68
5716.34
11608.5
1773.53
2062.33
1070.87
867.341
258.399
331.653
2946.71
2610.93
3718.83
659.839
1198.98
988.463
3146.76
494.245
714.107
7046.79
1534.43
1788.26
322.354
1297.2
4538.23
592.771
2486.62
3968.55
2078.29
1731.47
380.271
2400.72
2104.7
435.802
515.91
1649.26
4445.58
840.923
2712.28
138.016
1663.53
2673.78
1069.18
732.006
914.937
7941.11
7419.57
729.307
3643.96
491.724
394.384
3238.89
312.764
2764
9613.6
2069.83
4207.99
1787.74
5404.68
590.716
4735.53
2852.23
1780.48
230.195
1131.99
855.018
3757.84
1104.73
1738.45
2532.58
815.207
1699.48
2720.41
5199.97
2802.2
3314.93
10354.5
3117.33
107.296
1373.78
3263.89
514.712
5540.31
2472.52
3999.68
1665.97
1021.2
402.29
5727.84
7684.05
527.888
1035.75
1889.88
4572.35
1914.07
5971.78
1614.61
2138.91
5288.2
158.281
2615.74
5962.08
6925.94
195.637
396.644
3348.66
10069.7
4309.78
3289.9
4968.41
566.32
418.415
820.317
8183.49
633.436
5897.89
5893.28
2246.9
1846.83
8199.24
2009.67
11356.1
243.793
9101.01
6860.68
2790.98
563.502
3582.72
5726.44
2910.61
512.961
2251.47
1360.15
2092.23
1710.57
737.382
1569.58
1848.4
408.053
3397.77
8860.24
10932.6
1231.9
1407.17
1373.58
1413.65
4346.82
5426.42
675.053
7291.97
880.844
2042.35
695.794
1031.85
1970.19
481.225
686.561
501.894
6547.94
2320.67
2340.38
1996.59
11087
1725.67
3051.03
7208.89
571.753
10075.5
685.467
3087.19
2506.07
1962.86
1037.5
3620.81
1178.74
8591.44
3908.51
6308.49
4083.95
5147.05
6294.82
2011.97
11157.8
4550.99
902.38
3619.21
3289.41
1509.33
2533.11
2287.31
1486.02
3154.97
2125.56
14283.3
10389
2594.48
6633.71
1770.04
756.07
687.28
1058.28
8774.11
9096.93
1386.61
1982.03
6687.09
3741.05
2402.35
9435.32
2172.88
7524.83
1559.16
1113.7
5412.73
1222.64
1230.59
289.387
1991.62
929.16
889.083
5431.91
922.964
11399.3
2622.12
3641.79
5308.89
178.485
350.751
395.657
7610.65
437.51
501.303
935.623
8731.08
3228.17
4039.74
3265.79
2499.93
2821.39
1417.02
10065.2
337.331
19578
4278.24
2804.43
11631.6
16660.8
3490.85
5492.46
1500.46
13173.5
1919.82
1856.57
7357.11
1070.33
631.194
2704.68
1321.09
2361.55
376.956
1655.48
3461.22
1758.42
1892.26
5671.25
1458.26
1503.19
12383.4
724.021
228.185
622.91
1102.69
440.211
691.169
1390.49
465.525
1063.86
547.771
2258.98
1393.81
3682.82
9691.48
6523.7
5086.21
1253.24
1971.52
2264.62
3925.08
1298.04
818.575
780.322
726.252
643.997
2241.23
422.84
1518.23
766.77
739.544
3211.47
5706.58
1550.31
3666.16
9465.76
7557.12
1311.98
4931.49
833.645
7022.53
1478.96
1609
2433.46
382.676
18662.3
12262.5
4905.63
693.507
6292.46
838.917
429.569
1506.62
3994.26
9042.37
332.038
2998.12
1981.74
2109.95
984.035
3698.08
1703.15
2025.29
529.659
1276.54
1998.99
3785.38
2251.15
2211.03
7331.66
11226.4
3310.82
5698.08
2819.71
7743.71
32187.1
3125.56
6348.34
6319.76
2078.27
2321.36
750.896
13588.7
208.31
2515.6
4876.48
3478.03
2610.28
4138.88
239.596
7504.66
5850.89
4853.82
445.252
2149.78
1751.92
3605.55
6492.47
7044.25
445.9
8000.29
301.865
1340.11
5306.96
535.728
11737.2
348.94
1708.06
1238.65
446.24
4855.84
1952.93
8453.88
2373.76
1840.67
1466.74
1184.71
4125.69
1966.63
4531.39
2649.3
15542.1
1193.66
6086.63
503.54
661.699
2155.43
6250.13
488.422
308.271
1481.23
1507.39
1590.25
499.473
2568.33
3202.13
2507.05
5292.05
5345
6810.61
577.592
5906.26
10142.2
600.897
9835.55
7369.73
5627.38
402.18
888.53
2506.49
1357.8
2093.42
634.107
13647.5
1822.62
3508.78
783.274
4768.75
12915.1
2763.54
4512.75
2341.57
414.999
1378.39
8039.21
3727.93
1484.99
2416.6
1922.93
3145.47
2381.54
671.232
13358.3
2928.73
3382.45
5783.65
449.004
2348.7
2190.62
1088.93
17221.1
169.552
125.725
1521.3
856.421
996.39
3084.96
7693.8
2055.88
2171.36
1604.83
1328.8
1922.68
571.213
1867.58
447.388
4846.92
3079.98
1547.35
4183.82
3168
1310.08
1736.21
7324.58
1887.59
4000.37
2881.19
988.947
1489.6
2881.92
8314.62
1733.8
639.793
983.873
2192.05
6604.55
3226.17
1341.57
4260.8
208.466
2570.92
694.658
245.983
2810.9
1248.85
783.515
451.384
2603.4
12099
6164.7
1044.35
6890.68
305.805
3989.64
579.708
13600.3
920.954
395.118
1397.78
726.55
5336.88
3638.22
1447.79
986.399
4842.83
19160
2369.86
1226.58
5942.96
2489.4
1330.82
797.093
193.816
3161.63
688.015
291.496
6716.35
7484.29
3473.23
242.704
3050.13
15213.3
3158.36
2548.57
2892.18
15209.2
1445.86
280.861
391.401
379.084
523.636
4952.71
2597.1
5504.21
1287.68
10906.6
1126.41
3666.12
6060.95
2957.61
7490.98
11819.1
13670.4
4144.34
5560.54
2328.49
1894.46
1533.96
8086.46
7622.89
3119.52
2131.49
5570.51
6734.81
8941.6
2483.02
1596.32
5946.11
4728.61
1936.63
2691.55
3619.19
2273.93
7113.58
2632.8
518.091
952.159
1052.13
6743.49
9106.28
1266.22
1904.58
600.387
1075.12
789.459
7539.07
1976.95
1777.42
2462.34
3355.79
3240.69
8764.28
1064.36
4002.43
2162.94
2811.28
3220.84
4760.11
12996
9118.01
4630.08
2681.13
3555.06
12575.5
1847.29
1186.78
1123
1969.91
2150.66
2738.05
1400.75
9574.64
3609.37
2780.62
2673.53
7261.01
3016.28
1862.62
2036.28
4245.55
8961.87
548.574
1395.1
2809.02
1681.95
9324.21
179.858
1742.29
1042.88
278.634
4035.25
3820.27
1648.1
4047.86
1376.15
493.073
5520.44
7578.25
5779.79
2196.26
1546.26
2651.83
1596.04
1834.46
405.235
3073.63
1425.79
3146.44
1466.48
1974.72
1651.69
573.023
2384.67
3625.45
585.54
10551.3
864.987
2116.79
496.846
2039.71
6476.1
318.198
387.857
1945.56
4518.03
4241.38
1832.41
2227.97
3051.99
525.18
1249.83
5792.59
1618.8
6639.83
7911.42
1090.4
3626.38
579.326
2239.16
819.252
650.418
1775.28
2577.99
3065.24
991.691
2380.36
526.355
3401.99
7119.87
5391.06
1033.69
1850.3
8888.43
2062.94
182.031
4559.67
361.023
4417.62
5921.31
4532.99
5291.02
3866.68
6648.74
1443.16
1810.43
302.4
2859.06
2199.63
1709.22
3187.73
6625
1447.8
2442
4840.44
8259.1
4808.23
4743.26
10016.2
1782.19
4298.65
809.979
1953.22
1643.11
1551.38
4554.24
1587.88
3115.53
5942.62
1552.17
405.663
3327.94
2568.54
3133.86
3402.94
2898.19
5781.99
2812.49
2661.32
677.405
16158
2616.54
10782.1
16104.7
3183.9
1209.34
2502.74
1804.54
721.295
6450.98
658.166
1519.32
1255.93
5024.39
1797.16
5329.8
695.152
3332.3
1468.46
4746.46
3107.29
7151.04
1928.35
3311.98
5124.29
763.632
6132.74
463.869
1085.06
915.828
2567.93
2521.14
6839.87
1511.89
2290.11
8631.15
7006.72
2027.02
3873.47
4344.01
9010.14
147.722
10878.9
3283.38
2222.11
2860.83
596.748
2937.92
2498.47
5166.86
2557.23
1452.79
3137.56
1177.58
1037.44
6177.12
654.053
5918.82
6793.95
2353.7
751.072
353.572
5717.64
2121.68
5569.13
2146.2
1004.27
625.285
2219.7
1513.42
108.969
2808.01
986.322
2463.95
621.235
1046.8
1511.87
414.132
2672.79
12151
4099.81
4278.32
1435.74
9809
4659.66
945.201
4324.45
8425.86
3185.39
2598.53
551.694
2656.92
2336.33
2078.37
656.092
3270
1099.21
1066.68
1013.44
644.421
1493.75
588.414
1998.5
8947.38
5553.14
3373.61
2190.05
2225.3
245.517
255.252
4515.86
6057.54
1132.11
7044.36
4797.46
1244.69
8363.5
1412.04
2533.01
874.769
6971.93
821.012
1080.78
2795.55
2407.87
3867.78
2312.46
7695.13
4482.81
4686.02
609.07
1954.62
671.988
2440.5
820.832
1071.48
3750.24
134.643
1963
4226.39
1042.82
2089.4
3271.89
845.078
2323.36
6655.02
208.165
9261.9
1782.93
4721.86
573.472
3239.86
3331.45
4792.22
5251.97
528.403
1063.95
19549.6
173.041
168.194
1488.73
603.676
2382.43
248.474
1280.2
3119.47
4245.85
10043.6
3772.42
3114.2
1896.15
4430.23
7870.68
2686.62
2378.55
1304.55
927.206
1500.82
6034.57
2382.04
3120.21
2381.81
689.946
569.277
4804.11
2454.43
4661.75
6197.62
893.793
2344.7
274.198
3872.87
605.202
7275.77
1000.51
16948.2
399.042
441.588
4304.61
4116.74
8388.49
3156.55
4090.87
749.084
1510.97
1875.37
4256.98
125.932
8654.2
3309.97
3207.49
706.828
5540.36
2615.78
3402.09
1233.03
10985.6
680.647
2024.31
3071.74
1382.97
660.138
2928.3
3622.3
1504.9
748.65
1458.01
4482.27
2334.9
2746.25
3930.24
3126.61
966.032
1196.07
2849.04
1270.41
2504.58
3956.28
3109.47
2971.16
6575.64
1733.17
3175.2
5876.1
3050.09
800.147
11650.9
995.105
1539.29
528.699
1101.66
6324.54
3979.71
456.781
1001.01
956.174
2939.77
3243.63
771.213
1199.43
1957.28
1949.25
585.323
5086.29
454.685
3474.38
3886.08
226.96
1332.07
1823.45
4997.54
1443.09
2124.11
3610.04
4433.41
4822.72
2743.51
345.341
133.826
206.306
4655.8
350.772
6060.44
4320.89
4893.78
2629.28
5144.26
10136
1274.95
3297.76
12589.1
3893.51
1842.07
4093.95
1819.17
549.137
11634
1089.04
7519.52
5136.1
910.535
4242.91
1670.39
829.075
5476.07
2782.83
3440.67
6773.69
1169.61
2047.39
369.708
783.984
1358.16
4822.75
1602.21
1021.77
5532.9
1257.29
7488.68
1578.76
3092.52
672.791
439.275
3159.65
1984.46
6506.04
1226
2396.73
279.291
4669.48
9392.07
4351.75
4087.35
6329.95
2393.66
6351.01
614.456
1203.5
2370.87
2065.56
5280.24
418.571
3427.81
1433.4
5547.12
1271.92
1725.01
4824.48
3842.58
2867.14
908.54
3045.76
430.638
4126.2
568.61
3691.33
6098.01
4679.45
6777.37
839.993
6616.14
463.031
2669.37
7635.88
1980.38
3079.73
1399.19
464.49
2745.66
2651.05
4369.67
478.756
1527.26
2640.47
524.869
861.392
906.137
1945.23
2353.62
8860.98
4803.57
1313.24
6859.29
8867.7
472.651
5837.83
5215.83
7243.85
6685.67
461.675
1506.11
1786.27
1403.46
980.794
1934.58
12151.4
7028.17
1076.39
8923.04
2328.66
2194.84
1047.94
2381.3
2000.08
388.836
1786.57
3371.56
6307.23
15340.8
3886.06
2917
1380.37
1189.46
1812.23
3119.86
1295.75
7206.86
4593.67
6785.27
10217.6
5541.6
1183.41
1433.74
3490.85
5057.6
1493.8
4337.15
1292.4
1579.37
7951.82
9152.89
1170.97
1182.83
268.013
125.726
1013.74
717.35
4629.34
1555.72
2244.2
5519.17
2366.31
458.373
2588.56
2143.36
3476.64
567.187
4718.23
1383.38
2986.1
2253.85
144.701
3684.63
1264.23
2201.34
2108.89
2501.37
7171.77
850.457
9977.81
1812.54
2094.84
6205.32
310.934
4697.06
2596.16
4585.19
8670.25
2219.27
5870.45
4666.7
3596.7
1180.81
2635.98
336.951
4304.01
2700.66
10132.6
5550.32
446
20720.6
500.499
5224.39
1904.93
13549.1
1437.82
1302.14
1689.1
370.309
6848.99
5390.25
1352.37
3968.25
6770.38
1376.27
8957.96
410.462
3307.16
4696.94
2101.99
753.23
2471.25
461.674
9717.38
780.046
7991.28
1345.07
8884.47
2486.81
1131.86
5383.41
2863.53
5475.27
2091.93
5938.33
609.219
804.708
675.485
1553.54
21674.9
4222.23
1960.42
12201.4
4780.22
1532.05
3143.12
606.154
1030.73
15842.6
638.15
1270.71
1056.78
3367.83
1829.51
1111.55
2940.78
3575.25
2049.77
1506.9
4107.22
1199.19
6297.82
5409.54
646.967
322.319
1965.1
6011.76
942.949
5215.74
3835.64
1425.91
7732.93
4305.59
2627.36
3321.93
5193.76
555.678
7582.74
6062.92
3278.59
1641.66
966.937
839.477
754.362
7658.96
2682.22
983.121
1553.37
8826.9
11497.9
1867.83
987.03
4094.55
4744.61
559.001
7466.81
1544.06
10673.3
5013.81
12340.4
2027.68
3619.53
363.835
6343.25
1344.07
6968.71
4273.61
3288.26
1392.4
7395
612.319
767.967
3742.65
922.162
4339.49
645.556
842.505
1515.28
7930.13
2169.08
5012.02
1346.69
2134.12
802.167
1301.99
6276.09
7111.27
1342.68
1174.36
2649.41
1275.96
9156.02
944.686
2952.54
318.074
554.23
415.675
767.856
453.805
3961.72
514.036
917.61
5066.91
2256.52
2078.38
564.035
8979.56
4674.27
4522.96
1207.7
227.397
10300.3
977.591
1688.15
1223.38
4683.55
2803.65
956.095
6269.45
8789.22
4223.31
1400.46
1739.45
890.336
2883.65
2172.95
2909.97
2367.45
798.223
2097.31
1737.12
1475.8
1700.46
190.891
1600
517.224
1085.84
2495.32
4210.72
5187.1
2538.66
3454.86
11807.3
5289.01
5652.97
559.937
9774.4
377.071
838.483
312.001
7159.5
5315.44
9992.53
498.502
606.473
2751.08
950.745
4363.35
694.965
5275.52
6463.72
8692.79
2197.77
564.589
1682.68
906.577
1707.74
2626.45
4912.44
8645.09
13829.1
422.871
2473.86
4168.6
1245.08
4478.26
954.844
869.267
1976.84
12627.9
2186.66
490.56
10464.4
5966.62
4728.1
7872.41
1672.37
361.204
161.667
11525.9
287.049
162.005
2269.33
7474.31
2237.87
4997.32
2320.34
2378.59
420.592
4181.52
754.273
3336.95
3013.36
670.288
2183.63
988.441
6843.97
949.761
563.191
21058.5
2879.74
8584.38
2259.35
4598.38
5656.29
12314.3
4887.64
379.644
300.038
3375.05
2273.29
404.516
1214.33
11163.7
2347.98
237.703
219.457
418.969
662.876
879.863
2830.05
805.285
1313.94
1112.6
403.591
233.737
5824.19
518.652
1220.94
1540.64
3475.34
11406.2
466.35
1295.18
2409.11
1085.35
569.259
1269.03
808.856
2123.25
2140.26
887.475
5003.54
4971.03
3107.5
3471.02
421.788
539.027
4599.66
4101.91
5437.42
976.267
9093.47
1810.37
1171.66
5299.07
421.63
1111.01
4739.71
2569.1
1400.68
1031.86
1421.6
351.9
4396.23
831.889
558.089
4728.16
6793.29
7710.8
3534.92
288.666
6212.36
4911.92
7103.87
3102.5
1910.03
11592.1
760.104
1258.21
1635.02
419.801
850.204
436.586
537.051
17517.9
2366.16
3351.62
1132.08
696.968
535.589
1386.44
3278.19
5143.37
2910.79
253.613
7403.33
721.45
15945.4
2587.24
7223.74
573.118
12431.3
899.471
2989.67
868.298
1281.36
2467.4
1797.37
2943.2
2308.73
1372.3
603.069
3577.63
1402.65
2085.35
1802.47
976.816
865.576
1335.5
2299.15
260.84
4775.39
1970.48
797.978
172.424
5091.15
2836.24
5558.71
2902.97
569.424
484.552
7503.83
919.491
1512
3342.41
2810.85
215.797
6136.91
102.546
1298.4
698.345
4423.71
614.59
5649.64
22880
4237.22
2354.51
5421.99
3035.76
2131.86
4451.53
1993.58
430.067
2130.14
2851.88
4329.26
2046.17
749.126
3723.55
1971.21
5210.56
3611.11
2215.37
12313.5
1379.14
986.277
1793.97
2514.76
1982.34
13572
834.987
514.302
3237.45
1374.09
3463.83
1892.82
2523.5
3339.8
3001.59
5794.37
428.797
1182.08
9030.27
1934.39
1053.89
569.225
14300.5
2096.2
9568.98
2637.25
5322.4
3275.24
2942.51
6358.71
2141.41
1372.62
982.373
575.615
4366.88
898.477
3633.51
781.458
5093.5
7606.78
6358.03
8318.76
4175.14
9717.02
2234.61
2901.76
3235.77
862.677
1507.03
5041.01
1819.38
2537.44
963.686
6036.8
480.667
3510.08
1990.85
7094.39
5357.83
5546.6
6734.89
1948.5
416.439
11031.6
1464.78
2133.82
4259.4
373.736
1443.29
2180.24
2660.32
145.083
5516.76
2914.17
8821.96
9127.38
717.895
16438.4
539.813
597.1
8666.72
1513.51
394.314
4503.17
3550.89
4374.52
3320.71
498.043
1025.27
683.921
3016.88
328.064
775.956
1685.88
6832.71
629.06
10075.9
1137.78
1064.41
824.877
116.312
3058.92
299.139
411.095
1438.4
641.713
4583.46
4078.86
768.035
3081.8
9577.23
1980.37
1410.89
10653.8
1784.28
705.139
2471.43
975.638
7362.73
5059.31
7629.26
6847
1946.72
1640.62
887.174
797.839
3914.41
3538.73
1305.69
798.204
1651.04
7714.16
3051.32
133.599
11280.8
2419.29
6696.52
3842.24
6682.24
4986.36
1960.69
3222.12
555.412
462.608
2822.31
1884.95
1661.47
6542.8
4738
256.478
255.885
358.964
812.264
2876.05
5208.41
1576.15
941.018
3686.99
1519.35
1529.74
4249.59
3327.91
5855.19
5157.88
325.087
1719.82
1682.72
1251.16
2085.45
491.477
1383.13
6663.91
288.914
817.732
471.965
6527.9
4944.67
1375.79
4000.69
12036.2
1147.68
4648.51
4862.11
1334.18
6125.62
837.154
5005.88
1395.08
663.199
2483.22
503.84
4499.67
2862.2
330.644
678.059
3641.93
519.719
2076.14
623.907
965.895
3443.75
2198.55
2437.85
1272.94
3345.73
6009.12
3026.37
661.315
1313.91
2335.81
2154.58
1234.44
2170.3
1660.28
402.693
1910.31
3524.57
9313.26
1626.03
6281.05
2103.22
1681.71
3179.49
684.709
7086.62
1678.19
436.781
3097.9
1461.82
339.4
18226.1
4717.63
5461.12
2289.92
3576.34
5190.67
1646.41
262.692
9611.46
702.746
3544.58
2186.52
2319.56
235.056
5589.28
228.272
564.703
2374.92
494.287
1781.72
10020.9
2660.22
1186.39
244.754
2909.89
3077.55
1252.58
2135.12
1912.89
12244.6
7860.11
4871.67
5529.48
7095.01
174.158
649.077
11341.4
1528.15
4552.58
189.76
1630
2714.63
216.812
5170.02
2752.43
6310.37
1416.64
1444.49
9774.28
692.906
6569.5
1067.42
4266.54
708.96
18160.5
3134.02
1798.36
1449.04
2313.93
1502.15
1447.08
7983.53
2441.71
7400.67
892.761
790.784
2850.27
5874.68
2645.8
1637.69
3614.59
2257.2
2617.49
934.181
3394.11
342.797
321.527
10336.9
1891.2
2440.81
2419.94
4478.67
4714.28
1592.92
1860.11
1050.36
4577.17
6811.44
1198.88
2034.71
1930.22
1328.04
11142.8
4128.77
2379.12
3275.14
7791.7
4502.41
1566.31
3157.7
885.444
4091.85
1423.91
1812.3
6800.63
629.064
25285.5
1691.14
3685.35
2354.24
3790.96
3873.44
9157.09
5004.74
4841.2
5722.86
8692.81
5208.17
2934.12
10922.2
746.479
9926.64
6088.65
2236.56
288.128
2145.04
887.634
3649.03
4324.55
1309
2333.39
291.879
2072.79
2452.61
2659.94
1942.23
5709.97
1126.46
5564.69
8786.68
1904.52
3559.82
819.3
3431.45
6717.99
282.692
2607.22
3886.68
4767.91
6977.22
3166.13
2679.09
2651.24
3964.31
3791.46
1564.95
2849.07
233.038
4474.25
4570.44
1275.84
262.436
6981.75
4219.41
1398.55
4369.51
1666.02
530.847
205.446
906.794
2111.99
1368.03
2120.17
2085.65
6820.26
7237.15
1791.34
7518.19
6906.01
6919.36
7291.83
7690.33
578.268
2550.78
7098.16
1060.78
1571.1
4223.62
939.144
5369.02
1527.95
2931.42
2478.59
1199.62
2116.01
4032.17
1421.35
4855.87
5928.24
1809.26
922.045
1229.49
12925.2
2066.38
5248.57
2435.9
13954.5
2716.44
3290.04
5993.38
2514.26
3469.51
6732.1
4901.66
339.535
6957.18
550.91
438.919
547.953
6101.63
1527.57
1009.02
4382.66
1906.2
333.831
1532.81
1776.98
299.937
2099.55
1568.4
3168.21
1336.65
5695.2
8705.17
6900.49
3084.95
3356.79
1275
2232.5
1494.39
3193.38
898.749
154.228
5859.33
1050.38
20217.8
2875.47
1091.65
4850.63
2651.15
12691.2
2189.19
2305.61
416.26
1628.34
13516.1
5511.83
2501.24
6228.98
3326.54
1540.24
239.482
5030.55
1057.81
1478.13
300.004
733.808
555.756
12842
8106.96
2650.3
9945.3
1476.27
1790.04
1823.43
3539.65
1246.27
1720.49
224.815
2071.92
5141.93
640.546
6153.43
1643.28
675.798
3567.79
2171.39
1478.72
693.845
3879.48
1175.78
3492.95
873.896
487.662
798.115
11956.1
304.659
4146.56
1272.9
2692.27
1327.64
968.718
246.011
3031.54
3762.56
5408.67
1878.33
1716.66
1660.97
7996.04
2950.23
1694.78
374.805
686.809
1493.39
1080.05
3191.18
783.33
1993.19
3770.73
5689.91
3932.04
3081.26
3115.65
6309.25
1148.92
2643.75
2852.4
3594.28
2743.88
4080.25
907.714
2562.65
3276.81
380.012
5625.75
3245.31
2127.25
1075.25
794.957
5834.07
4951.87
473.096
2406.81
2116.71
3705.89
1869.31
2123.87
5299.59
5130.14
3321.72
2027.83
358.764
1253.97
4559.72
1450.93
766.501
2053.71
874.172
9683.52
6055.27
11423.3
3538.96
2851.28
738.677
1950.69
755.44
1347.89
1183.58
5000.06
2834.9
1129.65
2268.89
6933.75
7516.27
1187.53
674.769
7331.3
5148.86
2348.83
5850.95
473.804
1542.99
2273.94
2687.45
1908.14
7054.84
1983.01
2539.56
311.254
4085.18
3377.34
3434.33
1785.75
5888.84
174.885
3799.63
1905.55
2076.77
2654.55
2652.65
5397.04
2272.2
4567
1693.34
4999.14
9085.07
1064.89
987.218
402.495
1635.2
3291.31
13954.9
3249.32
2310.69
3493.43
1641.84
4421.49
2080.51
5586.91
2521.07
1055.31
539.344
577.885
5464.02
1417.75
8266.22
2038.44
151.424
570.26
332.673
2189.4
2734.17
1325.53
2201.94
3119.58
1972.07
1910.5
2796.57
13872.2
617.532
4755.31
4379.15
1428.15
731.84
10378.8
2229.9
2683.2
3073.47
898.475
7261.68
5985.78
2547.92
503.585
3461.81
2961.79
4681.91
2153.47
3628.33
1286.15
7788.83
4224.25
1843
1966.65
938.117
1124.38
4373.02
1408.26
1040.89
3021.81
1431.36
17138.4
663.394
1352.01
2155.4
379.181
1483.1
836.877
6461.42
859.21
4830.98
2633.49
10470
926.072
1001.46
1626.43
1935.12
5768.83
1630.28
9142.22
3860.34
713.511
224.024
3664.28
3077.04
3996.23
1137.95
5410.7
7242.55
5035.82
900.829
4634.72
4211.18
934.663
3238.17
3994.41
6154.33
8391.92
6412.59
792.017
925.784
2604.09
7386.25
247.73
1186.16
13215.8
3881
5185.59
921.223
876.674
2853.76
1922.53
1983.24
1995.53
10722.2
5211.72
3262.35
1201.31
2653.75
2462.08
4827.72
5936.35
2472.29
9397.21
11112.7
6424.25
4922.62
3455.68
7651.75
3693.28
2018.02
5118.1
4556.73
2442.36
3999.86
781.892
2550.34
4231.59
175.531
3833.29
198.682
1921.34
2809.77
1414.96
4202.65
1588.38
416.828
2842.51
107.598
2419.4
10803.8
2842
428.044
1000.36
3992.81
1015.81
245.424
2776.56
300.594
496.169
1188.02
4546.14
4782.08
2748.06
1913.2
1547.35
1288.36
3387.8
297.143
1876.1
3424.72
7075.73
7977.66
490.553
2024.13
123.704
4341.98
1830.29
1013.34
4734.16
1606.27
7201.39
1250.49
1332.76
3203.95
3498.83
24212.8
2880.17
3459.51
780.499
1316.83
2724.16
7044.15
5032.63
3807.1
584.756
557.242
2145.57
1664.86
521.449
2821.76
1843.74
6999.48
4768.76
1772.62
5223.82
5533.56
2917.51
9404.7
3252.03
2979.67
2077.62
2969.78
960.45
2529.35
5583.09
546.199
585.523
6691.8
4784.43
4522.98
7304.82
2735.27
8277.91
5511.44
1238.98
2085.21
6051.58
728.726
399.617
971.639
3334.05
9814.07
4461.51
3870.55
1591
2202.73
572.701
2819.76
1335.11
2057.23
264.28
176.995
1834.39
3038.19
9112.99
3304.01
1204.57
1082.27
2822.29
7609.9
2776.75
3058.5
1965.72
3605.66
164.918
575.051
1471.19
13695.3
3427.39
971.714
4121.68
894.392
6835.15
2765.86
376.025
657.149
1154
89.4623
2639.27
520.942
1694.71
625.395
371.741
2665.16
4099.85
980.557
5691.48
3436.61
7913.82
25265.2
3271.28
2298.77
13887.7
9297.01
4800.3
3937.4
9483.97
2113.53
4650.7
3442.53
4330.06
2656.24
4495.92
882.905
469.216
1203.36
2559.08
1904.27
3164.44
3841.77
552.844
1902.35
634.692
3511.35
2213.36
1962.73
8106.82
1255.58
762.925
840.764
1937.3
2776.29
2058.89
12484.7
5501.47
1022.32
1896.5
939.441
1442.2
3172.74
1029.97
2080.13
3184.58
3249.62
1321
814.118
3713.28
5272.59
14920.8
411.906
3389.4
932.32
6052.73
2309.2
159.079
1636.28
1601.37
3108
11651.2
897.161
3972.5
1915.78
2727.41
2223.72
799.301
580.989
765.277
1134.76
1149.87
2671.24
259.611
4203.18
1384.46
642.048
1498.69
7251.95
855.793
4663.62
1106.67
1841.36
5236.87
3366.27
1472
3412.18
609.458
2433.33
7226.98
12778.1
5569.96
3362.67
4385.49
5040.11
1629.89
919.481
4640.59
3561.89
2419.22
6553.5
1211.74
2010.03
1398.76
10842
9015.34
1083.2
1478.54
3441.99
107.544
2792.15
1202.3
1169.58
1433.1
2076.22
4127.6
943.85
2111.02
24352.1
1807.54
2315.81
1299.02
996.583
6278.24
783.563
273.314
3856.36
420.726
1158.54
8486.58
9004.04
2197.86
2651.51
1447.17
195.682
2726.11
11988.3
8367.82
1798.95
4648.59
3099.11
807.422
1154.68
1453.2
247.52
2549.65
3361.82
897.799
1742.6
997.921
1793.25
1942.59
4836.58
786.176
2964
1252.38
8592.36
2377.02
1473.01
3403.42
2399.22
2058.89
5806.36
1279.64
3535.54
435.039
7322.28
2997.8
7963.91
5937.38
2823.95
939.119
395.102
1748.08
4731.81
442.397
3677.58
328.998
346.64
204.942
4865.31
5430.27
2931.21
507.431
492.784
6265.87
265.49
613.371
2757.67
3797.06
1975.54
2507.92
490.252
821.022
3852.55
8363.37
3071.93
334.769
7723.41
1741.19
790.165
11880.7
2778.43
492.936
1341.41
2104.21
6362.58
516.093
2103.89
2751.12
1237.29
1223.1
1484.74
1496.38
1649.61
539.675
1385.06
4695.3
5041.23
605.846
3389.53
3518.44
1133.12
18293.4
533.385
3972.25
2262.13
4733.81
388.016
743.008
3513.45
8421.02
1813.69
460.955
622.852
3563.19
7092.73
1324.1
167.975
586.016
5110.65
685.185
12649.8
1446.7
664.682
3146.84
310.147
3627.58
985.436
7428.8
3950.46
1082.38
13656.4
4182.83
777.841
3800.33
2489.91
1034.02
7727.53
6557.1
10709.3
2285.47
3470.53
1253.2
768.24
1097.97
1221.02
6338.1
3098.5
3135.35
7373.91
555.45
846.563
1749.4
6447.65
1956.77
2799.4
2151.45
4541.86
393.737
2823.35
2074.84
428.978
4080.88
4872.38
2968.12
5145.55
2725.45
604.005
744.911
814.47
4097.03
3666.41
1851.18
5490.17
5370.73
4589.89
2005.61
628.261
3105.17
2629.15
2862.94
3366.56
2398.84
7771.72
1645.93
4086.54
4670.72
2494.87
2835.52
840.015
3175.43
765.848
2299.1
2764.1
1832
3203.19
8766.64
622.09
1425.07
263.773
6257.53
225.908
1741.97
3557.72
6437.8
2401.99
3887.99
1981.81
1253.6
5457.1
1740.92
426.206
1302.52
1288.06
1616.83
2082.28
1796.51
4843.91
2528.12
2212.36
1708.13
2809.37
2308.66
589.426
1187.21
3597.73
4291.81
2216.42
1762.62
2325.69
3258.8
544.633
3020.2
1104.82
11306.9
9841.53
2216.05
2154.5
688.901
1089.29
6477.49
2405
2711.64
10192.1
10413.1
9843.62
724.325
3186.85
797.666
660.911
1921.28
5460.18
4509.18
2963.8
739.41
1109.96
828.456
705.99
2071.94
208.255
6804.82
2177.22
7405.47
6388.81
6714.82
4299.55
1266.43
427.952
2004.39
5648.28
1204.13
3121.51
361.815
1536.03
3619.92
1418.64
1993.77
731.581
1051.58
3071.91
1365.94
930.87
7507.04
1155.8
1150.95
2866.78
3744.89
1217.63
917.11
3197.86
7247.93
2203.04
2700.53
1445.98
1750.94
2178.95
1090.64
1354.29
2377.16
2304.82
848.823
5290.29
205.451
525.302
5624.87
3080.9
2047.84
1557.93
5208.85
409.382
649.342
212.855
11230.7
1325.6
2474.28
813.596
5442.24
1643.51
3934.69
2542.07
4239.07
1590.5
3581.36
4630.95
6750.67
537.424
7130.09
2444.45
4007.42
1164.78
135.742
1909.07
2354.74
2304.61
2679.32
9007.48
3167.05
1697.68
925.195
911.004
7502.01
397.274
1643.64
3363.75
6210.7
442.84
4627.44
2155.18
4661.07
3495.08
4142.59
3290.3
7698.38
122.328
2690.57
3999.2
3012.33
1630.18
5071.8
7451.54
7378.15
4727.27
5992.24
7471.11
5686.62
2431.32
16299.6
5741.76
2300.44
2362.91
3865.4
4238.21
631.768
8715.76
4063.36
12799.7
1756.9
378.294
233.096
139.939
3116.96
924.736
5272.05
1184.53
8226.72
578.564
1492.39
1916.31
6645.47
824.838
7336.77
2350.57
4758.63
2531.58
1977.06
2659.36
3920.25
2707.15
296.79
237.187
1426.76
7969.77
3304.6
1447.73
4283.53
2481.86
525.795
19018.7
325.266
860.311
4363.35
1432.31
1366.05
719.368
11344.4
624.594
350.267
1825.83
189.748
4053.5
3780.43
4743.27
10922.9
461.676
4403.36
1824.08
3294.22
3599.62
4070.7
2108.11
4320.53
1539.79
2943.05
2006.35
4587.84
5449.41
2022.72
1887.1
230.713
1688.36
424.031
2224
2734.18
8204.27
213.803
7242.73
2063.79
3360.99
2565.57
7846.11
1289.74
5249.24
834.778
2082.7
5363.03
6483.6
562.143
2565.22
3141.41
1064.7
1492.22
2831.19
2733.49
197.792
16401.5
12165.8
844.766
4822.13
4324.66
3963.2
5537.19
307.601
2767.35
1112.8
1914.93
810.557
6195.45
5892.64
7413.2
1120.76
897.009
5659.99
816.265
795.292
2831.56
702.806
240.26
2484.12
1166.13
2666.15
15796.9
145.764
2431.33
6133.64
6862.49
502.949
545.505
4611.42
684.954
3538.79
545.745
9558.35
8821.5
5443.49
4971.62
10325.9
5159.11
12964.6
6686.19
1821.52
2896.09
1425.58
854.292
287.652
1405.98
970.951
902.691
1654.72
900.343
1281.45
587.419
1739.84
2590.98
3231.63
11589.1
5563.19
815.988
1895.96
1302.84
10002.1
2798.66
449.818
5208.31
8407.39
1583.37
221.031
6933.58
495.441
10779.3
955.263
3331.46
3234.67
1675.64
1312.67
5787.55
2819.61
402.069
4497.98
6977.53
9324.71
273.699
4270.15
1486.07
11270.2
1381.29
6292.29
4244.69
3083.46
601.928
2307.29
10476
2321.63
1772.33
740.428
1281.32
1156.38
2608.2
688.164
369.585
5129.44
2936.57
8785.98
711.394
191.829
2966.25
5648.94
3134.8
1879
4756.6
1179.57
1773.69
1018.52
3388.67
11696.3
6161.66
6142.01
1360.32
3128.49
2823.48
171.168
10757.3
6949.64
2689.78
1896.55
1883.8
1601.96
4918.36
16343.7
4819.29
4030.36
552.915
1493.82
4066.79
1823.8
1234.35
1469.88
701.555
245.675
1243.44
558.047
1756.46
4788.8
3861.41
4981.23
5846.04
1065.19
1725.34
2826.33
2550.45
4216.47
12807.1
1514.97
10678.4
3543.9
561.759
1789.21
2880.47
5109.34
2410.32
4018.82
1359
2037.45
5239.69
3776.02
1230.79
4716.75
10246.1
2479.78
2065.27
2753.65
1253.02
6512.52
2334.18
7101.79
4043.64
6215.83
789.226
1779.6
704.397
7152.13
2292.98
660.925
1462.08
3758.26
2262.46
12079.4
2380.6
3505.56
5009.41
1070.93
4914.29
5505.3
3737.87
6985.14
1016.66
1948.33
8345.61
2481.14
5909.39
1877.07
210.359
2716.09
3853.48
643.08
4476.73
1605.83
2358.01
1755.26
2202.21
2000.11
1031.59
1113.81
1118.38
3390.56
3174.95
5670.5
4575.75
2442.76
6362.61
4130.94
2166.05
3802.88
2667.33
8307.67
2164.98
800.436
489.859
2195.99
647.372
861.141
6378.14
1597.81
1951.59
678.111
459.749
2356.97
5745.84
2845.22
10255.7
2030.86
5365.19
1736.68
2714.81
11239.1
6587.53
4094.29
2523.52
1786.82
9497.48
1121.15
1033.14
3061.84
2424.76
328.361
2551.92
1071.67
3060.99
1050.8
507.627
971.312
2825.26
1316.04
733.968
3741.85
1663.65
271.281
594.138
2440.38
4794.25
1084.61
1216.22
3282.65
2501.17
1473.06
837.297
653.645
1670.3
3277.03
4338.63
2476.55
4927.36
3536.8
3825.58
228.855
1912.1
2710.96
2560.03
4669.36
2708.02
1484.27
4784.01
1479.07
583.636
1700.18
4258.88
2963.28
4063.5
1269.35
3091.44
3344.74
4453.54
482.142
1272.02
5287.2
3347.29
1979.76
631.03
2198.57
3156.21
5059.11
2191.3
1099.02
892.435
4589.65
1379.51
541.657
3798.13
3373.38
4140.56
1124.97
2239.51
8608.42
496.694
4768.98
2934.22
635.5
1308.08
2136.71
1324.19
730.664
2547.09
11140.8
278.167
5407.56
8905.64
1441.28
3598.26
1093.73
622.71
2338.87
1471.55
296.628
4480.55
5273.53
1014.09
2246.65
1878.48
2120.63
940.889
4467.21
989.992
5037.47
5176.79
5411.55
737.588
2412.4
3804.17
5300.48
688.533
5185.68
15467.5
1840.32
13562
2160.26
1223.11
509.646
2373.24
5582.25
4049.73
5166.33
741.559
3678.61
1858.21
1179.5
2488.11
7839.27
863.904
690.761
6119.8
1888.74
3937.63
17379.8
2410.32
103.603
203.957
5579.47
5794.36
1010.77
1621.18
4234.5
356.486
1898.89
2011.43
1268.21
490.693
225.66
3426.13
5202.9
2132.99
2815.85
2886.49
5729.28
1071.19
6892.64
4585.99
5021.9
1033.02
2080.68
6354.16
2855.35
427.414
1045.14
4892.39
2275
3488.69
181.502
5489.14
1243.8
264.858
359.296
5654.54
509.362
7043.12
3955.36
12136.8
3777.06
1289.17
754.81
697.669
3398.83
1140.5
3109.86
1855.73
891.843
3387.54
7586.07
7219.58
173.668
4843.17
3997.09
806.948
3461.57
8603.56
3950.41
2011.84
1429.23
5480.14
705.205
3026.61
3703.77
2932.66
2381.27
2056.84
779.511
171.936
10348.6
3093.45
639.14
7896.7
507.665
1380.71
5255.66
5727.72
1274.28
5299.71
8442.55
3120.55
7265.13
945.982
428.109
2424.94
1047.28
1339.01
2114.5
254.657
9593.9
505.861
3880.69
14769.5
1275.26
2035.77
2113.28
4848.45
1829.79
1943.51
2425.95
3516.88
1892.79
5814.61
3089.12
505.67
2098.88
7026.47
8810.92
2236.56
1765.37
1727.44
2023.05
5018.01
6348.84
7874.96
1302.23
11598.7
2940.59
4802.66
1037.27
2829.3
3296.73
914.358
295.689
3044.02
1592.25
8898.09
5654.83
7901.39
2009.91
3304.86
5047.27
155.279
7044.45
7518.08
3503.36
1069.24
987.021
1382.26
5072.02
460.327
457.933
1582.61
945.269
1406.04
2715.48
1653.53
2171.72
2741.49
2912.28
584.978
387.371
1887.88
2385.83
6691.34
3632.13
2409.58
7019.64
801.057
225.705
8643.7
226.212
530.956
9004.28
1472.94
2640.35
5428.29
290.6
920.339
1825.69
2763
4054.75
3431.53
4935.93
2365.1
2984.89
4240.43
4935.53
3122.27
891.711
12033
214.383
3272.36
681.826
407.261
1165.01
4705.93
3553.36
6095.11
2368.67
2026.35
16812.6
2821.18
9393.59
1269.12
3098.61
4023.4
2680.37
160.029
6356.77
434.097
2898.4
3814.15
2340.07
347.064
351.51
6653.66
638.12
564.696
2479.9
1484.42
240.06
2803.47
426.869
4932.06
748.143
5828.98
4202.56
4311.31
3559.09
5603.49
3797.45
2909.81
1367.07
6766.3
2706.26
392.635
231.762
2796.95
1822.65
3270.68
954.495
1326.77
155.622
4620.2
7573.56
3015.5
1464.58
2350.73
3088.35
4431.53
17227.4
3210.7
3348.2
3235.55
4019.09
4994.63
2260.29
5563.97
160.097
6309.05
1460.6
14116.9
6979.37
3304.55
4931.99
2663.13
1812.91
1415.85
1476.84
3464.61
394.242
3678.41
842.179
1842.47
2940.07
1175.91
1707.15
245.108
625.623
1516.8
566.564
2727.78
2437.4
3708.16
1049.78
745.719
1218.71
320.056
2368.91
2041.01
472.164
1706.74
375.327
402.319
3941.36
988.876
2517.57
4162.11
5534.12
6372.77
9347.12
3799.38
1376.92
5118.07
7236.8
232.109
1024.36
5366.76
817.755
3952.25
997.093
1708.34
609.59
2205.07
1014.68
2084.34
359.703
10132.8
10545.3
626.666
6639.63
6651.62
4250.37
8021.59
7551.39
804.153
1322.62
5028.46
11967.6
3633.59
1964.64
435.038
3282.8
5061.64
3660.28
88.7213
6933.11
1262.88
10549.9
1755.82
3903
10831.4
1402.46
1072.39
7428.15
2081.88
1904.31
9056.23
2614.48
1607.47
3018.17
3964.83
1407.67
8311.18
585.565
6681.35
3329.52
5080.97
2000.51
5840.65
2203.53
2149.18
3046.23
2570.06
7512.43
1880.99
7103.92
9458.41
1626.97
1521.83
2813.41
4017
1057.75
8091.76
1169.8
701.346
1193.33
1347.7
10775.2
1511.29
5180.72
294.584
3013.59
2521.95
6074.1
6206.87
1394.09
2706.58
763.078
537.92
3373.41
288.458
6658.06
514.836
1524.29
7038.65
129.228
5455.35
452.241
4500.84
2352.81
3780.76
4765.51
15182.2
6083.13
2421.92
2165.79
444.845
2752.23
1921.82
2578.42
727.263
5374.17
3196.93
1346.83
324.117
847.098
13078.2
821.917
3234.05
1814.74
11429
767.694
962.61
2622.35
7138.85
2675.16
1051.87
2149.33
10222.2
575.059
455.613
1871.38
2009.06
1642.15
2072.76
1034.76
4011.41
6850.83
1288.12
1622.36
9233.22
3456.49
606.373
6051.6
8451.93
422.218
9429.01
2375.64
1698.68
1583.98
3732.48
3893.6
630.344
7402.03
1089.05
3344.19
15917.5
2883.18
4722.35
605.809
5274.32
1058.12
502.416
5388.48
9018.88
4469.42
842.284
520.03
1586.76
1694.1
2452.1
5470.43
2149.78
3650.78
5041.53
3289.84
6186.01
357.246
1464.81
5413.81
548.42
2974.15
581.905
285.607
3738.11
4374.91
10359.6
1514.83
1790.08
5055.58
1345.25
2456.13
406.37
374.798
553.403
1606.16
1234.58
3853.23
324.508
1218.89
4568.17
4114.64
440.286
7394.96
3359.99
623.188
5455.16
1221.72
4268.24
4389.86
1078.12
7844.78
1865.03
622.011
414.327
2072.38
2364.69
301.424
1702.88
788.305
768.055
1163.58
5791.75
6608.2
4406.14
2426.4
323.741
1739.64
5739.37
2157.27
4417.43
6093.71
5948.6
3711.8
4115.84
1507.63
3666.6
3094.16
272.574
765.693
304.499
5378.63
227.222
1565.58
228.655
442.45
3275.63
374.756
8666.84
9842.62
851.651
753.85
628.264
2160.51
3276.54
617.213
778.913
1156.25
3579.28
3030.99
2733.28
2819.77
5734.28
209.887
7444.27
564.589
5893.66
181.616
666.014
3103.31
4653.63
6021.97
2804.96
999.711
2229.47
339.326
1673.22
5449.99
538.429
544.315
7847.85
828.361
438.118
3787.03
2216.66
4629.96
5312.79
2163.34
815.741
3594.82
1224.18
1673.46
614.144
393.6
1791.34
2516.05
535.941
1517.55
12479.2
16570.8
1012.5
5378.26
698.392
8925.99
1723.27
3240.38
4477.82
2711.11
5388.93
259.257
1542.45
3670.21
4791.9
359.833
1857.77
2869.58
2048.67
2443.46
2449.91
1821.57
290.19
2579.61
924.834
4222.12
10432
7840.42
3542.8
8549.18
3278.25
6725.66
1522.5
2125.75
119.489
2627.62
1114.56
967.888
988.98
4088.17
7248.62
2495.2
815.365
1714.35
1432.06
734.962
1932.62
6105.76
896.39
1949.81
3302.76
5145.54
2667.97
1915.3
516.922
6978.67
4859.16
11098.6
2426.68
2030.18
332.62
12835.6
1534.45
596.419
1319.77
761.982
5446.19
2583.57
1276.14
2680.36
4790.45
14513.2
7477.83
7826.3
575.634
4552.14
3767.26
211.587
617.902
1001.88
1153.93
4429.36
908.823
460.797
2318
8035.5
6114.81
5913.21
1609.68
1658.55
6570.39
10299.5
840.394
5101.65
2090.28
3404.28
2282.41
3631.44
5599.5
1174.26
8930.49
981.527
3871.85
3487.79
2988.86
745.015
4438.43
1922.68
3563.9
563.473
648.033
552.32
906.837
7127.53
4505.74
635.7
4704.98
3630.5
137.579
4996.32
1150.2
5685.83
557.578
1930.85
2340.94
4618
4110.29
1773.51
3126.14
9833.57
9060.83
1477.44
1341.3
804.895
2376.1
1627.88
3363.91
2159.52
719.768
6372.23
7031.41
5153.36
2875.29
13071.6
909.382
6626.98
6442.03
1881.49
913.224
3450.44
784.479
747.286
6110.68
905.838
395.762
1857.6
1350.5
12790.2
2114.55
11858.3
5914.97
3598.2
3539.01
403.442
2339.73
3339.67
893.626
1478.45
9776.84
393.256
10583.5
7587.99
4914.4
3907.65
3220.47
1472.93
3050.36
3354.47
8284.93
2839.89
8658.61
1222.16
3316.59
524.434
1435.73
1656.61
4984.8
1089.19
11005.4
261.534
1120.99
4596.73
4154.39
1441.03
1618.08
3565.62
580.84
11585.2
3049.14
305.658
4316.59
1857.34
395.132
3663.8
2995.69
2228.93
2863.78
2527.65
10394.3
1182.13
1401.87
2426.2
1265.71
163.741
2014.32
5019.63
13742.2
1661.38
7614
1614.39
6823.7
1580.1
10346.3
242.753
3344.56
2353.05
626.753
900.399
1434.06
2773.42
3319.66
1382.9
1349.05
4926.64
582.065
653.017
1825.32
6796.04
2020.61
2094.13
9763.51
2350.13
3039.9
2755.22
5378.63
4912.33
809.551
6621.4
325.728
987.169
4715.06
149.396
826.015
646.856
5509.92
10324.9
2583.36
2465.52
1961.21
4699.28
2782.05
1801.71
12863.6
1218.23
1542.65
6905.32
678.27
2254.77
7763.5
1107.84
4691.54
1119.15
5592.3
794.654
1373.33
2254.89
7173.8
3319.23
428.361
2373.41
1733.33
184.615
3352.25
367.765
2845.96
10082.2
1222.86
4224.66
5780.32
2774.52
8867.91
1320.39
2353.51
6621.28
1211.46
423.347
4215.33
503.427
1992.85
509.157
11566.3
497.765
2181.36
2401.18
3846.96
1198.72
232.491
1412.05
4680.28
5936.35
490.066
1254.47
2094.55
2390.7
618.208
5428.73
2690.07
8848.55
2428.44
4730.45
1779.56
587.521
1296.8
5285.51
2192.29
2648.8
798.863
504.199
167.371
1423.84
1455.56
11473.6
187.81
243.027
1772.8
722.972
2643.62
700.844
1167.6
1003.98
584.846
203.283
4606.51
2883.1
16773.2
6993.22
1778.72
2798.51
3886.73
458.816
2626.69
576.332
976.384
3791.04
6018.93
320.811
3485.56
8425.3
2191.03
2672.65
1510.95
4358.53
1492.87
3135.08
595.296
6056.73
16427
937.264
517.713
1334.24
380.76
429.22
631.73
4664.57
4898.13
454.524
5645.5
579.368
3154.07
1488.19
1777.86
793.853
2612.56
4635.49
2185.56
1211.46
1033.19
2382.2
2545.43
2214.62
854.296
1944.48
3863.8
1086.66
4229.48
2778.63
1349.71
3266.82
1358.81
1618.74
918.494
617.576
3689.89
2477.72
444.169
222.123
1890.37
3453.89
6172.28
2129.47
6395.29
1421.09
2337.91
1289.57
4345.79
3776.43
2670.27
7492.95
5369.21
2026.06
5063.98
7330.34
2472.93
5966.98
2404.47
3049.8
3737.19
633.913
770.931
1005.89
413.426
13843.8
1996.09
8955.55
4538.27
6545.61
4470.14
735.545
6193.72
236.429
8110.24
349.566
360.201
1519.52
4197.63
1336.21
3894.32
5141.99
1066.42
2336.41
7169.37
4217.6
1642.99
3472.83
801.987
2310.7
10529.6
2512.87
7423.07
14343.7
6755.98
2608.18
3727.78
6422.03
1025.48
1101.46
2901.42
448.456
2976.44
1187.74
2943.63
5269.21
5791.4
1434.3
1130.27
1569.81
1178.42
2154.27
6231.28
2107.51
2936.55
2612.25
3387.37
600.83
3932.94
1677.75
5679.05
4132.44
2719.99
1633.12
1222.32
1298.71
1245.04
6308.41
310.557
2361.83
7437.95
528.099
2777.13
7322.48
7481.8
3349.68
615.897
353.457
2744.93
3433.37
492.636
7873
1743.01
574.498
4868.33
1085.35
1524.86
1082.23
2526.07
1054.51
1857.3
11818.2
2153.01
3299.07
1320.19
542.538
5021.46
517.849
4476.06
4686.12
909.196
7874.02
1153.06
4891.09
9067.04
1605.16
155.001
4156.32
9037.19
940.137
759.128
11429.2
1829.86
1518.69
1387.01
510.675
2434.97
2688.01
1931.25
364.893
3156.96
861.291
269.529
1609.9
1746.87
3590.71
8512.98
2833.36
4491.34
6345.54
1399.94
843.33
2277.9
6003.35
5233.29
1735.45
12117.8
2788.92
2737.82
3176.61
5282.98
2353.69
12949.1
236.024
2956.04
2211.22
1419.02
284.509
7804.79
4907.23
1632.7
849.858
2879.46
2411.9
1117.45
1146.03
462.308
4386.8
4929.69
482.418
3619.7
592.569
2701.37
4066.79
5378.03
1682.51
2442.17
907.41
3771.26
7008.01
6722.38
2556.51
5878.73
5787.32
517.893
795.981
1258.23
805.402
1814.3
3932.81
1905.15
698.893
2272.25
619.406
1937.37
2112.77
373.688
4811.74
5583.89
2551.37
3548.7
2811.91
4061.63
776.134
447.721
213.447
767.365
1796
10136.6
6313.07
1539.15
3420.79
199.682
713.117
557.227
8839.15
2786.56
557.327
3578.75
547.27
1844.32
2715.74
3251.11
1155.16
3308.65
2237.88
5140.74
196.273
1022.5
1173.27
2240.89
5812.97
2161.22
767.51
1528.9
12430
1354.81
8267.65
1684.04
4528.91
243.58
8200.55
6287.22
3905.63
6410.95
4522.17
7690.64
4624.71
490.873
8435.01
837.168
372.709
499.341
1293.59
2017.65
301.646
987.425
1830.07
703.155
12760.8
25292
3549.18
6865.87
1947.78
301.057
5525.61
6714.29
449.953
975.841
4910.46
478.189
5317.7
2825.88
1443.38
1101.26
2877.18
2820.83
505.387
1301.32
332.45
631.657
2948.39
2487.86
3796.3
197.704
2183.36
2703.88
6095.67
4957.64
825.116
2473.98
4636.56
2565.69
742.087
10323.2
5998.49
1629.87
860.327
1477.95
1338.63
7582.85
1456.29
391.18
548.655
4514.43
5994.22
1287.39
450.186
1486.91
645.801
4788.91
1715.01
249.991
2524.97
2285.2
481.853
1477.67
1003.18
304.64
4285.57
2522.56
494.037
2504.03
4169.23
1650.9
8043.59
7488.23
1572.03
6195.74
932.7
5897.19
2512.28
3980.79
1009.67
4280.46
2668.61
432.511
878.357
183.682
7728.2
3089.51
1326.74
11729.7
11314.9
421.42
1292.64
5461.66
2213.66
2828.81
305.786
926.94
2902.07
1144.61
27436.3
2354.59
1481.88
2196.37
8158.13
1185
3542.23
3270.6
7830.17
7019.79
2158.71
5902.41
2813.25
1799.58
255.045
329.756
471.928
3387.6
2368.34
1869.26
1303.93
198.408
732.011
1016.21
4476.16
2794.39
4229.51
6781.21
3100.65
1954.04
2397.59
329.275
4443.71
534.171
2832.33
1508.23
1503.47
720.498
20214.8
5298.1
3298.19
686.772
339.544
202.701
4120.77
5207.31
2361.45
1504.41
2889.65
404.845
4179.62
6725.26
4405.15
35568.7
6609.7
7275.2
4503.89
1049.36
5635.5
234.467
814.936
1348.4
3509.84
726.435
537.955
1382.04
847.218
5821.54
438.856
8304.21
165.251
3640.87
3340.98
1750.02
5685.42
5028.95
2035.77
419.833
1575.23
1057.46
2291.75
734.756
3059.35
5070.87
3495.09
7926.2
341.232
5935.61
6675.79
7184.44
4400.84
504.657
521.173
1488.15
1798.33
3818.41
2055.52
5534.89
581.153
281.039
3226.18
3054.91
644.985
633.707
1967.58
3969.88
5096.14
2983.49
3679.19
6097.37
7554.7
574.106
1784.79
2334.26
1839.67
1808.1
2357.64
8575.32
11722.9
1048.8
6359.34
355.701
1650.13
1929.33
1914.02
1151.84
3873.39
729.224
7730.46
4554.05
1318.11
1268.67
11854.5
7021.34
5659.55
10601.5
2707.67
272
1877.41
3132.65
4083.58
1491.9
6606.36
13025.4
919.032
4708.15
4519.36
856.744
377.222
2790.33
555.403
1087.42
7451.96
4947.71
1057.11
736.246
7581.27
2964.94
2779.45
654.731
695.457
5421.42
1456.09
1146.18
5760.23
6107.26
2732.83
7696.15
4647.95
2918.65
2540.09
464.062
2900.94
6048.42
2878.57
3110.34
8546.54
846.336
320.188
2745.6
2035.39
1824.4
269.271
1276.95
3495.52
4338.81