9.11345
7.98746
5.21511
7.46283
5.53295
9.48697
2.88125
7.48542
1.35193
6.74335
27.5032
1.3956
4.43332
2.56848
3.74503
9.71911
6.43128
11.1781
3.11074
2.7828
5.5984
15.3034
6.58602
9.36553
6.94336
3.79089
9.33342
3.72783
2.70239
5.57183
4.10534
6.61244
14.0896
13.8727
8.12367
3.73167
4.47675
7.89797
10.608
4.23119
6.97492
2.8155
7.402
4.19425
9.45221
5.9281
5.22649
4.71835
13.4967
4.87382
2.40113
5.12347
5.07345
5.15725
3.50163
9.48883
9.77143
6.2106
7.473
6.09584
4.5699
15.1025
5.27751
9.25226
3.33462
7.9952
8.2981
7.92653
1.8719
8.4965
2.6692
7.60003
5.94306
7.56325
6.91698
5.2329
8.45409
12.7461
2.79102
6.51535
8.75209
4.45666
14.0278
3.58955
3.9605
6.68689
13.576
9.14216
3.42501
6.02644
5.24028
8.62085
15.7877
1.78008
4.6905
4.79716
7.6086
8.60053
9.65614
4.89941
2.28516
7.58601
6.25374
7.89779
5.28958
18.0503
8.71657
4.0951
6.49594
1.36288
2.29383
6.64208
21.152
7.44826
4.20364
7.11413
4.65216
6.42362
10.5161
12.5241
6.97205
3.31176
5.90594
11.0469
3.69586
4.46675
8.88018
2.19002
6.32588
10.1437
4.76048
3.79488
14.2004
4.44541
5.88209
4.69307
7.39363
5.56552
7.24699
7.04149
8.60005
3.42461
6.72614
13.0466
5.8011
3.17845
3.5162
5.27259
3.30607
3.97489
5.1384
6.30762
6.97863
9.15851
5.70829
7.10667
2.87014
6.94779
2.26119
8.34469
4.3708
10.9229
7.31201
2.53961
1.88787
10.5531
5.97257
20.2818
5.58412
4.55205
9.15193
5.14425
7.45309
2.70479
7.48704
5.87204
12.4116
2.99591
6.2628
3.43814
3.61758
4.0875
7.16451
12.9466
3.74755
3.07995
3.4941
5.6809
6.39041
10.603
13.1091
7.912
8.24647
10.7595
1.41525
4.50862
10.1965
7.2698
7.68569
11.1163
4.1182
10.9368
4.39635
9.08181
12.6304
14.7209
4.63043
4.1428
4.66316
5.13476
11.4797
14.7811
9.83019
3.94941
8.59861
2.2457
1.1061
8.2808
10.4019
20.0778
9.27947
5.53883
4.67875
3.82081
2.83894
4.51829
5.64907
11.3818
12.7723
4.39736
14.8986
5.5943
3.54513
4.74159
10.6421
12.3533
10.741
7.97763
4.26559
10.3899
4.31803
9.65883
6.29278
13.6807
6.49671
4.39373
27.2651
1.91454
8.17866
11.4806
4.06336
9.28306
4.63853
6.33942
3.81861
6.98713
9.50385
5.78956
2.3691
8.05256
8.80732
10.9281
4.20494
10.7531
16.0272
5.30176
5.39723
6.62614
8.87712
13.8787
5.82919
1.41385
14.2012
2.83879
5.29098
6.79229
4.86783
19.8286
10.2314
6.58186
11.9933
7.43726
9.93814
6.87182
9.40519
15.4565
2.45486
4.81007
4.73474
4.08905
5.27811
6.41002
5.96816
7.09209
2.04104
8.24456
8.56499
10.3813
3.33961
3.58938
4.20087
11.2862
6.12643
7.14665
2.22588
7.58422
7.30292
4.48842
2.66483
4.75522
3.61578
8.52669
7.40207
2.63176
11.3699
9.30148
10.9643
5.96591
5.68896
1.97355
3.74767
12.5437
3.17934
6.2088
16.2507
3.49973
8.57816
6.06669
6.30156
1.09181
3.06774
6.59747
2.28095
2.23858
16.4873
12.3286
14.5558
14.7362
3.6807
2.94439
3.71771
7.97851
7.59034
4.46854
3.83512
14.9488
5.1878
3.03959
6.85495
8.60709
5.0972
3.11114
8.83051
8.2375
2.86253
3.96641
7.96427
7.91073
4.57761
7.54364
3.87165
12.164
13.6277
7.71982
3.91073
4.82809
5.21705
9.21053
3.184
4.29977
5.04592
7.75769
1.29161
3.70958
9.22385
3.74423
12.1729
3.10257
1.49783
2.79803
7.02599
11.5778
8.07109
1.78763
3.70651
3.36756
3.0447
4.63234
6.70778
10.7193
2.55636
5.9113
5.59819
9.64682
9.79711
7.91045
5.79743
4.12074
4.59797
8.57828
8.92479
11.4253
4.38905
1.25544
13.7485
1.24042
7.06167
11.469
12.9591
11.7827
8.25155
4.51753
8.26028
12.9003
5.98424
4.69312
4.20233
10.8731
8.96699
6.76084
12.8344
12.9811
8.84812
13.0278
4.2277
14.0103
8.05778
3.08077
7.71003
2.34224
6.90571
2.32477
2.71513
5.15697
12.1099
4.88877
3.58945
4.47817
10.3817
8.64063
4.31648
4.04521
4.81596
6.44124
4.26853
5.23495
3.63598
9.75195
6.69023
3.33886
10.8086
7.26295
11.5062
8.64066
1.66107
6.28673
1.83996
11.333
2.98667
4.04823
2.48805
8.99114
9.70494
16.0999
4.53543
8.0719
2.09162
5.27966
8.39463
5.43837
6.99222
8.03454
12.1967
2.31821
11.4285
3.36226
8.81537
4.00244
14.2793
5.97257
5.96088
17.9849
18.8294
7.27668
8.22582
21.4834
14.8089
10.3155
4.99761
5.1677
4.6634
7.26659
5.89799
3.95304
4.53258
10.9145
11.7567
12.1741
7.0042
7.98177
4.55606
1.96691
10.5599
11.8233
4.24042
10.702
7.90491
1.91711
10.0088
12.2846
4.59425
6.27475
10.4234
10.8143
11.5103
6.1985
4.48775
5.45291
4.53743
2.59753
13.2163
5.97123
3.64418
7.72402
7.82114
5.21077
1.99726
14.8543
9.27084
17.6992
3.48041
3.73581
8.12031
12.8444
8.72746
4.38524
4.20475
3.23086
5.78655
6.93225
3.82121
10.7801
5.17684
7.00312
7.46218
4.46151
4.75408
3.46957
6.40828
10.5634
3.24157
12.2211
2.13611
2.72308
3.72259
5.14272
4.40767
4.30344
7.95122
12.2621
5.66182
4.88929
5.38199
10.0546
15.7706
10.6124
6.4863
5.81747
13.7501
8.63646
8.94955
7.4429
8.53276
17.5819
9.94818
7.75028
7.27408
5.15515
16.2183
3.94691
4.61936
4.31677
7.97396
5.97571
8.26986
9.23817
18.0394
6.77298
3.76828
4.88233
3.26196
6.96147
4.39946
6.29342
5.93199
15.1535
9.39883
14.6348
3.95992
3.66272
3.39124
10.8518
5.29985
9.97454
4.64322
5.22926
4.3879
18.8052
14.5418
22.4285
11.839
3.00844
2.04531
6.37793
6.81186
3.17188
5.88023
6.30055
1.02307
5.27493
16.1159
11.3742
7.05424
9.80988
5.99519
9.06366
12.1045
4.76063
1.5149
12.3307
8.29915
8.79414
10.1908
13.5714
12.475
4.24477
3.67084
2.05379
8.48283
10.4542
1.95534
13.8796
10.0235
11.1347
22.3232
4.22746
6.16682
4.67711
9.99494
3.12889
5.49101
15.9073
6.53608
4.66813
7.90132
12.223
8.59881
4.00453
2.418
9.92471
6.58054
3.63984
5.14721
2.98863
2.17436
5.22217
9.64145
9.7111
7.41988
2.97331
4.981
2.32828
9.73481
2.9162
10.5099
8.81433
2.153
7.20867
15.4553
10.0405
13.4296
6.88281
7.39436
1.47516
8.19003
10.0217
17.0186
3.19427
9.25356
4.87522
0.88903
11.6448
8.64013
8.55529
4.92497
7.97417
7.1412
11.4759
17.3146
1.62292
7.17341
7.79106
4.31976
4.19492
7.40094
3.03296
2.72366
4.96321
1.951
3.65728
11.1902
5.17092
16.7874
3.47859
2.71833
8.35321
13.1503
10.1631
2.55356
4.11589
5.53334
7.92605
2.53285
7.41114
3.68571
6.27042
7.22695
8.11349
5.00718
7.40509
2.47321
13.6624
13.826
5.48621
2.98045
4.11145
7.33216
12.9589
9.58921
4.12036
10.4074
8.77751
6.63703
19.2127
19.1577
3.61845
6.82627
11.1073
7.40126
9.41795
6.48472
15.3449
4.32825
6.00143
4.24352
2.78171
12.6225
3.52483
2.72582
8.70529
11.4378
12.6201
6.52009
14.995
2.98355
3.33948
5.14262
17.9928
10.5294
2.97603
5.90611
3.5481
6.90812
3.54482
4.35357
4.50931
7.2684
2.18644
6.03312
5.91819
10.1585
5.54758
5.27867
5.71215
6.37684
3.15712
1.61875
3.03415
1.95418
10.7337
2.47967
7.09286
4.10307
7.20423
5.23808
3.5838
5.64232
13.8701
12.7359
5.15175
1.86405
1.93383
5.65758
10.1337
3.30728
3.48485
6.20527
15.2042
6.33639
13.2425
10.4176
3.0779
2.90436
2.8515
4.65252
6.30982
4.78415
2.28527
4.98394
5.63067
5.39211
10.8227
5.1671
12.7648
1.95698
6.3378
11.8461
2.66818
3.1822
7.64646
5.31619
1.30725
14.915
4.49638
10.7747
2.85751
9.24149
2.08881
4.50695
7.22539
7.79517
12.5461
18.269
2.85528
7.1556
4.469
3.3059
10.9955
14.7509
16.8798
6.95221
2.06807
6.40542
7.92346
3.84938
3.806
5.02608
3.15456
5.8006
21.9647
4.70021
2.77857
9.80035
2.49355
23.5999
12.6036
9.14517
10.3728
3.96875
3.32857
2.69886
4.13329
3.4515
2.03589
7.25786
7.17628
10.8827
3.55983
3.88622
3.85477
7.56594
3.38767
5.15319
2.97607
7.57231
3.15204
3.68018
6.70011
5.79938
2.90616
1.45421
5.06666
3.26733
3.56213
10.995
7.09405
4.23061
7.31644
3.32695
7.62831
1.70823
4.10386
5.25401
10.788
2.94185
6.95645
10.5422
18.1142
3.30698
3.80591
12.9536
5.07056
6.54434
8.41682
5.33097
6.54211
6.95852
5.28516
8.65798
5.22155
5.19056
3.58999
7.00047
3.19553
7.01485
4.04927
11.5029
11.8058
5.98555
2.85468
8.82099
9.83466
12.749
17.62
5.90597
5.19971
6.12615
15.6501
3.81855
12.3139
2.67465
4.42837
17.0186
4.87621
11.7928
10.5283
4.45443
7.80527
12.0624
17.1058
7.0688
5.96638
8.56175
4.25761
17.1287
1.77266
12.5649
10.3432
1.1582
2.83913
2.36939
7.90688
5.40162
9.67394
5.47569
6.03649
3.61775
4.22007
4.81449
4.47521
10.735
4.95315
4.4641
8.55165
6.47372
5.3102
8.62752
1.62433
2.08948
7.08487
4.66633
8.73303
7.1634
3.27626
6.86618
12.5336
2.67274
12.4253
14.4331
9.37884
17.9046
11.9408
2.54025
8.29026
3.03312
5.45228
9.49152
3.97287
12.8179
7.68097
11.8308
7.73022
10.608
2.23828
5.89494
4.13181
4.27411
12.2773
14.4703
10.4456
5.02875
8.71346
13.7451
28.4092
22.1032
11.0404
7.0885
4.95976
4.76603
4.76582
8.20779
18.9384
8.32362
11.0623
8.15613
1.71562
13.8184
3.48202
5.36358
1.87232
6.82151
8.52173
13.6054
6.72009
4.77001
1.48214
2.85928
3.74614
4.42411
6.09857
5.18994
7.19327
6.30833
5.62948
6.03957
2.78475
24.6133
12.5118
3.59692
10.223
16.2191
2.5351
4.32309
4.44199
4.71496
3.19966
4.36102
4.93962
4.94122
7.28165
3.07475
7.47516
3.16246
10.7979
7.30554
5.7137
2.73793
5.00029
5.09757
11.1952
4.21445
7.93236
1.37106
6.56159
4.93372
10.1363
6.3774
13.6889
3.68869
9.7053
8.16938
5.03296
5.62069
5.9652
6.22642
12.2533
2.60082
5.96709
7.69154
10.2781
8.41419
3.41899
7.06377
1.63122
4.46403
7.40885
8.19492
7.26356
4.3108
3.94109
5.32849
9.95138
6.86801
9.25883
12.7515
2.83426
3.78633
13.626
7.50589
9.63941
5.89273
7.91144
4.09224
8.93342
3.95963
5.53952
6.93092
3.82708
1.71968
5.12904
3.65468
2.59207
6.05501
7.44065
18.6059
11.0475
5.44188
6.50387
13.302
3.33839
14.5308
3.37186
5.9575
4.12224
5.01785
6.34869
3.52075
7.99154
5.67203
7.24864
2.38491
3.8822
11.6385
2.9463
18.0449
9.53665
8.62433
9.00879
8.36537
4.40911
6.69395
9.87241
7.38076
4.08231
4.01166
5.07694
12.7121
2.25298
2.91266
3.63315
3.57591
10.7401
1.74545
10.0583
4.93316
7.85464
5.08928
4.59063
10.2452
17.9336
13.0271
7.39052
7.47832
7.04622
5.23288
2.53814
5.62321
22.8841
8.85173
7.39484
3.5251
14.5502
2.51569
7.98955
7.05252
21.6126
4.17089
16.2073
9.90944
3.72563
14.8809
4.97113
3.96105
4.22349
5.14359
6.37926
3.60126
4.40487
15.3772
2.91294
9.1894
11.3314
13.9997
4.92463
7.77605
9.14702
3.53807
4.38279
10.6625
9.30171
4.30896
1.2814
2.75531
11.8122
15.7132
7.58215
4.09863
1.00454
6.66465
3.74206
6.60839
4.98108
9.67246
7.51386
8.2223
5.42484
5.52488
6.12381
13.0621
4.35181
4.11703
1.86347
5.44273
3.97276
5.54532
8.28422
5.40843
11.1054
6.99165
8.78236
4.98685
4.44811
2.51534
4.41617
2.46818
4.92014
10.8986
8.73964
13.2548
4.93068
3.50885
3.89943
3.62206
5.1239
4.81938
1.99012
6.03881
12.6601
10.9683
3.92394
2.95847
2.77264
6.88108
9.68113
7.7811
7.57613
8.0098
4.13778
15.7663
9.81504
8.58442
3.98447
3.14925
8.80498
5.52783
4.48985
6.61656
8.65226
14.3221
7.82528
14.5558
7.71406
3.88844
18.4658
3.96285
7.69777
3.34298
3.78846
5.38351
8.64375
13.7921
10.4716
5.11159
18.463
3.33553
8.55117
4.79408
5.15451
8.04727
5.64902
11.9632
7.64284
4.23502
6.47197
5.88863
8.25212
5.24568
8.52579
10.5484
4.26398
4.58903
3.80886
4.1858
2.97392
7.30875
8.23008
13.9143
3.97224
8.33747
7.31564
6.69353
2.73294
6.07602
7.50083
8.07972
6.3563
14.959
3.32256
3.46477
16.7106
5.38375
5.00811
6.93247
8.94652
3.06013
10.4742
6.64852
7.95578
4.09713
3.98089
5.07092
6.22759
14.3771
7.90283
3.73592
4.55387
5.9782
2.73417
5.61483
6.58567
2.44751
3.85688
6.64427
5.37815
2.81618
1.66471
6.2753
5.39011
11.5492
6.22617
5.81224
5.91638
6.06793
15.9511
3.58533
6.1321
7.05167
3.15561
8.17487
3.80683
4.50619
4.27628
5.23106
7.59716
4.89106
3.74938
12.7492
3.73908
4.59553
2.37168
1.75283
8.84308
1.75749
4.67566
5.20729
6.7145
4.87871
14.3837
23.1195
6.97909
17.1404
5.98436
10.0331
11.2066
12.6254
2.64245
3.87648
14.3191
6.50002
3.34546
2.46458
7.38476
13.7959
5.19066
5.27444
3.4526
1.27457
3.6826
5.61841
2.9613
1.50847
7.77981
5.53809
3.23003
4.13671
7.6018
3.83298
4.58891
10.6519
7.75726
9.3278
4.43357
4.10127
2.16165
2.17065
2.71326
6.70879
4.86378
8.51925
6.36939
7.39501
11.6739
14.8019
6.75575
3.28442
4.99133
7.0266
5.99591
7.70939
6.68298
4.36102
3.33038
7.45269
9.33423
5.7208
11.2253
8.97716
3.07631
2.4438
5.16914
9.80037
3.40797
10.5284
5.54213
4.36958
2.55512
5.56742
8.23556
14.5383
4.1856
7.08861
7.09697
8.07653
9.07526
7.55089
5.20872
3.16655
12.9346
4.61417
2.63877
9.53403
5.34831
9.98788
2.63984
2.18313
9.44845
9.2624
9.22058
4.52508
5.05807
5.25829
2.54909
4.73559
6.02468
8.37398
7.23393
10.2898
9.3679
10.1146
1.21332
7.53991
4.16049
2.18819
4.97269
9.29484
2.58997
7.90281
2.51667
7.47675
7.3377
3.48121
4.58881
18.9196
6.21761
12.8646
7.03169
10.5908
5.12213
8.18495
2.8709
4.64765
1.9728
1.15305
2.44727
3.74726
5.78669
10.0566
13.1764
4.87402
6.95837
9.58776
14.3121
8.36259
5.82521
10.5998
3.47178
13.1207
17.0475
4.46088
2.9159
10.6085
7.62891
8.58645
3.64517
10.7194
6.59059
8.19515
4.26543
6.04895
7.99801
1.00382
1.27306
5.16646
9.28134
13.1587
5.17044
7.64349
8.0769
12.2542
6.23674
7.46065
9.2652
7.56811
8.53695
6.28155
10.4929
2.95733
3.21192
9.61679
3.86957
8.40578
5.40977
6.46048
7.60293
7.26416
7.11845
2.71482
5.29714
5.15876
17.0787
7.16488
10.7254
5.07515
3.44896
12.0496
10.0583
6.34667
3.92514
3.65636
9.25446
8.49965
6.21639
7.87293
5.00081
3.26751
2.63713
2.37896
2.90614
6.80118
4.11007
3.07626
9.24922
7.27701
9.58054
5.09671
3.61925
5.68512
4.24792
7.36248
6.04737
8.81842
26.1675
7.35248
3.95665
3.54901
11.6533
6.00533
4.94967
18.3914
3.48232
12.622
4.99592
2.9057
2.76341
10.8165
21.0442
13.6042
4.57207
1.79913
8.83524
11.8732
6.13869
6.92282
4.94369
5.00277
2.34447
10.5141
6.3483
6.40388
4.35805
6.80326
3.50837
8.56002
2.67242
19.1501
15.3136
12.0106
7.75884
10.2039
4.63379
9.19446
12.5366
6.3118
8.54809
3.32162
9.83299
2.86733
6.08923
1.55823
6.14297
8.19159
5.33776
15.1186
5.79705
10.2432
8.25747
4.88111
7.58979
3.23108
23.109
6.14721
5.65034
11.208
20.1454
4.67532
6.44877
4.36945
8.14041
2.70926
8.37875
3.81609
6.70436
6.46649
9.26865
3.70996
6.8647
7.41439
5.05967
8.45759
4.77864
10.6689
2.93302
6.38695
12.1427
4.58385
2.55038
5.153
11.3363
5.43493
9.56029
2.06985
12.6888
4.08913
2.55992
5.39601
5.39801
11.7883
7.64709
3.80851
3.71574
2.06997
3.90593
8.07105
6.76325
2.07259
6.53856
8.04939
3.56701
7.34793
6.00054
2.86318
1.20194
5.87637
31.9038
15.92
3.34418
4.7012
6.50403
5.67815
4.05424
4.87563
3.32741
3.08062
6.84463
14.6607
5.34024
14.3293
4.00828
3.94116
2.06646
10.7238
3.96962
9.34447
3.84831
8.18445
14.2884
20.1757
2.01209
2.92881
16.6063
2.19662
6.80981
11.7944
3.57985
5.20651
9.98441
2.32749
4.72644
4.6421
6.18192
4.08077
8.54693
14.0004
3.51459
12.9721
17.4993
5.48398
2.97833
9.20804
10.3266
6.81005
4.17733
2.21585
6.60461
7.5099
7.98206
5.25479
10.7681
4.98022
9.04634
6.03102
10.1828
6.12042
3.43658
6.33417
10.6053
10.4877
5.98064
12.078
5.8671
8.455
2.05878
3.15106
4.06138
7.38131
7.52732
7.99465
8.40948
2.75029
9.06007
3.40462
21.4013
9.04501
3.07049
7.99867
3.87513
12.2907
4.33273
5.09387
3.32772
9.094
5.45846
12.0817
3.94563
7.05626
6.25226
5.61667
7.08247
5.5203
5.55169
3.39005
4.98988
4.97194
11.8114
4.13467
2.88732
4.18039
4.79253
10.3037
2.31474
11.0565
1.35978
9.19553
7.08516
14.3506
4.29503
7.48143
6.80279
5.20013
10.9888
6.84364
7.51884
8.93108
3.52566
19.0833
7.38092
6.89202
8.17969
14.5577
16.0155
4.34179
7.70562
4.47571
4.557
11.2958
3.06029
4.83599
3.90723
5.30861
11.9864
5.43859
10.799
4.35215
12.2571
15.1772
5.6793
2.35856
9.36512
7.95508
7.78741
6.17766
4.10236
10.302
11.2864
5.12013
4.65484
19.1302
3.01567
6.91115
8.6087
3.15103
9.40921
6.22002
3.70907
5.73157
5.84087
8.6733
5.33869
1.41823
18.0236
6.55952
3.37568
6.19112
8.18861
3.06222
3.67974
13.0861
5.91852
3.59871
8.9153
10.0139
8.69566
6.78077
6.92121
4.55195
3.37486
9.18603
3.49626
3.43653
23.2584
9.69929
9.54407
9.41302
6.20711
3.94299
4.4732
2.71933
7.5343
3.54432
3.76355
13.9888
8.04469
7.71286
2.44186
2.79311
5.81014
1.39697
8.41466
7.06941
3.09462
2.85951
5.73983
8.69641
12.9302
8.73682
7.94403
12.5231
7.38188
9.50816
5.0448
3.17043
8.8708
3.65327
8.87328
5.79287
5.82836
12.7399
3.06625
15.8041
11.1374
3.37041
2.83025
15.8226
3.10849
4.8684
6.14046
8.8124
3.25691
5.6687
8.65114
9.7116
13.4738
6.47548
13.6967
4.63581
11.5424
6.15148
12.3778
3.71704
8.77844
7.82707
5.93371
9.8187
6.29684
6.77007
10.0328
3.61374
2.6886
13.3865
20.4472
5.06009
7.08021
2.59733
2.44498
3.4844
9.07436
4.26034
4.64879
5.08885
4.22469
9.18439
10.3338
8.98492
17.3762
5.5831
5.63624
7.39472
3.52606
6.96483
3.15712
5.32719
7.25486
6.72271
1.92256
9.94693
10.1146
14.895
7.83019
16.81
5.3877
15.0322
4.36655
3.89054
10.0454
2.8625
4.05958
4.32794
3.59635
5.39364
16.7618
6.91238
8.17992
15.5802
13.4074
5.42686
6.67155
16.0489
4.84632
14.8538
9.56047
6.41064
7.43032
13.3337
4.07473
6.77314
8.24824
5.79919
10.2422
5.1921
12.5684
2.44835
3.28298
10.2584
6.31164
5.78035
12.5549
6.78274
7.29073
1.73163
12.9844
2.98097
2.52266
8.16476
9.14805
7.37894
4.88871
4.62534
7.79501
9.31545
2.65078
7.82746
2.81272
3.47459
3.58888
13.8008
7.10114
9.02408
4.03874
8.66961
4.22339
6.81899
3.28411
7.16272
2.25343
6.85634
7.49915
2.67841
4.37715
4.11997
10.6962
8.52836
3.07072
4.82989
5.58971
2.72876
3.87215
1.29417
5.61718
5.05369
20.2969
3.76444
7.64759
9.79885
2.8187
4.09014
7.06337
10.866
8.57179
5.90351
13.7348
2.6052
7.00004
4.41397
3.09766
10.0726
5.76082
10.621
6.30445
9.66758
12.1166
3.42958
12.1719
11.186
4.49229
8.3242
5.82995
4.60053
14.643
6.0931
12.0947
15.5294
13.2607
3.64157
9.55684
8.58325
3.29953
1.53875
11.8833
9.64334
3.42693
10.3147
4.11529
6.70312
2.98441
3.37681
9.12358
7.32582
1.95518
5.83486
1.78218
6.79598
5.5047
3.20283
8.68276
3.73216
14.6281
4.29583
14.5057
12.7106
12.3543
5.7396
8.28227
7.11787
7.84066
6.3752
4.27068
12.8031
6.60448
8.86937
11.47
8.99252
9.58018
9.12217
4.04259
4.38796
5.24687
5.25266
9.47682
1.85011
8.18347
2.56006
13.8139
5.64509
28.2354
5.54078
11.2214
26.1679
6.51917
7.2622
5.76968
6.91856
2.71993
5.57421
8.2867
3.69651
3.46229
8.21561
4.57523
9.41549
4.63667
3.25892
6.55166
25.5276
11.2043
8.43778
4.49827
1.12132
2.73936
7.57135
11.6851
4.12954
5.98385
3.50793
6.21698
6.46175
6.52243
5.70624
16.4338
10.0401
3.29982
7.8403
4.71277
4.55769
12.7071
7.61074
4.3702
13.7632
4.01546
3.4224
4.10993
8.80518
4.35296
24.8071
6.32073
6.79231
6.27509
14.104
2.61736
6.86344
7.19015
4.02511
3.15877
5.49139
4.03312
10.0613
22.8125
17.6476
8.04347
7.29254
5.26429
13.6937
5.78917
5.26758
10.0227
12.8294
7.00845
5.34943
5.97791
7.19498
2.67629
6.69855
5.18496
14.9629
4.09195
11.4048
7.07761
5.63241
12.1232
3.74026
14.5069
6.02753
11.7784
5.32971
6.4797
4.7671
2.59142
18.0758
5.89333
12.1777
9.09144
4.52083
3.66832
4.55235
10.4911
4.60953
3.0662
8.64102
3.01
5.99576
7.202
4.89884
8.84616
8.50293
5.27976
7.59998
6.27336
10.5914
4.15423
10.5415
5.48321
5.76819
4.75507
4.84969
3.64977
2.77272
5.26425
6.22592
6.5822
7.37263
14.033
6.98745
8.07202
4.63184
17.115
17.3419
8.67386
5.05954
10.6851
17.4837
15.3832
4.03536
13.4198
8.33181
3.63876
9.72576
14.5615
3.52844
4.20702
3.58817
25.2903
4.16746
6.34195
6.55948
7.80804
11.9596
5.63309
7.95954
1.5206
2.05818
7.65454
7.13585
8.07811
7.5174
2.11932
2.78566
5.99247
5.15484
3.7607
3.62126
5.80931
9.67757
7.16731
9.58982
12.0245
1.40706
11.502
10.755
10.5505
4.60165
5.75782
6.56213
3.94335
2.52465
5.65993
1.97798
7.20999
4.39981
3.7662
7.51832
7.84165
2.25783
4.96056
5.13568
7.34019
7.40576
2.5537
12.4503
5.14097
2.62574
1.85273
5.47683
8.6421
6.56767
4.09268
4.60816
10.4247
2.59167
11.1575
2.09446
13.7382
8.14988
14.7348
6.95273
5.72733
5.29256
6.56949
3.63745
12.0901
15.7236
6.07764
8.2673
5.08029
7.06731
6.88951
13.9634
12.7459
7.19279
4.44829
4.11503
10.3526
4.04963
5.15816
1.72182
5.25678
10.7405
5.68961
17.1166
2.7477
5.7123
4.67109
14.0165
4.71124
2.86364
3.48616
5.98374
22.547
8.13608
4.47279
4.90564
20.6011
8.98297
2.5351
9.32977
3.64898
16.8022
5.11004
2.42652
14.0653
5.85242
3.98466
23.132
4.62844
7.12044
8.06079
9.30923
2.62158
4.11534
6.68678
6.86111
5.01914
7.1612
20.5879
7.69321
5.22055
7.59691
1.39918
5.1894
8.54736
4.21036
5.85028
7.72357
4.011
16.2636
5.21642
11.7236
4.30857
1.8924
5.9796
2.82177
2.53853
15.4475
5.49484
9.9543
4.34491
6.79141
12.8514
5.99885
4.27787
5.51736
7.45592
15.3789
2.48179
10.2759
7.57364
2.86085
9.52078
19.9605
5.56046
10.2586
3.71272
7.52894
10.9037
6.93318
6.5353
5.42429
8.2315
4.17474
12.0635
4.07288
9.52262
8.32838
2.6047
4.97861
4.21833
4.60727
8.32207
8.7855
8.37595
1.78414
2.91933
6.63324
6.76294
13.668
5.26738
2.81314
8.94148
3.13816
3.36851
5.62526
3.60185
8.3263
4.16987
6.02016
6.64364
3.6671
5.63176
4.53921
5.27188
13.0878
13.3273
20.0801
3.87905
6.24392
6.36305
7.68719
3.26978
8.33965
3.0731
5.54008
5.55442
8.38293
6.42981
7.52157
5.31296
7.86579
13.2227
4.16591
6.14058
12.0581
5.12287
6.9968
9.1658
5.2191
2.87719
5.61422
9.43527
7.72168
2.2517
4.69537
8.83377
3.18351
4.7844
10.6222
6.11988
17.7985
7.59791
13.7434
13.9234
6.06362
1.79215
7.17034
4.0241
4.75053
12.9165
8.93524
7.12326
8.31991
4.46846
9.22257
4.23326
11.6085
3.61335
7.0098
6.63619
3.95748
6.7387
6.44398
2.23737
1.33154
4.33507
8.75268
5.98885
11.9945
11.3309
5.89579
13.3465
10.2271
8.29532
4.54253
3.63683
2.69949
3.97468
3.30396
4.26279
8.51384
9.86429
6.18475
4.295
4.38245
3.9801
6.18219
2.79254
2.27842
11.4014
3.12169
4.08381
1.94953
10.6479
4.611
7.34208
3.59347
6.09253
9.9849
16.6662
6.25376
10.1141
11.1937
4.97511
4.4261
3.00136
3.98417
4.55569
3.50662
5.97168
20.6047
7.22238
8.31081
2.33726
21.7654
2.10362
5.32616
4.25308
8.82065
7.24893
7.01256
7.49364
5.94789
3.31915
4.34428
2.38177
6.66806
3.96799
6.31956
2.5611
9.8223
6.54251
10.0538
12.1943
3.997
8.51922
5.65073
1.92796
7.03681
5.5656
2.69516
14.263
10.8539
5.33077
10.5864
6.88439
8.39557
2.68322
12.1732
4.18537
6.98901
3.43539
3.91661
6.48135
6.27203
11.9674
3.85792
4.37483
14.9792
8.64026
15.4847
8.19712
2.92842
11.3672
13.4643
12.5816
5.18581
4.0728
2.72266
1.69671
8.61236
8.09889
4.93638
4.34533
3.37219
3.36988
6.64708
4.65267
6.45718
9.15453
22.0207
2.49386
6.22405
3.02211
4.63568
5.44224
9.58388
5.10915
4.40917
12.3717
17.9765
9.91364
8.43467
7.77629
2.03977
6.12458
2.66993
4.14499
3.45425
8.5392
12.4074
3.10964
8.42052
1.83465
8.24015
3.19954
2.39186
6.52983
6.56416
6.51483
3.97885
6.91539
19.4293
4.23991
2.64331
4.2125
7.16572
4.1696
6.51118
2.49537
11.6379
4.68504
2.77311
4.54959
2.62349
6.75872
4.05811
4.0568
13.3408
5.2932
1.92176
13.2099
1.29656
1.43765
6.59727
6.76911
8.4657
6.72542
18.8251
4.30712
7.02421
5.46205
6.69387
8.17089
5.72435
6.57173
8.2078
3.88621
3.16271
1.857
4.3243
7.0162
3.01121
8.71162
8.29386
10.5403
6.12159
3.48518
8.36506
8.6599
7.15573
4.15715
3.73932
2.05776
3.18536
8.54196
5.99547
7.4737
3.25618
9.54043
4.21514
6.95298
6.28875
4.04783
5.34768
7.54904
3.33985
15.2445
5.55722
12.1316
15.3443
17.4958
2.11756
10.8992
12.8469
8.17546
3.31714
12.4827
6.12508
7.21424
8.16712
3.29339
9.26815
3.34556
16.7177
4.02442
8.06795
4.84331
3.64955
7.20268
3.49428
11.1397
5.04815
2.39983
10.7653
8.78789
10.2055
4.4762
10.7983
11.4593
15.1032
2.59457
5.7356
2.5701
4.45948
2.76166
3.71373
5.30988
5.86968
4.62302
1.58451
9.94148
1.61734
11.2651
3.24419
19.2863
8.2879
5.44318
9.418
7.29476
5.70428
9.4164
7.09495
17.0288
4.32628
5.68077
10.5726
3.71383
5.46608
1.93444
11.2434
5.36119
7.43946
4.79202
9.39177
3.59947
3.64251
9.54557
9.32406
8.23717
14.3002
3.46385
13.0637
7.43438
6.50751
9.82213
5.65097
4.01286
5.27801
7.55095
5.87824
3.70562
4.02636
15.7118
4.77522
7.25122
9.67814
14.9204
19.2748
3.55389
9.45401
5.20759
15.7913
1.88794
5.6206
12.734
5.44164
2.48439
3.28886
7.55186
14.1512
16.2053
21.4245
5.22287
2.95633
5.85894
14.6256
3.67404
7.44621
3.89586
15.0606
10.851
5.496
7.03925
10.8715
5.20397
3.64891
2.97342
2.48954
5.18918
4.20033
5.06886
2.52032
8.61543
5.04084
4.02597
3.62724
4.18458
6.28133
5.08618
7.46096
2.64922
3.78101
8.98651
15.1249
4.07087
2.76059
2.99302
3.29683
3.70416
5.24805
4.24115
4.48574
8.42753
9.82401
7.65713
10.6806
6.04782
1.82365
9.77582
2.33312
5.24501
15.9336
6.09365
6.08705
0.955882
14.0447
9.17328
5.63201
7.42072
6.25588
5.87298
3.22683
6.78906
11.2325
2.31483
5.09115
11.614
3.89093
2.50263
3.67898
4.48574
4.16929
4.60939
18.0017
2.12689
5.75167
11.3932
4.06642
1.88066
5.56689
3.77819
5.44584
6.83767
5.74909
3.99061
6.35469
14.7783
6.22711
3.37668
6.53781
4.22888
8.97567
8.64561
12.285
4.16271
4.62026
2.85017
3.58613
9.37015
6.25851
10.3448
9.55007
5.28836
2.84635
2.52267
6.5084
5.03644
19.0915
4.08218
2.49611
2.45185
4.56936
5.46096
13.0053
7.76958
9.25688
8.41076
11.6337
6.95814
10.5516
4.15699
1.61212
12.1971
1.11459
7.20704
9.33971
11.4126
13.309
12.6343
10.6848
22.5444
5.17162
8.68196
6.07374
3.63124
3.87931
8.81892
3.24184
12.1923
3.96442
8.39717
12.1659
12.9738
7.19093
8.6938
3.80131
6.84601
3.28932
3.15012
3.2071
10.0698
5.93956
1.22187
2.14366
4.61223
14.757
6.19185
4.58865
3.92398
10.3344
6.26801
11.2665
3.68311
6.10213
11.3133
3.21194
12.5834
4.61935
3.12368
14.0702
15.597
6.5681
6.0389
2.19008
4.38451
2.07377
7.54502
1.47958
9.18209
1.88447
3.30682
9.64845
2.76955
4.38034
3.78726
9.52275
9.84336
4.01251
12.3363
4.55585
13.8009
2.43221
5.01415
4.91846
9.08
8.01317
4.06253
3.61598
5.87785
8.77957
17.189
13.4647
6.18943
7.56585
5.02512
4.82245
2.46692
5.29966
8.07297
3.70238
13.7693
7.21328
7.19665
9.65348
2.91228
4.69225
10.2499
7.09498
1.46921
6.3124
14.9124
9.03078
3.61831
19.0056
2.03391
2.55748
5.96382
3.28531
6.48867
4.6508
2.54768
1.62696
6.94547
4.83394
16.1777
3.64605
5.85851
10.6262
7.02701
12.601
7.46883
4.01135
7.0851
13.7283
17.4506
14.997
2.28601
4.02602
5.87309
2.55846
10.0552
6.13831
6.1159
5.89547
7.37442
2.95501
4.12037
9.663
7.91887
8.7995
16.7397
18.2782
2.91499
1.74295
6.26237
7.57056
5.04823
6.8188
7.55595
12.1892
27.7665
7.94597
17.6473
5.52421
4.10312
2.67102
3.56936
10.0939
3.79071
7.1796
8.81008
3.72879
12.2943
4.22113
4.81076
6.63914
2.4212
2.60253
5.9456
6.75694
8.41475
11.5064
9.37349
5.43458
14.8931
8.34959
8.11229
3.56752
6.17905
3.75579
13.1255
8.86532
4.8202
7.15094
6.34423
10.9105
8.92673
11.9331
5.15272
6.08698
2.71797
5.20777
9.20733
6.04068
5.94273
6.70748
5.58401
3.5961
4.61023
14.2783
6.58455
4.06597
3.6776
5.49595
1.96448
4.79116
9.86686
20.5398
6.58997
4.49886
4.88318
5.56712
5.57797
8.91815
8.60077
9.364
5.02325
3.95904
7.84938
3.83352
3.29028
4.95443
12.0497
7.47966
12.1458
2.99566
13.7946
3.76211
12.8103
11.1691
6.34374
13.4255
6.34862
5.24579
2.64114
9.74464
2.25069
8.77433
10.4433
5.80145
7.58013
2.68512
4.69662
5.37516
6.31351
8.97006
2.44825
6.77402
18.1414
7.23436
16.4072
6.92382
3.16308
5.4316
1.0232
5.49435
13.082
4.93376
7.2229
2.12547
8.65764
14.9658
4.36546
4.47241
6.97824
10.1248
4.85091
15.1364
5.20755
2.84341
5.52927
9.51281
6.87818
5.13098
6.08955
7.12265
5.82742
13.5669
4.27422
2.46879
2.35551
8.06442
6.013
7.85137
15.5112
6.24608
9.9265
3.4803
3.65559
13.9549
9.03557
5.74678
5.54186
4.971
2.36673
2.27541
3.11696
6.04518
6.3793
6.10433
7.26304
13.6042
1.18473
4.95736
4.37588
4.76917
3.34503
5.1266
18.5922
12.2204
3.37446
4.58287
4.26809
10.7138
3.05917
12.273
8.76735
17.5101
2.14418
4.94062
12.3034
4.56331
2.20498
2.83572
5.68651
3.88468
2.71203
9.88853
4.94506
14.9347
6.68991
12.2761
8.991
26.2643
11.192
4.22433
5.18321
11.1247
3.7086
5.07706
5.47875
4.33451
11.6635
3.68873
6.50667
1.99496
10.2866
5.82011
5.90336
5.88802
3.77085
8.83035
10.5681
5.17514
7.83593
10.4523
4.30438
8.24293
7.38765
8.61058
8.00578
2.39625
3.13247
2.37415
2.14
8.05983
3.29857
14.734
3.31483
7.12199
1.95666
11.0108
4.60276
3.60552
5.39277
8.09733
1.52086
5.03028
4.18892
9.88467
6.74383
11.8204
4.77449
8.59066
6.10677
12.3177
11.8439
6.75436
6.86021
5.14753
5.23769
2.51763
3.10429
10.0314
2.26125
3.70651
9.50694
3.97629
4.69468
6.46461
4.76409
5.84641
8.9039
12.8946
2.25683
2.40676
11.4716
7.46224
4.54629
2.07089
11.9687
5.14909
9.79464
5.93622
4.05556
12.5158
18.576
17.5126
8.88069
4.43361
9.22959
4.70477
6.68958
9.03786
8.82837
5.41492
5.67113
5.77705
4.37739
5.59244
8.35195
8.73794
2.52922
9.83432
3.65049
6.5503
5.41052
12.6999
5.21485
3.15184
5.49697
11.7208
18.0692
2.54722
8.25609
6.71476
14.7538
5.85059
6.3519
5.97664
14.1511
9.42504
3.98252
1.74209
1.75071
5.31455
12.05
4.47627
5.99788
7.73002
6.81326
4.19731
4.1081
5.01636
2.95018
5.14667
5.13245
15.9045
4.38117
6.04162
4.9245
9.10062
4.99618
3.35204
5.68167
11.8315
4.7031
3.39656
2.28482
4.04959
4.25673
10.5409
8.28729
10.757
6.86796
7.90191
1.98837
5.47315
13.4286
2.73319
6.28489
6.78831
4.51005
15.7897
15.2828
9.13174
3.41635
3.11027
9.81547
16.1104
6.20389
15.164
2.79115
6.23511
2.38508
2.31132
5.21024
6.05707
11.9242
6.39723
6.69656
5.1596
3.99569
11.7793
6.17436
6.94146
3.96943
3.42845
6.59461
9.54039
8.32568
6.74852
4.41565
3.01658
4.30932
8.81943
5.13871
3.77856
3.60278
15.6674
4.25138
5.39748
7.70541
10.4854
2.51208
9.71854
7.89928
9.11038
8.3982
6.15703
15.9092
10.6019
11.5887
7.19865
4.55565
10.5494
8.12458
2.5249
5.03526
3.22553
4.93389
6.55955
2.913
6.86411
2.64551
9.83869
4.76287
7.48183
3.49461
2.13528
4.98796
5.79355
2.72913
7.19073
5.38078
4.07953
8.15268
5.51619
8.17862
2.20032
8.31494
9.23433
10.5965
11.4526
7.54175
4.96691
6.797
2.58987
4.55498
8.62269
3.33937
5.5455
5.81298
3.20447
1.9845
6.742
4.12311
8.6074
12.2784
4.81398
2.87281
5.06153
7.85601
14.2272
11.1672
2.41213
6.90997
9.06149
5.70189
3.8516
8.25491
4.82242
4.31234
2.41479
2.20802
8.28563
10.4035
2.90446
7.08887
2.676
8.12905
4.09713
6.58402
4.13676
6.29666
9.1766
9.55045
3.12215
2.62079
5.16431
2.53732
6.67828
4.49825
3.96457
8.38065
2.3954
4.84776
8.62123
4.28363
2.52319
2.39809
16.1854
10.5957
8.08901
3.90496
5.52891
4.76545
3.32661
2.32579
15.2213
8.13454
5.16968
6.79153
6.00253
7.94253
1.91453
3.10671
14.7774
2.37661
3.57238
5.3621
7.68461
12.273
7.88231
5.60701
6.21967
4.40718
2.3502
23.5421
10.6376
6.42081
2.50422
10.037
3.14476
5.53313
5.81584
4.39267
10.2062
1.10396
2.70845
8.70954
3.25462
4.20626
6.78972
7.73886
6.11549
2.79632
6.3185
6.6874
1.52156
6.1256
5.27198
7.04762
4.87342
2.72427
6.98239
10.0086
5.25388
2.32833
12.8798
4.394
5.9094
4.97619
4.70967
1.60753
3.8617
8.59384
2.66292
4.79642
3.52178
6.29719
3.70696
8.78884
9.90191
5.73557
5.29991
3.75971
5.12033
2.71731
14.7517
8.59374
10.2542
7.44474
7.60709
5.0334
5.26566
16.2111
5.30101
11.4551
2.962
3.68694
13.1453
4.4701
17.3954
4.13224
2.6213
6.1721
10.0291
4.14337
7.52171
6.38168
1.74808
5.6591
6.91998
8.49997
4.97487
6.83198
4.13187
5.11789
3.96431
7.10424
2.06916
1.7888
5.06945
5.18616
16.633
6.34127
2.9107
10.8263
16.7321
3.57082
7.17013
3.78484
3.1895
6.31763
6.6253
11.0803
6.60731
9.37524
8.23349
8.88498
4.05932
7.60555
3.52952
9.23231
3.62066
11.3197
6.38613
3.39306
5.7434
3.73431
5.64461
7.39826
11.4358
2.12949
6.78679
5.03098
6.99368
6.19545
7.55256
2.21496
10.4251
2.25502
8.16982
5.43249
1.81122
12.8312
5.12256
2.59014
3.37489
7.87513
3.77923
8.51987
5.06199
5.95684
2.51789
3.00781
5.33812
7.16044
10.6917
10.0203
4.86431
6.40131
3.51305
7.76333
3.7461
5.43069
3.98481
3.36479
5.6408
7.75164
4.36412
1.39834
9.26742
5.05445
5.40086
8.27283
4.96273
5.47662
5.03899
14.2131
6.88262
16.6137
14.8331
5.56974
2.29774
5.37864
2.78353
2.67347
6.41671
6.79645
5.34684
3.32357
3.25442
2.57242
5.86352
2.55719
6.49985
2.87339
7.05219
9.06642
9.95798
2.4759
8.50968
5.0122
6.04142
14.7555
3.54294
3.48384
10.0896
3.57357
3.46069
3.37424
11.2186
2.25252
3.61165
5.50609
5.00232
2.25554
13.4946
3.0265
3.40115
4.92459
2.89148
15.9975
7.97905
3.21427
6.51649
13.1747
9.21373
11.6856
9.35952
3.92927
5.53122
2.60641
6.13803
2.50229
2.59174
1.71293
11.5764
4.53325
7.56067
15.0571
3.30797
5.73663
5.33115
2.83349
3.20077
7.75143
5.47498
3.84873
7.50007
8.117
5.85209
3.67102
19.4683
4.09921
2.8341
6.74827
7.82096
6.3664
6.09636
9.65766
10.021
5.4396
7.86285
2.48341
9.25612
8.32617
3.84936
3.86917
8.776
5.40783
11.3288
10.1434
4.00232
5.89463
5.94132
7.709
12.0862
2.5786
9.31014
6.87126
5.84016
6.26676
7.87291
3.44631
8.09195
2.6185
2.06326
9.78858
5.54657
5.04213
4.3433
4.7016
26.1484
7.31193
6.71211
7.4086
3.20512
5.25395
5.83531
6.20214
4.24981
6.39805
4.61115
4.40445
2.63109
4.94396
6.7059
3.92209
6.14479
4.29177
4.26562
6.05065
4.26388
7.88748
14.2914
9.77201
8.9881
9.57645
1.53805
8.65277
10.0376
13.1987
12.5622
16.4635
4.69837
9.23132
11.3682
9.49773
11.0702
8.92708
9.71342
8.82996
7.72225
10.0437
6.14575
10.0426
16.0291
1.54711
3.76816
4.36563
12.5658
4.43923
4.53108
4.35091
4.57159
10.3776
6.7736
5.12946
6.04104
3.82575
2.23348
3.31048
6.0223
5.2472
5.04022
5.00544
3.14635
13.7499
4.04212
10.4328
17.6189
2.94533
5.06305
4.97536
7.70668
7.4044
8.31186
3.61959
13.8003
7.94921
25.3933
11.5662
7.62242
7.21785
3.49018
4.66509
3.58843
8.28489
9.37347
3.22138
12.44
6.23191
25.9911
3.60283
3.00601
4.24306
19.1565
10.544
7.76748
5.03946
4.69757
5.41504
3.9083
2.64634
3.68465
9.31684
10.9428
8.071
1.83005
7.5015
7.95974
11.9178
7.37449
7.10651
10.5259
7.80673
5.1097
8.0258
9.90291
21.0752
4.66919
5.55312
10.9449
3.95262
4.58505
15.4266
5.19953
4.41159
9.13653
2.32225
5.81515
3.2866
1.94568
2.12647
18.8338
6.04888
6.6872
5.36978
8.27998
5.75292
9.70322
3.0401
4.97563
7.52356
3.25026
13.1583
7.78469
7.46208
11.737
3.9151
4.41242
5.19241
5.63348
15.6374
5.61881
11.9478
2.51771
10.0213
10.9305
1.76129
9.99688
6.2454
9.8426
3.99794
0.923612
6.02899
1.78655
15.4248
6.70698
2.80183
5.8561
5.07812
2.53721
2.0305
3.23485
9.70923
7.20513
11.6205
2.54265
4.46264
3.3585
1.41037
4.73488
1.8296
14.0968
14.5168
9.63908
2.61365
4.89476
35.4713
5.06532
2.18084
11.0321
12.1368
2.65958
2.77384
5.53003
2.23534
5.80628
6.32664
5.41546
9.80775
4.5364
4.54354
9.05901
1.78343
7.87963
5.79098
9.64662
5.12161
9.05385
9.26423
13.7763
9.47111
5.74613
12.8866
16.714
7.77734
12.2219
5.49471
14.1883
5.76126
7.18018
6.29469
6.1858
4.78418
3.11371
3.80554
1.96743
21.1976
14.1839
5.42854
4.17525
5.43836
8.72556
4.11797
3.60441
4.95893
1.6774
1.41732
5.33
5.4549
3.27727
3.795
7.64451
6.29598
4.47434
9.3038
4.69842
5.9434
3.16604
3.11463
2.22835
3.15964
8.55263
9.84721
6.1857
6.70147
5.8768
11.4201
5.95803
5.294
1.70537
2.23373
5.31486
8.89834
4.102
3.46964
5.97973
8.43126
3.91046
1.92445
1.48788
5.92337
5.26454
22.1467
3.33025
15.559
9.03064
5.24186
6.36103
5.89597
7.65325
4.34353
9.50365
5.32118
2.35825
4.19469
5.68267
10.3336
14.3428
2.49591
7.02999
4.14849
8.75719
4.40092
2.81612
5.52553
6.62633
5.77946
5.78423
3.43326
6.9081
5.49565
6.82987
11.2655
10.9367
5.29255
2.83855
6.27557
3.47037
6.9313
2.84085
2.50014
3.15535
8.5031
10.6733
2.4892
7.00419
2.85135
5.99588
6.36856
5.68144
8.66284
10.6516
2.07354
8.11039
3.9359
11.3809
6.18866
11.1446
11.2305
8.12445
8.13441
7.56044
3.10393
2.94117
7.91624
9.17596
4.45957
6.97803
10.2448
5.71941
7.57411
11.6135
8.19535
13.3448
9.30466
4.0156
7.4148
4.00944
6.65014
8.27638
6.9382
8.68838
21.8527
3.55551
6.28181
9.38433
2.55421
21.1747
5.20386
6.07182
6.6081
3.1446
7.85545
8.55966
2.56136
7.58041
2.10769
3.02305
14.1847
10.2621
3.97266
5.45155
8.2878
12.209
4.98679
4.13008
7.17668
6.45174
7.81746
2.10097
6.40682
4.43428
5.49842
7.23036
5.82456
5.60789
10.8802
2.79421
3.41659
3.351
1.67146
11.2442
6.61194
6.74346
8.51692
7.80601
1.15843
13.5109
4.35135
26.4483
4.4903
4.80766
6.6673
2.04119
10.2962
4.95536
7.04611
22.53
3.65327
8.07075
6.8922
7.49617
3.1496
9.86569
7.91422
5.36938
4.45925
3.78446
7.32222
2.47739
2.8741
3.76117
9.62114
4.72818
3.99345
3.9175
3.77126
9.7801
6.65461
6.94358
9.61024
5.93652
9.04441
14.4668
20.3583
7.47425
8.8767
5.92294
15.8959
7.91299
8.68694
9.42782
10.2396
5.99199
9.53919
5.14746
12.9774
7.48885
5.68268
4.33856
13.8737
3.43651
5.36512
3.06607
14.739
4.03398
1.63901
4.43321
1.3763
3.60167
3.95822
3.56155
3.57159
3.65785
16.2786
9.3142
9.67389
3.87149
4.6066
9.25557
20.9151
2.64024
9.11621
2.27572
14.6709
21.2522
6.72071
5.91171
4.59729
8.40339
4.55138
2.96567
9.94036
6.3577
7.02519
4.56361
5.0303
8.41335
11.9856
9.09115
2.71458
4.77217
9.04009
8.38043
3.34555
8.23767
13.0631
2.40338
6.80648
6.19505
6.8568
20.097
4.41945
6.20892
10.9791
5.70274
3.53025
3.59439
4.45604
6.83385
4.54682
7.0449
2.76999
4.69387
1.95116
7.02362
5.67327
7.97951
4.65806
11.2518
5.56451
6.19757
5.94466
4.6878
8.12171
12.1711
6.43245
3.35757
2.73679
16.6629
6.10038
10.8398
2.7127
27.7976
15.0356
6.39649
21.3047
7.18335
6.98057
8.30034
15.4411
6.78849
7.50748
5.18622
12.2038
9.42435
6.52705
7.05011
7.12145
10.7816
6.53317
4.02206
6.84006
4.32387
7.07681
5.52673
3.73564
7.97086
4.47361
4.09501
15.3017
7.73741
5.0957
9.84528
8.85384
3.81253
6.7391
10.3805
4.49628
9.64999
15.9043
9.8013
17.2204
6.31688
4.06857
17.3021
9.82719
4.5173
5.04355
4.17314
1.56945
6.58245
6.18138
4.52431
4.77931
4.81295
3.23237
5.5288
4.55779
3.03597
1.86772
2.82353
1.71248
2.46907
1.52895
7.04655
6.23321
10.2215
4.06282
7.24494
3.72718
4.48724
6.63023
5.8762
2.7664
8.36866
5.0706
3.93817
11.2171
8.73055
1.76962
5.99505
18.3739
5.8062
11.9673
1.8123
6.15254
4.00908
3.27327
3.34068
5.09781
2.73233
6.39151
2.89364
13.2553
3.34694
3.40801
2.36362
3.1793
12.8511
23.3811
3.14742
19.7915
8.60077
5.59721
4.59652
6.97199
14.9782
7.25965
3.20563
4.36634
6.47403
2.45745
4.55332
8.80085
9.83777
4.10635
2.96589
2.18262
8.69773
7.726
6.9466
5.18436
6.34589
3.35892
3.29311
4.54204
5.38839
7.65907
18.3664
8.41084
5.43229
4.15603
6.29729
16.5526
2.60762
4.72607
3.29714
7.9173
3.49274
3.54314
17.8179
1.34752
4.87003
4.97722
5.2769
4.82239
2.46995
2.20703
9.99129
7.73074
3.1401
2.20071
5.71581
7.64245
8.1369
3.37174
5.14467
8.50652
13.413
7.6407
5.21765
3.60226
1.75465
7.17179
4.5299
17.1151
2.11538
2.94362
5.16279
6.34098
6.16028
5.86356
5.44466
21.4078
20.1702
5.5588
12.0392
17.6649
11.926
8.86094
4.39725
9.96553
8.79545
8.60567
19.4238
13.2417
6.35951
5.33235
9.42177
3.61056
10.6672
8.00388
6.04593
9.52509
11.2185
7.81309
3.9245
1.37958
9.81495
3.42709
3.31817
7.65203
6.76711
7.88844
2.60449
3.3137
14.5575
11.3425
12.9588
3.02415
4.82193
4.35973
8.56149
16.4477
6.61739
10.1271
16.9906
9.82398
7.98433
5.58879
9.4602
5.63883
7.19467
4.57685
1.85445
4.01939
4.97477
16.2096
3.97277
14.9816
7.43172
4.75713
5.92091
5.09216
3.21133
3.40287
8.88284
2.17606
7.21975
2.66198
11.7739
4.16492
9.30356
6.72926
4.22941
8.31569
4.46362
6.82136
2.63691
2.66504
2.63516
10.5622
7.38964
5.18503
5.31936
18.5151
9.66237
6.19363
4.76388
3.52122
10.9581
5.65536
4.3944
3.04317
6.60286
6.16353
17.1761
14.5089
1.48708
18.0635
4.44601
6.23642
3.38798
10.0983
7.44853
3.06022
5.09518
10.0592
2.36595
4.22105
2.86421
4.45958
4.17771
4.14911
7.30394
3.66584
3.30781
10.9007
7.36356
4.60244
5.29989
16.0126
11.0453
14.4636
4.68189
9.46498
12.2778
9.60261
2.62923
8.99204
10.6048
3.60553
13.456
2.79459
5.93519
2.91797
1.62851
7.3093
6.15034
19.6229
4.20561
3.62915
3.01717
6.18743
13.5387
4.45121
6.23414
3.70219
19.2935
8.12867
1.88614
8.62353
7.77136
15.0334
3.53387
5.85688
10.4969
2.44287
37.9586
10.2916
9.57039
5.61605
4.36037
13.7796
3.00676
3.08377
4.81841
13.2712
4.91117
3.12477
2.14999
1.93718
4.57663
3.0226
6.16524
3.09641
8.59048
7.1952
6.96885
8.49752
10.4657
17.9136
2.35121
7.68343
2.48902
4.13813
4.04007
2.83434
7.60037
11.2485
6.13246
4.40465
4.37905
4.52169
4.62999
14.0696
9.43636
6.42118
8.75318
5.6885
4.2814
4.65386
5.65163
14.0268
20.1093
6.35325
6.73074
12.7078
3.96437
9.34971
16.7296
4.59929
2.80231
14.872
8.62459
4.58912
6.59953
9.16017
24.8227
10.0686
8.34727
3.64359
5.38809
4.41943
9.87782
6.86287
4.0633
2.51469
7.09506
5.83605
7.65048
6.55447
5.43376
8.60037
9.54161
4.54796
6.14335
2.74076
1.96167
22.4761
8.01407
10.6435
3.06223
5.93629
2.95546
3.12419
8.04925
3.28845
7.77437
6.90955
8.94171
3.85787
6.38596
4.18404
6.75127
9.08849
15.4549
9.80666
7.05544
2.90898
1.33346
12.7005
19.964
6.33968
6.50745
1.14853
9.04351
6.4712
5.62924
7.02434
9.40566
16.1411
4.6714
5.82115
10.5861
4.84098
5.79591
21.5966
4.93096
15.0145
4.9905
5.54803
8.07153
7.57188
10.0215
6.14548
8.41829
8.39892
9.31174
6.36398
4.66204
5.19511
3.19295
3.42708
2.52546
4.7332
10.002
2.06571
3.23769
5.42505
6.02427
11.2588
7.55529
4.672
5.77511
3.72489
4.80809
8.8098
5.07342
5.79328
5.21072
5.46939
7.02315
2.92573
2.63151
5.94453
9.25601
3.65606
5.62178
1.83726
5.98415
6.7635
6.98619
3.66396
6.26601
6.24613
5.62692
3.22669
13.2172
5.82383
4.10635
5.34084
8.08991
3.56804
2.42869
6.50114
2.84421
8.51734
6.31968
19.0348
4.35459
5.74273
5.94542
3.54316
7.1896
7.00403
11.4429
5.80531
12.6785
10.6639
5.39904
4.96548
13.2118
14.8774
3.53859
7.42723
14.1037
14.0285
6.06264
2.08114
3.46578
1.49289
3.25315
8.4417
4.15631
10.0263
3.88609
6.13544
19.2529
4.32636
9.0513
9.4705
6.16989
10.6312
8.69298
3.61805
13.3308
4.32105
9.33336
5.08893
5.98728
2.43795
20.2578
6.17661
7.29456
5.34511
3.75805
9.9301
6.78962
5.84616
6.76196
5.65151
4.81829
5.83483
8.087
7.5165
7.34206
6.37407
3.00061
6.28712
6.83603
6.1325
4.5007
5.11322
6.42
8.21692
19.6125
8.85983
4.14405
9.16191
6.19817
18.4209
3.23094
3.66376
3.54207
21.8785
3.3949
14.2904
8.9107
6.13713
13.1882
3.59647
9.59389
7.65421
4.81078
3.78692
6.43076
14.5378
4.13201
5.04013
3.6108
7.83105
11.6277
8.06974
5.35571
6.94899
10.0338
2.80364
1.9556
12.8695
6.14356
3.97486
2.84761
7.73669
7.28143
6.21441
5.29823
2.43711
4.11381
12.1355
3.79585
3.34572
5.4538
9.17971
2.85623
14.2209
6.45727
3.16298
3.79735
5.64575
17.8296
9.01171
14.8367
7.87825
5.28164
7.21087
4.46136
3.96235
5.80463
7.76191
5.59563
6.00939
6.53175
9.84122
4.08594
6.34267
5.61765
10.2491
1.49307
5.50847
6.05389
3.07723
6.59108
11.3251
14.5965
3.98056
7.79262
5.88192
5.54076
15.4592
12.666
2.21951
6.8077
8.49515
5.67348
3.96583
3.00499
5.23969
6.79703
5.22345
4.42176
8.17184
2.95168
2.67251
4.53013
13.0263
3.08707
1.50933
4.5165
8.45299
6.58058
5.00763
2.02983
2.97143
7.02026
4.08006
12.3312
7.32019
7.07507
11.0685
31.6411
2.88357
3.32395
3.43426
19.9023
10.0634
7.18902
13.1084
7.14542
8.83383
4.79862
19.5489
5.41345
6.19982
4.31448
6.84076
1.51845
7.02335
4.23749
10.4113
5.41925
4.14814
8.47953
7.12056
6.79275
6.6316
11.5371
11.4589
12.6851
7.78349
5.04118
4.05949
5.88131
6.5157
2.18503
6.9976
2.74279
19.5296
5.61982
7.86032
4.50571
7.08188
13.9424
10.3959
2.86627
3.16991
9.08884
3.52709
5.57474
3.55131
2.54183
10.8045
6.62478
6.32775
4.36688
5.08216
6.77083
8.40631
3.79483
10.5183
4.32771
10.5196
8.1851
10.5869
9.53988
6.66034
3.24295
7.0034
7.24735
15.8934
2.8205
6.82046
7.48524
4.66325
6.77457
11.4624
3.35574
13.5163
16.1198
11.2589
9.70861
12.3675
5.0815
7.25491
11.3286
7.34003
4.13845
3.46974
14.6602
3.96486
5.44334
25.6586
9.84345
1.66621
5.39835
6.72126
2.73593
7.66982
5.16667
5.78954
19.8682
3.51342
7.87483
8.45042
3.81503
4.88563
10.1494
4.8889
14.9856
3.77354
6.95209
4.86543
7.09819
1.16656
9.02258
5.25001
6.6803
7.00658
3.76573
6.00883
10.0971
4.36399
6.84459
6.33468
4.23082
7.40671
6.81319
4.79499
4.73735
8.62747
3.72624
7.26084
3.27413
4.74175
5.73297
7.86961
4.7283
9.19432
15.2068
4.64251
5.53793
4.1646
6.01931
3.59692
10.4266
1.75268
6.8618
4.27241
2.13849
16.572
12.1833
1.33996
4.46267
6.44356
5.21567
4.95716
3.65767
2.82538
5.51279
5.93594
4.91085
6.89785
16.593
7.25009
4.46012
2.83705
7.22319
2.50798
15.457
4.08355
11.3519
9.0899
10.1944
4.21776
12.5765
8.64469
9.91387
5.35046
7.71133
3.35234
5.17264
5.01374
4.18257
5.22723
13.5401
5.68319
9.51928
6.06762
10.8083
11.9613
8.84526
6.84802
1.66379
3.49263
10.6176
3.3068
7.16709
4.38076
3.76202
1.74293
3.5431
6.34602
7.84682
7.52713
6.60511
4.52177
11.8771
3.55713
4.10379
7.52895
6.76431
3.22725
7.38597
5.23759
4.1569
6.68875
6.66404
6.32574
11.3902
7.59485
6.58506
4.26253
9.33729
6.61239
3.48907
6.56206
5.58292
11.1802
8.55929
8.93567
4.53954
3.64322
5.83127
7.34668
1.81817
4.34849
7.74777
7.25855
18.5004
2.08399
2.99201
17.8507
2.32823
2.063
5.82648
5.4425
3.44706
4.21399
8.0979
3.21508
9.34204
8.8959
5.52094
9.39657
6.23074
3.3397
2.18545
5.42419
6.19432
4.64093
7.68678
4.53893
8.22845
4.82946
4.80107
4.8796
3.28214
9.29458
5.88944
7.01834
16.6823
12.799
14.6504
4.98749
5.0087
8.14979
3.33416
6.71658
2.39843
5.09465
7.41219
2.73604
4.98874
6.94519
3.28684
5.36323
3.9645
5.03872
3.46973
6.23115
7.61396
9.06245
11.3548
3.70393
2.02108
8.36528
5.18592
6.63082
12.5448
11.0375
1.9063
12.2267
6.43607
4.66599
10.2224
8.84591
4.2923
6.58083
6.05856
4.45974
6.49304
4.1697
15.3393
6.4533
8.5808
10.21
7.89388
18.5651
6.07258
8.22175
3.59772
5.38341
2.54847
8.47374
1.73248
5.05196
3.27818
4.51739
8.12018
4.6262
11.1436
3.86269
7.86442
3.65013
13.2519
4.53583
3.99558
14.4392
21.0586
8.65073
1.95602
5.59935
10.0415
6.17462
10.3785
3.92948
3.04449
7.42676
2.47445
5.02054
3.44834
9.41795
1.55082
3.10314
8.08213
4.46373
4.09103
8.59451
9.4717
9.48265
19.6002
6.15482
3.3324
8.39133
7.43037
9.50548
11.3553
10.7838
4.47386
4.17278
6.90512
11.4264
5.16987
8.47429
3.74057
2.79966
20.6017
6.61888
2.48546
6.73104
5.17855
4.13191
3.03513
4.22945
18.201
5.95948
4.94016
2.3273
3.43515
12.1104
9.04452
8.24206
15.8137
14.4974
5.97155
3.93144
5.2803
10.8376
7.61667
4.22025
6.29659
6.20715
13.0861
11.476
8.62793
4.35181
29.6984
4.51335
7.90357
4.96218
2.54346
2.30796
6.79154
2.62916
3.75674
10.2575
7.82714
10.7028
3.8607
13.1094
24.6711
3.85513
3.55253
1.75191
11.8197
8.29714
9.71783
2.35232
9.36384
26.994
6.97162
18.4759
6.54773
7.8279
2.12014
26.7735
7.71581
3.09777
3.90906
4.08383
4.67618
6.86408
10.5759
3.47737
3.31642
8.89113
6.86419
4.88076
1.96665
2.58919
9.40174
9.87945
8.00897
4.9302
2.86526
4.09305
2.72201
4.66705
5.53278
19.5008
15.4753
4.23476
12.4749
8.2709
10.8502
16.9319
7.17402
11.1758
10.8878
7.76818
2.05101
4.25739
4.82623
7.24798
7.26563
5.55399
31.3248
8.93421
2.85107
4.85173
11.1632
1.97565
6.02427
8.53472
6.39508
3.87446
15.2843
8.8416
4.35029
9.77713
3.72881
1.96035
10.292
16.0752
4.86113
15.2369
5.5318
6.25954
9.25842
4.87723
6.41471
2.97062
3.179
3.08043
20.6542
7.82047
5.71068
6.83591
5.86308
4.74146
6.43665
3.22775
5.44233
4.777
3.8198
5.07239
1.40438
7.42267
3.83888
7.81715
3.33923
14.2628
6.34264
8.39254
4.06409
6.4868
3.51616
9.66162
5.79672
5.15787
11.5743
7.96893
8.29289
3.15327
11.6583
2.80699
7.73647
9.93371
3.2977
11.1582
11.3923
5.18468
7.34149
11.9797
11.5328
8.02273
4.13079
4.37329
3.12401
2.20941
3.07631
6.48903
3.41253
7.83544
13.4127
7.12808
12.2363
4.01542
12.3932
6.29219
2.51414
2.69453
3.37669
6.38431
4.66395
4.55575
5.61127
5.43442
9.15488
7.88978
7.47101
5.82314
1.6727
7.41252
2.09183
7.65728
8.2517
4.78476
2.44243
6.50362
8.51977
6.5625
9.53112
5.66025
1.30612
6.60654
5.40111
6.1902
6.00819
2.67057
7.94261
11.7694
3.28341
5.94269
6.64864
7.38399
4.73338
8.02137
14.3352
8.53739
2.01569
1.37886
7.00214
6.23743
8.76439
2.10974
3.52094
7.69234
5.39489
5.96593
4.32885
4.12382
7.18967
4.87829
5.45105
5.38607
16.2847
4.44627
1.49391
1.73756
4.78083
2.40768
5.80627
4.34538
9.05797
4.39305
7.19383
6.38147
9.06073
5.19281
3.23861
4.44635
8.11283
4.68576
10.847
22.5913
8.49899
2.77748
6.47468
6.88756
10.3434
11.4032
3.01863
4.19516
2.99077
5.31476
8.38262
15.1558
6.48124
13.7667
9.42252
4.79519
4.42566
18.0784
4.65099
2.90249
3.23129
4.35263
9.11658
6.85638
6.31639
3.61142
3.8046
7.79456
3.05897
7.80933
7.93788
3.58826
1.8864
6.85932
7.64888
4.00097
6.37424
3.97161
4.70727
2.90324
7.30928
2.6745
4.86921
9.07236
6.18611
2.92332
13.1785
3.75274
5.15404
10.4625
5.73611
5.01504
13.1974
8.85695
41.9915
4.69436
6.88584
2.66847
10.5118
12.3314
17.5557
9.75695
3.32432
6.15135
9.53793
7.66596
5.89537
8.43352
4.27519
4.75177
11.4669
5.92978
0.75859
5.55569
4.06591
5.29461
6.56981
7.91374
4.17829
2.26138
4.20022
15.2842
3.22602
6.62006
11.1295
7.55877
2.88068
3.59309
6.78683
5.04895
16.1934
5.24367
3.3333
7.69341
4.5822
2.88953
2.47511
7.73159
6.36908
5.07004
7.1472
4.05489
4.32389
7.21843
6.75483
12.3778
4.45875
3.25601
9.71567
4.37478
8.04368
14.3101
1.78289
5.93698
3.73776
24.3133
4.49369
5.91835
17.8105
12.297
5.79083
8.26147
7.08235
2.35106
4.61195
12.0031
14.805
8.83258
3.39743
4.22866
4.48882
5.43249
6.36332
2.5269
13.1471
4.51354
9.92507
7.98617
4.54289
9.25737
4.13923
2.33734
5.62949
12.0965
7.86483
13.5294
3.38434
13.431
2.58711
12.2518
6.11696
11.3722
8.8126
11.7756
2.90409
3.30195
10.1379
5.32644
6.02856
8.42185
5.81221
9.75557
7.21936
3.61303
8.00036
14.354
4.51007
4.37103
9.07009
4.0322
7.72401
10.2328
8.1811
8.63956
2.27715
6.44325
7.45674
9.2731
9.46884
7.66026
5.39028
8.70331
2.08827
4.60442
1.48179
11.517
3.79335
14.0782
4.33023
5.19142
10.715
2.73365
3.95935
16.438
10.4429
11.0496
10.6098
4.3069
13.3571
6.54989
7.5005
8.52379
3.32708
7.98838
4.69423
18.4729
14.0189
3.03555
12.2981
12.2003
6.16783
3.5849
20.6794
1.18812
3.95153
9.43577
11.9323
3.05644
4.15009
2.57879
3.89061
11.7034
5.22464
6.8334
4.10491
13.285
13.3408
4.17316
11.1551
7.59488
11.507
17.2013
3.30337
4.13588
12.8471
6.11272
1.56706
4.57689
6.37692
7.40258
10.4327
7.40795
8.73735
6.04094
4.1824
9.46996
9.22272
7.59761
5.35678
4.10589
15.5796
6.00452
9.03728
12.7654
10.7231
5.4983
2.80306
4.74167
12.3676
5.81774
7.14778
5.96032
5.95811
5.56877
9.35174
3.07236
7.07961
7.82809
2.74521
8.20757
9.51385
7.44845
7.34089
8.02421
9.01665
1.41699
2.68635
7.71484
4.22937
8.39415
4.28298
6.90987
4.64358
7.28452
2.71966
3.80987
3.18718
6.57735
4.84778
4.61762
5.38737
3.41883
8.21127
5.10314
11.5984
4.24829
4.63603
5.82817
10.1595
4.8463
8.79274
13.9861
5.84531
3.76871
3.01741
8.28212
2.20488
7.57854
9.72217
12.4197
1.68418
4.62275
4.35354
10.3167
10.8259
7.2544
3.98078
11.3565
6.10468
3.73079
7.12929
5.13414
1.9802
4.00208
11.8422
7.25412
4.97838
3.2396
4.8168
12.9526
9.52329
6.50684
3.72161
4.52462
3.69633
2.52583
8.5684
2.69976
11.8215
12.0299
4.68435
10.2509
14.4029
10.4683
6.75745
8.83973
3.35799
11.2197
4.63306
3.21355
2.80652
7.26877
8.97931
8.09878
3.12971
9.0696
3.61947
2.55475
9.79014
7.77864
12.3364
5.40433
3.15798
8.81241
12.8562
4.27811
12.3644
6.75391
2.24895
20.932
5.32142
12.811
5.27427
1.77406
11.8229
5.7048
7.37311
5.77545
7.56682
3.87447
5.78647
8.67639
3.07249
4.90436
1.99023
5.8106
7.32889
8.58427
27.8106
4.25399
3.00074
5.29549
2.15627
11.9206
3.51036
13.598
3.11787
4.71068
4.27942
5.43532
3.57813
5.83042
4.6614
10.397
1.60095
5.26406
29.1284
6.68922
1.55416
6.65037
1.67162
13.9708
8.55167
8.65374
7.29937
4.30541
3.60402
3.52548
1.7221
1.2362
2.7472
7.31395
6.25458
10.6278
3.487
2.9858
12.5518
18.1417
3.72028
6.39313
3.30309
4.87296
8.24174
10.0708
4.12703
5.92317
6.03754
20.1519
10.7359
7.06701
4.64753
18.5606
3.55167
5.46871
15.0524
4.68344
5.08658
2.8931
3.30649
3.8392
10.4838
7.57601
13.5913
1.85813
10.1876
3.20052
5.27421
7.99206
14.4279
7.48489
13.3985
9.9003
10.4668
2.74981
3.80459
8.36849
8.21144
11.7416
6.51217
5.23057
10.5395
4.81053
6.81603
6.25241
4.17508
8.10847
6.10458
12.1722
6.86926
2.88666
7.1173
15.4702
3.58794
4.07668
13.5829
4.44113
3.53509
8.08129
3.81672
6.73694
10.7085
28.0015
15.7178
11.6538
8.20173
6.12351
10.6538
10.4784
16.0221
3.87654
7.25198
4.67904
6.05559
8.54
1.3377
8.68094
12.7505
6.95887
12.3567
6.05708
3.34996
5.80074
4.64665
9.70704
6.07269
3.74445
12.4232
3.1928
5.28096
5.04842
5.41719
7.66819
29.9534
6.05191
5.35418
29.4504
4.9338
8.55838
5.40099
4.25326
6.72175
4.26042
2.89225
7.30903
4.23243
3.75044
10.2809
9.17495
9.72987
2.93577
14.922
7.39082
5.59906
7.97985
4.80861
14.4736
3.5031
1.51307
4.96938
5.29447
9.14692
4.59394
5.48235
7.93575
11.1413
6.49351
8.04279
4.68705
8.39455
4.25364
2.69656
3.32851
5.20296
4.27038
5.47828
8.72499
9.71784
6.35764
6.7615
9.63525
8.42345
3.12241
3.01474
6.22856
6.42919
11.9434
7.06235
5.60249
9.11454
11.6519
9.52457
3.97903
4.86052
2.31944
5.34971
5.3714
6.85357
13.8494
3.0647
3.73808
2.10615
4.09678
12.5999
17.391
12.3363
5.97787
10.5266
7.88987
2.32509
3.88284
1.41979
6.05179
8.04857
2.62651
7.68351
0.969532
8.04156
7.44774
15.2641
16.5258
6.01311
3.84536
11.0664
5.65554
8.21578
3.5243
8.5589
2.46204
7.25399
1.79591
4.36999
11.0816
2.65179
4.36423
3.56876
6.19284
6.58467
6.22216
10.0337
3.20227
8.45818
4.61195
3.95563
5.27997
13.0714
4.10287
7.35277
6.26704
8.99297
7.86657
13.182
1.91453
1.85934
6.98915
7.91268
14.0915
4.5328
3.68158
7.42008
2.97745
2.45857
5.44801
7.94073
5.40635
7.26421
4.50568
6.80887
16.5902
5.31144
3.44077
3.896
10.8684
2.90307
12.9263
13.3891
2.76894
2.53441
4.74678
2.08011
4.5559
7.23613
6.43517
9.46225
2.26147
0.794171
4.40202
4.52159
12.5178
4.68183
4.44018
5.8532
4.94794
4.01461
7.5611
7.33955
7.00118
4.7663
6.32025
6.92798
1.80879
4.02944
7.27397
5.43588
2.96216
4.913
3.94908
7.39073
2.22912
7.99427
10.9777
3.60537
6.15857
7.49284
5.0654
3.3743
5.19382
13.1609
6.06528
15.371
2.87185
14.6123
6.98946
10.5051
2.78691
4.12491
6.13123
13.3059
6.8721
11.3028
11.0135
12.0287
2.13718
3.47444
7.68892
7.33618
6.10279
3.17955
6.06093
22.654
3.98508
13.5579
1.66062
4.23735
5.54096
8.65129
2.2673
4.40274
7.76752
20.973
2.35767
3.85997
4.92792
7.90558
2.38433
7.20817
7.48697
20.6255
6.74993
5.14561
4.50525
3.50368
9.27951
7.83921
5.82601
14.8145
13.2646
4.20412
3.33926
2.21902
16.9078
6.62777
6.48531
10.6204
7.45044
7.99799
5.10985
7.27605
3.42257
2.98627
10.7135
3.37125
3.36631
6.87353
6.7524
0.970088
3.42969
2.16322
5.17303
11.2726
9.27576
12.0224
4.99129
5.69293
9.92037
6.29338
3.82701
10.3115
8.04881
7.49053
3.44801
2.30483
3.83855
6.74883
4.44074
4.13427
5.61246
11.7751
13.9016
6.5738
4.3785
4.66844
5.77537
9.45949
3.34406
4.07815
6.49937
9.24254
9.08975
5.85542
4.58606
3.08044
3.63202
6.57948
2.19944
7.62306
3.05896
3.79106
2.74772
8.89351
5.30705
13.6257
3.55954
3.40711
7.31979
4.34505
7.55348
4.31639
5.44496
9.52191
5.4011
16.6495
7.09928
6.65059
7.77744
2.05587
5.71546
7.3325
7.8487
6.18917
11.7969
2.26129
4.1341
7.96683
3.4627
7.62902
5.28603
7.30829
5.25235
7.87347
7.6061
3.54093
10.4204
6.24555
11.7763
7.89676
3.43822
1.38663
9.69873
6.39521
6.45979
3.74014
3.09028
8.43394
4.9999
3.91246
11.8342
9.73956
5.12312
4.66736
2.89162
11.5422
2.12437
8.50448
1.93842
4.95996
8.80656
3.05993
8.36663
0.832304
4.53473
19.4409
13.1943
3.29808
3.31367
6.77343
8.3809
1.69331
6.90441
4.52632
5.89435
10.3099
3.51302
5.53636
3.54807
5.45711
4.35319
9.60778
5.64131
2.98333
1.19639
6.52837
22.1416
24.1674
4.82833
8.31054
26.1082
5.65917
3.66401
8.1125
2.31563
7.56125
12.8899
3.21759
5.27777
18.4314
5.71824
7.89042
6.68331
9.08669
1.40141
3.3187
7.88675
2.82052
8.29728
4.74129
4.85433
6.41654
3.28431
7.5743
9.35729
8.45114
10.9202
12.2272
5.50793
11.0715
2.18465
4.15581
6.8316
1.53991
5.36743
2.32639
2.80857
8.68703
6.57097
22.1881
8.22516
5.99851
7.79272
3.00594
7.80683
11.7529
5.53216
3.90058
5.90493
2.9899
4.42427
1.31361
5.71479
1.73952
3.61797
13.4429
6.73877
4.17437
3.06193
7.93347
7.08952
7.71985
2.42397
1.22239
11.1884
9.19814
5.04383
7.74033
4.08852
9.46481
10.1184
3.53444
7.03313
2.32936
8.13531
9.28037
5.56015
13.7818
3.05535
8.18489
3.19137
3.90742
6.14567
6.08305
5.3239
10.2166
16.6276
9.06168
3.65671
12.0828
9.64306
14.1689
5.83867
6.84693
9.03995
4.82957
5.31985
6.80788
4.0993
11.8752
9.41747
11.8056
6.17463
19.8215
3.01974
6.45331
8.0755
5.41449
8.35261
9.87095
7.99035
13.7362
2.14282
8.51095
4.81174
2.93335
7.64184
11.7283
9.29557
10.4641
11.4196
8.8155
7.16316
1.92731
8.19699
1.84577
8.75117
5.22856
6.79482
4.41675
5.98007
6.56888
2.71817
5.10386
3.44495
4.03422
6.56743
4.00561
10.0486
6.22738
2.62503
8.033
10.1754
7.99542
6.47216
3.74786
5.26883
18.0001
6.85796
4.49458
6.43215
8.74138
3.75101
7.35799
4.20374
10.898
4.22379
4.19322
10.7368
9.991
11.8175
10.1234
8.34715
2.84748
3.25526
2.88738
4.9106
2.1651
7.52726
7.22947
6.88115
11.1116
23.6272
5.56929
10.7127
6.46606
1.89281
12.9109
6.4717
5.30878
2.21563
3.61074
2.31747
5.90742
4.95396
14.1749
13.8024
6.54445
7.42398
4.00608
15.9564
15.4824
8.9264
14.0982
9.2402
4.11526
1.52498
5.78219
4.54731
8.34835
2.74016
5.32824
15.0425
6.65207
6.11534
5.40053
5.02864
8.92459
4.17104
6.62712
6.10975
5.22334
5.83145
2.21204
4.12586
3.54577
4.22574
5.73817
8.16254
7.78
6.71912
9.00219
9.72754
4.69816
5.93889
13.7402
7.24714
4.08203
2.19478
2.95429
2.57308
5.69259
2.686
5.51407
13.2519
11.9901
13.1198
14.0434
9.01932
6.1948
2.6745
18.7073
6.54749
8.19988
5.62242
4.48504
8.68141
5.60359
3.57255
3.75549
3.6011
4.48305
5.21847
5.81953
7.86677
11.9618
4.22272
6.68636
8.47054
13.8941
2.78447
3.85095
11.2459
8.83374
11.954
7.30276
5.32272
3.81675
3.13683
7.2936
6.38579
3.00431
1.65672
7.15109
16.3054
11.3725
7.00151
2.76412
4.00794
20.6936
4.16954
5.26674
7.22476
7.21635
5.11525
4.28167
8.20946
4.17728
2.40721
6.65245
3.33477
1.40619
7.75686
6.10058
8.45509
20.5018
2.39008
9.65581
7.59711
4.2365
6.30408
5.30656
5.51532
4.79848
3.91199
3.12885
7.50197
4.50863
7.20609
4.8125
4.44908
2.53844
6.56051
5.28804
2.86164
8.36214
3.95991
3.91003
8.43982
5.91782
9.71439
14.5065
14.6572
11.4426
3.3339
3.95944
15.4247
7.1733
5.5913
8.12994
8.6869
2.82959
1.47057
2.52853
11.1767
5.49391
11.5459
6.21867
5.53935
2.5345
2.31616
12.3116
4.94356
4.51123
6.24669
7.26941
3.12173
6.65247
1.15007
9.70128
10.4061
4.80825
5.74439
5.17287
12.1232
3.35686
5.95095
6.45232
3.7548
8.26237
8.25823
11.8488
3.17146
7.48215
3.33141
4.08088
4.40128
11.5655
16.106
6.69992
4.58373
3.58866
4.18615
5.14516
5.38506
4.53361
5.63859
5.02318
2.27198
3.44526
4.82105
6.24334
8.20481
7.85533
8.2057
5.48791
2.74079
4.63211
9.01367
3.31157
2.9983
4.24265
13.332
2.57389
5.81367
3.14748
7.28287
15.559
7.05048
2.83959
4.13707
19.3761
12.8721
7.48472
4.88229
3.68929
17.3133
2.82805
6.90007
6.2616
6.81459
7.54296
8.33759
5.62798
4.57403
7.03251
7.24181
9.52415
1.29243
7.60245
12.5967
8.60077
12.6159
19.0605
4.06766
9.77076
10.3577
8.23838
4.7253
8.18673
7.3247
10.5863
7.28662
3.47804
2.74304
15.889
8.4533
5.91144
3.16702
11.4575
3.61156
10.3672
2.36296
7.21422
21.254
2.8076
7.05132
4.22715
5.00352
4.0151
15.3921
6.23344
3.07393
11.8448
16.9525
5.17725
4.53321
19.5787
4.64492
5.82239
7.65711
11.3289
6.42893
6.66657
3.36674
8.50182
4.97255
3.79408
9.43968
7.00793
9.9567
5.99803
5.26586
17.682
4.14815
5.39988
5.62657
2.81626
3.45498
5.44149
3.35695
7.18723
11.143
5.2347
7.83727
9.23198
10.2828
10.5335
12.2565
5.22406
9.24611
9.64791
7.26199
6.53772
9.58179
6.20074
5.76861
3.34895
1.3843
9.65973
5.20524
4.2801
3.98873
2.89821
7.54589
6.50718
10.397
6.69706
9.86813
7.39888
4.45178
6.91833
6.4663
6.41822
8.6246
1.41953
3.41952
6.74788
5.04519
4.46624
9.93884
5.82975
5.07647
5.35318
2.27188
5.84561
3.78472
7.9554
5.05627
5.3295
4.91974
9.74882
11.0122
3.22458
7.0448
4.81782
11.201
3.98699
6.96011
2.63919
4.34124
8.78348
2.24672
2.75497
4.57107
7.58742
8.30611
13.1485
7.12062
3.06735
4.13893
3.46424
35.5604
5.53143
4.36197
5.08096
13.6019
6.18942
8.97464
4.21118
3.5733
5.14015
10.4055
4.35663
4.52294
2.41961
4.13969
2.45492
7.23616
4.0222
3.78888
7.25537
3.29811
3.5444
3.20917
10.6887
9.83797
5.40428
5.00206
5.61585
5.6642
2.94952
14.2323
3.13753
5.30502
5.47207
2.75064
4.754
4.27079
4.69665
6.10948
4.96806
6.07986
2.65848
9.93838
7.07875
6.08903
5.13736
4.61407
7.80097
3.06044
13.5822
2.58749
7.37211
4.38128
7.45351
8.55946
6.80984
11.6817
26.4707
4.13203
2.77071
5.38396
3.14505
10.897
4.53433
17.2648
10.9055
6.24671
13.665
3.65302
12.324
8.08473
19.2706
6.96341
5.10242
10.1163
3.74672
21.4902
9.45227
4.80379
10.0141
8.43248
15.1525
5.06417
14.0026
7.72366
12.6167
11.4059
9.49081
4.68711
6.11113
1.84946
5.63268
9.24192
2.16639
4.56016
2.77312
4.42024
5.6835
6.11246
6.75901
2.78883
5.41014
8.30927
27.3221
6.03497
3.57066
5.84299
16.7427
5.56983
1.69616
4.19899
1.71512
6.69599
9.2134
5.24862
3.0404
5.08463
7.40954
6.67284
7.03978
2.71638
5.07879
8.12778
5.5339
11.8278
11.0789
12.9577
6.07083
2.03168
9.71566
3.03895
8.36645
8.77554
5.10637
7.84244
10.1299
4.60178
3.81658
6.60335
3.28752
2.71803
5.34367
13.3897
12.2795
6.05121
11.8272
5.79148
6.11371
10.311
5.36116
4.43988
8.09883
8.81864
7.98256
2.30308
7.5588
8.35477
3.8158
11.5123
9.80789
13.2785
13.2052
5.03649
4.41955
3.08396
8.64601
5.01034
11.0612
3.99563
3.03786
2.61178
3.98127
8.55926
12.6669
3.74477
10.3092
11.7608
2.43814
5.85981
8.25195
4.02403
5.32164
8.48839
21.616
2.76732
10.9114
3.14198
5.42561
8.61444
4.84341
7.72939
6.40199
4.02781
6.4898
5.50486
2.18307
3.77364
7.85285
4.21899
4.29305
7.33644
7.75978
3.22203
5.04448
5.21098
5.8971
5.90982
3.05759
4.39538
8.08285
5.61589
4.24698
3.92836
2.13578
5.58287
2.59366
10.7726
3.59201
2.3282
10.9134
11.2474
3.78278
6.29299
10.8984
5.72153
4.67407
7.81701
7.96107
8.31711
5.41085
9.51476
5.04179
7.8514
2.13288
10.8788
8.60081
7.51506
3.55764
10.2727
9.29488
4.75889
3.59332
8.32915
3.50232
7.98208
7.47721
9.62287
5.16323
3.15065
4.86509
6.57487
12.8194
8.3805
1.55045
2.32616
7.51558
13.4045
5.13673
8.2912
4.31898
3.66467
6.3087
4.45982
5.37275
11.1175
3.7191
3.38099
4.44383
12.4346
6.30186
6.64691
6.31321
6.28101
4.90964
8.14249
7.11248
2.3338
8.56444
11.3968
3.56523
3.19119
13.9432
7.47581
4.93315
6.76917
4.92729
3.52597
7.00851
13.25
4.99674
7.14311
5.17824
19.3971
3.23949
4.9079
6.6664
9.35571
1.59427
12.5624
7.92267
2.41802
5.98755
5.25855
10.0769
5.45407
5.2748
6.9877
2.19316
4.3529
11.0385
2.40947
6.80471
6.10576
3.71018
12.5194
2.45955
6.62799
13.0922
3.56424
4.58671
8.62986
9.88332
3.75583
6.7418
5.71586
6.91588
5.32466
1.79326
3.26209
15.7121
4.28011
4.70951
11.1314
6.52282
5.61633
5.64559
4.27879
6.69424
7.52549
9.76274
3.12535
19.3441
2.34091
10.7863
12.507
9.49087
5.9295
10.8037
7.44643
3.52281
4.40065
4.26111
2.77448
7.7829
5.91395
9.54565
14.4639
20.6509
6.70055
4.98986
2.88874
1.81043
11.4548
7.58849
2.32223
5.03725
2.31717
7.53014
3.82894
3.27065
4.27356
5.58701
4.63174
3.2263
10.3432
10.2831
3.55569
4.60867
4.20022
6.4051
4.38058
3.77278
2.22463
6.68761
5.65804
5.23363
4.91861
12.2387
8.21885
4.89407
3.94743
9.11614
6.08535
4.10189
4.98753
4.06402
6.56459
8.53658
1.47129
2.01712
2.55
2.49991
8.87725
2.09178
9.66202
7.18279
7.80927
3.39794
2.33671
8.52755
4.14021
10.6862
4.1846
3.55723
5.64052
6.40349
3.74199
6.56386
3.75374
8.14209
14.6293
3.12212
3.28777
7.54659
4.19197
9.56141
4.34603
12.8893
3.29309
4.26184
14.7303
8.94232
2.48878
4.51817
4.89534
9.71093
4.72552
10.1455
5.00572
4.36968
6.98876
10.5613
11.6683
6.82241
11.8947
4.86892
3.34921
5.06026
4.87176
9.02817
12.4748
6.39625
2.80678
4.39451
2.86069
1.79199
6.07173
5.19063
11.9683
1.72172
6.02265
4.68935
10.1167
10.4319
3.36575
15.1631
2.83466
2.2808
4.42636
3.79293
6.41754
7.82709
9.15637
4.52841
3.77128
3.35679
14.2157
11.7699
7.93281
1.39816
3.14634
6.90504
17.0855
17.8597
18.9696
18.8197
11.706
4.86219
7.02871
10.6121
9.27426
4.55459
2.62929
9.11592
7.67081
3.7319
3.94766
6.52958
3.2093
5.83743
4.08146
6.62613
5.49704
4.3955
7.69565
6.70023
4.062
15.8006
7.90029
12.1886
1.52361
10.1881
6.22324
5.63219
11.9899
5.28016
11.6617
6.63226
2.5066
8.15956
6.87481
5.7789
13.2993
10.085
8.79791
7.36051
2.04402
6.92013
7.2897
7.77537
3.34793
3.0156
5.07278
7.27197
6.53775
9.06144
8.09752
1.96614
12.7874
3.29502
1.94805
1.53063
3.38262
8.46019
3.6887
2.65352
3.47121
4.12905
2.86945
2.50434
9.34024
3.58764
2.96923
6.20936
9.56414
9.19443
5.50557
10.7247
4.89067
6.41676
5.04065
6.39867
1.74731
3.61805
3.15482
2.45077
4.49503
3.39978
15.7095
8.14028
3.79495
3.86042
9.71701
3.21346
8.31712
15.9318
15.327
4.14053
6.48437
17.2778
6.22531
4.96878
5.75899
2.06964
2.82987
3.87756
4.24001
11.1881
8.94773
5.18617
12.1653
4.75342
10.3285
5.40505
3.60932
5.85012
9.22858
11.3014
4.97986
4.66812
5.24341
5.09563
5.31585
14.4487
10.7364
3.69787
2.32379
16.5062
11.7999
6.19306
5.5785
14.374
2.62645
8.81497
2.14007
3.79226
6.75263
22.7122
4.7647
3.67069
5.20987
25.2854
6.02642
2.8094
5.45756
9.40948
5.34294
5.6051
13.4353
3.5585
10.2971
8.31914
5.2575
4.1789
8.33033
2.76265
10.8942
1.3236
17.5104
5.48844
11.5729
6.6027
5.37993
9.991
3.71748
2.01641
10.8161
16.3771
12.1713
6.33514
4.97971
5.51545
8.56
4.52197
3.8375
6.62589
5.41412
8.54438
9.39069
18.561
7.41357
7.3846
7.31644
4.95827
12.9536
14.6189
11.3829
30.5559
9.56667
4.738
17.7956
11.9159
15.116
4.44486
7.38652
4.18304
4.3128
8.24277
7.57917
9.75436
4.95411
5.57839
4.77874
8.94298
6.43446
4.81005
2.97615
11.7399
4.91803
7.88797
2.25654
3.62621
5.37217
3.19042
3.49279
13.469
7.2273
5.36838
6.69969
2.6219
14.7269
8.65466
11.1135
4.82527
2.5361
6.28795
9.629
4.85856
15.4919
14.2306
7.83424
14.3812
6.07895
2.63891
5.35912
10.0563
11.8174
4.21689
10.6407
3.43198
6.10319
3.02675
11.0692
5.29911
6.17424
4.40247
4.48446
3.52939
15.2151
3.69734
7.20894
8.17378
5.074
2.83812
4.05889
12.5643
11.2561
15.0906
3.53188
4.74282
10.5929
5.06595
15.552
13.922
2.71279
3.59619
2.89589
6.04587
3.69366
4.1637
8.46067
4.57109
10.4834
5.24755
10.1372
9.33263
14.7246
8.71611
2.39456
4.31675
4.62589
8.63406
6.67468
5.50353
5.93445
8.11896
10.1588
8.92697
5.32621
8.55299
6.92593
15.7585
2.97755
4.82452
2.81132
7.40502
2.41307
3.15153
4.91398
11.0926
5.24529
9.4372
1.24571
5.85036
4.95256
1.89219
14.9282
6.7993
9.25518
11.8832
5.0562
14.5499
12.7335
4.29008
5.05167
6.36058
4.19825
11.2619
1.53
3.21665
6.19805
9.15578
5.46334
8.42492
5.02517
9.15288
3.38974
5.84474
9.5768
4.61267
2.66989
11.3978
5.41358
3.60156
6.11851
1.48779
5.5236
3.53078
11.0344
7.91043
2.54243
4.36537
4.53415
5.48632
8.24738
12.6113
3.72705
3.16676
3.38973
2.55544
4.08674
5.80938
3.26115
10.9583
4.10684
9.45369
3.20731
7.54797
5.26288
4.4631
10.4169
3.29907
8.42792
12.337
1.75074
3.22067
2.84609
5.95231
10.3609
6.1461
6.0024
6.06664
3.15341
6.82515
3.43524
3.61088
4.45238
4.72151
2.93313
10.7627
11.6233
4.24596
2.92479
4.35285
2.46879
12.2745
2.14879
2.8567
4.40275
10.2502
3.72017
2.30414
5.6555
11.4562
3.85864
5.5429
2.02166
8.26275
4.91222
7.63455
5.77231
16.9579
2.8104
4.14164
11.5967
8.10765
4.02693
8.19116
10.7598
4.61454
5.47623
5.95402
9.0173
9.22033
29.0063
2.12149
7.5014
10.6707
3.05174
2.19064
8.44815
4.7711
5.89647
5.83635
11.1541
7.03927
6.05126
7.34911
3.69045
17.5306
3.61855
7.96854
8.49175
3.30069
6.23372
4.31813
5.17873
9.62647
7.92447
8.93559
5.05609
12.2801
1.84838
9.33071
3.53065
14.1797
4.57108
7.295
3.26931
4.8768
7.24274
6.50025
4.91159
2.1965
2.62646
8.20752
6.36972
14.311
8.5465
8.68422
2.32267
5.58053
5.20928
6.10589
3.99818
7.56718
6.28258
3.75961
6.15442
6.29571
7.76165
16.9068
2.9374
3.99418
11.5066
4.83768
10.5761
4.3024
3.04701
11.3913
2.15491
6.55826
9.84517
4.07365
1.75792
9.14493
4.10712
7.89547
5.85773
9.28255
5.60201
3.65303
5.75436
11.6568
10.4652
3.07619
7.64915
5.94408
16.5304
7.54452
8.69366
10.2021
4.81857
4.72724
3.01127
4.68412
15.7701
8.63485
6.62516
6.46762
6.01893
4.25603
10.0608
12.4636
2.93323
4.1321
6.34529
4.43602
3.58407
5.60241
12.7241
4.6603
8.87452
2.94378
6.34035
7.52747
3.64332
10.3309
7.44578
5.04052
14.8944
11.844
2.49624
8.51719
8.27932
5.14679
3.57163
1.57808
4.41456
5.21036
9.83741
4.93762
2.32772
7.36406
9.21955
5.26231
3.15826
5.57419
2.1227
4.31388
4.40035
17.5552
11.4924
4.08067
3.3729
1.88716
11.0922
3.69961
6.79161
10.3229
27.3526
4.15925
6.61612
8.99758
3.17702
6.73139
5.79817
9.75238
19.9067
2.55931
5.60225
1.82347
4.77512
7.30108
5.85683
4.59156
11.9841
8.4809
3.07196
3.14679
6.3245
4.88932
9.04563
8.07495
11.3738
6.99004
3.79336
1.84986
15.3065
3.44782
2.96702
5.20018
8.21378
6.47908
5.04398
4.21261
3.02963
5.1317
7.96295
10.9518
10.5216
8.87712
6.70804
4.91871
10.3893
3.54451
6.91145
10.0384
6.05754
14.1832
14.2595
4.022
6.52219
9.85631
11.6843
7.60052
1.91608
3.24408
8.23318
4.25305
6.46935
3.98064
1.29849
7.01238
2.31315
13.2267
4.93916
8.98501
6.83913
9.42329
4.21222
3.42117
4.80424
2.82838
8.55583
4.10542
11.2544
8.41473
13.1367
2.14781
5.20502
5.2729
5.60886
6.55365
12.1149
6.94605
13.924
8.55342
8.6595
13.3908
5.59019
5.49752
9.58729
2.07189
3.90235
2.04856
2.67741
4.58497
20.2836
3.03725
6.11539
8.19897
4.8369
4.42425
9.22046
1.77787
2.39818
6.57533
4.96728
8.37486
3.03432
10.5413
5.27006
4.50478
10.0621
3.6234
6.74768
10.7262
3.26609
13.6685
9.26491
16.469
3.86768
5.98105
11.7332
10.1934
11.4798
14.3979
2.75124
3.16109
3.76985
5.81336
5.39139
5.58959
3.29821
4.41353
3.42707
12.9493
7.49951
9.76209
6.64041
8.29736
4.89205
10.6694
6.68499
7.45572
9.66995
4.37238
9.23653
9.67565
10.5853
9.52161
6.88224
5.73731
7.90121
2.23929
7.13564
3.70152
8.35009
3.90456
4.08751
3.42743
11.292
4.0104
4.19412
14.2318
3.01669
2.38937
1.99317
7.68624
5.20479
3.02192
7.00011
3.9099
9.65778
5.62429
8.41433
6.58991
6.69046
14.2772
5.16939
19.9957
17.7571
5.24936
2.78732
1.66064
11.291
5.29188
3.10537
10.9009
11.0617
12.0428
8.48258
17.4363
4.81378
8.46661
9.24739
11.7044
3.24797
8.25905
1.99818
5.36615
3.38599
5.87858
3.88313
7.10576
3.20994
4.36172
12.7935
4.76366
2.81577
9.25307
4.73639
5.88258
8.84146
14.856
4.07149
3.26098
7.08022
6.7366
8.39754
4.58518
2.18954
9.26753
4.04976
3.21872
6.24013
2.91159
4.45538
7.03135
6.55389
5.9345
9.59382
4.47127
4.87445
1.02293
3.28897
5.41523
7.86845
3.21887
9.24014
10.3104
4.35058
3.4169
2.99877
6.11747
2.78809
11.2866
8.09119
11.1777
6.76089
4.53803
4.64285
2.22355
6.59998
8.20809
8.87531
2.66875
18.6049
12.3195
17.3749
1.83489
5.91866
9.39014
6.30718
2.1913
2.75143
1.96824
3.23355
4.79852
4.6809
6.14058
4.02017
1.38245
15.2076
5.65462
8.5901
15.0892
6.65616
9.94032
2.38604
9.94852
7.90239
5.84345
6.31953
5.01377
3.63286
10.4417
11.0742
4.23507
7.63315
3.85884
2.82262
9.10519
1.71461
3.2026
3.37021
3.06422
2.00177
3.32486
6.56972
9.23772
3.75918
5.83357
3.83851
3.07233
2.91828
14.0656
11.3663
6.95223
3.72691
18.0568
12.8172
4.2201
2.02169
8.59231
6.09261
1.63009
6.8026
3.75987
9.70987
7.18198
4.99262
13.4409
9.82861
7.79697
4.8229
12.2406
9.37671
12.2342
2.00032
2.2498
5.23277
2.12666
3.47157
24.9333
8.13963
5.68084
3.37815
3.34198
6.78449
9.17449
2.61364
7.53116
2.97649
4.77097
5.21733
5.15271
4.82509
7.02365
1.65757
3.97996
6.1946
11.5475
2.27434
2.56151
7.70729
3.83715
5.29774
5.56905
11.0491
5.01035
4.71074
4.68056
15.5724
7.36315
7.66806
12.0767
16.042
3.09146
9.91615
4.48123
10.4681
6.49105
11.8416
5.17803
5.78821
3.61215
5.84982
3.33208
4.57692
3.77775
6.73822
7.18341
8.68382
4.98144
21.0301
4.35077
4.28272
8.13957
3.33875
7.56882
4.68674
7.34411
5.04896
3.31779
3.91813
5.38022
7.0387
10.7317
5.13855
4.94386
6.89596
4.00867
5.08477
1.53886
11.3157
7.03091
4.34843
15.1612
7.14498
8.58516
5.12579
17.2325
3.9202
3.96105
13.3386
5.0979
14.4102
3.68167
1.9516
16.0314
12.6927
6.67943
10.322
9.11355
7.35364
5.63138
2.37977
4.74842
8.62879
7.2365
3.00388
5.99925
8.5117
8.04584
3.69461
7.92395
5.83597
4.61671
3.32313
1.96175
10.5286
4.96603
0.958277
10.077
23.7086
4.4583
5.16247
6.01972
3.10011
4.34279
3.80889
9.92787
6.93179
3.55917
5.09815
4.46245
3.20477
6.98821
9.22933
7.88308
2.89134
11.6816
18.4539
3.42248
14.9263
5.72577
2.20598
16.4704
5.84472
8.00858
6.74416
2.93271
3.0014
4.31915
7.65528
4.47331
6.63501
2.92608
4.71489
2.78104
7.82962
2.44914
6.98695
5.94484
7.98225
2.97045
5.55435
6.4347
14.6007
3.47709
7.18443
10.148
10.5795
4.59394
5.40957
5.43426
11.6392
21.5014
4.39437
6.58987
2.56101
6.29843
6.93858
9.56516
6.32695
14.69
12.4667
16.3939
7.41595
6.74644
5.41991
6.78866
6.8552
11.6718
9.62043
13.5452
6.04801
9.31038
17.3097
7.1074
3.6676
5.39005
3.38787
6.08006
8.59536
10.2911
6.18885
8.55794
19.6045
8.52062
8.52137
6.25597
2.55036
4.74703
5.07472
4.21594
3.19219
10.9936
11.1338
10.3015
17.4546
7.16616
4.90338
2.22507
7.78581
9.88773
3.31508
5.16644
5.94908
15.195
5.35578
3.80788
4.10168
11.8251
4.77551
5.70384
13.6692
3.75304
17.7321
5.89943
3.47299
5.15243
3.72046
6.23491
7.91895
6.53081
3.2295
8.175
6.81316
2.94555
5.38469
10.453
1.60064
6.36218
3.69583
1.01689
2.71021
9.90404
10.4622
1.75565
2.9118
7.29725
6.51744
15.2171
11.9842
4.2217
5.21411
6.73768
6.96943
2.18844
2.16192
4.38527
7.16848
8.64195
10.5399
3.52021
4.5758
3.87395
4.97819
3.38644
7.79778
3.54233
10.729
6.65823
6.5829
23.1999
10.8261
8.63483
6.82645
8.3031
2.40883
2.0798
4.79801
4.79047
4.00717
2.92726
13.9757
7.03464
3.94194
11.0878
7.43475
5.04985
11.1532
4.92335
6.05019
4.89117
7.28176
7.23644
8.58213
6.87002
7.94298
1.35615
8.54185
3.27501
6.61439
4.23684
6.13825
10.8528
8.25934
6.66236
5.07455
2.51652
8.25951
6.98111
7.82326
6.93196
13.5127
3.32709
6.64551
7.51703
10.4984
4.41857
6.40435
12.4885
3.95035
22.9197
6.89794
6.30777
6.2009
5.64964
4.63185
2.45109
14.0007
10.0631
2.59068
4.81332
2.90734
8.78258
4.41565
5.78818
3.36157
16.0737
2.47053
6.19479
5.40629
5.50904
5.03731
9.69192
6.90039
7.64483
4.08587
4.84806
5.1028
6.35633
4.11712
3.71124
7.5896
6.74968
13.2375
9.39837
3.47271
4.95397
12.2801
3.29089
7.84342
9.20991
8.81935
12.0023
5.48954
4.49176
4.73263
6.7264
3.75201
7.96961
3.85312
2.54814
8.11923
7.60364
14.6426
11.5857
10.1981
5.1894
6.78053
2.31612
8.491
9.8035
11.2221
3.26641
3.96326
17.1326
2.37534
6.27692
2.47287
7.75616
4.34999
3.95692
2.40066
4.21453
3.93061
5.15602
6.75036
6.74351
4.03073
2.28738
4.50233
3.59174
13.9485
5.38131
6.11106
6.58107
6.42895
15.2974
6.6346
7.57752
7.14473
9.79753
4.43697
6.46852
9.24244
4.2741
4.51005
5.81976
5.2464
7.23346
12.0068
23.274
12.0413
5.45119
8.44893
5.58098
15.6576
6.95242
1.58959
11.7638
14.5414
2.09915
3.34747
14.6175
3.52554
12.2751
9.73081
4.46371
12.0475
7.73095
3.48909
4.15508
2.84787
24.0797
11.5334
2.96976
8.38045
8.28466
15.6542
6.42276
20.7504
3.01311
5.11214
2.59489
6.30475
5.78519
2.47175
10.5255
3.91752
8.64892
5.38077
8.9602
11.5606
5.16532
6.60493
14.7822
6.09976
4.60533
5.84552
1.91351
10.7726
6.65969
13.4193
7.20151
2.05111
8.98568
3.59421
6.03042
4.35217
3.29133
13.4741
9.82697
2.818
3.48419
10.3868
7.9351
6.56016
5.72679
3.49724
9.52401
11.9199
19.4604
6.2709
2.92364
10.5872
7.39429
6.8281
2.88102
8.79426
6.16863
9.24812
8.12362
2.22613
4.19063
2.15788
5.60622
3.60821
5.39833
3.14474
3.66792
7.41535
5.87305
11.7271
2.7911
1.65505
5.18465
22.4882
5.60349
13.3166
5.77986
4.82829
9.24097
6.68391
10.123
3.45701
2.78021
9.57495
6.951
10.5833
18.1445
8.77704
8.97279
3.69787
4.69014
6.01038
4.44251
2.16394
5.19988
15.1085
4.84228
8.1906
2.44315
2.41131
3.73563
4.14607
6.79615
10.2631
6.75935
4.19595
5.07949
5.7246
6.7928
4.59764
22.1366
3.18188
2.59164
3.10204
4.41379
3.41657
4.1914
2.71146
7.16776
12.7903
4.50461
1.69309
7.41842
12.4713
6.58295
4.22791
9.42433
4.29836
12.2837
9.41266
13.4315
11.6179
6.48502
11.3419
6.33056
3.21727
1.45427
14.2109
3.42347
6.51322
3.70246
5.14854
4.78148
5.70056
5.26129
2.4192
10.3295
9.73283
6.43024
12.1628
4.19869
3.13427
4.68337
4.909
7.18617
7.6894
8.15323
4.10282
4.23432
2.50227
8.76218
9.255
5.06219
13.384
10.6633
9.5979
8.14956
8.29725
5.86188
6.53541
4.24747
16.3631
10.7905
2.08667
6.3049
1.7053
7.49742
7.5348
8.4472
6.20712
1.63747
5.44679
1.45721
12.8232
6.61596
6.09752
5.3291
6.72375
13.2805
8.03833
1.969
1.95953
5.29244
4.62165
7.73566
5.65699
6.31673
8.50482
3.06382
5.77439
6.82246
6.57483
5.17333
5.87841
4.43727
8.02216
1.17608
10.0742
4.8316
4.78008
9.55088
6.70057
14.7984
3.07192
6.75977
8.79281
11.0871
6.30442
10.0613
13.5421
11.855
2.90487
6.05898
5.56521
1.37799
3.73939
9.90945
5.49722
3.6302
14.7716
6.62426
8.04324
16.0198
9.4235
2.65748
1.50929
14.4936
6.97646
12.0281
3.3323
5.75931
15.5307
3.32797
13.216
4.77213
4.08775
7.07597
2.12539
3.02609
16.1067
4.93488
3.10564
2.0937
15.4664
8.08927
4.60175
5.81773
5.7554
9.21339
2.16907
6.76241
5.81931
5.7106
4.95564
10.3959
11.2859
2.19069
5.83021
7.98821
10.2523
5.85863
4.86413
6.9486
6.25313
9.92448
4.10095
3.3566
4.5492
4.81797
5.68887
11.1729
7.23288
7.5741
2.89872
2.2833
6.15642
7.11989
2.27881
4.87053
7.58063
6.01345
8.30378
5.36238
7.72825
9.03544
19.937
13.2944
12.4642
13.3749
4.92124
4.93546
13.4758
4.22006
7.04102
18.3015
12.8284
6.11396
7.21771
6.09886
3.05053
4.78672
1.76592
6.04816
5.08505
4.40772
6.29246
6.59086
2.86675
4.07477
22.8753
6.90398
8.68419
14.8814
10.9073
19.7441
5.86764
4.78457
3.97627
9.06018
4.71292
11.6855
11.9688
9.43169
2.70509
9.89392
9.37524
12.5187
6.67314
5.74206
4.69914
6.49464
4.25631
3.97955
5.71827
5.88078
8.20905
3.08717
8.08278
3.23766
2.29084
9.92423
7.62022
10.2612
8.51507
2.78031
11.0925
3.06355
5.87675
3.92629
2.08333
4.51043
5.71026
3.32508
14.6023
3.16436
1.45615
6.69637
2.71137
8.23898
7.47174
2.73462
2.59702
9.98487
8.51555
5.44036
7.86474
9.28509
11.6823
12.1332
2.73066
3.06322
3.3875
5.69735
3.28063
3.54843
12.0608
4.34136
4.56345
8.52322
1.50958
9.66111
4.8462
18.0521
6.25904
2.60666
4.59305
10.456
4.23445
4.04222
2.68677
12.7965
4.25391
6.672
24.4881
2.70916
3.8743
2.33289
4.85911
2.90513
6.68315
3.98312
2.44104
1.60716
4.95136
3.9212
9.04839
5.23879
8.48831
2.49411
7.16268
2.49266
8.84843
4.84258
3.92212
3.70046
5.96694
3.15027
11.6679
3.78718
8.82944
3.11662
9.83879
4.66732
5.72133
10.9692
9.26804
12.3125
7.0918
3.72287
12.2925
4.9729
5.25616
4.39709
3.44329
3.79756
6.41784
4.57868
3.90123
9.27152
6.93925
4.6525
6.71584
2.45601
2.58214
6.97315
12.5352
6.06238
1.25128
6.30352
2.92062
8.19902
1.71002
4.08712
4.75391
5.25503
5.31058
9.26108
9.61834
9.70168
6.70891
11.162
14.4927
10.9388
4.92529
2.29982
4.11726
3.77796
3.88985
19.585
8.16026
4.04656
7.9049
7.82392
3.37263
6.26113
2.73346
4.74004
3.09109
5.79785
4.35549
3.71037
10.0791
4.79651
12.4287
6.59908
3.84994
2.71354
2.09254
6.23955
5.34916
5.00757
4.48542
5.30638
6.51011
6.65948
15.0731
14.1812
2.73675
2.68552
2.52604
6.77938
7.38839
5.72139
3.0714
5.97676
2.44717
5.19222
5.0566
7.45584
5.6329
10.4446
2.82394
12.957
5.59683
14.7201
13.8554
15.6964
6.62353
10.9975
11.4092
8.0968
9.72901
7.23404
4.23339
3.79267
6.90297
7.89895
5.07421
6.44537
4.85223
5.4968
7.45564
4.4191
9.27886
11.9756
4.06965
4.24878
2.1285
4.52638
5.92603
1.93274
7.19869
3.70458
2.81193
4.77794
3.28388
14.5816
2.67776
3.24546
6.41254
5.8048
4.1448
3.8656
8.14632
4.83879
7.97928
3.54653
3.83264
7.98841
10.5898
4.52236
3.16769
3.21815
8.59525
5.57331
4.35643
4.88399
5.32462
5.58042
7.06085
4.09952
8.48105
13.0091
17.8239
3.64389
4.02042
4.9809
3.62369
6.09851
5.56467
2.5268
6.10742
4.16781
10.6562
5.1353
2.84262
3.82669
4.95185
2.42792
3.1681
2.93704
4.6421
8.67472
2.34657
17.2052
4.29984
8.57284
11.5408
7.35383
5.41578
10.1321
11.5844
6.86573
3.84814
3.83471
3.18268
9.66871
11.4752
4.22272
3.27121
7.88017
16.2348
6.08892
7.84623
4.46782
7.54077
4.18611
6.49437
7.99983
8.10457
3.5098
3.21503
11.1184
5.74962
6.19022
4.17688
3.82744
6.00647
5.51543
12.303
12.7559
4.52592
4.86631
9.25149
8.48214
2.82485
10.2451
4.31752
20.4832
11.4301
3.10006
1.5774
4.0518
8.59458
28.0909
12.8065
6.0196
5.65027
9.00376
7.46992
11.2923
8.5116
5.00826
2.32942
4.56543
6.44086
6.32425
10.9461
4.20197
5.34592
5.85182
8.16075
11.3306
13.9368
9.06698
8.10134
1.12976
8.96558
1.94484
5.70881
5.73039
6.26439
3.74996
4.0845
5.64162
2.62715
5.9504
3.52452
4.32779
23.7701
4.40976
7.9388
6.18266
6.19955
2.40731
7.66638
4.28664
1.83159
4.28854
2.33016
2.61435
2.85634
5.00824
21.1858
3.09132
6.93832
3.58815
3.79966
6.36294
1.88418
3.30449
11.1076
3.36213
6.70828
4.88803
11.1583
13.2274
6.58304
10.0422
7.25003
3.44344
8.54515
3.82671
15.0188
14.7648
5.94932
17.6986
14.5661
10.1515
7.7199
12.7471
3.80244
12.4249
11.3076
18.3647
6.15012
3.13769
2.65362
3.45155
12.1898
10.0047
10.0148
4.80392
2.41589
9.68192
11.183
9.29248
4.98668
4.74395
5.06782
3.26965
4.96004
2.17238
11.5789
4.408
6.37988
4.44885
7.4822
5.98172
6.41963
5.5625
5.29076
1.58048
2.71966
5.17551
5.96446
4.10088
15.2264
11.9892
3.35743
4.65263
11.3983
1.43831
12.9077
3.31214
22.9873
5.20848
5.31859
1.10307
8.25341
3.86214
8.95077
6.95185
5.84014
7.33177
7.31727
2.61252
11.1766
5.07995
6.64236
13.5514
3.4024
4.6605
15.4213
5.4662
13.6579
6.24705
8.92366
6.8159
4.5202
5.59255
3.92695
3.87542
3.00478
22.0295
9.93456
4.45695
4.33522
8.9692
4.6901
7.64656
4.87147
7.90836
3.1407
3.52389
2.84302
6.28878
10.3993
6.14956
2.33019
5.83246
4.42046
4.15747
7.02716
10.0634
6.63285
4.1948
13.7827
5.19968
7.46767
6.06705
2.9646
4.25722
2.24638
3.15419
15.1431
5.4262
5.87679
5.02342
4.37645
3.7721
4.7464
1.84154
3.31433
4.02645
24.611
10.6193
4.5705
5.81613
4.77445
7.80462
5.31606
4.94288
9.65602
19.5532
11.7809
5.33919
6.10525
17.1913
2.50279
7.587
1.93157
8.70819
3.75638
6.63314
12.4625
4.70728
9.60524
2.54687
7.10512
6.91511
5.5391
2.00722
10.7837
3.17283
4.42106
8.73235
4.48082
3.56655
10.4575
12.0239
3.31541
3.04557
3.43511
7.09872
6.73743
6.87778
10.3531
14.1878
8.12764
3.98776
4.42951
3.42511
11.1848
6.08888
3.22443
4.50357
10.6624
2.09418
9.52609
8.45059
2.79208
19.1451
5.99025
8.01795
12.7597
4.21313
2.56882
15.1169
3.32802
4.46558
3.66363
2.14145
6.74556
1.36378
5.72926
3.32206
11.1257
4.51648
3.51247
3.46293
13.0917
7.18643
3.62482
10.6441
7.51784