225.348
40.8429
99.2059
147.665
85.6831
33.8699
153.489
76.7594
121.32
131.387
545.174
326.97
313.519
18.6741
178.052
39.2929
43.9222
47.7392
55.3848
378.877
167.704
24.6569
70.1558
273.947
47.3435
232.829
55.9367
68.144
663.613
264.085
105.729
230.921
131.381
57.8142
19.5479
100.078
42.0895
231.152
51.869
224.953
54.9327
234.693
451.287
251.027
192.372
261.431
435.878
467.511
482.026
228.106
163.024
162.293
178.171
154.963
204.097
145.259
125.826
82.1324
417.231
534.153
36.7536
27.7689
33.2154
78.3801
36.7499
648.215
116.507
72.9913
265.229
744.659
124.827
65.5663
472.926
31.0628
23.1007
89.6451
44.4302
152.198
60.8348
170.07
185.97
42.4141
13.5852
65.6948
202.231
171.672
377.717
131.563
353.339
8.58854
29.0174
502.778
231.96
418.354
424.338
237.57
25.7213
63.0768
210.37
7.47795
10.4128
343.566
110.03
187.515
216.158
152.731
206.354
250.858
97.0838
9.96232
10.3344
34.6926
88.2614
24.3236
417.047
211.499
117.248
192.358
12.0074
344.271
296.778
153.041
151.261
162.335
21.7562
38.7453
249.96
135.733
117.627
235.496
89.722
288.385
40.1085
115.55
32.0963
44.6702
47.6405
5.84835
193.214
279.77
106.274
27.2482
360.571
234.285
120.845
663.314
33.1996
399.539
209.075
109.566
233.686
181.629
119.689
66.2341
93.7177
27.0352
338.118
28.6094
114.89
164.054
30.8377
416.48
150.347
627.104
174.861
452.062
70.2028
56.39
180.053
145.228
384.309
58.0369
62.4643
41.3017
174.867
149.617
31.0395
1207.6
351.358
891.807
123.804
135.261
178.863
104.336
12.0894
168.005
182.261
294.478
201.318
514.37
326.9
234.671
285.07
137.364
69.5538
240.953
122.255
31.2378
355.538
99.8062
53.2982
99.5613
134.94
88.0874
46.4343
1255.25
29.0191
45.3409
567.615
105.88
513.148
144.539
630.314
374.323
3.8475
288.784
29.2111
81.1071
139.321
63.1665
99.8161
22.5751
76.4808
413.218
38.5823
49.2703
153.049
130.615
33.9808
94.1931
183.123
19.263
462.396
255.805
142.327
87.9349
158.362
176.714
176.996
23.9031
44.7973
70.4472
66.8744
93.543
23.4825
417.58
387.871
128.001
172.22
131.788
61.0044
83.0558
38.0974
26.4379
103.295
158.372
188.457
216.136
141.2
66.4327
46.8938
112.699
426.677
134.58
329.696
225.066
374.628
316.366
37.3203
221.49
18.6018
171.14
41.1362
37.1855
328.424
315.083
109.35
508.572
75.3498
22.6805
207.722
54.8421
123.767
354.078
69.5635
366.759
86.3885
218.568
105.309
100.282
28.3815
387.17
98.0688
34.7367
32.9676
126.273
208.921
112.379
15.124
232.657
183.494
553.602
156.912
399.176
98.9019
60.3045
431.225
330.898
250.349
15.2556
24.2299
33.5834
11.9963
308.67
75.717
403.047
60.5994
155.142
260.486
298.141
263.024
247.789
46.2967
207.603
155.742
107.804
34.0874
308.126
352.514
5.11863
318.252
230.979
21.8143
205.242
18.4099
393.828
12.8922
74.2538
19.426
529.777
20.3303
27.7221
169.065
118.329
19.7609
284.672
73.418
367.852
929.152
372.151
406.684
672.795
291.566
779.461
145.308
10.8994
47.4276
23.4624
30.8783
185.496
269.534
104.967
91.9163
18.0989
366.131
154.162
389.485
632.8
920.398
620.351
114.838
95.5763
153.389
190.665
117.339
42.8944
61.0109
9.81212
575.715
41.1488
102.881
100.386
138.078
258.862
33.7214
51.1604
99.3969
21.5364
595.895
394.941
110.427
208.678
300.291
179.924
213.531
125.063
472.052
86.756
283.157
148.179
87.7468
294.705
384.744
256.651
293.692
17.683
584.587
252.549
200.292
71.697
162.119
127.441
215.716
43.9397
16.5392
2.17222
668.281
26.0046
45.4651
23.7936
130.458
101.422
583.655
65.0433
32.3563
544.081
138.928
84.2013
306.559
108.626
66.6937
505.866
34.609
107.921
461.299
221.245
301.877
587.168
162.129
31.9287
589.269
107.457
291.77
229.661
177.417
216.32
253.462
269.79
48.7981
40.2103
50.2826
8.48506
628.02
53.715
466.765
142.205
99.8606
195.293
410.387
422.548
39.9053
211.441
24.3877
129.839
15.4522
35.3533
255.415
32.0255
151.548
191.872
339.625
34.3413
656.772
379.106
435.172
324.64
460.562
96.3998
267.227
34.0893
171.681
168.433
299.17
474.354
143.947
319.504
25.3289
207.203
191.155
26.8054
450.861
53.2484
101.383
565.241
37.9893
203.754
217.563
101.203
222.539
119.008
399.008
52.8831
428.187
572.718
372.296
81.8921
596.51
180.83
397.752
36.2125
133.312
128.783
96.3475
354.506
407.472
71.9904
31.3101
672.817
506.379
48.4636
322.265
204.825
102.618
274.729
11.3368
175.473
89.2547
262.417
221.627
309.227
162.28
152.002
47.8863
237.7
52.9353
25.6298
67.8449
16.8944
131.899
39.97
128.68
49.5585
242.177
3.67839
359.746
574.255
24.5597
92.6555
6.47876
171.14
174.744
586.204
14.1795
9.68688
101.915
385.908
26.9719
925.308
285.79
157.891
47.4943
62.0521
21.7654
378.893
31.2364
146.796
49.7807
359.236
11.6043
32.6367
361.174
120.151
230.038
156.582
127.586
885.201
545.405
107.038
365.703
59.6946
94.4481
63.2418
24.3595
182.673
68.0337
240.149
377.412
27.8468
215.418
99.6656
215.984
125.405
353.996
6.09006
462.429
310.679
32.9638
374.283
306.071
61.3584
1195.66
23.0025
54.04
785.053
545.546
64.2421
88.358
30.9815
59.6919
257.164
111.148
132.396
11.1994
59.5723
17.0738
11.3328
189.305
53.9813
254.722
235.538
96.1465
6.17403
302.252
69.1592
272.822
634.906
103.277
48.9554
134.646
656.307
323.019
660.242
192.715
181.264
40.0459
282.235
63.5892
49.2845
128.56
214.408
56.4027
74.4381
188.736
446.644
83.3372
184.717
224.479
74.9779
504.854
180.867
58.7563
83.0912
34.4388
151.34
72.5705
212.01
277.541
103.008
43.3787
185.811
191.578
146.495
297.993
36.1628
32.7482
55.2286
188.2
588.796
117.004
510.359
119.786
37.8264
228.938
299.537
398.34
114.306
75.3209
122.76
168.127
154.855
235.857
184.787
109.878
472.549
19.622
193.996
25.64
9.22159
110.138
20.7175
711.351
77.276
445.375
447.676
236.181
388.978
65.0649
202.587
24.4889
144.624
456.359
64.1208
694.836
7.77214
120.11
180.59
279.634
71.454
125.494
23.4457
149.017
117.763
6.97057
68.2749
13.387
22.485
59.4825
320.641
380.197
121.788
189.056
60.4534
580.463
408.845
14.1013
147.876
162.757
139.992
35.5265
38.3919
44.823
47.4583
134.722
52.0014
182.3
188.91
161.487
204.356
156.407
143.158
260.267
297.695
187.876
418.215
571.843
155.615
191.235
479.635
35.6577
58.0368
163.616
39.9516
143.391
13.3776
377.004
79.2291
467.465
25.9539
377.154
8.46145
37.3073
33.6065
213.239
51.4271
174.295
468.316
181.435
172.247
153.213
261.491
11.9521
282.696
62.7416
642.415
56.5505
42.6352
49.2401
78.2642
92.1362
59.8124
92.1094
32.012
341.747
217.613
13.9496
20.0961
335.861
112.18
165.342
239.621
226.147
58.4316
445.06
14.6279
330.961
300.555
72.7595
1299.74
68.4633
44.3337
114.446
241.31
420.247
192.494
199.634
279.513
37.5613
735.909
333.258
229.527
112.036
105.515
337.528
138.403
34.7844
179.751
253.682
171.548
19.4004
6.34927
7.92087
39.0545
261.015
84.8331
113.83
175.848
319.45
81.2213
288.988
59.8921
338.281
133.218
270.183
265.955
28.7924
129.8
155.751
154.36
223.037
92.8431
207.743
196.912
10.1849
41.3313
49.0257
120.484
65.9454
193.074
32.8406
67.3824
171.716
283.598
21.5504
697.419
842.798
33.1171
157.299
118.015
342.328
376.818
235.479
198.018
100.456
503.374
594.399
561.468
66.0816
174.881
119.618
78.2572
43.1837
320.619
374.418
62.585
14.5563
724.139
233.847
164.865
92.951
207.954
198.174
38.8098
237.524
120.735
66.361
288.427
96.0733
484.843
146.764
329.992
218.199
212.101
221.452
127.185
595.137
399.668
47.109
533.585
60.2947
326.93
387.305
35.4491
302.754
312.045
322.451
116.812
19.2931
405.035
47.3514
53.0932
643.607
125.337
529.849
55.3943
17.3423
118.199
204.308
113.529
816.981
202.602
539.806
30.4498
228.802
51.7619
304.662
269.684
149.712
284.109
171.996
448.637
66.0448
39.2405
5.56864
834.552
98.1465
122.843
730.905
232.205
52.8845
109.879
343.55
221.098
175.995
64.2503
131.857
753.816
134.453
354.528
346.603
34.5174
18.9535
490.245
100.922
278.218
60.9274
127.628
191.454
146.094
137.516
176.114
220.694
57.2704
36.9809
116.132
45.9264
163.679
397.979
78.8253
109.155
117.672
82.3243
818.654
165.01
469.561
8.27303
57.2871
17.8743
70.4205
235.365
33.4562
267.376
7.40511
19.4177
32.3756
702.519
36.1296
29.2978
61.036
389.354
90.6325
58.4229
749.353
274.492
98.0072
303.919
170.688
30.3961
223.383
86.9443
456.244
160.445
429.803
368.109
444.593
94.4373
233.392
27.0119
68.0504
137.717
90.7591
146.276
36.5337
176.97
111.737
329.442
123.965
322.04
441.354
9.43945
116.525
48.4018
82.7373
234.099
220.318
293.058
48.398
679.871
187.377
49.4146
298.701
310.813
34.8466
199.59
215.495
6.91684
907.303
45.2663
47.4278
44.186
33.3875
145.572
19.7637
198.874
10.0513
34.9153
416.932
165.055
35.2192
31.2435
150.053
13.8506
223.103
666.625
166.995
96.5532
34.7921
5.77807
187.414
58.8324
491.317
271.72
128.858
36.2523
532.696
582.41
434.169
334.176
50.3805
349.449
24.4881
148.661
5.47065
258.717
41.4278
112.682
43.906
35.57
397.162
160.152
46.0488
239.686
181.427
52.9206
301.719
328.7
121.671
7.42632
70.4451
32.5678
275.234
108.173
51.7466
354.231
21.3006
24.604
376.156
73.1326
375.22
49.0256
127.265
64.1997
319.993
146.487
222.111
77.2079
15.8641
260.125
201.71
34.925
46.7343
50.9011
92.0943
116.68
123.841
33.6383
38.8173
297.135
56.1027
593.224
9.41047
88.0288
273.058
25.7069
124.029
338.707
67.7913
102.219
434.865
20.7816
107.355
109.841
241.792
191.583
73.3382
7.97077
430.485
261.013
11.8465
548.039
161.325
66.1796
12.0581
78.4496
351.334
70.9638
139.695
99.49
163.229
77.2137
54.1801
20.9908
77.6462
69.274
401.568
245.953
26.4429
32.0231
329.332
355.671
7.13925
25.191
256.022
590.116
185.694
73.7485
43.2739
265.02
7.07169
363.397
10.2436
40.5715
30.3985
97.5431
87.1533
55.6986
961.042
140.808
435.23
76.9894
194.767
32.1863
649.558
40.9014
814.391
104.808
13.8535
15.6541
151.097
63.3527
244.452
229.427
19.3436
62.4281
64.0068
131.114
116.48
154.82
165.345
319.42
226.268
102.124
327.069
700.463
613.662
161.609
97.2309
316.099
139.306
27.7921
333.273
82.0614
177.102
305.288
99.4856
195.733
140.505
102.053
195.556
962.428
104.347
519.812
123.573
122.662
221.722
306.702
79.135
385.444
64.2571
263.502
194.348
229.747
585.265
171.294
149.997
727.674
65.7226
157.486
23.5567
26.1403
11.1883
363.404
28.8578
61.8525
13.5968
49.8711
328.099
150.913
78.0951
84.9596
105.422
69.4628
236.079
550.889
318.012
55.0752
61.8867
372.049
172.151
32.0474
114.966
89.5854
93.8145
207.453
48.5046
509.673
429.709
79.4556
67.9568
72.4945
300.698
49.1593
44.8115
63.5761
34.7263
282.402
18.8816
97.394
81.113
160.686
4.09034
82.6798
29.1821
313.544
231.848
55.2436
388.574
244.103
48.638
172.854
222.02
540.883
15.5021
216.532
18.6657
35.1981
125.903
92.3841
136.234
163.956
619.905
1253.12
13.7854
424.736
432.445
357.488
90.809
223.998
1398.64
138.91
199.891
446.277
98.5401
12.7687
186.966
228.14
251.164
204.55
54.7039
77.8004
437.459
77.9142
294.352
46.75
356.164
122.764
101.717
323.014
165.801
40.2181
955.825
150.994
459.698
132.944
212.766
126.395
163.997
135.153
62.1012
140.567
134.818
167.999
131.228
18.4187
43.4612
140.695
307.762
312.507
153.174
413.263
22.868
380.917
520.226
690.558
157.454
49.6111
67.9819
124.591
289.697
153.737
34.9199
141.297
29.431
63.3234
84.5384
12.0913
276.124
82.6147
707.579
403.155
308.45
116.548
22.7177
214.056
230.548
256.045
521.036
81.4777
92.7211
21.0924
20.2445
110.56
195.867
12.243
112.028
81.6568
161.98
42.1025
515.77
68.3702
16.7023
73.4391
44.2579
278.269
261.022
81.0146
81.0374
299.383
790.227
477.006
112.99
126.654
368.348
22.2335
204.861
67.4629
195.064
82.621
48.6227
416.827
222.996
103.826
45.8676
20.3358
300.534
88.0247
516.386
73.4648
183.696
850.65
497.126
31.3962
1029.51
30.8383
705.129
223.676
79.9825
87.9293
74.4827
147.318
206.874
322.343
30.3632
1212.22
356.773
86.7198
5.49107
137.266
75.3697
41.3258
122.652
102.586
140.869
209.87
61.7862
274.333
178.86
253.61
122.399
273.912
37.6865
217.585
94.5168
241.88
336.334
170.319
141.709
29.011
208.948
153.334
13.6247
22.6913
47.36
660.986
201.616
110.151
386.207
206.008
98.7937
187.293
78.5924
29.0906
150.481
319.207
262.452
217.803
14.285
229.667
8.70883
217.219
110.256
69.4979
195.67
90.516
161.545
43.5039
34.7032
34.4037
211.131
191.594
205.877
25.3874
360.549
136.505
25.2588
259.176
277.746
230.81
162.626
42.5612
23.5176
50.7686
179.635
219.506
286.583
293.272
45.5241
148.085
700.505
139.197
106.859
35.9781
87.6771
184.016
43.3881
27.8091
36.9379
30.1701
45.3006
328.948
14.8762
82.4414
60.2802
283.46
52.3075
68.2432
141.247
101.441
54.8273
30.2134
245.08
131.292
75.4626
224.61
7.70238
90.6047
318.142
66.4113
183.456
26.4776
287.34
89.4372
21.6147
264.23
41.4857
123.441
152.481
611.637
163.224
73.097
27.4092
51.4239
323.391
305.134
152.74
336.021
55.8888
35.3839
52.1068
85.4784
10.5789
143.74
32.2916
138.28
341.813
93.504
248.338
56.5392
209.811
165.996
143.898
101.95
131.193
9.7349
44.5634
50.0955
21.718
245.008
63.5073
54.2973
62.093
66.6767
429.203
156.142
481.38
77.0551
15.05
79.4001
101.339
346.036
98.4813
64.3482
59.5376
69.0244
59.8938
339.79
25.1506
481.831
34.4752
176.544
416.802
213.849
214.089
33.4135
263.366
83.9804
679.863
262.161
83.6705
250.341
174.815
8.43998
58.1633
116.214
404.48
189.556
143.931
172.371
306.231
201.844
60.9383
1.87344
128.295
505.624
95.1506
222.595
694.008
54.2606
497.34
48.6869
413.656
71.6338
75.1728
10.7586
168.829
77.3731
31.6827
199.933
102.176
80.7847
13.8544
168.226
501.087
287.119
56.1562
50.2549
200.792
156.913
125.039
277.19
81.4529
83.5025
187.248
96.0323
47.3408
192.3
42.5088
125.572
34.1395
377.972
65.9272
319.773
212.198
37.8553
344.876
98.4552
67.355
242.301
20.2833
117.295
218.951
72.2314
149.476
35.1088
63.1081
269.665
360.733
327.674
322.847
95.8519
314.035
596.449
70.8968
98.146
202.057
156.885
87.0926
165.177
129.849
15.6075
4.42291
164.077
290.554
298.667
23.0722
58.6027
35.4847
264.905
353.83
175.79
292.603
181.119
56.7775
140.107
149.295
220.663
210.519
418.307
136.283
23.4498
328.84
64.2335
9.38242
94.4501
89.0172
255.75
497.384
168.81
124.793
144.899
372.725
252.564
187.26
136.559
532.993
69.3333
761.199
333.705
121.743
397.779
135.719
61.0539
145.562
250.061
124.921
98.4481
66.3975
114.577
166.518
49.0303
142.132
260.012
69.5609
41.0483
246.222
68.3156
396.418
338.336
42.6754
75.6986
57.8321
334.675
259.613
50.6177
192.904
325.579
491.559
327.281
237.444
5.33508
236.624
133.617
498.902
87.6882
126.46
382.526
158.1
341.955
147.047
18.1374
201.612
8.22656
55.8313
431.282
135.053
100.408
59.4359
125.057
63.5646
94.858
221.955
119.366
423.579
26.9869
133.733
290.674
115.417
88.092
751.364
404.082
34.0391
5.75611
532.355
55.795
25.7936
141.059
126.286
188.468
281.895
48.7935
250.272
720.557
44.7026
98.3819
171.426
187.262
344.81
149.692
180.654
101.394
18.9259
243.32
122.992
118.654
267.491
10.8635
13.1415
94.4917
19.1894
76.5495
34.344
315.755
80.1058
382.344
10.6112
66.2283
258.855
113.259
23.5588
155.615
342.684
555.986
8.17333
125.963
111.31
307.076
161.287
66.5134
220.438
343.167
133.163
137.574
185.484
234.362
58.324
105.922
129.417
101.975
150.877
576.788
1042.23
213.198
88.7032
42.7254
324.782
307.263
266.411
189.878
221.46
213.991
296.971
159.765
68.0291
71.0651
120.034
43.6585
17.6292
77.1829
287.157
330.715
242.989
181.171
43.9702
57.1817
15.0893
46.4865
24.6828
644.417
1085.24
116.096
218.369
191.419
365.212
5.30594
236.107
84.5104
6.16791
19.0584
223.93
143.896
28.6827
325.18
142.58
61.5613
24.0885
22.0515
76.0704
30.1301
49.1635
144.774
138.904
46.6023
264.88
146.8
64.2194
66.8229
39.3652
98.263
768.02
157.506
79.9408
59.3146
96.3918
168.565
33.7842
76.4735
97.923
411.688
226.73
114.255
50.8212
5.79732
417.548
206.115
258.409
63.8619
98.7556
275.024
139.164
55.4442
12.9025
240.678
266.248
83.1883
189.436
15.8597
220.245
7.39739
324.36
443.033
204.047
44.8887
188.69
10.9389
815.142
177.592
24.6137
64.172
216.472
208.537
161.804
802.669
197.31
188.863
422.422
177.513
171.41
129.051
52.0999
21.0465
132.504
57.7732
143.309
306.786
45.2256
47.152
93.5745
856.457
26.197
522.878
289.562
25.7892
128.501
132.179
37.5687
38.2326
589.701
8.26624
354.002
248.496
75.1465
44.35
17.2846
162.035
158.485
125.434
28.8647
93.6325
84.3042
85.288
45.5301
240.306
38.6345
657.042
19.7355
99.025
281.992
327.691
30.3366
225.05
41.4533
410.886
81.0705
171.502
66.2649
15.6682
29.0486
45.3275
163.937
351.63
123.2
72.4319
295.996
30.6661
9.11584
277.597
298.208
161.171
55.288
201.337
236.046
122.736
65.5223
284.156
79.7326
15.3226
205.186
128.426
48.8008
37.2519
9.97846
68.5022
224.249
143.023
114.804
106.988
63.147
133.133
84.5238
44.0109
438.237
57.7354
361.93
652.348
6.29777
4.61367
177.039
16.3424
20.0182
100.667
238.413
89.439
243.328
67.3441
76.6652
93.226
250.254
16.2182
68.8531
153.611
210.06
156.211
5.10395
13.5086
55.544
193.118
165.367
408.104
557.887
19.3627
64.5545
178.253
29.9681
461.794
77.2958
304.218
62.0264
539.54
234.234
274.55
409.531
559.993
19.9839
376.323
202.165
303.909
510.598
344.253
131.399
24.5952
620.848
6.17737
480.26
190.056
407.515
480.5
200.3
43.9551
513.322
439.278
14.0321
15.531
447.613
535.791
56.6343
99.1274
98.7947
19.9096
271.973
286.641
182.957
215.596
348.176
145.456
50.5351
313.344
204.18
22.1845
96.7984
406.632
12.6746
196.163
14.3264
537.795
23.4517
522.29
303.175
382.129
235.45
38.9054
702.212
369.346
218.651
420.824
104.948
63.4591
187.299
266.869
373.234
88.6245
5.26885
18.1162
17.6547
83.2425
58.1793
154.839
139.442
161.393
173.93
56.9188
125.801
41.6424
173.954
175.792
33.1858
11.2173
174.817
117.956
90.5908
750.188
23.6718
48.5438
133.271
175.412
168.848
119.86
320.408
309.39
402.769
18.7071
13.7666
66.9176
217.303
230.939
97.3966
201.23
8.64695
216.79
353.904
84.8814
205.533
354.538
53.8332
145.039
254.485
176.161
517.345
18.0206
223.651
60.3794
144.655
15.6045
343.326
58.7396
243.932
300.663
10.5963
340.746
17.5671
194.858
34.6815
278.392
750.995
139.105
111.774
37.6282
316.073
277.803
288.937
128.143
234.403
105.487
154.351
15.7118
148.123
392.87
161.947
7.45309
167.057
45.2474
125.433
107.8
16.4439
82.2827
34.8674
37.4017
235.18
290.577
96.5224
30.307
187.383
390.739
50.7432
62.3955
96.2532
7.57875
177.447
233.77
51.6197
113.081
98.6974
266.082
91.7561
27.4142
78.2986
41.7698
102.856
46.5401
476.247
344.525
994.112
24.8831
175.771
192.614
29.9456
121.87
488.711
4.81159
414.92
169.666
75.3744
429.353
372.031
213.473
27.2547
108.919
8.10893
427.682
35.9997
410.954
409.188
362.827
191.596
29.985
96.661
190.751
374.929
145.26
365.972
737.204
62.8123
27.7791
8.36218
296.617
641.304
51.664
68.657
355.518
147.52
192.661
95.9961
7.41525
486.63
159.45
220.499
498.207
179.015
228.22
398.828
77.7407
93.1462
67.3218
179.082
165.677
18.537
339.196
283.304
119.175
191.409
41.4181
74.3373
26.5719
218.85
59.6317
13.7418
89.0119
28.7982
276.128
247.453
65.1935
234.665
28.4369
100.551
145.593
185.977
683.016
15.2213
119.457
194.494
195.898
574.141
58.5547
73.3963
29.6039
2.6444
76.8822
247.812
37.2801
58.2728
304.021
109.482
234.349
98.9642
240.51
268.177
107.662
36.4253
84.4956
67.9606
15.1152
65.4729
63.7181
76.2494
81.1866
130.073
162.251
178.529
4.11459
312.322
86.5367
141.087
28.1511
151.562
90.9379
120.432
265.421
239.48
176.101
82.7746
78.0818
302.669
103.047
449.749
118.126
50.0201
542.648
274.174
62.4653
275.623
459.169
384.092
44.6625
277.172
22.4568
274.16
131.724
128.594
578.786
165.902
12.5187
134.518
152.608
118.476
435.357
36.2523
66.814
30.0045
138.691
227.014
174.959
187.81
134.417
195.581
231.76
6.49822
42.3879
191.104
367.207
39.6709
238.683
231.523
101.331
123.459
81.5939
336.154
43.8236
126.973
1045.85
190.574
125.799
129.647
174.809
22.6773
39.0846
201.207
124.107
474.222
176.992
40.0702
43.5102
170.388
99.6154
7.12959
382.615
394.824
219.293
56.9244
28.9978
200.647
522.913
73.1657
9.1949
301.687
154.736
210.86
191.085
91.043
126.745
41.1743
540.532
538.325
28.1841
28.47
34.8312
13.9135
156.374
78.1846
67.2658
318.563
47.0608
93.1026
65.6194
64.3191
298.704
316.909
147.44
81.5193
168.954
143.084
64.7311
7.23505
26.0017
58.9443
72.195
120.449
17.7384
148.792
60.7235
7.52106
85.7217
220.077
761.809
470.583
117.067
52.9135
157.455
173.927
84.461
67.0067
578.466
215.532
56.1634
80.4684
286.649
158.739
147.021
125.193
24.1046
142.966
44.8192
565.425
36.5337
34.5116
17.6993
414.376
172.742
193.006
275.046
56.449
159.477
219.231
141.264
23.0982
99.8854
226.516
7.76094
101.006
427.706
135.75
703.166
419.416
45.5647
22.4413
163.904
29.3826
657.584
418.074
167.907
147.022
364.372
767.153
93.6559
37.7297
164.744
156.302
110.028
54.6704
45.6057
102.673
123.092
121.996
379.608
26.3143
30.9303
222.699
571.985
378.708
86.1311
92.1051
206.353
40.1497
21.7659
59.8972
308.224
124.24
111.646
56.6697
317.262
382.6
64.9459
335.369
113.253
54.7034
28.5979
325.814
550.466
45.877
83.5724
52.3684
292.567
32.9713
86.1527
127.07
130.367
321.457
208.755
401.684
85.1698
10.6022
450.171
32.8062
21.5551
35.5708
16.6396
356.41
210.149
155.405
48.5089
47.4133
145.851
563.256
51.7825
160.264
122.244
245.153
97.2937
346.963
60.4595
116.627
463.422
237.87
102.807
172.486
69.8635
341.537
140.951
97.6415
389.488
131.585
116.232
22.7449
879.691
54.576
98.4827
51.8548
481.867
26.1218
121.212
65.8691
377.732
111.213
21.2873
96.2567
97.7782
37.8276
167.641
106.854
168.089
255.155
127.704
41.7781
230.812
35.2835
106.988
240.304
8.95566
504.003
33.3221
71.6043
80.71
13.2801
143.393
30.8399
503.998
62.2638
28.5612
173.203
38.138
163.251
61.9177
234.834
826.212
20.9585
85.5835
113.724
160.632
52.1491
60.437
44.4377
349.1
94.538
239.383
170.576
131.684
184.529
47.4138
9.32224
250.808
139.541
277.785
169.308
193.057
115.247
394.805
160.051
219.024
126.255
11.4361
560.493
180.459
199.185
35.4633
343.04
134.102
36.5889
5.67921
67.7747
522.884
224.388
62.4376
57.9431
13.6027
17.776
25.137
37.725
874.302
39.8117
15.9659
185.718
142.852
91.5692
119.963
98.49
216.926
83.1645
20.5453
109.463
179.692
283.713
84.9957
585.756
49.9915
223.056
232.731
62.1523
86.8502
146.585
223.709
89.4456
154.29
117.199
13.12
154.444
94.8013
71.267
24.7565
44.0595
93.2704
274.259
192.659
108.794
58.0391
436.329
173.776
82.6733
327.976
61.9791
47.8222
99.8882
430.818
46.4977
307.708
54.602
52.6489
81.8117
98.2
199.563
340.13
52.2857
105.326
451.779
453.944
70.7034
31.8734
130.706
13.019
128.469
705.701
176.375
35.166
302.837
180.586
323.327
283.932
165.803
78.5674
132.628
219.932
48.9048
157.811
23.9805
207.38
264.572
128.03
487.418
336.731
127.848
250.33
228.308
95.8365
153.573
332.935
45.7121
157.525
20.8612
25.6336
74.8611
46.8856
10.0369
53.7058
160.458
151.688
150.873
19.8021
231.919
468.779
91.1882
363.047
256.968
91.8186
6.30291
45.2055
432.233
84.5091
137.728
801.139
32.3588
133.039
69.3476
10.4015
102.242
206.257
637.247
218.624
290.279
55.009
15.8123
420.926
107.222
79.1805
36.2177
112.257
239.891
227.337
147.703
102.715
201.162
327.622
58.3902
51.224
120.031
161.768
96.1902
841.877
1260.17
5.71012
303.618
350.44
110.259
387.014
717.818
174.571
202.386
237.778
59.717
187.444
13.7162
16.2173
354.618
120.527
309.866
50.177
492.213
965.428
454.408
506.818
198.261
277.682
89.8017
4.98505
746.923
90.4046
81.4377
246.821
406.257
16.8086
62.8943
90.8904
46.4585
138.387
98.4048
182.576
90.6566
148.242
14.5978
106.444
56.8912
60.1049
108.087
13.6733
110.259
163.503
74.6309
85.6335
41.0973
473.659
52.7057
363.973
125.592
368.225
44.3013
145.399
120.425
53.4124
99.5528
228.402
544.864
102.619
106.072
290.664
399.006
29.2238
332.811
812.51
403.538
15.688
150.329
131.312
94.9859
220.772
310.84
254.998
850.988
84.0469
19.0083
355.974
144.665
90.4717
191.852
156.582
74.3937
783.631
94.9032
438.242
171.78
182.043
58.9957
163.71
127.715
85.5319
274.9
62.4037
236.499
83.5831
211.405
233.109
130.139
152.789
338.462
100.012
79.4595
34.4303
74.8503
170.718
79.4985
52.8186
107.211
327.224
119.814
306.632
376.262
248.301
702.501
114.611
353.619
131.893
301.78
430.097
374.394
770.956
180.574
615.821
640.395
133.259
75.3518
33.925
163.206
590.44
393.931
100.455
72.1304
184.957
239.377
94.857
83.9185
237.422
45.6115
279.487
699.036
93.523
35.8221
483.941
160.891
31.5916
70.984
78.0015
853.14
42.5841
21.7963
9.74547
478.651
83.8564
258.631
48.2898
57.3488
275.201
306.822
43.0086
157.744
45.1452
353.722
26.6642
17.5311
231.345
68.1138
98.6647
87.2142
204.539
153.414
543.987
58.2389
16.6075
50.2412
108.434
16.1766
432.942
161.822
138.165
65.5758
145.932
669.251
825.959
523.852
209.946
78.6286
164.363
75.3607
96.7208
10.9925
29.156
214.23
52.1297
106.543
261.666
13.9627
205.856
87.2049
394.233
33.7142
42.9886
99.6182
88.4291
60.4037
185.031
133.446
84.8303
14.8676
105.769
147.413
463.067
61.7638
15.4531
221.049
9.75719
203.901
29.9943
401.687
12.5528
300.347
198.921
38.6131
595.923
16.6444
468.409
36.1685
52.3549
72.159
78.9719
137.132
79.2227
415.491
55.6001
452.57
100.817
145.242
137.286
131.616
45.2275
126.328
20.2151
118.987
93.247
705.721
52.4355
403.217
110.528
248.458
43.8614
14.2382
118.006
535.905
17.3255
95.2442
73.2379
382.151
211.634
211.781
630.319
38.275
18.7422
145.965
216.726
418.667
603.921
100.286
106.607
9.98057
29.6809
266.123
21.7493
89.2217
9.82617
24.6784
131.993
342.922
52.9913
152.287
55.3146
76.322
157.485
308.776
73.6585
38.7513
159.778
35.8017
168.449
53.8042
126.548
23.4252
122.706
39.6236
151.69
189.24
26.3751
165.957
105.421
104.948
154.045
46.9564
105.549
402.206
277.025
260.443
228.067
508.501
59.6564
280
199.515
140.973
221.667
238.317
4.11627
118.534
100.082
89.8385
63.7506
93.7927
92.156
89.4728
210.201
32.6437
357.173
97.6002
148.568
433.471
249.33
162.28
890.364
236.485
102.475
93.4044
8.54467
422.042
47.8712
99.7246
797.038
39.5108
117.854
22.0991
139.553
223.186
1027.39
173.5
1148.31
280.759
573.164
43.8402
85.9439
16.4285
10.1414
24.1743
35.799
193.91
85.2267
17.2808
229.598
156.133
64.8334
340.399
71.9438
246.614
1047.62
708.335
44.0242
607.624
66.5014
95.3414
126.221
24.703
107.452
33.5706
110.221
117.684
90.2477
35.0994
151.25
65.4961
136.07
249.218
177.469
257.24
101.512
26.9506
94.6092
31.4547
13.6923
245.191
320.258
18.3822
262.354
238.989
32.0047
92.8958
405.604
316.065
563.197
25.3693
326.171
193.375
113.771
127.836
28.3762
36.0048
197.621
169.373
158.933
10.9794
181.421
209.951
1077.05
48.9482
98.1093
34.728
112.78
391.129
5.99797
78.1939
93.674
398.731
385.662
108.575
120.955
12.2289
24.5485
139.845
29.6634
89.324
127.505
62.7918
55.339
18.0491
83.0009
866.005
26.6829
224.437
183.566
209.016
29.4314
80.5016
46.2871
108.549
38.6977
256.103
570.478
99.6116
31.1994
303.852
62.643
75.7552
24.506
499.021
260.969
322.108
245.073
38.5911
21.6001
371.217
57.6867
58.0051
106.185
572.217
63.3757
264.072
175.465
260.845
489.217
112.522
47.2391
184.836
189.595
33.9731
397.817
450.239
14.5611
71.7396
229.268
791.834
9.32393
24.9442
200.802
187.587
27.7084
45.0092
11.8233
149.47
188.299
204.193
108.144
375.252
129.61
91.1859
451.459
73.3188
168.172
20.4914
478.908
561.747
89.8087
39.0537
17.5929
251.609
495.244
308.611
34.2957
131.29
200.945
78.67
143.253
213.98
192.544
201.841
57.3459
57.3884
44.013
95.7447
70.7373
440.209
171.584
63.552
119.847
37.3762
227.605
81.7639
76.9264
199.831
143.031
4.52912
137.715
81.1122
71.4012
149.507
444.779
74.0269
226.288
76.1776
62.9296
318.965
28.2093
9.99008
392.819
26.719
21.4396
72.0475
26.9955
218.766
24.7076
738.127
121.225
92.1835
76.9455
66.1491
43.7785
930.581
286.092
16.2611
14.2984
385.605
299.592
14.0022
17.2002
29.3966
27.2619
265.398
6.54154
55.4931
65.3805
356.856
107.398
76.7643
95.8219
70.4875
380.848
27.6192
26.5412
107.402
112.145
198.534
107.216
313.293
56.4688
65.1173
9.06728
15.5112
257.5
223.369
40.0559
185.13
67.4193
295.817
70.5532
355.774
264.373
267.091
40.1176
24.2525
16.156
229.651
201.276
105.294
242.203
552.333
13.3416
186.353
13.3757
24.605
143.844
401.555
299.401
354.015
1074.02
60.485
156.91
448.013
82.1282
10.7027
142.128
79.8516
283.816
515.086
74.713
187.495
26.2724
300.193
24.9286
417.354
124.152
39.9341
267.751
5.74404
86.2349
497.923
51.0526
193.952
218.773
58.8098
72.1585
100.521
74.2593
295.981
247.489
126.531
9.23472
114.823
522.294
164.942
1107.51
16.7387
186.653
134.062
105.55
140.743
444.88
250.999
369.072
49.1658
42.1873
237.308
562.953
91.2536
185.681
179.816
232.51
241.431
102.383
420.788
41.2629
214.205
495.388
204.282
377.863
113.735
119.989
82.8117
264.741
63.9779
110.16
297.756
381.467
365.14
256.365
80.3881
75.7483
8.66805
189.299
224.222
742.912
75.2361
306.682
499.276
341.96
190.006
52.3235
430.16
204.857
129.911
409.268
15.2937
30.4463
226.093
8.133
252.352
100.308
20.7306
207.576
191.193
47.3579
62.6448
89.09
66.7685
835.027
124.235
159.37
53.903
44.5617
736.432
479.003
28.0703
793.451
298.624
86.948
109.109
235.265
119.41
73.5297
566.893
16.4235
132.669
47.0115
227.17
377.016
78.4678
18.3409
28.7559
45.4931
56.6877
76.3642
14.8809
332.328
251.429
464.184
103.181
50.9035
652.518
1509.56
319.736
14.5238
147.168
189.29
30.9537
86.8837
7.18221
205.846
770.58
222.766
65.4859
234.741
8.05221
23.4889
46.2841
27.5474
107.355
143.305
123.739
143.456
18.6728
180.615
177.928
228.726
131.173
86.0486
280.528
59.6172
88.4725
32.0347
143.45
275.993
213.489
207.233
737.427
10.1766
16.9094
154.337
25.9307
220.351
161.641
58.0863
138.367
132.378
338.93
96.0487
38.1962
220.507
114.234
151.864
45.15
59.0351
38.4841
279.738
77.0521
192.464
33.3926
558.512
61.8525
14.9443
50.7394
570.092
105.337
87.4047
127.697
155.446
156.71
97.6439
18.0647
11.2166
34.3253
591.85
296.93
122.517
60.7949
89.7124
207.918
142.729
125.268
72.6271
49.9555
35.5675
75.5051
152.806
115.687
72.3061
688.171
57.3201
107.425
879.883
290.13
235.902
120.347
108.22
25.7029
94.323
252.862
958.053
104.797
279.693
10.2705
178.912
875.276
39.7171
322.923
48.0803
394.414
139.927
260.557
90.8064
207.888
349.993
103.857
88.6045
13.3363
78.0955
293.846
48.3049
101.864
159.191
292.597
316.339
168.869
303.129
37.2114
19.482
496.177
343.957
233.397
113.026
35.5874
477.987
169.355
161.72
28.4678
81.9547
34.6482
185.273
808.753
312.841
269.683
180.063
204.88
96.641
61.1285
133.06
597.673
253.08
545.046
9.22743
89.0978
9.61998
13.1785
39.681
113.17
286.559
85.3776
87.3636
251.652
180.465
255.173
76.0582
178.999
150.45
101.309
41.5425
463.599
194.393
499.995
33.809
128.97
264.23
88.0298
226.303
144.641
7.4966
136.308
43.5075
82.9369
142.15
7.08016
159.417
121.652
100.881
148.118
30.9146
403.148
64.9115
209.688
93.2848
815.427
48.3055
71.3743
414.032
1027.07
392.848
220.651
151.851
260.821
182.005
218.008
15.109
42.1136
23.1839
439.92
435.224
38.0624
110.911
93.1095
131.546
33.4671
39.2552
55.8388
114.239
62.175
137.264
32.4928
131.782
219.926
18.1736
29.7093
14.5326
34.5258
91.3145
255.729
162.864
155.822
52.3521
25.2524
159.168
54.6142
185.931
33.1832
138.538
188.881
30.7211
93.581
619.301
144.092
32.4208
144.977
381.385
180.382
118.367
438.638
223.246
127.342
271.902
71.7067
283.475
66.8246
5.93544
15.7192
64.5549
28.7225
227.311
231.636
68.9443
131.191
103.878
53.5744
156.015
136.829
48.223
106.58
126.588
8.15733
728.696
42.4288
61.9129
54.9409
108.326
54.1465
545.341
44.3366
82.3929
54.5247
778.867
385.068
32.5578
38.798
65.5347
35.353
121.661
57.0144
34.5944
2.85552
212.91
126.897
58.2977
142.869
1186.89
104.698
187.017
159.103
37.178
304.777
66.1389
413.905
331.253
264.527
16.7463
48.5691
206.216
267.3
143.22
280.023
290.122
128.555
80.7233
109.532
104.74
70.9492
306.124
115.352
215.209
110.638
90.0295
53.5292
71.745
135.963
135.59
140.809
242.635
257.197
215.871
261.788
361.783
147.275
253.5
75.1797
131.79
252.982
17.7779
68.6904
6.37312
166.195
356.901
25.0785
384.692
42.1657
358.518
255.506
229.971
106.657
132.418
541.231
131.848
121.511
324.741
140.713
71.6202
171.621
119.495
208.281
182.651
562.137
131.32
15.6033
50.7947
916.177
65.4574
76.0052
179.44
128.49
273.011
42.0201
25.5588
25.4796
23.081
15.3399
117.871
42.4243
576.936
100.255
37.6604
92.7293
332.615
52.578
23.875
159.489
257.96
257.324
140.45
45.3269
444.789
121.891
270.159
367.776
136.067
339.45
379.562
15.3546
70.0707
37.1384
24.6301
361.325
317.073
82.5253
278.893
67.2898
28.7331
14.681
78.2981
256.603
237.803
11.6221
58.7513
19.0386
155.431
146.486
8.47321
305.397
639.802
213.728
14.2306
103.543
184.414
71.5611
62.5221
423.57
45.7505
203.57
120.835
128.559
405.552
35.9672
68.3891
164.079
229.391
16.2779
193.208
12.5991
209.568
209.319
342.804
22.0022
140.841
42.4952
156.749
49.401
88.9397
15.9009
183.804
32.7461
17.2404
51.5255
768.282
780.462
21.7964
128.819
266.481
129.849
272.149
172.965
39.6333
304.489
14.4579
255.508
133.094
7.19529
62.4444
7.33417
19.0418
310.308
389.694
32.9696
231.067
86.3816
111.04
9.91653
204.996
45.1503
515.253
135.253
56.7924
43.1722
83.7116
354.905
419.637
586.313
42.7355
233.813
37.7135
75.3913
40.8515
78.9409
232.176
179.817
10.7444
60.7591
183.347
203.893
356.709
10.1824
111.409
92.8902
11.4924
47.5488
137.271
120.772
49.2915
92.1815
98.8375
103.468
55.3271
17.8236
366.723
51.5556
41.4604
514.051
55.9457
185.717
39.2653
205.741
106.902
113.367
32.1346
86.2718
97.2706
51.7235
145.627
53.6802
158.467
240.442
293.622
92.1949
116.091
545.481
6.94739
291.657
4.60159
27.3087
699.083
91.8293
43.0584
360.718
115.669
305.422
185.418
15.4477
146.812
47.131
214.867
120.987
468.486
51.3412
120.377
241.762
164.712
262.019
98.8321
76.3854
630.222
309.287
57.8137
50.4805
248.98
116.807
1040.79
22.3307
57.8122
404.782
174.415
42.7429
389.721
153.885
107.746
102.89
34.5404
249.534
15.0848
38.9296
692.638
635.925
80.7847
68.5045
74.0517
64.2993
144.047
43.7757
169.503
359.066
126.626
55.5953
24.2781
316.279
125.788
7.63731
28.9557
99.3208
326.124
96.6091
351.568
526.393
126.941
470.419
310.191
79.6618
167.634
794.916
191.244
32.7188
47.5335
76.0763
242.878
167.073
190.698
238.824
36.3728
13.2406
92.9589
160.492
39.4912
111.65
209.301
112.753
56.7166
333.895
52.7377
81.6267
7.0251
98.0219
23.2033
42.2571
76.6288
22.4234
186.671
55.7667
297.272
30.9529
33.655
44.2127
43.2325
172.22
98.9138
82.9738
118.108
12.6303
45.1325
907.627
127.45
106.759
104.601
250.77
74.0349
206.176
124.626
108.686
34.5303
340.869
111.685
100.404
237.697
154.112
170.283
68.0142
171.549
15.3424
242.898
779.329
56.8471
24.884
248.088
340.636
495.424
161.875
61.2713
56.8439
45.4681
111.743
307.446
109.014
407.979
195.43
110.665
313.952
103.174
38.2486
317.636
157.961
213.716
181.069
254.037
3.21425
90.8299
241.371
94.7243
142.758
76.2329
385.942
77.8269
192.298
297.849
15.148
130.11
36.1202
755.252
188.18
391.338
126.399
79.5232
17.5563
71.0915
331.041
248.285
41.6519
70.0027
359.301
32.51
262.696
136.772
152.915
194.411
229.002
105.444
112.92
24.0864
121.251
248.155
126.328
213.637
195.468
44.9243
609.099
208.014
64.6157
80.9417
72.0996
111.592
28.455
395.723
104.488
170.289
252.704
110.225
511.431
195.54
27.1905
159.746
278.279
23.5099
106.954
60.098
64.5202
288.91
128.579
116.26
41.639
267.105
167.16
68.2146
51.976
57.4236
11.4686
86.3707
104.065
24.2368
102.18
103.805
178.133
357.37
33.9354
190.139
301.871
115.431
296.196
116.71
402.722
44.6037
83.1606
140.634
36.6304
83.2156
65.7385
244.167
213.729
198.879
221.149
325.155
49.1065
118.968
491.037
44.0298
16.6451
304.049
312.289
114.578
127.587
18.6403
108.921
100.364
62.2316
17.5195
168.312
36.2591
58.5113
281.88
47.5817
30.938
45.0953
123.239
23.3183
425.19
86.4471
35.8053
1134.31
156.397
320.854
14.0353
190.549
320.559
242.019
80.0135
127.898
220.709
76.3189
352.265
192.239
261.094
80.2932
141.912
160.839
400.299
402.786
200.741
42.0868
307.588
95.885
46.6714
87.1919
17.4082
204.487
73.5112
85.664
97.9135
143.024
182.306
426.565
230.176
287.068
252.763
564.328
166.732
261.864
151.783
55.714
82.6267
138.876
176.311
56.9583
149.794
942.671
250.584
161.139
44.5179
26.3754
207.527
48.8963
222.653
226.262
72.6404
87.6541
112.949
184.712
85.6213
65.7916
132.603
215.324
88.6886
262.276
53.4568
18.8493
636.515
307.936
275.916
36.7892
515.598
176.095
101.159
226.708
122.223
304.309
33.853
67.5395
237.45
198.32
176.485
31.8427
21.035
40.8695
264.827
94.176
71.6969
118.48
412.194
468.436
81.7139
451.862
307.315
43.3109
287.186
65.5228
801.418
415.928
190.942
8.16094
153.169
14.6297
76.7513
35.0684
74.0883
16.0059
63.8217
55.6448
47.2399
193.539
202.268
112.989
219.901
41.4133
14.7902
380.875
169.335
186.145
85.8464
110.097
202.223
91.8812
56.6108
266.704
6.43859
86.8592
314.978
55.7037
24.2772
357.151
525.098
144.696
53.9269
121.529
112.902
263.736
61.3982
997.087
477.674
83.4809
45.2754
253.649
653.474
122.469
38.8995
224.285
58.5917
79.2511
6.96354
184.056
307.51
22.2972
348.735
382.808
166.195
416.269
198.757
164.068
7.15349
182.449
205.051
124.459
193.1
108.137
16.7886
37.4119
307.993
442.399
335.042
105.908
212.674
3.7089
93.2498
119.521
41.1621
44.3683
160.942
59.6114
36.5879
24.2576
497.437
167.933
165.037
121.863
70.3057
68.8341
18.2334
188.957
71.1174
450.8
72.8508
96.0785
236.164
23.4587
21.1821
209.57
53.446
30.7191
63.95
112.073
345.051
18.1375
90.895
405.001
137.418
214.925
370.854
99.2943
39.5645
217.292
32.4213
137.529
565.992
12.3615
93.9201
107.334
153.045
234.53
66.1864
285.756
351.334
82.991
104.757
304.964
436.641
200.073
204.749
106.829
276.932
153.452
197.266
430.161
164.71
342.117
191.365
133.076
177.953
155.517
314.499
250.653
233.979
62.0197
217.209
388.109
65.999
298.752
51.5818
14.1744
112.784
140.37
47.7481
84.6007
20.0946
251.581
35.7016
407.243
131.884
184.119
264.602
71.1347
97.6735
264.204
71.2441
135.095
46.9429
102.782
110.21
222.16
82.8982
202.444
20.9618
153.283
35.0535
617.426
4.32416
409.483
802.542
153.374
14.3662
109.336
9.97203
5.69704
119.525
276.762
94.056
180.199
344.651
213.608
100.817
178.819
388.022
195.185
101.975
88.115
160.917
79.0044
196.278
56.4186
382.817
11.8079
82.6497
311.951
43.0268
25.5431
128.944
107.795
26.8346
61.0219
54.2335
526.473
244.305
108.774
53.2514
126.765
27.0644
227.378
228.155
391.984
103.975
316.849
76.2764
36.3527
249.934
194.461
94.7467
8.16052
483.194
103.898
223.724
259.008
170.036
321.752
69.4802
106.498
10.6074
477.533
221.422
221.472
124.843
59.2907
384.016
52.7641
406.812
147.962
11.0744
268.537
103.601
164.584
16.2862
51.7969
37.4666
208.289
49.1346
68.1761
156.183
90.4684
117.733
75.4228
66.2492
6.84308
132.511
12.0031
349.058
22.4851
194.905
109.49
51.2191
61.8933
14.5005
163.283
117.889
339.244
21.8146
31.4548
229.34
111.586
579.528
300.524
27.271
9.61676
416.792
113.6
29.2282
160.22
520.159
181.419
230.966
142.651
42.4428
61.8678
69.9157
79.0741
238.944
148.1
131.845
222.869
5.11741
21.6016
33.8988
254.012
18.1837
491.006
304.138
475.564
144.853
136.001
264.206
55.1416
54.5619
68.131
899.737
76.8257
90.355
114.72
217.804
9.27876
34.3019
9.62949
92.0098
360.722
54.5912
240.311
352.389
30.5396
243.575
115.352
151.362
156.422
70.6121
81.7871
54.4982
100.384
375.194
13.7704
86.8585
174.392
305.209
100.808
270.006
71.8667
63.2046
154.029
52.2367
117.875
176.538
249.753
20.1297
92.89
14.6786
359.42
40.5234
503.18
24.6804
201.408
333.731
43.7853
7.73269
17.0464
151.913
370.786
144.572
328.598
159.895
407.175
17.2206
298.554
80.6935
140.53
18.5623
288.064
35.0065
351.49
9.07732
59.1532
231.359
35.2711
257.699
54.2009
17.9775
159.31
59.6684
59.2735
156.663
124.972
30.7101
74.7854
118.67
246.988
112.602
255.582
164.454
24.6093
268.658
113.37
233.705
151.403
531.684
26.0362
32.6183
65.4749
18.4403
365.253
44.2366
134.05
41.1943
68.05
113.094
41.1073
14.8098
115.858
21.5504
95.0296
12.7484
40.7766
697.011
348.219
329.964
73.7905
180.793
40.0698
366.764
380.096
314.275
408.406
127.655
215.961
112.183
270.857
176.687
229.306
59.1211
136.111
127.391
97.8863
38.345
149.634
664.248
472.725
185.605
334.485
59.3922
314.144
45.1301
29.724
189.873
5.32838
369.74
78.6161
209.696
339.991
800.354
81.665
568.359
14.3273
145.619
54.739
793.013
165.362
33.4392
234.899
157.858
96.2673
402.729
316.499
11.0931
153.62
174.584
126.716
71.5687
196.925
61.2374
91.7835
617.973
38.5519
90.8335
140.977
58.7052
11.4551
94.4186
123.539
295.173
18.2959
134.208
655.342
26.3722
64.2433
527.3
59.1571
373.316
180.495
10.6304
257.474
39.0846
284.928
375.569
193.07
132.506
21.1764
222.844
66.074
69.3088
90.3999
577.461
158.786
61.0245
128.573
91.3705
211.742
17.8981
34.6014
50.7602
120.786
108.005
128.963
257.883
56.4763
111.62
125.171
53.2146
478.6
172.759
205.187
173.076
115.265
55.0996
46.1083
176.728
228.822
251.478
336.864
541.24
14.6836
67.9827
414.984
195.138
76.1297
142.369
92.9741
29.834
183.538
409.418
136.878
10.8115
169.064
180.688
57.534
19.8629
206.914
167.377
102.094
215.954
112.163
46.5145
41.5948
648.059
216.482
48.5062
304.197
30.106
24.0582
129.202
48.0072
204.488
67.2371
179.902
112.505
6.76559
315.752
84.9104
70.7673
303.829
302.65
204.462
86.4965
83.8125
834.597
75.4873
118.234
300.025
84.5179
15.4555
428.943
55.5192
56.3406
161.721
203.306
42.9403
36.0244
79.5125
134.26
116.041
104.215
12.7205
27.4313
235.869
104.914
31.7821
43.3974
647.068
254.135
217.132
94.8705
6.72924
185.907
196.893
94.3332
161.993
115.438
88.527
39.2195
420.828
74.8131
97.2373
541.108
63.8131
91.6792
27.547
33.9089
121.241
138.012
165.603
66.6863
264.5
112.755
362.178
16.4628
107.41
36.773
44.3175
150.392
299.223
13.1839
41.2371
130.536
319.495
131.246
37.3423
195.052
205.763
44.2551
96.0746
382.407
41.9242
186.067
108.398
170.946
77.1761
45.1186
70.3099
28.8973
31.1915
178.508
613.255
24.7031
203.262
14.1658
24.7867
88.889
144.202
55.0805
24.7008
211.22
105.446
51.1872
195.251
149.005
86.8558
478.092
104.076
47.1843
98.5587
130.914
203.874
208.62
153.015
7.93759
88.0899
315.637
81.9936
125.297
322.391
122.762
171.296
9.22385
153.816
307.421
153.522
37.1875
261.453
15.4262
100.501
13.4873
62.7455
31.4124
42.1262
18.5472
83.1571
264.377
167.361
52.5032
109.273
691.048
161.678
39.2609
79.2247
43.6826
127.894
106.98
4.70857
228.926
30.3275
132.252
90.0356
194.458
33.7851
222.745
506.38
208.296
41.8779
411.607
145.048
299.856
20.1549
101.848
80.7145
178.836
30.3577
193.872
460.36
76.2324
161.466
163.975
757.326
202.001
436.566
11.974
108.872
165.813
36.404
73.0515
271.248
89.9464
13.3518
150.228
9.46433
292.76
139.321
238.818
157.127
32.7156
27.1601
147.344
13.4618
92.81
33.9779
149.185
83.2771
241.349
651.76
787.104
137.243
393.666
19.4264
151.697
460.124
58.9618
311.724
125.957
70.3544
1443.37
11.612
108.493
130.761
394.029
183.604
105.825
95.0284
6.41964
83.1476
199.346
261.539
310.999
331.371
18.9364
7.641
154.697
212.539
75.8012
79.8734
25.7989
289.72
86.029
658.656
190.098
20.0724
69.3401
1110.05
594.88
125.438
431.169
46.1944
52.8177
104.955
24.6417
451.367
14.5838
17.5936
193.163
36.8856
134.083
31.533
723.704
171.76
378.128
363.039
205.069
156.004
70.7699
22.5027
107.497
575.73
123.21
72.8564
194.472
188.451
324.59
224.187
355.766
47.3903
30.9073
194.691
621.4
22.2789
147.178
155.733
187.296
191.51
223.59
238.461
301.044
119.957
193.93
122.662
80.6754
405.139
647.304
659.794
135.947
406.999
83.9682
419.031
218.962
44.572
322.545
38.7031
15.8304
135.831
148.385
54.3747
123.455
341.949
31.0381
6.74832
68.4338
369.055
147.038
713.111
25.7941
248.154
30.7697
305.898
746.208
281.623
5.05704
154.745
35.5726
107.866
520.666
55.4095
77.1847
4.58785
98.8521
78.2459
49.4943
90.705
82.1107
25.5539
89.3198
404.623
412.385
21.0009
17.9363
200.557
30.5644
232.937
78.8971
55.5921
74.3264
336.121
578.839
53.3543
60.28
240.285
83.3978
534.421
133.904
571.987
27.0357
77.2272
179.879
56.2051
213.425
16.9604
131.968
140.893
160.826
1053.67
519.75
30.7385
132.822
670.625
432.187
114.43
420.028
37.1871
74.4119
171.103
161.9
81.4226
111.641
71.4326
89.569
362.183
104.103
30.1117
6.48035
125.351
91.5413
75.7029
171.438
30.5886
93.5834
39.1103
165.626
473.467
109.811
103.575
93.0883
60.707
546.266
258.222
22.0453
339.247
261.9
12.8207
416.01
258.731
226.24
256.774
395.313
746.922
368.544
68.8871
78.5969
60.9366
329.578
139.746
18.9973
18.5714
47.8353
117.111
55.1731
158.662
252.128
248.745
40.1551
22.7582
161.552
173.485
47.4983
490.307
45.2403
213.653
316.119
965.565
93.2373
197.497
101.566
566.46
735.831
91.7596
67.8734
89.1125
122.943
19.6657
69.895
152.57
76.3773
6.6568
119.226
403.155
9.77652
232.722
119.499
294.803
139.203
155.195
95.0677
199.775
18.9595
86.6477
20.5604
500.69
126.615
133.703
423.278
766.445
18.0943
131.132
36.4693
301.331
18.1876
292.4
18.0928
214.527
34.7397
35.014
236.739
560.265
35.4217
54.5785
17.2955
96.9347
479.865
84.7701
84.9535
271.196
22.2956
106.422
192.04
656.143
420.949
8.99387
34.6977
185.513
62.4457
127.909
21.6858
78.2287
19.5091
69.6503
153.325
256.808
228.874
605.624
55.5478
335.026
234.323
981.351
445.081
277.851
34.7571
437.892
76.6919
41.2428
507.82
65.8136
1367.02
90.6296
340.106
269.266
65.7461
364.515
526.988
27.9792
184.398
103.758
145.409
157.785
92.8311
703.763
91.5782
294.931
575.215
227.448
98.7327
140.621
674.144
280.747
74.6945
664.759
290.902
123.84
225.108
184.371
89.0931
68.0391
179.343
24.3592
66.3927
167.377
279.636
268.098
91.1919
179.045
21.3124
61.0043
678.547
657.044
47.886
25.0795
185.613
61.4351
239.341
89.9771
18.8058
96.8047
93.6456
559.419
196.2
141.808
47.2502
14.8325
152.59
435.396
75.3424
646.531
52.8881
370.317
156.336
13.4908
19.2308
51.5451
161.718
128.188
211.587
146.239
327.91
35.4299
442
255.808
312.836
66.4167
90.5959
11.7095
47.5322
283.785
29.3721
213.276
30.6968
130.211
119.396
162.292
36.2536
83.9292
16.0189
25.7646
179.547
20.5278
16.6027
32.173
306.537
145.773
42.8651
437.583
548.577
268.889
145.577
426.75
86.8969
40.4419
270.414
336.064
161.987
108.86
119.063
228.317
219.721
454.171
57.0429
98.2396
276.93
54.4194
79.2082
104.79
150.403
23.47
121.181
86.9292
273.814
304.517
308.227
326.833
16.3221
7.1853
372.568
174.305
113.836
187.313
204.605
95.3402
271.862
16.3438
669.714
54.3822
268.997
170.939
28.1278
129.558
309.651
297.573
21.6681
189.878
283.225
65.3758
90.7127
55.3249
113.741
428.692
82.5303
344.146
1023.19
60.0129
468.643
14.7368
81.6169
365.058
130.422
386.487
62.5537
110.538
51.3743
8.02045
75.2574
65.3233
346.471
107.216
109.458
200.376
25.3702
30.6889
223.387
26.4797
11.1362
100.543
878.661
656.162
7.41211
183.856
118.061
200.528
42.6095
154.317
73.4999
46.9545
77.7797
1138.74
27.1577
59.2179
467.228
115.547
49.3284
78.5384
19.2635
106.94
16.0756
27.1856
314.822
248.688
796.774
6.75135
74.6167
285.767
39.8345
60.2955
224.59
27.0396
20.83
14.3022
348.099
71.8174
334.353
248.897
435.854
604.672
380.612
111.946
74.3491
51.927
289.925
111.683
92.9767
121.829
347.18
34.8783
258.921
79.5811
313.567
570.604
47.4316
197.881
127.499
469.159
33.8035
68.5225
416.222
481.649
96.942
197.293
899.208
297.107
62.6464
301.755
20.4795
73.2004
144.993
174.791
293.329
312.522
62.211
343.141
338.476
845.896
194.816
128.664
218.252
157.458
18.6754
214.483
1049.5
67.4157
86.5289
330.376
27.0313
15.5085
535.739
388.253
328.292
49.5774
243.956
19.8999
107.029
390.085
316.544
134.702
275.804
555.622
149.136
250.892
140.419
24.6304
176.415
260.028
74.2195
174.651
323.656
204.739
243.519
104.17
633.064
223.123
22.7378
4.42443
194.531
82.4305
57.91
268.76
724.545
369.364
49.1526
47.0101
158.885
317.1
153.363
15.5425
76.7598
153.885
209.729
61.4338
52.2023
447.981
37.7142
291.073
117.099
602.741
42.8421
921.715
356.768
63.9089
51.4448
230.016
10.8212
36.046
5.25424
174.249
141.975
10.5363
525.192
161.531
64.8726
44.698
9.24866
56.3553
597.961
334.548
273.955
128.842
53.0386
208.606
25.3492
84.4073
205.203
173.016
276.582
17.4076
16.3234
276.932
84.383
222.048
436.915
56.3685
37.093
111.374
220.2
45.5798
117.294
49.444
252.721
64.7437
149.028
20.8839
65.9044
14.1987
539.279
395.061
42.58
780.28
210.575
177.906
77.0945
59.3954
40.994
55.9228
77.5284
536.857
66.3325
177.837
442.854
22.5696
159.054
18.3646
39.1976
189.707
349.199
93.6738
232.884
288.929
206.541
549.769
178.44
79.4877
159.414
199.401
2.64788
196.269
26.6015
385.472
647.098
495.324
101.943
28.8083
131.276
505.664
79.9209
320.021
70.4431
49.7827
36.4857
7.62421
17.5092
128.142
231.145
38.4309
325.449
130.683
291.726
14.8884
29.4134
85.6144
147.925
222.506
66.6124
115.566
30.0969
223.905
58.4274
82.4726
15.916
48.4959
145.188
31.7718
61.3542
127.309
152.228
247.791
283.2
132.539
285.505
329.159
51.0997
137.808
103.418
376.639
127.567
64.0017
92.3494
191.795
824.978
126.138
131.623
262.633
145.897
253.941
306.109
5.44392
77.2566
36.9788
27.9431
109.464
212.566
106.842
41.6776
75.6203
51.6332
109.362
161.944
146.859
32.522
68.8695
189.997
274.902
975.504
97.634
41.013
647.337
807.847
323.424
611.094
321.133
176.443
118.383
146.267
727.076
119.109
15.4731
23.2051
189.968
12.9384
191.639
34.1137
44.3835
122.512
230.968
403.408
15.1705
111.466
5.84581
551.242
257.461
232.204
471.978
44.544
179.835
200.634
584.981
16.5202
77.1054
79.3878
473.084
99.6187
259.381
530.123
372.819
197.924
118.655
6.33364
55.8717
346.125
352.686
217.015
202.551
225.507
248.997
248.656
153.88
127.145
420.766
121.11
318.455
236.431
205.918
163.309
140.565
215.194
5.99645
61.9375
868.649
72.4766
380.22
7.9609
581.47
7.95739
126.045
16.0868
1510.03
177.913
98.2614
125.065
218.641
156.522
53.4161
54.1876
200.995
6.73083
117.106
15.924
123.971
80.7279
175.128
92.7639
62.0612
43.1508
683.729
187.251
550.667
133.56
63.5021
21.5664
38.9241
4.83009
104.777
228.927
64.2822
37.0264
13.4599
622.291
150.575
138.779
230.359
57.3748
8.71385
35.8267
255.299
728.325
98.1574
109.48
24.7933
95.9566
25.0039
630.913
148.105
66.9236
99.2873
406.907
532.326
27.2433
79.0555
104.708
98.2313
224.637
45.6453
71.1853
27.9876
230.457
260.097
66.7644
27.5676
66.9297
49.2489
94.8078
61.688
96.6822
202.867
692.696
203.793
178.015
177.54
110.876
88.4381
25.7374
26.1987
316.439
55.6156
214.483
221.557
14.9074
173.77
170.814
15.623
228.451
176.141
88.0124
14.2566
583.751
315.484
4.47107
26.3657
49.9198
174.086
387.793
147.485
214.244
358.831
108.434
44.1403
153.939
131.308
8.79061
130.032
118.28
189.05
434.589
1166.12
45.367
93.4997
219.942
401.997
118.723
195.133
85.7111
104.176
127.535
114.07
60.331
287.305
91.2236
75.2432
45.1681
64.1065
274.378
389.161
10.4474
36.456
310.188
160.986
195.756
214.215
162.363
122.855
29.3015
216.473
78.1906
54.9665
345.091
381.584
345.495
67.7328
154.505
408.121
174.092
310.566
33.0933
217.336
14.6347
82.1476
477.446
58.6823
416.865
67.7157
125.167
21.7915
283.937
137.973
70.0466
422.976
81.5156
333.776
62.0623
45.4032
80.0446
92.032
445.798
95.868
336.977
259.535
72.6728
298.338
32.8473
280.047
207.387
183.062
455.061
38.5766
348.855
81.3238
127.459
92.7158
281.518
151.325
52.2987
13.4928
62.7135
7.37122
42.7124
49.8817
71.8604
210.959
160.947
294.579
59.4935
168.639
203.68
264.511
503.195
132.345
159.907
410.969
91.1663
109.639
117.04
355.807
21.9962
85.1068
159.801
300.982
135.362
77.5947
227.582
112.911
113.645
404.114
247.184
302.906
156.7
85.0661
314.232
416.518
147.778
531.226
17.4496
274.517
242.326
408.884
83.2645
172.128
203.893
396.48
8.00262
39.8318
227.246
163.101
549.518
133.6
31.8935
17.2998
196.564
202.578
20.8171
68.1489
31.1478
488.832
20.378
134.81
102.553
259.076
54.1093
134.528
41.9231
349.625
381.393
31.5057
59.2304
46.9588
59.3799
75.0435
306.696
441.104
33.3741
128.339
404.105
50.2134
220.915
321.598
198.433
37.6702
182.847
54.4179
16.6315
235.158
22.1881
135.169
93.3563
80.7003
403.146
206.071
214.841
29.6152
10.8235
299.248
896.154
49.7876
296.419
79.7468
253.821
15.1112
102.561
63.3952
159.779
278.382
39.9551
210.745
30.4927
102.581
292.597
63.8856
145.707
27.2051
238.1
198.325
187.496
326.2
192.349
32.1646
221.807
53.3842
106.962
192.609
192.002
154.35
237.037
168.017
9.73345
153.2
72.0535
1070.75
118.778
99.075
675.195
109.396
84.3564
205.243
131.163
41.4824
490.852
27.1129
55.395
138.631
173.852
21.3927
354.486
26.2825
38.6019
368.114
166.02
31.9933
128.278
157.758
135.945
85.2693
8.18862
180.247
6.00168
107.769
50.3553
58.2518
74.4539
50.6913
42.9324
174.302
430.22
46.7071
13.0628
89.5124
50.0442
53.2739
348.546
9.75123
96.3543
410.691
232.842
58.5385
55.1853
139.105
106.814
30.1049
405.377
29.8546
204.794
38.7279
54.9262
215.479
114.294
38.3936
109.198
76.7938
63.7539
168.28
33.0995
73.2523
319.927
24.5106
134.502
306.195
72.3165
692.957
265.197
210.428
261.131
140.335
257.799
109.233
218.251
42.1852
18.7448
778.114
160.148
228.497
963.761
58.3403
194.881
194.531
34.8027
35.8053
35.4306
385.964
24.5496
114.279
110.907
367.983
105.128
148.271
379.742
189.703
162.667
448.619
111.808
102.175
205.275
182.029
48.2624
191.005
178.405
68.7173
22.846
6.20299
215.482
832.544
79.5636
189.131
872.75
33.9014
35.2269
58.4533
236.548
154.352
350.952
310.962
301.541
115.053
413.176
86.9429
232.469
171.34
11.0799
260.61
78.2608
147.834
85.6219
38.0982
59.177
27.7879
224.551
197.865
43.0909
112.846
216.398
76.4818
29.0367
554.501
368.929
139.694
362.475
209.803
199.074
60.8563
15.9699
224.506
34.3925
362.83
6.60563
14.2721
188.18
29.0286
99.9338
79.142
36.8534
119.287
178.636
67.988
103.604
280.222
426.456
267.27
83.2222
407.013
349.71
287.793
531.711
170.9
328.406
36.9817
105.568
19.289
510.241
210.408
43.7233
178.851
26.2567
162.398
105.993
151.04
78.7357
7.8619
227.666
207.669
193.598
101.5
551.29
26.7573
462.53
120.615
102.955
114.552
422.754
220.898
210.557
79.7358
685.713
130.992
121.242
53.3902
74.9962
202.28
46.1128
28.6323
74.5195
321.958
71.8802
70.8661
51.0744
186.634
199.114
61.5927
121.792
77.5536
58.1793
125.711
28.3553
47.7202
104.463
68.5266
281.234
96.9041
351.978
360.173
91.1646
144.076
541.65
62.6012
26.7922
19.8878
57.4591
291.867
48.9191
662.092
30.5621
452.221
576.04
105.264
101.61
338.619
21.1058
114.748
44.0173
109.863
160.439
24.8917
340.767
150.791
19.063
178.761
102.853
104.134
43.2115
172.791
184.225
358.822
11.7403
257.738
229.843
39.1107
80.8234
779.904
354.713
737.117
29.3125
107.35
126.989
234.919
98.5544
452.125
50.7045
31.939
82.0592
901.679
194.151
59.5284
118.101
52.5146
335.268
118.074
122.058
116.739
191.103
37.8642
149.784
196.717
46.9937
132.736
157.229
117.991
152.199
26.0513
273.931
6.06725
104.187
252.463
72.9677
103.08
374.579
25.5579
10.5936
44.2601
111.447
691.76
103.794
47.2777
49.0793
69.8654
65.0083
120.914
482.395
343.254
15.4307
562.295
296.489
111.623
27.4337
528.868
308.012
268.37
78.0277
80.088
135.869
234.626
255.182
904.743
343.407
799.87
114.141
179.904
119.889
365.071
125.357
31.287
591.883
483.32
216.539
29.8548
263.365
30.8055
53.1624
11.097
587.228
94.0686
175.858
530.824
53.3942
222.314
76.8165
85.0375
99.1824
88.9348
127.702
126.294
72.3909
123.942
396.574
395.308
111.221
34.3271
523.773
125.629
61.6159
142.446
377.884
11.6391
104.627
363.774
322.035
502.224
70.7598
266.874
511.683
130.458
14.5299
211.073
47.4177
136.121
79.4006
61.8623
15.0591
42.2763
86.8174
368.813
215.534
24.2752
193.467
152.492
76.3474
28.6381
42.484
170.804
34.2293
119.547
12.289
196.262
98.1276
24.0612
338.835
173.024
29.3324
7.03921
61.7295
11.2293
44.0887
5.71622
23.9703
80.8636
267.282
26.1444
16.2062
134.618
51.6491
284.772
129.408
28.4404
128.405
144.707
17.0463
92.0868
181.203
245.877
74.2348
484.163
63.3646
120.695
263.927
48.1573
27.724
170.584
219.728
575.936
80.1516
16.9992
22.5641
53.9546
155.565
222.881
116.371
219.469
90.5063
110.007
219.376
172.535
146.991
426.339
107.541
269.923
67.1128
56.6761
308.38
110.966
152.968
361.729
254.198
111.406
613.86
305.619
400.898
96.9632
4.533
1037.25
143.154
300.819
89.4509
153.421
222.032
331.703
58.7395
54.3864
223.426
12.0091
216.702
292.261
96.381
264.237
61.7873
110.569
48.688
142.739
70.9489
114.243
22.4942
4.33931
39.2451
91.7569
563.46
9.16583
79.3579
21.9624
158.633
49.4301
57.8862
279.728
663.085
749.683
241.448
416.311
187.754
73.9689
173.311
70.9699
38.3663
314.023
25.8897
296.65
127.791
372.301
60.4383
7.53217
182.879
203.935
387.134
105
553.827
157.647
129.001
213.882
90.7734
55.369
185.192
226.173
192.201
335.583
395.839
590.16
107.896
29.2905
90.7609
139.396
409.271
73.0052
80.1723
24.9407
137.398
40.3227
80.4278
289.521
213.984
94.8994
39.1143
101.495
52.2502
26.3193
93.5313
29.1453
41.9072
96.2501
568.326
452.693
43.5168
121.22
123.308
93.6848
133.388
365.007
256.921
40.6616
269.648
46.6307
562.396
344.551
371.669
141.426
198.316
281.438
38.6599
204.427
27.5985
626.647
108.845
362.516
34.8152
115.393
447.261
13.7342
111.836
130.221
778.513
444.176
108.971
1058.2
562.745
283.516
63.2332
525.885
134.253
51.5467
190.945
267.149
140.94
40.8072
153.625
83.1295
158.349
166.652
133.328
117.627
95.7413
12.2332
36.3357
60.8565
176.437
81.0065
60.7297
40.4819
119.276
236.852
234.795
768.321
83.159
226.859
88.1889
129.108
250.482
44.6303
226.411
44.4993
347.006
72.8277
21.1092
122.42
141.65
96.9772
78.4252
218.067
44.2094
39.347
117.997
178.948
293.655
169.637
49.3711
334.636
263.641
70.8653
375.39
64.9683
74.7725
426.626
54.0817
233.097
33.6553
289.946
124.356
43.4949
187.021
114.15
68.2556
27.9567
31.9116
132.579
27.2976
117.631
28.7524
5.33476
42.8704
63.0334
131.151
54.3389
279.96
35.7393
31.9594
21.8411
183.249
71.5936
8.18517
488.976
494.028
96.892
88.697
191.703
381.684
35.9915
313.106
792.528
128.698
243.132
102.22
50.5114
89.7847
281.101
97.9731
292.672
12.6525
336.35
16.5653
493.162
114.284
85.1915
56.4976
38.7737
51.3781
13.0601
14.707
23.7069
15.3332
159.184
222.933
940.194
137.295
321.069
111.2
61.9582
46.6967
341.608
103.721
145.413
111.918
200.038
674.314
183.045
14.9867
164.876
34.7761
183.834
222.638
166.335
266.121
23.0494
616.343
44.6039
6.58272
56.1738
472.331
21.0709
100.996
339.373
244.326
262.637
186.617
112.294
253.761
99.7639
125.538
74.1669
55.451
355.035
105.726
338.711
62.9929
41.7912
121.804
333.133
684.437
334.01
190.278
106.957
6.549
142.049
42.0372
41.2276
236.916
178.393
78.8053
584.976
431.23
856.681
207.898
410.877
104.689
54.9311
580.507
76.1352
106.518
210.198
74.7499
254.495
411.806
140.919
723.623
194.315
63.3974
377.773
46.2808
178.198
33.9675
242.239
227.748
54.6942
165.129
104.373
20.9857
187.396
153.53
191.431
205.256
143.494
18.2953
315.288
283.16
314.481
142.055
41.0158
165.742
221.461
59.2168
40.6758
149.817
262.429
200.368
30.7173
96.108
8.31134
87.9155
12.4927
360.8
213.418
38.3363
22.8278
142.831
37.1084
476.279
49.4286
167.178
307.984
125.791
448.642
524.454
204.568
459.807
180.869
574.196
43.5596
87.6033
579.053
109.101
11.7092
227.691
200.725
21.3847
21.7318
154.073
14.1003
95.1409
32.7864
25.5242
8.40585
101.448
62.321
465.952
218.048
203.178
10.0471
57.6439
180.83
52.5642
179.836
98.9961
345.38
84.3637
152.236
122.583
50.5135
35.7426
219.655
116.321
126.82
546.868
105.294
120.038
42.3237
459.663
162.534
183.635
255.894
97.6758
353.803
73.1699
93.881
329.32
70.8014
121.341
258.477
543.75
33.8592
3.1919
28.479
102.77
368.059
530.465
7.82835
21.8323
554.181
241.316
313.935
194.391
307.667
122.659
21.0351
328.822
238.138
103.51
224.163
7.54353
347.346
585.305
305.015
156.436
15.4163
96.3409
31.9378
5.27775
27.1684
73.1056
217.298
22.7383
303.188
118.023
183.915
220.116
281.136
109.75
12.4879
639.757
59.0515
85.7728
69.628
30.8032
464.198
246.524
104.62
579.318
37.2675
286.249
637.156
155.918
33.6063
96.1852
29.268
128.494
138.278
159.422
41.0093
237.578
133.505
149.981
165.24
96.5467
65.7224
38.4208
21.376
357.541
183.493
225.64
353.387
57.7552
67.1021
120.852
43.5787
86.5132
850.929
74.1976
58.9302
197.799
148.694
319.857
73.1123
213.289
193.099
507.953
458.317
193.894
285.346
19.5654
16.9466
532.319
82.528
597.831
54.0371
42.2051
84.2532
67.6198
473.103
260.051
104.052
210.93
541.561
116.058
116.695
293.277
135.988
102.173
288.648
316.475
81.31
204.686
121.276
61.8801
53.3177
180.477
306.754
30.3822
252.902
319.406
43.4363
64.1025
104.614
126.447
45.0042
115.074
110.912
244.83
79.3868
191.429
259.836
93.2258
76.9364
56.4989
194.876
200.138
369.576
124.541
5.08705
145.858
114.253
470.365
61.6501
311.296
511.645
125.664
376.656
207.889
91.0647
30.543
38.8317
78.5206
350.289
153.266
387.262
167.574
767.502
121.327
243.417
31.3587
26.6768
76.7546
288.183
26.2116
44.7278
157.742
182.672
78.2597
235.878
224.897
54.4298
19.4301
7.67535
82.7118
250.128
69.687
106.103
173.346
8.27838
18.1341
396.049
90.5926
76.5407
43.9783
270.802
17.3792
282.556
159.057
210.97
151.429
103.466
7.62318
364.601
257.078
532.389
51.1178
155.932
49.1193
271.521
32.1851
125.739
95.3614
186.125
134.761
134.229
68.132
143.893
216.723
81.743
221.974
47.3228
595.157
165.478
15.2652
198.627
62.4343
97.9733
63.4174
128.877
134.604
35.7075
329.048
80.1778
303.063
206.66
410.073
192.146
550.321
103.682
61.9057
21.4569
416.2
188.068
55.1579
106.036
634.79
94.8579
314.195
479.179
27.9323
73.7905
77.6844
293.841
776.671
287.046
476.743
44.3986
921.672
27.2962
1008.57
49.2851
293.059
662.103
148.89
8.7089
494.215
64.5299
179.631
354.483
132.81
28.028
795.72
474.767
245.346
149.972
422.37
177.822
90.6932
159.081
356.792
394.18
165.944
486.84
204.242
260.788
9.97988
101.424
65.1113
526.12
36.894
105.581
121.53
284.923
46.252
114.41
40.2518
185.902
222.738
6.82617
329.627
76.0157
40.747
34.0315
37.0169
257.954
931.129
49.8984
74.7242
477.271
19.0351
264.021
32.9001
19.4428
74.4701
55.9485
57.5284
263.014
236.846
75.5853
153.023
259.148
184.43
27.0543
514.708
68.4809
93.9962
90.9744
47.8363
191.885
143.718
142.294
142.344
549.333
370.211
80.0582
23.2894
262.626
215.307
455.164
10.025
258.286
145.913
96.1089
98.9151
77.4651
129.864
24.2715
73.4055
90.3907
370.175
191.398
32.3311
90.5872
274.62
60.3593
27.4118
167.898
189.462
143.681
141.084
64.3853
479.284
222.528
2.25645
400.811
321.096
295.617
62.4947
88.2
258.895
52.6547
25.3322
343.277
186.969
193.546
50.8667
410.53
132.403
122.99
196.495
70.8905
53.358
144.259
44.2375
121.449
866.098
219.668
11.8264
102.873
141.656
105.569
335.083
305.608
87.1315
24.5895
104.007
105.884
104.999
238.989
70.9983
88.9983
238.473
443.774
497.827
130.867
33.8676
46.2958
753.221
252.798
268.152
316.077
138.91
49.2865
59.5598
288.076
104.754
10.6661
43.8112
20.5628
759.049
303.939
12.4656
9.98046
330.664
278.998
80.1183
312.653
269.271
28.913
17.9122
235.095
644.087
22.5884
1035.86
652.754
55.2273
341.397
221.963
255.996
32.2479
138.509
29.2888
88.6327
102.583
67.8951
93.5341
72.9755
174.925
26.8276
329.714
470.606
11.7402
412.666
56.7625
18.0432
279.905
2.43526
23.9898
162.215
65.0018
64.3378
258.597
6.06971
169.363
258.371
97.1928
33.9307
24.2456
268.735
70.1774
19.8532
154.483
185.568
279.371
180.487
161.775
196.437
20.9766
445.067
98.2969
119.05
58.6644
26.8951
349.909
100.372
140.983
278.292
168.412
58.9366
441.737
148.828
76.1081
219.957
41.746
99.0432
371.977
179.324
118.99
36.2903
40.5187
103.036
78.8485
121.262
14.6251
369.652
77.1005
160.722
225.653
229.246
174.311
121.801
47.6879
168.107
5.85198
62.3875
58.111
203.136
7.16922
54.9861
283.987
198.349
473.944
75.9296
104.347
61.11
161.489
149.468
7.77953
232.38
26.5745
96.355
125.647
538.611
144.615
149.465
418.282
124.305
123.076
69.3107
61.5914
123.486
82.5272
108.551
52.8621
171.227
23.9654
196.807
234.236
260.324
34.6061
104.824
313.891
518.371
115.08
24.8172
52.9259
235.49
350.163
48.0278
413.333
345.032
146.6
366.902
286.104
173.3
280.546
19.9429
11.4833
669.032
131.344
50.4396
38.7428
31.3765
258.892
61.5635
94.0047
358.029
234.535
58.7206
261.323
38.9211
63.6468
258.74
123.437
251.001
131.394
358.415
198.913
131.291
423.439
107.316
89.3837
169.233
307.561
197.995
90.4201
137.73
111.806
83.3377
94.9132
148.673
366.328
604.135
164.71
221.399
72.2243
254.257
197.81
162.74
141.661
334.47
66.9053
85.2582
87.2624
34.0212
33.1261
99.511
634.734
259.342
32.0443
184.938
577.413
144.067
147.336
104.934
107.816
104.094
37.7278
37.5295
143.054
27.2884
395.146
60.9995
50.4078
46.9903
133.342
881.046
499.028
145.243
21.2355
38.885
933.714
20.6427
256.471
123.065
129.755
279.083
443.955
23.3281
551.827
295.791
48.7063
163.082
159.684
274.647
375.637
85.27
17.7678
107.849
169.977
34.7003
78.4124
120.552
28.8254
198.377
29.92
230.557
199.836
181.995
162.771
217.239
40.8377
578.836
745.1
59.2218
11.8628
41.9911
207.709
100.693
497.067
349.609
50.6905
42.0698
604.568
448.744
263.601
50.1153
51.7469
190.404
218.004
628.096
99.3763
37.5911
225.422
74.7528
14.1846
409.127
500.024
181.732
786.376
181.686
81.2762
500.08
49.5111
109.245
352.357
136.042
190.264
184.993
37.3113
327.259
188.753
272.26
75.6307
229.106
24.8718
247.102
180.989
9.02658
407.174
360.194
39.2259
24.1321
226.755
521.173
362.986
154.949
103.143
272.074
60.6637
30.7696
73.6285
87.0713
161.73
130.97
173.725
228.108
252.335
121.893
19.4246
90.653
206.573
61.0831
361.381
254.443
36.7531
419.596
121.373
41.7317
52.2264
238.658
113.815
1061.5
39.77
12.1557
143.164
656.105
340.437
163.138
76.6453
58.4498
627.284
42.0968
26.516
177.749
249.2
56.0361
85.8415
97.2151
54.0341
24.1438
133.316
96.772
207.317
244.93
138.294
193.601
38.592
29.0672
78.1742
208.801
143.747
21.5847
599.21
114.799
57.2283
175.579
124.522
64.6209
735.18
63.2212
287.278
105.744
315.648
295.356
168.184
314.739
270.649
588.099
279.958
209.74
125.546
463.627
60.7626
71.83
22.1909
289.476
225.762
161.584
151.75
294.719
11.3646
110.431
173.234
91.5153
26.8671
207.191
57.0811
149.344
39.6879
196.933
237.519
48.1557
297.734
23.1176
31.5076
208.84
166.529
457.155
35.8046
103.438
31.57
1179.27
7.15581
55.99
173.311
56.8581
406.599
178.621
153.186
490.535
85.9877
62.1152
84.6721
170.616
205.249
213.213
129.316
156.091
188.513
111.703
125.197
56.0936
566.062
130.164
199.172
334.605
576.881
281.56
106.953
30.1316
33.231
28.4606
66.4396
237.556
122.614
273.025
159.16
125.874
257.741
416.036
232.148
407.077
21.488
158.357
1121.34
160.967
7.51619
624.064
309.095
183.587
338.479
114.586
9.88551
185.7
80.0772
316.765
31.6651
199.219
29.486
154.285
198.561
164.652
106.702
26.215
274.568
120.882
34.4034
899.739
347.396
671.327
207.347
77.5957
260.873
61.7305
566.325
176.345
73.4914
27.3152
772.33
123.644
558.38
27.9894
82.0769
169.766
677.363
121.765
75.7043
331.393
126.986
143.56
121.976
130.586
155.741
305.775
224.885
21.0395
320.042
178.027
175.201
497.967
276.311
80.4459
374.286
193.973
277.119
137.583
48.966
523.533
151.094
54.6894
152.72
244.152
93.9585
118.637
352.352
176.05
341.341
231.193
82.0528
1009.79
151.284
138.06
295.868
503.703
53.2558
10.2496
50.3579
90.5981
1541.9
238.164
48.9117
239.737
84.3651
21.5889
263.216
308.917
47.5199
7.54402
236.208
7.08135
266.344
191.815
41.1995
295.605
97.2681
14.8893
299.342
227.175
219.556
340.043
295.564
319.577
35.5619
114.135
96.7346
578.436
135.573
19.6269
330.42
41.5931
165.309
38.1897
127.902
257.614
45.4469
147.634
177.389
19.9175
289.533
23.6162
12.9546
208.821
22.2059
55.5544
132.354
273.288
29.4101
20.0816
67.3594
235.653
52.3809
614.104
247.286
296.075
123.328
11.8268
668.836
145.592
83.3042
36.0846
50.5992
103.924
409.113
349.148
61.372
143.883
66.1134
408.312
30.4309
260.396
8.74752
8.14641
16.0361
135.935
110.02
7.75177
17.1427
88.2238
131.27
249.399
72.1255
86.4728
396.214
563.983
70.8895
326.107
24.3615
73.2066
8.89737
65.902
276.78
113.826
333.7
214.084
117.994
184.975
129.776
197.835
100.95
59.9235
39.229
101.109
245.217
24.8586
87.5615
34.9155
372.738
281.56
58.337
79.2339
101.723
564.093
111.577
59.052
40.9812
189.537
181.851
345.456
78.6289
421.404
107.733
233.779
32.7381
156.574
94.7209
97.6312
161.75
131.353
23.6161
123.037
48.3099
127.992
149.313
39.3945
13.0661
24.918
493.136
88.245
180.282
136.014
127.467
38.4145
13.9374
36.5076
422.039
625.451
378.841
163.141
64.3919
199.174
112.477
63.4576
583.683
115.153
100.22
156.406
18.4058
469.05
139.428
113.381
174.179
177.877
99.4033
180.868
99.7154
90.3398
7.55809
306.546
30.4846
6.02653
269.723
54.0242
210.667
283.762
42.0195
79.7032
85.5336
233.618
140.034
145.498
375.893
171.049
151.898
63.783
204.772
147.117
204.996
159.23
58.6182
168.474
36.5875
96.0338
88.9634
141.703
461.664
18.0021
35.2588
178.633
12.7973
186.422
91.788
846.099
395.464
324.377
113.901
185.876
547.318
90.4318
227.654
429.224
56.3154
69.215
200.126
12.5143
32.0448
13.0994
108.234
55.3733
206.605
235.939
363.241
149.742
167.858
149.355
48.4935
78.5912
154.636
21.8834
191.621
199.908
100.552
499.774
210.094
90.4291
117.284
147.831
122.832
221.32
74.3085
412.214
108.226
44.9494
57.8189
197.586
198.618
42.2813
157.543
28.3364
164.339
48.6999
41.6584
165.956
165.679
63.5797
301.202
72.4198
242.354
90.3685
32.9713
18.4662
93.4052
97.9289
425.656
186.216
7.79281
9.30815
155.054
68.4899
104.572
250.968
117.694
89.7582
541.033
550.457
137.64
39.667
245.353
349.923
25.5275
30.0724
212.719
92.7436
163.511
26.5351
53.5093
332.857
134.801
44.3601
79.4477
216.607
47.6364
473.954
90.0905
257.963
21.2575
91.7156
28.5455
58.7909
234.51
164.443
150.965
220.449
167.724
72.7969
108.743
47.2717
2.61577
33.236
870.461
393.801
168.659
164.767
47.8743
36.492
21.9111
70.7211
71.1439
446.054
257.953
184.572
132.056
433.388
366.469
58.7382
183.685
510.443
241.623
87.7888
163.214
55.1911
197.17
296.006
51.7412
137.727
94.6682
22.816
649.765
136.767
284.132
77.0519
104.116
179.444
552.926
26.4117
260.87
251.867
52.5886
24.0725
139.8
126.41
217.24
52.434
719.701
113.602
16.6146
201.964
3.60989
184.848
222.873
19.1141
12.9221
29.665
536.546
99.7332
71.7631
246.951
53.3612
64.8904
155.76
196.814
722.492
6.59736
263.773
64.4092
304.221
46.0366
167.236
134.727
36.9431
452.722
59.1542
68.0064
17.5734
41.8621
29.172
26.299
242.194
167.343
43.1925
75.4093
235.421
126.406
39.5617
383.46
126.552
911.533
204.122
58.8173
26.3091
142.398
88.0107
130.047
150.484
169.843
20.1706
111.416
92.0114
25.8127
277.733
307.493
67.2558
210.563
176.306
185.509
1140.11
44.2215
46.0914
238.435
361.48
91.573
47.7679
140.204
4.08387
339.079
90.5052
249.252
183.713
50.2927
372.251
62.7257
269.397
325.503
249.716
353.983
202.631
404.046
28.9443
139.888
339.878
174.403
233.433
749.499
341.076
128.084
16.0728
556.603
141.218
480.682
34.4562
55.8005
245.318
115.998
512.574
54.8145
60.7876
85.6734
71.908
234.575
99.1672
554.485
604.131
24.2752
86.6218
158.708
337.238
29.424
253.589
24.6915
13.9499
71.1912
299.385
53.4957
60.4888
185.922
52.0593
146.81
439.939
292.828
40.2585
648.531
348.29
411.871
304.384
27.3069
248.291
222.874
95.4405
82.4788
300.435
153.289
233.676
8.45889
535.016
91.1104
87.5958
73.4675
49.7127
12.2604
445.253
454.256
180.98
223.123
210.769
126.028
17.2947
489.8
68.4027
8.30373
81.775
428.317
22.2774
57.9007
119.801
433.113
84.3727
469.145
12.1952
281.725
15.4742
513.004
318.739
12.4838
127.795
46.2122
152.253
86.0239
54.7117
62.4885
35.1078
88.2619
61.3834
348.566
11.3385
113.684
47.9108
245.688
157.647
3.68365
463.921
23.3968
254.089
96.4787
164.252
167.319
210.392
121.289
122.835
105.492
309.302
245.583
202.942
135.219
67.1105
13.3099
92.622
115.374
185.592
78.0567
148.41
37.8851
65.8873
45.1353
40.8594
30.9453
127.357
232.574
119.223
149.768
550.794
76.4675
123.495
51.2351
52.2052
128.016
39.262
345.978
45.6178
39.6743
8.98514
22.2519
231.166
492.326
12.3569
19.3046
151.143
114.515
52.6006
9.44707
39.4099
172.714
161.761
242.041
82.1122
37.7377
182.161
202.192
145.655
240.246
159.419
386.599
24.8311
132.749
27.1539
83.7557
79.9356
29.4679
70.1637
232.636
219.15
171.663
44.6484
289.124
344.149
173.311
49.7823
28.2167
237.18
13.6209
274.281
135.774
26.8657
16.6419
111.797
37.5578
333.405
31.3912
74.3223
167.42
519.384
23.1202
174.107
115.404
122.183
201.339
65.6897
35.7119
105.536
221.414
270.349
29.6422
132.732
22.8125
419.827
111.641
343.384
131.285
15.3027
80.7269
22.3577
186.23
173.178
41.0706
110.915
116.55
602.353
545.123
532.179
483.882
595.603
22.9345
76.4647
378.312
424.309
172.757
116.874
12.7562
50.5454
431.368
262.014
901.378
212.603
103.511
157.397
260.897
322.576
70.9413
386.52
116.141
561.936
20.8909
325.548
263.798
319.385
641.341
38.7751
116.451
199.385
5.43319
277.563
120.484
409.703
44.2269
147.417
146.214
123.184
78.8633
71.578
17.7775
484.351
29.7738
48.4328
166.886
70.9679
192.814
28.9904
380.441
130.874
329.056
189.877
135.294
100.003
49.4017
23.5279
19.1914
572.372
281.933
65.656
217.5
78.7045
210.012
92.3367
555.954
280.546
40.5183
245.335
12.7007
481.394
24.5708
296.059
406.817
203.269
47.9003
81.8546
88.5224
126.062
395.445
194.25
5.18962
199.079
98.885
124.935
149.771
54.6276
199.949
117.491
46.6943
35.2505
40.9469
481.17
73.0779
11.3231
19.8078
34.6912
21.7446
757.466
434.761
146.788
12.407
131.764
261.779
152.918
122.567
61.0642
221.661
114.66
141.643
143.906
29.4353
248.278
108.09
601.884
108.719
239.352
58.2802
116.501
297.961
172.744
282.56
208.128
23.5085
108.924
53.583
50.7289
236.087
128.934
64.3802
509.475
95.1582
246.965
103.962
21.9572
87.3838
156.556
160.146
122.205
531.626
794.945
358.501
165.384
190.785
672.722
158.619
215.993
397.672
153.726
111.151
102.477
35.8476
230.528
48.4718
930.719
333.143
54.9416
39.9103
373.929
57.2546
109.856
261.878
125.8
107.997
795.069
114.758
69.6075
67.1422
72.5581
197.777
376.042
386.64
143.865
132.219
27.6456
716.041
156.031
111.118
90.2866
118.891
201.622
140.756
66.5286
7.27914
174.177
18.4757
91.5325
612.721
524.562
365.502
91.2962
21.9383
169.628
28.6561
671.221
127.612
229.23
183.969
35.44
31.7879
187.879
9.08164
54.4038
12.2281
248.217
411.945
42.856
22.5557
83.8518
8.63656
90.8603
350.1
237.573
48.8103
71.4498
322.027
83.1288
74.2346
41.6345
168.682
352.062
90.0339
11.3481
211.117
152.024
310.98
179.537
77.0916
45.8094
103.776
366.017
21.6623
544.879
22.7901
40.1094
559.574
179.244
504.083
7.08785
88.6018
575.263
168.65
255.185
385.011
177.093
134.238
65.0598
111.486
648.162
385.182
88.5643
19.5745
103.544
67.2726
457.404
314.219
207.904
152.578
75.8072
46.4048
217.001
327.506
64.9201
154.588
37.4993
306.912
196.897
24.6101
214.918
78.499
58.8057
69.8442
381.021
471.354
15.2335
64.1739
171.989
214.565
104.462
13.5639
273.025
88.3627
20.7312
7.83177
469.063
129.876
173.076
20.1351
234.226
144.174
224.199
498.262
76.0658
254.89
47.4338
28.9993
14.8553
52.2644
150.05
42.9269
216.954
144.177
187.065
44.1936
230.744
17.6441
157.682
68.6369
79.0192
340.528
358.044
70.602
108.758
108.412
63.2119
223.241
408.979
203.294
88.3406
26.0474
243.61
98.248
18.2216
420.311
10.1329
42.8718
71.2802
153.895
318.042
25.4807
71.0647
194.763
135.31
93.3962
139.54
230.88
616.923
256.184
32.3835
78.9687
359.147
149.948
310.658
32.1432
36.3134
107.075
182.779
536.919
396.337
42.4709
146.187
125.275
170.827
430.762
79.0917
106.705
134.972
251.946
115.383
136.83
26.9795
344.876
39.7497
81.9958
158.488
220.928
93.0733
92.2186
208.253
73.631
43.2187
263.332
9.17466
13.7287
829.948
314.6
444.56
400.129
54.8843
449.797
760.106
179.023
496.48
93.6332
744.595
60.6108
193.439
161.966
80.2501
125.372
463.679
25.0381
44.1932
125.409
322.16
115.629
432.245
403.075
354.298
163.292
93.0268
157.569
471.185
208.367
11.3259
30.904
147.527
254.238
419.839
327.603
150.613
381.484
135.245
501.951
34.8704
91.3136
359.46
276.348
273.584
181.891
231.578
36.9782
9.26292
45.8271
93.3878
463.228
36.5106
174.74
411.775
320.72
118.809
242.877
274.241
368.97
82.4967
82.4987
303.984
265.059
24.4369
622.588
125.693
75.0042
147.935
176.546
296.873
121.252
143.611
162.754
24.4773
211.077
109.878
23.8053
98.7047
141.486
546.195
10.0636
490.62
164.84
54.8501
20.8398
41.1063
337.653
105.977
96.6653
98.7522
44.5939
381.073
32.6479
27.9079
58.4087
135.535
163.379
160.951
237.039
70.6234
92.0919
139.674
71.5509
61.0585
25.7844
156.729
383.881
22.3405
7.25756
124.849
183.904
62.1686
562.335
175.44
148.571
162.66
177.656
117.49
17.8583
957.186
62.8087
186.83
400.884
214.338
161.354
6.47243
144.404
491.162
74.4862
86.926
10.6852
44.2428
5.84867
24.4539
22.7589
177.33
24.5994
34.0277
5.74683
89.1689
57.6472
295.208
90.218
215.242
532.606
26.9316
35.4298
415.807
67.1107
22.0312
216.553
62.0865
93.1956
203.968
97.8819
373.43
145.444
385.904
26.3167
30.1675
47.0343
149.014
168.975
132.255
22.7176
502.053
8.02697
115.782
296.987
163.491
349.11
112.578
149.964
457.099
113.456
10.5612
6.0998
105.879
29.5756
69.2253
145.112
341.411
220.125
71.6873
86.2222
43.2378
112.918
58.0023
361.106
21.0596
32.6322
535.204
715.402
285.139
170.321
163.987
67.3974
9.28713
140.204
110.911
315.895
238.013
32.0089
418.22
392.006
30.9143
412.718
82.1005
381.79
380.326
59.0251
9.70458
51.8013
45.638
49.3189
733.128
45.7876
28.4691
287.964
112.205
15.9634
157.377
695.648
3.68099
33.9055
425.354
332.09
127.991
52.303
242.741
177.264
650.589
266.351
297.047
409.098
108.302
65.7606
130.37
234.65
362.259
35.1962
322.091
14.4229
138.714
165.818
278.953
10.2762
37.6251
661.308
65.3069
24.1389
184.052
189.07
576.175
173.919
1069.69
38.6417
370.116
145.924
79.4727
8.19048
16.853
132.306
765.289
478.354
78.6578
139.938
120.978
25.9331
106.883
124.885
39.3556
102.69
176.607
645.949
153.028
47.702
144.467
43.4928
126.315
330.426
189.664
302.383
79.854
184.147
15.1742
176.402
150.824
282.86
79.0653
111.047
196.51
95.0898
101.939
350.11
71.3974
59.9485
60.2062
79.7205
157.039
25.8549
34.4611
216.28
82.4161
74.562
413.976
70.3412
184.727
29.9012
32.9317
137.144
19.0853
133.74
67.5816
86.7184
226.545
151.513
41.0952
160.835
464.371
374.652
5.00781
43.1524
127.571
184.273
368.991
54.4648
196.901
325.48
50.692
317.829
283.655
107.538
83.2513
407.154
562.056
66.5426
502.822
9.00895
164.276
186.033
55.4209
34.0784
342.436
23.4625
157.363
83.543
62.3563
12.8478
79.2747
30.9542
57.1517
151.117
165.142
142.167
702.985
226.08
59.7754
53.6579
61.1063
7.41939
13.4563
195.114
83.9832
38.2627
76.2499
295.991
134.238
138.121
584.83
138.051
8.52789
405.783
113.665
124.285
311.066
71.9059
182.698
343.869
295.698
72.8961
60.3756
47.2145
134.08
82.9043
169.314
91.6493
261.331
455.889
85.4346
594.503
199.742
313.243
83.1798
81.267
51.4441
126.259
20.4006
101.34
131.227
164.81
138.135
155.278
232.41
526.938
925.974
39.4594
268.994
171.488
95.6125
50.0811
188.577
174.522
105.239
63.2154
163.99
384.973
185.569
216.958
241.801
135.893
49.4532
111.927
95.2348
248.545
8.32166
4.44283
33.4779
43.583
250.768
28.0724
164.154
75.0728
537.981
28.2931
214.227
33.6175
64.8274
284.165
136.861
158.064
172.118
39.0089
226.628
20.6434
27.8431
178.075
195.062
10.0426
152.576
115.092
14.5839
41.145
58.2804
60.3232
94.2417
40.2089
351.588
399.591
618.961
144.72
70.1336
135.98
83.0363
23.1059
481.661
64.3126
335.131
511.579
42.5486
138.868
58.7584
360.948
21.0881
499.495
197.051
20.2961
837.45
208.49
393.942
38.4316
44.7662
42.5118
28.9839
227.105
13.3919
141.214
529.128
59.208
222.882
78.2534
330.462
125.822
35.0584
293.613
142.199
369.064
29.541
131.401
58.7269
46.1185
221.868
139.757
37.3646
99.3493
21.3267
98.4195
35.5325
221.499
42.6218
20.5987
8.60023
185.187
171.395
130.403
112.769
193.249
196.033
35.7687
130.941
426.072
85.0227
181.693
307.012
113.588
301.395
339.73
83.1206
168.152
90.9366
97.6996
36.2678
6.33253
300.36
270.183
283.34
109.22
186.592
125.035
441.569
46.7762
747.666
60.9
94.6969
94.4304
172.226
277.325
403.09
12.5754
88.6279
266.872
287.975
357.954
194.859
275.482
167.812
369.059
28.242
8.03641
23.7258
426.559
169.558
37.9898
16.0626
515.476
112.389
294.626
120.589
476.097
78.1158
331.852
48.2669
122.124
261.24
800.336
307.578
249.236
122.856
36.6095
204.627
327.832
406.965
82.0353
53.8574
33.2726
537.84
37.9866
54.4532
234.683
96.4442
33.4005
117.8
46.0444
81.585
155.776
60.3561
60.9178
196.568
187.816
19.0898
176.177
145.828
60.413
510.459
468.187
272.554
396.173
225.677
95.5368
318.111
55.967
121.589
390.883
14.0698
102.98
613.656
82.3329
523.449
39.7482
178.878
331.672
118.892
144.568
22.4664
315.181
669.995
234.131
166.814
44.8853
526.511
11.9511
263.432
434.027
162.961
987.068
138.385
66.9635
15.1484
115.949
156.585
717.689
308.528
70.8223
320.596
200.481
242.632
72.9826
237.394
21.4383
74.4801
4.77777
281.248
193.556
67.4802
248.154
90.0171
195.996
112.579
78.2035
153.268
201.942
49.0113
161.272
13.2903
48.2103
413.125
43.6515
133.259
43.5094
208.869
279.367
113.942
209.207
494.323
46.0691
7.9365
390.274
24.7137
141.126
78.2439
117.04
58.3394
131.533
214.788
74.6953
54.0754
14.819
835.728
255.756
143
108.445
277.519
86.0789
6.55388
33.5105
152.41
69.9276
183.803
430.311
67.2926
47.4003
82.6264
11.6667
199.971
18.8405
4.73556
77.7802
169.973
225.62
118.407
91.305
185.971