73.7726
59.8943
977.53
2840.13
11.2659
180.604
441.098
1723.98
497.766
1543.81
721.66
1504.22
926.416
266.064
935.052
479.153
2572.62
1901.43
129.508
489.15
1372.35
263.528
1882.37
625.11
2933.75
2794.16
788.036
122.569
988.424
497.92
645.436
27.5181
284.696
1834.23
1993.75
1139.95
668.93
4363.81
1805.71
3398.68
3563.47
2842.75
135.429
1596.48
108.476
146.133
492.009
1153.63
2355.66
918.832
7620.44
429.833
2124.69
2119.96
1663.82
2822.59
403.245
1693.82
344.381
1162.19
2401.75
212.008
627.067
2067.45
495.029
1430.31
781.318
128.692
980.081
664.327
62.9234
193.951
578.212
1595.51
2438.87
834.217
2450.75
1607.26
1496.26
1139.38
2563.35
208.211
3678.81
411.834
3040.34
400.267
155.437
143.735
1679.95
3879.09
1122.03
818.368
6694.86
572.664
163.538
2684.39
587.129
963.207
989.276
1368.41
2737.92
300.026
923.119
805.629
807.166
141.96
2351.78
3458.14
2812.61
2104.56
98.3103
785.816
679.672
4015.35
907.58
979.379
1373.97
274.543
1650.49
3769.19
3993.8
480.688
1811.1
707.116
1705.58
240.629
5092.97
1221.78
637.429
814.855
558.545
1905.55
2997.03
925.303
284.6
970.628
3611.52
1216.32
526.567
75.6551
5160.98
23.7041
1577.46
1677.08
4193.82
1507.15
1921.46
1388.16
2187.99
252.74
5314.56
2025.96
354.03
1601.78
1059.22
209.077
1121.28
2503.49
93.9571
1426.94
981.193
1457.95
25.5249
1838.67
1093.96
1165.02
1834.57
885.5
992.297
6006.29
789.637
1211.11
1152.3
4486.75
225.682
1532.5
1757.01
872.991
1306.98
1569.32
569.595
189.985
1019.89
819.482
1095.83
1403.92
867.974
1013.7
156.298
3702.43
764.403
3437.92
107.701
1433.63
3432.94
1626.14
774.268
261.475
28.6828
3067.24
74.6392
1848.34
3837.92
748.674
635.833
598.072
73.4065
1334.28
1848.97
291.495
697.106
160.327
168.045
1644.48
444.695
383.735
2050.66
1016.69
688.577
1281.66
681.336
117.692
1764.04
874.254
4350.21
4256.79
1243.12
2728.18
192.479
330.796
1253.4
562.454
1700.28
1422.36
784.919
1048.06
602.325
178.7
1928.01
749.019
10364.5
2241.48
964.662
2357.63
1096.38
717.001
4152.08
249.942
4233.66
118.402
223.095
329.621
666.235
598.252
707.9
1120.38
2397.7
1864.26
1020.57
680.947
1710
839.692
2629.95
994.437
7005.24
786.919
1449.09
591.962
1594.95
80.2055
249.099
994.364
747.577
2820.83
3636.71
72.9213
2821.92
4035.66
540.866
2839.42
1666.07
1965.48
1748.02
3266.98
1537.9
1218.3
1179.85
89.5286
542.685
2530.48
256.016
119.129
1496.05
931.417
328.223
307.757
5696.18
4184.29
1025.93
307.481
284.249
3922.47
1450.86
484.565
1123.31
2703.04
41.1204
212.689
270.288
124.737
2301.79
1499.22
1682.16
2005
906.616
2793.64
161.369
397.504
129.247
612.647
3471.99
277.525
855.538
3759.66
1233.3
838.704
1355.81
1915.3
539.196
1874.87
2683.19
317.849
505.097
370.249
6728.27
1485.03
281.801
45.5135
5451.17
17.8183
755.304
610.119
58.6098
2908.83
2089.58
1450.27
616.146
629.528
1300.96
232.265
8792.83
2922.15
943.251
460.804
176.185
2197.92
1197.64
671.043
163.387
132.481
580.09
96.3871
2058.22
533.341
1538.29
1211.07
96.5533
36.5216
835.574
115.703
574.551
635.788
96.3314
953.299
2374.8
2596.92
298.806
555.795
3024.68
344.249
1426.74
90.9702
4722.44
675.084
4706.28
2254.32
3307.26
2354.3
3931.61
1900.16
554.159
2093.07
439.692
750.737
2698.84
911.505
1477.92
148.227
855.575
1256.33
298.987
1171.39
826.408
992.099
747.607
45.5924
1207.85
651.317
920.806
1343.83
264.955
1262.81
410.778
114.128
965.376
2641.91
512.71
292.005
2139.22
5412.48
1013.17
1137.9
1436.68
3646.35
657.264
693.254
1171
716.947
2607.41
3299.55
5100.06
1544.89
1681.53
5283.82
3321.48
190.241
3614.64
665.107
185.133
329.968
1665.79
266.948
325.916
1408.9
1457.43
640.201
1667.55
2752.31
1383.91
53.8626
2170.96
4002.24
922.18
2634.48
2086.53
1921.53
4052.06
1841.95
163.02
922.578
44.4747
3490.22
875.684
902.341
3300.34
1271.57
43.7364
357.882
691.591
308.667
1393.57
1590.4
4551.86
1997.7
1538.05
1685.15
2354.61
544.908
55.529
486.187
724.071
1860.97
2340.8
3509.29
142.009
1154.18
3855.87
306.425
282.023
592.198
997.397
707.198
141.091
652.48
845.609
574.522
3569.46
2368.72
2779.63
219.153
25.1128
1434.84
1436
3119.97
142.802
2924.09
1093.99
257.039
1494.16
2130.73
1109.59
2021.81
1475.7
338.963
2014.27
723.693
3492.07
3117.38
522.342
1318.4
1273.4
1775.32
1083.41
3773.53
363.396
535.399
3217.14
356.303
291.084
804.813
886.354
4084.68
5301.22
685.82
359.206
1927.5
1214.3
76.1827
875.278
822.288
635.645
894.348
719.714
283.872
1373.76
204.751
1311.47
707.151
1886.75
108.99
817.469
1031.52
1605.04
135.205
1093.76
1830.26
1699.03
1036.43
902.296
1186.64
459.011
399.884
848.639
1612.26
2777.54
456.045
4363.58
58.7326
571.288
1876.67
658.425
731.123
2744.95
138.894
143.786
457.943
577.525
540.703
1496.38
1736.19
6046.75
3873.89
381.392
1277.31
1791.09
811.889
31.7496
1110.79
147.374
2264.75
2199.47
1653.37
1993.95
961.852
172.964
1775.85
879.425
1058.48
924.925
535.643
1032.26
988.209
672.193
348.783
1657.57
1546.27
197.452
157.847
620.009
2179.73
4267.88
2584.21
25.6244
3131.89
3088.93
2247.28
321.791
127.56
21.2763
594.863
777.609
822.968
724.176
1277.17
128.087
88.5233
760.155
1394.67
1684.42
3155.65
1585.14
1670.56
758.119
403.801
286.394
377.631
1747.05
2156.56
380.33
207.035
644.439
3828.84
1719.92
1380.05
192.536
987.003
1027.02
142.822
890.939
607.2
760.368
1174.5
1653.87
3440.51
3367.35
3100.14
234.538
2768.7
1098.65
643.055
1751.77
1297.67
1732.1
2293.13
1483.02
740.95
327.247
1726.68
1866.59
1532.41
123.671
1536.5
725.092
5946.26
330.598
4183.53
520.241
5019.56
4617.68
1085.91
1986.91
1673.48
138.412
435.216
270.861
455.007
111.027
482.442
1181.91
889.255
2987.15
907.327
1099.9
980.426
193.669
1869.26
386.073
4441.16
116.476
2765.77
1509.89
495.404
1623.15
897.026
971.918
63.5695
844.217
1853.7
2008.93
2937.64
3081.7
1382.57
564.666
784.927
193.06
2658.89
1635.88
433.647
888.23
432.124
2980.19
81.508
238.633
4474.42
921.71
822.507
3548.44
753.456
823.611
3304.02
167.82
516.272
238.354
234.963
1936.7
719.198
518.369
345.294
1084.6
1814.5
5309.4
230.417
42.9802
1389.96
689.205
314.117
3076.76
2285.75
2479.33
92.4182
989.182
224.753
695.913
2873.13
112.55
87.6207
2462.87
1694.17
333.796
1183.51
1464.67
2769.03
705.22
538.682
856.516
120.768
2517.45
2374.19
1035.98
2068.15
707.629
362.758
1170.24
1389.39
828.032
528.089
192.455
1233.59
1059.04
4513.79
613.257
36.3754
2226.82
2666.58
3488.52
892.986
1911.69
954.589
482.874
654.658
2015.68
21.3832
1008.58
1885.01
595.215
1330.19
3811.35
872.849
810.045
1242.32
4069.6
2201.1
586.709
900.383
219.131
2523.62
409.454
558.61
1069.42
186.865
2485.14
255.169
264.198
160.102
557.929
2090.85
23.2308
706.871
584.627
489.195
2825.21
22.2898
1738.38
349.103
585.287
842.359
1308.69
2028.73
2495.63
333.31
4047.75
1055.38
1857.46
1791.8
1863.9
6787.31
4482.7
1926
304.269
22.3739
1435.82
519.918
1175.6
2949.25
2090.71
1460.21
1366.68
3107.18
937.505
1154.19
3121.56
358.608
22.2726
5129.9
997.067
1762.67
2787.84
1871.27
1330.37
1100.32
1785.91
484.047
900.246
206.746
102.509
1778.88
1766.35
51.5853
277.743
2790.84
2364.68
2483.76
1969.15
651.056
5143.78
1167.57
1354.18
759.517
3562.81
423.805
232.008
2228.58
140.623
450.826
1713.76
954.937
608.579
1495.06
3168.21
1203.76
3861.12
1007.98
7974.87
3856.07
2280.23
1370.68
2438.06
3787.89
1445.77
173.468
759.757
842.141
245.34
4121.25
399.42
3440.26
673.007
3386.49
157.493
301.392
1524.07
2161.94
719.594
3101.32
133.82
1903.95
96.0352
561.441
1339.5
424.376
1951.23
422.6
451.749
2844.24
360.837
276.688
650.184
674.527
1132.79
706.818
1770.82
2071.19
1975.81
855.897
278.263
1664.62
160.928
239.664
1763.46
1056.91
2256.21
3725.66
1234.8
1458.48
1718.14
153.911
727.817
880.824
891.828
49.911
1920.77
442.226
332.233
3555.63
30.4039
2269.98
1964.35
714.156
1061.43
2683.02
302.234
1493
2121.31
938.666
503.797
1575.97
863.655
3329.04
1829.86
540.419
148.645
2082.22
2773.74
1011.84
809.527
478.06
1820.82
3113.39
882.001
3326.61
1676.65
1717.77
1349.27
731.935
1095.63
2910.55
1407.74
1775.17
1539
3045.11
2433.69
1700.58
551.73
320.596
683.316
1524.06
1983.04
481.741
433.213
408.242
361.791
162.801
2237
679.738
2497.26
321.743
1658.08
516.592
9142.99
223.387
904.777
1849.42
1360.73
434.557
54.1974
2850.14
1410.35
56.8753
601.827
577.291
2494.47
18.4455
148.48
2106.55
3525.03
1695.63
1019.48
766.735
557.153
2244.94
112.528
71.7571
86.9909
688.227
2498.76
3203.17
68.0604
268.448
729.514
1728.94
125.373
808.647
2784.76
716.38
99.4044
2168.37
426.937
19.812
2585.38
965.693
4608.08
1186.78
2042.1
1309.99
815.585
222.566
516.88
783.288
1271.74
132.132
2487.51
724.052
874.767
1396.4
836.481
2665.56
998.646
4931.77
3207.95
192.369
211.708
444.836
2096.46
1086.03
200.257
1564.01
4084.35
647.728
1553.41
1522.59
649.647
1561.19
1149.7
323.968
1104.06
6583.08
2203.08
402.148
26.4573
160.578
975.685
1390.19
1035.42
228.004
1154.38
803.21
430.603
707.8
1914.06
2131.83
209.482
10.6388
1079.23
829.187
1387.51
133.331
1734.94
795.815
418.97
548.396
387.88
711.519
5155.26
1929.04
6830.21
2439.76
134.043
869.761
1113
930.133
1437.95
869.272
1760.34
140.185
5146.81
670.747
589.523
1213.77
182.512
1500.88
2304.02
757.51
552.24
958.421
466.546
124.634
487.113
3372.7
1504.43
501.261
597.323
966.15
1265.61
1076.62
1422.07
2288.1
4420.02
66.3072
865.231
3244.73
485.598
3730.72
977.448
3032.81
464.717
985.851
434.809
444.939
901.231
806.524
4194.33
1163.07
259.102
184.405
233.975
541.67
127.309
43.4189
1247.43
595.871
1419.42
1209.1
221.291
1473.57
960.78
1160.31
906.054
441.289
601.022
845.985
1049.61
493.821
121.951
408.206
209.214
136.625
1703.06
1511.02
4433.65
358.634
1299.94
796.894
1054.45
492.269
3086.34
2059.39
530.21
63.9637
195.305
341.799
213.879
623.237
127.355
3682.28
2524.31
1341.23
110.294
144.578
663.64
690.938
394.875
130.666
1235.53
3484.29
3066.82
1089.27
539.002
1466.35
842.608
109.598
2580.98
1804
1022.5
1452.74
2096.03
1062.11
2126.35
1686.65
1588.13
877.936
496.119
5502.39
1532.94
140.182
1487.83
2098.8
482.788
2967.53
1188.84
2091.13
1765.53
3410.88
975.007
347.323
2824.17
2607.8
1837.9
1153.03
48.8996
434.797
201.499
913.67
1005.26
1129.17
132.559
2498.6
843.645
1739.85
7187.43
1673.3
509.324
1965.91
2442.33
1732.47
288.044
787.455
247.874
136.52
940.376
861.176
1285.21
4082.8
1437.09
5442.47
1093.48
409.881
335.741
105.333
1455.59
666.508
1464.32
76.3303
1896.78
1793.57
1380.43
3607.2
3729.16
3633.89
1136.33
639.865
1586.88
4419.35
513.959
165.942
388.575
3319.6
1961.22
1837.93
404.063
2848.56
305.239
525.206
3389.67
1394.5
1258.05
4362.77
2226.7
452.233
3685.25
259.001
81.1636
674.61
1559.71
46.4537
3577.56
155.613
93.9135
2089.44
1352.98
1210.15
1520.28
840.507
1377.18
2200.04
710.014
651.078
1892.9
1584.61
2600.8
330.232
2364.24
124.538
6041.64
141.258
4966.99
1219.39
1228.64
5995.12
128.01
2927.11
1562.1
144.32
2118.9
337.963
2638.23
365.786
2474.45
4867.82
806.711
1715.18
874.319
2389.79
1118.23
714.67
287.8
636.795
4516.62
1203.53
266.765
1966.97
409.979
294.073
1244.23
42.7468
3017.9
136.989
4048.1
1003.36
1218.72
1828.02
3059.84
1045.85
603.443
332.186
248.675
46.9626
2570.98
2043.3
1399.87
769.266
64.1681
20.6771
30.6662
3952.39
4993.39
1008.17
2530.89
297.135
39.8656
1017.06
538.486
1984.8
204.959
2184.68
764.286
902.494
2274.42
454.205
1608.75
1348.78
3946.81
3928.46
481.415
2203.23
106.68
788.877
1285.3
134.227
3158.72
33.0315
841.816
303.036
391.683
3926.09
130.116
1086.29
1577.36
1956.41
4345.85
2236.26
1972.68
566.987
537.026
87.9555
1269.9
2470.81
686.774
941.892
1166.07
3865.41
435.339
1640.36
897.379
362.113
255.858
690.851
2189.28
3097.97
1297.25
2589.26
1979.98
2240.06
1868.33
530.601
596.145
1697.24
3096.1
2588.63
751.088
1465.36
3470.78
84.7451
5549.57
1502.82
1077.06
664.169
908.05
10.8033
89.5824
477.173
1040.56
7459.5
535.265
758.846
752.909
5143.49
1054.85
100.588
1693.56
791.108
2246.54
2783.82
180.274
209.266
74.9044
3890.76
2314.1
1676.89
2711.84
1607.27
36.9902
783.34
3011.42
260.61
2961.54
19.0241
2079.54
2844.71
834.058
36.2001
401.975
634.707
1612.64
171.183
1771.23
2115.39
239.081
442.824
2765.95
218.188
2295.72
232.44
359.052
237.097
284.965
541.785
1565
87.6973
863.637
2337.58
2081.48
343.765
1065.79
1281.6
2060.44
543.326
1698.27
963.47
1127.7
3497.05
2043.38
84.3877
2530.63
1611.43
634.347
120.132
136.831
3414.54
2673.59
606.201
101.186
919.328
57.2935
116.317
2934.34
486.181
1590.61
167.414
44.3692
1183.54
1963.22
742.509
206.906
487.732
600.201
1414.59
87.482
1769.99
1862.48
624.721
1158.48
318.05
1353.64
1449.75
2215.64
4851.42
3578.53
1035.51
5970.47
552.322
98.6527
574.102
1912.21
394.467
898.592
1487.82
2483.25
1690.86
450.715
991.031
450.25
1230.03
246.014
1619.64
32.053
1241.02
4039.84
898.615
3104.89
1471.39
2827.02
3917.49
600.514
475.344
1115.2
2933.26
2232.86
302.151
2572
529.285
209.262
377.98
309.952
4908.62
98.9359
177.218
1484.78
380.565
303.116
337.338
2363.14
369.159
3377.25
1207.48
409.527
65.5508
1438.57
641.266
3098.01
2169.59
3461.78
163.824
2231.1
2520.89
2649.21
2109.84
1121.14
915.28
587.811
49.8344
1731.67
1135.62
54.6013
1013.73
195.029
5285.33
497.047
2490.34
2836.8
2625.26
192.239
1141.44
384.357
1872.37
3889.94
3332.36
1128.77
453.912
302.502
1178.1
391.2
124.485
1592.75
174.019
3995.79
2139.82
5509.97
1404.51
100.486
123.799
4991.81
972.464
1320.19
1765.38
204.903
466.007
106.063
523.811
254.566
640.259
135.343
688.248
15.3108
2798.38
1240.85
1298.01
903.387
533.057
3239.43
1803.69
1664.01
660.811
72.8846
296.19
3773.43
2358.49
1538.04
1179.97
4654.36
250.476
232.229
230.521
4266.8
738.135
194.157
162.34
1854.54
530.501
1970.84
565.565
5213.1
866.595
648.76
23.8807
69.3114
1180.19
149.66
1619.51
2527.55
2332.4
672.231
322.257
3976.31
654.216
506.839
858.754
360.359
2498.25
628.266
236.773
761.96
1543.46
197.053
1168.68
1197.17
157.175
284.571
376.66
2004.53
3468.34
1545.5
971.405
2686.15
121.293
957.11
501.332
134.048
3682.27
1207.14
5025.32
998.315
199.348
2561.85
534.954
3616
1480.76
659.033
407.023
2097.42
73.3228
5207.43
2871.38
1381.65
222.241
5044.94
355.006
787.754
347.839
1200.59
395.332
2255.85
1209.06
794.494
2682.9
1748.88
1954.63
4666.66
91.8643
254.651
3749.16
41.6108
2468.19
901.903
654.511
1256.44
1836.24
3191.52
3684.65
1008
2034.9
3932.82
1021.88
986.089
246.216
1486.84
787.989
2376.78
1801.5
1382.83
811.86
1924.54
2528.39
1473.95
742.722
2020.45
737.32
1529.3
781.589
2550.05
1957.98
1451.03
461.709
36.0887
1232.69
173.885
964.497
1201.84
516.476
278.245
1029.95
94.0607
533.588
2894.4
1607.57
2986.57
120.414
360.152
1485.4
3121.13
1489.71
662.062
3545.35
998.288
448.334
2898.99
419.138
1998.73
698.176
1614.23
2699.61
264.37
1476.49
35.1842
602.894
2401.07
600.258
3617.99
457.077
1356.76
366.776
747.765
682.302
2090.11
1794.25
203.486
455.193
1090.84
264.809
2440.8
1180.72
398.461
410.823
311.885
1901.41
460.926
1195.84
686.079
1078.74
888.984
181.657
1283.48
711.82
402.226
1081.33
1736.77
1294.22
1936
2206.61
785.191
1934.78
440.933
52.4549
359.236
3650.07
1147.48
404.758
2908.11
1318.6
2069.73
1461.01
953.015
741.955
1501.81
2339.47
1467
383.223
1596.69
465.306
822.736
470.525
482.104
1068.3
1891.18
1130.54
1246.08
676.673
56.0952
2903.64
309.974
1099.58
247.761
1862.19
3137.74
1589.64
523.918
2939.95
591.974
2853.75
971.523
805.175
513.691
52.0071
1574.05
1065.9
210.3
948.382
1478.88
344.37
742.328
182.336
471.81
285.248
1796.01
2439.21
3413.93
162.64
3439.04
1685.33
347.873
161.142
227.679
262.478
563.319
842.964
195.223
529.853
3354.65
301.998
16.3977
1823.79
1648.32
845.118
1674.91
550.118
3344.1
1271.97
3096.99
1481.17
1800.95
1791.49
3179.52
50.6288
1464.57
1658.8
203.309
306.875
269.719
1237.17
899.451
2990.15
574.348
3050.61
916.527
2258.57
392.257
528.882
111.647
211.186
707.505
20.8556
396.745
1082.62
493.954
1348.1
3445.18
1091.53
2489.08
2457.37
1122.86
1792.44
882.729
2210.19
503.11
916.156
426.261
2111.32
2137.32
1102.57
1631.33
1938.27
1574.27
3032.22
4155.16
1465.18
294.072
640.729
329.724
505.912
8456.12
825.117
1869.21
162.485
365.774
486.505
473.024
353.056
936.113
461.519
377.153
67.5405
3622.02
1414.59
748.848
213.001
194.408
372.133
812.734
2843.11
513.328
1281.31
241.344
35.1992
269.716
116.784
4186.18
1901.81
1379.7
403.421
1536.35
1767.41
2427.38
2432.96
1547
389.951
538.905
838.286
586.102
1826.17
2843.2
219.718
185.386
202.051
3710.07
1379.97
150.808
719.007
525.859
423.361
1329.23
507.716
2222.64
2205.4
194.272
2888.32
1320.63
2089.43
1304.63
764.414
671.344
409.636
190.47
3213.13
237.83
2261.55
995.17
1457.85
977.019
1005.56
1430.3
2315.12
1794.41
1281.18
854.304
1261.95
608.863
2573.49
491.022
101.455
48.1318
1872.35
2322.52
949.383
2839.76
119.984
1053.91
722.716
587.435
1272.3
2930.63
385.619
6653.54
617.705
238.011
323.101
319.905
1163.79
358.002
2556.11
286.438
1944.09
1472.54
2450.92
1038.89
903.49
455.719
2063.44
935.864
946.927
1297.67
1286.91
589.122
1553.07
302.395
308.257
1137.81
596.819
407.209
1039.08
3365.87
1845.82
27.9497
1710.1
5830.7
893.299
3751.3
348.732
391.548
1944.91
2768.05
33.3845
62.7363
420.079
967.641
929.093
1898.06
3914.69
900.699
311.34
1383.56
175.954
2835.99
764.412
14.5359
598.503
2893.6
1629.8
1108.9
380.453
9613.11
1276.84
894.479
419.572
235.831
106.334
69.7274
81.9391
1907.92
371.34
69.213
1159.84
5570.99
408.115
2218.05
2617.85
1453.92
287.668
929.632
1578.97
356.008
2029.22
385.516
2795.98
6147.29
2032.19
623.176
1821.54
154.044
128.215
5986.78
174.186
2380.96
1863.32
3437.41
6845.91
144.822
38.997
2678.81
971.146
1904.86
3196.33
3203.06
1319.68
896.625
502.931
579.252
393.327
426.536
4666.76
1931.37
967.767
377.857
127.443
853.674
3001.49
679.928
3469.01
1406.48
1413.3
869.458
3795.02
254.231
1168.46
3372.95
4963.36
1928.66
237.896
1046.41
1693.91
398.254
311.387
2532.37
133.098
2245.47
583.437
247.975
185.099
477.274
3816.18
2087
408.069
229.785
109.045
38.0862
2719.04
224.946
3143.52
1697.2
2895.94
152.057
4364.86
1235.9
463.419
1051.14
2783.56
201.785
708.224
1726.15
1945.88
2522.72
76.138
491.978
737.072
416.479
6558.19
215.652
2194.39
239.343
758.05
1774.54
1008.36
3838.31
6941.01
2559.16
1021.75
988.908
1475.98
2171.26
1196.15
2253.91
756.593
444.217
451.433
138.588
410.88
325.534
348.593
832.631
1334.84
3568.07
6140.67
33.9749
410.9
48.1285
482.87
629.121
1495.53
958.532
2232.77
609.053
790.031
1360.55
1585.75
885.328
2687.36
785.743
468.871
142.05
665.37
959.643
1977.41
472.145
1939.61
1207.04
1461.31
592.073
982.516
759.012
5043.94
463.116
1049.79
2361.91
1015.21
1799.6
1496.69
424.49
801.527
3874.57
1047.03
1862.85
2400.87
3827.89
298.757
156.638
2477.75
4932.4
373.601
529.951
793.606
4207.36
933.801
908.533
2754.86
548.586
390.088
1893.36
2872.13
1843.95
2199.33
109.776
1943.53
625.506
1539.94
577.53
440.082
173.888
2527.58
163.961
816.038
96.4603
704.775
851.646
1854.07
958.159
680.014
662.178
2551.16
1851.74
744.042
1085.73
1294.22
716.795
163.167
444.667
1391.16
1226.24
409.772
62.8228
1059.87
1853.97
1533.59
3669.12
173.321
925.701
336.973
852.67
301.831
109.427
1352.44
919.53
1536.58
67.0218
3166.31
4091.05
832.181
795.116
640.844
101.771
545.763
908.644
2161.36
697.788
1895.9
2459.9
3912.69
197.613
2628
704.498
716.438
153.128
2705.38
89.4849
497.604
1660.61
195.934
3081.27
2003.44
2497.18
223.236
561.325
428.481
2127.68
2326.13
289.081
1698.38
1092.11
1141.46
3313.54
2927.84
3546.46
439.765
699.668
959.98
502.979
763.198
384.742
2830.32
1840.44
648.725
1179.32
683.159
23.7017
4037.39
813.252
3056.5
137.164
512.756
960.708
880.825
1582.82
983.106
811.86
1513.34
1371.42
283.099
1311.66
30.7942
677.894
384.923
1647.9
2761.29
845.008
211.935
2300.71
697.665
1797.64
1517.19
2200.86
623.96
615.035
1512.83
374.076
2111.02
1593.4
5127.27
1651.39
1093.62
700.885
919.611
264.057
460.016
941.177
3013.03
919.173
2128.62
16.0472
263.757
518.498
167.336
399.763
2024.25
892.916
930.753
94.1214
103.735
88.4145
1908.2
303.021
79.5347
857.371
5146.11
21.6215
396.626
2505.47
773.642
701.514
1041.91
1882.75
1156.16
523.141
1466.63
2561.55
754.08
3288.13
2575.16
165.129
751.983
3014.35
644.665
1740.28
1307.56
2106.64
867.894
589.222
773.906
1013.29
3434.54
272.829
2068.2
75.7744
46.4729
741.611
1152
1027.75
3865.17
5818.76
686.049
264.807
1903.74
1570.85
582.874
496.316
2718.83
383.871
4113.87
3402.06
667.075
91.1642
23.6504
27.3156
1581.24
841.778
2631.6
1833.83
451.835
700.745
255.864
1828.92
332.28
132.373
1293.6
1721.97
3431.22
179.841
1320.5
246.511
2155.49
514.183
417.655
689.959
1576.66
1688.16
82.2485
147.856
2792.56
2931.69
770.429
79.0024
7290.89
154.105
1076.24
1512.82
268.074
463.766
1016.39
1222.7
791.64
603.408
456.18
546.744
153.171
49.8934
1263.03
1162.18
1518.61
702.2
912.158
1795.1
4769.7
773.916
861.939
1271.07
5084.05
507.504
1711.29
527.483
2603.44
263.235
134.997
2622.79
2759.09
606.044
694.964
743.531
1580.79
1900.41
1712.28
511.723
1043.94
3477.66
98.0089
455.823
3185.33
555.894
866.94
1528.05
955.815
1581.74
985.339
8810.97
5101.99
1608.71
3997.2
538.471
1300.4
2451.47
740.4
84.4919
54.953
2036.65
286.256
375.035
2832.79
2910.63
4787.43
2710.54
250.228
518.407
499.57
1799.84
357.109
1397.15
1949.01
1206.96
2140.33
2151.8
826.185
606.732
1127.28
1650.56
7073.71
1391.64
2685.28
1141.81
733.408
1660.11
240.117
33.8345
784.271
591.835
3650.84
617.906
1466.27
2274.07
277.772
1354.91
94.9229
3408.33
1042.26
822.366
180.509
1484.64
80.7345
1014.01
585.396
398.274
244.603
559.772
589.856
458.428
827.824
191.336
5402.36
102.057
1688.33
426.085
1900.5
4196.18
3092.58
665.291
572.02
1518.95
1036.86
1970.07
4724.76
1650.37
340.597
206.573
101.212
195.57
354.104
167.896
494.625
1133.49
529.935
326.612
1297.29
436.787
2068.93
1436.84
5345.5
128.843
43.2684
585.333
3007.26
1195.45
1587.94
1233.45
1209
386.114
708.627
4293.98
2477.57
1185.3
1205.21
205.282
812.058
1593.67
1462.84
289.737
1120.63
3180.16
798.728
15.8233
606.127
2568.12
4348.11
1831.17
336.869
5481.21
387.881
1513.45
2935.71
675.561
268.009
5778.3
2373.17
1171.76
424.369
2385.81
669.527
683.635
1553.22
547.668
927.772
27.6545
1790.55
907.075
220.526
732.663
2656.58
3126.05
347.303
3608.23
8728.2
1675.53
479.004
447.667
788.893
463.704
297.377
1132.03
1309.43
133.014
60.0401
1279.57
859.305
6762.33
134.308
81.5886
1674.65
3558.53
1445.28
10.874
31.2119
138.335
2954.39
474.394
45.8752
2848.81
1758.09
149.871
1077.42
2734.32
434.687
2324.91
576.379
1674.44
1535.5
2567.8
744.597
744.693
2419.19
833.659
3001.11
3645.52
710.867
1699.76
3883.24
421.332
463.749
5291.05
1243.9
732.501
269.273
61.3358
264.233
1561.24
373.481
150.853
764.093
2174.3
3912.23
1077.44
3316.71
589.841
474.843
988.304
1066.11
256.458
1974.37
26.2576
1626.54
947.482
128.9
3132.19
993.717
1199.29
70.2057
3242.85
4127.62
696.852
5265.27
1414.49
119.02
790.656
1794.94
908.855
102.774
2083.38
573.984
33.6523
862.051
4267.28
2275.38
1041.94
1746.53
172.324
856.502
1133
743.573
2572.84
1551.57
1857.14
194.553
86.9767
2645.77
393.187
1108.34
133.219
2455.12
133.082
145.3
2046.29
2481.6
487.787
1961.67
1385.69
1536
1644.68
1544.75
1106.78
334.979
4130.23
570.579
564.395
210.28
106.44
1097.07
1966.43
2059.31
251.805
1395.96
836.017
701.434
444.568
261.803
645.497
1058.95
1295.01
3254.75
564.614
858.533
1197.54
2084.94
102.707
816.914
1515
557.521
611.402
554.076
4906.71
304.243
1624.11
425.388
1293.6
380.435
247.162
1254.51
361.382
1000.19
5.6117
1967.38
1608.18
543.27
735.075
1118.51
2007.26
1261.27
620.696
926.653
814.849
3045.11
18.9018
495.568
214.435
2489.57
1113.21
1335.71
1255.99
4991.32
234.706
2607.21
896.104
1433.6
1366.84
1689.88
1714.89
1866.61
594.729
2982.13
469.629
1215.17
443.306
1803.35
1098.74
652.777
2922.63
1840.96
2561.59
321.229
1889.02
838.273
529.459
186.657
177.739
77.466
29.2233
673.603
1995.42
1729.72
1165.11
1769.6
3236.57
4282.09
1285.34
434.687
2677.38
51.3762
3257.14
491.265
2008.3
2112.83
659.02
1554.61
1719.03
2831.69
3885.58
792.595
377.175
763.699
2086.68
1843.99
438.942
130.701
377.564
742.723
817.689
233.892
2020.07
469.591
33.5514
751.116
320.861
1780.75
1246.27
1901.63
1807.48
298.215
239.447
4294.29
1204.28
3022.61
2939.59
21.7262
18.3596
2750.84
1301.07
1234.7
625.761
401.261
2299.09
302.791
1019.75
157.015
2183.64
463.145
1204.56
641.631
1701.98
1709.99
1817.6
1087
440.154
347.459
3183.8
83.6017
2644.6
2077.86
6342.72
465.848
889.985
671.596
1977.41
445.673
1270.11
2834.22
4446.66
595.521
4141.79
2602.67
1804.84
471.592
445.517
268.147
2233.12
2003.73
1582.05
447.246
383.507
953.794
1932.6
1428.73
2598.05
1042.31
5244.49
867.478
167.686
2223.51
507.159
1349.51
447.695
1893.03
3270.98
128.715
2920.14
598.274
11.5616
48.2218
294.998
74.9002
4297.84
2048.47
3720.86
3119.31
282.627
7218.39
617.852
1020.54
1112.87
1128.87
1959.36
575.018
1141.58
2480.57
403.82
67.5585
1223.89
1274.21
367.079
2678.97
177.752
732.096
219.792
1948.86
826.174
676.642
675.352
310.332
3114.28
2003.83
2401.71
4826.78
1113.08
57.3557
220.864
1316.16
2506.52
165.117
766.694
3431.41
251.061
94.0632
585.678
201.561
1333.97
277.855
810.756
1415.49
67.1486
155.277
278.164
678.314
281.061
617.849
362.206
1176.15
271.217
133.7
594.285
809.52
871.462
197.058
347.609
1130.97
189.285
119.7
1733.98
879.917
1007.29
4368.79
1166.3
979.75
1258.91
391.121
346.62
1555.85
2364.89
280.6
1235.18
176.324
621.841
430.688
1296.55
1413.29
1184.06
1563.4
3819.39
703.933
7236.77
4476.25
140.829
1460.27
896.674
3444.55
262.429
343.78
193.314
421.991
1694.91
148.695
1163.14
510.658
418.074
476.209
1195.73
113.664
1074.92
183.559
583.812
243.335
2017.35
297.255
1265.55
160.041
553.381
1630.31
1069.68
4167.77
1782.23
5119.56
1864.78
474.783
182.356
1507.9
803.503
1148.14
1327.34
3498.46
2121.84
808.304
19.1441
12.1792
1341.41
749.75
753.702
334.065
176.828
1008.45
1632.57
192.146
22.6358
1641.44
2972.24
882.979
207.822
67.1558
611.083
744.422
833.829
474.958
2292.69
2401.5
3827.84
1647.17
593.218
1756.64
504.245
2044.69
492.904
6579.75
1459.26
356.426
846.004
2695.13
2717.74
2706.73
656.119
920.864
4701.5
153.464
569.691
146.448
2675.16
2050.83
3409.74
439.463
1093.49
1790.18
845.604
2996.15
194.319
493.379
2406.49
1775.02
598.223
1905.16
1994.37
3154.2
54.6268
1124.48
356.005
3420.36
892.363
391.143
2182.21
2472.31
186.639
357.897
81.1079
767.118
47.8899
551.951
166.624
1160.68
577.236
76.0673
50.0946
572.755
1287.99
429.789
1901.51
785.307
2255.13
665.167
422.782
246.56
1030.31
2734.76
2534.66
653.468
3543.75
113.854
642.554
500.424
2181.38
632.674
845.214
2411.17
3292.11
1244.46
2171.51
953.426
17.5358
355.825
39.265
94.8614
975.666
116.565
185.381
7334.62
39.2874
1876.48
813.354
1133.58
965.296
1448.16
4485.51
1696.74
972.815
102.378
280.967
324.98
515.643
644.15
138.333
1463.4
742.72
274.958
1179.98
1681.49
1797.94
253.626
1023.85
543.707
1114.9
822.596
253.553
1850.61
230.433
1100.44
1342.46
2468.73
6750.59
742.89
3186.1
194.998
625.119
807.898
124.011
1547.39
516.232
341.113
2187.88
133.346
3011.97
151.641
780.695
1690.26
4086.33
1886.9
456.767
914.369
563.375
1032.75
240.487
548.458
253.937
860.37
7063.08
97.3911
4311.05
876.328
170.453
2355.4
1773.93
981.201
966.949
1537.47
592.173
368.411
1759.61
1972.46
118.521
4010.22
2580.72
2797.17
2044.75
1792.83
2132.13
435.496
200.567
789.494
589.519
469.378
2190.89
1318.64
1002.57
2659.72
1174.48
1197.84
70.6674
3182.73
3452.42
304.04
941.237
2307.93
624.547
1302.29
214.78
1862.8
438.386
956.423
1881.62
1627.15
1116.38
90.4985
8706.05
1451.51
1236.77
1553.76
339.148
863.48
2206.85
50.8602
2275.93
1390.79
166.223
2244.64
1961.36
954.927
2531.89
1543.88
1344.26
1239.22
452.568
1729.26
1686.3
288.197
725.525
212.814
1430.42
1101.77
1718.68
1554.01
1806.42
1254.36
1479.47
515.056
735.802
931.205
160.554
228.737
672.724
10.6895
1618.64
25.5897
1227.39
2895.6
81.4465
1062.93
1556.52
4998.36
315.104
3474.06
856.618
385.714
763.275
13.2101
1296.42
150.424
2738.97
2350.82
3091.73
1054.54
863.37
967.233
1723.47
2449.98
3575.39
279.57
4038.21
409.482
989.022
2263.68
433.904
307.408
3078.89
306.807
1256.94
272.52
2133.29
155.986
3639.65
1327.17
263.039
157.588
1556.92
662.005
1498.1
1657.19
230.028
1516.19
877.471
659.906
493.405
23.4101
237.661
1650.55
3160.12
216.438
2233.37
2470.72
970.561
462.25
62.5784
1544.63
571.261
4081.13
3669.71
176.144
1825.05
2389.23
1936.37
634.967
774.299
1786.02
2017.6
1664.6
1101.07
2655.86
1220.91
54.6861
2878.6
4685.77
250.614
2324.6
2942.36
1079.49
975.834
2063.98
1219.88
365.567
2223.16
2125.83
3351.35
263.868
561.359
585.961
1781.7
452.472
3499.11
3544.47
42.6507
2025.06
2175.47
1522.17
1732.73
729.984
2668.41
989.792
980.449
347.341
614.155
529.101
674.651
429.071
4268.51
545.813
250.416
1455.71
4092.42
454.408
1077.81
14.7947
1474.94
2004.43
600.583
2012.15
903.186
247.699
594.96
404.899
179.835
43.1937
1060.44
850.455
2038.75
709.784
184.526
1137.32
960.423
4914.29
961.914
2228.26
235.872
488.751
1657.05
1055.55
4769.99
3162.72
3348.87
2928.18
1972.11
1024.2
2178.95
559.599
593.791
1238.47
266.41
359.319
117.182
1714.71
1312.85
973.961
1593.56
1257.79
208.143
974.86
904.93
79.5531
1128.18
575.251
425.358
1405
1620.64
670.398
1603.25
647.66
239.666
80.648
338.491
312.78
1464.98
546.252
1253.75
464.42
179.483
1556.16
2075.21
2959.97
49.9942
1249.53
25.7045
1677.69
1392.36
18.9961
2195.41
3577.16
899.277
1270.02
721.748
1557.9
8325.44
2452.62
1187.66
360.774
2480.21
2319.05
2814.24
1659.6
492.863
702.045
2054.66
2589.39
2229.13
162.415
644.008
205.112
183.899
420.643
582.316
1514.42
479.707
2595.98
700.488
2601.55
324.658
290.008
449.578
4.40257
15.9607
525.765
294.752
942.315
1315.68
3074.65
1539.59
1565.73
1132.26
672.772
1452.89
470.257
960.869
2969.08
1336.25
894.958
293.785
1465.16
45.744
25.7657
98.5527
2385.61
264.199
930.906
2165.5
138.04
2368.41
2049.98
913.994
859.163
9847.81
1736.54
2710.43
1407.54
689.054
233.553
139.319
496.789
1403.11
686.458
778.485
3582.89
1388.3
517.18
1615.71
858.427
1450.69
792.07
440.89
101.512
525.251
2422.03
1345.1
1080.62
708.471
34.287
986.221
426.104
1388.55
517.613
521.874
794.712
178.028
776.72
1174.44
2048.96
3267.26
854.645
249.181
4821.97
1223.6
2489.24
345.231
1417.5
1297.52
146.805
806.225
1167.27
265.495
1991.06
90.3515
528.709
433.975
955.669
326.954
1040.47
31.0456
1404.92
1789.19
26.2666
4558.35
165.12
815.561
288.11
346.009
2014.53
1317.28
2672.76
2832.83
486.875
5368.8
1232.4
2153.69
433.755
1520.37
929.191
228.63
2206.6
1491.48
2017.66
299.164
657.902
273.512
165.665
866.107
541.928
802.571
1012.26
1142.45
994.788
5221.65
3385.69
2548.36
1713.98
445.381
5322.87
760.582
851.933
193.527
2989.15
2026.57
938.782
2149.63
3965.34
1750.63
926.082
1973.73
3229.84
2393.22
1007.98
1812.95
947.436
1106.18
2854.03
1270.47
497.511
392.514
797.208
160.051
487.821
3329.77
2607.34
1354.55
1963.24
1522.93
3320.53
768.628
181.032
226.462
218.209
136.788
1615.55
1425.93
1242.36
603.755
1611.03
2564.68
2069.38
1826.81
2314.58
1251.68
478.709
3415.81
825.697
853.649
1210.12
349.316
314.345
401.484
10.0619
109.305
678.405
2501.02
16.1765
261.548
925.107
274.367
27.6683
2497.32
447.828
553.168
89.0105
123.055
2617.38
4355.23
2101.4
312.393
2794.28
3039.59
160.223
361.562
985.159
290.517
3459.57
652.382
7889.05
175.944
680.589
25.2668
6094.11
996.682
3765.83
1560.18
3205.92
1897.35
1656.44
1453.13
2202.19
3317.07
1900.3
2328.23
584.775
5814.71
37.0058
3227.7
990.713
892.984
3071.26
5313.97
3942.89
327.72
359.989
416.007
253.448
642.292
1509.43
851.56
841.537
144.509
472.58
711.83
426.765
135.321
795.592
1176.64
58.0474
870.497
32.6721
654.032
1889.42
1214.63
1443.79
664.527
2270.84
406.988
2754.21
785.996
296.436
115.901
1402.57
1827.19
909.348
1419.02
2137.29
453.228
2367.76
554.866
602.53
2744.91
728.281
1114.85
129.654
1228.07
702.466
1562.43
1057.44
79.6467
58.1817
367.714
245.601
94.1704
1635.7
955.751
1385.85
145.947
139.397
501.881
3788.37
240.136
1152.42
405.209
1072.56
363.545
981.562
724.148
1067.6
595.226
1365.53
407.27
1165.37
249.052
172.049
4166.23
634.353
1402
642.116
914.147
376.706
711.203
3065.31
2954.73
620.548
1324.98
343.105
308.547
621.923
7497.12
238.818
859.857
3573.02
1193.8
135.333
407.842
153.622
2829.27
604.39
3150.42
356.285
59.2712
1911.39
3035.88
4308.87
1167.83
277.409
1283.06
1854.5
410.976
4073.79
127.602
2757.48
271.184
491.351
1625.1
281.703
351.729
293.865
1282.39
563.568
395.081
218.211
2771.43
1611.8
745.566
1608.88
564.059
159.997
242.916
2822.7
841.004
51.1299
889.823
132.587
418.287
3411.01
940.775
2361.2
950.124
2352.68
2326.4
65.9201
649.027
703.192
253.25
249.485
582.536
3500.38
1034.01
2031.13
2418.8
834.686
520.033
993.915
1297.48
92.0888
3090.23
777.078
3167.78
425.407
4403.44
690.71
635.574
594.618
1533.8
61.2787
567.932
530.479
2567.64
641.763
2624.36
1190.26
1531.37
5328.36
3060.11
2457.33
1526.84
1631.99
1289.15
1581.07
398.487
2041.63
353.988
225.555
1434.71
2588.41
162.779
235.494
3685.56
792.339
2972.02
158.507
2614.61
255.286
544.158
392.328
275.283
54.7583
1087.4
1274.25
3582.61
6851.56
498.346
262.059
572.738
1658.33
880.214
3677.76
205.667
1091.05
9197.13
1366.96
758.345
293.959
219.117
2221.81
1251.13
1473.31
1598.88
446.963
226.025
634.308
874.748
53.2219
214.478
1390.51
295.569
985.29
335.447
31.5789
2280.13
1141.04
2681.95
754.75
1802.34
737.562
932.196
218.389
4939.14
267.351
1215.64
1823.43
1913.15
467.124
122.431
1134.64
98.6139
99.7708
1155.41
975.565
812.707
332.457
1929.56
192.684
294.315
917.173
3392.99
73.275
5425.08
1217.71
4485.72
51.8726
1566.57
248.782
1082.3
482.96
756.86
1063.25
1918.27
2947.66
6207.97
1124.41
2739.55
1712.88
2290.38
56.518
1467.75
1347.33
6890.26
495.448
1228.07
3488.46
393.926
605.604
1232.04
883.842
728.401
200.988
1612.11
779.569
30.8566
866.067
3368.45
690.565
805.046
2660.13
231.468
1184.67
73.8069
378.122
819.309
2426.85
5546.8
957.327
847.148
117.21
667.363
1764.97
32.091
1078.97
249.413
488.582
2924.9
1396.08
3223.24
686.814
1225.52
3775.26
3249.31
1106.85
2126.49
435.392
571.575
35.8268
1530.46
6932.54
917.844
36.2548
31.4773
217.568
729.454
627.476
1168.84
2878.2
1302.13
112.887
518.519
1124.19
604.755
2165.96
25.6301
1055.23
1829.31
1748.15
514.802
874.456
542.424
3528.72
3561.1
2373.62
54.243
1094.27
2867.05
187.775
225.702
1990.54
1474.65
75.4395
1726.34
1236.66
4748.45
884.31
1245.25
2920.69
860.45
813.776
408.014
934.95
3415.72
816.181
4737.81
1333.92
1947.54
2445.59
1728.62
2639.3
2019.11
1468.38
2434.16
2043.15
1036.47
5.53863
3853.91
191.119
29.6775
319.072
213.956
24.5339
1149.44
2510.78
1521.54
1052.72
96.439
295.158
215.301
1793.67
1314.7
1684.61
829.684
4178.37
262.763
3723.05
145.919
657.829
193.533
391.997
619.67
2933.36
531.536
1833.13
165.521
1886.47
190.505
878.961
781.898
2104.53
2349.72
688.856
1447.89
4279.62
1884.87
29.6657
165.819
305.2
154.846
1998.74
538.978
66.7049
147.189
114.911
1134.19
3556.28
52.8402
2210.85
3394.01
1269.15
75.4788
736.383
723.899
1637.42
1653
822.652
4309.92
875.346
735.642
2581.57
1494.38
47.5436
896.087
755.732
239.5
1294.6
580.581
323.866
588.458
312.901
1167.68
609.06
183.404
129.836
2733.11
1126.76
1655.52
1831.37
2714.93
459.81
1290.45
415.825
688.678
1617.52
724.266
579.306
3722.97
51.8946
967.29
2087.16
2365.37
173.015
1542.62
58.721
690.248
1300.9
420.006
1293.77
249.172
343.287
336.154
767.968
399.581
348.756
424.053
1647.85
94.9001
88.9543
235.922
117.18
989.604
1141.17
4367.79
652.518
195.883
1803.09
6319.23
4444.7
758.473
1190.74
13.9081
103.812
31.2821
726.62
3987.93
246.611
5039.42
1481.69
1179.58
1574.05
582.249
351.592
966.187
4680.92
1169.43
28.2273
3037.15
161.085
8110.97
362.972
1553.41
3051.09
468.749
2879.61
2455.02
1268.38
568.296
379.071
1009.14
325.887
73.1081
732.451
1765.19
248.869
222.744
2493.89
1023.67
76.7012
212.933
2534.61
598.691
1117.41
780.857
1230.01
2167.2
216.669
578.448
341.079
5550.84
221.556
1584.14
105.582
812.553
924.368
178.394
200.657
1581.23
495.626
1751.86
232.886
1341.27
4595.59
908.445
1803.53
175.951
654.743
2169.04
511.139
1366.08
808.982
1487.2
507.497
290.401
578.788
110.024
3669.2
40.3332
564.269
83.0309
2741.36
431.067
1593.13
1388.19
861.015
989.866
2662.7
847.201
974.183
389.076
813.384
45.793
794.088
1047.79
1633.53
2850.09
1278.88
2012.93
2996.69
1467.49
84.3699
322.573
879.543
1614.07
10460.5
1249.69
3281.7
482.472
624.615
270.955
894.298
730.712
223.319
2856.35
926.409
1065.39
211.264
3103.51
161.6
341.113
200.36
3953.18
1385.83
728.213
536.129
725.924
347.704
2394.91
3659.1
315.413
111.474
175.249
186.521
617.235
278.148
807.565
19.4459
558.563
1050.31
2753.26
2913.68
1419.89
1760.7
4219.95
3609.91
2361.68
640.141
1366.96
2448.4
1821.26
1679.11
715.86
1371.06
894.768
526.109
112.972
968.227
2889.92
1071.64
852.742
4086.7
1330.02
571.195
2546.47
315.613
757.244
4028.08
72.0824
1329.07
2645.24
1353.22
1874.3
1543.87
4638.49
90.1059
2180.08
1443.01
3086.63
1563.81
5153.55
1798.89
536.925
1077.43
1174.82
1036.4
1659.41
1474.36
1192.88
5983.18
94.7954
1095.75
1797.92
342.922
664.556
1754.7
3823.13
228.094
1354.13
389.908
671.148
1200.31
432.967
834.146
1380.41
636.663
51.3072
1263.57
1489.37
91.9475
408.852
1615.8
988.73
1617.7
3942.46
1074.39
2345.27
1616.99
683.304
786.272
632.489
4473.28
1036.03
2525.95
172.18
1441.28
137.661
420.128
490.665
350.719
5306.28
1302.56
344.177
819.169
626.634
120.749
1045.71
205.291
2260.98
1534.49
1455.62
4288.09
2049.27
2922.51
370.48
1494.36
17.587
4736.96
586.048
1329.65
852.9
1876.16
349.377
939.539
1284.01
1240.01
667.639
304.298
1189.57
546.574
2831.2
1138.55
673.565
1348.66
1786.22
159.282
3426.6
27.0483
8533.69
44.3976
1892.11
463.553
7491.61
363.078
322.343
767.502
94.7892
1084.11
1503.74
933.408
2717.51
538.265
3294.78
760.977
264.362
3242.47
1021.44
60.2208
174.902
1026.23
3085.39
283.473
38.4237
421.866
95.0548
3255.07
392.016
3682.09
889.678
1168.67
680.257
1179.33
5.13521
740.168
1116.94
401.498
695.348
714.529
2896.08
54.0606
1552.32
154.753
806.727
1220.09
16.7552
78.7873
1052.1
2076.39
1316.12
3481.71
305.007
1384.76
1895.51
364.069
2572.91
1559.83
767.029
4014.48
18.9167
266.259
2900.11
464.933
1335.79
593.972
808.561
3999.82
795.673
1191.17
512.54
1478.66
1849.75
2023.03
1703.19
44.0943
1202.44
511.785
459.959
88.1155
196.088
429.834
1938.96
435.851
1010.12
4381.12
432.765
451.373
289.416
1473.79
222.251
450.724
2754.2
2265.31
695.238
3568.17
1230.52
2625.13
2317.68
956.952
266.366
2914.4
1416.14
145.23
3079.86
3579.36
233.398
1586.29
7.63194
4326.19
1376.62
1383.92
1828.14
981.375
620.431
173.89
293.532
859.492
350.481
426.084
139.259
32.7476
2376.45
1202.11
2940.66
1531.17
613.642
638.321
85.2498
909.721
732.214
652.056
106.917
1128.91
1385.38
3442.17
55.4063
1256.57
400.739
470.869
1368.14
4142.96
520.482
2050.6
1492.41
776.189
58.4247
1880.76
811.557
2944.62
594.737
1593.87
685.546
506.864
3313.03
1596.27
4346.74
5180.38
938.163
1890.4
124.589
1917.79
1960.97
639.147
276.287
198.23
1858.43
358.958
1088.23
1882.7
1554.13
1040.42
1197.22
1970.06
363.207
3145.63
295.387
72.7062
115.512
1443.26
2147.12
2463.83
212.475
685.146
166.637
55.1808
1452.67
385.859
2043.47
700.106
691.223
118.042
426.088
120.727
1927.56
897.692
5649.15
1495.58
2212.45
2766.11
300.103
559.923
482.823
4150.47
1070.17
7642.81
481.237
1210.68
1317.16
2206.64
853.938
826.367
479.143
3318.24
767.091
2251.37
4363.45
495.051
1330.67
2677.21
527.755
774.228
601.901
331.145
136.627
561.487
1167.19
1438.39
73.9421
4645.64
293.68
685.838
2453.66
344.327
328.041
461.385
921.476
4169.6
75.9598
74.5138
2377.54
166.081
552.872
255.726
1819.08
849.541
626.701
3202.17
377.997
703.861
7318.99
86.0768
1614.29
1271.52
893.741
1487.35
2613.17
1957.91
608.288
1354.46
419.463
389.261
1892.6
4002.41
344.078
920.205
534.295
630.772
899.949
229.024
70.4346
3717.15
845.364
458.105
208.425
1318.8
1020.92
746.937
907.625
1163.18
23.4525
2042.91
3902.42
815.406
507.826
1586.81
533.811
2096.68
618.966
1017.86
2710.32
845.171
1062.5
670.039
1439.45
1192.57
2170.23
8264.16
1129.75
937.946
177.929
3471.84
135.473
746.19
2815.07
430.201
2481.38
506.245
6706.75
1473.53
3475.8
1692.18
1085.36
350.28
63.3593
618.717
2494.68
62.5054
1102.22
238.064
111.29
2250.25
770.147
294.807
2689.11
3719.53
144.504
281.681
723.043
96.885
486.181
1049.3
2749.96
3715.55
1956.6
1934.95
463.558
1615.37
350.119
1450.01
1884.26
810.527
1489.1
86.254
1797.41
137.259
215.741
161.293
252.478
1089.2
2237.64
647.98
426.824
2694.34
2139.9
1104.39
3527.55
38.8664
2451.66
804.153
1158.15
67.5208
610.799
427.265
1530.01
186.014
280.804
1298.01
1425.57
4958.77
55.0844
277.5
473.346
2353.78
2052.52
3973.16
604.26
969.412
448.081
1067.73
1349.88
6051.53
1424.66
244.003
1037.81
1510.95
1512.9
522.216
984.896
767.154
1784.34
338.497
2947.95
257.695
947.443
2444.23
195.031
144.361
4863.54
3585.8
3198.57
944.846
806.817
276.127
369.374
279.259
5325.33
4452.81
434.645
1640.86
1059.28
280.245
146.246
357.08
1383.14
3184.9
404.077
291.2
3314.62
92.3502
583.587
904.424
1494.51
894.06
2017.59
2333.25
1132.37
510.024
4548.52
4399.43
611.65
1968.43
534.848
1993.28
837.912
1071.05
3021.93
470.638
448.621
830.39
648.779
526.682
2361.39
2191.8
1074.99
5553.32
292.178
3238.34
307.756
35.434
1440.31
1580.33
1393.48
368.207
2279.74
35.6816
882.665
780.319
245.592
463.337
1996.19
643.444
1347.73
261.033
418.325
3506.43
35.8731
393.688
322.107
90.453
77.883
877.771
2150.31
73.0993
477.701
1955.16
1540.68
3438.56
487.94
558.052
92.0539
172.942
1255.82
2877.54
1353.92
753.165
86.8442
725.764
6730.55
4649
33.6063
238.17
565.224
1115.65
3380.47
3490.38
213.034
3371.9
28.2755
635.699
356.525
116.918
2546.59
1507.6
1653.45
2700.78
902.617
824.395
682.96
732.943
2364.37
835.965
365.816
1543.57
1680.38
1382.66
1753.33
162.521
823.62
2153.1
1884.24
5171.2
3901.68
981.97
3178.54
314.937
389.784
1731.01
270.877
47.1199
1013.5
314.036
1671.11
892.664
334.997
4009.49
752.817
855.513
1280.45
657.891
669.864
2453.74
2330
2799.04
758.769
4411.89
1913.21
248.892
521.922
706.814
248.123
620.411
257.805
1115.49
1383.1
159.181
2059.19
844.581
216.101
60.4906
696.34
610.943
589.543
846.106
1609.83
4040.5
1005.6
3396.38
2928.38
694.392
4233.1
818.129
2016.6
95.6279
1741.38
349.933
685.512
1349.25
871.391
2704.89
305.138
647.367
1747.21
693.9
48.5291
271.456
534.639
301.339
858.184
715.384
754.184
1770.89
204.853
559.144
548.928
1313.85
2199.8
299.211
98.2778
829.09
2130.6
1999.09
1930.96
40.6775
1123.48
1370.51
218.606
1134.48
526.98
602.94
2599.49
1121.89
57.4284
126.019
1216.23
1314.84
59.7356
229.754
4644.41
299.861
4057.57
295.67
742.376
50.6622
5024.49
588.026
2302.69
1370.6
177.943
600.675
734.019
2551.75
921.162
1567.63
3487.26
849.602
340.329
933.995
391.711
1759.04
2737.86
2243.3
1450.21
2205.43
585.33
18.2745
2215.69
1677.27
144.705
193.25
1034.29
179.528
423.809
514.526
235.143
400.731
1098.71
168.009
351.881
693.972
779.291
850.339
1124.57
547.225
5012.62
952.12
83.5164
2071.25
895.113
3432.72
754.711
2584.39
2251.78
870.128
1813.72
889.246
1939.45
628.789
2837.97
1380.95
499.961
1969.56
2843
662.674
961.837
2596.73
1373.77
1955.09
332.541
107.446
634.712
221.712
4083.08
1064.32
335.032
1527.68
725.825
490.22
1972.99
602.911
130.374
1909.47
60.1695
2638.44
410.82
469.731
1500.71
303.882
1419.65
66.5573
2580.22
4384.95
37.4913
1125.8
3925.43
643.986
24.1253
673.702
2908.1
165.623
563.889
1067.36
498.894
1412.83
325.388
1479.77
597.39
685.208
952.541
2114.61
415.708
2811.49
147.809
1294.84
215.893
103.424
480.413
3793.54
922.704
695.21
81.5286
726.337
212.091
3090.91
2267.7
2428.53
28.5094
2627.48
4140.99
1389.27
294.407
1036.67
692.141
254.712
1162.06
2692.94
2179.19
2439.82
923.334
64.5093
1607.75
862.2
535.462
274.015
401.53
579.403
1238.56
319.047
4548.29
1788.49
1667.28
3504.81
110.44
2078.58
1260.55
520.79
1520.24
3601.01
422.179
675.902
2319.33
1668.02
65.8207
1243.55
654.976
1909.76
2345.25
205.988
2093.97
1047.49
1102.89
1083.93
3252.67
2666.94
435.005
813.801
48.4491
180.498
64.97
1837.05
316.792
4.05335
5702.35
979.465
3847.9
129.302
15.2587
68.9798
627.521
231.076
204.489
12.775
470.903
955.762
1971.77
1035.8
166.645
1010.87
3008.76
651.203
2361.89
23.8356
1835.28
744.776
2504.37
135.976
19.6082
2002.63
4455.66
1690.2
219.972
346.243
648.562
1457.04
747.338
1182.89
843.922
4063.59
500.373
1347.85
1261.31
2472.32
1933.58
553.609
1514.39
317.814
2599.85
1716.23
112.041
260.649
412.439
597.626
2485.86
96.0596
1239.99
3252.69
304.714
438.992
98.3659
650.801
2457.3
2048.27
2233.64
311.62
1254.78
684.23
1555.78
357.28
1871.96
1781.28
802.267
220.976
1264.5
3210.28
311.238
2067.95
909.585
191.457
523.373
1061.89
915.121
884.179
226.106
1808.4
1361.56
483.498
536.48
478.752
1846.13
8085.83
1242.32
46.9616
845.686
308.858
1815.62
1571.77
127.17
1105.46
2649.56
222.052
716.666
91.2217
82.3249
2632.92
1105.33
2328.64
2096.04
3784.69
3691.56
3001.83
27.9005
2620.54
1904.99
278.039
3951.89
274.968
2545.56
312.576
980.886
322.979
544.574
1904.11
472.713
707.142
705.168
2304.15
906.752
855.306
139.361
2511.11
3825.79
2051.86
142.659
145.215
2085.82
3387.17
2752.37
78.8753
177.484
4037.19
224.465
1265.8
794.427
1375.32
613.584
4563.8
62.7508
2191.08
781.6
919.196
306.521
261.253
1126.95
2431.05
722.72
771.179
158.472
3573.36
387.932
2263.71
2369.55
1845.25
1771.86
1786.39
1087
2436.64
3506.7
1914.16
729.039
829.784
306.418
896.888
358.599
673.328
1066.51
1739.41
38.5853
1228.04
37.2403
328.517
2445.45
178.415
472.214
2335.13
1886.61
212.799
5433.5
455.815
939.915
3060.22
917.83
2766.96
227.535
2543.84
1346.61
420.804
1163.99
1281.85
2427.04
2189.76
259.535
818.936
76.2952
656.776
4294.43
2275.83
2534.16
3442.28
531.77
796.515
12.8583
1616.26
856.088
1369.41
1798.65
1637.21
3707.99
712.454
2556.94
520.956
554.138
1122.58
83.5429
780.641
2624.95
4769.25
147.177
666.587
1776.62
633.947
176.896
2329.1
497.273
417.417
1301.28
1026.44
2178.61
477.845
1231.45
840.01
1065.35
143.645
237.971
489.12
2585.21
3820.31
1625.7
9807.66
805.379
1405
221.927
57.4087
1650.75
251.27
1005.53
1719.23
2111.18
436.302
557.418
2110.4
1890.43
505.763
446.967
2777.51
1171.21
595.452
483.488
221.617
962.136
3684.08
477.99
3987.09
1440.48
1355.33
541.228
4338.88
3240.07
1571.41
4582.22
3327.75
1419.9
309.451
662.446
458.006
3592.66
5751.95
1439.98
1865.47
1705.69
491.137
620.266
220.527
1695.14
2733.35
201.869
1399.14
379.465
107.827
176.18
536.31
1687.74
10.4307
598.31
777.139
854.631
6072.43
891.536
2527.48
11.5864
811.64
1035.17
950.008
1686.9
1220.42
2878.07
1038.07
1387.1
231.725
1475.26
20.9169
2206.19
356.454
671.303
360.99
1695.72
2900.91
5144.91
546.982
4466.84
557.898
2732.24
5060.92
1316.61
4028.63
86.4055
313.824
599.389
1180.77
1137.3
373.943
1805.47
1199.21
2336.13
2351.23
3146.29
1171.69
897.82
1301.42
1236.19
4622.98
4225.67
99.3822
3622.11
963.471
665.262
2969.95
3583.69
682.282
490.452
3235.36
1092.05
88.9681
2514.45
6469.86
658.107
4062.08
990.091
1056.46
769.673
1630.94
1034.2
309.775
2491.47
482.572
174.361
2224.72
4420.95
3006.93
95.704
4827.5
1072.74
231.116
3437.19
2044.05
410.666
1235.96
459.196
507.547
63.2343
1601.26
2845.78
6295.43
5398.62
95.676
1771.99
646.884
314.762
2638.58
311.765
1952.96
94.088
991.882
292.261
3304.89
593.64
610.921
726.564
5936.39
71.8585
259.707
773.63
1446.76
44.2937
702
2649.87
1138.21
2269.49
3006.61
785.115
390.091
1368.47
2665.28
4427.55
2218.7
24.9421
4186.7
885.073
62.4597
133.181
184.016
346.494
28.5161
360.816
2181.02
132.174
589.868
826.128
2123.79
4547.58
138.909
171.234
1292.56
5581.16
1551.3
2983.83
1690.74
3531.74
3128.8
1869.13
949.579
2200.64
1401.62
2322.44
76.3514
2091.28
726.646
353.242
900.296
731.085
181.089
1029.22
2189.88
583.686
894.026
414.713
3709.05
2362.96
355.033
6710.08
890.905
1435.67
222.579
1615.12
861.933
147.801
343.385
107.868
908.623
2482.48
1174.69
1308.15
874.031
249.877
4303.43
370.981
3548.33
2215.55
262.031
472.638
1831.07
2401.03
527.024
5436.07
1402.95
1894.82
64.2709
2228.46
3404.75
512.935
1733.87
3281.52
4100.34
1783.78
797.983
2119.84
373.433
1573.95
997.615
1246.05
1324.41
5069.72
771.606
1778.81
2233.11
247.114
599.329
5.18144
38.0097
1591.78
1623.39
2355.79
1464.48
1488.01
284.194
3165.12
18.9952
80.1863
1215.94
744.263
1153.19
2556.99
1554.42
106.8
1422.39
695.761
4474.97
738.898
784.159
1512.64
119.404
233.299
2917.26
2184.28
942.188
518.123
234.695
5220.76
834.733
1919.69
562.671
174.943
125.424
1075.42
578.267
1038.58
7938.63
3040.72
913.445
3005.97
1735.25
7060.8
1236.08
2212.57
597.75
1211.35
1902.19
490.785
4388.74
86.8122
2941.58
3765.14
3912.35
2752.72
106.425
76.4474
748.171
1495.59
1275.43
745.317
810.418
1111.09
806.986
731.258
1290.8
399.554
2132.29
699.214
254.156
757.974
470.982
1992.8
205.404
4504.67
549.025
657.318
1129.46
159.586
1125.19
4330.88
3609.29
273.764
803.782
20.0942
671.696
308.641
3241.08
1226.41
1895.08
1882.24
421.236
205.767
3349.28
1598.49
1406.85
2255.39
557.219
79.505
890.476
1729.51
993.993
462.224
2514.58
132.891
563.822
916.574
2062.95
2697.79
823.818
7273.8
843.441
383.679
893.411
1769.26
1804.65
3057.86
1342.4
21.0948
954.236
993.722
781.428
925.813
1784.19
910.881
371.28
701.101
663.552
1122.59
354.385
186.559
6029.3
356.63
2359.61
1069.46
175.829
964.286
1971.76
316.48
1737.8
4195.13
182.579
1269.35
412.084
159.127
1883.19
350.541
1034.15
3547.04
316.575
383.611
1709.14
49.7131
3556.07
3691.59
1718.92
67.2698
2936.09
2701.83
1039.76
17.1052
181.4
2055.25
498.674
459.042
2801.74
446.051
550.721
995.552
7913.12
123.54
204.434
5415.59
1117.17
85.7121
237.838
334.852
1064.11
1311.75
1467.82
1759.46
1102.3
858.237
47.3384
179.353
486.585
903.367
862.254
494.489
215.003
1595.63
1045.34
1405.07
740.43
3471.58
1146.1
289.685
5443.87
3737.73
35.6381
2534.87
939.583
3726.91
958.999
1518.62
1083.22
485.599
2195.72
14.6674
993.015
612.054
2169.9
634.33
592.262
588.593
1232.15
202.435
590.681
505.586
3244.25
95.8037
825.674
65.3249
1358.95
1804.75
2078.46
804.571
29.2341
2075.75
472.817
455.35
770.309
66.5389
1465.18
150.495
2752.63
8526.67
1056.07
2048.31
567.056
437.158
1257.64
1307.26
1101.36
1156.06
1009.34
5686
1206.89
4184.46
2409.13
3915.72
211.906
638.484
1033.16
553.441
5199.81
581.397
5120.77
173.401
3609.12
235.81
606.45
1857.18
368.481
1767.07
5473.39
1323.09
2107.1
287.605
374.13
1074.62
2130.84
125.212
2123.97
4178.69
3267.16
1922.86
104.572
262.715
585.276
1151.94
5818.9
202.107
526.715
3449.57
1797.18
3305.05
465.161
504.658
885.843
1140.85
16.8465
478.228
660.648
387.731
475.35
386.226
124.176
205.327
736.55
1089.72
1749.59
124.663
1861.16
320.668
4191.07
824.714
1073.25
1328.95
1854.08
6788.26
473.567
97.1467
582.682
1632.74
1255.45
620.315
295.304
6075.67
1471.08
1711.72
771.915
1152.54
240.174
186.97
1510.33
1012.67
1128.15
1727.05
3165.25
1383.03
2629.87
705.858
564.127
168.5
245.529
835.151
3645.68
2225.55
214.036
5399.71
2168.28
1632.76
958.478
727.956
129.56
407.61
2271.25
3320.93
405.628
1066.87
1035.58
27.5075
2576.31
315.675
778.747
8.34753
162.576
2648.27
203.798
263.317
897.311
616.617
3282.6
1406.91
387.36
207.117
960.54
698.96
1422.7
1127.07
1990.48
2287.42
2286.81
261.96
1192.36
250.314
895.142
606.085
1569.57
3056.99
562.137
369.528
89.7015
3651.89
749.865
173.789
367.522
440.902
119.041
535.426
612.876
240.617
423.641
1483.04
241.337
1049.69
810.334
1486.17
40.4415
709.373
3270.35
3630.94
2080.01
25.5524
156.275
1831.99
11.7911
132.107
330.611
10.5807
1186.76
3909.09
2657.51
964.168
29.4481
2557.7
3630.78
786.85
1661.62
476.739
1403.31
1431.85
249.068
861.816
116.212
996.227
1418.52
302.251
1919.31
295.881
1858.71
469.579
1396.73
1336.41
1681.11
1654.94
1932.27
1546.22
2553.02
643.531
343.718
1246.31
252.143
1341.97
2061.69
1157.61
387.07
44.7779
3124.49
750.645
1076.12
2156.75
842.579
11.0481
757.092
1859.04
279.826
152.06
699.931
245.962
854.337
225.685
576.498
627.551
333.587
3803.74
656.695
4138.59
568.927
5968.23
1354.58
682.51
201.386
751.245
70.033
908.556
473.261
104.431
2872.07
382.851
638.256
273.201
833.751
229.606
705.056
1156.63
1253.27
1113.03
1720.8
2602.38
288.288
819.827
600.629
3812.38
183.929
228.108
146.846
639.158
421.49
418.155
1355.02
770.21
2781.66
66.457
5035.06
827.979
770.317
253.699
77.9346
8679.54
4447.56
954.689
108.809
669.4
702.064
364.461
640.197
1943.64
166.214
3109.13
1307.98
2230.03
1188.02
3097.25
396.048
1130.12
451.434
101.347
946.323
1552.12
1944.34
193.914
373.365
411.878
872.559
146.596
746.166
945.229
2581.79
2081.22
1065.59
564.966
295.124
565.356
786.116
516.231
547.669
919.013
4016.06
1201.46
1692.23
876.808
180.749
64.6925
65.1995
4953.49
93.1907
3850.21
1073.44
1203.79
708.477
49.5529
2468.16
5259.44
163.734
3067.18
323.144
1350.79
547.304
208.565
2346.66
843.703
240.729
2038.99
430.013
1750.56
563.266
224.476
2026.82
148.464
800.76
5297.74
3135.34
723.666
787.346
1510.15
1475.93
325.764
614.543
1122.56
1013.6
236.832
213.44
181.813
291.541
1534.04
1229.3
1159.46
893.678
687.558
525.054
26.1429
607.443
1184.09
1765.17
1588.12
779.649
44.1391
1087.36
874.726
5243.94
274.638
388.356
66.1567
62.325
586.659
509.021
1251.31
1460.07
114.752
3666.05
583.238
119.91
124.369
7.45703
1815.94
1859.87
1020.47
1076.89
1427.85
273.395
671.105
1533.26
634.712
1315.05
245.18
432.959
713.169
944.8
4818.03
3363.25
371.754
2558.63
277.08
1325.35
263.252
1922.47
1491.47
2398.55
3137.25
1673.82
43.5033
585.061
344.402
2307.95
820.161
1652.49
721.664
357.703
623.215
795.854
223.759
24.5166
671.074
4164.18
225.108
1463.91
108.095
985.18
1125.82
2116.92
14.9523
424.536
582.096
209.633
52.145
2462.97
316.016
743.976
287.037
195.421
3476.03
863.797
4061.4
1117.24
7.35533
589.617
1298.59
507.746
433.04
1903.34
1974.6
1963.76
1595.41
2315.52
990.758
1160.87
816.819
86.7991
5639.13
823.431
2297.67
711.273
6512.37
848.907
73.2092
1076.47
402.573
1654.36
1240.57
1091.11
792.45
858.446
660.296
1132.94
2955.6
635.651
545.847
1062.74
2390.82
1500.4
1069.5
160.012
6468.53
384.669
4042.72
628.532
972.617
3561.56
590.303
2835.16
596.392
226.048
992.978
1465.57
3894.7
894.087
100.853
1539.19
2961.53
511.005
1877.54
67.8245
1249.76
1902.12
1088.38
696.559
5154.43
504.728
1047.79
1668.32
1268.65
3862.42
673.618
445.062
2312.36
367.654
5240.66
1019.65
2560.19
102.253
26.0748
1215.25
221.511
439.651
318.891
1937.53
3489.28
1428.48
102.785
8018.67
123.725
741.259
171.946
144.284
5012.86
756.981
911.531
610.95
2395.31
1124.69
625.455
1115.78
1048.34
453.611
3503.04
1255.84
2541.27
48.1863
351.566
231.51
1157.03
675.654
142.798
640.819
2113.81
1963.15
472.295
1861.64
465.516
856.496
435.651
3083.4
79.9901
36.92
108.613
2759.96
840.486
1553.59
379.213
1462.72
612.119
51.4436
451.283
73.4855
80.4389
3302.56
174.562
8139.86
751.521
554.077
1570.64
1632.09
3551.75
3167.3
766.838
55.8122
2818.85
916.018
524.667
2424.13
2726.83
1713.52
344.789
1769.11
253.624
2215.76
51.0691
2183.64
580.93
4475.24
77.2769
1424.69
1814.95
2147.47
3221.16
255.589
4480.38
300.677
1791.22
447.877
824.198
489.099
1241.44
318.042
3386.53
1850.77
2429.72
2612.39
2712.34
1379.3
1829.51
3997.51
2750.95
1465.68
3345.18
2340.09
309.014
202.88
2187.85
6963.29
584.296
2431.1
260.637
973.786
976.88
1885.67
324.857
702.716
96.9246
705.62
1613.62
201.521
43.9014
577.71
726.743
25.236
545.168
64.0742
262.299
131.742
1306.52
840.823
647.9
140.57
1162.02
2725.93
203.779
2280.54
66.9645
1187.95
460.078
203.5
8.37926
224.853
918.159
757.263
2100.99
3340.93
600.114
1382.33
984.822
597.295
1812.82
373.384
169.613
2673.72
322.19
2302.29
2548.62
216.83
2746.69
1494.84
1163.82
1448.08
1915.24
1638.48
643.968
72.2104
271.094
1792.66
1229.57
2111.26
1762.6
179.373
443.949
91.8747
6015.19
2499.92
1213.86
1489.31
880.448
633.463
4418.21
1451.19
4130.21
461.095
1413.82
257.502
3382.95
976.468
668.079
113.715
2834.31
2062.8
1667.68
542.285
1192.32
4662.42
4605.79
307.736
682.611
856.823
70.8947
511.764
1325.63
1440.05
178.3
1399.74
1026.81
391.245
398.387
2086.86
3966.57
330.419
30.0719
3188.1
1326.76
583.417
3312.28
880.598
309.133
418.346
1714.87
821.602
285.572
1668.99
55.5359
1293.56
5231.85
3213.12
4271.43
52.3439
2142.82
552.962
390.826
3528.12
1090.21
1864.9
739.999
5542.47
542.578
425.773
707.518
544.963
1528
5882.62
1616.85
1712.28
844.545
1061.87
48.712
1858.52
310.484
2390
541.966
3933.83
3351.65
715.38
971.024
3053
1102.7
5580.37
1367.98
4285.69
977.671
1368.09
2494.75
3337.98
397.41
775.394
518.483
2541.57
4380.42
532.893
1770.77
2609.08
160.984
890.091
1516.74
730.751
2218.22
366.833
5587.34
1785.48
1248.25
3309.9
219.039
1474.37
770.31
183.131
499.04
360.658
518.774
257.321
2100.88
597.022
239.87
482.48
515.709
767.302
1859.3
5133.01
1247.53
1168.39
3769.05
5437.72
2704.78
1615.28
2813.4
1391.77
6866.89
2851.19
2144.29
124.793
653.094
76.4842
118.841
3968.26
53.9647
10155.2
490.054
388.904
280.209
1735.69
156.092
1519.11
2280.56
2427.96
1003.76
366.538
1262.33
484.045
1303.39
1777.4
48.9635
139.292
380.184
564.58
138.306
953.709
5381.84
2508.52
1351.26
755.803
1941.19
1646.53
1556.42
1171
667.258
3352.07
349.313
1012.91
1863.79
946.161
897.919
2479.51
763.078
406.393
200.612
289.715
4591.49
32.8008
1077.77
148.847
1896.69
903.022
1717.83
3947.14
31.3671
2235.62
2547.89
1128.11
148.486
235.52
1996.71
58.3361
2238.31
1635.13
1638.76
289.49
454.72
2597.9
1660.17
624.236
1317.12
1256.83
128.01
403.28
756.959
328.437
350.8
932.874
560.204
414.364
2683.07
349.786
725.358
1382.61
1012.99
28.4053
607.886
521.328
137.291
474.094
3955.42
1016.71
1739.39
2070.1
1640.26
45.3571
101.666
302.425
1653.26
2238.66
257.064
2917.21
182.858
856.655
1412.88
228.543
1654.46
2815.28
74.9421
958.962
1050.03
1090.75
261.482
2291.52
1912.49
268.428
1071.72
951.946
679.052
1756.28
2735.19
232.251
1030.12
1136.61
775.999
1254.33
548.14
217.705
629.005
343.308
563.108
1233.88
1068.27
791.416
1960.26
2948.02
1500.16
1212.29
606.823
101.23
851.549
1831.76
3537.19
20.9886
1376.51
3958.03
224.534
556.484
2978.8
227.799
470.861
2114.3
1247.29
19.8116
955.957
2271.82
807.694
1965.77
442.2
826.85
4697.61
66.5286
1268.01
2273.67
177.828
4313.47
3455.75
693.547
3088.38
259.384
234.351
1221.85
2880.19
2872.01
267.202
3580.94
450.636
1601.99
1338.79
2262.24
4054.73
3124.03
1886.14
657.984
1296.61
4834.3
1190.23
204.174
40.3623
668.389
236.609
114.957
2172.43
2747.29
1716.2
178.172
3082.83
186.242
5527.13
2461.78
515.228
1938.02
778.804
1512.02
4645.7
1395.51
1120.67
1261.95
1243.14
62.0319
819.558
574.47
1067.58
1303.93
562.308
2437.99
1167.35
392.769
1402.97
226.024
330.322
553.189
1465.75
1141.29
335.043
716.243
2586.82
587.023
40.7096
1664.55
945.198
2181.77
208.539
995.799
1183.09
6319.05
281.052
93.6788
198.349
730.756
1851.23
1411.4
283.036
681.742
62.4822
806.438
1347.92
2215.64
4014.43
975.666
1453.7
706.805
4341.96
693.449
288.568
1039.5
658.318
338.992
332.978
398.43
145.461
486.547
180.125
1334.92
1446.66
1264.6
1339.28
1424.44
278.032
3801.07
1052.16
3893.47
546.462
1061.7
183.712
289.974
3763.32
721.162
276.429
64.1733
2014.37
5185.71
712.373
1110.54
2940.56
946.568
1305.97
1541.16
26.4759
824.562
319.205
472.225
1802.84
2258.29
1629.35
2955.5
457.167
2628.74
429.978
1471.4
823.672
3168.52
46.8914
532.767
1188.94
269.924
456.159
345.232
1325.26
2525.54
447.697
724.498
352.056
2182.24
262.118
2886.52
19.4152
1365.25
584.354
1918.46
734.579
1220.35
2878.13
1299.18
985.071
819.682
1442.66
941.423
248.646
1281.08
578.918
761.728
2701.01
980.283
402.46
848.939
2221.21
157.127
279.752
666.005
173.168
93.2462
622.679
2248.16
413.993
234.132
3035.55
213.859
218.638
953.572
1136.21
123.502
1183.86
298.145
1865.9
61.9758
2304.12
1808.42
3979.48
1998.42
858.547
5808.45
5634.37
4756.33
142.941
2942.38
2375.46
3267.98
3495.38
452.487
2198.92
789.247
186.872
3263.87
1098.53
546.68
51.048
250.77
2541.28
2618.45
239.595
75.8024
516.439
3897.17
99.7049
382.762
678.844
160.203
4123.52
3013.31
1124.48
4939.13
644.908
2138.62
624.661
3095.39
3917.85
431.754
159.069
811.828
863.182
301.977
2131.33
1251.12
2341.89
983.613
850.681
138.171
65.571
97.3751
1736.95
25.3561
945.648
54.8412
820.022
825.411
1099.86
1355.9
762.165
47.7683
224.508
4771.74
424.107
807.865
345.449
2230.24
2186.5
1489.26
302.245
62.8592
258
1952.02
1179.68
649.817
19.9738
1632.95
514.61
1149.63
521.502
937.756
735.701
1502
1833.41
769.365
885.216
181.826
2787.7
755.243
218.755
866.437
1625.78
1120.4
138.615
243.28
1077.91
1092.28
6606.23
1827.11
566.682
2479.09
3096.4
2047.35
1003.14
499.169
483.285
1133.25
38.301
2894.13
1481.02
148.922
2481.25
283.957
1293.86
335.652
42.3548
1494.77
763.317
1934.65
1101.59
498.79
177.151
535.304
2814.65
582.035
1176.61
742.116
270.286
1289.86
1233.27
1393.36
1845.05
762.339
714.057
1566.56
798.589
1426.3
47.1208
2477.2
1472.27
4130.87
292.784
2714.76
2721.44
1225.49
833.835
143.408
273.214
1463.58
531.075
493.722
5357.07
534.458
287.61
783.643
320.362
1808.29
708.583
2104.48
543.774
2152.57
956.76
335.635
805.486
2363.31
384.12
1498.08
770.101
173.033
340.498
773.088
3226.5
912.074
213.844
300.475
722.753
777.444
1278.61
3286.37
1113.64
658.385
2715.96
4494.2
404.173
1561.85
752.733
26.4818
1620.1
617.199
4045.94
249.224
549.907
478.162
988.911
6312.88
343.665
44.7357
2396.79
609.018
1073.48
108.062
14.3294
804.325
577.437
71.285
2224.48
2031.08
172.249
1318.27
1203.31
1742.51
678.558
1416.86
379.181
1789.46
4277.73
240.367
2740.81
2980.55
1489.89
2222.9
18.6322
322.106
5816.07
759.278
233.11
1315.88
338.605
29.0368
2430.09
1693.51
5318.14
192.11
2694.78
31.0863
458.34
344.05
851.936
304.352
2653.69
2623.04
1676.84
399.28
192.188
548.268
5863.12
555.132
855.663
337.982
30.9246
1400.4
3356.66
730.114
929.618
1703.93
123.057
32.214
629.563
3027.47
3058.94
629.683
340.674
108.576
1504.33
767.343
753.686
428.456
328.338
1632.51
218.197
369.085
401.629
324.945
221.537
41.5162
988.076
440.902
2147.7
1969.54
57.1243
306.091
812.119
2569.84
2410.61
2511.29
2298.22
124.143
3960.19
267.939
644.321
843.89
586.156
2900.61
37.9048
522.948
915.788
1678.88
2543.03
948.428
809.11
98.3085
692.809
1788.18
238.039
189.829
1472.87
642.04
3231.79
1022.42
500.465
18.2432
1109.97
3409.72
87.0853
1369.41
6145.63
569.333
1469.45
1016.58
905.371
1383.71
833.182
288.052
2062.14
2698.36
393.386
3808.35
4368.15
2183.86
1257.26
1258.28
19.2707
3126.58
408.031
1135.14
1040.29
440.788
1211.14
150.764
1660.39
275.665
1154.38
61.8691
901.06
886.246
2151.32
25.0656
2034.17
1138.26
2341.49
1848.22
2970.62
2970.62
2379.58
1345.92
1360.81
4853.74
1535.11
307.119
162.71
2279.08
905.785
549.766
3766.1
428.367
1469.22
25.307
7019.91
4201.38
2957.43
693.739
171.522
1307.83
259.179
103.351
275.575
162.841
2230.16
3128.43
1790.03
1434.6
875.523
2170.63
3827.1
300.907
1552.11
654.958
1026.09
3800.81
7052.69
18.6376
1788.8
1123.14
662.412
240.06
352.615
195.108
1839.75
228.413
180.259
1967.3
1428.38
153.816
2765.73
1736.58
277.841
1388.71
396.309
2350.12
252.862
4156.06
697.284
316.921
578.282
2243.76
1813.42
637.602
624.438
2368.99
3226.2
13.838
106.962
1966.57
39.6348
1615.34
4964.3
1318.42
427.178
1296.5
216.664
494.254
664.603
1073.61
2001.39
532.386
687.186
301.797
260.913
433.717
855.498
1190.97
704.993
107.305
651.526
2232.57
75.9782
23.8439
127.855
937.58
55.3133
140.27
709.145
1362.03
404.642
164.233
580.599
1412.75
1591.15
1431.87
361.511
106.228
3459.35
1349.75
997.828
1944.88
1813.95
41.9358
783.401
43.8562
695.706
417.299
4157.36
938.212
827.243
2657.45
515.459
784.665
518.842
1257.77
888.925
134.453
2131.04
407.188
1186.59
195.712
3657.17
858.204
1098.17
918.122
110.329
1399.05
2762.7
667.186
696.883
1283.7
4510.62
360.639
1199.19
966.403
59.0698
802.053
1372.45
1103.95
3165.52
4684.65
145.813
674.675
685.61
23.7006
1122.73
1406.09
332.92
625.448
514.94
19.3815
829.203
1107.95
1245.16
374.113
301.371
372.365
1086.42
1512.37
1250.33
998.856
877.57
3815.85
733.676
138.425
1064.28
439.943
377.664
85.8841
3141.47
2575.98
394.229
412.31
86.5334
1800.83
793.987
257.89
947.232
1825.82
500.603
1957.22
1776.68
2086.75
44.0191
164.786
1043.16
267.572
721.664
567.173
375.763
3092.94
2222.61
3303.35
2624.49
988.418
3248.6
1973.54
1631.94
172.638
2864.56
1171.8
1153.37
4468.98
2556.9
1540.12
2294.54
4286.95
800.21
800.609
2599.06
1626.6
1271.65
6585.67
253.555
651.697
869.099
299.278
699.167
1344.54
950.398
729.883
325.176
14.0669
499.979
800.287
63.9083
2632.84
633.859
931.656
3270.13
2459.2
67.9727
451.25
4197.19
2417.14
3615.98
1124.4
857.555
4639.79
1688.87
2710.83
1040.38
2793.04
681.147
163.111
1393.69
1894.88
317.466
513.012
1742.7
588.924
258.36
413.233
676.357
1625.66
213.944
6217.12
276.724
116.352
39.7107
730.571
591.103
217.734
665.809
5390.87
2744.18
1521.6
567.925
281.984
1256.98
10040.8
1088.36
1462.16
2187.16
2125.2
849.807
460.525
23.3366
1212.94
8547.8
2440.13
2221.9
287.501
741.776
2456.99
70.9464
560.355
2036.18
6671.16
352.019
4998.66
878.16
369.325
1960.16
467.723
921.145
1372.47
809.34
1097.21
377.066
649.28
828.111
1088.56
329.92
2339.66
97.2755
3445.97
2626.15
3728.4
120.898
1020.14
286.022
274.367
1945.64
2198.08
2443.51
68.8179
373.664
2361.06
1933.76
205.757
597.331
422.611
207.787
1580.28
2032.8
660.856
3500.37
130.855
1113.5
3018.35
1900.65
841.656
6806.13
412.955
396.109
969.696
2813.73
2351.38
1259.18
173.712
2993.97
1037.2
936.978
220.42
481.659
458.524
2262.86
1327.91
198.944
974.29
1521.93
27.5779
371.859
81.0505
444.656
522.654
1001.55
20.149
326.145
766.946
2754.89
2217.95
2014.5
2558.58
338.604
195.056
285.843
273.885
5327.52
8065.45
128.344
1178.45
795.274
882.646
380.738
1441.77
2613.69
2498.2
326.448
294.179
627.961
1015.34
1348.72
3549.2
2336.69
807.414
2758.27
364.938
992.55
807.301
220.994
1606.63
52.585
4280.56
6244.14
312.497
376.049
345.156
288.364
585.627
155.032
1826.82
625.049
184.372
3169.08
680.014
1038.03
125.213
638.204
2080.29
908.237
448.925
522.571
547.088
4433.76
502.955
652.427
782.574
578.801
284.133
136.765
761.87
530.341
3928.04
33.3739
11.96
3808.56
1113.96
1335.9
1515
1425.52
1728.32
1098.1
1357.13
419.645
174.128
1227.53
52.052
91.3102
5975.39
3019.99
1025.6
1760.47
668.431
110.521
1385.48
4906.65
897.655
194.434
1863.33
44.2674
2906.6
447.582
1555.33
369.855
37.3965
398.313
1535.8
200.503
97.9348
916.962
3597.07
458.001
1384.28
2245.34
3092.22
1111.66
1160.8
1263.6
313.638
2207.05
1285.16
2933.97
290.837
2419.14
824.23
86.7445
1331.5
1290.66
936.93
1948.16
435.906
810.624
388.646
1882.09
179.489
4452.95
1350
1780.04
691.137
893.155
1250.46
117.873
1619.92
4805.39
975.689
7008.38
2810.86
1007.74
266.122
3363.98
3058.99
1435.96
346.058
290.083
1144.03
1193.18
2706.04
616.554
3729.35
1898.59
1537.63
1198.4
2889.45
1725.23
686.444
1862.09
79.7278
1273.45
2712.69
1821.27
329.681
727.316
2791.79
697.014
641.49
3291.83
733.171
2823.53
732.091
2565.92
378.5
114.028
854.417
2282.99
1547.03
409.97
1334.74
837.001
2017.85
1331.54
299.007
3330.59
1422.35
3472.45
320.276
1616.76
123.359
1624.35
3402.92
1100.85
616.965
751.493
844.592
614.629
2571.47
373.922
794.906
200.668
17.7687
117.102
111.699
4818.06
1019.11
3255.86
3143.64
757.581
1746.23
204.56
1237.7
1137.49
793.645
31.8179
368.902
2671.39
28.1558
900.497
351.851
881.173
1446.75
2095.92
174.093
1018.47
2656.12
3324.26
4847.17
198.68
1462.04
959.755
431.024
632.516
245.859
947.677
4318.54
5314.73
508.309
5388.57
2192.24
1399.4
35.6872
2108.35
2197.4
1869.33
67.9039
223.041
3144.34
1709.53
1020.04
204.402
654.231
552.665
1140.96
747.159
575.451
2621.3
4057.5
1370.97
2745.5
3176.1
470.563
1606.89
1440.84
613.753
504.567
2035.73
636.951
1430.56
677.374
1524.19
1240.61
1349.05
554.344
402.013
823.855
28.4377
72.0948
2742.14
2752.78
1952.36
1074.89
783.484
1256.23
1477.68
1633.51
281.384
473.603
255.597
1404.37
1192.43
100.976
516.369
1262.36
2190.09
226.777
211.711
1492.24
78.0274
112.524
1277.36
543.025
107.107
3986.89
760.672
2680.87
3335.77
3061.04
2628.08
3882.64
1085.5
848.457
1767.78
3344.19
11.928
293.776
308.009
1720.97
580.196
580.313
508.657
780.201
2390.21
3364.53
3305.03
502.424
268.969
217.681
2117.4
2322.88
1198.93
973.567
2602.63
1020.35
271.334
447.524
613.73
1781.18
2496.77
1193.42
2385.27
416.363
2848.73
441.968
4850.58
96.6613
1210.87
2342.69
562.918
2208.48
35.1776
6201.58
328.124
1438.61
738.076
389.9
1397.07
491.632
1616.85
81.1758
605.392
874.308
801.445
1138.33
630.255
40.3715
425.48
259.947
1169.94
791.3
565
4144.69
1178.91
1040.7
1600.43
2551.31
675.132
1427
1950.57
244.83
842.225
327.589
4005.4
4009.3
1715.47
709.971
240.327
904.855
364.523
1469.39
2718.34
597.93
193.696
599.785
1340.13
1972.96
1125.66
743.466
515.285
124.088
2849
103.186
2675.96
3843.22
74.6339
423.511
801.866
2509.16
1531.55
1574.95
3152.57
2224.59
1686.66
1464.92
241.655
162.599
229.427
205.539
88.3332
2969.82
443.54
160.975
1371
895.029
284.872
3251.79
813.53
5202.84
830.609
3856.39
767.813
756.755
1636.57
967.044
1771.01
63.0304
1987.81
262.974
242.929
1341.9
1127.83
824.916
346.258
3078.82
167.809
1442.28
3886.25
846.211
2371.42
4539.26
141.604
1029.11
1379.02
4035.48
320.879
3033.4
941.638
1164.99
679.661
3022.1
3990.87
226.36
2663
1568.68
634.461
936.249
739.561
980.754
20.2558
72.139
70.4914
669.55
313.105
859.035
1416.42
879.023
1706.83
1688.58
1084.34
30.0822
1074.84
96.3824
1526.48
735.232
1029.15
850.293
408.615
1850.13
878.4
2502.04
396.564
32.479
83.5541
334.555
341.57
1100.79
5507.04
2388.74
643.202
635.447
212.134
1175.91
59.5056
3830.25
238.032
2722.57
137.236
405.596
1528.78
186.075
2055.19
2674.39
2080.4
2654.04
426.339
148.597
1017.58
1619.75
640.789
582.429
1972.47
599.644
384.314
2577.5
250.547
7.5857
871.381
501.215
205.945
689.894
1613.57
408.679
779.221
751.326
1104.93
807.449
285.925
2080.12
261.716
1153.09
2163.5
663.177
466.753
313.265
9953.36
1593.75
1647.74
3916.43
1903.59
1503.62
2879.75
1764.84
2752.34
1967.62
1427.05
936.48
1038.68
213.036
626.438
189.901
226.593
1333.27
2193.12
3271.71
5520.38
987.148
929.508
628.386
222.055
1871.33
906.646
1272.54
1594.39
550.039
469.502
169.023
148.007
735.003
603.403
4284.9
4995.82
1544.66
928.424
584.621
491.321
152.658
648.668
1410.9
431.291
117.899
461.306
544.153
5583.99
503.619
1391.44
758.504
666.861
649.67
2091.86
2021.15
1113.11
378.225
330.484
2055.15
440.489
739.479
99.3337
944.426
735.805
1208.79
197.975
2055
163.162
470.737
71.072
2614.61
1374.97
157.467
5193.08
2487.16
3164.65
759.51
1031.75
18.9118
1649.45
2357.43
977.553
2911.59
570.319
1962.72
124.13
64.1107
682.653
2333.07
2145.25
509.035
98.6272
705.914
754.502
84.6024
872.117
591.523
2836.57
37.5423
972.427
3988.76
465.819
355.859
1223.02
1532.9
122.143
1042.25
666.235
575.255
854.604
638.288
150.091
2754.83
1426.33
2435.91
18.7349
405.092
1447.67
84.9263
2371.16
3538.88
732.452
217.405
123.861
2549.14
1301.17
786.977
853.462
1868.2
965.984
1799.81
739.605
1906.35
315.193
1725.66
43.2172
2383.22
1935.62
484.023
379.227
1275.59
15.8928
483.653
180.646
420.188
7372.09
1924.35
1643.39
1173.12
1864.51
519.943
855.172
271.671
205.763
2364.34
661.565
478.859
9678.28
379.366
1534.23
169.344
1201.96
159.198
1073.56
8.45478
1747.59
238.423
1641.73
2932.04
357.242
1020.58
1354.28
1655.69
119.399
327.865
1538.33
331.308
222.216
568.356
299.594
2167.51
454.347
772.878
441.39
783.814
832.101
1512.3
1859.66
687.045
4877.89
3403.11
966.033
433.533
2769.41
4499.2
433.452
1397.82
807.391
487.125
1442.41
1980.19
26.6615
1969.7
507.943
1226.26
1988.64
571.855
110.055
1820.04
1528.24
6221.48
63.2559
3453.99
701.614
555.727
2779.2
87.4466
625.063
205.249
207.072
2145.01
636.954
424.41
823.103
1016.32
637.83
3912.83
1241.04
29.2985
612.75
1857.13
1504.16
385.422
787.716
264.538
2431.24
117.045
912.397
279.142
1245.52
369.135
661.528
3261.77
892.774
483.482
575.694
3357.96
683.311
343.708
562.412
965.996
4800.49
52.6941
2479.41
978.748
35.1237
1934.4
179.409
796.22
60.8435
2120.6
426.582
2815.97
234.156
126.874
117.024
262.013
1951.78
1594.46
483.315
1543.74
1871.97
1099.69
3299.53
4724.25
877.387
268.748
2022.22
1822.8
473.207
1522.55
605.387
1326.26
225.873
1096.69
1615.3
1877.54
75.7134
729.47
158.471
1254.8
2220.55
421.561
61.2424
786.326
971.327
694.764
65.6343
5287.59
69.382
804.059
415.958
750.344
636.972
314.104
1318.79
3514.37
216.265
5022.65
507.648
2880.05
35.0786
231.762
7.77313
1130.26
53.8609
1260.72
223.985
1841.79
1079.17
27.6006
77.9456
192.083
765.933
4448.39
2161.21
675.779
151.988
2025.09
249.631
6768.67
21.545
290.509
1154.73
4217.8
1574.7
1174.64
2512.05
1572.53
7007.19
2113.08
226.706
388.827
766.622
468.844
1982.55
1974.05
156.549
775.904
2734.02
2317.41
80.6986
4935.36
7638.14
91.5096
573.255
3469.86
1319.45
3057.54
3550.25
2531.12
3731.51
4768.53
5352.4
1436.9
682.826
154.354
3099.79
226.842
555.964
1443.63
2307.11
1285.74
2329.01
1626.2
1874.38
173.014
4254.28
863.474
5025.84
445.161
494.274
1320.79
1865.74
330.954
20.4454
2455.68
231.326
704.208
1153.83
2157.29
2971.91
1479.72
506.683
2700.17
95.8747
1058.62
333.519
4274.62
958.117
411.761
1925.19
37.3124
354.167
1600.72
1158.62
1663.98
120.475
940.087
4906.36
336.157
3910.69
3765.29
143.118
891.248
2199.77
245.758
2956.06
212.382
1006.67
355.007
2521.39
788.775
1058.79
756.961
1153.66
1752.31
1066.58
4907.53
2818.8
1529.63
5266.9
1850.84
322.319
369.784
542.32
4142
294.912
1958.27
174.934
856.688
240.535
1845.56
1696.65
1363.69
4062.03
2065.96
801.863
2297.88
230.997
337.031
507.533
65.1886
2397.67
2970.77
4266.08
4391.84
52.7621
201.503
2021.75
164.075
518.779
731.607
656.058
232.975
1056.88
456.816
784.289
936.676
363.072
4479.01
4613.61
356.466
143.128
2032.68
31.5549
458.271
1471.73
397.817
169.389
1228.99
96.0668
262.966
601.371
1412.77
1119.05
451.134
2071.48
1384.46
1500.03
405.543
1307.38
5997.4
1712.64
649.432
146.42
909.14
185.084
524.781
321.142
1377.99
139.448
2098.32
1124.61
319.369
1298.63
309.71
217.476
144.667
60.4081
1043.38
830.185
5097.22
2768.79
909.993
1395.74
502.943
1111.95
2600.26
404.269
894.872
66.2532
535.602
3437.17
1764.86
644.928
93.5011
4331.78
1901.96
384.601
218.908
1684.82
2492.47
254.682
1395.19
193.146
1486.82
87.6608
1807.46
257.818
1128.88
134.166
963.116
710.15
1156.63
444.932
680.476
5110.62
409.285
1032.87
560.445
944.143
738.268
335.683
203.444
1634.53
255.362
176.964
1637.1
412.209
185.131
1641.51
1370.44
733.686
1597.84
2294.89
707.711
1096.65
1872.97
944.257
56.4366
1839.02
153.75
424.268
1457
262.048
1817.72
801.572
4937.6
44.4375
1897.16
158.846
541.291
136.39
1102.05
195.376
2845.76
1657.8
213.473
515.796
1136.4
653.118
396.313
948.81
638.966
1186.23
314.399
62.758
3224.76
11520.3
554.157
2946.45
1099.39
709.428
1203.82
1966.52
492.532
2473.71
4584.27
6669.48
1000.93
3037.67
1806.36
795.906
309.138
1719.66
127.516
1938.09
859.938
492.915
2400.18
434.231
7018.67
724.576
1268.91
21.2348
749.827
2829.47
191.478
524.551
3330.16
498.55
720.653
1285.95
2168.37
329.83
1523.26
151.561
364.864
4716.03
1845.44
133.331
4102.43
2394.23
63.2557
1234.51
533.67
237.143
1505.78
308.497
5110.58
206.893
1455.53
340.361
475.304
1475.57
240.272
1058.27
1670.93
345.383
2013.94
1325.56
1224.75
1904.62
1429.16
2338.75
1403.54
267.034
1681.6
1650.77
3620.88
1657.15
1314.9
212.418
939.314
1405.92
125.678
1410.4
3426.2
949.241
23.1358
1984.16
238.481
2384.78
1485.42
1302.27
2470.02
1409.28
649.084
839.556
1580.27
1756.11
255.37
1652.81
44.5358
479.032
146.425
1327.64
368.274
2606.04
1789.7
2567.85
2953.47
234.773
632.891
228.306
5074.7
424.419
189.613
98.5182
387.618
2258.71
1389.38
212.628
179.002
1101.6
2177.96
322.988
2855.74
2005.72
892.673
715.944
872.202
1052.14
2896.72
221.011
947.106
384.957
1145.57
1150.97
45.6876
3689.63
545.644
322.965
2663.99
612.135
1710.35
554.473
1239.22
1870.48
684.451
648.146
1853.34
1015.85
787.021
297.656
70.9089
95.4182
488.395
636.192
1755.24
2531.71
866.704
2223.53
4766.63
148.401
203.072
201.915
1961.93
1074.67
2096.83
211.578
569.768
405.593
32.682
1195.72
296.699
3037.29
63.5207
67.2632
2369.23
2292.95
63.8416
264.085
2595.41
3262.1
622.451
928.187
378.269
533.503
175.996
558.774
1661.72
207.235
465.88
913.355
4200.26
13.1551
4289.6
909.785
631.418
3120.8
1583.73
406.419
829.674
177.228
981.649
1894.48
349.957
52.7832
443.366
683.865
79.794
1958.57
415.224
641.401
625.973
751.861
5170.18
1034.59
735.578
25.596
623.473
1053.78
520.088
1920.02
1296.56
674.553
955.434
3992.88
13.0206
564.342
1526.84
865.951
373.522
275.721
111.123
340.46
1355.25
285.779
225.105
1278.42
2354.55
231.482
1014.35
18.3139
658.448
140.697
1278.36
276.909
1174.91
3728.87
749.927
5932.5
2298.87
1500.69
1786.42
651.154
15.5908
749.159
126.416
191.765
33.9483
1424.97
2779.25
958.624
3195.4
667.658
1850.47
4122.35
3058.53
557.815
513.996
736.52
1243.62
978.972
1255.1
2388.98
1656.46
31.0596
2271.28
1466.65
601.607
1782.14
2280.47
1573.03
273.034
956.369
5842.81
654.687
171.198
540.496
4445.46
188.757
1086.91
983.329
175.487
454.888
3015.6
1087.11
202.815
1174.27
440.397
5681.19
194.536
2275.65
1307.18
1881.78
424.197
671.647
1682.89
5263.06
2980.24
885.198
110.104
942.805
832.503
2486.34
662.963
494.068
4088.8
1417.07
2349.26
3267.7
822.612
82.1483
820.66
705
490.702
16.2978
272.474
825.702
1825.3
914.904
946.395
877.424
653.806
819.502
1905.93
225.991
969.977
917.627
1197.64
4552.05
78.6096
470.645
2247.08
1003.02
1043.07
1227.67
323.581
446.762
1745.79
235.798
1192.68
451.309
1065.14
713.51
3957.39
1384.45
3968.02
420.613
1531.72
696.981
188.607
661.168
694.831
1081.12
1582.45
4437.53
2146.02
2560.38
6521.63
287.222
1336.84
1753.67
7281.43
1802.59
502.15
6869.11
4281.07
3037.05
2238.47
2920.23
1281.61
253.641
3543.18
218.542
90.9781
662.571
3198.1
1594.85
1654.95
2453.59
168.609
1142.31
624.155
1436.27
404.112
661.078
15.1716
1680.48
1384.85
2233.11
422.523
4723.94
669.255
2466.27
660.115
853.095
2145.92
4229.88
661.951
6065.35
913.64
431.961
2891.76
2367.66
908.557
1424.81
2776.59
297.214
207.455
592.68
1302.46
1255.42
869.073
59.8081
626.281
883.08
1384.67
211.255
901.312
1826.75
322.391
2054.63
61.7099
1759.19
550.15
955.779
2716.76
288.92
4050.1
3543.3
1017.5
2082.27
867.06
917.561
1672.49
1186.52
3007.11
1202.34
935.594
211.822
2839.38
86.0978
3475.61
1075.73
57.3367
384.527
1066.37
633.428
47.4282
288.206
1952.96
2796
676.608
1684.7
357.021
1616.21
522.149
2547.71
136.486
8.98126
1210.98
97.0683
3356.7
3011.06
217.457
726.627
194.052
1094.59
2853.7
128.263
1550.92
138.809
60.9728
1271.67
1227.81
1024.92
122.988
2955.62
32.6293
1744.17
2073.57
2398.32
1368.34
3551.49
1671.77
867.6
117.825
56.7789
638.391
1268.5
32.1399
140.323
186.529
354.352
911.735
186.375
1685.89
729.548
1601.68
3454.22
161.218
804.38
260.664
3863.31
934.884
1470.09
261.124
4094.53
579.551
2462.17
2359.18
654.84
204.846
1690.07
1011.25
1218.14
943.768
1307.85
209.906
586.009
10.6574
931.139
1344.29
166.41
405.196
606.373
899.05
580.783
1267.29
1804.05
617.148
471.058
1144.88
689.034
625.151
1635.18
47.0673
768.593
1030.07
63.1831
2041.24
105.235
311.477
2084.72
619.55
1660.16
809.189
50.9466
459.935
538.595
149.583
2019.34
44.673
1116.72
16.3848
981.623
1335.05
686.366
611.689
211.678
1849.64
511.28
1761.33
145.327
994.979
120.814
1267.09
13.2681
1608.17
140.966
1819.01
1479.97
3083.14
52.857
1003.15
497.112
1751.63
2264.1
28.3135
1416.59
736.479
463.491
2007.77
1446.16
118.994
378.231
489.357
3742.22
76.5819
12.9691
1941.29
1039.2
3162.83
77.8407
2250.51
229.753
833.478
728.646
373.262
203.936
257.454
771.561
1731.68
176.515
853.492
943.925
5150.77
1214.48
171.686
70.0813
688.08
499.698
2069.89
524.98
2972.38
2008.18
1097.22
419.238
996.945
3002.9
2709.59
227.458
4004.49
2912.34
2569.99
2828.77
126.955
2440.23
1063.05
2211.62
1925.29
490.082
1816.21
126.14
1216.41
163.009
209.076
4956.57
786.108
850.217
260.295
743.084
644.016
1934.39
35.6138
1229.65
1690.89
1669.45
2612.36
43.735
583.601
1376.41
697.729
269.197
362.275
2066.5
955.287
3183.77
522.931
297.183
887.001
646.187
33.1871
1658.47
647.473
170.573
1345.31
4329.58
191.41
1146.24
761.815
334.825
1124.44
367.163
5070.25
1357.86
1994.19
2644.69
601.499
533.475
1976.21
452.326
389.662
2184.84
719.872
880.324
23.7624
556.129
921.15
576.763
1413.48
2117.26
2431.22
319.886
331.858