92.4153
2337.71
431.646
1954
866.421
2868.24
2892.34
1743.52
436.985
4322.66
1552.7
977.076
209.441
1374.68
842.802
279.786
353.193
3205.94
3416.47
2799.52
1150.69
1971.34
1898.77
1602.46
649.698
370.935
3124.15
1172.64
410.72
3184.04
387.376
4194.22
1436.29
1943.05
626.829
749.917
1318.17
3058.23
331.915
199.634
274.276
1051.04
3105.28
252.617
234.414
106.386
2659.8
1324.19
386.842
453.32
68.0983
293.162
1350.56
3263.3
922.127
2326.01
758.81
2043.66
826.915
3743.62
629.178
856.211
390.898
1468.15
71.8998
711.594
1485.62
2189.83
630.88
1700.78
1687.14
1901.45
1560.74
130.259
573.838
1170.85
1936.46
1015.23
1122.58
2248.36
249.279
4099.63
3411.72
738.225
573.694
3570.9
346.192
1498.01
484.271
1235.58
1281.76
7213.48
1506.16
561.574
2484.23
1329
2953.3
329.336
1722.7
679.145
1427.66
179.01
365.468
614.681
3160.72
980.535
1114.53
465.625
537.269
1633.6
108.292
632.543
2356.83
1301.7
5291.25
1342.55
222.866
460.871
2567.51
1190.23
1127.48
1244.59
797.984
1589.72
310.513
324.267
962.769
1003.33
1175.08
99.8144
284.515
487.478
2154.66
477.183
1080.01
2877.87
984.486
1159.53
1589.63
1959.86
312.421
1303.76
343.107
298.624
654.481
1448.12
1202.33
1376.62
3427.03
4407.89
672.05
1191.12
1460.13
204.311
841.432
65.1347
200.842
244.106
150.499
2532.72
196.031
501.404
212.667
1514.41
1321.55
528.598
2340.04
286.399
2024.03
503.053
938.555
1819
916.173
510.516
468.642
438.532
1543.92
1158.27
6094.83
687.959
1730.55
3185.67
1200.19
292.828
158.679
3535.2
1579.79
275.393
1289.88
395.762
129.027
696.439
1635.88
2092.81
100.097
909.963
1302.84
549.454
1024.73
232.45
2034.78
1810.92
1689.54
2045.83
781.255
1473.41
361.234
474.487
582.309
1931.65
165.703
942.912
195.352
468
175.135
177.059
241.377
2193.17
3394.79
1847.07
2619.85
826.301
231.272
2091.3
472.542
213.035
1769.33
1519.58
1823.69
148.254
178.105
62.8763
130.349
478.939
602.245
2042.23
1616.18
586.6
1419.95
3368.34
763.491
2633.31
1998.55
807.732
714.66
1090.09
8240.45
430.633
2326.59
450.499
614.58
9162.22
2581.78
1835.34
285.319
3211.38
927.923
439.053
275.744
300.463
2184.7
324.791
5128.39
522.859
255.152
628.88
909.836
209.662
4082.31
1165.27
469.754
265.719
488.156
1879.52
551.848
1700.3
719.745
426.45
149.795
889.108
2307.8
1020.41
290.975
1060.74
1157.71
303.735
174.847
2693.11
732.371
927.462
131.491
358.167
1135.01
763.742
318.584
1006.24
210.112
515.816
51.9135
2453.84
400.935
939.31
861.31
204.567
1534.89
483.513
148.482
2752.18
1547.12
262.942
613.286
710.879
366.287
2128.02
197.466
551.687
1121.77
3027.17
806.207
827.129
1090.04
1940.17
966.371
1485.43
852.675
2286.63
1250.03
8259.82
1576.03
640.889
894.922
60.9056
285.527
1233.56
219.604
2142.2
2402.37
904.771
734.012
129.769
957.377
171.516
2055.07
882.034
477.927
3555.82
1107.23
590.482
3112.51
612.925
207.538
1428.79
590.081
914.561
1420.82
739.428
1435.93
354.102
1607.85
3092.38
273.915
1034.49
4712.31
1848.34
859.329
586.497
1346.58
539.67
858.813
1222.59
671.007
1115.75
1625.56
511.986
369.195
1350.51
259.899
342.119
449.429
356.08
932.102
893.243
207.95
3277.97
327.499
1399.56
706.539
927.746
3654.5
3508.15
372.863
180.067
2517.14
445.121
3409.25
5838.86
580.05
359.817
1443.13
586.934
376.66
2073.05
3204.41
176.863
2681.93
2941.27
965.921
921.07
119.764
617.939
6222.15
128.135
231.114
230.748
401.994
1007.58
423.799
1265.28
1545.84
2183.9
866.067
106.349
3561.88
1022.7
1931.85
2495.75
555.688
807.617
340.652
1529.05
366.623
230.066
2876.07
709.173
402.26
681.453
450.105
791.011
1374.03
1082.41
1169.59
1941.59
680.154
310.037
239.165
1407.86
4135.34
1031.61
1434.93
1043.61
2764.5
2832.66
2485.29
658.381
1068.16
590.316
453.621
1902.41
1621.23
973.715
2115.46
1384.39
3721.59
665.719
2069.02
3383.09
1878.51
1896.22
926.442
1637.23
704.414
1720.1
5183.24
1873.58
1042.13
293.723
1710.45
59.2678
277.261
784.284
557.088
331.776
1618.69
204.564
3459.79
359.791
1164.24
1166.18
2333.64
1697.55
2092.73
343.203
318.802
3491.5
558.666
1355.08
308.436
674.71
1744.49
1655.48
924.495
1031.09
186.587
353.618
175.509
248.638
1292.31
561.317
453.919
438.408
692.356
2649.01
943.684
1497.57
1023.02
2030.41
243.63
119.316
264.671
119.194
1112.57
708.565
1708.6
108.718
910.217
194.522
4004.64
1052.46
2146.05
849.836
786.09
1868.71
262.06
1460.38
280.769
795.133
749.119
528.95
1581.74
296.224
1256.41
2102.92
1849.66
621.24
204.664
648.79
3612.28
1634.7
254.898
5273.23
1254.82
4018.04
800.219
1089.57
1972.7
541.807
1004.83
1817.6
1419.06
89.0461
870.186
874.03
284.658
342.856
632.361
1633.04
5652.65
695.845
2678
462.043
718.362
2799.73
536.572
736.443
187.105
1893.01
179.079
269.706
1626.11
1085.06
1697.68
1934.49
1803.13
942.846
386.626
148.12
1173.44
1481.71
445.889
2120.89
4139.11
2120.96
1978.26
1395.53
3462.75
1060.82
2388.98
967.047
750.503
978.848
2636.84
751.04
1258.01
450.981
1977.09
305.101
966.241
876.062
3340.51
3268.53
2710.06
2489.49
1363.66
925.918
1777.69
613.116
463.162
451.673
349.768
2380.53
1301.6
1277.65
1038.67
2650.97
1803.53
2608.39
2436.21
240.845
891.752
1665.72
2128
1351.81
221.275
118.036
423.903
2788.22
1811.35
327.398
876.154
1172.21
286.073
806.478
491.367
3026.6
1452.21
2700.47
990.437
276.803
3371.56
2257.12
448.062
1988.18
628.117
2202.17
3656.46
1402.33
252.358
679.335
454.656
467.585
4864.32
4087.08
103.908
2490.85
992.385
1155.34
670.904
332.35
454.973
1277.87
1815.62
352.653
403.25
1045.08
998.053
5078.8
1383.16
1375.73
731.249
183.076
95.9053
3423.56
520.193
365.041
992.258
271.916
884.965
199.965
1543.21
1033.44
322.008
1435.56
118.625
425.805
1534.3
2794.3
3795.81
268.67
68.7648
460.494
920.381
254.69
3964.76
322.814
5793.4
528.937
395.017
1681.76
2357.8
789.59
1633.89
266.662
313.472
921.121
382.889
3280.45
1867.47
1580.94
1164.73
976.538
292.806
1536.25
247.161
1797.61
1823.95
1025.19
567.338
1251.73
256.808
377.785
828.293
92.6429
1336.16
1718.08
5163.1
823.715
424.615
1031.5
1780.67
1622.98
635.878
1005.73
884.823
1211.71
473.786
1342.71
2877.47
1483.51
288.992
2310.45
928.798
261.554
139.553
325.398
691.314
595.351
856.421
966.224
2264.48
1293.77
760.078
253.212
316.567
2450.2
672.534
466.347
4539.75
148.079
1431.76
3346.84
485.492
363.704
211.464
1645.48
397.221
507.488
5019.3
2509.23
1328.26
2268.35
1999.44
2886.25
1148.54
761.42
1328.34
159.609
591.755
455.309
1495.09
76.718
1714.34
1719.53
515.846
860.705
1163.16
996.873
1423.12
1367.27
2097.08
220.623
146.428
3362.64
524.325
546.073
1972.5
663.6
3773.85
800.408
2303.68
971.871
3028.79
992.934
5441.03
4582.38
2165.51
434.087
1774.77
136.496
949.191
302.507
146.17
346.287
886.739
3334.17
5125.47
637.364
1589.31
5227.98
737.923
904.318
1908.62
2698.75
415.808
335.165
2254.9
980.425
859.647
816.54
1754.34
765.069
1400.48
3082.93
1677.18
667.096
606.436
7257.16
164.288
149.565
606.884
794.512
775.553
276.663
779.438
1559.89
236.754
96.9547
737.108
1410.15
1891.45
832.088
487.544
245.228
3562.3
5483.11
3060.69
3666.73
326.906
338.126
492.807
1332.52
2170.63
1391.14
1605.7
2770.06
4510.98
5461.72
705.666
3364.84
919.228
2278.05
1387.09
272.476
570.967
904.197
312.381
505.377
1888.86
579.64
199.271
2018.98
2059.52
1624.95
420.097
1711.16
742.008
520.601
730.175
129.443
1316.88
2163.23
3214.87
291.97
4011.32
1869.51
4960.41
887.79
1757.99
3869.03
1114.48
369.137
3401.52
3356.18
353.736
1355.57
354.217
951.171
222.006
850.087
2245.49
2612.59
960.114
4028.38
2308.54
272.449
2586.94
3870.87
1970.38
510.436
2001.25
264.92
218.63
795.563
710.65
1566.17
1087.51
341.829
1205.13
719.677
1830.17
906.073
967.085
330.832
885.9
260.929
224.425
421.407
901.574
418.002
1711.02
1995.01
1929.48
2041.63
1643.86
3417.66
429.181
1176.8
1787.61
1020.78
932.51
3379.99
5879.12
892.74
254.926
2913.18
783.544
200.32
414.156
443.171
1176.29
295.282
3150.44
1383.52
594.799
100.74
1842.96
2783.47
1067.44
5362.98
388.856
358.643
525.487
782.419
2001.86
4174.91
1435.77
430.426
284.754
690.95
1554.26
4761.99
2944.88
343.444
300.518
2169.15
709.708
1665.67
1518.25
2641.18
1504.92
585.775
847.012
1233.95
1679.79
507.973
2316.6
3926.06
3009.21
1438.77
1094.05
315.71
2323.45
1437.61
429.666
1070.59
542.34
2915.46
877.759
1029.83
2345.79
224.274
1856.69
496.902
714.141
435.498
1090.15
926.743
779.074
639.527
707.198
685.655
165.747
731.775
1411.21
2964.79
2590.93
151.885
253.839
611.665
3695.59
745.215
1927.71
141.65
614.096
1303.31
1437.43
2374.99
2143.33
868.374
967.536
13031.4
529.928
108.81
2185.07
3187.77
929.988
3663.7
230.849
230.682
819.966
329.204
1668.47
1139.26
966.451
1433.67
1433.73
3581.73
1708.94
863.683
1704.32
223.229
414.04
1157.75
122.448
1220.88
520.315
1114.04
1342.08
366.296
2248.83
921.056
2151.82
3572.05
378.1
510.624
314.331
590.958
438.381
556.971
484.904
2586.15
225.495
768.395
1337.39
1425.69
82.5119
1969.34
1606.97
310.088
227.085
2542.27
1138.75
211.06
2115.04
1549.05
1197.67
554.369
1129.65
1668.96
403.429
909.882
60.3151
2772.23
692.614
357.914
872.111
342.212
3534.53
4222.65
575.805
107.307
3223.33
1502.2
1305.94
1037.44
2943.24
1340.95
243.9
297.715
651.151
216.294
2937.02
2844.77
1204.57
1960.38
1551.62
109.616
653.397
1925.15
3509.92
1052.6
2626.02
992.7
572.134
4347.61
832.313
1002.25
1860.68
1975.79
5439.51
820.216
314.361
950.768
1787.45
2125.67
902.197
1164.28
2621.55
1207.12
1209.67
1311.67
812.344
2406.64
2325.54
279.342
773.85
2230.67
625.311
838.456
2161.96
3896.54
1499.37
2892.79
229.616
2721.29
284.986
2119.92
654.963
796.095
189.382
811.548
1680.87
1563.43
548.8
1264.94
735.725
1084.74
163.939
549.45
192.251
6481.31
2201.3
3306.73
714.354
857.778
761.186
809.394
3604.6
762.24
3567.18
748.875
1831.62
1257.54
2680.08
381.214
2863.67
718.846
174.123
1080.84
187.77
2013.99
467.13
1477.38
775.458
1902.39
386.365
444.484
577.963
848.083
201.782
2451.64
330.093
1294.9
1206.29
1754.03
120.248
1024.33
429.817
208.382
678.301
3507.88
1865.48
617.838
2283.5
1081.45
206.564
370.158
2967.21
420.216
2378.46
653.901
881.016
1009.04
1514.76
625.906
254.617
4159.97
5742.58
1431.96
366.374
2186.61
675.871
142.496
4503.4
427.987
1364.03
4097.06
347.518
514.809
1364.84
1255.52
100.287
210.33
2080.97
1822.64
5163.18
3343.28
2025.9
713.898
782.281
1404.84
983.175
149.947
3541.01
1295.29
2674.84
959.753
314.439
3743.52
771.266
255.168
510.885
2114.21
1112.15
910.457
1542.87
2971.85
1481.34
440.41
5441.19
142.398
994.968
238.109
2926.94
265.128
144.54
401.937
293.477
292.219
5216.95
159.612
2293.73
837.682
3788.84
5194.48
416.335
321.743
197.51
1435.84
1884.13
320.219
1801.31
864.224
1373.47
5284.17
235.286
1108.78
232.038
395.582
2354.26
272.951
409.703
2836.08
1474.11
2866.81
326.692
3732.87
6743.34
5309.74
2789.56
1305.91
143.502
207.295
1664.45
618.987
949.548
962.897
2423.14
429.047
2081.7
402.91
1668.33
257.295
393.717
586.713
1470.55
2217.02
3596.95
80.9869
4730.3
231.207
648.087
1453.08
6423.8
1075.53
1694.19
2876.43
2283.61
2638.69
1438.11
1180.58
7437.14
1214.09
2551.87
631.104
2265.11
722.693
536.852
1238.53
264.987
1030.97
289.955
1612.26
514.527
4493.38
183.043
2330.81
619.516
235.557
2113
606.68
1804.26
325.916
3567.08
198.983
2456.63
824.284
89.0356
580.536
1545.53
3421.07
725.084
1426.17
1352.22
442.672
2731.01
676.311
292.209
1580.38
361.322
6874.29
1160.37
1331.03
236.97
2344.09
7831.48
664.284
3598.83
838.296
1209.65
1667.19
348.947
250.305
564.758
2844.74
2074.24
968.924
912.154
1170.34
4231.43
285.905
1707.91
1000.33
2113.17
4360.45
1144.39
3063.09
671.481
1383.76
688.732
1772.67
863.233
1146.07
532.842
2606.24
1867.65
1882.51
171.738
307.482
1001.77
3519.26
463.906
237.117
1048.28
1922.18
99.3305
3570.13
4281.13
630.594
1158.36
905.859
1304.68
980.288
2453.62
594.289
2280.04
3262.07
2694.89
1544.55
548.054
1856.86
918.551
3435.43
698.183
5731.42
79.1285
2834.52
531.311
2963.32
601.325
1146.14
283.354
850.507
390.533
2184.46
258.278
1098.66
606.759
514.37
624.333
167.72
7901.32
269.722
1109.1
3143.02
966.572
3132.5
382.627
168.799
112.774
215.396
1113.11
687.464
529.623
275.052
4559.98
677.744
485.91
718.706
492.289
849.11
2726.12
3603.2
2365.89
118.227
78.035
3055.62
843.606
1442.65
1077.31
1531.11
186.783
1196.35
3150.14
281.998
2044.47
1192.49
648.755
1175.03
1936.68
113.578
296.607
3364.45
664.343
4380.34
4633.63
5655.19
750.084
2244.71
1001.48
251.511
911.22
685.229
250.121
5885.13
634.984
100.156
871.582
2338.27
1454.74
2634.85
2916.2
1287.43
846.89
541.791
1247.81
681.305
435.197
244.358
2335.35
201.318
1420.12
653.235
2672.69
590.969
1085.81
7585.49
306.987
403.147
409.866
217.783
768.675
2239.58
89.7441
1873.3
1348.1
409.714
384.481
451.637
300.03
769.958
642.39
398.676
174.904
240.178
701.035
718.179
647.636
1834.23
481.808
1469.64
1590.47
685.516
1069.07
1035.92
3136.76
1094.46
833.149
2469.93
695.643
2141.21
206.285
1392.14
4316.9
1620.48
3714.28
1276.53
135.493
842.447
1009.78
147.298
307.914
918.211
1633.99
338.874
1273.23
133.135
147.795
309.838
594.934
5274.98
423.024
586.929
2041.56
316.482
2891.05
1331.57
389.494
165.711
281.345
349.736
2409.96
179.256
2365.6
526.574
593.738
92.0031
3715.13
1951.53
105.846
425.127
2312.81
715.497
1188.26
381.791
584.331
535.954
558.7
2030.45
287.161
2309.59
1337.91
1389.82
1619
2087.23
5063.92
133.133
564.61
2054.16
1031.87
3372.13
1413.35
499.426
3072.21
390.372
583.766
243.504
229.606
652.483
2959.25
105.66
1891.09
1991.22
3059.52
753.666
3437.76
143.951
1012.23
2294.14
1575.68
2708.56
748.19
4160.66
4691.75
423.518
1143.03
1549.26
1457.15
1722.65
1540.27
2553.56
455.663
582.946
2758.89
731.846
519.048
906.01
1008.27
2307.19
6682.48
81.0926
1862.37
2708.94
396.236
1728.88
3064.69
373.581
1276.68
1997.2
1361.29
746.372
1115.43
3088
1197.33
1411.69
2515.59
1633.33
2012.42
1168.66
310.234
2446
527.903
3003.97
1711.99
591.243
1028.15
2145.72
511.33
1037.88
229.018
302.337
779.723
2881.84
1627.66
1940.68
1306.99
151.883
290.308
1502.22
270.637
517.288
384.144
986.117
3220.31
125.304
1266.7
795.109
186.069
110.291
660.474
571.621
1084.87
1430.32
764.234
1781.23
429.264
1848.84
2635.62
751.575
2256.93
894.721
790.502
914.121
643.793
533.087
301.847
188.971
1583.09
611.804
5447.55
1525.54
2676.66
2029.08
603.005
156.52
1232.91
950.26
2195.8
1073.2
1603.14
569.609
3198.48
508.054
515.282
189.007
170.891
1472.2
1994.26
1595.73
640.146
3942.11
274.624
1615.96
898.966
3759.23
182.238
909.954
1018.8
218.389
2008.26
3188.48
2083.89
230.292
766.929
452.516
3346.59
3817.68
1364.71
420.231
4151.87
3259.62
231.575
211.756
435.646
2113.25
378.22
743.064
1222.26
2042.92
1218.45
2330.17
541.943
5249.54
3483.31
1977.98
1048.35
2083.15
317.787
723.232
1281.59
154.709
1641.72
782.561
247.339
1065.71
440.349
504.645
3536.54
1252.22
658.781
2633.8
104.512
1897.69
1051.85
1638.38
1447.74
344.777
2907.45
2170.91
276.87
1201.71
874.391
541.095
897.16
458.694
174.383
311.638
80.9462
2850.21
419.165
2581.86
1499.29
3358.29
1544.88
577.31
1285.89
2517.27
1089.25
1095.7
331.503
706.933
106.642
330.223
183.307
3726.14
182.812
562.743
2911.21
618.563
135.028
768.187
1361.19
1429.43
2642.32
269.649
380.42
1690.48
1503.78
152.286
1349.41
1202.59
1054.23
1203.06
811.58
4107.92
217.25
467.164
602.353
246.32
1062.12
1521.78
1178.25
534.52
1476.18
4229.52
1247.68
935.891
3455.11
1905.6
2795.16
1722.54
765.424
72.6
725.142
853.817
3427.42
406.012
3284.56
2482.89
92.668
1319.3
2048.54
251.822
3513.9
2957.42
601.625
131.683
2032.35
521.673
292.078
644.831
856.213
1347.18
2344.1
167.334
318.548
1778.28
2914.46
3275.44
663.93
1751.06
668.622
1847.6
1494.31
102.162
213.722
1738.28
161.739
223.535
1713.6
158.477
555.642
963.81
1562.44
857.287
547.705
784.268
1734.56
3259.18
1007.28
1098.4
1371.96
273.278
554.811
3556.16
1655.98
1305.63
2245.49
713.722
5647.57
1526.6
1524.61
5972.17
1415.33
717.059
485.799
1932.95
1530.57
1576.63
8280.86
1171.08
3910.37
5137.4
916.991
3231.27
1150.51
2667.25
283.192
291.341
581.049
129.412
1407.6
3292.2
850.697
909.806
3656.87
2229.52
775.261
523.969
1599.57
1642.13
1524.96
3045.34
924.853
78.1428
1432.56
546.386
669.933
422.599
1904.59
302.033
155.134
1055.49
780.695
1499.81
413.404
548.422
894.943
940.064
403.661
653.22
1429.94
279.548
647.615
197.373
550.312
1185.86
1285.91
5008.29
972.289
394.433
390.362
287.81
758.443
1571.2
766.475
136.608
1976.16
694.615
249.973
656.172
496.154
363.355
936.216
306.84
162.077
243.56
243.397
448.987
499.483
1005.15
1177.05
403.315
656.931
1272.17
451.629
5726.21
367.16
1812.32
1008.83
2011.18
1469.24
1368.38
1494.5
1268.86
86.3308
2139.03
891.966
2203.13
65.0276
1259.21
323.211
2587.51
1771.55
137.269
1259.45
5929.22
2327.99
1801.08
655.379
325.816
576.701
571.188
3648.11
3322.86
2055.87
1239.18
1444.8
1122.35
669.268
1333.08
378.804
817.145
510.758
286.987
4921.32
1374.57
1244.93
718.575
3857.16
1870.78
270.812
2087.03
1548.49
2199.55
1076.97
346.71
707.258
1114.5
1580.72
1522.87
4550.47
599.416
139.741
4229.08
259.236
1505.38
3124.18
6000.58
1809.77
758.477
1124.89
1448.9
653.448
1427.68
205.995
4790.55
798.239
2252.65
867.857
1573.96
730.185
137.4
3292.63
1748.19
621.251
350.043
506.292
1679.76
2642.93
412.71
437.081
447.918
915.298
130.964
606.933
1895.94
505.323
2359.15
1576.1
1214.04
279.557
992.554
927.269
2080.18
300.712
2870.03
599.119
1600.11
1688.03
226.867
538.376
2919.95
1023.22
514.368
675.686
324.351
274.198
657.39
1819.41
3656.97
329.197
1023.26
775.624
898.337
1431.64
594.631
278.761
2733.39
383.097
777.871
775.433
4174.64
256.703
93.29
539.721
827.759
183.076
2486.67
615.721
61.2944
257.914
1849.53
1064.13
1742.63
2064.01
443.636
183.622
1700.15
632.754
233.397
988.114
393.541
2598.89
1054.99
357.585
1187.47
1251.35
2243.12
488.416
1643.82
110.952
193.425
106.067
1517.46
3438.51
904.877
5876.2
516.136
360.674
1787.02
3343.8
2387.46
1486.02
803.69
1562.68
1324.94
1027.74
522.536
670.161
3276.44
1801.65
968.793
304.694
396.757
1252.01
2922.08
1793.5
4167.75
1765.35
779.321
1403.76
3158.72
243.278
1056.83
2694.5
839.993
1646.35
583.578
152.094
591.6
2405.66
3149.36
1037.27
207.011
2215.57
130.238
2018.81
1663.49
3325.67
1861.51
672.732
1661.97
1404.78
96.747
921.085
1023.19
228.462
1869.47
499.039
1985.59
533.72
559.298
1122.78
5262.81
439.524
412.987
1513.67
775.406
759.625
1964.03
1691.76
1072.33
491.407
904.353
6705.99
1971.85
192.487
3567.09
440.425
636.32
271.58
366.985
2175.41
133.908
1216.5
1593.6
2604.21
4159.18
1718.57
178.45
1225.08
1048.07
476.478
993.659
1057.57
2172.41
2612.81
2530.5
1328.13
111.258
782.956
398.043
2005.65
1505.34
1205.97
798.791
1111.32
1392.49
2099.53
1314.78
1771.63
490.24
415.725
1197.73
2063.25
452.527
728.55
603.666
923.919
2254.17
960.769
346.108
1653.19
100.825
389.234
840.577
403.303
874.884
2360.34
982.16
1519.94
904.957
1014.36
410.783
2142.3
204.355
1051.94
1823.24
720.032
1375.08
500.241
1481.48
4085.07
219.6
685.329
304.504
202.284
1781.13
1346.68
202.204
825.345
1883.06
1303.78
766.869
222.301
1290.79
308.938
2202.56
913.044
801.877
399.697
55.8127
147.904
617.477
965.758
1205.64
2489.27
1086.68
1997.82
900.487
881.434
2777.77
4688
410.302
2604.43
977.69
1143.12
957.367
1578.79
359.31
823.838
1222.53
665.592
613.408
357.624
1114.52
700.435
1237.92
1198.69
378.037
2878.83
409.823
4355.01
191.049
276.681
427.438
534.036
3557.66
364.837
2541.71
642.578
508.889
511.958
1571.19
700.442
4283.93
709.831
338.818
796.679
1774.93
463.493
366.154
245.732
2605
1600.12
713.888
628.106
631.82
3797.34
261.508
2547.67
608.501
2908.03
365.574
5693.4
645.644
546.889
1847.73
2403.56
253.286
3011.09
1033.73
424.218
3897.69
2460.6
197.248
1365.92
2061.75
1307.57
354.858
168.87
2315.08
2797.59
545.715
219.46
1215.95
326.689
1238.53
149.9
170.547
2674.46
910.754
3709.22
7125.09
3123.33
3802.66
3566.79
1098.69
2057.37
1726.49
1617.59
730.159
734.639
2764.71
1787.97
1566.06
3826.02
601.234
2005.35
890.816
2950.16
951.185
749.169
3366.27
432.756
529.798
840.822
394.635
69.4985
85.4771
201.435
4095.47
813.346
1319.4
1093.63
1358.51
260.593
2095
1194.23
1652.34
1477.04
1267.28
1829.96
380.811
1686.1
795.876
1349.22
1523.49
85.572
2071.43
765.383
1133.7
668.389
239.189
905.387
1678.86
887.743
106.919
1637.81
514.615
411.526
371.583
394.483
1208.36
3386.12
2116.09
765.671
804.822
2143.28
596.781
130.917
369.549
2199.17
90.6874
139.695
855.82
1786.33
395.995
1914.61
793.774
1238.56
774.168
13510.3
760.317
2103.14
689.201
332.077
641.805
2105.9
2453.36
3381.35
681.99
409.29
640.184
784.141
233.567
419.769
432.846
2542.65
1947.67
1975.28
570.818
233.16
187.486
516.985
619.335
671.606
773.28
4370.57
152.94
1517.52
1287.61
1806.48
159.345
509.481
609.246
186.503
5381.6
350.337
592.475
1448.88
1048.36
307.161
4108.74
542.275
1781.32
878.009
1854.14
1501.11
2562.18
3215.26
420.381
3709.83
587.682
1034.56
4619.57
176.145
439.921
1135.77
143.815
2031.71
5388.41
3365.52
1616.29
347.054
508.87
3136.22
2134.22
3491.72
448.119
2497.98
1844.99
1855.01
1540.11
6783.31
1775.4
1308.53
1390.33
204.926
1695.27
946.967
4052.2
1377.43
556.492
676.167
657.663
182.297
834.588
1452.12
117.126
2246.93
1683.77
1476.87
2521.18
583.944
2734.01
1200.22
2308.9
1111.08
372.474
222.891
53.1408
1622.58
677.697
1182.21
1353.07
997.997
2567.98
2079.43
1459.18
4240.88
4338.37
3130.84
419.782
1042.51
758.707
1554.38
230.322
260.185
1987.03
4454.68
143.557
1324.93
985.23
3147.54
936.809
624.864
3296.76
155.328
513.2
1514.59
726.67
1187.69
91.0807
996.199
676.869
2320.14
1308.97
1551.18
603.346
5066.42
1185.7
476.418
1609.37
215.415
516.63
1070.72
6376.03
380.63
625.458
1246.49
416.698
3632.66
2073.62
1011.81
388.07
515.046
696.196
2579.65
155.999
551.919
476.407
1455.94
1409.5
220.72
208.998
2220.91
760.461
1515.6
786.08
2313.24
435.916
1529.51
817.477
416.55
726.351
224.897
484.136
2460.53
1201.88
7923.87
348.153
3051.6
671.115
1805.58
367.947
192.372
1742.09
2002.86
5106.48
695.345
2565.44
973.411
2666.4
1165.01
6249.96
1743.05
116.168
1311.34
3114.97
2560.76
103.815
2585.85
384.168
2552.6
689.877
3735.36
255.384
4746.62
380.406
1636.37
163.886
321.658
611.587
1133.77
3904.76
1422.55
267.167
172.671
501.734
237.646
755.054
1177.96
900.612
765.868
1487.67
392.264
2766.07
239.314
544.072
527.308
650.918
148.643
903.752
463.425
399.702
2436.07
666.715
3103.93
1120.48
3867.82
475.778
2252.64
565.749
3284.85
2720.99
962.257
1105.19
2503.94
247.926
2307.52
2476.07
5695.76
813.25
2512.92
1100.28
1508.26
2808.4
1579.09
1452.84
1681.21
1465.07
146.584
2655.86
3392.76
497.97
3550.71
816.306
57.9145
612.642
402.541
625.858
584.669
946.552
1223.41
406.151
379.198
2502.02
443.506
1306.37
1322.69
1150.74
629.703
603.56
783.79
1083.36
1551.28
903.864
431.281
582.932
1333.33
1726.03
856.607
1842.28
1217.79
635.279
718.962
4286.96
1051.97
264.928
754.645
3533.38
544.807
1534.34
536.557
4548.92
2936.63
1035.37
194.098
220.672
1277.76
367.896
314.18
448.855
245.913
1394.26
1283.64
455.051
334.733
217.88
481.998
162.989
1899.62
456.595
875.6
5357.74
650.889
599.251
2434.83
1234.05
3161.97
193.76
1676.41
4125.83
245.752
623.85
169.867
422.497
1072.9
427.701
647.058
3629.54
3048.96
3532.77
2343.39
3792.22
479.609
639.073
810.929
2188.93
1244.01
234.413
201.89
630.085
540.669
3452.71
1909.4
1879.98
1022.58
1188.56
1616.7
782.388
2944.47
2305.96
684.024
2824.9
1612.93
880.719
2136.74
482.084
1376.24
2025.85
363.021
1253.36
1165.4
3166.19
531.342
2017.05
650.689
5944.95
363.922
239.974
2483.32
275.953
622.173
318.446
4468.08
835.367
529.674
194.458
3066.95
2242.58
771.999
324.651
369.179
1171.26
934.359
1541.04
821.279
1579.19
583.581
4284.4
225.142
1722.41
1971.82
3223
362.05
990.58
434.795
1438.71
443.344
1627.49
401.354
1679.48
722.368
4817.05
552.547
2934.89
89.2521
1207.64
3162.35
2411.07
853.716
948.766
8307.28
1263.03
294.947
781.554
3042.46
204.347
634.675
156.427
1356.06
423.129
2330.99
910.045
1736.62
974.699
290.806
478.793
1293
277.407
228.967
666.6
2231.96
1438.48
271.024
3971.52
178.268
461.476
3250.95
680.182
336.608
1927.84
1314.95
785.417
505.934
1832.71
975.909
1108.91
274.413
1198.67
227.496
2850.7
2724.17
323.745
2700.55
1669.25
320.642
2364.47
1357.17
5233.17
984.15
77.6606
1722.58
651.421
1955.71
90.1214
5711.57
1865.8
488.119
650.502
3237.74
1703.84
1132.55
773.709
645.85
900.219
4553.19
213.179
407.676
381.66
525.747
538.622
1090.65
1092.19
5373.99
344.429
417.031
877.25
1205.9
442.158
135.066
168.013
2401.1
3082.32
4551.82
1389.41
1092.4
131.077
2179.25
281.412
269.362
2902.8
1294.07
355.464
216.945
508.343
170.837
240.529
711.084
395.861
1320.67
1389.55
689.258
1107.46
470.89
2640.46
1455.96
1061.78
1460.72
1484.27
633.961
5159.07
1441.15
328.833
532.351
356.477
1172.32
2045.67
2250.61
2032.15
1788.01
4231.32
1271.95
1240.11
564.985
572.033
1509.26
1342.82
1918.33
2159.18
1737.67
400.544
332.803
1343.07
1057.31
529.361
731.989
764.38
331.291
1265.78
607.934
538.777
5064.56
171.531
529.017
1341.29
4720.4
362.715
1646.41
1404.84
3447.92
149.584
824.758
296.66
2346.23
2064.75
739.318
103.716
3100.98
2489.55
649.43
174.272
150.786
1552.66
1959.52
3139.05
512.557
243.76
252.2
1241.33
2248.42
452.98
690.289
304.844
100.264
553.822
503.38
1258.25
761.735
134.842
1300.61
2671.76
1797.19
3449.56
2505.67
194.991
863.25
126.582
706.145
1668.17
90.2693
1072.83
353.619
124.196
1342.32
1339.16
878.838
273.003
5251.25
4232.77
4704.1
1951.31
1156.3
1216.2
1204.03
2934.88
2048.04
737.441
118.866
867.573
4222.49
1799.39
4520.02
3808.16
779.651
2161.82
1122.77
283.292
2298.19
205.949
2725.61
515.329
1682.49
1122.08
872.022
1477.03
2822.34
1641.35
384.748
442.1
912.181
210.317
1740.2
722.084
3061.21
1504
1003.19
505.989
584.575
2456.95
2062.62
1394.97
434.243
114.634
1370.11
3777.79
3528.42
1895.42
1336.48
185.789
826.032
544.119
549.419
453.985
1272.53
1703.21
514.036
571.652
2021.97
110.93
2232.58
477.978
2935.41
565.902
674.933
5010.5
1665.32
111.513
1623.37
2971.23
2227.12
378.355
1355.59
676.16
786.196
762.863
269.408
778.356
1518.43
229.907
161.422
857.597
4024.44
338.142
475.878
867.605
2189.33
567.345
882.527
1648.44
1168.67
1859.34
4809.13
612.899
449.578
3921.39
651.288
3471.65
909.693
4422.01
2065.72
670.785
210.989
257.108
192.437
151.874
1863.33
137.391
495.403
958.192
3080.06
1328.89
2246.09
1214.55
404.453
957.713
153.44
996.161
2034.17
1417.33
389.623
4045.78
1588.35
1536.73
354.977
3086.89
3270.7
4886.7
698.241
1108.21
169.592
3026.76
3987
547.544
1813.93
459.417
1143.17
269.161
680.332
965.788
1415.34
7859.29
176.269
1708.57
1371.34
1397.53
955.043
2486.26
1919.4
810.46
500.516
584.122
1204.75
687.615
930.987
3091.82
747.606
69.2978
508.838
1469.55
621.048
990.382
1156.71
2255.59
2057
1768.77
1426.6
488.997
805.449
1120.56
218.718
1268.2
1742.19
1200.68
3871.13
831.94
537.041
1211.03
1398.8
1993.2
223.5
1409.56
3250.22
3783.24
1705.96
1005.62
248.834
471.035
1422.61
1241.38
3818.68
1227.68
1346.35
2600.91
173.011
450.225
4641.83
1160.36
2541.99
695.708
1322.89
189.648
423.57
1755.23
450.304
3667.82
673.988
1199.41
1912
517.596
57.2056
1180.39
292.065
807.764
1437.96
545.96
207.883
1638.54
1378.86
854.612
512.45
2092.53
590.885
2225.09
740.121
859.747
1155.87
686.429
4068.86
233.628
2979.35
272.363
599.353
395.329
53.1247
314.622
598.806
211.336
921.323
1532.11
1481.98
636.309
916.098
3034.63
729.914
1561.63
136.151
1367.62
2198.32
2620.07
1126.65
3957.1
285.369
1232.35
531.724
147.894
1240.17
333.164
997.605
1038.53
1004.11
198.202
353.812
678.818
819.243
2010.22
590.037
572.345
1911.53
3467.24
3865.31
1370.96
1562.83
174.363
3634.22
1583.96
2710.22
1040.24
659.289
2334.26
334.758
1268.06
891.917
1543.15
1197.04
222.445
295.575
977.315
670.451
660.261
1916.46
2648.98
1813.77
378.465
634.551
1980.66
356.183
390.3
5408.99
609.893
213.666
3472.61
1058.09
428.797
2132.19
1226.71
578.904
135.199
672.618
181.079
1935.01
3395.58
293.701
1159.38
2478.42
1010.48
1999.13
1034.29
1137.24
1883.03
1041.44
933.257
493.948
1078.4
1677.81
184.757
57.7295
957.278
2285.09
2516.78
218.364
1470.36
1095.59
1088.5
1441.3
698.463
246.046
2339.5
156.024
374.196
191.047
3122.23
159.996
4463.98
1257.34
769.842
3696.05
710.466
4910.65
3068.98
345.1
1289.84
1206.76
1373.52
640.597
176.927
243.037
1674.71
595.521
277.325
1369.31
1463.3
247.565
636.054
1782.07
4078.94
1412.4
170.726
878.171
646.303
1367.66
1009.42
3175.83
502.485
2645.69
1843.09
1399.45
1002.66
1764.22
2183.06
2056.52
1112.5
952.968
1210.92
841.831
3358.06
2107.09
1775.17
4836.62
596.374
2315.4
85.6134
843.263
1077.03
1538.48
515.423
921.043
772.815
357.467
2512.39
388.815
983.396
1643.6
997.37
307.553
2608.01
1717.63
708.041
1116.15
2368.76
852.713
856.914
702.455
438.319
1642.59
1369.46
3336.22
1761.51
1299.3
1835.86
852.137
738.895
2070.43
1895.86
3704.43
259.681
212.159
1502.28
245.325
458.673
1412.08
151.516
963.209
453.271
536.434
1994.94
3137
725.866
4021.19
80.8119
290.902
408.02
759.505
5019.77
1594.18
1019.65
1277.33
1969.29
556.137
861.183
3639.9
768.112
461.328
3455.8
541.324
2139.12
833.934
1469.91
491.847
636.564
472.472
2542.7
1442.39
378.869
235.685
682.502
483.918
2061.18
2746.67
596.821
819.303
2228.55
4741.68
1420.19
2698.58
1380.7
537.818
778.24
816.297
5191.74
2853.59
1015.02
3019.69
464.148
444.163
125.44
824.267
866.006
796.079
813.467
460.785
891.888
932.328
238.969
323.128
2025.31
2127.37
972.335
4671.28
2339.23
466.732
642.76
1911.74
646.41
975.686
2975.84
1656.29
756.615
1323.19
897.397
311.578
4021.79
681.206
832.742
119.278
473.043
566.411
723.481
337.296
3039.47
1235.87
246.9
1417.38
462.603
1285.49
7111.88
382.462
241.696
154.656
146.349
651.28
1452.27
507.202
587.669
1010.56
1416.85
1151.57
1116.64
2553.49
903.84
3338.28
412.482
150.703
1849.72
1570.73
917.878
1273.36
2248.63
2813.9
2136.46
3419.66
547.555
236.728
1475.09
2477.68
350.257
486.19
396.488
2434.92
605.927
385.703
867.965
855.048
594.583
813.414
1553.34
1828.49
1957.43
233.658
2080.66
284.214
3923.9
3026.86
466.665
249.929
340.65
156.288
333.616
437.502
1315.49
892.074
708.148
362.093
1048.63
1585.33
3593.96
189.594
1773.23
5490.92
309.944
619.406
857.16
302.569
1312.8
195.923
2447.7
309.58
1500.54
670.732
535.627
3734.65
5049.33
1955.25
4642.18
2694.18
1123.05
200.659
2018.71
435.921
239.471
553.744
1331.12
507.934
2870.85
546.021
1304.43
1239.24
242.882
577.266
1220.69
3577.51
214.091
2476.53
1453.16
233.032
206.219
2559.74
847.294
120.407
851.512
2551.38
153.105
1154.59
1776.7
1780.92
1780.06
2453.68
193.876
1392.83
2118.13
558.256
4234.97
713.715
3084.76
729.483
5444.9
990.596
301.795
657.402
657.977
585.166
608.688
305.468
1506.6
1914.18
46.9644
299.176
702.518
463.142
1343.57
1070.23
581.436
2635.69
1927.77
366.206
907.643
415.036
2576.92
2616.43
689
782.812
314.53
1533.13
1857.35
232.146
373.352
1025.83
1286.1
2304.55
641.285
2351.95
362.532
2592.42
218.034
1280.74
429.272
673.301
5358.68
627.026
1235.41
700.836
245.661
402.443
1783.7
1236.81
710.361
243.42
761.939
930.772
728.004
1505.21
621.082
1262.28
924.737
1878.01
1225.62
3107.13
1013.38
2210.08
3753.51
434.694
207.707
598.633
287.391
146.338
1682.13
4080.39
894.421
1419.58
228.628
2127.03
401.218
2682.25
1968.22
924.121
816.819
106.854
1212.19
1325.58
309.615
554.123
664.282
468.71
374.009
608.434
2059.86
610.587
1285.07
433.169
93.9151
1678.52
215.826
2792.12
1045.97
688.745
759.673
1871.03
2242.21
2595.01
306.412
1794.58
3175.06
1899.84
1313.61
874.211
1011.17
2875.28
612.162
196.556
131.294
5392.56
203.105
621.282
497.034
764.87
234.39
1506.64
82.6807
1829.87
233.615
123.321
358.758
829.156
293.412
742.017
705.045
2019.77
959.521
1281.29
489.081
1329.24
4785.85
423.682
271.374
580.526
599.941
1426.14
382.145
232.415
2578.02
882.888
581.442
324.647
908.397
623.458
591.164
2543.66
1257.65
1329.34
358.162
1775.7
149.995
864.322
229.707
1171.1
395.346
1092.13
1490.95
172.273
1574.33
873.418
507.649
1942.12
868.323
2611.77
778.139
619.039
886.417
3077.14
1708.96
1050.44
1691.5
346.429
920.965
4320.44
441.174
602.035
710.028
498.986
1231.62
681.048
4004.2
953.49
2326.76
795.535
2414.6
482.262
2125.05
127.143
356.233
1139.45
1908.19
285.18
466.313
556.554
1607.77
107.03
5391.39
779.758
560.762
1571.47
2074.51
3550.16
2395
2156.32
2979.51
671.834
702.014
517.988
1334.89
842.424
858.986
1065.65
2545.36
1457.09
661.563
1630.62
113.855
587.527
91.8489
1290.36
1811.93
218.825
652.785
4719.16
1512.06
324.497
329.941
1899.36
434.281
986.843
716.481
2917.74
1997.38
875.689
182.963
2333.02
1020.51
1641.71
309.48
3000.61
2284.47
521.897
699.623
3224.18
3333.82
4402.85
1721.94
200.557
992.595
358.157
267.686
780.32
940.739
2762.49
625.006
796.602
1104.53
1705.22
1604.75
5230.79
2700.4
2139.69
1690.22
661.9
3489.56
1736.92
671.621
921.867
279.384
119.487
1201.38
611.654
477.293
1937.99
1031.1
518.623
876.538
224.148
902.786
1374.97
837.209
1502.1
844.156
456.53
1763.73
2937.73
218.755
3211.76
739.146
991.202
2104.73
195.31
9293.35
894.707
1035.88
496.187
1045.57
3128.27
392.765
1004.52
780.751
826.648
130.687
1592.41
3246.21
776.384
720.649
1668.05
327.964
764.323
382.897
3876.65
1750.22
6364.74
412.871
1257.37
371.075
687.518
598.214
1955.23
524.684
1985.9
3843.78
1146.35
2389.93
753.861
161.692
100.376
1958.71
2322.28
406.32
252.433
726.162
872.381
378.287
2725.4
4407.16
353.955
3120.94
4648.8
516.102
1737.32
1926.15
4983.18
2537.56
949.48
1060.76
1890.42
684.066
383.447
580.336
1313.83
144.649
1151.95
314.558
2753.55
2358.56
244.16
1221.56
169.621
1331.1
261.032
2876.12
2628.83
843.235
1372.52
1264.25
2177.08
505.259
1120.71
726.677
1587.09
150.481
5981.42
2907.98
487.044
278.695
1927.24
1143.93
2086.57
976.77
838.644
922.793
1123.37
1806.79
2162.83
5870.04
1044.28
1017.98
2852.87
1121.82
105.244
188.011
627.018
1716.56
3023.11
2688.22
1320.52
4476.85
625.525
1383.99
2921.27
5004.83
1259.97
510.302
1132.93
332.448
305.823
521.41
1645.73
1129.38
85.8969
1133.87
343.78
1662.67
401.428
403.867
91.6174
173.508
5941.91
857.154
329.697
5477.14
3293.63
580.854
341.665
1165.74
847.761
2021.18
769.414
972.583
196.335
338.192
348.167
853.631
934.707
1082.84
686.909
1410.95
438.596
470.746
822.89
2526.14
445.409
529.881
819.492
1730.05
2352.27
131.331
1042.65
2216.6
445.826
210.276
2047.42
1928.01
143.525
732.523
144.026
2114.74
2889.29
828.827
660.246
2084.98
2304.19
437.987
3871.14
1002.35
3495.3
1038.62
1802.83
2207.14
3422.01
2350.92
120.73
652.302
1470.23
211.627
992.326
3178.13
1871.27
1357.89
952.401
381.379
544.66
1134.46
949.782
439.761
821.854
677.749
665.603
1236.27
2106.16
1320.76
66.5569
447.035
1553.23
943.315
744.992
326.822
559.684
1188.6
714.315
960.295
582.101
526.961
1382.16
563.384
371.454
494.224
341.816
229.029
1424.2
2095.91
3160.31
282.216
1807.01
3398.94
647.431
2765.38
782.658
1700.51
781.887
1196.87
1155.43
4191.14
1107.27
3273.74
197.079
897.888
1079.39
496.162
251.539
546.694
129.193
676.773
524.739
261.091
2627.57
2414.44
273.504
4655.22
1941.99
951.963
5153.42
2681.71
1570.24
630.749
1117.6
3244.63
500.809
1856.93
1050.61
862.682
1588.42
499.272
588.623
2354.73
286.492
298.389
788.631
528.428
2055.16
8029.4
2860.52
995.928
1811.03
895.804
629.506
362.625
555.973
1103.22
2472.06
460.436
1338.85
802.713
389.379
4578.37
45.2708
1307.22
1784.75
1758.57
217.126
232.242
409.136
506.139
333.608
887.642
5314.41
2839.81
594.218
1357.87
503.467
5554.03
1539.11
365.8
1071.32
2767.54
496.115
383.101
2838.5
1190.24
1009.22
1858.26
2217.47
206.803
3836.84
1436.32
1078.32
1344.82
145.664
2627.25
1160.28
2127.7
2821.93
1535.92
159.732
1352.53
215.454
1555.99
1584.78
2201.65
1761.57
208.406
1097.5
803.737
130.602
1152.68
1003.47
2938
1426.47
487.777
182.48
1697.21
1636.06
3775.07
1280.75
433.081
1558.46
1246.21
2352.6
1875.43
3199.51
3531.76
1396.01
556.84
271.574
227.716
248.432
1067.37
300.039
8403.68
1532.3
694.193
285.194
2354.82
1194.6
528.3
814.393
496.725
446.828
2189.54
1887.41
2428.11
1125.37
1246.48
2609.15
480.929
176.286
1966.3
3590.05
541.858
2622.74
3875.81
649.847
301.316
1064.25
555.719
761.016
2277.48
124.497
641.875
2506.6
1095.08
87.8516
2900.51
966.057
503.844
1323.3
345.496
1387.89
2337.06
241.226
1279.45
780.043
387.661
2843.73
2813.66
392.604
510.702
1649.58
390.071
4353.89
189.15
1717.01
1947.33
619.391
652.265
2223.83
728.274
2311.45
1812.64
899.542
896.51
1149.38
568.486
445.164
1063
895.061
915.784
232.829
1219.15
1006.68
3347.61
1309.54
795.994
1279.92
375.875
502.546
2013.76
1031.72
1469.43
1577.95
909.183
1060.84
1031.31
2398.25
2331.9
772.344
1144.42
983.572
537.688
1010.38
129.85
2257.83
291.931
776.517
1429.85
6897.71
78.5979
5938.12
2844.77
1883.15
2156.77
528.655
910.474
2718.83
2399.21
3859.15
10861.9
1150.48
1985.59
230.522
2228.68
688.409
566.691
867.868
4658.07
1511.85
220.16
263.074
539.885
886.076
1374.21
2543.05
197.455
1896.88
259.811
406.443
1599.39
2000.2
1389.81
2466.33
4738.73
1187.17
283.862
139.505
1662.11
1818.97
4735.02
220.724
2474.69
887.444
889.69
957.511
392.697
105.91
2458.72
400.671
1617.03
437.6
1698.72
1659.61
959.788
76.2756
112.878
649.24
757.026
2480.3
2077.19
1683.21
4203.67
1861.38
773.849
4326.48
1905.19
243.96
814.713
1392.15
1192.26
188.235
2884.93
727.071
1485.67
3210.6
1321.66
75.9439
1512.92
2181.1
931.712
571.274
619.512
676.675
522.343
282.65
869.313
541.206
2246.98
1836.43
4128.78
460.168
372.903
1017.73
632.115
1735.56
1474.45
487.143
2739.47
2262.11
502.32
5548.15
1740.38
1354.82
435.393
808.442
712.715
139.375
2019.91
4200.31
215.978
837.502
276.559
1458.81
1176.44
1128.53
893.14
4515.47
1175.43
841.536
761.666
2787.14
1174.18
1086.44
5177.92
194.953
1715.69
1782.01
1511.06
1231.61
437.998
1054.57
952.514
2886.17
2286.34
1028.88
861.577
593.682
548.818
617.234
1451.17
3575.05
209.587
1177.76
136.349
820.996
193.359
1349.35
135.83
1170.15
7322.72
1718.52
472.204
162.316
382.603
244.845
663.13
2894.55
6272.7
461.835
5611.27
238.165
289.682
1023.13
348.558
98.0542
205.528
1837.76
2763.98
1877.21
1174.79
318.492
223.256
1176.46
159.457
1952.97
551.805
720.377
151.841
211.592
652.132
381.813
913.472
357.104
617.978
1736.85
461.13
1055.8
2311.42
746.92
713.008
1046.04
953.355
903.03
347.367
6463.8
213.864
961.778
1834.88
838.428
3203.29
6070.07
314.035
670.405
1027.5
149.008
3925.24
261.289
624.15
3181.44
1338.41
774.227
854.029
195.112
1475.65
1339.29
828.762
221.826
508.309
978.691
928.462
1030.05
298.219
489.238
1205.2
421.302
3479.25
192.694
2664.98
507.004
316.596
828.784
695.012
4550.23
283.9
3666.11
714.936
616.78
569.564
2004.65
993.064
2304.81
207.939
774.24
627.055
2827.67
1519
1243.89
526.941
1463.65
477.274
1737.87
1497.45
1748.94
647.385
899.633
335.084
127.568
414.293
217.311
1046.98
4038.29
3519.81
605.041
974.877
730.491
3226.09
566.793
158.367
1284.37
814.389
839.454
1838.31
367.112
700.641
929.968
941.559
241.011
299.859
828.578
2459.95
135.581
377.922
1718.38
1572.83
549.793
102.182
3074.35
286.519
300.541
2137.72
295.749
568.292
853.668
789.226
700.25
91.7518
706.254
843.786
3428.9
1103.86
428.696
652.624
1048.98
789.79
826.652
4825.28
901.778
237.82
479.45
263.39
755.716
85.467
566.864
3784.14
1310.49
192.727
1708.91
405.678
302.418
2411.25
5323.6
893.927
1113.84
893.943
2500.23
1386.58
700.111
423.034
172.266
177.387
3274.75
412.78
657.327
390.557
1188.35
1525.87
331.471
1108.92
126.31
169.006
3987.26
2744.97
1744.43
132.919
482.585
1255.22
1656.34
516.183
573.729
1660.39
4635.12
376.924
3739.39
1325.44
816.683
153.13
233.702
712.419
1191.91
2631.54
2567.6
395.119
3608.1
635.035
3844.79
531.377
156.143
2437.43
260.04
546.203
891.518
764.527
1633.26
133.999
444.906
2094.04
1157.84
173.591
431.607
296.778
262.535
582.623
1297.78
541.201
2588.87
555.097
4999.16
2979.16
1622.31
3360.54
184.92
785.479
473.214
2627.3
511.034
2534.17
1952.58
2583.8
385.696
1292.24
2012.31
1385.34
102.95
2123.16
4577.15
1806.04
420.236
3129.85
206.518
1932.03
846.929
577.94
2762.1
788.221
207.492
579.944
1586.86
1433.93
972.234
2839.42
655.868
1181.6
239.071
812.164
1969.23
733.973
871.837
583.065
101.984
441.409
532.755
1480.06
1895.1
616.052
4161.68
4502.73
547.064
466.165
135.665
1940.27
2213.22
1361.43
4640.65
349.356
1066.6
2671.54
1354.99
252.553
113.264
227.879
718.781
1453.52
1679.26
769.483
843.9
3031.81
3432.74
385.195
1724.33
1248.84
401.806
805.775
2082.83
381.283
1430.49
1185.25
463.806
1540
866.26
1969.54
940.884
2047.35
2275.4
1730.24
1020.92
2942.04
1041.62
2520.03
2746.31
1242.03
647.206
1773.58
710.145
1526.84
1173.19
145.812
119.068
325.038
2216.12
1483.17
1345.5
539.955
1639.45
1117.74
216.64
270.374
278.118
1684.49
1062.89
648.127
452.223
1913.84
1839.42
541.339
3146.57
379.299
1932.64
119.43
802.866
270.885
1234.09
182.688
757.368
4031.54
1547.97
1174.23
2608.55
271.848
318.76
4331.28
1093.79
2100.36
1218.39
851.048
3049.24
297.037
3438.04
425.87
2209.44
564.658
1998.57
501.515
1026.32
743.061
1345.27
728.812
4018.07
2263.3
160.25
2178.04
807.569
4565.81
3260.43
154.336
3133.17
2413.64
1516.84
998.329
113.149
1962.66
2083.49
1573.66
1042.74
2243.3
754.295
1128.35
1585.24
1476.11
1179.35
5874.05
2701.68
1622.54
137.863
631.264
1648.49
1332.4
1607.38
315.137
1770.28
2391.39
223.838
2236.16
1317.84
669.268
3029.51
268.206
510.378
494.401
346.915
1259.84
4746.78
3511.67
5220.45
1747.79
920.498
1438.73
1615.28
493.447
241.082
765.173
801.846
1728.48
1984.64
640.838
219.837
908.024
613.784
838.483
450.926
249.377
422.788
310.507
506.043
553.287
1816.38
608.16
322.267
1586.93
1993.36
602.063
764.891
802.658
457.388
1053.47
2337.05
5035.44
2112.04
704.81
1463.93
1500.26
516.216
224.132
1757.53
289.835
1682.45
318.899
1651.7
1342.37
1455.35
1280.96
414.766
1122.05
907.413
414.342
226.32
1408.67
886.027
2338.29
2767.19
696.513
1179.16
1150.23
745.878
127.819
1029.4
2332.11
495.209
1779.26
1438.29
2146.78
3343.86
500.262
1596.54
1795.17
246.559
253.654
1525.75
2759.17
274.117
881.324
3269.6
486.92
855.385
121.121
1521.92
420.19
4892
1672.22
1243.99
407.4
4919.86
2865.71
1870.62
442.797
4490.55
1227.25
218.83
581.735
2802.44
286.924
581.659
741.008
1268.53
2143.16
4066.82
2286.31
2031.13
586.309
405.73
886.162
4092.58
473.442
109.202
383.584
1420.74
1886.4
601.797
168.034
1946.92
89.3563
583.522
773.23
429.329
199.134
1445.04
1840.1
676.83
379.688
3026.71
2148.14
3131.92
430.84
980.459
273.591
3999.4
2680.92
118.624
3709.96
1835.37
986.998
1130.18
517.636
180.901
556.194
1072.36
900.323
226.113
2205.98
2354.17
97.1515
3298.41
3791.17
585.936
2007.75
942.789
2941.87
324.28
959.774
335.303
5402.68
1110.04
355.364
1516.7
1575.83
1424.11
1640.62
1496.27
2599.48
1697.68
2095.62
526.273
1241.61
1429.84
154.313
520.236
1640.35
204.681
1557.78
4097.65
3869.85
1049.65
2896.76
932.39
111.943
116.573
1442.49
567.975
641.172
1724.36
5675.42
1815.44
2884.91
406.333
223.071
2682.48
293.07
1215.89
846.247
262.003
427.142
1805.47
665.893
3378.89
603.058
236.28
3306.43
112.018
667.275
4809.65
1157.76
75.9058
330.274
592.756
6384.9
3187.08
2849.28
111.262
399.723
302.456
2404.33
218.602
190.793
641.024
908.037
552.748
3257.91
243.212
1351.16
1635.21
586.769
788.384
3257.72
735.542
390.464
297.007
898.208
1530.47
319.315
207.818
534.222
709.2
377.927
2073.16
369.371
4044.11
1373.9
668.729
905.537
482.726
96.3886
376.871
639.467
1826.79
1844.22
173.55
958.231
858.287
602.741
569.293
499.543
1156.96
438.465
1629.27
984.43
2859.87
177.323
2064.68
2111.09
1232.76
134.308
435.102
432.686
953.473
997.989
170.677
1576.46
3248.5
1892.87
1593.39
833.878
3149.97
1046.63
211.056
1002.22
632.905
847.925
954.22
2663.5
1197.72
1697.6
915.147
2443.61
879.329
169.461
1647.51
2205.95
2019.77
1292.47
3256.57
901.002
990.47
211.518
3192.33
7035.94
1180.13
1662.07
148.03
2882.93
4679.92
609.195
1817
2186.5
1488.16
907.036
566.626
2216.07
425.069
1112.58
296.474
1716.5
2173.24
302.272
511.554
1597.45
203.053
1261.29
406.674
2284.63
1518.48
2040.58
140.882
473.451
660.723
1769.6
1782.98
1827.75
576.731
1632.43
2567.01
1018.56
265.733
3250.61
766.578
652.646
967.173
2928.76
5087.89
1234.37
549.474
1785.25
3649.08
586.867
1372.8
376.474
429.594
282.754
552.532
437.111
62.8736
1488.28
1424.03
1053.8
509.473
146.034
304.688
1425.44
578.44
1580.44
3403.91
1636.59
909.337
773.843
110.66
498.308
659.77
338.952
314.828
420.304
887.319
4735.6
1310.47
2251.04
3492.84
3697.73
359.009
124.299
3028.28
618.847
122.767
507.663
1290.25
219.282
211.996
3303.19
1144.42
411.636
1354.16
2091.71
340.138
493.823
1114.72
698.506
162.984
510.662
722.281
686.938
2382.7
4450.93
828.94
1140.61
1605.65
1641.54
353.417
691.137
3415.27
306.127
986.843
1753.56
1231.14
2282.75
385.639
407.301
2765.46
4561.33
2226.08
1766.98
594.61
1266.48
597.48
123.712
580.869
2360.48
845.804
1402.46
716.07
944.533
590.479
295.823
798.567
651.88
1104.35
6735.93
2126.05
1049.81
2489.27
771.34
389.549
788.161
1864.5
1078.03
1197.57
2606.21
2180.17
1346.62
2198.91
7269.1
543.916
1104.03
1080.33
893.196
1882.52
1493.8
657.892
980.901
182.149
2400.16
1109.69
315.52
855.435
443.403
2116.44
1834.91
649.217
789.53
717.541
879.26
219.526
381.393
243.336
3319.83
1264.82
259.39
1584.76
1495.18
2229.69
768.699
946.56
2993.75
179.438
828.184
1304.54
317.288
122.419
474.085
4053.65
1129.08
1340.6
1703.22
208.327
208.889
1008.36
2842.31
117.488
466.65
3652.99
1254.13
534.349
728.05
317.324
2433.24
1213.52
2056.82
456.983
305.994
2322.41
2308.92
1571.92
2328.86
738.59
1503.59
2713.44
1855.21
199.925
1283.95
827.698
498.12
4985.73
2766.57
591.856
980.948
1807.84
1587.48
2530.05
1784.22
671.675
279.634
334.375
818.746
4943.45
425.301
1258.91
437.769
119.001
1048.77
3436.42
344.968
488.262
1205.47
266.199
418.316
1635.06
141.332
548.604
831.387
1214
649.01
535.786
366.855
994.236
302.463
825.749
167.037
737.754
3122.98
1972.01
2268.5
5296.56
258.775
341.676
307.395
4220.96
384.808
481.937
1689.62
1213.67
1864.89
1343.65
938.511
2698.49
3449.36
438.889
845.934
128.275
365.93
2644.25
842.943
320.38
4331.5
123.571
1126.16
1057.11
463.953
843.578
884.868
307.384
2752.3
1262.08
1838.65
204.687
1194.77
743.202
5470.35
649.713
2050.45
412.528
2069.3
1088.63
1793.01
2743.61
4197.6
1067.87
361.845
1184.01
608.623
175.683
197.55
2436.13
1345.02
818.242
817.687
2698.69
628.544
2113.86
593.885
827.112
171.297
3309.86
1571.47
2712.06
602.635
1882.09
223.032
1788.38
631.122
1034.17
1506.9
3510.2
1052.73
152.36
387.082
622.739
3444.27
758.338
1872.28
581.337
162.118
658.156
171.52
292.813
123.407
981.537
1580.8
1647.37
1459.39
247.222
1711.27
887.656
1071.07
1210.05
91.8422
1422.52
2532.84
899.056
3025.64
331.367
251.277
652.137
1384.59
916.18
494.158
777.524
489.718
158.894
3049.65
4870.63
4024.96
373.243
2242.13
1803.87
1799.71
1233.45
211.555
3227.98
497.472
2964.82
187.158
4496.86
4655
331.676
900.801
1131.21
239.495
1311.41
162.87
1133.68
758.072
196.782
965.33
882.611
1528.76
1337.13
1114.33
1939.31
2060.81
1158.53
1851.03
253.432
581.854
1079.63
1119.17
1752.29
399.579
722.725
123.449
303.42
3981.51
1204.34
2543.78
635.283
598.283
266.803
943.45
901.509
491.494
1211.57
940.067
363.133
337.05
1550.88
1554.58
2093.22
146.374
394.905
1495.73
95.9797
1855.86
929.468
144.718
1532.58
711.345
140.125
855.599
2459.89
257.986
70.1515
5529.65
4361.3
1191.54
4518.84
737.079
1377.22
1507.6
1384.41
447.442
1147.68
120.451
409.498
298.245
236.78
4476.08
315.057
1354.58
561.166
1279.16
1096.95
87.6672
2437
578.847
2146.51
677.702
570.753
843.434
364.508
3431.91
4442.35
393.479
2577.85
1225.06
558.745
2576.15
192.302
580.21
861.446
1142.66
399.97
2021.83
318.282
1376.02
2347.31
615.596
951.847
2387.61
282.2
6002.19
1081.08
1331.79
4099.47
1695.31
1438.66
1274.34
2818.46
218.407
1000.68
569.723
599.604
437.583
2017.17
656.07
2008.92
1385.21
1550.2
672.163
615.943
2311.86
242.22
2745.24
160.689
295.601
289.674
305.401
619.024
1046.93
2035.04
1364.1
818.639
510.099
751.057
1073.9
2017.74
2216.06
723.921
1702.79
2019.49
984.617
1132.06
868.595
2925.64
3250.77
748.121
2727.44
1087.96
1525.48
1207.52
2923.74
1183.42
353.182
362.424
393.678
857.957
532.961
3733.67
942.606
504.627
360.694
514.926
588.291
1008.15
1060.35
167.227
378.188
568.437
4056.45
518.156
498.512
1525.45
4427.29
1705.09
2393.51
1776.97
4300.58
1290.52
2317.01
943.31
347.37
1342.73
3500.22
368.196
2993.31
1858.68
2031.02
161.812
700.536
125.147
5032.64
1508.63
1278.66
3931.89
1298.27
3304.72
934.048
2800.72
764.472
2353.41
908.527
495.325
315.011
1116.95
266.944
2001.38
1166.12
5080.16
362.193
441.316
5649.55
1450.96
1429
1552.2
694.463
70.249
1562.34
1528.56
2618.98
494.777
1965.07
4525.37
2848.5
4225.58
1809.61
387.124
1673
3005.84
175.135
936.12
509.141
1040.73
185.942
1253.55
686.153
317.511
793.652
1538.55
3643.47
367.536
1186.94
444.298
617.767
797.824
1403.07
1020.14
490.333
1319.16
1134.02
1377.41
1147.62
1934.28
115.763
581.467
1650.53
2992.1
3217.29
719.373
1654.45
1650.82
888.701
979.884
4266.28
1596.87
1831.16
1015.69
239.46
1511.45
372.453
124.155
1133.53
1334.24
221.551
1052.82
1434.83
1837.06
499.894
2821.31
1018.64
4916.43
590.916
1700.81
633.592
890.625
3103.66
368.643
1613.94
1247.62
789.445
1000.31
429.268
1076.9
200.049
436.417
556.332
238.634
1082.91
97.9799
579.374
807.604
250.859
453.235
828.656
947.965
4851.79
1553.01
1133.16
303.709
784.314
396.202
307.919
5380.84
973.403
444.785
4162.04
6026.99
3337.11
406.277
3187.87
978.179
571.688
2046.82
2720.07
330.069
1014.47
1247.17
1599.33
231.803
199.877
239.193
3207.13
370.787
3024.91
1849.67
298.844
2821.31
57.7261
3261.78
278.746
1273.61
550.328
2140.24
1223.46
1174.01
651.027
482.971
2377.06
6985.41
1256.6
451.56
294.327
1485.75
1965.78
644.192
864.795
137.93
746.253
740.848
254.825
1034.66
183.389
2625.22
325.177
2797.18
1959.35
206.057
1221.75
5477.59
236.325
675.328
234.159
2289.39
2542.19
865.284
1520.26
1947.61
1362.72
1767.87
269.184
1940.25
1923.34
1730.62
867.988
1672.87
4613.41
83.0801
2011.43
577.091
3035.2
1446.32
271.428
145.384
3853.86
1589.12
762.705
371.838
1289.81
2563.72
5825.65
1602.44
1286.27
981.64
1307.28
2864.54
822.287
514.751
3810.36
1014.91
1914.44
1215.76
716.031
1157.42
250.748
1512.78
579.699
370.364
387.67
336.846
610.802
1234.91
2168.44
335.729
333.718
1425.64
166.791
254.268
3429.85
106.032
369.164
797.567
1343.88
1920.41
2724.78
1124.05
1041.36
157.124
959.245
2217.77
3219.41
1539.74
510.841
332.155
997.728
7136.5
611.068
152.36
5255.26
1444.01
1566.31
4212.24
1018.03
1909.53
2243.72
278.588
6315.71
569.182
2602.87
1363.22
8098.5
2445.09
1547.81
1085.13
3873.69
156.119
77.4842
1276.18
3459.79
563.969
294.902
1027.67
1927.81
1917.15
1233.54
227.837
926.561
1017.59
640.297
1034.72
1025.74
2172.72
768.193
693.548
1391.4
3570.07
1412.94
950.344
3515.51
2766.07
117.609
232.306
487.959
138.483
2317.42
530.258
1227.75
1175.35
272.802
1030.87
1678.77
450.152
1553.16
1573.29
2704.29
1221.15
3578.97
1461.94
960.957
2162.09
672.541
3554.61
270.35
179.874
1128.56
3357.96
1458.04
2178.05
560.746
212.436
4043.68
726.637
1286.74
450.746
1377.7
1097.16
700.915
1048.8
1849.67
570.037
1643.86
1524.12
716.547
1905.96
71.9941
658.086
1233.5
467.012
729.169
200.113
267.721
3403.16
1362.27
1823.16
328.22
1882.6
119.955
180.077
331.696
293.21
1545.51
3992.24
418.149
688.923
1859.15
1323.75
140.19
3921.73
962.862
466.406
907.026
912.719
170.806
1816.51
604.084
1610.75
2747.82
957.991
188.274
1650.75
2376.7
1861.44
3722.54
1368.99
2540.39
93.5968
388.049
3551.04
4444.04
2051.06
1038.13
545.727
1511.97
1141.73
2449.94
142.656
549.686
83.8704
2455.8
774.284
1462.75
2110.39
2287.9
918.16
1422.7
1408.46
2263.26
386.473
335.838
122.452
3576.73
252.785
631.58
2505.85
4458.43
915.695
1724.72
390.068
661.599
171.541
2701.58
164.903
332.19
1492.73
264.196
931.932
397.057
335.619
5008.41
1333.15
154.984
1320.97
1693.35
416.117
1577.93
796.047
992.144
1512.03
2779.96
655.19
318.463
204.566
2102.68
2427.57
1822.14
902.978
1069.28
737.862
1232.08
261.762
631.031
1379.7
1540.91
1911.77
79.2671
452.236
3463.26
341.689
1226.41
1505.63
1985.05
2615.09
1843.98
1994.18
132.311
453.037
1316.93
2845.5
723.252
775.596
1673.28
775.888
2072.96
524.409
3261.27
281.563
1861.68
2826.75
356.587
762.596
3375.14
1671.2
6080.1
794.997
581.444
1530.78
3880.42
1395.63
1552.15
942.637
147.367
696.002
2104.35
545.562
687.328
520.035
1074.05
984.03
1282.04
3386.97
2240.35
3897.65
617.168
54.9195
638.076
1002.33
2260.39
190.987
618.015
750.033
825.457
1363.56
2985.6
1070.31
2091.56
1901.82
309.366
368.234
961.956
3296.48
1203.48
340.273
639.776
594.998
4290.98
77.2956
529.641
3102.46
2046.94
5835.28
1361.24
894.367
234.007
2236.99
160.124
1064.07
196.57
2460.35
575.114
630.139
5356.78
1474.97
1425.16
600.229
995.861
357.239
149.913
1278.23
2006.92
912.575
352.725
1000.59
2966.82
810.351
1122.84
4738.76
788.643
164.045
4762.04
5703.36
554.185
2863.65
392.138
804.855
4343.98
245.777
1121.99
848.085
418.538
1380.81
1440.38
168.993
898.283
1712.37
814.136
438.007
711.283
5242.42
7835.68
224.173
7938.55
1293.18
301.615
782.163
568.568
3808.69
3771.8
860.542
1863.69
505.874
203.79
447.366
1887.7
5719.02
2961.69
3120.83
303.726
4714.94
136.263
320.058
305.237
1527.12
877.309
1075.3
229.401
1959.58
4203.87
169.221
479.691
122.306
3017.61
285.227
1816.3
236.93
3549.42
1499.2
276.544
470.14
1510.29
2944.29
2491.09
161.939
5025.72
1284.56
276.092
3431.42
1449.61
1447.64
4444.5
331.536
1139.99
3127.09
674.668
3554.49
1383.46
559.671
1250.2
490.724
1468.98
4001.28
1078.88
174.891
305.157
882.543
5308.17
2169.16
301.506
2042.38
1888.54
164.269
1233.19
1772.28
2152.62
2117.15
3246.18
1124.33
753.6
396.553
640.059
1001.42
5786.75
253.097
1718.14
1307.72
215.993
498.917
1894.89
1110.68
756.139
316.01
783.042
528.328
2569.03
167.947
570.105
769.311
1480.7
881.148
960.183
738.822
1444.34
1324.83
2638.85
278.763
154.957
3239.25
761.767
1657.55
2417.71
2785.8
1585.48
167.14
5914.63
2093
1613.62
1646.63
2471.28
336.562
703.594
1098.82
1841.93
2120.88
703.808
4057.91
369.259
479.561
740.256
632.126
2355.28
887.718
743.148
2311.59
563.115
293.534
117.125
305.93
2233
1984.98
457.671
488.756
5008.2
2394.38
691.858
138.79
1590.09
1292.57
2071.12
260.705
521.211
161.858
586.299
389.627
2519.05
1480.08
2353.74
973.766
918.27
206.57
225.869
2402.3
1225.11
1737.91
1176.06
1339.57
685.314
3294.41
1615.12
319.332
355.395
3413.68
234.594
564.268
1278.15
2694.76
1261.34
1018.72
256.059
513.62
1262.34
2734.35
1740.8
298.157
2890.94
218.713
368.278
3403.34
2038.69
822.107
50.8328
328.938
984.282
758.813
312.645
869.812
735.921
928.687
85.1102
1303.68
1512.57
1115.36
161.077
2142.21
253.044
691.41
590.844
4017.3
2376.05
3730.23
2110.65
705.629
181.883
3401.84
1736.24
1811.95
175.746
213.049
455.172
4657.92
827.886
3476.73
374.362
1164.85
1437.06
2684.33
3881.26
2486.17
2194.15
983.017
1047.61
128.895
563.537
2536.21
6639.15
2556.87
1629.27
318.833
2173.02
2717.9
2813
1234.93
714.111
908.581
264.069
1123.2
2016.5
141.752
2912.96
2194.72
2163.33
715.269
956.904
1059.66
1589.44
3204.45
797.751
6868.55
1336.35
1372.46
225.053
502.001
901.547
1078.47
203.314
801.99
907.103
831.549
1243.4
502.038
3582.86
1637.18
677.395
2041.05
1456.43
1730.44
434.686
189.611
310.911
1358.65
4025.37
1346.47
2138.04
668.669
1363.65
2328.77
827.237
1192.03
2153.55
187.172
456.067
758.591
950.006
1150.08
3036.27
329.478
3925.06
2817.97
110.564
2260.05
1242.42
3662.18
496.208
181.247
614.135
416.174
1754.8
1227.2
5412.55
393.346
858.456
2820.33
2628.54
2034.7
2447.23
1221.2
844.942
366.119
305.276
399.226
1373.61
198.999
1737.15
1069.08
1046.5
1169.22
822.118
468.756
1176.82
103.823
669.989
3024.74
1024.52
361.249
838.579
1301.49
1107.25
1049.38
1012.05
1110.13
980.798
280.114
483.647
887.305
517.998
551.246
229.227
130.434
1062.82
738.197
236.619
1232.01
286.297
121.519
3358.46
320.728
1739.15
381.343
3540.66
2729.49
364.869
850.084
1021.08
2505.39
1866.8
994.98
209.365
342.159
540.518
1531.48
242.763
385.003
178.469
2599.37
2152.15
425.681
1647.92
2950.04
435.848
1893.51
1804.94
115.902
103.114
1375.68
940.799
2041.17
2260.73
3174.63
4093.95
222.03
1477.4
316.241
341.279
3851.01
452.448
636.622
410.208
2674.28
183.648
319.155
1342.9
923.384
256.845
1226.8
1131.04
1254.4
3298.6
2917.32
1931.27
626.053
608.714
630.778
3555.38
275.583
1121.28
2685.77
245.804
1361.32
1811.82
4047.28
528.083
1847.97
1871.41
255.867
4660
1351.48
1093.83
483.233
1707.84
74.7007
1122.52
2324.12
1252.07
4127.02
637.501
2131.12
967.687
1400.31
1666.25
1738
3614.49
3936.51
56.3631
711
3678.21
2407.65
2393.95
839.135
571.345
3652.23
621.828
3613.63
1379.47
1195.67
3012.38
1561.86
3710.53
2663.95
120.776
453.039
1089.05
1228.43
3231.85
1737.67
191.208
414.082
186.434
552.531
2170.47
359.787
870.365
816.039
2057.2
2028.35
995.813
163.601
278.457
240.862
839.495
679.89
418.126
210.915
465.661
512.656
703.931
2751.37
106.873
1395.4
1031.24
643.596
873.547
2413.36
154.213
948.145
126.877
1536.5
4251.69
1740.55
3174.48
1110.63
3057.78
2704.98
453.325
1627.32
900.531
3686.6
1128.98
645.177
1323.86
902.824
826.236
180.396
979.185
1797.83
1057.44
1601.06
1136.98
420.699
442.198
848.799
127.803
1445.75
1856.66
1252.88
1865.4
844.674
2973.56
3347.2
1069.89
885.937
4468.54
2961.54
3200.29
193.427
732.799
5257.85
1021
364.376
2257.24
2100.49
1133.58
814.883
725.593
894.292
1138.15
3067.26
5104.9
206.393
284.651
5407.53
4689.39
770.7
819.822
364.593
2169.34
3094.3
100.319
453.882
165.502
387.355
3002.27
4045.47
3440.03
756.098
355.501
1762.88
1703.12
1447.45
4883.59
3680.56
1126.77
216.458
1202.31
3027.33
1147.33
709.629
185.667
766.173
247.868
2017.58
1217.62
355.391
2427.9
240.194
2142.44
666.992
1211.8
1983.11
920.677
2334.03
924.497
474.402
6612.3
1392.51
1398.82
3214.17
630.883
1279.67
886.81
546.652
694.166
3712.85
1114.04
2880.19
2708.55
3398.64
3448.9
702.838
828.295
1074.17
466.394
1140.57
878.918
404.332
966.249
658.504
2956.56
2038.44
2368.53
1432.91
599.934
688.381
396.296
1097.09
1741.14
1227.91
1278.94
1472.09
1005.13
509.665
392.564
3095.98
1288.79
1802.47
1453.64
724.277
866.999
96.7033
2146.74
4750.81
77.9085
212.748
3148.6
1578.85
1485.54
315.505
497.909
2426.83
1835.27
2154.87
485.761
56.8101
965.54
743.193
779.502
952.583
1387.21
814.217
432.474
1443.17
2853.59
1655.51
1545.88
694.264
274.127
3718.02
93.273
184.068
731.285
1864.06
1529.06
3766.79
882.1
479.041
965.719
933.329
4476.93
2841.16
2013.47
122.081
190.751
273.68
458.217
1210.17
809.288
704.134
2252.54
471.509
1719.31
251.628
1017.6
891.626
431.305
258.64
1718.49
474.329
178.674
3024.93
1951.59
4060.65
1734.16
993.182
1583.54
1083.8
4273.35
2492.84
121.702
1042.88
225.177
157.016
4120.54
393.223
276.969
313.519
753.658
197.532
1252.68
1626.16
990.354
282.016
2511.6
2110.58
1270.91
5644.55
287.747
1846.33
2227.37
1502.86
576.128
3175.96
2086.6
617.656
144.685
1674.69
158.498
1564.07
1050.95
1091.19
827.307
3001.5
666.529
5608.38
997.045
1386.17
3840.05
450.167
914.354
1199.99
142.06
3098.21
499.115
1139.47
539.584
1107.28
133.929
3334.1
3243.88
888.568
2563.48
3524.3
571.224
1757.79
1512.84
206.712
1324.51
140.126
475.302
164.786
635.968
193.81
773.566
1686.72
1831.99
2585.78
2627.92
1808.37
2585.02
2271.97
950.394
759.815
4695.8
1424.08
448.483
1709.97
1072.07
1141.53
719.056
3921.17
322.771
118.696
475.393
214.064
659.582
1631.95
865.581
1542.44
401.094
1683.34
270.476
1588.76
2634.33
2031.61
445.066
554.456
605.968
1891.23
691.73
433.748
1479.56
1368.83
292.798
627.726
787.674
798.246
2482.94
179.521
227.56
1121.02
314.322
526.939
2113.74
91.441
130.678
1024.36
2813.74
276.298
3082.08
441.93
609.723
404.115
491.741
242.883
581.37
2249.05
832.765
877.282
2352.61
233.175
792.121
1552.66
2821.13
335.926
375.301
217.295
1995.29
1820.6
250.661
883.96
2574.2
3631.82
1159.87
546.019
917.44
703.224
151.561
636.111
255.397
353.673
2769.89
2306.59
554.047
204.542
1789.53
1200.78
199.481
1853.12
1101.51
549.079
2064.61
1405.94
705.565
2433.82
1846
355.292
895.111
1016.89
70.1794
336.933
3130.7
553.229
1793.81
3236.78
263.412
659.855
446.56
760.562
2882.31
388.419
1032.66
2085.87
1482.35
4574.64
1992.21
175.75
2604.26
1197.32
2328.02
630.046
715.722
2349.42
2878.22
274.613
2013.02
305.639
157.838
1086.09
1276.18
3294.57
2847.24
747.554
1847.38
3090.36
351.634
3245.35
3249.02
3580.6
464.406
264.305
1499.72
657.551
1916.41
282.555
775.414
1982.57
587.37
2855.24
728.99
574.655
1204.05
214.528
1568.38
511.557
826.013
772.463
845.78
238.25
179.035
245.92
2935.87
145.575
1156.58
3692.31
1907.02
898.66
679.847
2934.38
553.134
1109.36
749.512
2462.24
1166.98
1205.83
1487.83
5349.02
3252.11
979.744
2980.64
1265.45
2108.32
1399.05
1147.31
1691.66
332.273
982.694
3706.25
2186.21
3563.67
403.072
610.076
1036.67
3784.87
584.928
266.482
1081.79
2998.36
723.106
4622.16
151.915
1266.6
3487.12
1751.48
919.86
241.584
1788.91
4132.46
171.57
2155.16
969.972
433.046
283.318
92.8025
1905.92
2565.63
414.693
584.063
138.515
2085.28
1650.29
908.512
2013.18
1900
3061.86
817.62
1238.08
872.466
368.001
549.493
2301.2
257.215
272.742
6964.58
544.092
3878.24
162.687
1848.29
281.624
524.755
674.391
1069.53
1951.99
1673.86
251.566
271.169
190.851
3964.65
1586.81
2258.55
722.757
3020.74
269.113
442.26
1245.5
1135.59
575.032
2435.76
863.452
488.974
675.206
1710.83
12797.4
118.739
578.565
1393.91
4252.37
2440.23
3142.16
2406.48
947.984
1436.19
1960.23
3417.06
1342.43
48.6715
746.248
406.537
1304.51
308.951
4047.59
217.728
105.003
135.561
719.387
365.383
1001.22
139.587
2905.11
324.703
783.7
230.894
1755.7
1161.3
370.511
1720.88
2366.9
1282.74
119.693
74.5096
2084.41
1604.94
734.434
1759.71
1223.01
332.833
1177.06
1067.08
662.406
1673.84
4034.56
1325.11
934.407
578.175
1707.65
783.432
855.891
1453.3
275.125
612.816
415.903
558.117
1854.83
110.102
1310.47
713.205
636.312
297.762
2689.67
2949.27
897.42
1124.36
378.679
2148.98
790.802
1121.16
313.188
715.775
3211.52
1484.49
339.052
1500
1129.17
886.13
3084.37
2342.43
1143.72
1884.06
67.0207
681.625
365.343
2932.17
146.989
331.131
338.459
413.075
493.2
1331.77
401.943
510.206
101.819
1236.21
2655.07
2023.75
421.089
148.674
298.969
796.065
3790.45
2222.39
487.154
397.841
3999.66
1252.02
538.481
969.224
1131.69
1826.92
2386.27
949.117
4613.18
125.867
1155.31
218.605
686.936
922.119
3123.89
1703.89
546.797
2674.48
739.308
401.856
175.273
2362.62
403.613
944.065
1488.7
1682.47
2917.67
211.085
2812.45
2005.29
145.809
841.002
4305.99
410.531
155.449
2379.8
84.8269
1482.94
850.942
1106.64
1780.42
644.189
774.231
1290.28
1385.54
730.264
1339.4
539.559
1453.98
1011.57
1884.67
3816.93
397.396
402.718
812.303
83.9656
510.297
1715.89
816.485
837.508
262.297
938.056
3735.14
1069.03
700.862
317.237
701.176
566.89
1330.02
2072.47
1640.66
1358.42
401.796
349.971
2357.82
651.347
425.787
432.79
2688.16
1191.36
1218.8
1232.96
4210.9
632.566
427.912
616.406
1737.13
438.134
8772.8
483.734
431.514
106.04
875.437
1933.14
225.276
2361.21
3474.52
1033.22
1842.11
1203
1344.2
145.278
199.351
664.463
349.593
2927.58
444.867
6729.59
79.6084
1027.18
2297.84
445.016
786.323
253.959
783.291
788.388
4732.06
3514.66
2405.73
284.592
3628.83
345.385
2605.29
93.7111
1041.12
3890.6
1398.17
2100.94
1390.38
2072.26
175.542
893.624
552.579
1685.82
3112.09
950.843
436.091
946.66
1364.4
2568.47
1092.32
476.2
358.569
1023.41
1993.73
381.626
1252.81
1800.47
1500.77
681.769
360.814
3142.83
179.501
2500.33
1277.36
4674.08
1726.4
566.459
2207.86
429.138
120.88
5948.51
894.429
4320.59
586.748
1133.6
781.307
337.156
351.857
628.346
761.099
1748.88
3697.3
1468.82
845.67
660.072
2619.03
115.575
1310.3
850.1
690.942
907.462
442.743
1894.35
262.556
183.604
835.87
1432.95
856.396
173.241
2097.22
5621.83
934.276
747.178
240.106
1836.61
498.885
446.769
2005.12
1154.34
3399.19
1264.47
82.5771
4700.68
2097.09
2221.17
1036.2
1377.05
610.755
173.741
1390.16
715.574
889.784
331.244
3690.68
355.644
1537.9
1321.67
449.903
904.576
739.481
219.24
335.593
1023.6
200.933
777.119
230.543
744.536
453.087
1829.07
1548.13
1200.38
3571.62
2505.38
1089.06
826.082
850.639
357.933
1975.03
2687.94
79.7125
483.097
2406.04
2028.11
69.331
864.746
1137.2
1159.04
648.399
3265.86
1178.14
1455.07
1339.96
1329.4
451.16
1711.83
1233.64
1105.61
459.113
4499.76
1654.39
256.972
2577.35
2531.17
157.994
409.745
1850.07
1143.47
467.327
1056.32
789.1
747.48
3962.06
1397.43
287.969
940.45
621.259
150.739
1008.88
537.15
174.092
351.856
759.808
808.307
147.902
5900.72
444.995
1227.47
2204.34
271.705
115.734
261.356
336.389
150.825
1365.08
565.853
2260.79
1850.53
2471.83
3072.12
2722.78
336.947
361.115
1262.72
784.595
1381.29
399.045
1844.87
694.636
1700.14
621.483
445.593
3113.21
1570.47
356.168
2867.92
2302.91
426.685
357.774
1857.25
395.758
1284.41
413.685
133.115
775.241
402.286
5045.88
1122.45
981.881
660.024
2128.45
2736.03
2367.29
4771.48
1123.18
5206.47
2098.12
2313.73
3063.02
1103.67
632.947
351.742
932.689
1461.73
610.491
684.497
3446
4606.78
1765.87
580.915
589.144
1578.19
2527.36
1119.63
278.984
3834.33
3820.7
1399.4
228.793
79.4332
724.914
1303.36
1861.48
209.327
451.637
3967.19
655.107
154.758
993.544
489.155
1215.17
122.588
1842
304.692
8668.98
444.933
1640.23
1513.41
986.787
1281.67
2056.32
288.509
592.617
2184.01
237.964
2591.41
2650.61
640.635
1098.07
3405.85
1470.22
946.026
1270.39
363.7
2427.82
372.281
162.279
127.23
247.087
111.235
1426
935.915
485.723
169.884
221.736
1678.47
411.221
1038.66
660.4
1026.43
539.757
128.838
4118.93
1531.49
473.633
3555.81
932.255
1482.38
857.3
3214.22
1058.64
528.792
318.664
284.51
889.782
2867.12
1540.73
1513.71
904.464
3563.48
1500.3
2265.61
783.983
474.721
676.143
1013.82
1240.03
133.704
379.948
417.617
941.413
9909.94
318.005
1293.62
602.186
2232.76
938.118
258.238
375.379
913.262
2223.17
326.333
2174.89
1602.69
1773.58
1613.79
960.487
1764.44
219.815
3164.85
797.477
2017.67
4648.78
1684.38
1764.93
3072.12
1044.7
309.816
1851.06
1626.52
537.716
2121.53
148.464
5493.73
1707.42
222.589
482.868
1689.84
487.487
746.301
391.602
425.543
1843.45
475.253
277.553
1371.43
728.392
153.303
979.441
544.154
273.81
788.192
1370.28
696.521
1465.02
469.595
3657.55
1032.92
610.885
859.514
2589.56
640.179
1520.68
1539.06
408.983
2774.13
231.689
2464.03
2188.39
2403.62
1172.59
1959.74
330.325
1307.41
2696.17
1224.75
349.284
777.504
479.822
3884.73
659.182
5683.17
393.408
1542.66
545.58
314.028
2880.82
866.603
1410.62
933.59
1538.7
2601.36
1625.67
265.149
329.126
259.791
1125.97
394.157
1611.55
1159.84
2811.12
6476.88
150.191
220.345
821.327
974.001
1094.92
1254.87
2476.62
1912.34
222.447
151.935
227.678
95.6056
4415.64
806.447
687.061
392.174
3443.61
1250.71
1431.05
1837.46
4315.31
2777.04
1264.66
744.416
198.368
347.003
728.29
1580.43
1561.51
925.338
2066.75
457.994
2708.26
2287.57
313.179
906.621
2673.56
573.01
1040.48
325.437
765.498
552.775
383.895
1285.91
670.805
1624.48
752.827
2435.07
2036.08
319.007
3169.39
400.737
559.082
1236.15
89.4917
714.854
2445.39
1750.35
601.61
258.849
2862.58
4805.14
1011.15
1676.37
175.611
267.616
584.864
705.51
2836.13
652.577
4022.17
800.958
1856.74
1093.26
1127.42
244.713
198.974
3871.16
2504.12
782.338
2200.93
411.91
1104.06
2102.53
395.893
4114.63
301.675
89.8316
791.077
2357.74
658.543
1943.84
196.493
412.143
2054.43
943.364
966.186
1608.51
1043.48
1637.72
393.424
2735.67
124.776
1100.73
1006.78
3323.37
662.736
2469.05
2313.94
6195.6
216.84
2057.2
1045.79
192.127
1995.28
772.569
217.437
2258.17
1338.61
284.239
2819.34
306.206
1448.04
2634.74
1099.51
1987.71
610.019
206.553
406.528
270.035
631.768
171.341
2861.74
379.578
150.426
220.192
3136.78
1073.86
2303.99
733.769
1233.43
1205.74
1348.49
525.097
745.15
381.059
662.055
5710.26
765.654
1504.34
3965.85
1037.84
1024.54
1625.37
1544.63
939.136
1200.42
1174.35
1047.11
788.739
296.108
990.965
393.339
1488.13
370.971
901.307
1074.79
484.945
3250.35
2854.6
1460.77
542.356
7919.26
1832.49
181.11
4608.02
4172.22
1430.3
829.098
560.07
1731.16
1460.38
953.871
339.238
233.41
666.448
580.238
423.276
2076.7
439.746
506.454
1070.56
2813.18
3660.5
867.916
2215.52
460.69
980.399
165.594
1677.79
1543.66
1745.36
355.77
107.909
473.757
231.799
530.777
702.835
1671.54
632.557
571.167
535.289
257.452
6954.86
780.137
1404.47
1200.05
2826.61
595.533
1779.43
242.832
2173.27
1480.73
2422.23
893.044
1726.54
3940.39
1525.36
644.044
3503.83
1244.55
1316.88
115.428
2469.07
1664.27
820.836
2114.66
100.397
768.273
43.5224
2425.41
503.958
1876.18
200.862
4023.61
2018.52
362.096
936.425
3611.72
2717.18
1551.43
2286.41
567.361
617.312
584.738
791.113
3859.54
204.004
440.414
471.637
532.182
4204.92
615.915
256.946
4088.73
426.733
1110.19
694.477
1040.48
293.238
463.795
719.463
3193.24
4635.09
1152.46
2251.77
645.75
1369.6
1582.56
280.341
556.254
715.952
1149.74
1583.49
1431.67
1396.73
3577.13
3183.87
1663.53
525.662
1373.82
1539.63
358.899
925.167
1267.19
315.863
3537.2
3127.46
1577.66
171.524
555.801
3774.22
413.159
1127.12
297.371
3424.15
219.43
2862.97
1547.44
234.41
1188.08
3127.19
592.928
1798.91
297.84
1724.52
1248.48
6197.58
4098.19
184.905
50.073
851.821
594.138
2548.88
3892.24
159.033
253.986
652.934
105.936
198.435
252.158
477.41
621.816
5532.86
957.32
258.634
439.107
1985.5
3102.62
1216.81
3550.72
3099.79
3475.28
424.7
963.755
400.767
398.715
636.767
1524.56
2083.29
3798.71
805.341
75.6251
576.727
361.808
1302.07
4918.43
231.681
2137.85
1331.6
1708.35
646.284
226.484
340.916
1967.12
1519.61
1374.26
3819.3
4655.31
767.306
329.945
1329.64
5672.06
721.623
1855.05
364.246
3886.97
150.528
2376.79
319.944
2225.66
277.224
1822.48
3631.13
654.058
472.496
503.052
2599.2
376.829
452.608
414.309
1366.71
397.986
2974.6
312.511
1675.76
327.469
2893.73
1231.85
8193.76
2376.79
6075.8
2801.06
898.668
852.257
178.841
293.249
633.514
4513.99
1423.26
398.029
437.321
152.846
553.084
1101.45
1717.31
1964.89
2167.75
2846.19
1137.3
424.956
302.924
994.097
2354.62
448.43
161.369
1284
164.083
132.884
396.921
1303.26
1699.94
1705.28
1275.52
3509.48
4140.68
2287.67
1449.79
1625.07
719.209
156.624
133.588
1613.39
178.358
1795.88
2137.97
1246.67
1869.38
1371.01
430.947
1603.65
426.795
801.114
960.685
2760.7
236.107
1096.98
3452.64
3994.44
1157.72
1379.11
924.432
2392.92
3131.58
1461.94
2068.11
295.549
338.49
174.473
2325.5
778.69
636.161
1463.62
619.41
403.441
261.904
1802.73
86.3055
4317.19
728.529
6336.17
3469.15
301.249
787.941
621.572
971.927
1121.36
1355.54
2323.27
748.842
2708.6
6944.77
2550.79
440.069
624.605
5802.34
744.635
1000.78
740.128
602.229
257.501
2589.13
1123.95
434.283
2655.99
1438.8
232.564
4845.27
1060.04
443.867
530.853
4365.45
980.894
678.76
4023.25
976.872
1091.2
5139.96
291.355
306.523
213.994
198.76
1579.64
2144.99
1133.64
877.227
1955.9
1324.52
1764.83
1567.35
1152.67
1236.8
422.552
1798.93
208.398
1351.88
2590.7
877.304
135.756
1809.71
1645.05
610.18
642.481
1589.81
1087.65
1518.03
1466.75
1924.41
409.411
669.004
659.821
1241.96
2580.91
504.14
638.896
2063.66
326.676
1417.04
2972.48
516.585
738.789
616.969
1962.35
980.659
1196.12
5360.66
150.764
790.755
799.098
117.008
114.642
570.453
1083.76
562.572
1456.58
2713.6
297.005
2960.12
643.466
659.339
2858.86
1667.04
1307.1
5329.84
7446.34
226.781
794.003
936.565
60.0587
2598.4
530.972
524.626
507.718
199.038
1093.37
1717.5
972.679
804.189
646.072
476.574
1089.57
8713.67
731.354
3186.61
465.919
4072.85
652.142
963.317
1348.08
1071.69
425.958
1498.25
1608.37
563.897
1670.91
3392.75
1195.81
2514.68
1103.56
1726.43
1536.1
1625.42
728.644
3674.13
2091.41
777.941
804.797
237.329
932.204
420.254
1792.14
2798.05
2010.67
2863.9
548.51
438.888
1125
2612.68
2215.9
1346.93
669.097
4091.7
182.66
1019.27
1074.83
209.358
1645.2
3970.68
201.123
265.816
2074.38
144.001
373.475
217.178
1450.64
1280.78
3715.17
841.142
1217.31
169.791
1791.24
2078.5
107.347
717.803
553.708
5527.87
1874.86
2641.72
506.454
2969.49
3668.47
681.784
3414.88
4370.47
2328.09
748.318
4283.66
184.958
901.851
1586.5
2382.03
1129.81
132.267
546.436
759.486
422.761
1227.74
1654.21
606.457
3080.46
582.821
2072.76
317.078
266.491
3545.61
144.93
856.587
1561.1
6492.12
350.643
116.346
443.703
721.477
118.067
1359.86
1636.74
702.54
487.779
1650.15
815.37
192.119
619.167
106.223
780.167
170.377
618.338
1203.72
1537.47
1215.49
2687.76
2151.53
373.02
1009.55
543.512
2667.58
2873.9
774.934
390.35
239.623
258.283
5110.86
842.723
283.509
3771.3
771.793
668.292
3317.78
2063.87
1203.89
60.8485
2209.84
131.604
1993.23
428.654
2626.11
248.076
148.571
332.091
1110.71
355.017
1322.48
960.449
306.382
4787.48
2761.45
2823.59
1138.05
420.466
1058.16
697.741
1470.05
3298.22
94.2009
2571.08
215.981
1989.03
551.76
769.068
649.515
277.676
658.337
1610.75
3297.82
241.629
961.463
540.214
819.63
330.827
805.436
1864.65
2876.08
1376.45
602.136
863.042
676.827
796.385
99.9267
2495.49
3120.97
7829.1
620.942
1152.92
1923.4
1269.13
1552.49
866.151
300.597
1424.94
238.215
736.257
1237.01
143.523
1073.57
310.007
1099.74
408.136
652.133
255.483
6656.91
1876.99
840.843
4003.72
507.954
3286.27
2565.91
619.641
62.6361
142.001
484.891
358.629
2556.09
119.526
1794.78
2499.96
3298.49
428.562
1433.8
313.889
1239.21
1366.06
1039.65
715.478
1080.44
539.185
653.66
439.026
1308.36
1529.02
313.359
993.691
774.891
1653.3
2038.26
1953.53
1441.91
1199.48
2427.13
78.7763
2350.71
916.376
1053.13
1163.47
940.596
1146.09
947.995
3455.87
1287.49
1573.22
143.735
79.9631
290.073
2143.68
3974.15
7157.77
135.963
510.293
148.244
2431.29
71.2778
1976.43
439.158
260.151
630.375
1237.68
2137.23
114.864
224.057
980.77
1657.04
923.129
633.028
2068.4
921.048
462.461
4529.12
1910.62
1714.31
508.355
663.205
3050.39
877.874
1968.38
529.463
510.528
1693.56
1247.71
1147.91
4721.78
4199.68
396.149
2700.56
1344.16
3364.22
312.275
96.2097
747.975
1670.38
178.117
3171.13
598.517
660.205
720.327
721.322
546.572
1812.16
489.937
4749.57
227.063
2297.86
572.82
2399.77
3189.61
313.209
1031.38
1909.15
2941.6
507.552
2055.3
739.058
627.011
1938.45
1859.55
727.338
1487.67
1272.51
880.563
2151.09
386.304
281.965
2522.19
632.809
306.965
2535.23
232.533
1363.98
2408.58
404.719
1152.66
587.864
1215.42
369.2
1468.82
1709.15
186.882
2579.75
920.667
1779.39
76.2208
1719.34
244.152
636.484
632.67
10981.5
2149.81
1177.24
2525.91
1691
503.542
582.011
1463.33
1317.2
674.454
922.633
1737.87
457.82
609.438
1866.29
223.024
1517.85
1009.83
5157.6
711.166
1459.95
419.207
1246
2174.81
1299.48
2653.6
1309.02
1047.67
773.446
1187.21
1991.09
1877.1
3691.58
557.897
173.947
842.511
1450.47
320.938
399.585
615.462
188.598
194.636
342.107
545.183
1953.79
376.137
439.949
195.545
4353.79
652.463
1727.15
883.556
1043.43
643.267
741.394
123.746
892.842
3193.13
951.304
122.88
663.033
769.954
3512.14
890.515
342.994
161.624
706.33
2315.24
580.377
2507.74
526.648
519.396
1123.38
713.424
397.838
151.183
166.229
555.944
458.342
2242.12
606.315
1956.01
197.702
591.533
6440.04
4610.21
312.2
418.327
226.953
598.482
344.203
3776.73
1884.93
670.063
484.94
681.814
579.724
3141.53
566.065
6064.62
306.137
997.107
1825.27
2298.9
1177.4
2908.86
145.808
857.853
1158.37
911.336
147.564
1947.49
88.3979
4562.05
1182.82
755.563
564.538
91.507
2255.17
820.192
1916.88
165.672
2827.79
581.041
1648.69
555.529
2529.69
3219.45
333.036
863.965
1253.51
922.929
1443.32
1844.7
504.404
838.749
1783.97
528.94
771.689
316.379
1500.69
489.096
4222.5
1147.31
654.69
197.483
1057.5
2609.84
879.062
318.817
776.92
725.698
2764.24
564.661
1282
519.031
1611.98
2032.27
1720.03
252.466
1685.14
1945.63
634.16
904.658
4569.61
549.726
772.21
1007.32
959.183
2229.52
796.106
3151.46
493.203
263.749
202.84
2559.57
275.69
334.182
2482.96
128.498
1554.79
1556.65
1756.01
353.633
3974.76
1880.92
376.378
389.797
1852.93
1824.09
3279.3
761.033
2475.07
2879.07
700.857
1333.6
143.98
1060.33
123.067
748.18
1589.16
1178.87
1208.4
539.093
930.195
4231.43
4278.58
850.006
1665.72
2637.26
515.373
621.348
3383.46
530.888
1988.6
151.39
5394.02
1581.89
260.32
2029.62
1586.91
355.25
2312.56
339.959
262.704
865.47
172.97
914.457
1807.79
1168.05
2722.46
2720.46
564.654
617.171
320.443
1363.9
531.796
423.011
3041.29
3771.02
3102.55
2854.54
2250.51
2641.96
340.34
1431.42
765.764
93.0124
809.583
1060.22
838.315
1189.84
596.442
971.371
351.805
4903.96
284.787
3145.86
4081.71
667.386
496.318
298.821
277.259
853.877
376.429
2235.12
229.788
1053.46
2074.48
683.547
1206.38
2327.34
1014.54
1517.47
575.436
2670.45
1920.14
3602.25
219.779
159.616
676.743
1071.36
1136.28
1298.02
1116.56
2244.58
924.714
312
1918.39
2789.73
1934.95
1388.46
1359.13
126.045
2969.85
9682.88
941.332
2442.83
637.063
2148.41
419.246
2347.46
165.104
348.754
497.694
3514.74
243.025
425.414
209.204
180.449
744.479
1286.16
706.066
2697.59
1381.67
3413.69
2076.94
1193.59
314.58
3808.93
358.749
1976.16
244.079
4231.67
322.834
3914.88
1089.23
1529.26
788.003
3118.17
536.956
1017.05
946.616
998.265
231.48
582.801
4390.29
1014.8
1619.72
924.441
779.292
481.232
285.517
1416.32
1451.77
1005.47
1368.72
1233.29
1624.98
955.513
3381.71
758.563
697.016
1256.96
1002.44
5826.93
606.347
1159.08
185.611
1634.76
359.058
229.024
1008.3
691.191
557.291
818.411
1341.93
651.018
2160.53
2250.33
2028.22
785.05
661.213
200.467
2642.45
3068.19
963.246
1166.07
374.8
96.9053
701.438
340.333
3104.33
5114.74
321.078
1008.48
360.703
1076.5
648.695
1085.11
489.849
428.257
1505.89
1508.75
720.655
654.945
4220.34
3307.14
1043.09
1108.2
1466.58
861.834
235.556
1241.11
879.454
448.504
712.878
447.998
168.636
1228.7
620.41
306.169
375.103
1022.48
337.398
590.274
332.973
1214.93
387.366
1559.08
1169.01
363.257
1548.53
1005.76
2258.34
456.48
2231.1
1727
1890.76
234.154
1403.13
1825.47
3503.21
457.311
512.575
361.897
257.758
1539.17
456.14
680.737
1236.09
492.756
234.394
1217.1
1346.37
800.778
6919.84
2465.41
489.983
2603.37
4659.86
2104.25
3918.13
1325.31
210.901
535.844
418.734
717.805
5032.54
438.454
192.112
1444.54
2187.82
266.793
100.987
445.439
127.974
843.532
1219.23
1566.36
211.995
1076.76
2918.53
685.676
309.781
1017.11
773.475
2421.59
4889.86
1327.85
2376.36
649.129
1042.93
566.378
363.122
5686.14
2166.89
3139.36
1310.1
303.921
1106.07
1011.39
6109.83
282.436
1114.34
96.8151
1629.18
2423
839.045
440.975
3250.17
1207.15
1531.96
2295.21
981.303
3490.07
126.775
682.868
465.331
96.8236
1240.04
1491.99
482.704
1918.31
224.844
2106.18
172.957
635.157
892.27
513.846
1245.55
5632.98
2918.83
2197.6
1528.95
1273.35
1221.77
1995.01
1965.57
104.335
1357.64
1254.7
1004.7
2126.23
1114.3
936.03
1316.52
1055.52
1759.45
242.186
4654.26
322.523
732.978
718.975
456.375
1307.08
416.939
396.559
1060.51
967.846
2633.62
953.736
2030.62
1201.4
2380.29
218.025
196.724
1641.86
1563.53
289.413
1496.53
240.201
238.508
3008.52
158.73
80.8139
2397.03
1133.22
3942.64
1672
1990.36
934.534
6696.04
1236.2
666.888
225.894
1251.91
648.846
936.103
156.524
1284.72
3135.17
4660.69
194.827
649.496
259.356
1111.64
264.637
863.293
4190.53
3032.95
1083.62
1583.57
1098.61
630.921
4591.71
3971.92
5369.25
1642.52
841.441
2044.07
5744.92
1019.28
746.323
2005.58
122.586
131.953
2532.44
3303.7
1225.87
3472.9
1581.94
1552.72
308.204
1629.57
1440.04
857.032
2495.07
688.295
695.236
2624.17
1482.22
208.061
611.1
1090.08
940.84
498.097
955.551
565.676
556.505
1021.17
546.841
1917.28
462.781
658.104
533.333
2226.07
418.265
3192.49
911.514
6342.49
991.616
2033.8
659.189
997.887
1664.04
402.48
3296.06
625.26
240.974
2507.54
628.862
2374.18
350.897
245.939
744.574
5311.66
1504.29
335.053
3166.81
2953.74
2095.72
253.481
1670.41
676.241
931.454
3730.31
348.025
786.829
6061.98
237.921
641.8
4063.61
2649.83
137.214
262.027
842.215
657.31
1810.02
212.361
1311.29
3291.34
4762.15
2295.2
5211.4
2268.24
1035.77
99.4044
3088.27
2028.3
808.554
987.252
2984.67
393.812
724.247
1464.61
488.615
442.301
291.165
378.284
270.565
2941.55
2190.4
2748.49
2044.9
528.516
1782.2
903.866
233.284
408.675
2813.1
2132.09
1536.52
600.171
1131.18
2750.93
1316.71
2590.85
631.977
277.947
928.801
785.99
2957.84
2460.57
465.145
842.222
1361.99
189.351
1110.09
1696.15
1367.43
2209.4
1701.09
1872.83
1696.6
215.863
1213.4
290.602
2861.9
1936.37
3619.74
1183.36
363.451
2513.36
2081.22
685.519
617.931
716.932
2526.87
5078.16
1307.53
6151.14
1620.82
4899.14
1753.61
265.848