2.8521
2.99804
0.535893
2.55849
2.1255
7.62893
0.370329
3.36221
1.53298
0.993692
1.56305
2.44345
5.66255
6.71182
5.37977
1.20012
1.34971
1.35509
5.00337
0.9464
5.15156
1.8144
0.984268
0.167464
1.86294
4.94824
2.12808
2.12051
0.519482
1.45599
0.667546
2.23456
2.55443
2.41283
1.07159
3.62162
1.42977
0.202864
5.03757
2.08101
1.12331
1.33463
4.33831
1.21099
4.03592
3.26673
0.788342
3.85478
0.688089
1.0282
8.81964
2.14748
1.196
1.67568
1.99613
3.44479
1.18949
2.40099
5.19743
1.18506
3.42151
2.72198
2.83114
0.93414
2.84079
2.38529
2.24168
5.24972
2.32925
2.98704
0.229341
1.29107
2.37342
7.14778
2.59837
1.08478
1.75518
1.2252
1.18539
3.47267
3.47919
0.827771
2.88045
0.969896
0.86522
3.77124
1.632
1.71002
3.88223
3.09868
4.00807
5.15796
1.75701
2.31643
2.38213
1.11179
2.21308
0.477782
5.28345
2.47113
3.38352
5.79094
4.43993
1.93896
1.94091
3.2835
6.1175
1.86887
0.962194
4.83337
0.440849
2.02579
4.04031
1.61064
1.31601
6.53427
0.899703
1.43407
1.48406
2.32249
6.54904
2.00693
2.67981
1.80247
1.14199
1.47621
4.53596
2.11574
2.16038
1.708
0.974591
5.21312
1.84318
0.368956
9.45721
6.2066
3.0991
1.34732
1.19579
1.29989
7.13021
0.612125
2.27417
2.15304
2.10972
3.93315
2.324
1.81552
0.885558
4.40325
2.09365
2.45891
2.52383
1.09191
4.03277
1.98338
3.40147
0.568457
0.535528
2.78092
1.59773
1.418
2.12545
2.43976
2.38123
0.798288
2.85093
4.69105
1.06089
4.22031
1.56887
0.534361
2.24877
0.420557
1.19469
2.32011
0.226221
1.24465
4.53593
2.15835
0.88019
1.41365
1.19816
1.11106
3.43376
1.04084
0.715518
1.80831
1.86226
3.78017
6.41005
2.75932
1.41713
2.01259
2.25992
2.02832
0.618624
5.09988
1.69147
2.66088
0.878714
0.588204
1.22742
2.10321
6.61231
1.59377
4.41788
3.32743
3.00679
0.893743
3.34398
1.3256
1.69415
1.38867
1.87566
1.18106
0.961554
1.07288
2.03643
3.80872
1.65559
3.03057
1.82173
2.03452
0.365998
5.51082
1.3265
3.66933
1.31346
0.943384
0.860594
3.63608
1.97483
2.67658
1.79846
5.63474
0.658756
7.42525
1.10272
3.92464
7.24084
0.40289
1.61579
1.6797
0.224206
1.888
5.10625
7.40118
1.44942
0.355588
0.128979
0.378689
1.02504
1.53058
4.63212
3.0862
0.190295
0.546892
0.216931
2.39728
0.187661
8.44852
2.07523
0.78884
3.56429
1.51303
2.65854
0.344592
2.94991
3.57632
2.3521
1.80742
5.2963
2.67072
0.346129
5.08378
2.39154
0.319823
1.19992
0.39406
0.908735
0.693532
3.63867
0.161267
2.24241
5.80251
2.1946
2.79736
2.28547
5.45276
3.01923
6.35451
2.75833
1.7529
2.0067
5.24488
0.519657
1.10214
1.33153
3.60912
3.20805
0.61532
4.97386
1.73903
3.48395
0.462975
1.42714
3.18973
5.07603
2.92301
2.99939
2.05884
2.16613
2.40733
1.58348
0.733087
3.89687
2.94961
0.928018
3.94837
0.870117
2.07979
1.61243
5.6533
3.7565
5.42337
1.32843
2.03453
1.87969
1.33769
1.45138
0.577292
0.753567
0.698374
1.27448
1.18676
8.78285
1.9558
4.60409
0.394696
3.67087
4.69896
1.63948
0.517605
3.99451
2.20974
4.49887
0.663632
1.32302
2.34603
3.61174
0.724419
5.90442
1.96687
2.47516
9.29162
0.400334
4.33521
2.56618
2.05211
0.649887
1.78371
3.10217
2.6113
1.4869
3.96012
0.662487
1.98638
0.358294
3.28042
0.723738
1.08192
1.45882
0.605237
1.82798
3.20117
0.316284
3.35889
1.16845
1.5661
1.2098
0.725844
5.3936
0.306346
2.28193
0.0822646
1.57957
4.74459
0.145159
4.1756
2.23358
1.50595
1.21062
2.23727
0.988149
0.0959922
1.56363
11.3221
1.79019
2.11533
5.65289
0.800652
3.75151
8.16527
1.1039
4.82996
2.70615
0.302005
2.69865
0.990749
7.25152
2.35462
2.64923
1.66709
2.93278
2.26081
0.780616
1.60853
1.25613
1.91338
1.15351
0.250293
4.35967
0.220182
1.15949
0.458951
2.38208
0.401212
5.52032
1.39335
4.83701
0.25998
3.40834
3.03101
9.41131
4.7558
0.65213
2.16242
4.00138
2.18248
1.62276
4.40628
5.38482
0.604622
4.71958
2.37336
3.24494
0.0450819
3.89872
0.813729
1.03057
0.891634
2.24163
4.72596
1.30465
6.67965
2.56747
3.30137
2.36453
0.597177
1.18633
1.51208
2.70141
3.34321
1.48374
1.1066
1.51704
0.869211
0.794576
2.25373
1.12831
3.28769
2.87514
1.5468
2.63304
4.77847
5.89063
0.284907
1.74704
5.15032
0.541105
5.86132
2.14458
0.769924
0.465937
0.747751
1.40453
4.31184
3.15726
6.28136
4.39103
0.979245
0.531827
5.35848
1.5081
1.51498
1.39251
0.579863
2.48442
2.04287
3.19691
2.70808
1.18791
0.18609
5.27244
3.48297
0.443668
1.28148
0.0823087
0.868393
3.70119
3.69084
0.996755
0.593613
1.2144
7.02694
1.59244
0.307209
1.0468
5.88574
2.30728
1.23648
2.62231
5.40768
0.523122
1.19049
2.00867
2.6106
2.37389
1.25933
2.41906
6.86704
1.12523
0.796775
1.79283
4.20024
1.5115
5.4175
0.275508
1.79127
3.41427
3.82401
0.913564
2.54117
2.26333
1.00033
3.5664
1.82373
1.15624
2.91053
0.30455
1.07466
1.55732
1.63484
2.17941
5.39681
1.86317
1.87918
3.82663
0.982352
0.920598
2.67769
5.4567
1.30477
3.52747
1.7411
1.58807
2.07748
2.11019
0.446206
4.24425
0.447345
3.81993
0.991332
2.08873
5.48997
1.65845
2.92875
1.44618
1.06269
0.50896
1.98686
0.567916
2.73835
4.33393
1.07388
2.29484
0.248433
2.539
1.55917
8.03788
3.04899
2.19877
3.72901
4.89206
0.733684
0.76915
1.71447
2.72753
1.77847
2.3028
7.35848
0.50868
1.0914
4.51097
2.57291
3.93063
0.389848
1.46829
1.87342
0.851374
0.814971
4.65573
0.678566
6.71577
1.43599
1.54
1.88877
0.795058
4.45246
3.20725
0.686891
2.96764
3.11341
0.523781
1.05874
0.612288
3.55465
3.68872
2.48544
0.95778
0.69558
3.6893
4.90357
4.77122
1.7548
8.66219
3.18471
1.90398
2.2466
1.93661
2.80867
1.15033
0.762703
2.14398
5.47828
9.69469
1.49121
1.8612
3.43151
3.65516
2.12455
1.53169
5.56577
0.298609
7.10763
1.56398
6.04742
1.38485
0.032833
2.95377
1.39715
0.775348
0.203592
3.67862
2.25378
1.95308
0.469373
1.16875
2.06903
1.21215
0.219218
1.31582
7.60003
2.12743
2.70916
0.367454
3.80143
7.97245
1.20012
6.50865
0.912721
0.781067
3.82856
0.985353
1.24974
1.18468
1.6432
2.42642
5.30655
2.22055
2.42139
2.69723
0.666778
2.14138
0.37656
1.29165
0.0673453
5.22581
2.94251
1.57815
6.27358
4.27717
3.17111
6.2254
1.82883
0.221527
1.55453
1.81943
4.65575
1.96732
2.80259
1.36711
1.18219
3.17766
2.73393
0.0625561
2.0194
2.3892
0.922217
0.768919
6.87956
5.79808
1.45134
0.440495
1.18144
1.24303
3.48479
4.84172
6.81235
0.970613
4.24815
0.460279
1.15335
0.783452
1.19757
1.26403
1.75594
2.26122
4.33634
0.771635
1.09341
4.5958
4.13295
0.974469
1.41957
1.48349
6.53052
5.75548
1.97708
1.30732
3.36629
2.60655
0.238781
1.05782
1.75124
1.59525
2.19094
4.42869
0.568076
1.92266
3.07489
3.61836
1.54179
0.903668
0.73931
1.26665
4.39573
0.957013
1.09142
2.1033
3.61145
0.544356
1.85441
1.44456
2.32378
1.57405
2.53148
3.56882
1.16932
0.994818
4.75144
0.48447
3.09228
5.2242
1.48759
3.56795
1.39811
0.495185
5.39786
1.52742
0.451861
0.595161
3.6957
0.266809
0.288226
1.80494
0.627134
0.761812
0.380504
2.06826
4.32319
1.89019
0.53982
1.03498
1.81874
1.37741
0.655335
0.66614
3.99599
1.08031
3.73294
1.12473
1.17785
0.604603
5.70071
2.28244
8.63523
1.57264
4.18891
0.7558
4.56041
2.94772
2.9706
2.44541
1.02429
0.150076
8.65251
2.5438
1.51726
4.98404
1.82475
0.462404
0.833586
1.31085
3.75292
4.35333
2.06276
3.38229
7.05021
1.8038
4.79593
0.64521
1.32377
0.759023
1.83858
1.31924
2.19888
1.41209
1.2252
1.86662
5.51664
1.50118
2.94787
2.22622
2.51952
0.177538
1.26569
1.74887
2.65997
6.00364
0.726483
2.65835
3.18601
1.65312
11.7804
4.41272
2.69772
0.165988
1.47274
3.91845
1.10895
1.88635
3.36881
0.704623
0.151183
1.25372
2.13141
1.93862
4.46345
1.76807
2.39769
6.26505
0.264005
6.42791
2.26663
2.5463
1.13604
3.5882
2.40707
5.91703
2.49632
5.3867
0.732946
1.22506
6.17161
1.76624
1.92353
3.34861
5.3834
0.618872
10.2336
0.982492
0.525708
3.37289
4.46775
1.76476
2.27437
5.21444
3.4783
1.00063
1.17208
1.14396
1.77248
0.0293105
1.09139
1.84717
0.742149
2.64165
0.68349
0.320774
0.878832
2.49922
1.8698
1.29031
2.81347
0.708774
3.02248
3.2121
0.691362
1.25689
11.7561
0.484614
3.83964
1.96966
0.382589
6.43354
9.67489
6.10646
3.29965
0.232332
2.07258
1.05119
1.21806
8.13924
0.937938
1.27595
6.30618
2.85053
2.50046
3.28533
0.880462
3.6505
2.35104
2.09455
0.715829
1.83981
1.57679
1.13468
1.60978
1.12241
1.71147
0.0585207
0.316431
2.866
3.28405
1.43607
2.24861
2.9167
0.354415
1.64877
0.689194
3.11128
1.60437
2.49735
1.74323
7.72678
0.994428
2.32553
1.57339
4.11045
4.12091
0.873276
1.83173
1.05023
1.47534
2.72619
5.63928
4.16223
5.40044
1.60794
2.60469
5.84335
1.04749
3.45183
5.46884
4.47028
0.727634
2.48523
1.70013
2.72885
6.0562
1.28364
2.06246
3.35476
2.51432
1.15176
0.541679
3.47933
3.71532
1.73189
5.99471
0.171989
1.88317
1.72838
0.243258
1.83789
0.540648
3.57911
3.66559
5.94562
1.10704
0.770338
2.01901
2.99225
1.14213
0.489096
0.437493
0.899923
3.45894
1.30366
3.70115
1.13873
0.917088
2.8395
2.82522
0.215109
2.77455
0.891455
0.326812
2.19087
5.09121
1.95648
0.302245
4.30415
6.0855
3.71647
3.13274
1.69453
3.9577
4.29319
6.1879
1.62117
4.16048
2.35574
1.53356
1.0741
6.37083
10.0068
4.13342
4.60378
1.87645
0.948514
0.989246
2.88129
1.73885
9.27292
1.59103
2.47119
1.51392
0.844967
4.36028
0.946073
2.12431
2.27831
1.0613
1.07283
0.270149
1.53508
1.99423
3.83587
0.870635
1.02129
3.89227
3.76905
1.03782
1.72118
1.13286
1.11516
1.44919
6.22562
1.11028
3.79001
2.92929
7.98273
2.11497
2.1998
3.48214
0.525967
2.10549
1.04063
5.53917
1.35413
2.31083
1.50607
1.13044
0.999734
1.77412
0.806427
0.890284
0.450922
2.95885
1.5109
0.284898
2.43423
3.90669
1.91266
1.45876
3.14028
2.72428
0.682486
1.00195
3.9102
0.214458
1.01921
1.51223
4.16032
3.01957
4.46128
2.81524
0.930273
1.26905
0.588885
3.01084
1.31069
4.12337
2.85987
3.62304
0.510867
1.7411
0.25298
1.12104
3.25547
3.19864
1.58291
6.05269
1.14337
0.529751
3.2777
1.17683
1.19397
1.1768
2.18638
1.86042
2.68115
0.550543
1.98227
4.96247
2.13403
0.614103
0.800847
1.26226
1.00762
2.82827
7.7754
1.99727
0.975533
2.29421
3.58947
0.841178
1.89872
4.29099
2.44039
2.21515
1.59946
3.89437
1.90867
2.80172
0.725875
3.31426
0.654138
2.46341
4.896
3.09468
2.74539
1.25238
4.01192
2.5214
0.0891157
1.06579
0.217812
10.7561
4.53997
4.15483
3.70614
0.536774
1.29375
2.26077
3.78503
4.02907
1.29412
3.43433
0.946263
1.69382
2.62274
1.06799
1.65187
3.44377
2.24976
4.20444
1.21389
1.92785
2.37693
2.03886
4.23217
2.04546
1.80336
3.64944
1.55043
0.980471
1.61987
9.07426
0.490542
7.09555
4.50425
0.476801
2.11453
1.16545
5.74968
2.60836
3.787
2.35422
0.817261
4.02268
1.15866
1.30915
3.97612
4.66651
2.77889
1.83429
3.27624
2.75215
2.50574
1.14028
1.9718
0.470537
1.84527
4.82616
2.29
0.397641
1.30737
1.24501
0.653608
2.59843
1.86007
1.42117
1.94417
0.802969
0.442336
0.660525
1.21106
0.323305
3.32997
6.01684
2.60606
1.28126
3.39055
3.94088
0.58774
3.09676
5.44402
0.867733
0.670756
1.55919
2.30945
2.7837
1.91632
1.42493
1.14287
5.01191
3.84031
3.41135
0.240678
4.40601
0.858996
3.04847
1.57067
4.40054
0.264505
6.62131
4.78562
1.58024
1.38111
2.22884
1.00819
0.945076
0.782487
1.08672
6.67131
1.06142
2.64545
3.55505
6.00997
0.719168
0.280552
0.685001
6.80051
1.07894
4.2245
2.4371
2.24719
0.767821
1.51463
0.897869
3.54902
0.751073
0.323198
0.818188
0.897439
5.37315
0.913745
1.95455
0.812185
0.672167
0.570689
4.27974
0.519896
0.776219
2.54027
3.84379
3.29009
0.807316
1.76254
1.59562
4.14239
2.10949
2.34437
0.70835
1.02062
0.837595
0.78288
1.16085
0.836614
0.3104
3.58635
1.51525
0.893109
0.792256
1.91696
2.00848
0.349081
0.289014
3.10024
1.52848
2.90076
1.12723
3.21809
3.9346
0.197496
5.52948
2.47955
2.59915
1.12794
3.28666
1.38765
3.38589
3.21426
1.27053
3.22669
2.80879
0.987682
0.613798
1.64818
1.17325
0.494254
2.03977
8.45022
0.138222
0.263759
0.801604
1.69884
2.75708
1.89474
2.67576
1.80235
0.904661
2.04833
1.71138
1.79116
7.01111
3.60295
6.05426
1.29146
2.04527
3.60286
0.500535
6.18443
5.70356
1.51096
3.25422
1.98613
1.62397
1.17974
5.16146
1.57759
4.84666
0.356202
0.572533
2.88418
0.442263
1.12749
2.46973
5.84685
2.37468
0.928651
1.58254
2.85737
1.00521
0.695256
1.62239
0.583953
1.7273
9.8112
2.75132
2.07298
2.58816
3.01173
1.41277
2.23039
1.31075
1.22625
4.51442
2.84718
1.58081
3.54434
0.174194
7.63401
2.38113
1.00619
3.9027
4.05777
0.0781243
5.18637
0.88127
6.20861
4.26778
2.82177
1.24627
1.09993
4.91144
2.37632
1.07487
3.63472
2.38505
5.19076
0.419691
1.68501
2.2544
1.01196
0.703899
2.70545
1.74427
0.734288
0.30118
1.10092
1.35795
0.810497
4.35594
1.21878
1.41271
4.28179
4.24477
1.03472
0.844991
7.72483
1.09616
0.810484
0.713471
5.63706
2.76884
8.30991
2.07923
1.38475
7.09799
1.97872
1.93426
2.84929
0.400769
2.88653
1.07642
0.151731
0.227034
1.14826
0.340039
4.24881
0.736151
0.553853
3.80271
1.98055
3.3005
1.8125
4.87631
0.37367
2.56662
1.19668
1.28468
1.5473
4.79946
3.12153
1.65412
0.238139
1.46754
6.06019
1.32047
1.63932
0.399247
1.4285
2.71784
4.06824
5.42856
3.19235
1.30022
0.902268
0.703175
0.470289
2.11641
0.334463
1.55192
0.0911771
9.82907
12.2034
1.5182
2.93016
1.38347
8.16402
1.05982
0.840517
5.20753
4.76302
3.41245
3.31907
0.81301
0.0238486
0.38778
4.28193
1.21392
0.238485
1.47419
2.29196
0.830301
3.38395
0.96548
5.87199
0.778516
5.26017
1.74951
1.02372
2.07135
0.821862
0.664961
3.08071
3.88374
1.58526
2.29492
0.14461
1.31263
2.57251
1.44075
1.75199
11.4963
2.02958
0.499778
0.674208
2.95796
0.839068
2.65425
6.07983
5.82122
0.617315
1.30489
1.53565
1.61292
0.36025
2.13554
1.88581
2.93909
0.567606
1.1745
0.762504
2.84244
1.85521
0.585557
0.304379
7.9208
2.06052
1.94665
3.94249
2.59868
3.74732
1.87215
3.90078
3.88405
3.41475
0.273997
3.88886
1.81914
0.691757
2.90304
1.22282
0.963856
3.8816
4.28289
0.357376
1.70258
3.31394
1.73895
3.4085
1.25072
2.23698
7.86165
1.30062
1.76899
2.30609
1.03747
2.56216
1.15331
2.11442
0.261008
2.24674
2.57379
3.63393
4.72657
2.59399
0.600709
3.64877
2.49021
0.612467
1.16275
0.505556
3.05784
2.0455
2.61167
2.60921
2.30539
1.06201
2.26374
7.6973
9.60786
0.386523
0.812591
1.49515
4.94141
4.4221
5.17046
3.10233
0.852647
3.57878
3.23937
6.81549
2.82236
1.05518
4.03472
0.85121
4.73195
3.36168
1.51245
0.564701
6.13113
3.13411
0.469007
6.6143
3.07856
2.94008
0.608587
0.503325
4.87094
2.15041
7.45463
1.12143
5.92604
2.99283
4.42269
1.90421
2.80133
1.00983
0.337467
1.15234
0.765778
8.98577
2.03002
2.46353
4.00962
1.37209
1.32244
5.0579
1.04893
0.266114
4.02582
1.70377
1.3337
1.80309
3.24077
2.55828
1.95833
2.38365
0.735307
6.15275
1.49675
0.644593
0.546644
1.62668
3.17073
2.54874
8.31778
2.10853
3.88473
2.24521
5.14126
1.67471
4.70915
3.11208
1.39539
1.21286
2.34875
5.2237
3.90074
0.594383
8.35626
2.42054
1.07033
0.61145
2.1653
1.36711
2.52005
1.92291
0.791554
0.639095
2.76726
2.02731
1.29272
0.950337
3.03811
1.25593
0.239007
1.00862
3.06987
0.565812
2.39625
0.209743
2.51768
2.67842
3.59926
0.68813
3.77879
2.33949
7.66248
3.99119
4.82668
4.92871
0.573455
1.24938
1.75981
2.63753
1.88376
0.305387
6.80905
2.17286
2.67841
2.51615
0.928327
1.3779
2.26612
1.23152
3.79165
4.66363
1.02396
4.22913
0.923056
0.21869
2.3324
0.668452
0.76915
2.34048
1.08353
1.15634
5.66364
2.06453
2.48596
1.47935
0.930286
0.316711
1.56941
9.76833
7.62983
4.22017
9.34706
1.93209
2.67977
5.00534
3.21519
0.397988
3.1669
0.498705
0.862874
1.23263
0.601704
2.61023
0.451476
2.17557
1.27789
0.531476
1.28801
1.9999
5.25205
1.98175
0.479146
1.32728
2.7236
2.34375
4.71352
1.37371
2.4764
0.922639
0.21336
1.6715
4.75635
1.00414
2.86919
1.22796
0.773203
2.11614
0.728919
3.00955
0.59646
0.681189
0.96738
0.448029
1.83231
0.0632903
1.83731
0.153956
4.76224
0.60987
0.0524293
3.38714
1.5197
0.557611
6.82592
0.660131
3.92272
3.97934
3.19071
2.45851
0.863804
1.6964
5.10498
0.586549
2.85989
0.372119
0.254651
0.576544
1.9486
2.33652
3.10527
1.55247
2.53804
2.15492
5.95692
5.35474
1.75641
3.26668
0.87366
1.28974
0.383261
5.7211
1.42822
3.19295
0.344405
0.329727
1.32187
3.64232
1.14207
7.06427
1.98635
0.618907
1.48972
0.918102
1.01395
3.42055
0.446673
0.557344
5.70617
11.7498
0.397556
4.44639
2.40958
0.829179
8.99812
1.91286
1.0425
1.91398
1.55064
0.612218
0.80261
0.806979
1.61502
2.96644
1.96864
4.46755
0.885462
0.16294
0.859463
2.34057
0.94172
1.37796
0.93894
0.547054
3.23084
1.91031
0.420719
1.87209
2.21048
3.82724
2.97606
3.0965
3.03086
2.26198
0.723503
8.14072
6.27175
2.71835
1.83661
1.02607
0.781206
1.53654
3.00659
10.4624
5.9195
6.93735
0.149894
1.5405
2.89908
1.09003
0.94277
2.0701
3.04798
1.26536
2.59737
1.17079
2.60568
2.69728
2.39377
2.54682
4.40666
0.773749
1.41684
3.55755
1.21222
0.578063
1.14388
0.473818
0.253793
4.02095
3.34949
1.19488
10.9599
1.3877
3.34835
1.21139
1.32462
0.553093
3.92952
3.22908
2.08832
0.630591
0.118974
0.656055
8.60077
3.89684
1.3981
4.08087
1.90943
0.555427
3.0174
3.83588
1.67345
5.50685
4.58672
1.11405
4.2196
1.13055
1.42586
1.8487
1.11208
0.160166
2.31018
0.604282
1.75726
0.301512
1.37168
2.55311
4.79129
0.729301
2.34701
2.33276
0.510415
8.82789
0.670992
4.50968
1.30297
6.85084
1.77618
0.707474
3.59572
7.74715
1.37374
1.97454
3.24229
1.66425
3.73886
2.85245
2.36856
0.0345988
8.8575
1.51957
1.61995
6.71194
0.412572
1.24834
2.0584
3.51669
1.14687
0.972463
4.52569
7.04807
3.70506
0.855385
2.82082
5.36895
1.05025
3.11862
1.53946
4.15851
1.0786
1.9253
1.40608
3.6962
0.774394
1.80341
1.06449
1.48024
0.69638
1.24433
0.184945
0.812376
3.58056
0.419035
3.02662
0.482349
0.962495
2.1191
0.654878
2.00923
2.61693
0.832033
1.6539
1.19928
4.9629
3.69757
4.0475
2.16094
2.32103
0.602572
1.30644
2.94988
4.89853
7.92981
4.21335
1.41054
6.46991
8.47844
3.63936
2.86754
1.50666
0.420119
4.50704
3.92138
1.10991
1.61602
2.4614
1.80606
3.12017
4.21222
1.02637
0.658796
3.12368
2.69047
0.356466
2.48973
3.4345
1.59248
0.573954
1.67128
6.92505
2.50973
1.56942
2.68256
3.77732
3.37995
2.27297
1.07387
4.80163
3.15562
0.63397
2.40338
3.76945
3.42388
3.3799
1.09069
1.48465
10.2713
0.977851
1.41672
1.23418
1.57782
2.44811
6.3675
2.27997
0.501337
3.11992
0.936593
9.10601
3.47093
1.30354
1.38868
0.721996
1.91653
2.26132
2.07882
2.45054
3.44559
1.39073
2.14708
7.27287
2.88942
0.21995
0.265319
2.01217
2.15594
0.180226
3.75202
0.858626
2.82289
0.810838
2.36503
3.10496
3.07713
1.95096
0.693983
1.8393
1.56936
3.91067
6.02215
3.44816
1.74226
0.764049
2.92188
1.43883
6.63258
2.35069
2.14101
3.91998
1.04745
1.86792
3.78171
3.18094
2.53185
2.19692
1.06078
3.43914
2.84362
2.35048
4.28409
1.91171
1.55966
1.76382
0.519798
0.533267
1.1888
0.733772
0.176999
3.23174
1.44506
0.454207
2.1269
0.748411
0.548877
0.316636
1.08562
1.06251
3.69557
4.71642
1.0183
1.77697
0.84044
0.512559
1.73812
1.69303
2.07326
5.72361
0.0839345
3.36676
2.05289
1.27389
2.63948
2.87939
0.549234
1.0714
2.53528
3.80518
2.46164
1.37115
1.13106
1.01207
7.54976
1.12367
0.842337
1.22145
2.01831
6.42622
2.4297
2.23266
2.08841
0.486806
2.62841
3.98166
6.7886
2.10067
5.10367
1.49532
2.69004
1.80156
1.84434
0.91062
1.36654
1.37247
5.65203
1.73622
5.07559
1.76023
9.66344
1.76729
0.652088
1.91557
5.82258
6.26961
2.18251
3.48157
1.31229
1.28472
0.914299
1.19843
0.984083
1.1607
1.07643
1.97624
3.43388
0.391505
1.44697
1.48088
1.05612
3.13343
1.55024
1.66393
2.45946
0.22877
3.01153
2.89195
1.82527
0.735116
1.91525
1.42775
4.46465
2.07715
1.16278
0.73901
1.10665
1.15553
0.879823
0.750544
4.35735
0.760318
8.1333
2.96514
3.61437
2.9767
2.10165
2.87973
1.83256
4.76526
0.332415
3.435
1.18136
0.828404
1.99647
2.58941
0.653825
0.329702
0.842826
0.839472
1.8364
2.4781
1.73971
3.16995
1.42884
1.72593
1.69237
2.13667
1.90455
2.93287
0.532442
6.37328
1.57809
1.71292
0.380558
3.90313
2.88539
1.32006
0.328016
0.802193
3.16711
1.32259
0.714743
2.7896
0.950107
6.18206
1.89147
2.06104
0.662817
0.155096
0.175804
3.78064
2.28959
1.0671
0.354899
3.30798
1.53869
1.06696
5.12352
0.815267
2.42073
3.58218
0.322353
0.572783
0.38009
2.40764
3.09913
1.79398
4.16052
1.51878
6.29056
1.20482
3.32446
3.823
2.38286
3.00558
3.44307
0.0524242
0.718408
2.97002
0.714815
1.40297
0.848908
1.36052
0.277526
1.01157
0.29846
5.15106
4.55431
4.72867
0.298412
3.73891
4.13101
1.5014
5.76883
4.92366
2.10535
0.602819
6.29465
1.09541
0.872292
1.27595
4.50163
2.91777
5.44745
2.33365
0.742812
1.09589
0.184706
1.84243
1.99156
7.29032
1.53852
3.32519
1.43934
2.4939
4.54422
4.53537
0.617361
2.24673
7.47357
2.5458
3.70291
4.59321
4.89773
0.836796
0.65867
0.878842
1.74878
1.72525
4.77661
5.01441
1.71291
2.03666
0.474554
2.9404
4.22823
1.83995
0.180956
4.09293
5.50247
3.28954
0.809685
5.13831
4.74132
1.09009
0.590422
3.9019
1.18957
0.273958
3.7716
1.29475
1.04359
0.371669
1.02864
4.17793
1.53127
2.05772
1.52902
3.1335
0.223485
4.7525
3.32206
3.0504
1.59121
0.266574
2.79591
3.24429
5.37008
3.44283
0.630822
1.13815
1.29858
0.161627
2.31132
1.14221
3.63672
0.979631
4.02426
1.18769
1.16658
4.04033
2.35564
3.78383
2.52003
2.39764
3.06754
2.18525
1.48725
0.738971
1.40988
0.0959899
8.03185
1.4407
10.901
2.20908
2.28582
5.09611
0.603964
0.920489
5.24236
0.443283
8.67849
0.455231
4.23995
1.3173
0.679896
4.93388
2.03083
3.10693
4.51164
0.376535
2.01166
2.22709
9.28683
0.746489
4.04613
2.47775
4.16089
0.512372
0.474081
3.66317
1.28898
2.249
1.15515
2.6301
4.89008
7.25936
3.11626
1.69242
9.83551
2.49504
1.3107
1.39712
1.79983
4.04346
1.27851
1.59924
5.99405
5.37675
5.56409
0.662318
0.674189
4.10802
2.73517
0.903327
1.93688
5.12103
3.5584
2.39047
0.233114
5.06377
1.41771
1.89422
1.71951
1.297
0.5854
2.89191
2.43872
1.63576
0.936581
2.30269
3.9916
0.90626
1.02555
0.46071
2.76228
1.91145
3.25321
2.60438
0.475023
3.18192
1.8725
1.49763
0.470176
1.80936
0.42855
1.96191
4.2599
0.181359
3.78973
2.30028
0.743271
2.26935
0.931473
0.768006
2.51962
3.57654
1.29755
1.47673
0.32877
1.47374
3.12631
2.23118
6.39712
2.62896
0.874687
2.17801
0.588914
1.21046
0.467455
2.41067
1.7384
1.70186
0.282871
0.407931
2.32378
2.25491
2.80046
0.498704
4.08687
1.02653
2.9918
0.744519
5.0764
1.69827
1.71105
2.83243
1.64918
1.86556
0.50593
1.40276
4.87205
3.44482
0.804382
0.302721
1.21296
1.69125
1.05468
4.07835
1.38999
1.94111
4.37098
2.20039
0.557167
1.31501
2.39147
0.754533
6.57404
7.41093
5.74239
0.823322
2.78172
4.95407
2.54278
2.07885
1.37064
1.95774
3.49183
0.613581
5.93919
2.35595
1.76734
0.795428
1.7567
0.210803
3.9943
2.60263
2.98198
3.43103
1.89696
2.38301
1.81703
3.47399
2.00281
1.01649
4.00905
2.14427
1.66016
1.63072
3.05645
0.929394
4.55149
2.4515
1.64508
0.430557
0.900597
1.21233
0.918352
1.12771
4.1792
6.30491
2.49424
2.56356
2.4054
3.08067
3.67686
1.26402
0.178701
1.80772
5.23967
1.14583
3.26627
5.25224
1.159
6.0339
0.970209
1.75835
1.0054
2.72862
1.18504
1.51623
3.32736
1.00375
2.29409
2.41486
2.05996
0.552505
0.850855
1.27009
5.32441
1.39052
7.01602
2.36913
4.53607
0.479888
0.819114
0.467347
2.36089
0.246486
0.938332
0.799689
2.56505
1.56195
0.308303
0.386478
2.1547
0.963744
0.93019
1.56378
4.22969
4.78394
2.96259
1.34243
0.796997
1.29914
0.664111
1.90773
4.18714
0.4809
0.749712
1.70645
5.61101
1.53901
5.68279
7.35797
1.36857
1.71019
3.43115
0.790364
0.789782
4.59454
3.54036
2.38185
0.994152
0.362377
3.55236
3.4798
2.73811
1.32094
1.61156
1.84843
4.07005
3.16921
1.12839
2.31372
4.29594
1.74707
1.71868
0.466705
3.89618
0.604412
3.24372
1.11893
1.83611
1.78389
1.00818
3.3141
1.62539
1.75605
1.56023
0.358752
1.25429
0.52167
1.28772
0.727005
0.96489
1.38448
1.05844
0.539802
3.24235
1.25138
2.2265
1.29502
4.39174
3.67091
2.30561
2.50241
0.563791
5.92522
7.43681
1.21276
2.60565
0.176563
5.34889
5.0253
1.32484
1.30501
0.947483
5.80569
1.38762
0.873472
1.35286
3.98636
5.96402
2.02994
0.815596
1.90432
0.436223
1.63649
2.37872
1.7165
0.651808
0.854359
0.768821
1.44583
4.3003
2.5738
1.18161
1.17612
3.62398
2.04487
1.72286
1.98078
0.252699
1.01663
0.568638
1.64276
4.15473
2.93558
1.84319
3.44721
2.16509
0.253471
3.50396
3.50032
4.29419
3.45573
2.35639
2.87691
0.769434
1.55215
1.94849
1.52371
1.7129
1.80052
1.19219
2.01055
0.199732
2.11074
3.6388
1.1762
2.05762
2.23608
0.743039
1.24476
0.383905
0.966301
1.71876
0.422119
3.10479
5.45983
5.46629
4.50473
3.60355
0.318355
0.400551
1.63807
1.56593
1.23561
0.566707
0.388367
4.23542
1.37399
1.60504
1.74916
3.61954
1.1943
1.02194
3.86982
5.66751
0.880732
3.58962
0.764205
1.03136
1.44074
1.4993
0.754335
1.3342
1.26623
10.8442
2.59064
5.19778
4.97337
1.46331
0.677741
1.79004
0.866438
4.07157
4.70056
3.93522
1.4912
1.88964
0.822457
2.27029
1.75175
1.1384
1.6289
1.65145
1.22272
5.52904
0.872647
1.47954
1.04379
0.981076
0.615191
3.36165
0.442148
0.898419
1.96565
0.386792
0.106934
2.23279
1.06638
1.17653
2.89439
0.402141
4.69932
0.819987
4.90482
0.288867
0.347658
0.573427
1.86603
0.535688
2.09948
2.11749
0.863048
0.297777
0.483152
1.30319
0.586591
2.38143
1.71246
4.2763
1.46869
3.18083
1.14789
2.81856
4.31792
3.63158
5.19181
2.53887
2.23892
1.41589
1.93686
5.23244
1.00995
3.85816
1.08331
3.43424
2.39062
3.20559
1.86017
2.28352
5.55111
3.09306
2.80312
2.6468
1.85804
1.98828
8.80573
0.489769
0.880733
2.28881
1.84797
0.898281
1.8332
1.08286
1.36967
1.60135
2.29079
0.97442
4.66564
0.957843
1.05531
1.94814
1.34364
0.855333
1.26273
4.81308
2.74261
1.70473
7.43587
1.90786
1.37432
2.84266
4.26736
1.34809
4.35184
0.378301
5.19303
2.38823
7.16285
1.63658
1.44344
1.01147
3.49469
3.38183
6.02161
4.60784
1.31964
0.65837
2.51727
0.051548
0.779156
3.01742
0.769956
1.71046
0.59011
1.09611
0.293876
1.50848
16.4289
1.00499
4.71583
1.99738
6.18784
1.84455
5.67959
3.28335
1.8875
1.56367
3.97822
9.22244
2.94482
0.918994
3.24238
0.567202
2.32876
0.345859
6.98072
3.54742
0.27591
2.25134
1.68021
1.39707
3.83342
1.36121
0.403234
1.38665
2.75396
0.686757
2.34504
2.53529
3.30098
3.7805
0.588555
2.02817
0.782145
2.7017
3.53534
0.64171
2.46054
3.2209
1.97509
4.32799
1.94854
2.42512
0.416216
2.23315
1.22473
0.552282
1.94059
1.08172
4.81212
4.54698
3.33634
6.65652
3.05594
3.58848
1.14091
0.356678
2.34698
5.72548
5.71952
1.25894
5.34383
4.556
2.91391
0.80684
1.67306
2.75255
1.04745
0.920649
0.701204
0.557303
2.0304
2.16525
0.919263
2.10027
0.433616
0.904943
1.65457
4.28155
1.39248
0.154392
0.85797
0.582013
1.3881
2.80326
1.95949
2.14266
19.5972
1.11079
2.72142
2.88187
2.46393
0.551889
3.7913
0.80084
2.40914
3.0387
1.2351
2.10459
0.667972
0.40831
4.92197
3.29101
7.17638
5.04643
3.51231
2.44446
2.61175
1.19244
0.996974
2.85578
3.48546
0.341012
2.28644
2.50294
1.82583
1.40047
1.47311
1.06091
1.89702
1.40987
2.11862
1.58958
0.275026
0.938883
1.16485
1.10099
1.64555
1.4514
1.17901
4.71797
5.96317
1.36097
1.92351
1.24239
0.439716
6.33724
3.73153
0.800658
1.83055
5.94323
2.2737
1.66975
1.94976
0.482805
1.33239
2.90175
2.6681
2.84287
1.50877
0.485146
4.57634
0.258639
1.85778
0.35265
1.77791
3.64665
4.33133
1.03768
2.87394
2.90016
2.84981
2.35807
3.0455
4.15655
0.315572
0.346862
1.05886
2.54054
1.12856
1.57393
0.221748
1.55544
9.60547
1.18653
2.55073
0.981325
0.932489
0.565191
1.30118
1.24752
0.499202
1.26108
6.05354
1.6596
7.76489
5.03205
2.26659
0.580181
6.68003
4.92101
1.61236
6.28845
0.939931
4.67126
2.34743
4.57325
2.74487
3.99226
4.3127
0.861807
3.32072
3.43024
5.75395
1.4962
5.07166
4.57885
4.69486
3.13576
2.12192
1.22969
3.92005
2.05476
1.31974
5.28527
2.19546
2.54809
3.75195
1.31565
12.8622
5.3466
1.48453
11.0335
0.590344
3.11901
0.825204
1.48008
0.618583
3.8258
0.53969
0.855097
0.339614
3.36505
0.387923
7.92589
0.997177
0.429617
3.62388
1.032
1.20718
0.696589
1.28266
2.14261
1.67041
2.01045
2.39338
0.209277
0.807349
1.38059
4.55612
0.726983
2.28874
0.371108
2.37486
5.32459
2.38522
1.4797
2.65194
2.55349
3.86821
0.91953
5.0936
0.666536
1.03845
0.219119
0.117534
1.73788
1.35088
5.6249
1.38493
0.988719
2.59026
1.14554
2.65807
4.64223
3.11409
1.35662
1.45283
2.27855
2.74478
1.63346
2.71844
1.05859
3.2031
1.43745
0.783405
2.25111
1.67427
3.30626
6.15381
2.17812
0.76881
3.74574
5.47205
1.92553
2.74855
1.06677
0.578595
0.213003
1.86538
4.60238
5.75943
3.64122
5.8049
1.29244
0.83233
0.293676
0.767327
1.24933
2.94846
1.42338
1.05408
3.69209
3.28656
8.94197
1.94542
1.62796
1.88946
3.19044
0.120089
1.77451
1.89565
1.7394
1.03052
0.220391
3.7606
9.66565
0.241779
2.99256
1.11406
1.65397
0.898
5.52481
1.9917
2.45643
2.49173
2.68328
0.873678
1.18699
0.521758
3.92606
1.25467
4.10318
3.98977
1.67195
0.285047
1.29199
3.3902
1.41516
0.606329
1.39037
0.210719
4.77659
0.738158
3.92174
7.18063
1.65109
2.39025
2.87725
3.92955
2.04364
0.220596
3.56449
1.63468
2.72108
2.95861
2.69859
6.11233
10.1569
2.15063
0.539332
1.21299
2.2567
16.1766
1.94568
1.26061
0.439581
3.32368
0.242523
1.67031
2.5825
1.42259
4.26772
8.79128
1.4224
0.768084
12.9609
1.9398
0.889509
1.10304
0.547264
2.49738
4.59306
0.91967
4.61178
0.811963
2.91236
5.58546
2.65866
3.04822
2.77578
5.88629
2.89779
2.55365
2.21048
2.31881
1.426
0.539502
0.910591
2.17305
1.69631
1.07445
0.972882
3.79761
2.91118
0.188334
4.90344
0.586848
3.01972
3.56335
1.32408
0.814264
3.16116
0.883074
4.80619
1.56011
1.60717
0.720409
2.15552
3.32577
3.70646
1.25151
3.25311
1.57468
3.09637
4.7141
1.14682
1.25492
0.948543
1.36785
0.579639
5.04752
2.24309
0.624395
0.930703
2.32947
0.0956559
0.702271
1.83497
2.00088
1.10325
1.34978
4.31065
1.1227
3.46786
2.27434
0.235167
3.71038
2.61449
3.12628
3.63652
1.65839
3.16008
3.31227
6.93472
2.6759
1.73744
1.11764
1.98119
1.65638
3.04371
1.20323
1.79615
7.39971
1.2872
3.93147
0.454701
1.55139
1.19017
3.31932
1.71313
1.2982
1.66204
0.168511
3.73349
0.858586
0.145306
1.77159
7.65572
0.689221
3.46949
0.987836
1.47219
4.53563
2.47581
2.98358
0.948006
2.55164
1.65601
2.31703
2.79478
5.50064
0.548271
0.559037
3.6182
1.99557
4.38995
0.914669
0.860453
1.23041
1.23615
0.619156
2.53508
4.99233
6.66895
2.07655
2.79515
3.1428
4.72111
0.865474
1.02355
1.20363
1.43243
5.17833
1.68007
5.14178
9.96047
0.556955
8.80716
3.53127
1.11087
0.490634
2.63021
1.82317
0.385105
1.61895
3.39358
4.19775
2.74005
1.76438
3.41054
1.36322
1.40231
1.58423
2.15946
4.80678
0.812995
3.34369
2.81251
0.557203
1.28191
3.31492
4.31059
2.07993
3.79118
1.61045
0.365401
1.09995
1.76366
1.30322
0.449873
5.10356
3.81375
2.16892
1.21934
1.36113
1.87979
1.28084
3.01329
1.46729
1.78209
1.36153
7.5141
1.61883
1.73639
0.54137
1.15999
0.385951
2.08166
3.35795
1.73236
6.20463
2.05913
10.6706
0.578541
0.968741
2.90917
1.43344
3.99273
2.90627
0.960081
0.354577
2.66042
0.664639
4.52463
1.92134
1.72814
0.979001
1.99833
2.73012
0.147991
1.72118
1.71248
2.90629
0.948107
3.13411
4.65258
0.632788
0.827672
8.33699
3.33249
4.24287
3.93304
0.443924
0.950945
0.65929
0.196989
2.37109
2.63653
1.50392
1.84342
1.076
1.3423
1.16503
2.45765
6.69747
0.601672
3.48087
3.19775
6.73299
0.132371
2.24145
0.597145
2.20342
0.0360246
2.52381
0.752645
3.96442
2.74538
2.38917
3.29551
3.75266
0.848657
3.62124
0.53418
0.984464
0.694568
1.08492
0.258342
1.11128
0.978292
5.32871
1.18391
3.16267
2.83919
0.652776
1.30517
1.04198
1.35105
0.950888
6.85338
2.71696
5.23279
0.599723
0.937922
0.880633
0.602681
0.914846
5.92912
0.820697
2.08992
3.34311
5.62287
1.53017
3.6558
0.356672
3.11166
2.42478
2.57733
0.758506
3.99577
0.34381
3.82701
1.169
1.13159
6.63649
6.3991
1.87698
0.122554
0.413585
2.32207
1.20697
2.12549
3.51523
1.0688
1.75347
4.5419
1.39036
0.366843
0.955351
4.33087
0.906337
0.784299
3.32693
1.48686
1.54332
5.23171
1.45051
5.76101
1.31073
1.33676
3.50714
1.3768
0.789906
0.18814
0.881456
4.08816
2.02768
1.77977
0.756687
1.0979
0.786453
4.93733
5.20898
5.37335
1.5271
2.23399
3.17896
4.0611
0.859314
9.23883
3.16475
0.558566
5.41357
5.07949
2.00025
0.81267
2.74058
1.06418
2.40725
1.55809
4.3322
3.00387
0.0334602
4.59843
0.358265
1.16561
7.47858
0.940347
1.04743
2.46578
2.75235
0.485543
4.32027
3.07059
0.488567
4.44895
2.23031
2.13002
2.19298
0.711051
1.28106
2.53399
2.78207
2.54475
1.8187
0.540967
1.54045
4.10272
0.807565
1.62086
0.644299
4.00514
0.873924
3.80334
2.85286
4.2155
2.55806
1.73652
3.03716
1.01676
0.437087
1.63241
3.38952
1.62302
0.692054
1.78539
7.78572
1.09732
2.58808
4.98921
1.4177
2.43
0.578608
0.864289
1.48655
1.40443
0.62979
1.13073
2.80947
9.1901
5.97659
1.05305
2.58308
1.35391
1.03127
3.19848
0.767361
6.30091
1.1859
0.435702
1.30648
5.111
2.33008
0.892655
3.58713
2.16569
1.42374
3.93218
1.30707
2.41407
3.04871
1.19257
0.795575
1.56496
0.344756
3.617
1.41814
2.69745
4.90361
5.68789
0.584263
1.43034
2.53328
3.78221
1.39504
1.98668
2.77689
1.88001
1.64303
0.861493
3.64802
0.63348
3.09327
1.16156
6.67046
2.1969
3.10587
2.07334
0.233304
0.873505
5.34397
5.07875
2.01086
0.397072
1.84721
0.711587
2.02432
2.51205
4.32099
0.518778
1.12859
0.394098
1.21418
1.24423
4.27222
1.13074
0.113157
2.47357
3.62702
2.52339
1.27693
0.519786
1.18584
0.204633
1.6167
4.62276
1.47078
3.24014
1.15255
3.66699
5.17231
3.13742
3.41472
1.862
2.14263
1.54781
1.3297
0.350408
3.23242
6.68733
0.935099
0.247711
2.48953
2.8936
0.769027
0.275057
1.02346
4.11644
2.12499
2.62529
2.51524
1.46986
4.97386
0.438196
0.918217
0.179473
2.88
3.94482
0.60879
0.780528
2.25698
2.90679
2.00368
0.552215
0.999778
1.12464
1.89953
0.782179
2.16332
3.06904
1.16677
4.25474
1.06464
4.31663
1.37346
0.470139
4.58622
4.45048
0.752294
0.829076
6.67258
0.789438
1.85889
1.3085
0.364823
2.67664
1.03513
1.91296
0.222425
1.26997
3.38899
3.66874
3.22783
0.721077
1.07146
4.36904
2.17027
0.63702
0.851184
1.6373
1.8307
1.46132
1.22317
1.66545
2.36817
1.81739
4.61073
6.47108
0.577918
3.49558
0.911607
2.70421
1.66498
2.06407
0.248835
1.38531
2.11001
1.24915
1.94593
1.5141
1.06532
1.96308
1.3394
4.93348
0.780717
0.962169
1.21222
0.945482
1.77884
1.57405
3.13506
3.33092
2.11093
0.804036
1.15851
3.64462
3.43872
0.354408
1.18874
0.105244
2.15928
1.6005
5.10262
0.979273
1.40555
5.52277
2.28192
1.56384
1.70045
2.96665
1.58105
1.01827
1.02001
0.86015
3.86687
3.29613
1.4467
4.10261
1.67508
1.1699
0.656595
1.09329
3.49951
2.01742
1.43892
0.594299
5.84175
2.69505
2.62892
2.25885
1.10511
6.91018
3.40549
1.68963
3.2697
2.5898
0.738933
2.79701
7.61734
2.00045
2.61324
0.978768
0.621479
0.867282
1.63495
1.17919
0.763148
2.57262
1.54801
4.23052
2.54089
0.661316
2.0693
5.04779
0.691839
2.50014
1.99572
0.125121
0.9868
0.765269
1.75285
4.08184
6.30633
4.85585
2.36013
2.7124
2.45034
5.0552
1.11194
1.64418
1.23452
3.94809
3.32253
5.19275
0.264638
1.47159
1.5309
1.61991
2.38483
1.81301
2.37961
2.00594
3.95434
3.34862
0.904264
6.10737
4.71036
0.538465
0.965438
4.09188
0.132095
4.13673
0.690558
1.10293
3.84143
1.75845
4.88768
0.979229
1.45656
1.2885
1.55312
3.43211
2.62412
3.79743
4.95873
7.22062
3.26612
0.936458
2.68906
6.59121
8.88064
7.39052
5.36389
1.39655
0.853959
1.90454
2.6234
0.651194
2.40319
0.195682
0.0996731
0.489691
0.792019
1.79549
2.06052
5.16446
1.30803
1.96721
1.23493
1.68971
5.78559
2.98754
1.45431
3.36944
3.85689
1.74079
4.639
0.877605
1.36122
3.46373
2.04553
1.69753
4.34669
1.01385
2.73798
0.56775
4.40772
1.4965
1.99572
7.21366
2.66956
1.51813
1.04317
2.52232
0.69072
2.33659
3.16465
1.67711
0.486282
0.676704
4.21197
3.49849
2.08238
0.900613
1.90203
0.640145
9.19616
6.60103
1.87854
5.30006
2.92304
2.35263
1.81027
0.786923
1.10409
1.31894
1.22686
2.68412
0.848426
0.226609
5.60952
0.860455
1.40385
1.81565
3.93054
5.2226
2.92185
3.61786
1.52482
4.936
2.40728
2.09958
0.546801
1.52749
3.46886
2.17903
5.96802
3.05914
3.33401
1.20687
2.02104
0.981329
2.41741
1.96315
2.10106
4.06762
1.50531
2.59403
1.8161
1.66207
6.27555
2.3236
4.24766
0.927885
1.33875
1.6749
1.93792
1.38063
2.75008
2.72671
1.46225
1.06794
4.7193
0.324652
0.742557
4.91664
0.954106
2.43205
2.6021
1.73459
1.15313
5.54052
2.76641
5.64223
11.4601
1.0295
1.62481
0.13443
0.227195
1.43387
2.49317
2.2948
1.48072
2.57705
2.63393
2.35635
5.20725
1.97691
2.71854
1.62201
0.37162
3.31752
2.7405
2.18723
4.10664
1.23314
0.914072
0.618622
0.854044
4.09275
1.19819
1.42003
0.98841
2.57955
0.693982
0.417423
0.174914
2.80862
2.65092
2.49445
4.0269
0.887747
0.80777
0.774288
0.931291
4.11676
0.859904
3.39479
1.14081
0.490324
1.9228
2.33006
0.801542
0.878219
2.01878
1.73968
0.203607
1.89565
2.22378
3.14074
6.06795
2.25969
2.9892
1.12774
2.50853
0.0605858
1.05622
0.450462
3.80287
1.60053
1.99787
0.901604
0.95177
0.713549
1.4489
1.33092
2.54504
0.821815
0.68818
3.40624
1.2592
0.627623
0.803431
1.90413
1.10685
1.86678
1.34425
3.09517
0.915522
1.06649
0.483476
6.27067
1.19239
1.1526
3.07205
2.34155
3.29927
5.44522
1.75825
2.0865
1.27409
5.74566
2.31613
2.38388
6.8165
1.50573
0.799956
0.149576
0.669489
2.26958
2.67515
1.86886
2.35219
2.71802
1.03448
3.88618
1.37825
1.21934
2.48808
1.31665
1.53254
5.4909
0.952851
1.49799
0.42961
2.07349
1.23501
7.46888
5.06368
1.24548
1.41112
0.766376
4.98899
2.74768
0.329717
4.91352
3.35008
1.96953
2.74048
3.37309
1.63948
3.49862
3.82314
2.03638
0.653665
2.35115
0.96168
0.336187
1.12489
0.430695
3.69155
2.40507
3.64871
5.89266
2.02233
1.64593
5.2299
0.202664
1.23652
1.66604
1.65438
3.39425
2.60894
1.85646
2.4176
8.84713
2.49504
4.00861
1.49015
2.25889
1.00127
0.427099
3.30092
2.37338
0.505398
4.17981
4.80172
2.69105
1.52286
1.35366
0.777066
0.943821
4.04385
1.27666
2.05168
3.20291
1.45603
1.40259
1.04677
0.360682
1.26696
1.23533
2.26002
4.45134
0.118298
2.3035
1.97257
3.06535
2.78918
3.24685
0.779073
2.9618
2.816
2.59761
3.61899
0.416618
0.312519
1.93567
3.75272
2.90437
3.27661
0.671976
2.21338
0.0415767
1.85147
2.23471
5.91044
1.40627
0.516983
1.70543
0.515622
1.05703
0.943407
1.42678
1.09594
4.38226
0.565855
2.83935
1.97915
0.608247
1.63689
2.20853
3.41463
2.82394
0.325116
2.75582
1.61404
1.23874
1.96478
1.82825
3.62106
6.26418
5.02233
1.10859
1.99028
1.87439
0.709078
0.706114
1.72297
1.84719
0.221311
0.814591
1.46452
1.96751
1.93393
1.13903
1.67325
6.92457
1.06278
0.989444
4.47651
4.47335
9.09724
2.43487
0.970376
0.574556
5.16628
2.52247
1.9164
6.01313
0.417384
0.272214
3.04459
3.36707
5.69148
2.65585
3.07597
4.22763
0.563206
2.54704
0.737205
1.03921
2.05917
6.42657
1.64117
0.790563
1.89163
0.871233
2.46691
5.47574
1.24877
4.1289
1.03897
3.24554
1.95152
1.07957
0.914983
3.41822
5.34739
0.297953
1.12645
0.408583
5.87534
2.13971
3.33656
2.72813
1.54638
0.968215
1.08825
2.31553
2.89404
0.697825
1.03559
4.91603
4.40988
1.65746
1.30082
1.75443
2.69401
2.76319
2.02492
1.21013
0.923175
0.408049
0.82688
5.44541
0.563212
3.41011
2.92438
0.20157
1.90522
1.38414
1.1677
2.46902
2.9438
5.27874
1.96457
1.27172
2.92681
0.56567
6.92838
1.51633
6.77789
3.79462
2.30555
2.80525
5.789
2.72444
4.22124
4.07382
0.68121
3.74419
1.12877
3.44587
2.03855
2.6819
2.4647
1.15168
0.815124
2.24512
1.38346
4.28566
4.48045
1.33472
2.09468
2.61365
1.52353
3.55818
0.763853
2.09484
2.70234
2.57747
6.12549
1.39106
0.850101
1.28769
2.31271
4.01194
0.0627975
2.03392
8.42699
0.531423
1.34888
0.805796
2.23261
0.439106
1.74015
1.53734
2.27111
1.36746
4.7873
4.81448
4.24943
1.6607
0.653269
1.15531
2.53525
1.42101
2.09319
2.93466
1.64264
0.975246
2.24577
1.17357
1.32312
1.19814
5.41248
1.67417
1.29218
1.70765
1.63291
0.407014
0.853685
3.13829
0.863639
1.99145
1.18953
2.24939
0.33118
2.66801
2.69534
3.94126
1.18523
1.78774
1.53762
0.994764
2.0515
0.816556
0.451759
4.56632
0.768595
1.79343
2.72019
0.462933
1.97131
8.22275
0.814766
1.61888
4.82617
0.498553
3.06346
1.13648
2.24164
3.1941
2.04372
2.97717
4.04036
1.56218
3.03712
1.25099
0.992302
2.30874
3.12962
2.05805
3.67429
9.03587
7.70746
2.31701
4.90732
1.83008
4.23717
1.58108
0.310205
1.01245
2.24483
7.88153
2.0183
4.57917
3.09438
1.21646
0.911915
1.76666
6.39529
7.64146
4.11293
4.24597
1.69105
1.2523
1.59236
0.908101
1.17496
2.70846
2.03468
0.955042
2.65034
5.40491
3.43341
2.7043
3.02442
4.81364
8.00439
0.599371
1.40063
0.806212
2.4328
2.20347
0.782607
1.21451
0.311957
1.3907
0.463182
6.01816
2.58302
7.58453
2.54587
3.39496
2.70007
1.25377
0.758843
1.75311
1.54585
2.10535
3.54441
3.44372
1.93402
3.59187
2.49352
3.44752
1.61
2.65156
2.61945
10.0403
2.49397
1.19663
2.07669
0.840438
3.70879
0.316269
1.9884
2.70936
0.670857
2.33704
0.513867
1.95172
0.877169
0.702712
3.0547
1.50473
2.49874
1.71595
3.05221
0.667321
4.32254
1.53446
3.31996
2.86487
2.46556
1.04412
0.702469
3.83874
1.29107
3.58041
1.91784
2.22349
1.69804
2.73732
1.5386
0.764039
3.04306
1.47678
2.15765
0.658788
1.79256
2.86686
3.20885
0.603945
3.50797
1.3239
1.43714
3.36237
2.34207
1.08555
0.454239
1.69166
1.96316
0.762788
0.913025
0.625045
4.30799
0.729571
3.24242
2.87738
4.61421
7.92603
1.4039
10.7406
4.08208
0.384413
3.7349
0.680813
1.35473
1.41158
3.29017
0.425049
0.599958
2.02179
1.86502
2.55835
6.72363
1.21638
0.393195
1.27504
0.949857
2.25388
0.850835
2.12269
0.366942
1.09757
0.966275
6.35241
8.12434
3.91007
2.27866
1.28461
1.69925
1.01208
0.641474
3.82194
0.991316
1.24368
0.265377
0.457663
0.964542
3.58854
3.8971
3.11529
0.253684
3.57265
6.16554
0.819387
0.789739
3.47559
2.64885
2.00098
0.491606
1.99537
2.14831
0.555052
3.3531
3.46975
2.05629
1.4019
0.819184
2.66108
0.819467
0.787333
2.30942
3.02081
0.570505
0.493458
1.93017
0.700995
2.02963
2.03568
3.92064
1.00803
6.95177
2.70857
3.76164
5.55205
1.43862
1.60619
1.22492
2.62802
0.669435
4.96756
4.66649
1.2538
2.6221
3.43123
1.19319
2.62123
5.94393
2.65737
4.37659
1.66759
1.80073
3.42302
4.06472
0.694736
8.21264
0.983715
1.28548
2.08722
0.630285
1.5839
1.07581
7.73184
0.735979
4.38399
1.12133
2.64076
1.95439
1.55273
1.85541
1.67142
3.39213
1.68023
1.1413
1.61445
9.20638
3.55106
1.70733
3.05677
1.61748
2.31199
1.55388
4.13895
3.60536
0.70125
1.10987
3.84013
1.44669
1.19916
1.42525
1.55797
1.45901
4.97814
1.67217
2.40822
2.95904
0.543904
1.12783
2.08829
1.04287
3.79782
2.82293
3.23857
1.72924
1.76888
2.38633
1.10476
1.84611
2.7067
0.49999
0.927554
1.62825
1.5911
1.36617
1.09063
0.70077
5.1914
4.13801
8.22992
0.91259
3.83799
4.21906
2.45024
0.333539
1.30781
0.950842
0.602652
2.4326
8.62928
5.49994
2.24772
5.17204
3.58964
2.44404
1.04082
2.49499
2.19197
1.63666
5.85075
4.0168
3.44159
1.76265
1.48392
1.14038
1.44685
3.73135
0.445469
9.25438
1.2661
5.12712
0.424504
0.252095
3.20045
0.932913
0.775911
1.63368
7.89613
0.181596
1.53403
1.66802
3.22891
1.75364
1.51792
2.67502
0.976312
1.24241
1.06534
3.12699
4.91377
2.00916
0.856826
0.242983
2.81408
6.07797
2.62007
1.46562
5.3891
1.40529
0.235189
0.833039
1.73194
0.367286
2.55603
1.65056
1.9285
1.11571
5.46726
1.31112
7.2757
1.11439
5.19365
4.95895
3.33713
2.60277
2.4187
2.53
5.96003
0.935619
0.45145
4.05858
2.00175
2.55655
0.946179
4.81857
1.64911
3.46878
0.41923
0.670892
4.21833
1.17824
4.83301
1.94427
2.67315
1.85858
0.510871
2.64517
4.28354
0.0826212
1.63436
1.69546
0.926862
0.379791
3.94233
2.81219
6.10035
1.91248
2.8562
2.10902
0.535996
1.36068
1.57916
4.18358
0.778227
1.97968
0.462079
4.3245
1.78067
0.00774612
1.57561
4.3942
0.515325
1.21474
2.88162
1.66559
0.462796
1.07434
0.672576
1.91087
4.35355
3.00416
6.6145
2.35827
0.570655
4.10768
1.30484
2.08974
0.883073
0.48074
3.7458
0.713601
5.14501
0.924249
0.882091
4.16694
1.24259
0.318483
1.68916
1.96043
2.15973
1.19643
7.93993
2.50893
2.98231
11.6016
2.10742
1.27939
2.12874
3.97802
4.05898
2.38604
0.541219
1.37452
3.1939
3.25326
3.89666
2.43751
0.583202
0.648677
1.4838
2.89313
4.4184
1.77656
1.57571
4.18724
1.82687
7.48654
0.425265
0.67202
5.52546
6.82669
2.59819
0.962414
0.594115
2.22094
1.67665
2.00137
0.57312
3.10147
0.251343
0.227352
1.92883
1.08271
1.46316
0.747992
1.32076
3.75827
10.4255
2.0267
1.19446
2.92853
0.630857
7.0577
1.33136
3.75935
0.484362
1.39145
3.14863
0.502693
8.35685
3.82455
5.80367
1.42538
0.792738
0.410845
0.662618
3.18723
2.04458
0.280842
1.28478
2.01902
1.43123
0.611754
2.75478
3.30306
0.527177
4.95255
4.51033
1.44459
1.94644
1.74408
1.33079
1.62818
3.08607
0.882136
0.481756
1.72896
1.8272
3.29349
1.8135
2.35902
2.50996
3.55973
1.26375
0.471384
1.91851
3.44102
1.76821
0.78549
3.31142
0.399441
0.0154402
4.16626
4.10817
0.461827
3.30565
0.52279
1.01058
0.854055
3.51455
9.3688
1.15979
1.43609
0.443152
0.753663
4.38981
4.39528
0.935479
0.798923
2.44733
0.522181
0.744466
8.80394
3.14281
0.491443
2.28272
3.47307
1.55413
1.93085
2.9333
2.63425
1.62065
3.59376
0.852114
0.0826839
2.29007
0.354168
0.853616
4.3138
1.00213
5.03013
2.17752
2.69083
4.18731
7.02155
2.21406
0.995783
2.8373
0.493399
1.98682
0.364066
0.545713
1.77474
3.31543
1.76883
2.3309
1.18578
2.61707
0.700269
0.213722
0.746484
0.589997
4.27593
2.2141
0.186837
3.37043
1.49505
1.58023
3.40436
1.77568
2.45192
0.638848
0.819929
1.01086
1.79718
0.505508
5.70127
5.19805
1.34078
2.95863
0.550816
1.91369
4.76281
1.63853
1.34892
1.98587
3.53515
4.12259
3.04022
2.96735
2.12015
2.60046
8.56045
0.35527
0.984583
0.94562
11.1397
4.34138
5.08144
6.24312
1.15384
3.93807
1.58392
2.276
0.517857
4.07695
2.14144
0.228928
1.13343
1.91989
0.300074
2.5121
1.20879
5.3628
0.674056
1.85785
2.37336
0.711234
2.07099
1.74442
0.366804
3.25999
0.65038
4.72107
0.358952
2.56588
0.694094
2.26893
2.37434
4.869
1.31558
1.15333
0.630761
3.53273
0.510097
2.79456
5.29055
0.504795
1.98266
4.96116
1.08828
2.60615
3.74431
1.23931
2.95449
1.364
1.17278
6.07757
4.05451
0.717088
2.85514
3.64506
1.48584
6.17666
5.05626
1.28471
0.930604
1.23514
3.03463
5.1988
1.68843
4.95643
1.06489
1.86251
0.0943119
0.988024
0.132394
2.11373
1.78723
0.775114
0.514242
4.94795
0.608619
3.73577
3.14118
3.02787
6.51049
0.388897
5.97757
0.845231
0.100786
4.29781
0.492841
0.671941
0.508551
0.708028
3.12409
1.88478
0.677727
4.4064
3.37977
1.81176
1.01229
0.253596
2.03036
1.84065
0.395841
0.897218
0.627923
0.297395
2.02939
5.66608
5.20694
0.683792
1.23293
7.42956
6.3838
1.49915
2.25189
1.91228
1.19253
3.79735
8.78339
7.36035
3.07604
0.927918
0.916873
4.20575
1.07003
4.12328
3.36281
6.8794
1.26669
2.19634
5.05051
1.38277
1.53018
1.91379
0.766987
2.26093
1.79249
0.579442
0.907807
11.5163
3.66322
2.45493
1.47996
0.413603
1.7026
1.51762
0.736499
2.4205
1.73469
1.89245
2.72925
0.691737
0.890477
4.53177
0.106108
0.798287
2.12645
0.744553
6.2504
1.21285
7.35884
1.21766
0.525504
6.67453
1.69129
0.962679
2.97067
0.908781
3.89368
0.705538
0.867656
1.83413
0.938159
4.1394
0.186895
0.188644
3.33855
1.02587
6.47059
1.63929
2.14188
2.74431
2.04308
6.91278
3.14441
0.915362
0.54761
0.751303
5.58212
0.959695
0.964022
2.70095
0.661338
1.25665
2.06445
0.148537
1.07476
6.23234
3.45797
3.80345
1.11362
3.1739
5.12848
2.62747
1.3405
0.947945
4.43029
3.52149
3.87065
7.27139
0.911286
0.662582
6.61204
3.64314
2.26185
0.607646
3.0947
1.18464
1.53492
1.80205
5.61052
1.65067
1.22805
5.43138
3.17798
2.67346
0.213471
0.31282
3.65033
0.888268
2.3478
0.986779
0.109108
1.15565
0.428154
1.08641
1.1386
1.70025
3.30643
2.4838
1.42999
7.53319
0.849257
1.46259
1.65821
0.929641
1.44036
2.95395
2.94314
2.08771
1.71608
3.08063
4.10544
2.75631
2.00536
2.27283
4.30157
2.69365
2.86127
1.2269
8.47184
2.04441
1.83331
1.17881
3.64949
2.55582
1.23423
1.21007
0.875889
4.04258
0.46544
2.22801
0.900975
2.85465
1.84089
0.417394
5.18664
0.599548
1.98109
5.21039
4.70168
6.00924
0.380463
1.3165
2.91395
3.76216
5.846
2.42045
1.09264
3.38325
1.97927
5.46327
1.93386
1.74217
6.46912
3.31854
0.232049
2.34604
1.46507
0.632107
4.69468
1.61685
8.00036
1.85895
1.23003
0.214618
5.26017
1.34705
0.753577
0.344982
3.88085
1.45095
0.376288
1.64541
1.83756
2.13317
1.16345
2.93135
1.33961
1.68304
6.31445
0.716113
1.97931
7.21386
1.02333
2.6981
0.729156
5.46585
1.13564
1.47817
1.09663
0.904109
1.72293
3.27371
0.7251
0.287435
1.62316
4.26672
1.15226
0.49174
1.44881
0.828275
7.3116
1.53255
1.94269
1.03849
4.81086
2.70365
1.07935
4.87319
2.60194
0.811862
2.76653
0.368254
4.60518
1.36501
1.34282
3.56752
1.56403
5.84442
0.333502
0.714847
12.4428
3.2548
2.06118
1.63336
2.29937
3.30753
1.02714
0.796521
2.45108
3.07891
6.29591
1.51543
4.31573
2.67864
5.99782
1.72501
1.52277
2.40573
2.51731
1.23118
0.662608
0.893094
1.27701
0.29143
0.602524
1.91858
5.18506
3.07048
0.713213
0.783195
2.37
3.03569
2.50394
0.653317
2.8186
0.669165
1.16906
0.492573
3.72089
3.63678
0.709219
0.76266
0.923457
4.86045
2.3125
0.792863
1.85262
2.17117
2.15156
3.86946
1.49116
1.80266
5.265
1.66476
4.15051
0.235641
6.66511
4.10726
0.604119
1.58612
0.367711
6.16937
3.28787
2.38031
0.470274
4.71587
1.53921
2.13968
2.09512
0.203625
1.07198
3.51187
7.49173
8.22986
2.69078
1.61528
2.38251
2.85396
0.371122
2.70906
2.22876
1.35784
1.27794
0.69617
0.917837
2.56705
1.14359
4.54501
1.1541
0.642194
2.30876
5.31206
1.20356
0.513006
2.1141
3.52081
3.25344
2.63865
6.46654
1.22683
2.70366
4.45524
8.86606
1.4799
3.07428
4.39267
0.392136
2.51386
7.42817
0.894578
3.97468
1.07005
2.2275
1.55982
5.81837
0.965457
1.04628
2.64315
4.01211
4.5412
1.87862
7.94799
1.20811
2.13554
2.00172
1.00067
5.63877
2.16301
3.64991
6.12172
1.41499
0.410751
4.99126
2.68729
0.874554
3.95756
1.80436
3.50059
2.33351
0.897009
1.35175
0.238703
0.255868
0.570265
1.42129
1.0154
0.852821
5.36759
2.16225
0.773713
1.00876
4.23319
1.45673
2.37457
5.28476
4.83435
8.88121
4.02427
1.75328
0.242449
2.36994
1.61145
0.59251
0.909426
3.56145
2.59882
3.58669
5.09003
5.48154
1.50837
3.96661
0.343901
2.84446
2.68149
1.26576
2.81774
0.979533
1.30448
0.601884
0.453292
1.43867
1.99207
1.62752
2.75117
2.86053
0.805177
1.60907
0.961615
1.79582
0.644347
6.06646
1.34681
3.22084
0.626938
1.59401
2.66475
3.71852
5.39774
0.284906
0.98543
0.441056
0.649801
5.07969
0.0924318
0.976028
1.61998
4.41372
4.1636
0.875464
1.93998
1.87789
0.951476
3.31113
2.27643
3.97024
0.398338
0.351353
3.06661
2.31785
1.14307
2.46567
0.870412
2.37334
4.12288
0.469531
1.96422
1.12524
3.03838
2.26216
0.731792
0.60325
2.67441
3.15724
0.192659
1.75622
0.430661
2.68821
0.896004
1.31508
2.03473
1.51196
1.34488
3.98251
1.20771
2.82031
1.68778
0.437062
1.64097
1.09773
1.22127
0.722003
2.3192
0.679414
3.05982
1.40571
2.0729
2.5762
1.27046
2.04998
1.97034
0.898581
12.9518
1.36821
1.48481
0.458456
2.47019
6.81884
2.4437
3.27626
1.742
1.39569
4.66121
6.19336
4.73864
1.31264
3.65284
1.92387
3.22349
2.00357
0.69607
2.44181
1.07727
1.62992
2.93828
1.45909
2.47318
4.50472
1.91985
3.53039
6.30654
2.53569
1.03997
0.943043
3.30883
0.598802
0.79069
0.449861
3.12485
1.2695
2.54575
3.69207
2.13591
0.518718
3.65397
0.609598
0.837183
3.97286
0.771811
1.21906
0.484088
0.523334
2.35282
2.69518
0.572379
2.1844
5.77023
1.54008
2.93074
3.45542
5.37263
1.44016
1.63016
0.371607
0.683052
1.40818
0.348653
1.65941
1.30603
1.45429
2.04164
1.09133
0.674952
2.85478
0.511372
14.4389
1.62372
3.04953
3.02216
2.73988
9.03212
3.48518
0.803457
2.54678
1.51612
2.18325
2.26993
1.08687
5.33142
3.09468
2.01862
2.13758
1.1643
4.26221
0.0733738
0.745418
1.25027
9.22419
0.529491
1.74318
2.95889
1.65535
0.845599
2.14067
4.20112
3.30201
0.590446
2.01286
4.81045
1.02786
0.903111
10.0241
0.482488
2.92459
4.73453
0.902586
2.48863
1.24603
5.15976
0.450412
3.70625
5.3016
3.7826
0.605513
0.767274
0.506306
3.84897
8.97668
1.65096
1.75347
1.00143
1.31257
1.27406
0.648306
2.32268
4.01987
0.64229
1.34958
0.486707
6.51796
4.61032
1.68224
3.06143
0.551813
0.555295
6.21627
0.653486
9.66236
3.14433
3.3199
3.27722
1.1133
0.862486
4.90183
1.15376
2.48945
1.27031
0.268081
3.48064
1.11521
2.16265
0.222412
6.29569
2.15964
3.72492
1.39737
3.50982
3.01369
1.3138
4.65965
0.746875
1.36481
2.24901
1.30862
1.1406
0.815088
1.76231
1.11265
1.73131
0.629594
5.20611
6.83646
1.84214
1.66617
1.11425
2.62239
0.857071
2.46123
2.25495
5.24493
3.26483
2.54511
1.1053
4.18019
2.34367
2.50563
1.55202
1.4419
0.885125
2.86185
3.63499
2.46033
14.9132
3.61787
2.16023
0.233928
1.47836
1.36759
3.15184
4.96782
3.41776
1.29947
3.68204
0.429967
3.93208
3.73784
0.751473
1.23236
1.3541
1.45017
3.49446
1.58077
7.46945
2.40908
0.596281
1.18433
7.0861
1.81044
2.58328
4.19441
1.48187
1.09237
2.67367
2.66706
1.74332
6.32619
1.96644
2.53092
4.26998
1.70225
1.44635
1.38266
1.13761
6.45352
2.45716
0.886787
1.1688
3.08852
0.208759
5.65612
2.63562
0.346863
1.1284
0.646114
1.71036
6.63406
0.288408
5.33913
2.07043
1.28561
3.80333
2.93803
3.5119
4.57725
1.15538
1.08985
2.35387
2.81113
1.76484
9.99435
0.721636
1.2471
0.0584108
4.80725
0.684815
3.76784
0.633196
0.695511
1.6571
0.202685
0.352715
1.19176
1.14035
2.65944
3.45148
0.974595
7.03093
2.0023
2.77696
3.87141
2.473
7.01229
2.30495
1.20797
2.38712
3.70973
3.87722
0.778366
1.24672
0.376166
3.00354
2.00771
1.5104
2.91835
4.51846
3.44664
0.132421
2.56763
3.73652
1.10176
0.759915
1.11284
2.53567
0.362372
0.331528
5.3826
0.677006
0.139259
2.63375
4.74595
2.2618
2.78365
1.17225
4.22584
2.42064
0.114315
1.78848
3.43041
0.209908
1.02752
3.4594
2.41363
3.90536
2.26857
3.46914
1.26923
1.27404
0.664069
0.440237
0.88327
0.803129
0.401778
2.19539
0.515186
1.43017
0.553747
1.23666
0.451298
1.86971
3.65381
1.34215
1.89514
4.5098
0.383025
1.72727
0.858631
1.39098
3.94659
0.937991
2.48385
0.976594
2.18883
7.61264
5.2402
0.550555
4.68367
1.25111
4.33392
3.86483
5.61596
0.701069
2.98398
1.37972
1.76499
4.2865
1.07592
2.87551
0.695382
6.3888
1.48782
5.03515
0.86335
0.350984
2.25641
0.468809
1.30361
1.07434
1.39683
1.09275
4.63119
4.72818
2.39354
2.55412
2.30246
6.10697
2.69374
2.26508
3.50828
2.22257
0.566959
6.68553
1.67137
4.03622
0.37512
1.98794
3.47201
0.9512
0.553988
2.31051
2.73482
11.4658
1.24085
4.36914
2.55325
6.98287
0.865239
2.66121
0.707422
5.30549
3.56631
2.86016
3.39477
0.597341
0.912976
1.53744
1.7488
2.51207
5.24185
1.18162
3.21046
3.27223
2.68187
2.45566
2.83359
0.753191
1.44763
1.91054
1.63017
1.32749
1.23869
1.30141
3.27197
1.3002
0.526867
0.199625
1.99996
4.32352
2.83067
0.56582
3.0592
4.35393
7.54849
0.830408
1.85793
6.56323
1.7758
6.01857
4.10258
1.0835
2.34059
0.492749
0.902667
4.25017
8.65577
1.6617
0.724872
1.29912
2.60671
1.20074
0.944232
1.74544
13.5102
2.36449
1.15069
8.94008
0.0767887
5.44567
5.02821
0.377634
4.22097
1.43635
1.31324
0.895535
1.34926
4.1107
3.34391
2.63576
2.69972
1.92694
0.316339
1.23144
5.90741
0.378377
1.62144
6.29418
1.58936
8.89896
10.191
2.81493
4.81554
1.28103
4.32035
2.1007
5.68252
0.928706
3.61004
0.258076
2.28331
0.584717
2.33936
1.04207
1.02906
5.38728
1.70511
0.877494
0.788142
2.4822
5.99613
9.26842
2.86897
3.32081
0.209202
2.27445
0.967789
1.87147
1.30787
1.15391
1.95336
1.72065
2.36792
3.09485
0.556877
5.14525
0.809899
1.54996
3.99792
0.868413
4.8308
4.15868
1.6185
2.00482
4.01158
2.00252
0.351422
3.74666
2.29306
1.01002
3.92439
1.23176
1.3272
2.35317
2.50641
2.93769
1.31517
0.60238
1.99301
1.73939
1.47995
0.859267
1.67828
0.865602
1.00984
8.71999
1.38066
4.92444
4.85469
0.793643
1.52653
1.33567
0.805871
0.463751
1.60243
0.299171
2.88078
3.78578
3.84866
0.596332
4.7689
1.49448
1.26388
3.54845
0.342587
0.370783
2.60118
2.30539
1.16673
0.881975
0.593458
1.08018
0.806599
3.22785
2.4533
5.04578
1.04492
1.31234
1.43665
5.13121
0.219505
11.2822
0.283025
1.16327
1.13334
1.67877
0.662825
2.37501
0.644281
4.21821
0.195654
0.157285
2.15778
3.18508
3.69488
5.04826
2.46722
2.53044
10.406
1.70046
1.46201
5.42641
1.40534
0.8656
0.748431
2.35019
4.7607
3.84947
2.15707
3.63267
0.383806
0.522994
1.38561
0.316795
0.731234
1.67055
2.24081
0.686604
1.97822
4.75114
1.7879
1.90066
1.88994
0.417467
1.60121
5.23165
3.84501
4.91486
8.66638
3.21179
0.914856
1.25146
3.28053
2.15122
1.17746
1.15097
0.642701
0.49013
2.80985
2.54693
0.950941
5.07083
1.32185
0.914542
3.36187
1.76221
0.735408
2.77628
2.21285
1.29523
1.15571
1.17696
2.92301
0.307966
0.432464
5.79837
1.05628
0.39977
1.18074
1.672
4.16727
2.73992
3.06084
7.54946
3.30902
6.41718
1.48587
0.86533
1.27431
2.45932
3.84506
4.06932
3.43753
0.383864
0.432693
0.700913
5.21197
0.569345
0.627442
0.827989
0.200818
9.66653
3.41251
22.4969
3.8978
3.24934
1.04064
2.05088
1.94786
1.29855
3.19393
2.42542
4.06849
8.33747
3.14432
6.77749
3.35651
0.635447
5.86032
2.69445
0.990796
3.01415
6.79285
2.54803
0.79645
1.13416
3.45608
1.05247
2.44463
4.14735
0.650138
4.21846
6.04318
6.60126
0.824514
2.06436
2.53109
4.93886
1.78989
3.9329
3.17476
0.447813
0.637526
3.60867
1.89966
5.25426
4.71821
0.676303
0.512432
5.06753
2.5427
3.57803
1.79581
1.09531
4.84939
2.20685
1.479
1.14157
1.23827
1.34029
2.3181
2.25736
1.73922
0.0985376
3.13165
1.62264
2.8334
0.701108
0.480079
2.00844
2.62845
2.40256
1.61458
2.23374
1.89548
3.9663
7.84097
1.64436
0.666047
1.56558
2.41553
0.224152
1.75814
3.68943
5.15752
3.16343
5.92387
1.56133
6.27946
2.35469
1.42514
0.968517
0.600732
3.08685
1.00476
1.14699
2.57128
0.412457
0.777884
2.4439
3.07343
1.91121
8.06682
1.06518
3.16536
0.716973
1.65656
1.16516
5.08122
1.36659
0.630487
2.30284
0.908321
0.667188
1.64597
0.761109
0.890333
0.977459
3.44402
0.101599
1.21659
1.19045
0.120193
1.11869
0.778761
5.86038
5.8844
0.458859
1.69018
4.64078
1.61708
2.54382
3.89473
4.43402
2.06656
1.70824
0.722424
1.72389
7.04896
1.81663
2.52925
3.94578
0.631002
0.290187
1.86234
1.03631
6.52142
0.965807
0.986119
1.24918
3.25895
0.38308
1.4297
1.58789
1.84562
1.24141
4.78084
2.63758
5.09775
1.60108
3.87838
1.04618
2.5501
13.4344
3.8062
1.19012
4.25211
0.684651
2.07901
0.351986
1.02604
5.64671
2.00034
3.67759
3.91274
0.689035
2.94318
2.23009
1.12577
2.6602
4.62465
1.04205
5.6345
1.03608
6.70996
4.43284
5.69994
3.09992
3.9162
2.22564
1.26114
2.2231
3.63867
2.08222
0.979972
0.393975
0.411783
2.46755
0.582716
1.1986
1.24847
4.06996
1.60932
1.79143
1.43448
0.130815
0.729581
5.55777
0.721745
0.570798
2.16457
3.65624
0.218199
2.5898
1.94987
2.09266
4.07303
0.788975
2.78842
0.0436847
2.82027
5.96739
2.54055
4.31069
5.36546
5.5388
2.12157
1.07232
0.901253
1.121
0.803614
2.24393
2.02818
4.58844
1.24498
2.62412
1.58515
0.943276
0.357985
1.75627
5.95986
1.55799
1.33919
2.57074
0.550677
2.21368
0.161008
0.865352
2.65194
1.06561
1.80251
3.10004
0.658367
2.52646
2.89218
1.06195
1.02634
6.03356
2.63736
4.05907
3.97636
0.316618
1.41884
0.245685
3.61137
1.09007
4.17369
4.22174
1.69371
3.06475
1.39905
1.617
3.93416
2.48997
1.23849
2.92176
0.97596
1.19166
3.11615
2.18373
1.5032
2.00411
3.09837
1.80888
2.11501
1.91978
1.18617
0.887233
1.15147
2.81842
5.21779
0.137645
0.574739
0.624808
1.52996
0.280663
8.45911
3.84797
2.42742
1.44483
6.39633
0.461231
1.76767
0.41142
0.834963
4.51517
3.80637
0.393148
1.6474
3.40614
0.938507
2.42607
2.17389
2.59496
1.73015
1.04346
4.92542
6.9988
6.21995
0.172383
1.47812
1.52351
0.533622
2.53202
1.47744
1.0666
1.62704
1.00995
5.5897
0.800728
0.550503
1.48172
1.79458
1.53147
10.5038
4.38177
1.71623
3.74589
3.51826
1.33213
0.0506596
3.51225
3.41192
4.17794
2.18547
0.448712
6.14209
1.77031
4.90347
3.19224
2.72343
5.08276
0.945788
0.665862
1.57808
4.32825
2.4312
2.83903
1.55651
1.43567
2.3342
3.13462
2.24746
7.02312
1.07137
4.34823
2.64471
0.660153
0.768233
5.00435
2.16029
9.78415
21.4597
0.911199
1.4883
1.7587
2.78617
2.56751
1.13632
1.79477
0.660221
1.25454
0.721216
0.706109
3.47405
7.58492
1.79077
1.08185
2.11195
0.158727
4.25595
0.587784
5.11951
2.85074
1.58953
0.987808
3.20788
2.24151
2.27652
1.38281
0.140309
0.596929
3.4632
1.59692
1.91307
0.657037
1.43273
2.88421
1.15533
2.22678
0.225609
2.53866
2.46073
4.45168
0.657962
3.67949
1.55211
1.07057
3.56186
0.986972
2.14256
5.69878
3.63101
0.6537
1.4643
5.63248
5.91954
4.09442
1.33339
2.29716
0.741319
4.06305
2.08007
2.48309
0.966941
3.5772
0.156676
1.21539
1.73467
0.895239
2.53659
1.09414
0.886941
2.36315
1.45686
3.29997
1.28241
3.13113
4.91306
0.334279
2.08242
0.668203
1.08306
3.29451
3.52393
1.84088
7.82134
4.28316
1.79172
0.720112
0.594479
3.65462
0.158148
5.09868
0.562636
1.57848
0.265013
2.71437
3.37447
1.02002
0.844688
1.20481
1.37749
2.61845
0.21436
1.32448
0.422967
6.70093
0.573676
6.34903
3.09164
0.179591
8.92893
0.436478
1.48075
0.325155
3.02003
5.44393
1.8111
2.10163
2.12955
2.37242
1.36179
1.94883
0.744568
2.78149
7.84939
2.92848
1.37843
2.14735
1.00417
2.3084
4.23089
0.645333
0.528447
0.0695281
0.406058
2.85613
0.261281
2.32791
0.890566
2.84913
3.31689
1.78686
1.36806
1.84122
5.59279
4.84432
1.44414
2.25944
0.989425
1.49721
5.33971
1.79522
4.8729
2.11906
2.27491
2.48276
1.12796
3.80336
2.42373
1.79704
1.91943
1.53633
2.31565
0.147553
5.1108
0.706489
5.36784
4.84097
2.70045
3.3058
1.41262
1.98715
1.53259
2.69657
2.25195
1.29799
2.83481
4.35054
1.61254
2.62116
1.3293
0.962319
2.60887
1.5123
0.578829
1.54843
0.423925
2.7558
6.94191
0.946166
1.6806
4.11371
1.57862
3.25108
0.585305
3.33362
0.329506
5.13673
1.54667
2.45641
1.20305
1.9046
2.12915
1.20618
7.45329
4.73123
1.5082
1.26064
0.816756
5.27364
0.625012
0.573201
0.990564
2.13604
2.34347
2.89334
0.420569
0.891757
0.646001
6.40554
4.95868
0.452295
2.67665
0.820621
1.90878
3.77926
3.18537
4.21113
0.195137
1.41228
7.87822
1.67564
5.52023
1.57184
3.26671
3.12014
6.38405
0.928236
5.93846
1.85912
1.66428
1.84267
2.1936
1.16581
4.7167
2.11191
1.45779
1.12515
3.49722
3.00477
5.44714
5.76473
4.48553
1.57244
0.778965
0.951758
1.348
5.30439
6.02279
1.6798
0.551016
0.644567
4.39122
0.996804
1.01547
2.00568
3.42069
2.74998
2.66906
1.68594
2.26424
3.23491
0.681658
4.79558
5.94888
1.42353
1.8911
1.32292
0.534203
0.946592
0.606608
1.66392
1.39959
6.32691
1.21104
3.1071
1.25764
0.0592146
1.86544
1.322
0.57511
0.116507
2.79869
5.36084
0.885662
0.994688
0.872297
0.834714
3.10218
0.479048
1.18481
3.61121
2.42862
0.88438
1.74672
1.02559
1.67139
1.19439
0.126246
1.51724
4.00372
2.03978
0.277364
1.05371
1.09347
2.41589
5.84058
2.33779
3.47998
0.343338
3.12036
1.66851
0.136738
2.79858
0.46519
1.85809
1.99831
0.361614
0.357159
1.30257
3.15199
7.663
3.95592
1.94318
5.42298
1.11746
0.893455
1.03901
4.22023
1.54983
0.480302
2.99454
2.09645
1.36475
0.979084
1.22299
3.47657
0.837802
1.06013
1.47502
0.444981
2.02148
1.71238
1.91764
4.86035
1.6646
1.86184
3.98382
0.94887
1.59004
1.02594
2.23815
4.46316
1.20623
1.23283
4.16028
2.97096
2.1949
1.74368
1.45975
0.450459
3.95763
2.11297
5.19435
0.557448
2.72971
2.52593
2.79409
2.77022
2.8106
2.19614
6.53381
6.13485
3.8002
0.297299
0.11348
0.879853
0.968744
0.51356
1.19468
1.91584
0.242168
0.783837
0.77447
1.26118
1.14938
1.86101
2.29331
6.56291
1.9577
0.67922
0.796114
1.24342
1.48641
1.77922
8.51055
2.41486
1.3922
2.49735
4.38209
1.09804
0.237807
1.88539
3.17424
2.41625
2.2392
2.76463
1.82585
1.57951
0.667138
1.28281
2.88123
3.01821
8.58934
0.800644
0.266603
1.93006
2.94294
3.31424
0.493685
2.55127
4.44379
4.08325
1.25908
1.98751
1.84388
1.15254
3.05211
1.65973
1.2459
1.26639
2.65373
0.236748
2.84119
1.32684
3.78634
3.47274
4.2574
3.53936
1.56745
4.95766
4.58761
5.70968
2.11159
3.9857
1.71022
4.92581
1.53598
4.43512
1.2432
1.55561
0.669533
2.22889
1.78888
2.39747
1.31037
0.234973
2.91029
3.82151
1.16059
1.62297
9.21898
3.31211
2.15551
2.26005
2.33517
1.83712
3.01238
1.40561
2.54808
0.362312
0.502444
0.632235
1.56741
3.5294
1.72987
0.308162
0.31015
2.55198
11.398
1.69438
0.278899
1.41444
6.10149
1.03275
1.03403
0.353154
1.78191
0.795497
2.53349
1.17463
0.319091
1.95723
0.979632
0.0419839
6.50577
0.99228
1.66693
2.45028
0.537083
1.08386
1.9092
0.991629
3.80926
2.57099
4.50081
2.98123
1.247
0.572745
1.46411
2.90149
1.21814
3.65248
4.05184
0.475186
0.936644
1.40099
3.33005
1.31801
5.08535
3.18599
2.86487
0.438012
5.3166
0.801257
4.63799
0.237355
3.16501
0.35648
0.569826
4.02012
2.86872
0.469229
1.64426
6.45129
2.31157
2.4074
2.21642
2.29376
1.89083
0.91371
3.83432
5.0069
0.612113
1.239
4.19602
1.53713
1.82042
1.59496
6.52595
1.09351
1.78799
0.987827
1.91957
2.16493
1.44845
0.439234
5.10409
2.48894
2.35292
2.87401
9.25957
8.07369
1.47551
1.80373
7.27694
0.648018
2.73885
1.94804
3.5976
1.85413
1.056
3.77798
3.8982
0.862866
1.6255
0.331814
3.00109
1.68379
4.3623
1.55545
1.93359
2.02663
5.17757
2.36488
0.469549
1.8798
0.250614
3.13879
0.399798
1.59414
0.959274
1.48737
4.08831
6.26728
1.65003
2.37701
4.60225
4.59879
3.65039
3.67508
0.740262
0.732308
1.65314
1.06025
2.30547
1.28221
1.00209
5.73132
2.15165
2.10275
1.42899
1.62962
3.59647
4.76803
0.991737
0.691821
1.24769
2.16352
0.431087
1.10897
2.91601
1.9686
5.87065
1.00177
0.882295
2.92803
1.33217
2.17066
0.346036
1.1468
2.7182
4.0517
4.1181
3.84275
1.17486
3.15421
9.63752
0.339232
1.20009
6.09797
0.447049
1.95446
3.19356
4.33321
5.19725
4.27272
0.769857
2.17341
4.24696
2.8624
2.01596
1.4995
0.48349
4.67788
2.39649
2.1281
0.912536
1.84946
0.691727
1.00744
0.791639
0.819692
8.57791
3.36572
5.26029
1.88552
1.20455
3.78267
0.370035
1.46811
4.84554
0.861115
4.61244
1.08402
0.588968
1.13625
0.500265
0.566215
1.95615
1.49741
5.23476
1.60835
3.49924
3.7008
1.05835
1.82049
0.50645
0.413475
7.73102
9.4751
5.08292
0.704894
0.701241
0.651054
4.00661
1.99142
1.00803
1.89733
3.01359
2.07371
1.17448
0.896752
2.73236
3.05256
1.93114
0.543862
4.41563
1.96065
0.962613
0.464516
3.49871
0.204067
4.67649
0.546711
5.80626
0.791354
1.73943
0.592417
0.857478
0.475869
3.07226
1.54104
3.49681
2.8437
1.97498
3.71307
1.67244
5.3581
3.71014
3.0895
0.682202
2.73943
0.495068
0.666231
0.758977
1.76706
1.1722
2.54748
0.552351
3.31871
5.3928
4.64227
0.562322
0.776213
1.28849
1.25893
1.82183
0.991548
2.34461
2.6973
0.874206
2.5504
1.05091
3.79714
3.99224
2.77766
0.45429
2.45959
2.63193
1.15849
3.15911
2.63289
0.55251
1.76346
2.86227
2.17049
1.52933
0.923875
3.21387
0.848942
1.55632
1.79984
3.1907
2.35813
2.27725
1.29341
1.93016
0.98183
0.653406
3.06415
3.18925
3.22683
0.547818
4.80658
0.383596
1.45834
0.42769
1.54155
0.970133
1.60432
2.51812
1.32215
1.46466
4.61939
0.686228
0.834888
1.18436
2.42128
4.27863
4.12897
0.785215
1.09727
3.26824
1.65407
0.255404
3.56209
1.65928
5.13647
0.528999
3.39557
10.2737
2.04398
6.39171
0.982287
1.68887
3.05802
3.25913
3.11547
0.872922
5.88225
0.716678
4.11104
0.769421
2.81862
1.14344
4.58053
4.75611
0.649326
3.31899
2.24381
1.75793
5.29658
0.949739
0.835943
0.170317
1.46377
5.16342
0.409686
3.44025
5.76603
0.896287
6.72597
1.00528
1.22403
4.62207
4.9119
4.90603
0.564047
2.21742
0.261117
7.10867
1.5579
2.36801
1.71562
2.02049
11.3623
3.85747
3.48093
4.8195
0.585523
1.42527
4.70489
2.36691
1.59029
6.18093
0.635878
2.67769
0.198544
0.673166
0.848253
0.775994
2.96693
4.35115
1.9472
1.33712
1.72111
1.43354
0.777591
0.440594
2.92959
0.412444
3.91488
1.95865
3.47288
0.445495
4.81062
0.462599
2.66062
0.506487
1.32604
2.0683
6.80759
1.00195
1.01363
0.643102
2.06572
1.35739
2.33557
6.82754
1.25775
2.19999
0.441652
4.65784
5.34978
5.71239
0.981458
3.68276
3.03066
0.886083
2.80385
1.26566
2.44931
2.19011
5.95506
3.21993
0.963202
3.33575
0.54968
0.588252
10.159
4.04858
0.876526
2.563
0.951738
3.58222
2.22537
2.21931
3.36334
1.15838
2.04563
2.23231
0.225367
3.60033
0.726498
1.16708
2.04882
0.828494
4.91973
0.371954
2.17795
3.13088
0.561985
1.41804
5.91562
0.892195
1.76836
2.02861
0.155656
1.29305
1.28879
3.49545
6.34059
2.46369
2.39773
1.51547
2.80079
3.4856
4.30166
2.46647
0.961559
0.917167
3.12432
0.845344
0.71579
3.27258
0.777019
2.39836
6.61323
0.913826
0.959181
1.38436
1.77745
1.04912
2.59504
2.80814
0.395436
1.20597
0.861931
0.499012
1.96829
7.46644
1.69631
5.01127
3.30902
0.962676
1.19062
2.41838
2.08378
2.08593
7.61264
0.310937
3.48701
4.82007
3.44016
0.756604
3.24618
2.98239
4.67589
0.55496
6.07457
0.805988
0.819337
6.18693
0.83001
1.38301
1.06402
1.12956
1.69352
0.979232
1.84064
0.883344
0.876178
4.94565
4.00863
2.92172
1.94078
1.74539
2.92328
3.74519
1.59663
1.80929
2.79092
0.655384
2.40647
2.65434
0.930816
0.923372
0.504285
4.27109
0.529898
1.07444
0.76928
3.09
1.77245
5.82279
7.55896
1.43619
2.27853
4.40746
0.349962
1.35144
1.57843
4.80583
1.57079
3.03037
5.82393
4.92587
5.82778
1.73212
1.80063
0.305729
3.33354
1.7792
1.22587
4.61021
0.514203
0.96489
0.998633
1.27829
2.44703
1.67577
0.959829
2.50066
1.64924
1.09008
3.3884
0.817325
2.97785
3.05953
5.80364
1.45866
1.28646
4.31355
4.85591
1.49448
2.3581
1.1526
2.13095
1.82139
2.23244
0.89597
1.74632
1.82903
1.196
0.967215
2.07676
0.383651
2.18425
0.619989
1.67772
5.42498
2.50113
1.27623
0.200737
0.412226
0.596723
4.20523
2.31366
0.361207
9.02665
2.78168
2.15395
0.739596
3.09206
3.19289
1.22105
0.634286
2.08678
6.86057
3.14523
2.11071
0.737162
1.28506
2.20428
2.25494
1.28942
5.54503
1.34435
1.49227
2.20911
2.26161
0.939179
1.99648
5.09923
0.742444
0.626906
4.09383
2.66058
1.22135
2.11361
1.35535
0.976544
2.50397
4.15826
2.57764
2.90022
4.42237
5.45843
2.35905
0.472963
1.63076
1.32445
0.221935
0.595038
1.46047
1.57514
1.68519
0.96943
2.30865
3.37938
1.99244
6.83627
0.812569
0.895465
1.04927
1.73732
3.16691
0.88096
1.33052
3.43825
4.06309
0.870734
1.70646
1.12482
1.42302
8.95779
0.817024
0.889781
3.13941
1.12841
0.578558
3.5771
3.42704
0.534704
4.0677
2.94917
0.913106
4.5074
4.94465
0.951675
0.911663
0.163319
2.55407
0.668221
2.26848
0.471252
3.63144
0.614069
1.6401
2.08556
1.93434
0.223373
2.84458
4.1853
0.590953
2.13926
3.2643
4.4042
1.53236
1.05514
0.594063
3.26206
4.09138
1.97504
0.486667
0.648882
3.28062
3.68871
1.76972
0.683836
7.08505
3.04593
6.11787
2.77996
5.89755
4.26565
0.993302
2.58949
2.57137
0.958107
9.09557
4.76787
2.78452
5.11297
2.11164
0.218459
1.02343
5.02547
2.16927
0.177242
2.77194
0.381521
2.74588
0.920629
7.51624
3.94675
3.15527
1.8474
1.48527
1.07484
0.502621
2.62583
0.696078
2.42224
5.42202
1.37545
0.997477
1.22404
0.449235
4.50378
1.30047
0.435873
0.124973
1.90554
0.344826
4.01599
1.88398
3.59501
0.824868
2.86755
0.929571
1.64379
1.30614
0.935884
0.096916
2.28904
1.66934
1.59429
0.51278
0.161518
1.85358
0.353243
0.90737
0.595044
2.79655
3.99937
1.3328
1.56794
1.78197
0.884971
0.917537
2.38669
1.57136
1.11283
5.46293
1.77495
2.39245
1.03899
1.81128
6.0177
1.86529
5.41796
2.75586
2.40355
4.59189
4.11964
4.14921
1.18351
3.81385
0.989237
3.0253
3.24087
1.44011
3.17493
1.64989
1.66758
1.80367
1.49609
0.544483
1.31921
1.21687
0.0641137
2.12147
0.263583
2.3527
0.594049
8.29633
3.0902
0.164631
1.70725
2.56731
3.25571
0.247983
6.25937
0.153826
2.02656
0.885101
3.16892
0.583507
0.988201
2.73221
1.81203
2.63974
0.86967
2.25372
2.72952
5.49157
3.18493
2.5366
2.75977
1.00958
0.693142
7.56422
3.4389
2.43244
2.8257
1.94496
0.735275
2.10066
1.20055
2.98452
2.14163
2.09499
2.88141
1.01669
0.9629
0.827729
2.82057
4.68995
0.98196
2.56722
1.46217
4.68517
3.13644
2.1324
5.85686
0.972622
2.66686
3.351
3.08518
1.57264
3.96632
0.984602
1.07418
3.70337
3.98652
1.86891
4.57962
2.72488
1.22771
0.612167
5.01448
1.2587
1.13592
0.242512
1.60527
7.06516
0.382466
2.11845
3.17906
4.01452
0.966273
4.96108
0.770568
3.41205
2.53224
2.96472
2.09311
0.569723
1.43464
3.4219
0.952745
2.24164
3.9124
5.41069
4.01419
1.29477
4.26759
0.960406
0.668412
7.70366
2.53063
1.71405
1.99233
6.16467
1.90713
0.287869
1.2481
1.12116
2.48186
0.27064
2.70461
2.255
1.45414
0.394865
3.99205
6.01101
0.740579
1.40883
5.50684
2.9877
3.36781
0.829199
0.0683118
2.54804
2.56172
1.84654
11.435
2.45565
3.93999
0.334768
0.780413
4.3043
2.1884
2.31609
3.2765
4.40796
2.1952
7.7485
1.51672
1.38991
7.88661
9.88287
5.29374
0.687329
2.40998
1.27757
0.987473
1.09264
2.94624
1.11232
1.80791
7.24297
0.597901
5.69235
1.10606
2.83715
1.98954
2.29133
3.74644
1.35046
0.181368
4.22117
1.59563
1.34788
2.41535
1.612
2.54467
1.25406
5.7836
3.25965
1.07981
0.412656
4.31529
4.71008
2.30295
3.75092
1.55807
2.36248
0.546121
0.851861
4.8355
2.23485
2.99456
0.79434
1.4749
1.69441
2.54657
4.45051
0.303596
4.72049
3.5143
3.42774
2.89743
0.836622
1.80788
2.22664
0.843824
2.59712
2.2126
0.760202
0.646829
0.598246
1.79914
1.24354
2.31392
1.11583
1.12734
0.413227
6.19905
1.94293
2.06736
0.224634
2.45641
2.22714
2.45377
4.77565
2.27927
0.610838
2.29733
0.54212
1.40643
7.49269
0.78786
2.56147
1.61321
3.5699
2.18687
1.35933
4.80373
2.89182
3.26185
1.714
1.28934
4.07923
2.90091
1.41038
2.10052
2.44506
1.38922
0.790334
3.52321
3.20361
4.99511
1.19606
2.24843
0.888501
7.4262
2.98417
1.17433
1.90292
1.15844
2.28498
0.912947
2.79721
2.33122
2.01654
4.6079
1.92839
1.08766
0.938432
5.04157
3.03638
0.705131
3.43078
2.15111
1.57677
0.716847
2.34286
0.881987
1.234
1.13508
2.8298
1.29136
0.336984
2.86911
0.995857
2.85398
1.07978
0.405948
1.95804
5.0298
6.21678
4.29919
3.27843
8.38085
3.31001
1.512
1.19684
1.38857
1.94016
3.49784
2.53293
2.52574
7.86818
1.99497
1.01905
9.37253
1.32759
0.677236
3.05832
0.141092
0.785564
5.9632
1.20779
0.473679
3.74597
1.00173
1.91191
1.03074
5.66076
1.02044
1.95017
0.9786
2.1571
1.28514
1.11676
0.442244
2.37737
1.38959
1.28338
1.85234
2.36163
0.64414
13.2382
3.52112
3.78038
0.814912
0.575268
0.851453
1.92938
0.671254
2.43184
2.02192
1.80258
1.04904
4.3934
1.67403
2.03966
0.968966
3.42331
4.29302
4.85487
4.97259
2.11895
5.26957
1.84956
2.79892
3.97126
1.97221
1.10661
2.83778
1.56056
0.159142
0.141776
2.12464
1.17541
0.648521
2.7999
1.93028
1.94797
2.88455
1.27705
6.29557
1.56763
0.703063
0.956889
7.59633
2.39235
2.81019
2.22145
0.800791
1.96194
0.777828
0.885344
3.10619
6.0735
5.31711
2.08671
2.86519
4.52601
2.23869
4.66844
1.344
2.44933
1.05318
1.93475
0.769243
0.568822
11.0353
2.29818
0.827954
3.20487
1.03778
2.36403
3.16811
2.54993
2.13184
1.24431
3.91136
1.2618
9.45896
2.14789
0.32995
4.89466
5.71906
0.506764
1.23429
2.76157
1.90478
0.366469
1.08881
1.29116
2.11953
1.76713
1.49708
2.02765
0.83619
3.62541
1.0504
1.52243
0.269873
1.24343
2.60103
7.87833
3.9472
1.46682
2.24597
7.88375
1.58936
1.97377
6.33426
0.818372
0.0873186
0.12988
2.46238
2.62807
5.37665
0.932132
2.06545
0.937089
0.465339
1.04785
7.19555
0.757534
6.25939
5.43905
1.14128
5.48746
3.51573
4.03503
2.43117
5.84485
0.70826
5.43565
4.33433
2.08951
2.68042
1.97045
6.72669
2.72414
4.75752
2.00384
1.3186
1.66176
5.29415
2.50703
0.42112
2.34622
2.05221
3.65711
1.07048
3.42922
3.33002
3.65078
2.7218
3.82882
1.96917
0.937749
1.28223
2.54738
2.69178
0.710034
2.22088
2.98407
3.51389
1.95557
0.109156
3.92291
4.36831
0.466532
0.718628
1.13994
4.17715
6.38275
1.17533
0.520723
2.05463
10.7865
0.884671
0.309328
1.13366
0.45894
4.0985
1.11857
3.70731
1.26476
3.22328
1.58164
0.553377
2.25852
2.74577
1.59816
0.560767
4.17417
4.98993
2.97201
1.27883
7.25935
1.2614
1.10823
1.01726
0.520709
4.93731
1.48218
1.54752
1.94426
4.89389
1.74471
1.22512
1.35841
5.38484
1.66472
1.88687
1.74687
2.69009
10.6021
0.89876
1.9257
3.7883
1.81899
4.18098
3.45886
0.856617
0.979392
1.03394
3.53144
2.27014
2.03529
4.92744
4.25504
3.60381
2.03678
2.56717
2.21148
0.604034
6.54515
0.70244
0.867668
3.4533
1.78968
0.467138
0.281907
1.29592
0.152186
3.62781
2.09272
0.831292
4.83814
1.52699
2.59912
2.23528
1.43785
0.78608
2.49219
1.4665
4.36799
2.30334
0.377563
5.89574
3.18784
3.04776
1.71561
1.88105
3.39612
1.21678
4.69083
2.09344
1.64306
1.47918
4.09921
1.33088
3.67915
3.75677
1.88369
2.15883
1.60097
3.76269
4.33731
1.51621
2.18266
1.54589
5.56542
3.93112
2.07974
2.19774
2.30111
0.484001
1.78839
0.756759
3.23314
1.64179
4.89827
2.17713
1.08045
4.02259
0.73719
4.56931
5.6772
4.11684
3.33648
4.72121
3.9646
0.674109
0.855413
3.46162
1.6002
2.91801
3.32269
1.86362
1.15928
0.499854
2.24831
0.303499
0.94483
3.44209
4.14556
9.59224
2.89906
1.67025
3.31445
3.43724
1.67715
4.90597
1.42301
2.22284
10.2584
0.552979
4.58186
1.00893
1.56913
1.22021
5.86899
2.14449
0.745257
1.37719
0.524391
2.47659
1.7876
0.173391
0.980419
2.4423
9.67637
4.41699
6.1413
2.3177
0.278177
2.1274
3.91013
1.31519
1.479
4.68685
1.1169
1.71935
2.24575
0.827069
0.751013
2.86967
4.73958
2.57905
1.57906
2.93065
3.43193
5.91925
2.51483
4.07977
1.11938
1.47684
1.54666
2.56811
0.0222628
2.06044
1.48445
1.77327
5.0699
0.79503
6.14255
2.00125
1.05479
4.1138
1.36569
5.54062
4.999
3.77896
1.19425
4.52695
1.45612
3.67306
1.52252
2.80146
5.40233
1.22993
1.85013
0.312784
7.82294
1.51876
3.80595
0.731851
2.6647
2.16619
2.92745
2.99653
0.36641
0.524635
2.638
2.33692
0.617631
1.24876
2.93179
1.35856
1.00755
5.22016
1.88003
2.75038
0.783241
5.02823
0.570159
1.8047
2.46786
2.92596
5.52956
2.11839
2.59138
1.14614
1.70614
3.22069
2.811
6.20655
4.61105
0.810415
6.93313
1.30866
1.04971
1.17928
3.23049
1.33347
1.85514
0.49157
4.40939
1.67414
0.931315
4.41184
2.51588
3.17159
6.79407
0.558384
4.52186
2.42322
0.496234
2.12464
3.46452
1.87798
2.19034
2.72674
2.71241
1.91769
6.3194
2.98801
0.453871
0.508449
1.57355
6.49454
2.05516
1.16751
0.805287
6.39171
0.210921
8.25201
5.4321
3.1619
1.84519
5.34768
0.22982
3.41468
1.49541
4.5433
2.46654
0.0258206
0.804
2.33201
4.51413
2.65529
3.02279
3.14118
5.43913
6.40052
4.52081
5.99798
6.05226
1.58435
6.09919
3.33151
0.725644
1.03767
2.58173
1.86307
1.17521
2.79914
3.8796
0.685917
2.73122
0.682607
3.69425
7.46204
2.38649
0.4247
1.13609
1.41253
0.985928
3.09241
1.12832
2.68797
6.62318
1.26366
0.342182
2.01118
0.381713
1.7472
0.521519
0.207872
0.759542
0.731817
3.89245
6.55088
2.16383
1.23706
0.507951
3.93511
1.49412
1.48965
3.2462
7.90165
4.16121
2.8725
0.604993
2.31366
5.13166
0.151995
3.9462
4.74743
2.47183
7.72491
2.26253
0.929563
0.772422
0.829768
0.779936
1.87622
4.48483
3.36013
1.50884
0.51608
1.59549
0.446893
0.0516152
0.144245
2.17353
6.96076
0.230804
2.02149
8.68568
0.354752
0.666854
7.73274
2.27492
0.295151
0.187162
1.534
1.18587
2.0404
0.45291
1.72234
4.77138
1.34843
0.750652
1.66346
1.02791
2.69458
4.01055
0.790822
0.157098
0.699506
1.40923
0.870899
0.373202
5.88627
2.1893
1.61086
2.74919
0.527553
0.591265
0.378346
0.641371
1.85897
1.78628
1.23745
0.271493
2.82986
2.44818
1.22743
1.72319
1.38125
2.29322
2.35761
1.99325
1.15116
2.09182
6.30787
2.58943
1.35844
2.92648
3.21722
0.669438
0.521206
0.850305
0.273484
0.650356
4.34155
1.80694
1.4883
2.636
2.18873
2.2017
3.48078
0.55473
4.39391
4.70673
0.951405
2.22829
1.73412
0.793889
0.33806
3.9833
5.89463
1.35866
4.50621
3.55467
0.741827
3.17761
1.06009
1.11148
2.84409
10.8271
3.24952
1.59421
1.48727
3.20231
2.08605
0.951596
1.34279
3.0175
3.217
3.1285
4.44767
1.49322
0.213556
1.92067
0.444807
1.17175
1.93822
5.22496
0.440495
2.22081
1.85481
1.71997
2.42914
1.29852
0.871215
0.369657
0.73388
0.633157
0.397706
1.57716
6.9559
4.00509
3.13033
2.68104
2.09331
2.00197
3.10926
2.73308
1.1012
3.50835
1.24243
1.59075
1.51151
0.758083
3.63004
1.38729
4.24379
6.18897
3.33397
1.45298
2.79204
0.914596
6.0267
2.66221
0.788114
0.739199
4.47783
2.07643
3.09991
1.4373
1.26936
3.17281
9.22034
1.29128
0.700953
4.37978
1.87601
0.4551
4.5559
3.42876
0.691204
4.36813
1.36967
2.38387
0.417633
4.14601
2.10608
1.64603
0.435548
4.30717
4.15927
0.558148
4.69601
2.38541
0.591843
4.42502
3.58028
0.661739
0.380214
5.46813
2.4325
1.82636
0.971301
6.88899
2.46686
3.31791
2.44777
4.14266
2.73739
0.82992
1.86287
0.415246
1.32341
0.620177
1.54129
5.0167
1.834
0.821796
1.01103
2.20182
2.45223
9.90034
3.50974
0.174871
5.12988
4.08467
1.78038
0.659873
0.0918206
1.56995
0.145715
2.25323
2.99508
1.31186
1.74241
0.152777
1.38783
5.10456
2.34967
0.50085
3.16238
0.280933
3.52219
3.10058
2.54382
4.98179
4.51629
3.58505
1.42819
1.16991
0.511508
1.84982
0.860936
2.93413
2.01756
0.926569
3.9968
3.16417
4.15507
3.82696
1.53843
6.74142
4.89776
1.60478
1.92848
2.39113
3.00967
2.5789
1.3459
0.974515
3.48426
6.24135
1.12462
2.8153
1.68027
2.44864
1.20259
1.25028
7.61747
1.09152
1.1391
1.59522
0.590257
1.44629
5.88413
1.88337
6.3454
2.8332
3.7741
1.74656
0.212828
2.53361
0.484226
3.51622
0.884386
1.41682
4.72028
2.18138
7.85716
7.748
1.02049
0.555945
2.12925
4.91733
2.25469
1.04631
7.67077
1.76877
1.54772
0.330358
0.930836
7.38151
1.99822
1.83982
2.72817
2.36893
5.46075
4.46753
2.82261
0.7286
2.27162
1.48579
0.363429
2.01322
1.52065
0.552412
2.258
1.70568
3.23734
1.22889
3.21461
1.87666
6.31083
1.38527
2.86446
0.628705
3.77118
1.61497
2.6522
5.02995
3.87727
0.204412
1.31737
1.51964
4.39414
0.0867501
3.00667
1.30132
4.05471
1.25619
2.1823
2.93216
1.03559
0.821232
1.43129
2.37287
4.46434
1.0714
1.51332
3.70586
2.33098
1.02006
4.81303
3.10471
1.04246
3.12518
0.15833
3.94455
2.08251
3.44364
1.59371
1.07724
1.99581
2.45808
6.53062
3.14083
0.812899
2.61951
1.85067
0.455246
0.80072
3.12113
6.11202
4.71309
0.633957
1.14767
1.31896
1.0251
6.37212
0.39321
1.9569
1.72626
2.38807
1.0526
1.86224
2.78027
1.06372
0.865028
3.40262
2.366
0.860082
0.829869
1.56192
2.27704
5.89103
1.16838
2.59505
2.98208
1.84627
1.42241
1.99403
2.67614
1.7937
0.335814
3.2633
1.42792
4.55551
2.52658
0.26736
1.85115
1.21864
0.608232
1.59293
2.11831
0.831106
1.56126
2.10772
1.99355
3.87985
4.95612
3.14313
2.96482
4.61004
1.73053
1.02105
2.15251
1.64526
1.99277
3.41259
3.75605
0.538062
0.171953
6.6068
3.50032
0.928421
1.34475
2.12244
0.531263
2.21907
0.918854
1.45838
2.21009
1.19911
1.11714
3.20923
1.4727
0.887779
3.94415
3.26489
0.695568
2.87976
0.946629
1.74392
1.89352
3.1605
1.23141
3.36414
3.00675
3.0873
2.35681
4.58611
1.84723
2.60633
0.821849
1.12617
0.848369
0.942044
3.2986
5.63178
5.21991
0.451483
1.77438
3.86646
3.92147
3.05725
1.27131
1.62429
2.55921
4.59047
0.81938
4.7551
3.69754
2.87973
1.05517
1.8711
2.50969
6.7197
1.057
0.848375
4.54181
3.4163
3.32517
1.92833
3.3271
0.778673
1.28607
0.986835
0.589221
2.11895
4.57361
0.523301
3.24752
2.43569
4.82354
0.780435
4.43618
2.55773
1.29426
1.99222
1.42321
0.532165
1.27905
3.21232
0.776566
0.351883
1.91492
2.05541
0.990804
1.9792
0.647586
14.2989
0.257627
0.625246
1.15034
1.23133
1.46182
4.67405
2.96611
3.38061
1.56359
0.169554
1.50834
0.434663
5.60744
0.0871173
1.03796
1.06642
2.97578
1.75396
2.62138
2.93598
6.4987
1.93408
0.659656
0.815458
0.883253
0.32427
1.7447
2.75115
3.24385
1.06907
2.04378
2.60501
0.770721
3.32155
6.72985
10.6034
0.587907
1.01066
2.05197
0.61871
1.33314
4.18571
0.77946
1.58175
2.57547
0.871768
6.75766
1.60622
0.922089
3.21625
0.792037
9.64974
2.6792
4.11806
4.67612
1.62497
1.00961
3.91868
2.08448
2.47377
3.4606
2.42555
1.19863
4.97739
1.44637
5.15997
1.74148
2.61567
0.452659
0.815074
1.34581
6.51198
1.97147
5.20877
1.33842
3.29579
0.58115
2.38295
10.5848
1.30756
1.40388
0.6234
0.787714
0.444298
1.582
3.03619
1.37465
0.468884
1.436
4.15355
1.14082
6.24529
0.902747
1.42962
3.95967
3.68731
1.86362
2.45143
2.85112
4.02083
7.27285
2.16568
3.87329
2.84555
1.92354
0.950165
3.38589
8.48859
2.51328
0.957405
6.43139
1.10509
0.841321
2.35789
1.8217
6.18308
1.48205
6.85306
2.61791
0.98686
1.96801
0.38435
2.38752
2.03575
0.354166
2.48133
1.91376
2.74588
1.34324
2.95118
4.15946
1.22648
4.17
0.273895
3.70435
1.8914
1.70225
3.50913
1.49739
1.00102
3.17804
0.312977
1.38593
2.14654
3.56169
0.25818
3.67299
2.55684
3.76023
8.86247
1.90188
3.08214
3.8161
2.41318
0.579737
9.42541
2.15854
3.03167
1.65741
4.75261
0.461512
6.24554
5.89885
3.38966
1.08135
1.94514
0.189121
3.35824
4.74472
1.49284
1.4528
9.91084
0.421876
0.721373
3.40374
1.06111
2.46444
0.614451
3.52929
1.80386
9.32894
1.14311
0.232403
1.56479
1.10021
0.7757
7.08752
2.42745
1.93607
6.09315
4.60511
3.52893
1.72729
3.68848
4.33641
1.47234
3.54487
0.770402
1.0924
3.15353
1.5229
5.39154
6.97333
5.75919
0.73029
1.01442
0.82051
3.24589
8.18508
0.520558
1.08495
0.931556
4.02471
3.13233
0.274863
1.03317
1.76544
1.65148
3.87563
1.26151
1.20298
1.56409
1.61506
0.307057
2.40725
5.08863
3.48015
0.801101
1.60278
5.9247
5.51547
5.33019
1.13942
2.1018
2.32199
1.3464
5.39777
6.76918
4.41448
1.44729
2.79326
0.659912
5.9793
1.67429
0.50093
2.14018
1.76935
3.29102
6.74812
4.13249
2.93552
3.65851
1.23299
0.7306
2.13858
3.96818
3.23832
3.11372
0.775262
5.31509
2.9105
0.891646
2.99143
0.5278
1.32967
3.25451
0.958988
0.701068
2.13587
0.31029