108.472
103.109
132.006
213.807
43.1764
145.992
128.711
99.4145
98.5688
149.774
82.5745
26.347
198.533
100.009
39.7864
198.082
62.9423
331.948
87.746
148.41
76.04
116.97
27.8826
126.51
152.906
65.4448
138.862
139.016
62.0653
167.09
81.1547
291.113
71.9114
114.599
86.735
56.3705
81.3016
188.003
37.9108
75.0497
754.403
206.58
153.302
80.4272
114.878
138.147
61.2951
45.9267
85.3995
276.166
57.9757
137.673
153.373
251.694
78.9269
73.1287
36.5331
109.474
54.443
56.9708
82.646
60.1093
267.615
42.3728
28.3746
132.278
33.0459
30.5425
80.2688
210.146
60.9008
41.5097
59.1229
38.13
25.8026
196.767
137.692
43.8942
217.965
160.433
67.5686
93.8534
132.544
74.3762
255.095
72.6707
48.4551
61.8372
90.8316
84.7889
85.5504
95.3853
172.043
62.119
38.921
62.0458
167.983
229.417
43.9575
83.05
36.4145
38.424
70.0443
75.5506
44.9356
105.458
127.003
426.583
245.728
60.3961
35.0947
76.5454
35.5382
152.042
71.5856
313.073
27.207
123.421
58.6564
123.762
78.9513
28.7377
19.3401
140.976
11.8699
110.82
37.0817
164.192
81.42
46.425
55.019
82.2067
109.269
90.4419
91.528
40.8774
60.6465
156.451
31.3622
199.596
74.4531
67.8733
158.341
89.1722
100.999
127.21
74.4226
70.1363
34.0541
114.084
181.59
85.4007
64.5394
165.78
36.1644
92.2131
103.091
72.9396
146.974
135.888
83.8241
64.8355
52.135
108.832
40.1685
119.962
116.084
39.9391
174.9
75.8749
86.6892
181.416
232.984
52.3607
129.376
26.5207
98.8512
79.9242
59.1258
70.6201
242.788
74.4107
76.8375
194.038
162.634
219.915
114.751
59.4545
64.7187
125.95
111.582
55.4412
38.827
78.0583
52.9467
83.4413
241.411
29.4365
44.6462
44.9542
50.6795
40.3747
228.029
82.796
174.995
43.7424
75.0791
110.255
53.8789
78.733
35.7428
43.439
99.0809
51.4781
68.314
98.5434
50.7314
84.0096
255.014
52.2587
59.902
213.542
129.513
36.6889
116.166
184.621
102.699
27.7168
133.776
115.981
82.2053
157.473
188.75
85.3536
28.1722
126.212
90.9615
59.4286
37.7964
78.3615
114.628
149.667
75.457
64.5459
41.1987
18.8332
153.893
60.7006
58.3333
129.902
69.0002
93.3768
129.792
93.8028
231.205
97.3474
86.4147
67.3647
36.3815
45.5999
80.5966
63.65
119.264
108.635
53.482
92.0885
41.5116
42.1534
268.102
242.099
100.726
93.4202
84.0058
57.5305
160.408
195.068
49.68
99.268
29.3941
70.0024
53.5228
34.4693
99.4072
73.0036
43.4465
76.7218
67.1343
79.2599
70.3517
196.844
100.229
234.005
93.4845
29.7872
81.5783
80.2812
63.3549
148.031
222.302
111.277
118.94
54.3963
105.882
137.973
147.969
74.4222
54.103
35.169
40.4005
60.5038
44.9119
58.0201
79.4576
153.379
59.9778
249.911
72.2524
62.5224
102.527
163.554
124.001
61.471
100.962
31.0588
268.218
94.4719
49.2037
112.497
85.0375
143.711
24.2864
70.6985
38.0145
51.8521
466.628
46.5908
181.362
69.888
32.8705
58.1062
89.0777
47.2246
207.186
144.751
91.7244
128.547
83.8584
85.1118
170.132
65.2878
64.0838
37.3898
300.075
380.801
95.6959
53.4008
114.028
81.6263
77.9639
66.3444
64.1913
29.9978
164.398
113.832
63.4299
43.5014
46.5531
58.52
185.676
89.3979
21.5057
134.914
192.582
71.4872
291.163
301.388
161.868
17.3917
55.5565
40.7654
137.649
75.7686
24.8752
42.7601
98.5951
83.5301
96.1071
222.132
93.822
85.2256
166.922
61.1013
102.713
73.2225
110.955
130.558
241.832
80.7298
170.941
129.355
92.2569
79.3766
81.6063
31.2263
402.934
59.9792
78.5287
78.8307
29.4711
71.7566
55.9173
121.052
96.5402
58.1378
41.9928
107.245
64.8291
56.2984
119.979
118.912
82.8369
102.543
30.2389
89.3103
151.951
46.5726
136.435
67.5344
33.812
51.1856
178.285
224.373
50.8135
78.9565
206.312
51.7898
303.117
70.3523
94.2922
52.5992
34.8636
201.973
70.6896
24.6056
106.96
36.0272
60.0308
67.9262
78.6862
22.6453
83.6678
76.5863
127.021
28.64
261.126
47.2721
83.5127
52.0093
236.94
77.0447
53.908
309.457
158.826
109.171
102.462
183.671
80.8321
158.199
41.3653
29.0582
27.316
108.201
90.9235
92.1161
82.7363
29.3369
56.5789
35.0379
55.8841
23.3372
53.8764
42.5486
85.8656
70.3146
18.5343
84.5877
84.1889
67.1089
55.6066
69.1874
46.6916
49.7029
40.9628
107.147
48.5157
65.5437
148.892
48.2971
166.365
124.639
51.2267
52.5538
125.429
35.8665
53.0276
51.8323
125.308
89.086
93.8457
37.4603
50.0518
198.569
161.574
154.939
136.743
212.119
52.6065
54.8388
40.1504
172.704
261.272
96.3258
134.723
86.6592
124.39
268.332
28.7517
245.751
133.438
94.2605
170.725
114.958
88.1091
121.086
85.415
89.725
60.8359
151.465
44.4997
18.2688
275.999
71.8261
46.7569
65.5248
106.019
47.2547
169.835
32.6747
83.1968
40.8828
61.6268
306.901
48.9915
113.346
86.9445
21.5997
46.1583
226.926
166.36
63.1524
43.6761
303.846
24.9773
68.3491
117.991
33.5206
89.8544
101.363
56.341
131.047
92.878
166.603
72.0257
54.0913
86.7382
91.6613
62.9119
55.0501
70.7326
98.4642
36.3841
237.334
83.8404
52.6357
64.7161
153.556
194.316
57.2995
62.0253
70.1878
81.8904
129.172
48.3883
83.2646
37.2048
67.1282
150.694
27.1164
204.224
55.2721
269.653
25.2527
148.379
145.338
96.6699
56.8003
131.415
139.515
109.893
61.3547
183.741
132.46
49.7082
153.072
90.4092
59.3029
116.698
109.834
236.843
116.901
63.4594
136.579
103.059
31.415
186.127
71.4188
138.401
293.163
45.7148
27.3498
39.2664
154.307
354.206
136.827
67.8205
43.0612
163.738
49.7886
129.028
189.277
67.6822
27.9704
101.594
31.154
39.8862
133.945
87.112
39.6688
175.048
55.0498
77.4913
36.7126
49.9355
78.1013
58.23
52.8299
216.289
68.2045
95.9343
27.3199
249.868
96.7474
24.5577
80.4249
36.99
78.1096
98.7842
255.223
122.749
77.9379
57.8283
180.838
65.6411
56.5119
148.433
189.64
571.838
107.326
24.1186
255.916
113.493
33.407
60.8708
71.3969
67.271
39.3673
58.9637
180.395
86.1401
83.7978
128.782
50.2364
55.0686
86.0729
119.551
96.0757
123.247
64.0129
75.8767
108.396
253.579
79.1355
41.7515
39.8371
240.281
66.5031
71.7881
83.9222
39.6942
128.686
85.1112
89.8424
87.6406
222.282
56.651
16.4556
102.008
53.1957
110.485
101.94
19.6525
118.397
100.92
30.7225
114.452
39.691
114.822
52.3065
50.4506
264.094
51.6745
47.4925
36.0061
27.1248
91.6248
116.151
27.9409
163.153
49.2987
206.988
45.3871
140.881
31.9988
171.52
149.091
198.302
74.1367
64.7419
62.2892
25.9267
53.568
109.606
44.621
211.055
47.1572
53.7183
52.1744
70.9602
52.8847
68.8068
38.6283
243.48
17.7127
247.311
85.8847
115.768
91.3745
39.2727
112.727
184.443
28.4217
79.8139
60.2928
26.8412
17.6555
187.264
253.065
55.5527
179.473
25.3781
282.431
66.1556
54.4011
91.7699
191.864
144.624
93.1979
245.589
50.6831
69.2546
48.8398
61.793
277.052
220.677
51.1944
72.2616
164.22
44.8129
185.942
88.3893
79.5507
53.9394
42.8827
88.1357
104.118
88.1757
56.1243
78.2797
69.8645
138.307
93.6973
29.1347
129.359
84.7931
69.902
52.1173
68.4436
198.299
144.499
41.9109
26.9552
130.516
38.9955
62.7751
119.012
122.436
373.519
97.2448
96.1619
49.0522
118.832
57.7225
183.606
107.132
133.584
167.933
47.0531
163.161
46.4573
62.159
217.956
22.788
46.1642
301.297
157.599
22.7316
59.5821
59.9797
92.2187
85.284
115.225
112.119
53.5317
148.456
75.1383
153.483
234.515
77.5654
99.4001
78.3778
174.951
40.9493
152.832
69.7152
241.001
168.886
58.118
34.3177
96.2758
89.8337
46.1959
84.9543
120.327
151.678
105.639
42.5507
99.8243
115.622
51.4063
123.875
88.953
113.313
188.419
19.3686
67.7845
128.97
131.332
138.292
88.392
114.488
105.093
76.5835
120.02
151.983
66.2301
149.929
23.2397
267.845
58.828
121.728
122.732
122.473
111.428
270.548
174.143
181.995
108.97
92.0823
50.9414
36.2612
81.871
57.1046
77.3546
265.501
216.039
181.295
28.9248
50.7146
61.6331
159.377
115.524
23.1892
37.8694
93.0392
264.019
79.1052
70.9326
297.493
266.473
91.6228
48.9654
114.511
34.2235
102.415
98.0971
129.397
28.0127
153.08
94.9808
23.794
40.913
45.478
53.695
38.9726
41.3415
168.19
212.877
167.203
129.01
193.806
101.313
109.654
20.4788
47.4521
84.5367
148.311
150.926
215.295
237.724
48.8662
85.2176
73.8175
86.1683
202.463
114.071
95.2626
143.027
115.709
142.68
153.252
52.3373
61.3927
142.285
107.413
132.182
211.185
87.6751
52.9365
79.2505
135.786
79.1851
61.4599
237.145
53.696
234.962
47.4545
12.9632
199.935
141.253
156.033
106.069
253.628
174.269
48.2531
57.9971
104.874
64.6397
373.443
22.4176
285.097
269.35
50.4809
133.24
156.632
107.192
256.38
72.5408
45.764
65.3015
21.4759
214.01
199.361
70.8169
91.0435
63.4362
127.623
172.433
103.311
158.128
308.839
82.3707
67.6612
90.4936
44.3825
30.1044
83.1589
112.793
59.4271
121.674
97.5298
146.501
77.5645
244.531
92.1808
20.3385
52.6772
31.7669
126.976
45.11
119.592
49.2362
143.383
61.5561
44.4839
59.2056
134.725
69.4309
125.455
244.83
207.056
38.4864
128.331
92.8253
90.9944
98.861
81.2731
63.1451
76.5299
172.698
76.7573
120.569
127.985
77.9071
160.877
91.2062
63.8357
40.9527
45.9581
150.516
177.174
190.595
78.0885
75.1413
63.2459
53.9765
48.3695
136.403
194.056
36.8442
67.7447
139.736
62.8707
95.3077
136.612
128.33
85.9951
99.3836
67.935
89.3434
48.2397
30.5716
179.342
209.956
327.466
121.605
26.5086
106.962
127.318
56.2766
105.899
109.984
167.701
178.01
48.4978
85.6715
103.474
205.914
53.9248
115.321
52.5142
80.2541
265.773
138.838
130.053
40.5439
115.381
31.1668
121.42
273.074
98.7609
164.884
146.185
86.7508
45.813
148.092
85.3112
65.643
60.9549
41.3628
21.1163
91.3523
78.8985
94.0132
127.636
111.04
159.661
97.0763
55.9429
52.1174
33.0482
94.2488
110.172
108.897
90.4143
46.0648
48.7811
43.0384
112.316
223.536
63.3028
211.923
56.9373
71.6239
243.451
103.21
117.01
162.811
117.753
28.7279
137.728
287.249
24.3333
91.9716
140.166
213.273
55.6483
54.2247
69.4406
97.0269
24.3545
62.5158
165.786
60.2386
87.921
102.652
192.193
332.688
140.968
31.0986
66.8439
205.216
71.1056
51.385
44.2306
107.412
124.784
65.8374
246.783
169.15
47.3579
48.1617
56.1393
69.2626
68.4645
68.3074
103.635
75.2983
56.8921
170.638
88.3374
49.6907
46.8497
65.8199
34.9037
335.243
46.6288
320.294
89.9564
45.1504
45.0876
58.8068
79.3805
58.5657
48.8809
187.475
227.955
71.6847
91.3465
149.385
120.814
51.8086
48.6317
135.13
224.953
108.256
334.77
59.6056
58.6354
77.458
249.224
81.9261
184.097
83.2867
158.553
190.584
105.765
30.9881
40.6778
106.513
64.7591
49.1747
45.6606
86.9211
36.0083
102.077
78.8593
91.129
21.679
338.267
115.393
63.9509
47.575
21.6206
124.81
104.841
93.8115
78.2844
214.277
69.7336
161.626
140.062
61.3678
162.102
69.3315
88.8601
67.9324
41.2617
121.362
308
101.568
116.985
40.8943
232.374
157.05
273.987
201.025
336.148
118.371
53.1188
62.4428
75.5601
158.563
76.767
175.82
304.115
234.901
71.2135
155.811
85.6125
44.3797
202.254
61.6839
41.3882
37.3317
120.686
53.1652
40.8954
51.1925
120.827
71.4016
36.6476
67.4422
46.2337
153.2
86.2666
71.5666
34.8823
103.781
98.2874
186.407
85.2227
27.4304
79.5979
157.541
118.293
50.8269
112.026
66.1709
394.635
60.7397
146.502
60.1294
44.4068
48.7496
284.904
56.9288
180.069
43.9023
42.2046
112.174
57.1688
41.5653
53.4158
62.4421
160
94.3681
55.4219
170.255
87.5089
132.957
97.3628
41.0096
207.874
71.7565
79.1184
172.819
107.622
66.2792
116.422
30.7071
110.444
98.5657
66.2536
182.269
157.429
103.447
119.015
52.0246
87.2163
104.977
91.7953
92.526
56.5378
46.5824
77.4366
34.294
52.1756
53.8136
92.4726
46.7929
61.4717
49.1624
88.5746
106.224
73.8488
147.829
136.032
140.174
200.394
75.8669
60.7328
121.43
91.8867
107.213
69.11
103.44
97.9688
247.792
333.157
33.1279
27.5293
187.99
281.016
118.928
223.304
98.0234
104.214
124.999
120.634
116.157
82.5507
302.322
66.5632
175.968
42.9185
52.4196
25.1849
64.0025
137.952
48.7119
54.7713
163.014
129.58
34.7882
49.6695
119.003
102.701
53.2834
120.905
196.253
458.177
118.919
95.6362
38.3963
173.991
36.4602
73.5488
65.4715
72.9498
23.1572
46.4842
54.0514
62.6847
37.2632
104.362
179.498
93.934
147.815
88.4564
200.664
68.7484
252.8
221.881
197.308
36.504
72.5424
107.237
54.2009
228.689
133.188
47.4208
104.983
173.613
96.1394
18.2638
63.2847
55.3648
68.379
40.3863
198.655
36.311
178.191
111.964
82.4483
65.0043
189.012
36.2055
59.225
94.1122
162.25
144.411
23.9224
119.556
249.987
189.043
116.07
80.8087
249.66
131.91
46.2031
47.1171
239.338
156.422
98.1228
124.721
57.6647
253.752
156.228
139.946
52.2613
89.84
115.104
52.3272
86.9296
79.2836
83.7889
133.701
25.0459
92.5411
133.085
278.01
65.6114
31.4345
33.6105
29.9466
94.698
178.284
30.5288
45.7142
57.0373
121.89
127.766
133.62
179.82
57.1041
53.7346
158.43
53.7056
80.4809
50.3727
86.0415
20.5478
82.6466
110.147
33.9349
127.608
62.8394
183.132
47.5319
46.0665
152.876
65.863
280.326
95.6266
85.8459
37.278
44.099
112.354
180.853
69.907
190.798
187.176
97.3771
112.272
30.6614
168.037
78.6089
129.297
57.979
72.9118
259.101
207.758
242.23
84.0706
307.581
80.4494
71.2703
15.6715
88.6692
60.2134
154.077
22.8531
94.5111
179.215
27.2759
89.232
77.4036
252.57
82.3313
64.1723
197.789
72.4693
40.8597
51.2023
39.7656
161.972
191.475
77.1512
76.875
196.85
65.1238
43.2623
23.9795
46.7219
57.4296
65.4591
266.725
63.4518
38.5409
98.7962
45.3474
365.41
162.197
179.253
92.9449
126.682
73.9925
161.131
43.7907
228.842
95.0278
32.3495
77.892
108.879
72.1373
31.2522
87.2533
217.977
55.9552
29.254
109.953
41.5314
99.673
115.626
178.366
202.2
153.952
52.5921
59.4923
101.824
86.7493
75.2812
81.1281
172.633
135.682
77.3272
94.5762
46.0518
27.144
74.482
62.7841
132.814
46.7779
54.5948
123.407
140.231
77.2917
99.7487
53.9765
229.214
42.6326
57.2685
72.3346
193.515
38.8727
193.568
110.962
63.7579
123.484
133.483
68.282
41.5159
116.868
89.1711
77.5638
261.246
188.372
115.445
42.9157
63.2054
294.21
246.209
64.6988
125.839
37.5551
77.6928
287.794
179.345
113.212
158.017
43.3265
101.981
254.428
121.449
155.324
76.3197
45.7559
65.4688
230.037
41.4353
23.1786
166.247
132.656
31.6002
53.4772
247.606
66.0125
41.2934
172.399
33.7013
106.699
239.529
54.6685
89.4488
171.23
101.241
76.1795
112.505
40.7586
80.6533
47.8884
29.3835
112.658
98.624
89.3129
63.1929
42.8361
182.168
146.87
93.0608
31.7144
110.539
86.8183
82.5408
44.1872
72.0125
99.5286
78.8881
65.9964
187.794
148.706
87.6349
208.333
66.126
108.144
57.9239
55.2817
101.934
138.826
63.604
67.5979
52.5052
122.17
189.182
152.988
118.066
58.95
71.0393
52.9094
91.4428
57.2718
38.9757
101.945
166.168
60.6475
154.17
39.0222
57.6603
62.0335
191.91
47.8928
41.8339
100.123
56.3786
61.2237
134.71
64.232
45.0667
162.873
177.49
159.898
42.8979
66.5718
141.283
66.4789
57.0431
75.0663
116.288
75.7395
143.686
72.8366
191.997
97.0348
42.6057
233.162
43.0716
226.1
66.2234
54.9695
88.4693
107.794
135.345
52.7411
40.888
232.87
192.545
101.487
177.692
354.047
38.4458
172.934
76.642
163.462
132.509
53.1154
123.792
294.991
106.454
66.5229
107.27
152.641
38.0366
65.0532
109.61
57.4024
156.94
36.3979
201.985
129.729
151.58
131.697
154.694
394.815
63.832
48.0358
57.1275
71.3853
76.5985
55.0746
123.704
426.734
36.743
119.332
74.6961
99.365
80.6013
58.6672
156.12
323.556
82.1461
53.2985
63.7638
63.6148
43.5719
26.4673
77.9798
102.271
47.5117
36.2532
156.192
347.662
124.721
265.966
36.1003
37.541
64.9312
118.453
57.4922
106.905
110.052
36.968
49.6783
122.894
40.3081
106.314
55.2245
123.572
52.4033
61.508
86.4874
136.326
203.188
64.8807
94.8853
323.126
57.0942
260.56
303.685
88.5946
234.278
86.1727
137.871
69.2979
76.9321
166.591
129.977
100.563
76.9127
89.3478
39.7225
48.0408
49.9301
36.8656
51.5405
119.844
121.941
37.9632
85.3901
68.5237
83.8058
431.45
82.1719
96.6878
194.508
36.6136
138.598
70.6664
117.945
163.624
26.8101
29.2327
190.549
94.8854
30.2678
142.411
94.5095
51.8767
69.3333
74.1884
81.4216
157.204
92.0913
118.4
65.0743
31.5601
92.395
43.9905
206.387
115.795
91.7738
103.461
44.164
49.4182
71.9057
43.4576
78.8978
54.1171
76.8453
25.6902
208.901
66.5186
69.8905
99.0649
211.874
124.47
93.0112
68.6962
116.069
68.9005
140.264
249.147
87.3158
90.5374
50.407
133.576
159.259
95.467
57.7203
81.873
78.1989
41.5141
172.029
89.4345
48.9484
115.211
111.56
54.161
217.329
73.7305
194.845
170.99
104.209
49.6967
158.539
136.783
83.1867
46.4697
132.688
110.405
37.6443
96.5674
63.3092
148.805
173.197
83.4134
109.195
104.277
83.2548
105.779
90.3843
91.254
19.5722
279.918
81.9505
113.346
49.8739
63.2294
125.414
55.6677
141.449
268.09
76.0687
51.914
40.1607
92.5454
190.819
210.453
94.4149
77.4683
44.0785
53.5752
93.5261
163.124
224.007
94.3419
74.0867
36.7823
229.085
89.6344
72.3833
95.6159
241.165
154.204
60.4179
84.001
124.514
53.4158
80.5451
68.9588
361.351
117.193
38.6963
171.607
43.4854
97.7928
188.902
137.908
32.58
73.9914
217.183
89.3958
135.928
71.593
358.563
48.1953
66.4573
172.072
154.502
68.1638
103.759
70.1004
113.286
244.087
288.707
246.902
85.9069
109.338
57.5901
80.3306
132.927
142.818
205.68
131.289
117.023
52.7606
46.6
226.682
91.282
40.4584
93.2138
38.3574
35.558
154.716
134.655
74.3651
60.7547
60.4865
66.3141
96.1876
76.8018
59.1145
148.816
72.6805
86.1736
158.534
51.6077
115.398
89.4889
90.3629
102.852
99.9688
312.353
88.4277
89.671
153.641
55.6309
129.492
105.716
73.9458
76.5606
52.7644
91.4684
48.4326
70.281
307.079
128.095
68.1964
46.2272
417.311
177.129
54.8141
56.9186
44.3271
46.7678
174.5
37.6952
60.877
95.8324
100.596
83.9034
90.9757
37.8372
223.372
143.032
56.3453
71.3261
88.1361
51.9443
93.5227
64.7126
41.0987
17.8611
61.3406
61.0256
58.5171
124.846
50.0995
107.894
174.259
27.5882
150.141
112.337
113.336
166.198
39.1525
154.351
265.487
42.7034
427.203
50.4866
297.913
50.2652
303.321
62.0248
156.358
63.1438
51.7676
68.403
46.9591
29.7844
113.857
56.6214
150.599
75.3963
78.5491
123.635
135.459
95.5301
149.114
101.774
113.507
31.3016
35.4912
57.819
277.731
123.946
244.329
40.7896
107.534
67.1362
111.299
196.145
53.9637
114.186
137.296
82.4424
233.2
113.519
104.537
78.4891
18.7936
94.168
54.7614
89.452
93.1091
16.4149
173.338
108.358
62.1782
37.755
194.076
101.058
125.62
424.902
71.669
46.9387
101.634
136.6
30.6988
58.3656
149.21
48.6496
52.5733
139.756
49.0661
62.2455
206.454
118.471
67.8109
39.5444
24.1044
153.609
72.8771
40.8388
71.8365
144.959
54.4077
204.244
42.5622
111.108
147.293
25.7384
87.1371
115.786
69.7712
79.7733
348.666
79.2891
156.504
75.6139
37.4907
39.9207
41.8595
62.3674
225.103
137.199
184.743
58.273
131.379
26.6728
124.546
199.686
59.5127
61.6859
91.6119
59.0954
66.2777
90.0409
108.919
112.104
51.5425
73.273
171.186
204.377
462.527
227.941
104.135
138.849
206.797
553.001
132.191
112.769
110.148
97.8677
48.6308
103.711
98.2813
101.638
46.3308
57.918
43.3265
93.4876
176.789
60.8808
60.6771
200.021
105.341
181.692
92.2138
78.1921
137.258
40.0636
35.6923
127.341
49.1762
42.5956
165.828
46.1917
36.4505
134.069
32.4291
60.7768
85.9898
99.5265
365.707
139.21
125.335
47.5218
114.756
115.961
118.484
67.891
129.573
133.93
128.655
40.1974
41.2692
71.4471
88.2907
228.423
33.3014
51.6626
55.5952
166.651
75.6079
38.8236
34.0672
148.285
146.795
46.7364
99.9866
15.1372
61.8507
63.2569
134.076
69.9841
48.1124
116.597
158.139
59.266
163.243
66.4848
65.2045
116.889
81.1204
283.793
186.175
69.8612
163.037
235.128
82.3527
34.5319
137.139
39.481
38.089
224.082
76.9307
124.239
81.9898
36.5285
55.3739
55.8062
36.1421
47.7448
87.9319
15.4722
69.4557
104.187
336.492
36.4258
67.197
167.2
169.235
77.6797
100.621
180.931
88.8674
31.3187
136.002
77.0794
37.4101
146.364
39.3208
43.4056
133.859
93.9483
132.152
98.3224
55.1228
117.294
105.873
41.5786
70.9215
64.7655
49.7438
142.447
42.8607
169.073
98.8827
88.158
68.9323
105.409
152.709
90.8254
79.9246
53.258
248.045
56.9341
89.1806
90.5978
190.451
101.558
68.3201
110.666
36.9542
50.3496
47.086
72.9154
182.161
111.297
112.893
54.4059
52.9088
46.351
199.341
41.9096
147.154
209.438
297.953
68.1639
130.401
36.7952
86.1196
63.895
26.3556
155
76.1459
69.2452
85.9506
78.9801
51.0541
103.612
125.569
47.2187
105.956
37.8987
179.58
158.508
19.704
39.6454
59.8407
82.3119
155.204
58.8214
167.088
139.712
87.3452
176.913
304.247
55.8742
143.762
82.269
110.584
64.0101
82.1401
62.0912
111.771
66.7635
123.359
30.5029
36.7817
179.708
166.67
118.822
76.6636
71.73
36.3836
116.44
29.0733
86.0238
68.7574
93.9305
263.181
97.1415
32.7292
97.6951
265.544
161.516
55.3695
72.3323
222.585
168.201
147.85
356.835
178.456
182.395
28.5281
121.419
109.15
206.536
134.722
57.7532
80.0065
36.5487
49.9985
135.783
66.9356
38.215
187.205
129.405
33.6777
68.0413
95.4344
110.333
74.6244
97.1749
68.5856
96.0278
58.5661
15.4354
221.946
43.8514
34.3824
55.7145
158.296
140.754
64.2342
91.6108
51.3165
245.084
112.296
66.5289
123.13
72.494
110.998
100.92
131.266
22.7154
82.6323
101.185
59.9153
57.2736
154.817
26.9932
76.4782
80.0955
86.056
44.7067
164.499
113.689
29.7321
56.1776
70.6327
195.574
107.616
29.9041
118.557
187.006
181.122
56.7067
192.093
54.8807
163.26
78.1633
64.019
86.6837
57.2473
239.851
61.8591
41.2611
38.6236
98.068
131.442
222.642
90.5481
89.4282
49.8536
67.1948
398.302
127.111
259.936
63.6831
375.917
86.3393
124.214
42.9502
383.857
323.647
110.681
71.6151
45.649
44.8379
119.353
116.419
170.779
94.5175
201.133
74.0854
71.4966
51.9235
130.809
56.1128
118.26
49.1025
57.7128
128.351
47.4546
92.9984
344.693
91.4174
164.854
27.7473
51.2637
135.012
64.6084
102.67
184.171
35.7741
79.3939
217.659
142.483
65.8152
54.6826
151.363
67.3717
76.3402
68.9591
54.525
83.9217
47.3711
37.6818
262.803
141.283
89.5505
67.0962
34.1901
44.9763
81.5968
33.2086
85.8017
91.163
45.8302
81.0007
241.795
62.5261
49.3797
176.85
162.271
38.8698
59.1949
62.4365
192.109
98.1837
80.5487
43.643
76.1833
25.8255
55.6443
29.9174
289.871
164.206
164.309
133.906
145.191
87.3162
54.6162
152.457
76.7848
76.8807
68.8255
120.698
226.606
134.83
129.187
35.9739
187.598
74.8777
93.3787
93.145
109.55
138.711
85.0902
49.3952
48.4061
62.5545
48.3897
88.04
94.7758
66.5444
205.664
30.5576
41.5667
161.576
164.946
113.226
163.049
158.222
62.3512
168.209
221.223
43.2745
267.373
50.1327
329.393
138.947
231.196
88.3853
244.394
87.1527
213.717
130.569
196.671
29.0767
281.833
60.0708
214.286
351.351
68.8281
272.955
35.8189
195.013
44.985
148.996
58.1416
69.3103
156.842
51.9281
46.4656
40.2304
125.557
61.6546
55.2676
121.615
38.455
120.731
137.374
63.2829
65.7002
50.9004
41.594
92.7232
72.1236
45.7707
196.759
90.0101
78.2657
70.9699
61.9675
89.259
32.8776
99.3443
37.488
54.7228
43.4074
121.474
135.946
211.211
67.0517
93.8934
32.5735
169.422
113.081
38.0832
216.6
40.581
70.3474
289.33
163.18
352.044
89.4047
250.341
45.2031
212.981
77.4817
187.623
62.6813
15.5341
233.553
56.1251
72.6968
151.112
94.5043
98.1786
42.743
26.8647
34.2647
49.229
228.473
82.2459
126.055
160.169
24.0399
83.9977
61.6036
51.7366
102.965
571.022
60.315
55.5024
71.928
122.457
51.6956
21.7679
110.539
52.3253
210.023
54.8116
176.419
74.7119
75.4744
210.806
181.771
118.057
49.3954
207.798
143.507
36.3346
67.1629
64.2598
83.4514
31.8241
108.421
196.237
62.6989
86.4566
93.7676
80.2794
158.67
76.3034
93.0036
44.5671
146.976
69.4983
68.253
91.8443
99.2375
78.2649
142.579
70.426
106.375
78.8986
64.4353
92.1867
77.715
65.249
52.0698
60.46
199.703
50.441
60.2847
74.227
118.746
43.5423
202.046
70.1012
47.0676
228.318
137.74
58.5161
35.0347
295.329
122.137
167.692
85.1241
46.008
48.9478
66.4843
65.11
85.374
159.283
134.853
62.5795
174.248
82.2649
79.2365
71.2498
95.6837
102.181
113.179
36.1659
37.705
43.5765
26.6417
52.895
117.724
82.0552
163.81
140.153
70.704
56.0257
84.7792
192.159
58.0171
137.627
97.1309
58.8088
215.016
154.8
32.2845
39.2901
60.4777
129.985
57.038
118.723
38.8657
28.5336
52.5025
238.299
151.981
112.342
50.2331
96.6494
62.9439
139.912
61.0515
57.3723
188.137
41.1798
84.3602
67.5747
264.478
219.396
28.4795
99.2587
130.355
39.5024
134.478
181.446
215.399
39.4437
60.3825
46.0142
67.0575
63.7695
28.0393
143.462
71.0214
303.424
84.2957
95.9571
35.4517
38.3824
103.993
43.7931
164.44
78.9217
106.436
90.9317
68.8884
84.4014
132.644
40.2538
154.433
137.479
79.696
129.516
52.9658
202.707
131.756
46.4555
127.897
81.586
45.4429
47.8361
253.407
52.8253
283.807
47.207
50.0873
117.505
73.8569
125.801
61.6611
48.1499
165.282
108.607
159.467
99.7064
91.5041
59.956
251.481
125.116
86.8146
79.8471
62.1996
98.601
61.6309
88.4218
115.496
65.7062
340.931
55.0545
148.219
75.125
62.9023
40.567
83.5671
349.709
120.199
50.5839
69.3817
91.4328
108.751
52.2794
124.44
192.27
130.221
94.1483
72.409
82.5082
101.306
104.692
80.8064
71.2757
77.2468
308.621
14.3563
57.8886
111.679
141.078
40.6414
67.3427
246.566
135.657
79.1583
197.593
53.7012
58.0853
87.4389
68.0021
233.484
229.53
57.1507
267.927
67.1933
124.553
68.1712
313.172
101.746
126.227
58.9716
51.9757
185.254
128.568
39.6515
108.301
230.829
39.7107
43.2196
53.2237
43.494
125.407
42.6231
82.6166
20.3802
67.8135
128.15
56.8757
82.9629
67.3775
59.9671
49.7968
63.4609
120.987
80.192
108.744
33.3678
150.503
93.1205
79.0055
290.993
130.024
334.882
162.165
86.0466
94.614
115.465
154.698
50.6119
313.467
76.3162
31.0698
58.3021
34.3966
93.1299
31.7047
34.3257
148.998
157.868
217.704
129.912
102.535
87.5131
91.0827
68.7465
28.1162
50.0695
650.4
158.379
58.4381
63.7151
39.5897
246.905
55.4497
79.3515
44.4596
174.554
102.658
78.2653
55.7585
66.5556
34.4582
34.0541
82.1006
90.228
139.545
91.306
96.7525
27.1082
29.8825
188.814
171.467
58.8215
150.814
78.4697
82.8114
183.273
174.604
222.252
59.6622
78.9349
37.8505
72.1888
102.206
114.607
174.589
76.3005
72.0195
20.9098
115.814
81.4294
55.2953
22.0785
73.4856
28.045
90.4876
40.1667
117.472
225.029
29.358
73.138
179.051
110.678
148.259
87.8953
160.206
349.51
120.754
49.0412
20.878
50.4139
56.5389
35.3949
118.511
52.4796
67.238
82.5713
94.0555
40.4698
166.58
86.3364
60.333
54.369
117.038
55.2719
133.104
95.5586
137.477
284.238
57.7181
104.151
36.2671
63.3128
49.7553
78.1658
218.856
100.227
123.914
61.7259
145.781
219.793
54.2924
79.1836
117.741
129.284
53.1138
134.077
57.2708
81.0965
30.1863
92.4567
41.6674
64.1039
227.605
130.11
84.0859
79.4745
120.447
95.2979
30.1991
44.4985
98.8451
180.822
193.352
68.7698
76.8836
94.9511
34.3291
47.3207
43.1258
73.8498
58.1624
76.016
189.474
44.4701
46.5449
75.8189
181.099
117.068
273.279
88.4352
33.1046
190.081
261.424
200.042
253.225
147.105
203.857
88.9098
154.648
82.5152
65.153
175.83
125.924
203.779
95.0877
33.3936
36.7479
57.2186
99.1989
58.3438
313.476
103.017
135.287
55.8616
67.1715
118.33
45.332
153.823
170.571
104.238
132.72
66.6148
82.1042
173.24
96.8697
55.8366
57.3178
28.2154
35.335
106.834
27.6639
97.0849
101.502
210.847
73.6492
74.8479
42.1478
90.4754
77.8293
125.483
45.9649
39.0103
113.957
227.864
77.1324
88.7902
57.7795
165.716
43.3164
80.2264
35.5631
55.8069
90.6606
73.7277
49.6332
130.228
420.1
96.8682
64.1888
47.0101
116.066
119.806
85.3722
56.6824
39.0872
127.408
53.0637
106.393
47.6259
115.431
24.2503
131.669
100.04
31.3464
239.532
239.802
218.63
69.4112
164.646
28.8209
33.7507
191.797
43.8605
218.486
88.3189
24.6392
166.722
69.8789
89.4096
59.5039
80.6304
109.057
42.9583
46.9407
41.8324
70.6169
118.764
85.4745
102.038
93.1974
68.7174
61.0236
278.43
132.93
72.0645
45.2209
116.945
192.982
78.9418
262.881
186.44
141.313
136.039
94.3791
97.4104
67.5461
44.8403
26.6968
134.823
146.437
102.105
62.7515
93.3679
107.204
170.389
50.272
31.6825
59.4052
301.651
57.8954
92.6608
129.879
92.6515
145.797
141.021
159.725
21.1772
148.981
260.637
38.9392
179.469
178.356
81.2237
130.966
131.59
102.077
59.0566
161.005
322.161
71.3465
49.6716
32.5374
72.9983
28.4996
76.5269
198.847
75.7182
156.672
42.8266
75.7325
31.1614
30.8815
135.524
359.95
104.004
84.0635
133.972
33.435
131.417
172.42
64.6318
74.5699
98.1534
262.347
94.6945
48.9263
120.705
48.6097
142.266
22.8903
169.539
122.831
177.634
62.7898
52.5888
145.858
211.804
47.8398
162.958
31.8052
98.7621
84.8853
58.2047
47.8577
24.22
92.3147
70.7412
60.8878
30.7019
78.5452
146.949
82.3012
43.1812
66.9092
90.0296
86.9499
235.054
93.6084
40.98
241.865
33.9937
74.8702
96.0626
136.608
35.0641
63.3388
51.7759
71.5011
44.7477
43.5102
155.423
30.2359
17.1443
75.1718
46.9786
82.7496
52.6862
120.505
59.4319
82.6559
39.0467
79.7399
219.022
45.0982
151.995
52.7557
122.907
225.755
60.9879
43.7237
116.578
66.5816
75.8872
40.6512
52.5791
61.612
31.4551
309.504
44.158
97.032
75.004
88.5265
202.074
161.514
47.5745
129.943
156.67
130.968
189.641
275.658
64.8092
152.773
154.356
31.8163
203.042
133.717
38.3617
43.4411
76.3726
37.4947
94.0487
111.017
90.54
59.8386
73.391
192.88
81.8354
131.106
94.0595
58.4858
111.086
63.1269
87.1631
39.1262
117.988
136.935
97.8148
81.8809
38.423
30.9812
56.4443
92.188
139.912
73.7035
98.0794
100.558
108.047
148.116
75.1239
71.9634
125.826
91.6007
56.6118
52.7485
32.2807
77.8509
92.5025
21.2668
98.949
85.7213
42.7329
372.202
99.6779
170.029
130.889
215.347
121.581
41.5868
158.872
124.558
107.976
64.2352
106.91
207.554
106.843
63.8433
115.326
99.2911
62.6707
26.5094
45.2155
36.1341
107.086
147.681
27.2115
139.813
61.6607
90.8624
153.164
109.695
171.522
150.775
68.1824
204.741
107.158
123.113
58.9388
24.9446
142.741
59.1008
116.823
187.689
37.4318
94.0207
409.091
54.5609
115.81
91.0716
101.446
144.158
77.9877
121.507
195.6
200.501
170.293
129.661
83.482
106.13
34.0327
53.3632
206.658
84.1974
53.3414
241.766
69.4641
66.6514
35.8442
129.644
133.918
155.086
44.3654
83.9874
57.9066
108.969
57.0703
162.237
41.9637
48.99
84.6519
168.454
62.7403
40.7246
139.662
116.931
104.055
20.7835
119.716
72.3699
36.1234
47.7035
213.738
137.562
252.21
204.049
63.2051
186.877
115.547
274.51
114.976
47.4771
90.0418
167.655
133.19
148.96
54.4143
85.0113
203.656
81.9283
172.065
87.3691
55.652
84.9758
163.389
195.084
112.384
72.2822
177.591
186.043
53.3194
178.17
104.477
85.0041
53.0629
98.3854
23.034
51.2904
73.8104
46.1323
55.4491
217.544
57.9556
29.4541
108.679
298.426
158.781
137.767
50.9557
74.8063
90.4857
31.1939
60.0853
112.59
123.274
160.713
50.2687
117.235
62.0644
44.0496
160.909
60.1527
80.4111
174.155
93.5552
150.761
66.0704
282.909
122.65
76.2568
88.4904
126.839
47.7485
40.022
57.4902
82.1249
85.6512
209.997
87.7335
27.2079
39.7073
340.445
132.857
50.5219
50.7035
20.451
80.1278
101.891
269.284
51.7853
166.551
30.1608
63.3074
37.1986
115.863
45.7294
65.7935
49.6597
63.2524
122.011
234.194
23.8754
85.1895
92.998
121.469
77.4552
81.0525
47.5827
125.045
157.036
58.997
65.3799
104.129
89.4917
108.511
292.151
97.2519
117.004
46.2563
77.333
119.064
68.2431
66.7903
228.195
131.161
123.08
191.498
157.426
85.0845
138.305
150.654
107.068
75.7933
52.4783
34.6334
31.5783
40.0842
148.049
60.6286
140.485
76.4855
109.93
60.9932
125.242
55.8053
124.3
158.215
134.179
105.673
267.893
58.0751
36.5781
67.2037
135.039
105.413
109.326
153.744
41.5876
121.916
219.503
77.4846
71.1083
52.1732
35.5761
50.0992
129.43
92.7176
58.749
89.276
140.629
53.3757
50.4212
179.25
41.647
143.836
271.755
170.687
172.968
52.9884
53.9946
63.7639
87.6444
61.7269
62.2139
47.0625
68.3908
19.9455
152.045
229.222
122.822
326.617
107.92
52.6675
34.3546
78.6696
122.5
148.972
51.8412
85.4187
232.023
77.0288
416.596
161.21
122.899
99.1007
72.4956
29.7923
65.2399
94.8343
225.342
148.315
167.58
162.783
53.0063
91.0125
201.728
116.629
208.672
122.849
28.0638
62.2616
242.37
70.0201
33.469
55.3095
169.628
47.5293
20.2822
39.8016
76.6658
59.0511
156.107
97.6907
128.823
158.293
59.6022
273.349
56.3833
23.5722
94.1907
33.9061
113.313
63.3556
162.318
59.9911
90.1179
253.093
33.9131
84.5643
80.8481
46.8199
111.496
248.03
51.4099
123.952
161.789
377.053
56.0162
227.86
129.612
75.0273
92.2063
117.862
219.348
55.9851
91.9913
231.219
139.238
93.7949
69.2936
42.1436
293.236
88.1473
82.9838
76.694
175.038
222.028
27.7984
64.7452
138.66
77.746
103.308
121.871
57.9496
68.7426
142.458
340.841
117.081
153.948
120.59
97.2826
109.673
101.371
71.1889
53.667
62.194
176.627
65.2923
62.2401
43.2825
220.787
307.202
80.3963
85.7176
80.3507
178.221
78.4552
154.049
183.918
283.265
288.541
90.4898
92.999
54.6012
175.586
53.9902
103.773
58.0927
105.709
80.8028
93.1739
101.342
129.179
38.4179
36.4811
272.428
47.0993
34.7196
41.9494
41.6668
70.4377
46.1195
45.3273
98.825
58.3546
59.8023
316.353
162.431
148.144
34.4262
34.5646
65.5305
41.8202
84.0549
168.413
59.7949
81.2461
141.389
76.2515
73.8608
62.2687
49.0181
70.3127
80.9941
67.3144
95.5145
69.1393
67.4849
62.9451
324.343
20.5338
138.982
65.0252
78.1339
45.5476
21.3503
109.131
35.2493
42.4552
79.4775
263.805
92.3475
143.049
88.6231
354.855
46.8309
192.82
116.877
207.173
83.1886
58.8876
204.945
163.262
25.6547
47.3272
53.0726
77.762
25.9673
48.6211
101.875
110.724
46.0549
151.323
46.7936
127.773
109.132
124.321
363.507
71.7024
132.839
91.6242
132.215
169.096
144.981
48.041
62.5177
111.665
42.9786
185.461
297.944
62.0992
138.333
78.1169
54.0478
221.702
109.18
115.458
38.5899
107.428
38.9953
70.937
89.1316
231.918
66.4661
84.4319
98.0732
54.9269
109.912
80.1194
44.1463
79.4244
94.2737
111.31
131.113
290.773
18.9547
129.261
92.058
56.6244
127.613
21.7485
245.9
29.6583
146.35
131.514
26.1241
47.5444
43.1192
76.2807
42.2216
239.411
92.3201
70.0863
41.3791
38.2211
69.8086
59.4746
130.722
174.973
82.1288
80.1343
87.8459
35.9037
221.766
178.868
145.02
105.001
77.585
94.7709
66.9842
80.2086
53.2755
74.422
65.306
143.125
73.3856
124.366
107.066
92.9073
33.2336
62.8352
53.9911
33.0857
96.4456
28.4587
150.206
26.9979
156.211
20.6231
51.5483
57.255
90.3315
33.4217
67.2961
70.0784
27.4873
432.689
45.5877
198.339
50.1617
109.179
148.922
88.4397
122.873
234
66.4125
58.9532
61.2295
60.1619
233.886
75.0523
443.733
92.9755
23.1651
47.3841
80.4386
89.908
20.9587
57.2716
65.2937
120.633
166.571
160.348
88.3435
212.438
77.9818
43.2826
58.9824
42.1072
183.902
90.5608
193.775
86.3883
278.962
288.393
67.4904
63.1907
244.749
51.1892
121.984
145.91
154.779
40.5366
75.9012
61.7535
112.622
81.1829
101.173
140.352
170.603
125.145
41.9918
203.035
185.016
70.2837
56.5113
283.738
35.2066
219.859
61.7046
171.359
99.1292
220.328
138.303
47.7773
35.2419
59.8011
131.425
113.421
257.687
279.805
39.4697
264.073
65.9576
142.966
82.0649
78.6371
291.228
157.305
43.1595
60.2557
39.7048
159.982
114.493
366.351
129.766
70.507
153.036
62.4355
82.9391
100.335
110.851
81.9365
73.5236
44.0975
197.679
144.298
151.24
151.822
91.7216
56.1951
32.2617
139.974
73.0714
93.7442
104.014
31.785
60.6258
124.046
139.257
171.656
195.805
49.395
166.86
79.2497
37.5916
56.4039
195.155
175.34
75.3558
175.523
71.7898
66.7421
84.8403
166.898
71.9764
73.7273
178.09
101.162
389.691
25.6067
230.814
208.024
128.666
51.3878
37.1815
103.158
49.3378
202.5
134.731
139.41
158.394
40.7809
47.5649
62.5879
73.2735
56.3988
232.375
80.5583
41.388
378.152
126.972
44.5349
257.742
31.017
33.4711
90.5201
87.9858
99.2488
49.9127
243.189
33.0283
49.8535
57.2763
771.855
40.3221
101.812
53.0115
294.445
39.8141
78.6488
198.085
206.504
216.916
88.229
73.8924
159.361
76.5419
82.738
37.0051
76.9973
167.199
54.5079
51.1226
36.2533
109.1
125.928
252.825
96.4382
197.253
19.4895
43.7406
269.733
140.547
17.2594
51.6835
182.721
111.739
114.163
125.687
76.4324
127.85
83.0243
162.54
57.8793
112.268
120.291
102.238
46.3493
45.6422
28.0764
106.597
49.9527
322.026
200.914
86.0589
123.381
57.6205
460.874
169.556
309.991
317.384
100.134
89.0004
79.7234
48.8797
39.4911
42.8631
117.053
160.842
264.661
98.4433
102.03
64.8833
42.2053
121.729
101.945
36.4048
23.2242
25.7309
44.5541
293.392
87.7443
37.8872
80.1408
55.8088
113.225
111.917
47.7864
47.9233
112.034
29.6184
68.1642
233.188
274.671
74.7016
114.62
223.345
82.6752
73.5291
95.3533
57.4724
163.353
80.2237
62.7178
143.97
98.1359
150.665
62.6177
208.166
204.897
384.78
187.211
55.9775
56.7391
66.5623
94.5822
172.644
103.376
115.808
156.731
50.9137
60.2405
130.137
179.672
47.366
133.791
56.7886
83.4302
80.5706
83.4589
214.445
52.8048
89.0576
65.7951
20.8128
129.913
55.902
117.603
52.0187
52.8884
73.3407
167.876
144.33
94.2163
102.041
385.692
113.396
181.348
92.9831
134.654
120.238
78.6743
199.531
206.659
56.62
143.235
96.1411
48.2367
69.901
135.761
74.0988
118.815
37.9985
125.51
174.966
83.2494
24.1729
127.565
47.206
27.5321
144.624
51.2827
36.8742
156.041
58.9938
51.0691
114.762
46.0356
136.245
212.935
214.14
66.9953
81.8966
386.784
194.628
99.0593
95.3105
65.4606
83.2249
132.273
49.8809
63.9194
70.2104
169.459
134.574
122.833
59.8407
42.0027
195.054
196.424
28.4853
332.276
48.1622
40.2808
48.8412
146.726
84.3125
38.3519
40.5124
301.941
48.4208
48.576
119.012
53.9219
113.747
147.538
134.027
90.4162
111.673
23.1986
62.774
116.44
212.031
23.7567
276.787
143.17
135.019
39.6875
44.3268
83.1724
44.8797
40.7724
52.3027
158.996
22.7332
70.4745
147.286
125.314
98.4512
60.6026
169.283
44.2364
44.6352
40.4165
165.843
396.038
52.2016
128.582
186.923
34.8853
41.6145
120.198
59.8113
22.0313
123.12
94.8172
56.398
82.7282
114.559
68.4388
54.4245
108.045
42.6901
69.3959
66.2181
41.8702
69.9703
92.368
91.315
252.296
80.9711
44.4977
64.408
198.136
50.4014
114.735
31.0498
201.346
381.587
129.23
245.459
90.7758
64.1765
55.788
36.1342
186.695
110.045
39.8466
133.884
68.4596
162.494
72.799
191.969
53.3205
32.4121
60.0817
161.624
55.6508
36.4583
64.0491
20.1825
63.2211
135.75
97.9268
107.669
109.306
148.144
30.4789
41.5807
178.64
131.504
94.794
113.853
95.7229
28.3709
73.0134
43.8434
120.376
47.2237
58.3069
155.453
124.664
109.909
119.515
103.963
131.403
245.535
115.117
233.344
27.4275
44.061
123.748
85.5621
166.388
96.1688
86.954
88.9581
88.6949
123.125
82.0699
119.808
165.698
69.7629
66.6197
117.373
71.5443
42.8737
99.6481
93.2084
54.3045
128.705
117.334
57.5879
149.75
71.6981
62.155
44.883
283.838
30.7797
208.64
83.2843
31.7565
61.7132
69.6802
40.0954
246.972
54.9886
232.487
47.9174
57.9499
228.693
173.785
101.477
49.4602
131.65
199.277
66.4935
137.377
32.5624
64.03
70.9931
52.3797
96.6918
151.921
204.973
161.738
49.2595
137.724
40.1639
240.008
158.61
110.883
120.119
64.504
33.0311
93.7712
106.768
97.8554
159.311
136.758
68.7382
231.543
46.3844
102.964
120.823
142.669
135.889
73.391
205.936
37.4024
23.3988
115.111
170.469
66.7122
107.65
92.3827
108.84
226.044
82.885
76.3435
21.5162
92.1384
59.3349
81.8134
88.6476
197.548
100.808
67.2155
123.242
138.379
309.574
81.269
92.3832
209.038
82.7997
99.8406
239.149
58.2655
46.1441
122.11
99.727
57.3225
111.894
120.594
147.225
234.777
229.33
137.158
83.084
87.0151
185.359
116.67
199.585
170.827
68.4914
33.48
40.9473
126.554
136.561
73.2043
89.0601
70.5172
254.989
59.1655
165.079
37.2328
93.889
72.0139
32.7046
239.163
98.8792
137.532
82.1085
45.3016
179.571
22.9854
286.538
69.3542
61.9745
29.6902
184.886
156.447
154.201
163.653
34.3462
114.765
95.0941
82.396
44.4399
75.8747
175.752
216.899
37.0201
147.014
95.2695
93.927
39.3558
45.0615
205.562
26.5374
30.7137
152.74
133.781
273.194
78.9766
57.9734
77.138
95.236
60.756
96.9531
54.3844
184.19
167.369
39.6238
112.083
82.3249
96.8479
162.799
66.5855
78.3423
57.922
174.849
124.098
64.0825
46.93
319.845
133.934
20.241
66.9867
185.9
250.071
78.7973
96.4283
60.3454
59.8336
87.0557
156.186
89.2162
67.5443
51.294
146.847
43.5189
24.9427
88.3044
24.5376
59.1068
77.0245
89.6931
63.1504
79.4055
122.509
171.828
51.0169
206.701
52.5451
101.487
114.756
64.7751
324.423
35.1927
78.6774
162.395
146.7
109.55
187.799
115.477
64.9004
76.3125
189.56
154.746
58.2614
263.743
42.7416
121.437
74.8769
119.209
47.847
50.9248
36.0809
96.8905
196.477
154.391
78.9534
119.421
75.3332
66.4567
51.0019
90.2299
120.468
13.8111
31.9277
160.826
85.1006
407.207
239.84
90.8117
48.5225
26.5116
228.969
57.222
152.969
64.4106
137.63
212.34
70.1672
149.936
100.505
65.2506
172.082
64.3922
163.624
58.8718
193.222
260.334
99.1199
102.245
349.48
36.7275
103.097
144.868
102.111
117.606
72.7137
43.0471
256.566
47.6238
124.704
121.159
154.282
59.1684
118.83
356.215
64.9954
143.467
80.4741
96.2589
161.955
107.77
42.9563
171.901
125.07
173.125
48.8837
53.9411
128.93
108.879
74.6193
96.6373
45.7639
130.005
156.941
87.3462
133.032
154.859
63.7343
39.5575
118.679
84.0602
142.404
115.614
84.9781
18.6375
44.0806
29.5791
57.1917
213.495
76.0214
251.713
137.438
51.5859
61.3069
333.945
40.091
34.1436
104.806
113.432
58.033
48.7095
41.256
121.102
87.1358
63.0937
30.9634
55.5283
54.3212
76.9685
91.6652
64.9179
91.3213
80.4143
124.214
67.9529
26.099
94.9098
36.104
201.43
116.553
46.5735
63.7845
65.5144
65.1029
153.364
21.7113
31.7686
21.6349
225.465
87.9016
41.8111
131.793
95.7856
85.9956
95.3953
111.79
71.0566
211.228
262.444
309.715
100.95
35.9262
92.8357
31.3707
123.36
121.571
32.8305
42.5603
116.728
26.3857
100.194
95.6448
144.18
154.806
147.586
33.5127
194.036
98.5016
44.5659
142.883
167.192
333.975
24.2431
59.6814
156.377
39.5179
45.7196
74.5698
182.941
283.476
31.0266
127.513
27.4928
126.655
177.175
83.941
72.8398
51.7731
87.8148
45.1676
72.0657
302.025
158.943
85.9584
158.712
132.099
172.566
88.8596
22.133
26.6714
196.404
41.0973
34.5026
302.928
69.8002
125.254
64.6707
62.2354
168.938
88.4933
44.421
47.7891
145.877
302.184
87.2613
59.0632
205.402
199.082
225.161
29.7118
56.2121
123.131
406.734
54.5463
98.4769
47.9972
222.462
73.7273
20.6102
135.49
27.2278
63.5347
136.692
62.622
150.211
162.126
164.11
62.4905
147.66
85.5281
53.1103
59.9801
35.9769
39.3914
87.9067
91.0729
154.439
84.2336
70.3753
82.667
227.694
141
204.027
76.9079
131.019
99.1353
32.0428
64.6389
36.7278
66.6636
89.689
114.907
116.297
50.4857
58.0231
204.84
119.252
98.1597
112.898
122.816
179.997
37.634
59.8513
85.6212
39.0741
167.035
92.3392
45.6474
107.239
175.72
135.621
56.9556
52.0784
80.4541
44.3269
88.7767
95.2975
60.6901
278.917
322.06
92.9146
193.334
63.2721
61.6716
52.5574
91.4211
179.498
80.9602
127.764
47.7835
155.093
105.37
177.334
184.858
120.799
105.879
89.932
68.6177
136.444
27.0608
101.83
99.3535
40.4604
57.3991
34.7893
87.5415
162.77
56.0305
75.212
180.11
125.874
40.006
66.0033
127.106
55.8735
118.485
239.213
289.395
80.2363
113.72
102.715
176.111
58.833
31.0534
61.206
101.819
49.7161
103.995
123.165
63.3014
56.958
61.0158
281.006
81.113
110.801
126.103
158.002
98.8811
52.2284
61.4131
66.7428
450.255
198.049
74.0399
85.1312
49.9495
152.308
66.1686
99.7836
85.8713
104.66
57.943
226.976
88.5071
286.485
81.9491
170.21
113.835
42.8717
165.466
352.827
72.6097
62.4619
90.8805
23.9405
22.7578
112.122
112.32
94.5298
145.854
70.6029
65.6185
177.994
140.335
111.968
32.2255
67.0998
99.332
23.6111
150.906
44.6957
170.827
133.884
206.043
69.2176
55.6059
106.279
206.487
32.8314
189.152
90.7493
99.408
63.5735
53.0541
57.8201
43.2698
101.513
99.7739
63.6261
50.9618
148.121
110.583
191.808
30.8723
378.154
44.3155
158.196
72.272
68.5101
133.461
135.99
81.1943
133.982
92.1254
149.437
132.752
129.458
67.6626
74.3365
60.1327
57.2236
79.69
19.7304
232.469
62.1724
119.177
195.9
64.0217
53.9459
166.573
36.2791
97.0947
105.306
32.6684
38.797
177.955
173.338
38.7635
62.4448
151.312
98.341
74.2968
96.4848
114.012
153.203
83.6338
153.776
135.953
30.4912
74.098
60.4882
33.2507
16.3817
221.926
81.8718
71.2652
169.017
78.2813
136.483
55.7946
49.1384
329.341
61.8995
75.4173
38.8184
76.3358
97.4754
47.6245
118.884
284.318
18.8645
53.5081
36.9491
269.623
129.525
57.7884
44.2829
74.5515
38.6201
182.861
169.959
70.755
179.4
71.765
40.456
151.019
26.4871
60.7912
72.656
183.08
44.7254
140.229
98.4558
127.56
108.708
70.8982
77.8884
63.7882
68.0882
51.3191
75.1681
76.2823
139.244
114.521
72.5785
33.8618
412.021
131.75
142.11
54.8943
80.0096
40.7961
101.996
160.945
92.7664
100.213
107.335
164.299
100.26
30.3233
167.497
133.867
59.6949
28.9843
46.4663
82.4449
51.6049
29.6938
86.3299
51.4418
61.8448
93.6279
94.5086
102.368
65.9006
134.354
173.508
88.9744
169.769
272.593
96.0823
61.6657
138.855
128.608
140.682
33.6372
92.4326
110.939
144.364
202.455
67.0557
61.7593
77.3652
113.401
406.911
136.547
64.302
108.558
107.913
70.9676
42.6424
18.0871
58.9063
67.7297
82.1622
133.986
53.6171
77.0618
93.8355
110.315
48.7526
115.888
73.1258
56.2888
57.0594
139.533
102.375
43.1594
35.2023
35.3904
73.7407
27.6845
79.3231
267.629
219.429
81.5507
156.102
176.032
142.002
46.1478
232.081
41.9053
50.853
83.4649
65.959
144.832
118.73
75.2655
51.3632
59.2725
60.2106
35.6656
229.45
46.2792
48.1239
187.041
42.3823
142.938
94.763
179.508
124.164
102.577
73.3844
65.4594
258.635
264.039
111.921
164.862
352.447
20.343
108.495
74.8555
110.855
112.244
79.0816
132.829
113.788
149.252
123.261
68.0106
85.5905
246.025
54.254
99.5733
101.945
258.289
187.392
26.6524
275.546
99.8324
54.5185
42.8169
65.824
73.5145
82.7661
24.1701
75.918
34.9761
91.884
94.9392
89.2731
149.848
113.719
24.4905
76.0896
78.0986
143.282
113.391
321.1
91.1815
77.9778
78.7138
67.2079
71.8927
242.925
84.5446
119.665
73.8674
73.7165
88.0399
182.177
195.293
166.071
55.3903
153.353
43.0117
49.1186
68.8477
80.9581
54.9439
68.8113
71.1529
66.983
55.1229
138.255
134.099
79.8137
39.4682
80.3777
45.2138
75.6373
72.8962
103.219
142.815
78.869
33.4655
150.425
83.5845
164.984
160.508
45.1577
41.0301
323.311
66.6637
139.856
268.289
280.223
180.761
107.821
56.2964
76.2982
41.9717
140.575
36.5561
52.6125
111.599
162.248
105.474
62.3548
70.2202
112.619
34.8244
76.4443
58.5595
59.6688
117.648
92.0641
40.8165
61.4336
200.637
94.1421
49.5464
95.4174
175.453
145.809
35.9171
43.1501
54.885
43.2835
132.75
95.4284
124.991
199.117
246.771
203.212
55.7873
72.4177
107.981
83.7724
89.1459
101.528
44.2535
100.816
100.526
48.7809
136.957
165.462
151.171
34.4945
358.089
224.095
129.35
109.23
70.9766
54.0854
94.4688
147.072
50.4687
38.8092
38.212
140.621
59.0308
45.2828
81.0237
140.779
200.557
151.359
115.586
101.941
142.504
133.464
114.894
85.7172
74.3736
160.898
54.1795
191.112
78.2875
75.4763
86.7541
40.3953
49.2301
82.5136
72.0125
68.4137
25.2269
65.6202
89.494
149.167
162.693
90.2515
40.1295
49.7162
117.502
144.651
30.7658
32.745
107.929
155.029
37.1449
67.6089
55.5517
65.6304
94.2788
163.108
54.4897
172.189
53.2984
123.904
184.102
48.6815
60.2665
93.5697
121.365
12.416
165.821
62.091
70.7119
70.6893
76.8259
37.0683
111.084
24.7235
155.988
31.0324
136.496
180.25
86.898
137.672
263.943
452.271
99.1791
77.8988
64.7789
61.1662
119.291
106.62
48.2714
102.547
113.443
28.4652
126.981
110.387
349.316
19.2951
74.5768
69.1075
49.7795
78.5123
42.1032
36.0798
114.522
171.933
26.3729
71.0482
31.1233
129.212
163.963
100.204
139.242
60.018
47.3821
46.5071
133.187
37.5518
155.129
99.5365
33.3862
73.931
185.994
30.1374
95.1561
72.4542
274.248
84.2231
123.082
161.57
67.7069
222.688
214.624
306.094
66.3079
46.3127
78.7238
33.6739
31.1359
28.6892
43.7994
86.556
64.6261
56.0008
52.4334
51.1404
48.2109
216.807
63.0958
76.8952
133.09
78.312
99.7608
26.1492
226.013
76.9423
50.6802
66.2157
195.295
103.008
144.832
41.2899
52.0675
182.1
100.117
161.271
20.9713
242.934
91.0902
71.0894
41.5487
74.2999
145.548
173.422
85.5552
92.2937
68.5838
61.5818
40.8508
60.2507
71.4004
105.382
33.5959
348.602
64.9148
26.207
63.8331
116.383
270.051
54.7826
54.6625
64.5495
162.875
28.3824
110.661
376.634
74.9971
128.352
81.4675
104.832
132.576
40.4991
214.352
35.6504
53.0997
69.0283
182.839
109.222
58.6432
222.233
225.001
83.6868
34.0812
34.1128
76.1403
37.6417
129.046
94.8824
143.655
53.8252
29.4785
89.9433
142.047
93.467
41.8825
71.6826
77.9793
119.413
47.3074
151.334
90.3233
100.496
28.4945
165.633
69.0635
105.324
33.5724
81.5464
123.075
52.1687
27.6081
94.8535
84.5919
93.8134
99.4494
78.6405
165.783
108.526
90.8025
182.054
141.314
102.322
85.9356
147.387
334.709
54.2455
85.5369
94.572
65.3329
22.6838
59.6731
98.359
33.8518
26.75
32.6068
73.9981
36.7296
77.824
72.6369
31.1188
60.8493
136.886
194.717
40.9028
52.0984
108.912
254.566
71.6483
105.214
115.34
59.5226
86.6652
168.593
147.88
76.3536
37.2575
273.514
48.6972
135.058
52.2661
194.628
84.683
67.4997
42.8424
60.2618
52.4083
98.3988
433.446
84.0908
71.616
188.8
63.6759
132.275
23.5988
95.188
66.5293
32.3894
83.2085
22.2161
48.7584
145.658
65.9022
83.6943
51.1276
59.0905
75.1964
76.7673
64.3533
57.9935
92.719
264.923
160.704
153.752
97.8473
46.654
191.577
188.952
124.806
67.4972
104.232
90.7649
142.895
64.4205
217.345
56.3937
75.6692
80.7895
58.6686
30.9087
94.2474
31.6056
202.235
176.479
112.258
196.056
454.535
77.9147
47.8941
45.9131
55.6458
43.5478
18.8163
49.6828
76.5536
95.6601
148.18
43.2433
81.8624
129.989
91.3254
110.046
99.7837
19.6179
195.036
150.437
399.12
74.7216
71.7724
34.6165
162.08
53.8327
39.8343
135.912
89.5895
41.3233
87.4641
206.3
59.5865
45.7384
65.5451
82.7023
144.752
171.634
129.985
120.162
251.113
135.204
178.704
65.905
138.065
81.2022
132.682
10.9799
239.454
51.5681
102.433
44.677
90.8047
95.1791
42.797
28.7544
92.0875
96.0715
51.8288
66.063
92.5806
31.8984
60.8728
49.7694
101.282
108.151
203.454
111.166
78.7683
164.645
129.334
166.278
135.863
109.976
72.9921
29.0995
41.0753
58.9103
34.0014
75.7274
98.2132
211.941
71.5942
161.493
72.463
156.468
120.593
56.9452
127.593
144.05
113.216
164.142
62.3046
128.311
85.75
89.1618
106.795
120.402
43.0741
48.2033
118.758
265.651
269.798
95.4858
62.2195
82.453
142.394
129.196
59.088
104.28
207.532
57.561
145.382
113.932
207.211
75.7042
43.0601
41.4446
153.68
250.942
87.2324
45.0946
240.835
433.681
123.2
62.0173
193.598
43.4833
90.1656
27.3359
46.8316
65.6512
190.713
46.1977
76.5829
106.92
279.238
74.315
123.214
381.155
109.992
142.381
60.7116
224.98
64.3602
88.753
50.3407
68.1985
25.9944
98.2249
40.7513
95.5144
143.011
50.9319
46.7464
115.931
202.421
22.231
111.1
127.387
129.989
87.2885
76.9077
95.6361
123.9
65.2052
37.9853
30.8164
66.2289
56.9557
77.3159
98.7878
121.475
212.363
35.8566
138.493
40.0786
60.4684
83.9114
58.0334
55.3825
220.289
45.1357
72.3314
48.642
28.056
274.151
45.7226
164.724
77.997
103.315
90.3226
59.8422
121.312
187.892
70.9593
39.757
122.395
71.4996
38.7299
47.1367
25.2477
223.133
255.856
70.4067
31.2438
20.5256
81.4664
47.3611
56.5308
172.478
164.137
161.934
52.0172
41.5947
65.558
43.854
80.1926
82.4727
38.591
40.2554
113.79
53.6071
58.5738
85.1357
57.7247
55.5111
28.1925
127.281
82.916
32.7268
114.15
84.5689
109.699
39.0562
134.956
107.771
35.3991
251.737
79.6229
162.773
62.5341
98.2304
34.6436
140.937
135.943
67.8146
178.591
244.236
110.247
253.574
70.1742
127.772
120.947
132.128
71.9773
90.1141
128.328
23.4409
66.9021
63.4191
24.5527
64.1023
47.4706
157.173
65.8626
76.6145
99.1476
38.8583
31.0254
119.786
37.383
87.2404
123.954
108.425
81.2284
105.795
61.2207
44.4599
96.3535
346.01
75.928
19.316
119.084
60.5135
153.573
49.1932
96.7119
167.548
76.8519
69.5257
82.6699
119.603
89.3293
252.672
75.1145
51.3448
128.324
40.6601
66.7657
57.4477
100.347
88.9967
78.1059
113.229
109.489
27.2196
39.7189
62.9132
69.8558
104.742
280.523
73.6896
62.1337
138.074
257.029
299.536
42.2859
97.3188
55.469
25.0146
111.089
205.066
61.6332
53.7873
124.113
60.7995
85.3605
160.167
77.9243
18.178
87.3695
128.318
74.5877
17.3567
35.5237
70.0919
86.1141
201.877
140.219
76.5661
94.1508
103.71
138.234
122.675
137.876
122.537
97.8136
129.501
67.1669
334.93
106.557
128.061
159.371
132.59
65.3426
53.0797
50.979
143.573
114.999
36.3596
73.799
74.3546
100.225
223.989
43.4161
64.8828
35.8586
82.0182
143.821
68.1601
204.238
161.589
109.171
55.8659
54.8605
125.815
44.663
205.715
36.8246
68.1854
94.1139
89.613
61.938
49.3811
113.048
34.581
82.4782
123.122
80.1701
156.361
23.5335
42.9388
39.5893
205.425
109.456
48.3211
90.6173
38.2604
146.023
103.523
141.271
55.2148
35.327
67.7281
86.4163
22.2996
74.1902
183.343
98.5343
82.5466
216.393
137.702
195.977
109.077
127.101
56.3094
59.0974
67.5234
273.975
139.645
90.8087
81.3606
124.973
44.7894
60.2437
173.837
80.8088
39.9693
61.0708
88.8219
78.4579
252.978
89.6837
74.8021
387.36
65.7665
51.9528
29.5327
160.744
50.555
226.326
71.2801
151.977
135.058
81.5539
32.3063
105.143
186.355
44.1117
87.4325
84.939
21.288
93.9087
78.2876
370.992
104.927
36.1543
84.1174
72.3712
131.873
110.027
51.3306
77.0933
239.835
58.0822
210.448
179.754
36.4476
108.583
107.84
82.6441
31.4357
212.77
89.1477
145.04
72.1597
50.0388
44.8061
23.3754
58.3395
40.2211
98.3904
38.0673
29.7838
203.734
144.686
92.9159
137.946
57.7319
58.3765
66.6607
48.1067
256.019
283.16
173.688
158.095
143.029
93.45
51.105
38.6204
82.1942
139.37
146.431
111.453
57.0613
261.35
102.859
66.0794
60.4847
49.0767
109.407
26.217
98.8073
84.666
109.574
251.989
100.821
52.4436
62.7765
108.015
296.506
134.955
113.941
106.944
105.657
64.3206
52.4263
86.6413
20.6163
48.0876
84.9219
206.91
155.582
69.2172
112.405
55.8256
34.113
109.292
149.911
125.996
51.4308
99.4461
137.505
129.444
169.623
59.5655
22.9964
157.764
114.784
132.199
73.4666
93.2791
97.0497
130.713
142.352
38.9207
116.196
122.013
49.0668
51.1948
67.7134
25.6525
187.248
39.5929
214.398
57.0484
120.058
62.2991
121.069
91.4522
84.7396
147.538
60.2847
51.3311
72.7283
119.908
103.176
83.0027
101.607
39.6916
26.4127
250.63
43.4437
126.086
96.4766
712.216
39.8572
92.696
72.3678
19.5775
50.9014
301.724
112.252
69.0533
85.1257
197.125
102.45
89.0258
69.7993
66.8213
158.206
110.474
102.343
419.217
45.1117
38.3457
18.2794
57.1203
28.1287
110.448
112.947
160.983
156.554
245.961
92.1401
55.9685
111.447
80.6055
100.583
68.2448
154.746
222.698
62.2047
130.812
74.72
387.767
56.4725
143.295
111.255
175.132
124.381
306.701
133.694
230.778
171.921
46.8041
109.112
183.18
137.757
93.805
43.9714
20.03
50.5246
96.7046
246.037
172.415
104.578
75.9409
85.9835
185.65
17.3818
135.518
73.7054
82.8956
80.0647
155.479
39.97
95.8834
125.014
78.7304
36.0341
40.5774
60.9642
28.4224
129.204
171.292
84.2755
104.155
199.816
73.0265
41.2196
113.089
131.795
145.814
96.471
55.7044
53.0315
33.49
56.9541
188.412
130.683
23.7928
111.53
118.067
40.6964
57.7698
360.726
155.998
100.236
10.6608
119.681
40.6435
60.7004
104.328
213.179
55.636
20.9366
81.4875
183.966
242.37
132.201
24.1748
64.7594
133.982
57.6255
23.1446
66.5064
56.3081
69.5466
155.394
200.277
148.024
52.024
63.4297
40.9274
133.983
103.826
71.2124
151.573
50.2957
57.365
61.5791
182.894
52.6372
115.785
72.1731
156.222
43.8712
55.2804
76.8201
133.656
120.063
101.787
121.739
155.693
98.296
19.4072
28.0591
123.255
93.4146
130.12
37.6669
166.22
104.444
127.999
70.6443
110.032
164.961
75.3932
70.6454
48.3678
69.5216
205.027
112.726
93.4602
92.7371
124.01
128.081
289.794
133.214
47.9518
31.5502
170.932
62.3195
218.485
223.277
43.3111
36.4067
42.3911
223.856
332.854
265.731
179.927
173.22
38.6091
144.953
150.187
150.17
164.36
78.3034
87.7203
70.5875
45.2326
87.0321
98.9461
205.215
69.2782
114.208
195.489
91.3771
51.1059
95.3801
97.2887
49.4732
65.391
300.781
73.4628
64.5197
68.2854
38.9008
70.6625
120.304
184.584
30.3648
13.8722
44.6224
71.167
44.4953
86.9798
182.842
87.5674
112.903
122.664
72.7533
97.0616
40.9441
77.7104
115.766
31.3765
73.1576
264.5
150.816
149.754
227.716
37.5363
253.44
74.944
128.527
86.5194
39.5776
132.797
269.123
43.4389
29.8792
139.057
70.7432
174.585
258.533
195.044
193.799
65.2566
192.483
370.557
45.4495
115.538
91.8628
42.4526
68.625
194.723
45.6376
285.95
34.0158
104.116
47.4694
225.8
62.7552
41.6031
57.6883
63.5404
72.5823
34.2132
22.3986
92.9029
146.777
64.6691
72.9877
87.8043
365.148
136.615
46.5215
184.333
47.3113
332.574
63.0104
74.2273
128.53
131.31
157.713
74.0062
151.848
36.3283
82.9222
84.4657
215.779
64.6705
55.3237
161.134
63.4107
213.183
81.683
113.037
82.5203
126.301
65.2009
222.493
37.3385
61.4879
104.675
221.029
73.9664
102.173
82.4216
174.612
215.066
59.2571
67.4818
57.4829
68.7339
306.604
54.0265
99.869
189.312
56.4891
143.459
78.5915
63.7686
158.243
53.9026
105.344
81.2947
673.498
78.8853
111.063
51.1237
99.215
170.148
53.0349
190.665
62.3381
94.237
88.9175
113.96
42.081
156.7
63.8164
138.985
88.6114
68.0258
190.914
51.8431
118.818
313.14
99.2084
62.0379
607.042
65.9794
36.0763
65.887
227.368
89.9163
42.9119
61.7281
109.484
51.1092
95.7915
72.2943
60.7029
44.1873
87.7066
37.6449
42.9229
103.674
184.963
58.0983
52.9784
205.468
37.3571
272.716
54.3665
58.374
85.8099
107.654
130.51
30.3008
124.312
196.409
158.809
53.4993
294.762
113.951
155.866
71.5723
113.172
78.1105
129.209
103.689
148.34
139.703
121.539
113.742
244.171
94.434
60.6432
130.863
98.7238
115.032
77.6657
127.552
154.083
188.185
52.1376
221.62
49.5552
43.8161
74.1238
42.3003
387.587
20.2834
237.96
194.25
42.1211
55.9065
170.126
102.839
177.812
175.965
240.233
72.7332
111.397
77.6811
132.673
161.826
40.893
54.6687
66.9301
130.572
157.806
198.611
87.1907
106.002
193.501
109.626
26.1744
50.8217
29.999
104.925
26.3364
65.2726
33.6665
108.872
29.4263
79.4568
31.7216
47.7608
76.4458
97.348
214.841
181.406
123.899
35.3829
167.537
25.5789
119.544
86.6533
88.3755
129.484
34.0134
80.9941
100.102
158.598
243.562
86.6844
421.458
36.8759
131.384
300.625
134.687
225.992
133.131
57.6291
119.268
129.911
271.789
69.4185
47.246
123.793
138.549
53.392
55.7651
166.362
134.936
121.718
36.2707
509.832
60.2518
126.802
129.454
132.46
37.3007
143.962
244.06
196.961
110.756
59.6053
145.229
92.4006
30.3171
94.5941
111.235
244.296
66.7342
57.7518
85.7062
91.101
307.073
123.479
82.5162
188.681
113.703
63.0437
151.957
57.7153
87.2264
58.0427
17.6508
126.553
81.1402
148.236
85.7998
40.3117
128.491
44.4059
55.3842
151.417
82.7839
95.0226
109.472
102.56
143.703
71.3132
88.5027
26.0422
30.1832
210.945
178.519
126.212
128.769
186.155
124.495
118.243
168.96
181.5
51.4547
131.404
119.802
59.4912
104.073
66.8794
96.5454
61.2756
70.0128
82.3966
163.964
71.2819
173.79
48.2684
48.5719
59.2553
72.5436
136.486
35.1402
113.637
50.5084
40.361
75.2657
138.799
97.9829
29.1213
98.8204
163.231
73.8263
63.8765
84.2555
54.7795
329.033
58.5569
121.71
83.6359
87.4726
41.5553
43.6191
95.7198
75.2227
176.645
175.976
62.8852
189.115
177.147
91.4771
67.9748
101.149
71.1613
78.3699
158.705
58.9805
44.44
30.0741
89.214
68.8245
158.947
47.1413
253.15
36.8664
41.2512
131.65
79.4521
232.613
83.3562
244.513
124.657
43.6963
35.9314
63.7869
132.399
110.311
138.73
41.8553
72.9189
203.346
20.9363
97.8703
50.8111
78.724
181.824
77.9801
158.732
93.8605
88.1588
86.8436
97.7408
105.892
129.791
97.052
181.925
59.8668
84.6939
33.112
77.261
59.1539
42.9004
195.408
61.4927
78.4505
51.861
82.1394
85.7808
82.0808
53.6493
213.566
24.6477
77.5902
190.08
48.8157
55.5088
86.0846
47.7654
55.1924
30.7905
305.498
133.902
35.2905
44.1408
62.0257
104.018
24.2231
148.555
82.3285
42.2272
66.8059
123.651
132.73
93.5158
96.9437
134.189
120.18
62.9336
70.5783
122.108
40.7317
87.2703
76.4062
57.3641
17.8649
122.064
64.6045
57.3878
35.1991
213.009
53.6162
37.7047
40.3846
200.324
166.339
109.293
320.195
108.22
99.0866
104.469
545.689
119.236
271.809
22.6879
152.235
276.514
67.0504
123.479
56.3382
95.422
133.587
89.2961
44.4301
178.472
53.4059
41.3855
96.9092
112.441
42.8632
84.4117
103.103
43.2086
114.309
145.198
70.0467
89.0794
204.41
48.3838
208.152
98.9655
35.4266
124.286
81.004
185.964
90.2375
82.6275
164.384
259.268
102.997
95.1329
100.722
62.582
43.3433
146.344
70.0089
78.7771
51.9113
144.242
74.1905
108.929
56.9405
58.328
46.0976
63.7493
80.5444
50.0097
69.087
77.4548
191.043
66.3213
63.3542
100.523
91.6984
182.166
73.0912
66.8005
135.593
69.5084
119.025
93.1004
35.5184
78.8191
200.977
143.33
70.6492
88.7228
94.5239
65.8127
47.9637
82.0314
29.2247
124.213
36.2779
241.013
280.599
76.2657
56.1162
64.1792
56.6989
64.1965
38.04
34.0034
256.181
80.166
61.0716
79.3079
72.2315
53.987
106.781
39.0536
103.141
74.5059
66.2279
249.882
162.117
58.4279
68.7103
50.9643
58.4881
83.5186
81.3861
163.863
170.411
72.5793
70.9311
170.535
20.646
45.8979
56.9457
48.0506
65.0433
128.758
47.0212
45.6722
70.3533
328.352
69.3345
80.6211
74.9674
61.171
63.076
100.41
256.532
60.4189
43.1391
63.9396
111.158
205.832
119.661
78.6375
110.525
112.751
233.317
58.5435
146.674
41.5656
26.0349
83.3554
41.8432
36.7867
199.117
19.7537
184.69
105.207
119.781
106.129
99.2251
56.1828
59.1927
117.111
21.0408
80.5592
49.0323
75.0876
57.3736
46.6537
65.5786
90.9993
149.76
210.706
144.025
96.633
95.7196
44.5728
150.924
54.8782
256.726
35.2769
96.3763
185.814
93.4939
94.9867
65.7924
132.031
45.6429
124.297
73.0865
98.4551
56.8224
92.8657
73.642
86.922
215.923
31.3345
123.578
64.4787
67.6463
56.6429
67.9383
84.9437
99.5079
55.9232
81.9565
103.945
156.177
113.122
74.5158
96.8419
233.269
51.5523
103.236
295.819
123.006
57.4551
268.185
43.2537
45.1964
56.7473
457.667
51.751
30.6732
91.3312
71.621
97.5986
85.8784
41.2024
79.308
81.5005
152.839
139.405
137.779
96.5277
183.508
94.9662
69.2037
39.9293
55.3818
44.4474
71.3113
107.697
144.139
68.408
138.713
61.3481
210.38
55.3493
120.972
33.3613
38.5336
417.684
100.91
92.6358
40.8223
98.8893
36.5926
65.312
48.7682
117.993
114.621
141.896
88.5543
414.379
47.2701
93.192
98.1095
38.9508
139.682
54.2687
118.995
122.204
117.246
31.9909
54.7669
213.242
223.136
93.7901
73.2602
28.401
185.677
90.6863
53.7865
196.753
126.732
78.8083
85.0642
155.777
58.6814
78.4796
30.16
78.6923
32.7674
91.3094
240.573
172.958
56.1145
204.021
95.6635
36.6351
51.8795
102.849
193.541
120.777
86.4636
29.4742
112.247
64.4139
135.66
74.6025
79.1152
37.7792
53.0089
80.0668
233.716
99.7106
137.512
21.845
59.5756
274.704
87.0811
98.4164
69.9288
83.2562
78.4273
78.3808
33.706
61.3341
43.1342
68.4898
84.0917
111.884
78.1514
95.8609
159.652
26.2654
143.919
64.2657
341.148
67.4475
68.5691
53.5749
48.1414
70.1567
217.893
69.2505
42.131
305.246
45.9816
129.573
101.719
120.845
103.921
54.5716
30.598
50.4935
84.5775
26.493
65.607
71.6553
200.808
90.3793
39.931
98.2227
54.2103
35.9792
179.818
59.963
107.406
52.7376
68.1331
104.555
52.6813
201.071
154.887
50.2774
104.912
62.9996
46.6176
53.9316
236.378
135.095
72.5093
81.7897
47.8385
206.839
58.6735
62.122
30.9781
173.861
66.8547
140.406
62.3076
315.514
128.587
58.2589
88.4676
129.266
526.627
96.9732
43.3822
47.1668
46.5461
55.1072
22.1692
143.289
112.522
144.373
85.2029
58.3999
55.1906
34.7119
76.468
28.6448
147.598
59.2597
51.5815
431.393
35.7022
149.245
177.77
123.051
60.8321
109.218
51.4756
58.801
79.9376
132.354
174.902
153.109
81.1931
52.4802
35.6593
86.5686
107.469
112.746
88.0029
43.4163
84.1783
69.4012
85.4729
96.3479
167.057
358.067
43.9807
157.425
55.5436
81.873
87.8722
152.006
127.664
81.4238
82.169
154.386
194.132
53.0486
132.039
58.495
186.877
26.0567
161.537
116.389
107.053
56.1299
121.352
250.262
106.351
43.8626
115.421
89.2484
38.978
30.4971
75.5759
136.393
73.7453
390.717
42.8114
68.5528
166.337
391.215
50.8356
150.086
46.1522
83.9057
104.407
41.3654
37.6423
110.166
95.1282
54.6664
60.6976
134.041
108.971
95.2078
44.4554
55.3029
107.671
99.1818
119.6
49.7516
94.6717
67.7524
40.7915
121.236
73.1372
142.327
25.611
79.516
77.3695
115.963
113.341
64.363
190.109
155.733
61.27
38.8544
102.368
56.1343
92.3453
80.1098
135.18
67.4749
110.123
65.6578
23.8952
143.126
47.782
68.6847
70.6835
217.257
74.2882
154.999
38.4993
204.311
88.2279
80.0174
57.4485
206.085
62.7003
116.83
161.315
74.2086
60.1852
147.183
95.3373
63.3681
231.187
156.662
87.8049
57.0104
143.272
68.6718
69.4967
69.3254
96.504
47.3132
131.715
23.8613
58.4563
63.9407
130.73
79.7711
114.477
45.3638
22.1041
53.5677
128.754
73.6664
144.491
80.2109
62.3569
68.7903
109.539
122.286
68.3192
58.1933
187.222
100.025
63.4299
165.994
20.5284
281.217
95.1151
49.0208
71.2756
214.87
68.9229
151.997
110.747
84.1514
68.5862
60.0304
70.3229
22.9008
22.892
181.729
58.4195
257.393
130.515
122.373
30.1749
37.292
167.938
56.6722
220.5
84.7787
100.027
54.5942
35.2422
66.3704
50.2265
57.1033
97.9638
46.1739
96.6169
131.96
58.3745
145.2
121.919
54.4325
147.933
170.305
20.422
131.175
162.781
102.838
289.364
39.9687
57.3788
46.6579
208.709
88.8622
82.9278
190.566
27.2549
273.895
125.816
109.003
73.0794
67.4049
134.757
76.0231
88.3261
89.4813
46.4735
82.2363
46.5394
250.642
148.925
70.4469
34.0985
35.8288
95.542
64.9011
114.396
103.287
70.3173
24.0729
107.19
40.3378
96.3019
91.9121
53.7215
92.6287
204.777
47.5027
127.159
53.0286
201.24
50.8441
124.698
172.396
48.9079
96.3906
50.4082
192.894
35.102
60.8035
173.112
212.88
28.0035
93.9587
46.3356
55.0424
93.7338
42.6046
303.594
301.786
46.9913
54.1254
164.945
108.869
107.527
46.1584
134.698
279.973
66.9821
346.437
285.514
88.5052
44.4236
49.3234
86.4635
115.278
142.431
172.511
21.6346
48.3206
38.9061
60.9861
26.4789
51.2671
152.279
221.413
24.1453
84.3657
150.52
28.358
71.9191
73.1702
139.418
116.987
113.105
43.8656
209.614
59.9504
85.4944
281.031
35.9014
149.66
115.619
156.066
74.9923
43.9565
86.4776
129.385
94.9329
172.143
81.188
49.9814
34.8818
59.7785
64.7458
121.527
58.2292
165.075
297.071
65.765
110.024
68.1627
66.6945
56.8317
51.1144
51.4923
160.842
110.478
32.9079
57.0803
120.534
111.534
79.9147
107.72
111.763
149.249
75.1982
38.2371
102.353
106.197
37.1113
48.2631
55.3573
214.348
84.1059
58.057
117.033
58.4714
137.956
106.303
90.2621
44.0385
171.515
459.765
49.179
37.6546
40.1651
45.0438
67.3922
137.071
36.5952
18.3363
247.96
69.8433
108.419
102.533
100.745
228.421
149.854
26.9216
71.5881
190.513
153.157
36.06
53.7597
166.471
155.324
66.566
258.734
178.622
105.08
135.398
78.2928
204.474
85.6117
293.666
52.8872
77.9024
56.5041
80.5264
153.854
225.777
96.5707
222.385
189.738
122.557
153.03
430.882
87.8289
47.6336
42.8052
108.652
116.257
44.6967
42.0294
66.6369
161.803
31.9699
56.1397
216.958
43.1252
87.3863
150.485
52.3761
34.4082
62.1255
86.8829
101.365
136.797
59.6224
69.3416
25.1611
163.315
50.0694
37.5048
45.9442
139.149
48.695
86.5429
164.278
69.9505
184.097
23.0432
56.5756
195.192
76.3382
101.433
122.861
45.4863
48.0954
118.991
74.0208
141.619
59.5448
48.3372
33.6496
225.705
69.2875
250.911
154.166
59.9764
66.1666
119.257
86.9877
78.0896
77.1722
30.2533
75.5751
88.7571
140.717
140.317
76.5582
121.817
34.3478
37.0816
113.662
76.3965
160.555
203.025
44.9927
132.623
85.2802
187.446
71.7515
63.9058
181.851
147.843
51.6429
177.252
107.162
73.7501
41.9282
106.828
63.9962
141.135
40.8135
182.045
211.189
173.644
74.0511
83.9923
85.63
44.3492
151.931
72.0366
50.8929
54.5685
70.1423
50.8529
108.976
154.402
164.188
35.5773
75.8991
128.364
102.896
120.697
67.7391
119.517
77.3133
46.4611
90.8409
42.8216
98.747
29.3503
70.052
87.7657
273.549
88.9302
71.8018
70.1054
74.7723
64.266
69.2966
96.4951
95.0685
26.864
112.038
40.1967
246.484
104.389
85.2087
99.9531
114.563
177.379
199.574
87.3055
95.9104
37.7538
56.0002
37.5828
54.2964
153.661
43.4885
162.666
45.7661
165.031
207.649
40.813
111.05
62.6554
158.325
47.4665
254.592
35.7297
44.3707
300.546
58.1192
74.0943
47.5897
205.825
121.011
37.4502
177.093
82.9811
65.6583
66.1097
63.2781
73.0351
101.835
56.3135
31.8662
124.337
146.62
84.4908
106.29
39.2858
74.7167
72.9287
87.6703
104.106
98.7754
71.1498
49.3023
110.986
93.7971
244.107
121.214
127.203
167.61
163.053
146.351
60.0273
203.483
102.826
113.476
58.9779
110.428
95.127
122.58
130.53
78.5138
150.14
158.588
55.0197
42.4985
201.747
199.668
81.4459
76.2465
92.3369
51.229
50.0891
75.0856
75.4175
17.2177
52.1394
205.242
42.1818
42.1869
160.781
78.8464
141.432
50.8478
26.1283
90.5599
85.0583
91.7606
22.1505
82.161
253.47
95.2785
177.366
70.9328
68.4991
55.1366
41.7834
97.9053
103.25
17.522
108.737
221.493
60.2945
67.4289
56.3511
130.336
89.613
89.0502
192.292
44.3825
66.6865
92.0523
111.304
73.2416
23.3834
136.577
165.805
57.7942
156.931
161.894
69.7986
67.2142
100.4
300.164
100.622
129.973
49.626
98.5629
234.191
93.2907
54.7974
48.5931
163.722
61.6035
97.5815
23.5142
303.064
90.6655
45.6835
127.557
107.844
184.58
77.3542
168.347
162.998
99.3451
154.052
99.713
87.4822
642.925
72.8331
58.3795
135.257
51.8122
116.73
76.0625
108.004
115.239
67.3659
97.0654
77.8447
36.5569
32.0279
54.5302
187.008
121.118
180.307
85.1339
84.9274
50.3538
97.0938
180.188
214.854
54.2596
62.0602
229.113
180.467
84.2218
96.7141
87.6481
69.1802
118.495
86.9557
85.6793
45.3378
45.1558
215.399
261.229
24.4138
48.7505
69.4789
139.799
92.8008
88.6929
86.6616
114.625
308.73
133.606
178.83
70.154
120.155
69.5962
62.1009
130.639
45.6812
47.5917
140.341
90.4772
72.8113
88.7901
172.55
72.8818
96.4709
70.3935
92.095
37.3454
38.0526
32.8312
73.7412
109.911
82.2789
338.553
44.2688
46.7691
25.8547
12.9731
66.8799
219.945
256.453
191.24
31.7238
50.5498
112.148
92.5559
141.629
158.218
107.784
49.8938
35.0389
51.075
77.0945
33.0985
84.5012
237.629
131.73
166.031
67.1548
73.048
89.9693
198.812
87.2346
130.43
54.8883
51.1821
146.013
66.2497
47.5656
157.767
75.4809
53.9361
166.356
160.442
47.3192
130.953
71.7672
57.9164
207.439
79.4141
212.441
99.1907
54.6678
166.255
103.153
305.183
157.685
140.565
48.9057
96.9801
66.6688
47.51
158.274
60.6116
142.842
57.891
66.7718
88.174
267.089
147.681
134.353
227.956
109.231
75.3504
85.6127
36.0751
84.3077
114.227
28.9118
82.4663
222.844
35.7769
64.0996
110.464
307.349
39.622
130.426
83.4616
39.9446
99.6598
17.9153
59.3781
61.3476
88.6082
86.1864
44.2579
191.634
131.341
46.2066
59.6378
77.8773
86.8761
118.426
68.0092
64.4967
79.5586
273.854
30.759
33.338
32.4121
169.809
42.0269
77.9467
31.7376
82.951
74.7115
89.2051
235.024
129.537
134.875
56.7107
53.8007
22.6879
168.827
114.431
172.91
131.438
44.9056
79.0894
65.5789
184.57
27.428
227.331
88.9886
43.2864
139.464
65.9632
29.2523
93.6242
28.1909
86.5173
119.112
41.8013
52.1099
300.046
107.201
146.937
78.9674
26.0517
299.341
56.4342
88.2957
61.9411
105.327
225.711
212.977
66.0196
42.2573
85.3518
55.4115
31.2908
43.2306
78.0019
88.9747
81.9517
218.685
130.991
91.845
153.755
179.693
78.9442
83.619
59.0869
84.8023
122.024
61.9405
141.468
93.1898
104.113
49.4372
79.6315
141.59
129.644
65.2369
125.414
176.329
124.189
109.223
62.7844
110.074
32.5633
133.346
130.449
135.913
89.7974
123.19
132.761
156.167
26.7784
207.708
174.485
29.6757
131.689
139.256
342.859
94.2288
91.7825
101.833
106.898
141.48
40.1359
45.6275
120.269
87.8063
45.2994
72.1426
98.1952
47.9172
36.806
78.5285
50.9284
302.794
204.098
241.812
58.3805
92.0929
82.8474
47.5234
130.131
80.5426
51.9406
80.7028
84.1645
58.2325
157.707
20.8238
94.8653
81.5598
157.989
64.2412
31.4382
85.891
73.5757
49.6074
117.136
52.0232
61.115
43.2293
52.8694
94.3487
91.7782
48.9435
186.763
91.3154
186.104
74.6204
190.574
181.355
27.9295
86.0328
189.973
105.293
89.9019
60.021
106.102
60.6095
255.689
35.0692
117.193
74.8579
97.5658
54.5544
63.5702
141.013
47.7116
58.4054
54.8633
38.4498
149.306
83.4454
36.3137
31.9152
130.555
114.445
215.94
102.294
119.808
95.5886
65.2088
51.6426
25.7173
54.6739
181.927
246.119
119.171
163.968
57.7714
35.0217
167.427
88.7525
32.6761
78.4192
76.1249
125.53
90.7061
239.351
96.2738
68.9611
35.2107
136.539
249.254
30.7137
34.8671
142.279
66.5555
97.411
82.4257
221.19
75.6924
192.119
76.3211
51.8252
52.1363
194.004
44.2068
45.0284
122.785
99.1929
61.1073
436.346
116.748
281.483
222.394
330.807
68.4835
35.2162
102.057
119.098
53.9361
174.146
114.988
198.797
97.885
156.038
100.233
53.7659
143.235
215.151
74.0802
110.569
118.391
276.517
430.33
43.5018
215.724
32.0092
106.524
94.2174
86.8698
72.1663
99.9524
217.025
42.7267
103.603
128.792
124.212
52.3469
68.3929
108.603
35.9329
72.5852
146.915
105.455
59.9652
45.9
58.7382
82.5082
63.3518
169.085
123.383
122.889
52.7191
119.4
69.187
111.692
99.2945
291.716
37.0267
38.4771
141.482
94.396
63.6429
276.248
56.4646
78.3342
71.3986
26.7176
97.1136
216.441
26.2454
192.184
191.349
261.003
36.2053
63.6593
80.3674
223.278
19.4192
177.563
81.9092
226.817
47.5927
49.4638
76.4011
91.8199
226.915
71.1969
129.091
60.085
66.9662
85.1359
153.367
53.8818
266.126
43.3961
195.792
28.2157
150.14
201.661
46.4696
71.2504
256.867
96.4026
229.645
294.858
101.166
19.6026
25.1009
60.7243
182.293
72.1342
61.852
83.1283
45.5964
49.1845
103.04
194.45
45.4948
60.7184
473.12
57.6094
21.7034
49.6801
93.5727
138.055
81.9173
42.3067
60.4313
37.1965
160.621
83.1218
41.3498
81.6574
242.757
54.9305
96.8972
169.986
109.505
118.652
251.29
113.45
61.4942
347.967
73.7083
93.7244
65.2442
46.1627
185.331
68.9001
73.4114
289.817
450.232
60.6547
130.795
147.795
46.2301
117.439
165.953
56.8535
116.511
30.3094
66.7992
50.6999
95.8783
57.4689
65.9442
85.3523
80.1317
198.514
45.5086
145.218
51.2215
208.831
82.0219
119.687
111.97
89.8394
52.7859
81.3807
193.932
58.0899
106.792
54.3039
102.636
58.7174
172.457
78.9766
57.4979
49.372
110.82
104.425
64.757
223.008
100.43
47.2311
53.8799
58.004
72.5607
79.82
31.3806
79.4634
150.975
98.6399
84.0751
30.9557
273.016
25.5515
189.033
63.5507
33.3569
193.139
409.787
131.287
257.349
124.275
19.4335
49.7493
45.2802
134.04
103.279
35.7116
202.269
24.5483
60.0472
94.38
60.3271
129.85
84.9162
109.92
130.9
31.1328
95.6308
78.128
177.509
76.1508
24.551
68.0281
71.4635
128.265
42.0055
65.448
129.022
33.3234
40.0202
45.3167
236.243
243.954
69.7804
105.543
50.8071
302.672
129.848
75.8366
299.953
149.711
105.283
144.447
54.1417
465.787
53.9978
28.2658
161.398
109.341
100.115
96.4569
31.5021
22.0503
64.039
341.788
283.345
134.734
137.148
86.1183
63.1447
65.4506
56.1032
39.4244
54.7788
89.4043
54.9011
95.2937
552.078
73.6687
128.402
86.6649
148.921
104.77
53.1547
74.3327
52.2254
95.8234
94.1205
119.124
108.381
77.4264
81.7319
121.372
187.424
233.319
81.7696
190.347
40.3498
45.9328
97.2616
87.2724
55.8814
49.8599
50.8315
70.8856
145.629
50.7678
105.559
231.058
123.131
183.049
188.769
174.597
58.0987
201.769
102.932
65.4701
114.179
57.6332
89.4454
65.7542
44.9668
70.8766
107.093
274.06
109.315
67.0659
67.36
289.255
95.5471
51.8707
45.7675
59.9297
30.5158
43.2289
201.315
40.475
34.5386
148.004
135.327
146.858
76.5207
63.5764
70.6721
55.024
57.2798
90.2292
132.885
121.133
193.538
64.6686
39.2318
97.5948
139.435
346.302
32.0833
183.271
385.052
62.9554
83.5007
115.249
229.224
154.53
45.3559
171.065
107.014
58.5164
149.169
231.649
130.065
63.2059
152.937
97.627
97.0537
42.3029
180.331
174.308
70.7498
130.62
52.5283
99.375
144.609
127.747
37.7715
105.856
145.473
46.3416
139.959
98.4383
211.689
121.759
83.9683
66.3361
206.133
109.048
216.566
88.086
70.6582
80.9047
49.391
73.5796
88.6441
40.7311
180.927
46.7408
115.069
68.5385
82.2217
57.2844
33.6854
101.271
46.5602
97.3741
54.2888
80.1579
168.849
80.1598
222.905
53.2281
148.746
185.643
70.4101
132.233
97.377
162.344
185.038
28.3641
98.9496
272.931
199.247
119.592
25.268
146.656
57.7979
27.9915
208.344
111.709
219.4
106.934
32.3961
366.904
44.3262
71.059
149.326
52.5164
95.1943
28.9825
74.7455
75.229
159.863
191.601
39.9633
46.1744
50.2754
319.386
80.544
134.889
115.959
195.463
120.068
142.471
124.771
64.4181
72.4305
54.6837
122.254
193.05
40.8082
48.7063
117.606
59.1276
89.4962
119.887
88.6855
36.1037
153.192
98.5839
106.149
77.0024
69.1552
367.141
90.076
56.3746
57.2288
101.696
28.6293
129.393
110.521
239.801
127.467
24.7375
237.125
174.668
42.7959
45.4096
201.842
88.9337
130.691
148.428
134.528
22.2642
40.4039
49.919
78.808
29.5968
54.6208
97.2584
81.7814
165.429
100.039
36.2311
26.0283
135.108
81.3172
39.5647
28.7553
96.9858
120.145
29.4488
130.093
116.564
99.7697
197.978
48.5427
91.9504
87.2688
70.1891
126.633
318.223
114.705
81.3586
56.5958
46.1131
149.74
39.4419
111.018
83.1883
67.1344
77.2873
134.734
46.9227
107.186
114.89
42.9847
98.7593
19.4117
35.3991
93.833
314.363
71.0011
55.6336
78.9655
64.3448
339.03
96.9504
268.098
170.95
220.402
23.4562
61.0132
218.109
149.366
88.5639
38.5772
114.197
171.659
36.6161
80.8582
84.3748
46.5108
94.5975
29.2277
80.5483
121.333
75.0834
181.083
56.9658
44.7057
131.066
141.858
190.408
47.9445
46.918
48.0094
63.4406
141.487
71.2609
72.6371
40.2662
262.195
78.0396
96.5801
188.848
97.2123
81.8006
152.423
189.386
235.27
108.177
105.153
53.5328
88.4859
105.137
111.259
56.7
32.5679
135.631
57.1414
34.5568
61.285
51.175
78.2184
138.285
200.006
168.742
34.553
90.3086
154.34
20.6397
171.787
138.606
75.4389
31.4466
72.7919
97.8401
30.8638
66.9222
59.6864
39.363
29.1614
40.7671
85.2999
123.388
122.128
78.7737
263.408
63.5777
64.7916
107.115
117.702
174.672
30.3406
98.6061
126.867
53.1694
104.568
86.0415
151.91
373.472
54.9803
43.5988
125.166
64.914
67.3823
59.9308
69.1368
106.722
47.9385
43.6507
67.768
61.2179
54.5705
53.4171
77.5017
117.728
141.227
75.9517
41.2198
59.2431
130.198
84.6789
48.3575
173.378
144.862
90.3431
62.4987
95.9487
80.1465
218.823
110.443
223.625
104.761
208.072
209.923
66.1625
47.1504
215.966
54.6235
72.1848
120.17
329.843
68.0453
163.289
59.9424
99.0868
63.5609
135.93
122.097
49.9693
28.9552
45.4229
26.0435
105.835
51.4282
129.096
384.502
59.9497
199.076
93.2022
62.4729
138.214
148.62
29.2878
38.3518
65.7809
79.2949
72.9545
64.0086
85.4722
85.5505
123.635
254.432
49.814
123.799
109.512
66.8245
53.6382
47.6167
71.4617
27.2789
48.4151
35.7008
120.27
81.8908
39.9475
166.479
193.192
113.614
167.337
225.896
129.282
283.809
133.594
35.0831
139.181
22.9963
87.6011
72.2015
57.7813
29.8856
30.7186
75.5882
98.6639
71.4099
74.6328
142.309
51.8832
76.0923
100.989
58.6698
226.292
74.2036
146.582
90.3556
120.23
71.8806
149.408
70.9935
40.6058
90.5254
183.198
62.1429
56.3685
69.1132
91.1312
58.0837
126.305
128.764
42.8215
72.2399
164.773
67.2758
32.5924
92.8701
24.2027
70.2635
25.45
175.876
85.5243
126.466
131.548
148.488
171.801
35.1146
152.417
131.576
108.286
231.075
76.5277
91.4616
109.582
56.3991
194.464
116.312
125.776
225.768
205.607
109.625
460.737
43.0101
311.58
112.751
112.071
81.1927
50.2707
153.858
20.7158
78.1457
29.4499
168.765
127.351
153.361
164.028
111.896
233.828
96.437
144.463
59.9654
102.833
38.6319
57.3352
207.446
68.7095
38.8294
120.117
95.2463
48.8562
48.6553
78.0029
53.1265
88.7203
65.9929
68.2757
58.1993
38.5452
114.572
56.1468
67.2143
77.6728
106.57
62.8549
214.397
113.547
304.521
84.2752
203.142
112.183
133.186
34.6611
255.066
58.3093
90.9237
149.724
202.071
64.011
37.2675
102.323
173.999
93.9553
229.275
73.5547
50.4933
31.4596
69.0523
36.7555
64.0879
82.2595
101.036
84.9912
91.1569
124.169
166.095
63.8959
160.904
94.6867
139.968
101.148
108.718
37.0605
235.323
90.5288
168.798
75.0326
95.7371
69.0241
59.9618
43.179
234.922
31.0484
31.4283
116.561
49.6577
75.0911
19.5161
140.879
204.151
117.047
140.075
340.434
99.6671
57.5013
258.063
74.8905
96.925
40.421
184.359
40.8839
65.4749
29.3323
148.336
37.1117
150.201
38.5642
221.722
113.566
57.298
56.7069
96.7167
112.399
122.561
146.01
206.389
81.2846
61.8064
37.4778
102.443
421.746
258.646
55.4128
54.1839
27.7658
30.2944
176.579
231.958
171.802
44.3702
99.7125
149.064
289.523
82.3615
84.0935
115.288
99.5358
138.909
98.1185
95.3603
319.372
266.523
56.3299
72.2872
79.2799
79.0774
53.0221
68.8528
32.3086
172.74
180.944
151.506
95.9588
39.4833
178.804
35.1599
92.8722
126.405
96.1969
116.796
378.087
99.1636
68.994
127.44
331.517
193.281
70.7817
135.333
276.993
75.8857
61.9555
132.585
78.5288
99.8534
138.931
236.831
75.8007
130.054
88.7907
43.19
41.5037
69.9976
54.3967
41.6489
118.463
96.9605
79.8519
73.2131
85.8398
102.24
50.8418
51.5034
94.2791
84.8461
103.261
194.601
59.9064
313.268
194.091
199.909
76.4188
100.325
30.4345
64.7026
65.1866
273.338
119.492
41.2081
112.044
40.7343
52.7808
176.899
148.061
113.863
48.5665
59.9908
82.7248
57.2595
33.0814
62.2775
171.675
41.1061
177.32
54.6216
44.9883
45.3475
147.248
242.315
90.9593
228.347
115.153
73.7658
79.4748
32.0153
113.031
34.591
116.079
51.1606
193.081
270.554
98.3494
109.411
196.66
77.3444
67.7367
167.666
63.5182
86.2306
119.906
75.5929
123.71
167.468
73.4448
36.3084
51.2132
388.495
119.902
141.244
70.4206
24.9983
52.84
214.424
128.513
25.386
60.3888
115.285
119.369
75.8923
92.0724
83.3978
65.2196
33.0557
33.8685
130.846
40.7502
141.743
92.7322
73.9478
268.228
141.636
107.245
108.874
169.499
195.593
101.534
80.4626
76.2565
65.098
129.69
65.8856
34.0451
71.433
37.3525
173.061
114.223
102.707
108.833
98.7196
59.8891
84.8622
31.3597
15.1884
81.479
132.142
72.59
90.3512
83.833
65.9496
64.6939
230.467
63.6258
40.8486
84.7179
34.6394
189.416
26.4988
53.2986
45.1639
56.2717
182.994
58.1343
61.5002
27.567
90.4113
121.173
76.9629
132.511
113.742
54.5631
278.395
43.0346
314.059
191.125
53.1555
38.6042
138.771
353.462
157.309
181.681
24.4443
153.624
74.1366
101.425
74.4395
108.097
103.93
92.037
41.115
60.1229
97.5692
141.506
25.7163
255.31
139.958
28.3827
115.567
167.288
102.117
183.062
75.7149
88.5052
94.9243
364.082
67.7371
42.6145
211.851
58.5702
65.7921
98.2645
54.7587
82.3883
70.969
28.1618
85.4308
112.063
90.0404
72.201
206.101
190.549
25.5767
63.3423
200.2
80.9153
275.73
79.2698
178.24
38.5958
58.7383
151.187
93.0177
51.8312
44.4077
134.612
103.366
50.6769
86.5125
64.9792
72.1268