297.671
482.846
1801.28
669.06
349.005
2516.82
167.007
31.7009
90.9682
113.68
80.1519
340.626
85.196
654.504
219.584
850.448
1732.53
450.052
1650.45
297.797
628.421
3386.81
199.087
1327.47
1325.87
436.667
496.695
1153.96
3042.39
143.268
654.237
1207.51
565.394
278.221
879.35
273.121
293.684
2376.19
948.975
1159.98
643.618
294.114
219.41
106.825
138.619
340.335
1973.62
1405.03
1606.57
1582.23
175.501
143.363
688.569
1802.44
2066.04
504.856
19.971
242.664
469.779
2477.83
1512.73
295.743
268.815
624.826
1309.26
87.2312
718.88
1360.18
2664.77
404.144
769.399
2390.84
236.736
1425.54
86.3434
1154.43
152.038
82.6561
150.391
188.804
50.0007
3255.19
316.542
1168.42
2517.06
180.849
31.1559
378.689
1061.81
2636.66
423.576
971.859
2320.61
177.851
2133.34
1518.93
163.455
2147.89
2160.5
399.919
1134.17
1284.92
2731.06
2004.85
47.7418
679.283
38.5432
509.424
563.391
794.916
95.1016
278.041
2320.88
303.097
908.084
764.66
2565.68
1119.09
918.463
385.687
741.947
507.806
69.1221
176.051
508.351
130.108
166.002
6457.53
145.594
56.9587
735.593
205.06
1889.07
1580.37
23.0631
979.941
291.094
310.58
718.72
517.486
198.863
1455.58
1158.77
89.8264
203.15
680.542
242.354
142.659
660.18
229.655
263.002
1942.69
461.503
720.216
112.474
364.254
1791.66
565.923
745.033
1927.86
1133.17
1587.59
433.241
43.8343
1066.19
1140.67
69.2596
626.99
67.0378
73.0813
349.636
2185.75
827.404
1731.36
536.638
4155.74
149.864
143.44
1050.39
164.668
1016.98
737.831
4851.51
2054.06
99.3711
223.269
428.555
276.383
719.088
295.48
1627
3505.14
31.079
676.627
699.651
742.658
446.77
355.219
1001.35
1299.24
315.149
109.484
1124.22
656.507
2278.2
867.216
245.358
2947.58
158.179
1114.75
71.2425
219.607
209.761
622.09
229.251
1044.02
1685.16
2514.45
210.214
398.188
789.689
707.081
1011.11
816.851
307.256
1138.69
30.5351
158.024
167.018
1146.9
174.694
39.2264
113.468
119.019
194.827
696.248
732.273
634.606
1522.31
441.655
660.715
889.094
3226.28
112.749
1474.59
814.997
473.71
2581.26
1678.64
144.899
594.306
1396.22
864.344
249.911
542.218
547.349
117.836
78.7838
229.462
44.9333
1026.44
374.796
250.117
1259.76
3673.72
2339.97
1101.72
486.442
376.214
46.8487
823.731
415.212
485.48
694.278
95.8543
27.068
943.023
1381.23
4144.43
1272.74
350.295
577.304
822.926
631.732
223.557
244.927
1327.2
970.898
2785.5
1169.74
439.642
595.348
46.927
111.915
777.149
4905.15
187.268
70.2511
67.5363
494.016
2088.78
1293.45
694.721
182.472
2379.63
2526.99
38.0594
640.679
1060.16
1031.75
620.01
2025.67
1134.52
443.355
1177.78
320.338
35.4194
35.1571
669.74
238.668
236.168
1487.04
723.587
481.756
1172.91
714.386
23.4413
39.3287
254.653
2048.53
1496.5
270.598
212.896
284.587
859.799
821.09
384.593
1071.18
411.669
64.328
3476.73
1492.79
702.477
552.612
335.297
1275.56
2078.47
238.197
55.443
3086.67
136.314
2585.71
498.547
430.557
1182.3
144.12
737.134
288.163
1579.48
296.983
366.243
530.441
103.86
1466.45
2112.62
594.582
292.808
2775.54
449.475
3559.97
135.843
997.058
1160.55
1967.34
144.539
482.321
1918.49
309.673
710.736
847.086
113.784
27.4363
103.92
250.095
273.869
711.806
487.523
698.653
820.671
143.74
2755.37
93.8365
23.4549
335.686
2779.84
1224.9
470.349
151.775
292.211
528.042
149.215
1776.58
1538.99
931.168
21.3514
53.5322
714.845
431.666
5485.53
837.998
301.521
1150.52
97.9154
667.354
1721.18
3577.33
345.65
414.804
73.7189
822.202
132.982
2057.5
1515.15
190.962
616.258
408.141
152.45
1770.41
337.901
180.622
652.37
39.2827
53.4949
1203.08
1092.5
648.05
835.899
924.263
2020.35
67.3487
130.464
163.817
256.829
404.977
800.158
402.304
750.009
495.312
594.112
564.238
476.307
292.279
1236.6
3053.57
75.5264
1925.82
466.62
217.515
175.076
406.953
201.313
2045.27
266.441
92.1928
2145.05
2476.23
541.508
219.741
666.227
108.76
129.175
1181.95
521.369
834.506
393.597
686.773
148.388
160.994
465.245
810.416
510.374
908.232
2364.76
748.991
519.56
77.3103
183.882
298.393
960.691
1064.09
3498.34
127.239
179.968
60.0889
341.379
1248.85
934.589
357.95
1315.56
1091.06
1273.65
1035.84
2217.18
2768
643.795
281.726
2787.67
119.833
246.96
922.73
632.94
745.096
507.989
88.2874
978.357
2149.8
723.717
1792.34
1297.81
99.9053
844.571
208.806
1875.48
447.761
508.557
481.953
48.3486
649.537
130.074
1016.9
1151.65
974.874
504.396
194.293
708.348
3614.09
1109.99
23.0146
2335.21
428.286
1161.4
1419.35
638.328
516.442
314.504
365.725
199.644
232.142
435.883
2868.97
40.113
286.657
1771.75
401.63
2816.53
1504.15
111.319
308.36
96.0572
174.046
1292.57
1248.95
79.0762
95.8152
421.507
326.216
2524.9
541.208
690.031
21.2867
314.524
1846.58
70.3295
96.1959
433.837
2115.02
306.326
463.735
20.2779
256.37
2014.17
1445.38
186.953
538.366
425.258
1332.9
1286.94
586.067
504.448
85.4803
361.896
82.2237
264.973
2309.14
664.162
1187.89
301.834
149.494
455.643
1919.31
799.399
105.798
180.441
581.671
1000.68
1543.48
1790.92
1278.79
233.345
25.2565
832.821
109.269
369.306
107.331
337.794
48.5646
283.451
1001.98
479.275
662.536
371.761
372.023
665.793
95.9684
1095.61
5888.82
1670.49
982.317
200.661
595.833
749.992
2855.69
326.542
601.262
3338.6
1745.49
1497.62
336.955
1605.02
241.858
882.151
618.119
322.865
107.701
156.531
517.557
591.441
1880.12
276.705
3720.51
2139.77
1001.64
271.667
540.808
115.457
39.1418
187.026
45.3829
1358.01
1194.99
333.955
894.765
126.806
322.694
386.071
312.418
869.548
2415.35
390.812
532.111
105.946
487.2
1017.42
1534.64
153.755
26.4525
1445.84
2464.5
412.462
2635.82
667.049
327.702
322.961
297.643
2530.7
840.078
259.012
1030.27
704.872
1312.4
548.792
891.226
287.183
158.309
734.24
1626.56
307.217
1588.43
102.348
1930.02
1229.23
432.947
1511.83
2707.95
1261.42
406.684
2433.74
2413.56
405.333
4292.25
885.406
312.125
109.596
461.13
417.095
375.193
1515.14
338.612
600.541
641.523
239.194
659.013
1238.1
286.887
1266.61
346.925
126.178
1153.97
14.8551
2805.28
707.668
114.72
31.0982
1289.66
299.689
538.524
171.602
225.792
324.395
735.441
610.354
494.983
168.428
1893.99
167.552
1749.43
1045.55
118.532
2297.49
258.037
576.68
139.281
262.894
977.833
317.003
722.192
1183.5
128.755
492.814
284.719
151.851
825.438
1462.12
2112.23
1010.35
416.237
359.51
1042.16
1415.97
298.041
23.9112
1528.47
562.098
288.283
2721.82
920.104
386.794
48.0151
2965.69
1288.55
430.488
1681.23
1302.96
477.479
1759.24
2638.73
221.701
1954.66
313.018
2099.33
501.772
725.448
637.025
827.034
211.625
49.2704
14.6124
23.1377
1111.88
790.816
594.154
958.347
203.824
2894.24
370.382
409.174
435.662
1536.13
217.265
22.6911
225.814
442.601
922.075
969.844
381.814
3669.51
105.773
897.968
52.7612
231.19
804.08
220.333
1104
784.593
1800.65
961.743
1284.03
1763.77
694.142
18.0792
1779.04
2494.37
1086.59
1613.5
2353.59
65.5304
349.716
658.504
39.1705
946.661
1722.72
1968.79
211.578
358.695
671.855
529.791
837.703
1373.04
951.695
383.986
127.062
489.613
311.788
444.621
184.676
34.6344
155.809
789.682
390.94
706.428
766.566
559.767
780.568
398.272
1397.58
1087.04
175.042
535.825
1968.98
775.23
1107.87
681.747
3191.23
748.927
2371.63
1683.88
23.0041
227.2
1534.25
645.897
1062.34
762.885
321.796
862.165
125.574
27.1969
994.622
1276.27
1891.22
533.671
922.332
502.86
992.143
236.702
483.947
784.596
323.387
130.138
757.28
973.571
2179.73
186.116
748.2
197.149
1656.12
773.859
625.128
201.077
448.091
993.775
280.678
336.08
1105.97
208.412
2294.17
283.031
375.518
1232.52
876.505
138.626
695.244
411.19
1503.09
849.564
267.329
1021.62
506.227
1598.92
1338.56
412.514
341.045
2050.88
57.7
1234.6
47.8218
963.729
135.729
927.126
166.1
258.775
588.777
433.734
426.57
64.2096
488.584
792.85
146.742
179.053
385.248
41.9813
386.251
123.176
324.614
49.2856
304.155
278.393
23.0777
38.608
2959.83
163.833
114.093
1022.89
369.997
514.971
886.767
89.7654
322.127
2316.32
1674.98
83.6096
165.794
1271.94
2817.13
305.67
684.945
845.178
1402.12
746.221
839.267
157.902
789.938
707.906
494.039
501.034
667.526
985.855
18.7104
1154.35
410.081
2834.87
223.189
47.3233
494.187
950.394
1471.73
623.004
138.922
1031.35
330.908
2482.79
50.7694
642.163
134.722
1287.67
470.153
415.721
988.32
992.056
1310.87
508.869
4015.16
200.437
466.354
1075.27
849.075
673.119
3177.26
1355.57
73.355
461.049
46.8634
3076.84
913.012
312.485
388.479
522.309
30.3688
145.146
85.0138
83.3582
693.862
865.022
216.884
1562.15
632.969
591.78
234.399
674.91
1282.82
1760.15
178.297
2230.61
540.682
828.904
81.929
643.04
1333.68
1801.66
735.676
645.908
861.102
175.612
1719.83
99.0993
3111.91
891.072
201.545
1613.95
1158.05
165.13
38.5918
194.86
158.743
1910.06
151.218
385.114
1610.94
568.003
26.9506
1141.23
692.817
1077.44
324.75
31.4588
242.99
924.2
565.413
1282.39
52.0247
888.451
402.902
1942.4
3149.46
493.421
594.269
457.796
732.277
80.034
1302.78
2409.72
359.052
118.669
744.031
90.4989
1636.33
334.697
719.712
580.033
910.293
694.203
439.552
183.537
373.015
408.026
347.514
1189.58
509.24
372.956
1280.94
270.526
244.907
142.882
1109.76
2161.8
22.5897
316.124
40.5089
2383.89
1978.45
354.107
968.91
215.781
671.719
1444.22
1798.16
38.5577
13.9441
652.433
1012.6
203.92
2103.44
1868.17
248.069
674.158
25.8599
674.404
340.793
842.652
976.669
684.888
275.755
109.303
2926.02
997.97
546.366
413.401
2907.21
1140.88
519.161
6219.91
326.291
143.271
410.696
1112.9
116.938
650.053
406.484
686.469
18.9158
3266.76
63.1913
1175.43
372.066
665.997
238.155
29.6066
822.118
162.768
220.469
1878.75
58.1546
1225.03
76.1625
1698.29
1542.68
1819.03
1709.44
275.344
1232.49
987.238
595.452
460.188
64.1835
785.891
198.203
240.381
459.839
335.242
370.027
2486.67
385.36
85.6625
2058.42
1494.24
307.388
745.475
598.651
79.8312
836.644
1662.31
1959.28
226.317
59.1261
521.446
135.483
945.686
106.998
2475.02
74.0613
1177.72
77.7566
3335.88
261.65
241.104
114.399
93.9504
594.073
821.43
30.8257
26.1142
890.635
41.3955
1390.11
724.152
545.51
370.465
131.909
419.186
76.8061
75.9386
1163.93
1419.39
277.282
1328.02
1240.39
94.2577
2262.02
836.573
1840.29
41.8496
729.083
671.883
380.935
22.7371
358.931
169.417
1415.27
1819.13
1594.21
715.195
416.823
989.18
1173.55
291.812
492.009
1354.68
323.253
508.989
932.828
1550.45
892.513
260.612
136.775
162.385
108.318
409.331
257.722
429.966
498.688
29.439
665.219
71.5368
397.933
1753.72
545.442
2773.62
910.233
704.245
624.895
209.656
1476.45
313.21
900.183
273.601
767.683
2096.69
692.316
173.15
16.0318
136.04
714.563
1511.56
1731.06
1299.87
105.277
420.819
1380.37
112.401
1080.67
379.395
3048.27
27.44
183.222
68.7749
67.8184
477.338
133.014
539.248
1568.1
738.894
1243.32
218.185
761.055
152.398
161.375
663.989
337.639
2479.81
920.034
152.343
499.703
4351.86
150.635
1460.04
499.343
420.399
598.539
226.148
2069.82
333.199
1256.2
791.124
878.635
616.505
115.07
87.3963
1180.89
138.008
4042.18
487.368
709.496
3506.71
2014.21
892.495
321.358
24.551
560.867
73.2837
1876.92
480.004
1665.66
411.941
514.429
653.555
1392.46
389.346
1157.69
973.067
251.494
116.121
693.885
1043.48
3389.06
775.909
3417.1
722.491
348.067
3317.46
775.11
294.125
1274.69
1271.31
448.019
1121.24
61.3976
103.289
2076.16
421.041
635.533
794.033
850.854
520.987
659.69
2108.08
268.922
54.8691
320.727
14.9102
2129.21
691.212
512.224
1448.42
620.418
155.887
596.273
181.353
1716.48
466.315
3036.9
639.549
544.235
1621.49
625.396
101.968
1655.43
542.747
1219.49
636.813
1400.81
1076.46
1708.53
31.727
524.312
962.131
126.992
680.447
378.209
286.41
2893.54
521.442
100.43
1613.46
1858.9
289.975
990.697
810.196
743.654
370.035
1039.07
399.832
1492.87
491.145
952.967
936.978
123.306
841.973
989.781
2330.89
51.5977
283.726
1931.9
908.785
39.3731
409.061
692.58
206.432
580.3
337.832
59.8497
608.918
438.382
122.247
662.466
433.199
447.969
1128.68
922.088
1156.22
1411.37
1622.1
427.687
427.421
48.9739
171.924
745.234
29.4289
399.043
1780.68
218.34
70.9353
244.303
244.049
2037.25
632.662
488.011
747.103
1914.6
80.1008
1962.46
333.537
1069.42
212.58
77.6223
2202.61
196.932
629.414
2809.04
301.259
176.113
30.75
428.152
108.065
1168.81
151.591
3072.44
244.151
569.54
287.557
419.467
216.849
1299.25
273.062
487.251
983.823
186.304
1579.35
1239.4
982.946
1072.12
1385.81
97.7071
1176.1
1598.05
963.337
1541.52
288.552
1444.29
229.858
701.265
639.589
1646.19
17.1162
117.001
984.212
565.382
775.379
2071.49
3225.92
371.376
2387.38
4743.85
505.28
136.98
534.093
415.612
546.168
267.918
359.827
572.591
528.194
650.626
437.07
1091.94
184.346
652.168
1629.78
65.6452
671.314
871.007
291.735
507.16
436.487
411.54
1656.09
2130.58
317.235
1498.56
1514.84
636.64
1537.29
1096.99
490.806
1351.06
1509.27
963.408
499.912
866.135
383.416
284.745
24.431
1147.08
18.814
1767.54
232.589
318.089
847.717
423.718
879.873
129.871
190.3
39.4794
200.48
489.244
856.745
211.693
613.291
165.587
1441.14
63.1053
1484.33
1054.88
428.408
901.743
993.611
64.2002
3845.37
722.87
3474.58
965.174
289.998
571.878
149.775
348.466
233.857
1014.41
1645.05
875.286
243.453
1286.84
493.476
921.1
105.936
239.619
663.413
2952.8
575.521
615.383
3283.16
681.67
1383.15
6522.32
943.676
88.2636
1625.78
612.119
1439.34
227.029
1329.21
1004.43
692.739
195.511
1254.78
1637.4
1361.33
333.07
203.906
1196.28
21.3848
848.688
242.154
348.541
528.33
375.53
2240.67
1592.73
113.834
285.746
431.56
55.6869
512.079
121.955
761.996
322.339
144.6
154.849
1747.54
55.4634
329.477
138.427
652.07
274.585
866.201
508.59
25.2534
1815.09
1186.47
415.12
281.3
1766.4
1850.62
568.402
385.934
107.421
24.3961
104.979
312.216
92.6338
446.965
989.969
279.732
146.991
129.895
1858.77
180.663
936.759
4380.03
156.266
352.625
148.444
1467.19
66.5165
750.867
1502.53
2201.25
200.968
529.865
1197.72
796.198
2493.04
3674.78
389.549
1412.12
476.747
180.446
953.77
297.604
308.812
1485.8
503.449
585.318
328.667
494.624
144.756
193.974
1320.59
62.6313
65.1923
759.964
1342.99
2545.79
7960.27
1282.42
137.298
65.8445
763.036
756.519
367.269
2681.82
23.5834
189.706
100.268
1776.91
1929.98
727.856
532.816
1073.47
630.306
96.9757
877.409
4562.83
944.721
1368.96
191.767
498.392
706.406
823.01
1265.61
324.704
1049.74
779.905
23.0827
948.071
1005.71
1242.78
177.464
127.384
492.024
162.452
903.435
1584.09
1138.91
979.907
142.456
107.281
515.775
424.115
126.736
1588.08
431.734
1691.25
533.137
1120.9
373.568
5853.53
6233.7
147.385
971.449
126.344
138.702
819.981
945.952
414.437
4875.66
480.388
1711.84
895.918
1130.52
778.057
497.013
537.755
266.681
750.35
360.811
1912.07
753.265
1866.46
728.442
725.414
385.206
157.639
806.242
672.223
88.1305
812.196
981.856
2637.31
89.4516
361.299
573.269
231.312
92.7461
981.551
2587.56
289.596
1194.94
535.203
341.065
461.691
730.145
469.574
516.335
351.486
409.514
1111.48
122.532
2864.79
655.003
129.757
770.754
963.697
845.712
710.52
404.352
1159.93
445.615
784.561
409.486
609.729
1082.21
297.274
197.453
408.947
957.292
378.11
207.098
919.895
122.369
71.4432
131.534
366.793
1717.9
147.855
227.543
117.429
62.6092
396.108
497.768
314.705
423.558
141.528
830.999
171.302
999.671
128.473
6569.2
130.351
723.69
774.889
81.6069
58.0221
995.324
2163.28
1039.09
1563.11
180.944
1012.48
1061.02
669.975
899.713
310.403
131.412
150.812
691.749
2032.45
639.314
32.3801
127.739
528.741
286.506
737.367
1328.33
246.684
307.521
1402.96
218.887
388.384
1494.43
1728.9
301.004
871.039
851.953
864.881
114.543
1107.6
282.562
173.437
419.8
1040.57
195.849
876.52
1673.83
479.085
960.19
64.3395
269.065
1752.47
1632.2
471.558
2473.53
809.76
507.462
16.582
387.137
1095.66
310.936
860.29
416.76
1741.92
526.973
2742.69
112.561
361.54
61.8185
65.0854
888.217
357.249
304.132
1419.15
572.12
776.705
1246.72
153
1058.78
354.238
178.854
1819.58
352.904
618.08
1427.55
1769.67
201.785
284.827
1542.77
1054.69
362.767
430.264
422.862
2295.51
732.615
812.626
550.355
3939.95
1794.77
123.801
217.538
452.49
591.807
151.726
191.196
437.325
1074.11
165.201
219.958
330.282
1698.65
2719.66
93.1864
1001.08
881.464
132.319
951.943
881.361
319.99
2209.67
258.539
612.34
1289.09
123.299
1443.47
99.4426
29.3141
575.041
41.2109
162.219
1308.76
247.529
233.348
616.074
2570.83
618.909
487.44
403.758
635.284
1128.58
576.419
139.394
564.479
2516.99
1758.39
1962.19
343.539
563.358
402.809
352.042
2377.67
326.288
549.292
682.404
590.486
1245.89
774.281
146.365
112.135
1340.32
905.808
1346.37
372.088
2311.2
97.2936
273.302
406.006
1250.47
1297.28
1792.99
1093.37
944.024
449.224
1699.1
21.7297
381.761
2727.79
1721.23
443.721
2707.62
960.951
15.1924
586.926
130.627
996.654
1187.6
309.744
236.709
176.708
1656.49
1029.51
1149.73
518.211
466.218
736.292
1036.81
1468.68
454.311
51.1862
1171.89
999.932
2400.87
148.975
1577.24
569.566
1298.44
145.176
1539.12
1173.02
304.147
1201.11
82.1875
25.0928
91.3691
739.293
32.1744
315.351
127.803
195.332
1483.8
354.833
285.287
1630.87
1606.59
351.846
573.873
1776.75
69.6283
57.0227
1121.16
244.666
1047.45
70.4662
102.767
347.972
77.8516
232.37
241.065
2701.21
90.1695
851.971
82.518
1648.35
165.769
1524.96
1373.85
1932.96
961.22
542.687
1337.71
2270.88
346.927
951.645
525.414
466.899
1190.63
803.023
959.684
321.688
96.8224
58.1449
183.865
27.9176
34.3143
512.834
225.736
415.122
422.094
310.444
1467.57
263.035
659.793
261.245
857.927
113.003
252.563
952.084
293.891
624.186
2623.01
809.911
760.438
703.122
211.95
1333.3
1768.84
638.327
116.454
1290.35
319.824
462.802
219.531
1113.04
1913.18
132.243
118.548
474.392
3555.54
254.226
251.088
1254.73
185.116
59.4764
618.704
769.819
371.457
166.326
192.875
278.444
770.485
1243.4
1714.77
348.008
830.624
132.802
185.136
2805.56
96.0118
1563.44
1250.75
214.48
556.507
87.2658
179.583
283.356
516.986
2815.07
2082.12
2219.36
95.8824
688.915
396.171
479.831
1440.84
1253.99
352.151
1093.12
42.0834
716.743
1212.16
68.948
2153.88
3442.17
176.984
54.5415
645.048
1602.49
380.246
310.622
271.497
1314.15
173.176
108.437
157.336
482.873
240.383
640.585
971.906
145.491
118.169
87.7064
370.509
485.578
2308.8
406.857
147.227
517.735
250.287
127.904
1366.28
1092.47
372.069
1140.46
320.367
1206.6
76.6486
443.112
529.573
855.247
69.9498
915.392
610.897
1754.41
2309.11
612.453
787.827
316.573
633.847
727.292
772.259
491.902
1513.74
1242.24
1452.6
509.835
109.046
578.692
3433.09
1690.95
237.647
282.897
479.392
1168.32
66.3525
327.68
747.364
229.996
428.762
346.386
26.6076
3007.94
254.585
68.0736
258.339
373.211
377.956
410.101
2018.46
156.041
338.182
528.19
512.427
713.259
1049.67
27.1524
212.705
400.351
2185.69
2123.01
1019.18
2373.86
1594.67
576.445
213.503
969.204
1324.31
788.225
3722.94
14.1446
510.102
1309.7
1831.26
552.546
1146.61
91.1821
203.6
1456.04
233.069
1030.14
1660.12
22.4396
3787.17
1995.37
4332.48
775.697
1540.82
568.203
1729.7
822.081
161.019
1691.1
359.306
159.775
59.9539
751.496
806.039
2054.13
33.4002
292.408
144.622
1452.38
480.545
826.623
652.754
370.21
85.4575
2560.88
2085.65
474.256
465.338
870.413
53.594
535.197
1214.09
1154.31
1817.03
348.659
144.976
469.727
984.93
929.14
545.38
185.702
323.725
731.112
64.9535
338.691
394.327
349.653
262.616
137.543
2800.89
2850.39
404.93
70.3111
385.202
249.426
520.937
552.881
335.736
2210.14
296.824
154.971
85.6795
319.09
2583.15
141.385
108.557
789.922
1850.44
784.41
456.743
57.4305
444.524
176.502
98.105
2161.48
887.515
868.971
33.1418
2367.17
1324.43
1139.56
879.963
516.426
299.32
1133.81
1822.39
24.8116
3137.5
267.41
1548.39
666.153
362.334
551.066
534.338
740.392
1174.57
74.6226
133.944
1937.21
126.659
881.426
643.209
139.877
67.3479
225.133
1001.75
1645.1
50.3833
1566.14
447.349
687.61
29.5049
1343.01
252.177
146.625
554.388
1103.22
994.769
164.755
1611.81
40.5363
1429.98
467.369
370.039
1643.45
1661.86
1944.1
60.1815
3121.92
2577.59
929.339
1934.59
169.528
412.042
142.926
209.264
1147.52
1800.11
1560.2
2479.26
212.842
89.7372
641.015
1211.67
838.877
953.162
481.507
555.804
577.845
400.732
595.285
1245.36
1260.32
845.546
1815.07
278.333
157.377
162.775
1008.4
531.704
1837.58
1873.07
775.179
3611.78
79.1814
696.385
104.048
578.268
899.198
255.129
2990.55
3041.74
2190.6
764.489
2208.25
354.182
91.5749
1666.84
1087.8
209.107
29.1633
1759.1
479.02
863.766
583.474
1757.86
102.657
84.0208
555.511
144.267
1517.57
698.293
119.088
1938.81
301.422
123.385
491.316
1404.2
444.08
338.969
377.635
1104.78
260.949
235.941
747.459
1731.04
2595.34
31.9216
1011.02
971.596
150.686
1883.3
247.741
845.193
730.288
84.0529
389.85
150.086
165.427
417.767
1799.33
2322.41
163.289
293.73
1571.37
1483.86
811.78
496.587
2482.95
2712.56
67.9642
104.287
480.285
1297.3
267.32
162.478
2282.19
1805.8
4413.17
1315.21
514.749
248.57
333.765
1027.68
498.754
260.098
341.916
305.802
986.669
85.2437
384.406
587.004
2358
88.5136
1468.41
592.374
55.057
370.413
427.985
570.138
252.812
40.5606
31.1452
246.415
93.5734
471.441
52.8837
398.515
2452.79
1413.53
1183.49
163.093
909.179
193.901
2771.77
3015.07
1078.1
2089.61
153.536
1269.5
933.793
1605.95
958.908
1069.77
6354.49
368.939
106.822
274.097
101.099
630.34
2106.26
1351.46
433.324
469.135
3483.39
303.173
1279.33
87.5425
172.097
80.498
1548.13
995.371
86.4542
197.392
1865.89
180.35
1999.57
1412.14
1054.47
1319.29
285.626
557.805
2007.38
56.337
1221.28
1854.31
3946.52
786.478
462.573
596.219
493.774
995.776
833.027
1078.33
146.474
527.736
2050.03
1218.36
349.026
1698.06
1326.63
516.162
728.05
940.651
2660.2
163.874
933.42
1384.05
465.661
52.6232
716.076
207.57
110.202
125.61
106.372
919.092
1593.89
474.695
40.4562
1635.66
366.03
444.831
126.35
867.824
468.589
1954.12
502.659
1050.43
2955.95
56.2702
129.015
1420.96
103.08
1503.44
1564.07
203.265
237.235
327.762
1248.15
585.373
1250.93
541.48
166.734
108.409
427.165
372.3
154.719
2554.17
371.824
2297.86
248.238
393.295
623.068
2610.81
935.009
904.695
176.066
375.884
167.619
253.325
271.892
395.396
602.726
853.997
1621.14
431.475
2886.54
735.401
163.345
590.477
236.353
242.145
2017.69
1917.26
88.9248
108.762
1603.89
2887.65
1593.76
696.43
1321.05
40.8139
1333.41
529.523
1341.09
133.911
215.367
3978.36
174.31
925.185
39.6233
165.887
84.9137
380.399
3427.06
961.244
349.814
84.8857
314.674
179.187
790.41
332.537
95.3503
142.587
839.427
1786.71
1279.27
1043.76
205.529
74.4044
488.516
61.4094
99.6083
113.441
1128.89
2184.88
341.401
27.7873
1185.71
761.316
1757.4
142.364
494.58
54.4021
16.7519
21.7288
540.665
621.08
548.292
1472.65
26.4126
951.241
678.29
162.671
82.1739
2282.83
413.709
227.329
489.425
581.641
660.824
62.5796
862.72
3546.7
1833.98
830.326
514.029
1170.44
608.087
238.645
389.065
1004.6
1000.47
51.1305
611.494
859.608
1859.13
467.791
590.629
95.6132
618.7
738.785
582.108
363.743
161.799
168.237
523.524
615.886
120.745
5103.41
1144.21
110.482
1518.71
863.392
525.454
197.669
100.78
122.661
2040.96
2240.55
775.335
830.627
452.23
811.937
67.1884
598.116
64.062
690.494
707.602
653.616
1642.13
259.605
79.7613
87.0962
2678.46
1587.71
2437.79
96.3637
699.892
1703.93
282.058
1456.26
623.752
419.143
336.511
1811.6
1495.51
771.355
1000.91
671.678
1709.84
628.091
405.33
1171.62
761.885
396.144
1230.74
60.1509
2380.47
270.115
497.036
200.924
179.062
178.772
104.492
99.2873
1132.9
1533.33
263.463
1436.67
487.181
1106.46
2888.49
1298.36
1733.85
735.95
231.536
828.335
66.3714
57.0943
230.666
696.2
391.136
153.003
701.98
525.224
31.3064
798.519
712.271
1744.05
109.629
382.559
337.475
594.239
270.967
89.8971
469.201
486.374
327.188
1072.17
1374.77
1456.99
39.5938
114.552
1413.2
833.73
216.353
60.9435
67.4664
712.336
1205.14
659.829
95.5486
773.402
117.462
2873.73
564.966
1605.13
1997.14
87.4665
905.496
551.009
505.444
169.159
351.604
629.411
831.868
3775.93
41.9099
766.988
710.833
2083.53
465.742
240.438
453.537
477.947
933.616
343.292
567.083
1347.87
338.308
679.877
1009.29
374.412
285.277
128.723
1330.01
273.567
124.277
672.605
68.0309
168.728
571.941
1889.94
1381.16
86.2239
329.008
1335.17
634.817
436.083
156.29
1655.32
1309.37
697.111
2195.54
110.369
1125.39
566.311
796.899
1615.29
180.393
994.563
53.1423
117.889
493.68
688.878
331.205
605.186
670.75
193.09
315.244
58.5594
9.9574
294.46
1022.24
72.8347
805.247
828.357
3201.77
236.735
769.579
2005.06
1276.85
110.908
608.495
4262.53
69.4817
875.886
387.039
647.805
1604.16
628.263
2277.35
766.433
171.688
1670.9
2999.82
697.722
717.531
149.918
208.492
463.765
411.147
1585.28
148.138
1567.28
29.69
513.336
50.2032
1153.3
388.482
481.538
167.622
453.434
129.353
329.131
663.187
872.007
1056.67
233.56
335.388
65.8534
80.3873
717.162
396.927
203.889
736.563
94.4155
1985.63
1029.35
369.526
1776.55
87.556
1408.04
2855.28
785.502
3636.56
661.772
234.953
39.3242
2102.02
518.936
3379.81
109.719
343.652
1232.25
121.298
1165.65
1121.54
2144.35
210.447
369.6
148.573
1101.25
243.154
1207.75
1154.7
340.216
345.283
38.9418
614.325
381.857
30.4476
383.786
3238.06
29.8224
167.747
1129.1
470.57
548.468
107.981
317.055
1587.07
113.051
4453.21
730.484
862.708
1720.01
1397.2
388.454
102.834
395.955
458.642
906.071
1158.8
2338.84
221.587
576.275
358.908
662.942
282.994
1253.95
833.78
321.281
286.668
58.4634
51.3974
654.292
143.122
438.385
416.948
1144.4
337.76
1357.68
2662.46
143.673
908.676
1479.93
60.2346
323.709
1204.89
91.0713
1368.7
594.879
1171.65
332.881
787.684
738.586
1425.51
539.8
1964.95
616.471
67.5822
437.082
1137.33
1253.57
439.74
1004.41
1014.95
74.693
1124.26
186.85
859.075
1085.8
29.7278
2855.16
377.853
20.3142
798.39
719.824
911.725
440.897
101.209
2043.96
1128.8
185.67
220.735
600.901
249.045
354.584
165.437
808.872
1029.84
535.113
176.915
2212.41
1496.1
301.305
2775.41
55.2544
1126.74
187.723
1800.53
39.3454
1310.14
524.232
1343.2
71.6382
407.627
719.053
593.753
626
696.128
2750.74
1110.89
1135.85
2210.3
379.321
2404.48
725.042
186.98
793.314
1059.94
497.624
1174.22
454.761
1040.43
1258.5
2438.23
347.517
1203.18
333.622
1631.03
292.404
791.81
1071.79
1651.13
953.005
891.204
136.056
112.443
459.618
1506.23
1084.15
1829.21
51.5708
711.858
251.561
499.377
114.91
312.931
28.8347
559.167
952.138
1120.19
1343.85
1568.93
17.2058
70.1205
85.374
448.41
883.599
955.408
30.6262
224.747
183.86
47.0688
669.305
232.077
238.713
3091.39
550.635
1214.95
1835.9
1284.24
784.462
46.4803
2742.92
201.377
55.8081
434.261
60.6314
1660.01
626.432
48.8592
142.611
320.354
620.539
385.826
661.491
264.352
76.3185
2538.39
757.384
281.478
143.063
47.4506
353.186
1412.56
881.245
930.122
456.946
790.525
1387.46
309.273
1824.54
214.464
1265.34
443.122
176.831
45.4503
451.984
526.506
1343.64
506.183
1632.22
940.109
378.854
2378.54
494.66
451.087
848.218
515.636
4165.96
515.635
1726
153.846
549.291
73.528
104.939
1442.03
765.207
828.214
161.22
54.7084
2748.64
726.599
1616.65
729.177
2243.14
1885.61
77.4088
652.418
1632.71
60.5423
1299.31
201.325
197.728
816.785
1605.51
59.9879
39.8286
1822.82
1995.16
423.09
802.314
1235.49
220.48
203.454
556.24
261.947
3239.67
1957.33
599.443
552.372
2527.86
306.256
1894.32
1482.73
497.395
2079.89
847.671
138.693
596.776
1064.15
93.2841
324.633
648.283
222.143
485.44
304.211
710.477
427.824
280.96
376.789
1545.16
2198.22
318.445
2047.4
572.49
1305.85
12.1776
1507.84
2397.46
226.189
73.7278
389.272
491.813
203.021
1836.11
2630
631.818
291.163
1944.76
1631.38
232.19
3120.88
219.161
491.523
84.9067
3968.61
2238.67
1150.32
155.326
221.213
126.37
75.5845
31.9618
661.172
869.328
496.179
1111.92
3477.43
1195.74
1815.14
1732.39
481.145
789.951
993.417
231.923
677.099
150.412
889.709
101.203
455.034
391.344
89.2508
1339.65
1526.4
2672.49
92.2921
836.455
1172.81
482.665
459.526
679.675
1748.67
3600.92
170.145
1080.27
72.5568
595.132
194.341
255.258
591.152
81.704
205.81
2349.64
503.95
108.553
609.025
1574.93
1059.59
1033.73
25.0719
2252.99
299.62
340.495
1011.17
741.721
923.41
386.185
231.545
131.411
65.2263
436.687
273.115
1835.98
1814.05
1829.11
210.219
60.7768
2441.52
180.014
512.65
89.9279
529.525
779.99
456.46
1304.71
730.926
2093.39
2433.2
2364.98
458.641
392.97
34.681
256.526
639.43
207.117
266.924
1265.79
145.13
479.604
80.4579
346.348
1445.87
3281.24
265.967
135.527
1373.63
1535.81
986.301
45.107
1118.89
1701.19
1952.2
889.785
3064
699.228
694.778
1949.37
121.762
877.045
369.402
917.933
139.262
444.934
2493.62
580.13
38.5955
1669.96
583.757
495.258
1804.64
258.332
149.593
1774.27
505.143
396.958
1350
835.465
633.756
573.264
426.847
997.499
290.005
50.0921
325.816
613.277
308.496
2425.37
748.801
53.0872
1220.13
179.727
2613.75
2356.8
48.4717
252.758
20.7707
361.07
499.354
1179.19
787.404
953.544
451.224
577.175
244.122
116.217
129.746
709.505
227.112
248.046
338.92
2195.35
647.31
790.642
24.8444
82.1127
785.462
814.372
390.781
2062.58
75.5614
1048.87
315.38
828.048
798.179
1265.16
939.208
209.752
128.858
175.967
1406.69
582.778
31.5324
786.327
92.0472
1217.38
486.982
236.743
1042.69
1620.25
1787.7
1450.17
3010.86
1800.25
174.511
1908.07
609.042
1560.69
443.806
2574.26
2899.72
1698.36
1653.67
241.232
1482.82
1943.67
772.021
1735.43
238.091
1342.28
478.933
606.945
297.622
880.314
465.714
19.3233
1057.54
81.7596
186.304
1221.31
247.15
200.205
5803.5
53.52
1677.49
227.987
329.148
874.958
2403.33
2415.29
3456.98
849.317
730.637
1030
547.582
1014.06
2027.82
366.447
49.7733
1525.53
2435.5
46.1428
242.587
49.1144
201.761
825.433
1385.72
1552
692.95
1052.48
1147.48
73.8646
411.602
77.3902
4530.31
201.619
1835.48
587.221
479.837
398.342
441.677
1475.36
2673.8
151.407
124.099
279.865
580.016
88.7674
612.853
661.738
1766.68
1826.94
143.351
98.8089
482.161
1563.64
781
400.088
520.419
185.533
1302.92
1403.47
2302.7
312.384
503.977
790.81
319.895
1707.31
695.109
328.614
2361.12
425.878
838.514
224.921
331.793
511.213
549.419
292.49
398.782
138.68
1000.66
937.207
1635.51
75.7937
918.832
997.168
1418.62
161.9
841.859
785.346
992.864
1005.17
1492.02
287.974
1483.99
253.818
915.798
1019.78
686.403
1038.81
907.967
94.1671
1326.86
26.1301
616.003
2131.58
2483.19
596.875
905.063
137.13
1175.73
495.507
480.233
796.656
207.789
170.991
34.5787
1828.36
113.413
7.90892
1120.31
951.22
153.73
465.691
577.338
4046.88
496.876
843.738
357.502
21.8761
1375.28
40.6753
241.025
1068.25
592.953
1553.04
124.85
26.3739
398.331
17.9003
141.029
36.0406
326.778
150.742
998.006
692.374
661.486
526.26
63.812
188.828
1269.28
765.668
121.02
730.01
235.299
2433.99
186.989
1389.5
121.785
197.598
336.234
475.707
2882.54
335.703
858.223
1321.92
88.7048
415.271
1274.75
180.085
129.715
1506.09
68.4931
183.198
57.676
1785.71
347.478
760.34
157.69
75.4189
781.815
1020.78
288.125
554.042
784.113
434.847
122.206
761.126
225.983
2304.79
1210.28
2995.12
1665.84
1173.92
184.636
2154.18
2590.45
112.588
688.267
1772.35
84.6473
313.95
687.557
778.869
1009.4
1141.38
223.454
554.46
8.70183
963.25
323.464
928.782
1019.48
74.0284
752.447
85.3656
374.68
520.582
1208.11
1028.35
1486.31
135.355
440.614
153.52
838.887
755.472
439.187
2270.24
228.518
104.805
457.976
2385.79
162.44
322.717
1097.75
100.026
788.905
881.028
2121.57
216.746
533.788
1184.02
185.846
1734.98
3348.42
918.403
33.3323
1223.9
102.949
533.149
2562.19
124.126
189.151
68.6298
593.442
258.546
640.596
1008.61
243.639
725.757
884.477
385.984
32.7861
989.073
1227.69
2852.23
1888.86
803.235
101.431
501.056
3084.34
928.02
575.605
1464.85
109.765
52.2516
126.734
323.049
105.519
481.759
423.678
846.558
1832.69
174.421
594.428
474.546
553.515
480.635
691.342
565.638
324.745
297.26
148.116
434.894
2617.14
373.077
83.5659
808.831
1139.71
216.833
432.754
932.389
433.458
190.756
710.799
62.0872
39.9066
167.508
369.695
123.482
1126.07
178.97
625.924
1834.79
1038.8
1099.22
1444.81
2446.97
100.395
50.2641
741.437
2859.03
869.017
299.988
33.9795
2384.58
148.489
787.637
150.483
1827.66
2151.27
8.59409
1503.8
658.414
124.74
1453.65
148.119
3637.65
180.08
2261.74
298.148
429.174
1220.21
1087.49
1268.81
531
3988.7
553.404
1249.26
103.692
1174.78
710.214
738.017
339.932
303.131
1105.67
58.4343
674.484
1949.39
410.119
1064.54
117.123
443.844
795.628
1929.7
658.971
1544.37
121.562
214.916
728.028
145.548
122.614
1098.98
366.29
309.41
782.794
564.306
1122.01
379.407
1812.98
2282.38
719.113
581.61
328.613
839.26
37.8039
104.26
1297.31
165.534
254.045
528.073
977.766
35.6233
87.0413
2182.26
1722.71
1043.24
2264.2
1281.79
1147
384.378
26.8525
1217.57
2667.65
595.291
980.087
1543.79
320.319
50.4694
1029.75
911.186
1408.8
324.376
681.754
583.465
939.333
1540.86
735.534
976.197
3394.47
1005.5
137.903
2370.17
161.308
2202.88
777.638
1189.11
288.661
1804.33
1351.2
761.82
482.137
1735.45
489.628
56.994
1363.08
337.708
1967.92
233.038
2985.23
1352.89
3336.73
127.024
109.117
533.466
361.504
59.083
185.894
1273.72
241.53
413.64
148.621
563.49
28.9789
363.997
1004.82
1163.8
301.926
691.229
3428.02
674.409
919.406
397.463
848.414
95.2135
1181.06
569.789
39.0564
927.098
901.408
911.175
2275.12
546.172
794.469
796.784
542.959
1466.28
1333.11
562.31
97.9971
1153.1
174.78
362.918
574.421
297.147
1006.92
3258.73
322.753
419.005
282.907
444.103
333.409
839.743
906.054
1024.23
289.49
740.08
557.888
973.782
1685.48
598.901
433.045
208.585
355.992
10.9996
136.225
2155.75
475.997
1750.89
186.719
1032.41
69.1031
335.379
522.668
210.896
1401.99
139.178
526.358
706.393
211.475
1615.83
232.826
1668.82
76.2405
1038.41
200.939
508.034
99.0279
972.194
772.518
2088.36
369.276
1075.4
963.299
82.4682
757.592
163.437
328.471
123.24
289.763
1141.76
954.692
191.976
737.144
285.791
953.091
2158.86
826.728
275.88
680.14
573.462
1032.08
736.9
712.103
880.418
29.4425
44.4549
128.103
356.514
418.97
615.483
181.836
282.837
609.126
337.207
365.876
524.825
803.689
66.832
819.061
1732.27
839.203
97.51
472.101
1693.9
753.361
313.354
1180.46
1099.87
190.163
107.614
932.822
145.905
157.853
564.262
536.155
274.86
1809.62
285.86
2705.21
605.416
1397.83
162.568
347.331
1792.3
71.0421
295.029
4905.78
219.479
57.5876
1143.87
3663.37
734.452
2751.47
125.79
826.432
1631.39
1834.95
8.29735
2089.29
579.178
240.009
979.149
813.489
1034.39
916.616
353.904
48.3963
326.708
816.586
2011.64
206.729
1005.7
79.3395
1082.21
1332.86
1283.24
1410.04
411.376
180.212
335.126
818.708
720.507
121.969
395.979
411.416
2620.56
136.626
204.188
78.3179
74.1097
1291.97
170.031
896.088
98.4306
184.371
41.8003
1296.39
1449.88
148.884
779.513
1148.24
571.358
605.941
230.73
259.997
1639.92
1012.16
111.381
1216.48
171.622
610.419
354.214
298.023
614.119
943.155
192.531
909.266
88.9355
1704.68
319.548
115.657
156.901
153.752
486.036
298.876
370.285
685.786
1323.23
56.6555
283.731
184.404
1237.52
830.309
512.257
193.518
422.377
930.63
492.463
125.528
586.982
1058.72
607.479
2069.56
328.688
676.462
331.138
28.4662
40.0741
44.2271
1977.72
221.625
292.757
475.295
2667.67
877.405
697.618
1587.95
722.576
468.294
21.062
4108.31
1201.58
850.986
1005.67
404.681
732.694
235.336
65.7899
543.921
298.565
831.381
761.761
238.378
272.592
1083.31
280.523
56.3059
954.55
1784.96
1652.4
526.89
1504.85
286.649
425.112
741.013
306.612
347.166
1444.48
60.6193
611.06
673.39
330.315
1337.67
353.45
205.346
1060.44
1266.57
625.283
1638.21
729.792
170.983
755.761
1150.39
477.324
1025.83
454.156
1409.61
1294.99
454.549
452.655
826.781
508.342
159.22
93.2229
535.038
395.2
867.748
248.749
266.009
310.418
905.533
3652.41
167.96
1202.46
22.2412
13.6505
141.507
97.4164
1140.18
1435.01
1015.23
1256.62
1154.59
112.145
136.644
828.176
1932.53
2832.62
1027.03
295.312
2348.51
953.033
979.799
648.567
285.704
1907.48
1902.68
1748.28
990.908
993.961
65.5224
49.1853
76.9988
383.458
1511.77
1053.66
826.747
535.045
647.826
931.208
511.577
4268.37
722.434
385.727
239.013
648.064
1214.79
261.2
1969.49
677.74
3625.76
172.074
133.061
200.544
208.68
253.851
975.247
321.374
627.623
346.46
666.623
142.224
386.674
458.719
192.015
547.594
668.135
987.716
68.2044
1376.58
2123.45
722.263
65.4472
1075.7
249.339
1075.95
145.308
208.402
519.545
908.517
1073.18
238.806
396.394
168.413
297.559
393.485
1103.08
116.581
2968.39
59.2308
932.954
2226.24
506.401
1498.31
663.527
161.14
975.683
806.429
904.8
57.1994
1086.83
17.7723
1029.3
203.891
68.668
13.0947
346.538
43.7656
213.563
1079.69
583.721
325.92
9.88452
3507.5
1469.7
564.967
998.873
1076.13
2608.21
621.97
1587.13
577.848
377.312
1399
2485.88
393.363
628.736
1063.95
1379.17
557.164
999.626
305.134
51.4952
130.986
112.154
67.5222
3286.79
190.428
798.952
27.3349
239.9
52.9498
502.031
65.5284
2804.71
860.742
3257.78
3556.62
728.778
656.762
834.579
946.269
740.156
159.894
188.802
783.701
233.253
82.331
1097.22
107.196
855.874
2325
2018.08
1289.55
1899.53
46.4498
1161.31
1422.08
688.995
359.671
490.864
147.724
442.182
1310.54
1331.52
660.031
2665.31
171.91
1370.44
907.218
853.005
2315.11
634.384
5655.29
1971.99
395.545
846.723
418.152
185.998
1437.73
563.226
1580.26
1132.76
75.7705
218.523
62.893
199.802
333.647
383.011
644.706
529.692
699.873
594.965
1192.28
180.018
131.966
1913.74
401.088
573.736
858.347
160.142
2063.24
306.314
374.992
1198.11
220.443
95.396
343.418
1427.27
1209.54
139.583
676.917
228.137
639.226
166.26
380.981
622.404
736.612
1212.24
633.389
295.034
1906.17
5775.83
745.609
473.176
448.856
159.671
3039.19
500.752
445.446
1800.62
1543.84
375.619
85.9179
919.342
330.13
4170.98
332.023
406.048
395.834
2119.76
217.531
100.119
1268.62
288.981
787.534
428.414
829.8
786.42
268.982
271.012
2123.52
159.601
834.854
208.13
2291.05
999.458
1046.66
107.161
423.026
3526.97
617.039
164.568
166.663
198.845
167.561
1247.55
4113.37
419.549
159.401
342.007
815.797
1344.37
1216.09
745.05
1156.79
2547.33
1214.69
129.112
60.6019
988.359
650.296
1488.81
105.732
130.696
1065.6
198.338
1896.95
1719.19
1050.48
1261.95
99.7478
2003.22
461.603
249.811
1202.34
2849.1
174.756
273.678
1228.13
869.056
522.012
389.673
2551.75
537.705
2229.28
353.715
202.724
437.576
1566.69
851.853
232.925
144.646
264.513
2127.99
381.115
73.8972
703.134
1143.44
383.084
17.7033
14.0841
1624.46
292.242
1215.5
486.009
366.351
1979.16
143.62
1686.11
81.0295
1187.15
255.643
2458.2
406.038
100.173
1043.35
1090.3
39.3313
209.217
1085.84
412.595
962.741
2134.73
98.0184
190.656
596.759
155.129
2355.86
264.115
1158.23
180.594
657.164
172.574
877.49
2248.11
508.517
2287.08
4082.65
364.954
1828.91
1361.35
1621.26
833.055
458.944
292.33
702.005
119.484
413.537
3359.59
727.448
227.737
1992.28
666.817
317.716
67.2517
1719.88
884.098
190.395
2913.88
30.8485
800.801
2656.44
93.6406
50.5589
1062.8
141.248
5265.17
538.991
946.716
347.602
3096.48
1268.68
3326.18
36.6422
352.224
1547.75
453.215
3348.81
184.948
324.932
615.175
2593.06
1186.91
234.106
620.84
4578.86
679.311
1779.73
1537.92
272.94
2428.78
1386.42
871.481
186.097
806.127
319.943
221.647
376.504
437.094
473.08
1361
176.149
68.8897
169.833
3639.19
1384.67
320.059
692.001
464.251
633.494
595.543
408.53
1371.23
137.817
76.4684
1149.92
436.781
982.251
358.498
1974.86
333.701
1928.96
461.953
66.4011
1116.87
783.578
650.682
2246.32
57.6453
195.63
132.723
617.382
1028.18
50.0675
1372.01
213.598
347.225
1413.54
223.694
203.365
543.6
194.827
675.889
853.947
268.629
131.763
171.981
237.231
483.597
1254.51
2773.22
24.1657
871.82
281.83
1175.27
1072.93
1792.22
1533.05
2077.06
204.161
835.277
56.8254
211.175
128.576
79.1492
54.1742
487.569
1053.83
252.327
773.144
1050.13
753.032
1692.03
404.514
790.577
1487.46
827.58
262.061
1172.3
1741.93
177.915
803.485
27.1834
258.446
2710.11
1772.86
440.656
1534.62
416.881
2025.2
238.462
107.254
155.593
265.227
220.996
1514.83
63.524
120.659
1620.5
342.529
1185.84
2112.14
49.993
621.124
347.464
1203.77
755.191
2137.71
754.367
1961.63
621.346
278.344
191.686
1024.9
843.409
782.707
141.315
1620.8
25.2373
618.188
1833.7
1247.58
232.346
1977.78
32.425
652.928
3127.77
47.1511
502.427
473.114
160.769
194.75
612.82
1004.28
73.479
1364.94
811.123
270.587
165.674
461.135
71.75
700.135
30.3956
583.959
69.3943
640.799
1235.24
2461.85
1110.07
291.169
815.02
215.545
1820.18
1790.98
1083.17
67.8354
1135.46
54.851
1041.93
52.9722
1364.17
1102.47
247.397
71.0708
1637.75
618.813
1502.41
2146.34
860.861
73.8148
2454.58
861.932
2435.23
172.432
355.651
206.47
572.207
179.088
69.6679
104.147
4234.95
3335.81
1588.85
672.211
974.352
73.7268
78.1402
191.138
885.77
346.209
45.5472
138.863
1392.79
2607.6
1306.45
411.159
689.106
567.771
1444.65
741.288
440.826
697.986
893.816
1269.73
271.781
316.559
495.768
1486.77
338.528
63.5211
166.462
642.06
406.35
828.444
3033.96
24.1618
169.122
203.118
13.7774
443.225
492.562
514.229
286.913
1343.09
1785.98
476.171
1834.15
2304.98
236.834
1049.48
1585.53
1478.82
2124.66
169.655
1011.63
364.044
381.111
749.34
2469.7
638.092
1428.6
1214.33
487.844
186.405
766.143
343.029
399.473
116.632
5356.1
47.2749
1782.82
993.429
211.686
2176
51.3913
316.424
2818.84
532.508
344.112
427.467
610.701
1029.11
142.237
659.877
1571.17
1363.71
237.267
1738.26
262.928
243.974
845.996
1080.17
1443.95
387.274
859.991
314.82
1242.27
455.328
202.269
191.902
479.988
1096.39
657.741
282.164
478.77
1699.38
2345.96
1618.67
359.338
543.209
1140.48
1802.42
723.536
441.353
343.502
349.4
407.492
2330.07
289.388
983.196
80.2915
707.805
90.2833
5069.54
651.508
1086.41
691.128
565.923
3191.38
71.4661
1498.34
251.757
291.463
129.05
1353.73
247.184
76.4097
454.256
2686.77
52.5594
658.959
2615.18
52.0102
203.655
158.734
1386.05
1934.14
11.2666
584.224
224.025
381.633
801.671
564.657
556.701
1668.62
2101.03
40.6052
304.243
601.05
2555.7
2808.94
745.941
179.041
106.477
499.827
3558.85
189.075
344.547
608.416
158.521
111.29
361.658
1134.5
462.312
1993.59
692.003
685.846
1091.75
1993.15
54.2986
255.931
432.331
330.411
155.766
1754.46
3171.82
286.636
2667.25
2334.15
2229.63
104.693
299.568
336.966
278.695
715.529
127.142
109.818
1706.66
1094.19
67.3429
518.443
808.693
1735.59
836.474
636.892
1294.43
213.626
591.595
1159.23
80.7126
293.809
1022.39
408.743
188.341
1264.12
465.017
47.5036
87.8205
757.784
1532.93
389.731
3146.54
606.683
217.333
389.317
22.6576
476.543
531.747
821.642
3083.65
602.563
158.24
761.881
1117.86
2765.29
120.378
948.736
459.34
343.674
1360
135.891
1691.75
633.623
134.1
344.526
706.388
2228.1
1178.28
1148.42
785.288
699.608
48.3435
470.167
836.815
14.8228
776.257
703.903
822.391
743.98
1631.22
395.921
29.8941
573.502
272.952
1557.75
1902.32
227.926
359.31
2350.69
528.497
410.931
1708
650.878
163.339
875.728
96.5964
553.578
281.11
748.006
1278.35
502.108
1666.16
992.444
27.808
2647.75
1330.13
88.2061
174.289
634.662
1537.54
376.531
1020.49
527.529
1125.34
1394.96
221.89
308.391
230.764
174.403
19.6475
186.55
3250.42
990.756
1279.51
388.133
1370.54
415.193
674.769
533.951
1046.88
184.954
1212.5
1289.13
116.408
847.89
1093.7
275.905
331.725
1078.61
236.047
544.163
3332.97
1551.8
583.622
706.88
389.383
380.828
555.29
660.425
622.199
292.562
166.224
98.0361
210.73
1422.52
166.027
128.125
323.692
96.1496
624.804
295.084
476.203
637.66
814.134
589.904
361.542
39.9133
209.131
1120.66
464.804
563.474
717.969
432.535
292.999
51.7316
232.548
1507.37
69.4032
187.537
116.175
179.954
19.3888
339.558
660.325
1055.59
108.021
3906
68.1471
2538.24
324.859
952.332
642.715
310.291
689.001
835.114
329.465
1223.5
1763.55
1766.3
834.515
409.417
175.488
951.282
545.21
1224.86
1138.52
1843.41
367.748
1871.08
1894.54
28.1425
2932.49
446.403
371.397
571.66
2340.84
2758.16
132.908
1793.04
618.061
239.199
622.009
126.695
2002.87
632.564
481.399
261.208
2247.55
264.057
116.086
1760.07
301.321
2686.05
29.9524
166.714
2893.73
608.84
249.726
659.678
701.517
489.461
508.155
232.117
156.846
1450.21
508.813
249.77
1640.19
185.916
790.069
646.875
229.954
138.858
1324.53
1284.65
877.479
4122.34
334.258
433.098
439.995
608.422
472.329
229.457
827.453
20.3545
896.573
1528.88
243.969
516.608
42.4006
501.608
381.752
563.038
1411.4
421.617
25.0898
249.258
1236.98
275.705
454.567
888.095
634.834
327.267
2069.64
121.524
502.967
131.374
52.548
380.435
712.348
1680.24
784.703
541.484
844.486
861.137
416.868
1637.27
1735.46
602.733
893.045
1449.29
277.019
489.055
725.544
908.721
994.191
379.148
1947.07
1819.38
892.383
123.557
1325.7
1637.52
830.962
3311.45
706.661
212.12
446.435
211.785
1505.6
95.4202
421.854
95.9685
1315.48
3196.85
1045.05
202.481
1211.3
595.841
1151.2
246.283
25.3315
1583.65
340.257
21.3466
251.566
1164.63
67.604
493.075
832.995
1873.57
1702.57
30.8177
1265.74
304.364
417.926
714.767
20.9826
608.194
688.716
616.227
933.523
1628.54
179.29
1242.51
269.907
57.1972
2817.57
538.738
895.994
75.1856
1508.72
395.937
226.292
406.742
10.3943
733.893
256.228
1275.34
40.7596
517.324
732.145
1393.96
634.317
544.025
592.087
390.725
721.361
3621.49
1112.87
141.014
202.731
847.785
1104.97
423.091
201.198
508.761
350.756
638.219
314.993
2967.85
183.301
539.224
681.741
804.515
914.563
1507.84
67.9622
345.604
427.331
62.893
1273.4
1254.01
278.211
883.875
1267.79
225.094
679.929
185.906
118.902
32.3835
1075.17
1256.13
858.723
3268.42
431.678
2059.88
1091.86
268.067
1252.22
118.979
756.936
279.29
137.084
1252.07
199.083
345.804
187.24
96.7755
54.7841
577.83
843.081
88.1856
646.1
917.601
4293
3146.8
1431.36
1171.79
754.679
633.384
412.211
526.49
1913.97
2085.93
402.612
1218.64
3567.25
634.71
562.348
363.708
1092.5
381.137
340.749
289.881
1058.52
1403.89
94.5472
310.883
1267.07
1228.95
1300.07
1131.61
459.614
790.919
94.0603
721.496
453.737
2606.67
635.63
509.205
505.073
696.38
180.517
254.111
138.413
482.767
453.313
1100.18
867.908
135.048
312.845
1313.31
84.4679
369.148
2619.6
412.578
732.126
605.51
60.5992
3220.95
90.014
1231
158.275
132.234
2816.97
1276.51
3705.82
1255.25
254.367
164.396
662.632
987.683
538.527
621.908
34.7385
630.665
583.849
908.754
191.854
1444.72
784.354
65.7968
811.606
993.897
165.877
282.688
309.534
219.168
19.9534
837.483
310.712
103.744
59.9917
719.111
1533.61
2239.81
494.838
510.393
541.858
678.339
147.559
28.915
198.559
1803.34
2796.78
1467.72
627.721
96.4471
491.603
832.436
166.09
629.043
2528.01
449.482
335.984
1339.63
537.219
814.869
64.3872
1816.71
121.279
277.845
126.755
1160.09
100.258
1553.36
1073.83
417.493
1544.49
1433.15
1117.96
218.713
693.123
1719.44
308.251
276.516
2092.6
1687.83
1112.3
2835.93
73.3493
147.96
1046.98
329.763
165.939
793.158
522.874
562.753
210.701
97.6713
242.182
874.367
891.513
129.81
469.089
937.868
7.39516
383.508
1477.09
157.956
669.269
179.63
1595.83
2703.97
453.894
2621.94
840.289
20.5072
482.936
312.489
682.819
103.997
315.319
190.688
161.467
393.721
1298.49
577.179
124.104
1380.79
712.541
1254.3
191.63
185.672
236.369
2644.6
325.121
467.742
209.554
880.664
239.622
329.497
2103.96
495.626
490.541
366.526
4067.37
1361.09
1602.37
24.6526
1188.15
158.221
1231.3
21.1991
1339.08
145.459
632.083
2376.06
182.378
114.961
319.052
422.746
1237.13
407.709
273.987
791.564
1066.55
1009.74
232.564
1368.68
293.544
360.196
837.909
1705.92
1612.22
170.197
389.352
161.818
196.855
246.186
5032.53
2888.43
978.622
612.26
1646.21
1592.07
271.069
365.91
868.385
1259.04
99.6114
131.141
1182.9
583.22
392.91
392.263
35.4004
538.286
1925.84
347.127
795.953
65.6539
23.5721
77.5106
1165.95
1275.34
233.999
1514.95
137.361
1527.25
131.23
374.59
18.271
968.976
1257.73
1965.83
225.84
608.943
407.897
1752.43
730.379
562.012
330.765
368.721
665.154
216.762
325.325
515.219
793.453
807.372
750.32
1233.39
1821.99
1309.78
1037.09
1049
213.724
620.113
19.6912
880.077
488.118
2928.1
76.0544
1715.15
101.336
1717.92
133.215
1735.96
1185.92
211.343
465.03
108.259
746.332
666.754
193.116
174.505
424.568
113.236
1104.89
1011.68
1319.65
55.8902
2181.89
989.92
1519.35
560.11
1274.37
596.789
1268.66
301.441
718.106
56.1133
1877.42
1118.93
634.235
620.089
100.441
944.365
141.773
1944.29
1874.76
178.075
334.849
1263.77
31.3723
1055.05
878.223
335.317
853.093
619.032
168.238
584.165
1838.34
84.3098
1297.72
502.675
196.786
1420.29
1913.01
675.667
1586.85
1670.45
685.317
328.052
813.951
172.12
219.403
636.763
321.837
914.261
3700.06
314.507
459.64
136.407
75.1361
522.486
1394.49
183.307
93.7767
156.147
232.289
1067.42
86.9181
591.298
2486.94
1029.73
218.689
264.454
548.905
172.174
43.3583
78.2775
283.912
51.7189
407.752
911.071
294.818
557.427
1354.25
979.881
2146.13
1015.87
538.672
480.581
123.274
86.349
2085.95
1349.26
124.671
649.454
229.377
1661.39
1456.16
162.987
447.657
59.8321
80.7637
4199.19
540.213
801.208
340.301
114.533
522.235
152.52
791.115
132.957
805.364
1308.06
279.166
580.153
546.302
52.6594
37.3155
2203.24
273.65
475.509
2012.68
670.352
87.4482
577.575
1870.64
2447.05
274.099
536.456
1912.99
37.873
1105.65
997.788
194.279
66.6501
781.48
873.425
403.046
1534.93
365.052
2091.09
1006.92
2266.4
194.55
92.088
1598.58
57.9317
208.923
686.005
336.696
1016.44
182.362
1206.48
705.757
218.685
2777.76
98.9025
103.344
1236.27
640.988
129.441
164.261
114.126
1144.6
961.777
199.143
218.707
1484.99
360.447
467.79
938.197
436.468
700.083
792.615
532.253
39.0742
2113.69
2259.33
375.571
2196.7
122.999
188.483
263.07
700.79
490.071
1914.83
1326.78
436.489
1550.33
19.588
1617.58
389.567
1290.61
90.0446
1155.87
197.519
525.706
937.578
250.977
1723.05
957.272
1827.84
716.453
1669.1
313.094
337.063
165.036
1283.8
215.744
524.968
6028.34
98.9614
187.66
1127.93
462.137
3123.21
625.747
2185.62
1562.63
275.869
480.888
381.462
14.3592
1407.49
395.997
1665.76
348.34
939.7
1722.49
137.285
380.153
498.575
311.425
1367.21
452.525
760.036
914.471
816.27
343.205
3077.06
982.843
107.118
90.0657
510.361
370.915
316.952
88.7164
1159.9
412.743
2315.25
514.326
1269.66
1897.25
437.778
1265.76
73.2499
277.377
956.168
1159.38
1036.88
985.055
398.579
5419.43
54.8261
110.611
844.841
567.833
506.801
500.038
404.582
119.214
284.969
1113.96
426.924
396.771
816.529
62.9485
1994.8
440.188
343.002
953.563
975.353
1826.92
567.72
646.529
1189.13
336.267
90.7686
137.556
1371.99
562.046
861.963
957.442
287.986
44.7779
97.1698
1647.5
1763.07
597.908
752.654
136.89
269.492
4354.37
427.16
36.0582
3121.29
1535.72
69.9333
789.751
460.899
814.309
3581.17
135.135
1275.51
1332.47
1258.67
1008.4
450.921
477.094
74.3553
708.331
1713.72
228.067
1528.46
342.122
2185.39
711.617
40.7148
231.44
48.2326
177.855
738.056
216.759
489.33
636.578
226.748
231.955
55.1112
234.862
754.923
3290.52
847.047
1747.94
1001.05
592.041
1028.96
411.307
605.512
440.737
238.011
332.388
2509.37
813.077
2722.77
3342.33
877.839
492.155
819.146
205.092
528.683
846.491
1015.08
446.074
546.437
659.719
2574.95
391.646
352.645
50.8227
109.542
1625.26
480.179
1161.91
246.214
397.653
395.769
913.093
32.0635
303.715
518.919
1119.89
253.651
527.247
615.518
1095.37
17.6541
1520.72
329.705
357.91
877.608
2797.18
25.3336
855.808
85.6797
21.3408
164.291
184.092
78.8338
194.187
114.672
919.471
920.57
1320.6
181.859
215.034
266.758
117.373
1154.87
938.625
776.41
77.6354
1366.83
1187.7
605.405
350.261
633.072
1732.19
126.247
464.11
60.2051
812.095
1631.85
241.652
669.583
274.928
1007.33
58.7004
84.9478
2701.17
465.6
1207.74
56.7157
195.128
46.9389
403.036
764.602
847.374
794.707
767.515
233.045
3530.79
253.269
1290.38
2102.08
394.956
1162.26
2686.11
1431.7
416.162
760.773
2196.37
865.372
179.199
952.028
1438.25
1497.74
1424.45
1141.05
335.692
381.698
293.933
366.007
424.072
1772.36
378.45
628.215
298.729
282.485
140.34
553.152
42.8603
197.833
69.395
100.576
421.234
81.0864
1511.21
1162.38
624.088
518.547
2465.9
885.006
230.661
1025.57
683.301
3258.12
1376.72
1900.8
34.4453
1102.92
1033.29
297.705
222.031
494.734
1859.39
739.416
202.977
1193.97
138.167
342.442
1865.34
1006.48
642.821
216.021
248.389
890.065
763.66
336.71
148.88
1560.37
434.646
807.227
650.943
248.669
284.333
685.32
335.734
578.145
723.018
285.95
760.707
229.64
2347.27
297.293
849.198
96.0704
31.74
397.454
357.836
356.972
43.3913
164.19
1256.87
841.737
3129.27
12.7335
667.599
99.054
498.855
299.541
118.814
64.4518
752.348
2234.9
710.425
72.3708
2427.68
312.663
251.411
719.987
135.406
1578.94
211.385
14.6982
799.8
109.841
1617.55
105.635
900.708
489.37
246.578
217.792
316
425.832
316.57
103.077
923.381
632.454
982.848
286.144
20.6405
671.981
125.044
2017.39
266.621
3437.15
507.971
951.865
341.857
106.85
778.367
904.685
403.405
1394.62
501.621
422.514
671.168
23.6819
589.957
86.7563
106.943
1019.02
445.215
1304.04
1136.49
868.365
59.516
783.25
115.599
265.18
453.589
2391.75
585.22
243.311
1719.9
1045.55
1316.79
2292.61
503.899
547.511
557.474
676.645
1021.15
1325.24
11.8871
531.035
904.922
906.514
956.275
551.145
1583.15
69.237
417.738
703.337
1211.34
704.468
4201.62
648.304
1631.04
270.25
2064.4
434.312
2476.74
510.047
1038.89
191.536
1797.55
325.63
852.897
154.038
155.534
781.886
479.648
1399.86
1217.77
1192.3
503.607
1386.31
168.33
716.323
402.661
904.324
853.589
241.139
566.533
1300.47
679.085
62.5883
2008.5
985.16
117.777
237.879
3085.93
2862.61
92.7515
1829.44
111.993
217.365
2479.1
63.9439
420.396
985.18
190.825
98.2554
709.844
979.938
395.238
116.129
162.166
168.697
103.724
1466.61
1415.55
2668.13
135.616
564.478
314.278
187.851
846.726
573.799
1734.68
1240.94
529.784
1018.75
179.282
926.618
463.182
550.232
1190.64
61.2072
125.839
529.063
297.77
140.881
877.309
91.1255
135.001
453.655
3622.72
299.162
251.905
1806.85
273.167
122.731
220.133
726.619
701.301
401.77
389.517
59.4119
1688.54
299.327
728.554
1380.06
1548.76
30.3745
193.724
412.42
442.174
122.717
1826.62
546.257
257.011
376.413
386.466
674.023
845.873
495.715
969.479
149.514
517.271
1415.61
639.2
822.014
367.768
1152.84
2294.97
1342.97
364.558
671.3
335.379
1020.28
430.421
2501.62
2606.87
790.303
513.511
1539.92
153.148
485.621
782.201
41.8365
426.58
572.391
362.795
50.3503
219.754
1812.63
361.799
949.232
985.401
764.91
2682.38
515.217
56.6834
31.5684
1609.62
214.24
111.824
970.586
50.3999
150.492
1010.03
1393.77
1385.43
1677.93
817.186
506.346
498.698
492.561
263.582
133.975
266.955
314.893
1494.89
694.318
53.8891
494.494
1379.09
127.703
559.888
1810.63
342.299
571.169
4292.24
289.783
107.098
136.839
30.6463
174.428
2746.12
165.487
326.419
309.354
326.833
1745.19
3015.87
185.949
637.339
713.604
1430.88
417.022
443.812
35.6532
111.177
157.225
196.825
1682.64
158.755
1227.78
783.382
137.205
189.521
182.674
1552.74
915.33
464.069
437.18
1130.33
722.968
52.9009
192.785
37.0653
63.5041
1297.95
523.723
16.3307
1036.97
2513.23
1602.67
781.335
42.5907
1646.34
1226.03
60.8111
214.947
338.577
142.049
341.821
256.117
652.107
127.726
336.804
725.481
405.993
400.904
74.624
909.442
1737.35
247.616
407.63
1960.08
531.407
419.68
1083.02
721.891
2113.4
782.492
1095.92
336.577
363.957
406.119
871.747
221.986
216.447
170.918
51.848
275.568
2951.02
278.861
432.285
639.551
147.337
407.551
397.692
1601.98
1503.53
1198.34
84.1477
1757.1
889.559
622.043
1464.3
84.751
322.439
502.844
351.781
510.139
669.666
166.802
201.279
412.195
1223.08
229.295
113.747
877.98
511.702
140.026
1304.03
183.721
1848.51
241.915
335.632
414.242
284.217
26.8817
182.503
923.719
1969.72
745.047
717.522
21.4978
1464.91
194.359
493.342
2549.28
34.6053
365.005
1309.46
1060.22
930.063
682.911
312.363
1584.08
1984.23
37.3337
166.261
65.9256
175.79
1276.55
9.64484
220.511
116.895
235.109
687.607
1956.78
546.052
3455.84
195.486
184.85
478.339
390.818
1613.94
614.413
441.621
2541.38
170.673
132.421
76.2242
1242.28
620.295
1974.33
342.641
22.9919
181.861
327.988
641.174
154.949
858.291
238.252
42.3467
933.183
1275.15
1219.69
70.3673
1092.24
67.5261
1364.18
509.685
222.75
366.56
179.532
393.139
2264.46
1431.98
619.909
103.513
1247.15
819.514
386.681
655.312
1227.04
460.968
4246.95
2625.48
477.51
11.8742
2383.68
2045.27
2230.71
740.227
100.673
852.161
1996.17
386.034
458.765
349.91
497.013
222.807
944.542
1431.52
248.991
528.658
704.716
483.483
134.085
764.705
1181.2
564.094
1077.39
927.289
452.427
299.403
524.436
1121.01
168.519
271.79
1725.52
1009.64
1525.42
641.832
1494.82
132.443
71.6732
193.658
81.3856
27.3039
487.355
409.729
72.1216
1717.9
278.853
925.565
595.559
1577.21
145.585
1048.4
667.203
1256.16
237.759
543.358
78.6743
201.682
436.84
485.628
3150.71
265.517
357.875
636.855
525.944
27.3438
812.168
2512.79
1068.41
48.2407
192.374
850.94
1416.16
37.042
478.88
630.068
921.795
1143.14
400.137
434.311
712.169
179.589
1484.25
19.4045
3023.48
2061.85
366.497
332.586
528.129
167.36
1250.84
661.373
263.485
1024.1
990.651
217.399
195.604
346.221
603.748
2662.17
519.36
1027.48
1278.18
154.563
272.512
357.807
376.964
690.135
186.841
2129.48
154.32
254.329
68.5114
342.928
14.0126
1114.61
929.865
27.9638
460.498
3444.57
529.586
918.868
1355.51
446.03
303.937
27.3636
686.326
96.1967
346.208
980.017
916.225
466.417
298.376
118.474
175.615
522.487
98.8925
1055.85
701.644
1085.59
728.131
1588.09
2429.64
1756.98
356.634
422.163
688.154
546.654
29.3348
205.659
131.207
500.356
61.9431
3399.09
729.136
80.5245
25.8545
154.823
451.743
363.32
241.782
743.673
267.059
225.904
3913.3
139.973
890.457
227.651
100.009
927.779
269.323
126.983
1227.93
3777.48
935.95
343.596
1261.25
73.1213
60.4055
678.594
269.586
1023.42
686.948
456.464
1242.83
502.45
48.8364
270.661
278.131
50.2787
333.583
16.1183
556.053
515.557
1414.22
358.557
80.0676
1532.9
2441.78
2575.34
981.967
2249.57
711.428
1181.34
36.4553
556.11
1157.35
3571.42
277.924
762.409
640.653
813.333
917.816
261.049
192.689
18.753
131.388
22.5743
199.217
171.191
1709.21
143.333
46.8202
431.992
1054.67
1216.75
1668.72
1210.66
120.946
360.05
1347.95
712.004
210.585
909.69
17.3477
165.643
128.014
336.187
774.152
269.85
1798.91
1597.08
3418.09
854.115
2327.98
1560.32
37.134
561.001
371.333
849.652
1355.35
752.645
1107.25
596.312
1324.83
507.051
1698.64
433.782
1610.16
44.48
942.779
2318.15
775.547
119.383
228.5
730.094
876.94
146.852
613.553
189.937
374.225
67.32
45.2759
1834.24
1787.26
276.566
147.521
2467.3
866.804
266.727
155.72
69.4074
622.544
442.672
216.822
394.337
1141.15
484.827
1221.33
791.549
250.281
251.164
1353.05
95.7336
169.604
2720.31
474.892
425.087
1798.16
592.965
878.201
1424.47
1405.36
2347.13
196.598
221.415
1064.06
70.2465
463.005
98.5007
1693.8
769.904
50.3966
1080.04
105.035
1602.53
1411.02
62.0467
42.4664
1152
632.83
136.462
1086.51
1841.59
648.764
709.292
1041.47
281.48
490.003
935.367
1251.84
552.34
231.992
278.498
219.41
1344.24
377.046
1347.2
35.4085
982.194
1139.24
30.6286
2153.85
147.289
28.268
369.002
65.6163
884.01
2397.09
355.107
800.105
108.851
342.95
227.398
790.862
619.302
55.2222
1065.28
3451.43
355.913
138.728
1079.81
244.046
634.005
1582.92
68.6508
597.396
271.096
605.567
455.52
540.487
514.816
496.182
27.9726
430.166
277.046
1993.94
936.942
211.668
592.575
981.893
365.957
2878.08
1660.54
505.137
739.735
159.541
450.539
522.648
772.18
198.943
467.736
65.8332
111.485
378.874
508.865
457.774
534.388
566.316
793.817
999.879
174.195
72.4016
442.386
50.2132
199.303
3383.29
2401.59
4022.8
469.184
144.637
2639.71
63.4891
428.352
343.635
1434.64
1366.13
727.253
423.912
251.529
105.15
200.415
126.771
2867.09
310.975
249.324
380.692
1017.23
834.212
679.647
2658.17
1733.61
1291.73
222.184
520.401
44.4932
18.91
1752.13
250.185
1272.21
142.378
877.023
438.072
2303.69
123.494
801.902
1877.38
1166.6
123.241
915.312
146.689
434.795
250.442
870.787
1507.2
353.809
82.2353
1338.23
739.955
2205.97
113.092
942.132
981.608
1802.2
953.515
960.546
1915.12
752.875
338.643
1190.28
717.215
33.141
162.848
918.434
19.9422
572.817
1347
163.057
202.808
877.024
247.047
217.895
1096.19
84.6357
25.3598
364.684
847.575
216.907
2164.04
190.216
1582.74
69.1768
87.9323
549.488
372.353
334.557
55.6875
152.162
1252
223.776
959.705
542.344
716.272
835.513
228.354
2272.65
686.365
656.887
2599.57
1730.07
1411.48
287.162
481.636
250.318
959.929
335.659
311.262
224.639
165.438
685.509
407.246
148.57
353.068
1177.61
3288.66
401.042
20.6794
2629.74
1114.23
2170.96
14.1932
965.827
247.797
287.451
238.579
152.369
431.287
1012.27
603.713
1721.59
710.276
400.321
601.904
311.844
60.7629
258.363
145.282
935.931
754.594
161.091
2319.12
2179.88
567.832
489.914
3905.54
772.452
34.2295
1474.85
477.383
1362.93
3402.89
1093.38
1802.63
1390.79
115.082
113.079
96.0101
1459.2
803.384
754.097
1508.37
221.727
506.95
281.636
678.834
624.443
2365.56
95.9953
1076.52
41.4448
1474.26
567.893
1258.27
1452.33
2633.09
159.066
1204.18
843.907
627.435
1348.51
3453.59
314.126
2085.64
1871.23
160.538
1969.59
2382.23
157.418
178.723
984.723
368.534
334.266
546.633
418.624
309.929
5199.83
2179.3
1233.66
248.351
40.1861
1746.42
49.2385
350.367
1233.87
275.38
106.323
1004.83
2398.49
1087.87
669.872
2620.59
128.235
568.634
1514.05
80.1245
524.043
64.8215
448.145
290.439
778.015
513.705
634.077
137.237
271.777
310.644
285.692
751.631
948.879
4720.7
973.788
1590.46
291.516
879.449
980.192
358.646
173.762
683.586
1090.72
119.144
1538.4
320.628
665.611
423.539
2719.53
119.134
390.506
2277.72
2151.66
66.6067
956.916
1832.27
1241.53
237.191
411.472
256.784
622.388
311.886
442.963
78.5096
1550.84
1125.43
677.393
823.913
708.604
135.999
10.8448
369.064
71.7118
2042.13
834.949
672.211
955.86
495.014
730.929
206.902
1037.03
2194.71
1653
1205.23
298.979
11.8781
2632.23
612.307
2267.98
941.032
1645.28
3794.79
1684.41
197.071
492.603
168.31
775.886
1593.93
543.912
1106.39
1814.43
282.906
743.576
1139.78
2064.14
513.052
1023.29
1544.43
1407.33
1075.85
185.638
305.16
136.772
923.2
1913.35
534.576
11.1171
474.756
1011.68
344.153
562.246
428.301
116.85
202.129
341.726
725.598
579.951
48.7612
255.773
1141.8
402.977
981.243
1220.85
88.0561
889.08
43.4862
647.937
1136.82
842.645
613.695
618.804
173.1
663.592
1614.96
110.272
892.736
65.5854
227.761
837.051
1361.51
176.61
822.471
333.464
299.763
3815.32
347.783
516.014
433.979
36.3593
677.781
785.203
755.002
124.893
38.8521
1290.34
846.471
2290.06
455.743
1634.19
29.1078
2052.14
1596.06
1038.06
914.494
701.053
273.952
1454.86
2334.96
1886.94
40.7779
960.027
53.7523
1245.23
739.012
513.387
1606.13
316.346
53.1002
1107.87
165.541
534.833
1579.43
498.562
1187.4
165.402
288.939
389.478
1526.83
619.584
235.9
830.256
330.212
127.982
236.634
200.759
837.248
1043.69
2409.24
1802.69
121.751
860.717
472.509
803.203
50.167
607.608
824.163
139.024
1720.47
431.818
797.06
168.245
443.118
1650.7
438.562
850.437
1963.29
841.508
11.553
158.475
1436.26
269.534
97.603
1541.82
195.883
1206.03
1451.87
443.296
487.279
152.54
80.8478
722.72
198.04
17.0936
1019.65
335.711
104.917
1217.6
1530.15
462.272
129.635
178.298
369.807
744.588
568.137
541.118
1019.7
839.054
216.833
1511.69
2109.69
486.613
167.457
573.315
204.262
1450.27
2937.02
2426.03
1329.76
2084.04
1206.81
601.172
2370.92
427.646
78.0627
130.347
1585.21
235.271
61.2641
663.964
408.069
33.143
798.087
28.2471
460.34
220.705
1828.38
104.1
2506.95
680.515
65.9828
1608.24
542.488
378.002
1409.41
263.528
407.696
462.533
528.965
60.7972
2636.62
236.424
1083.78
430.541
1602.15
657.944
41.4826
1703.91
702.851
180.584
557.421
319.026
693.995
507.542
840.963
276.392
501.563
53.6906
155.949
98.052
1246.11
138.746
125.13
659.292
178.965
124.592
99.8652
776.001
1678.86
2852.93
302.074
1864.18
26.7098
235.831
3824.51
819.487
903.253
34.9473
819.154
239.401
587.832
399.239
1572.65
402.994
1630.2
898.923
67.2461
79.3608
151.607
1153.56
201.482
292.124
1459.66
207.765
90.9742
913.899
788.478
2086.6
1724.04
170.739
376.345
400.515
271.629
360.612
840.361
1188.64
587.545
1160.11
877.28
327.12
543.312
902.567
1230.41
1044.17
468.183
293.409
3038.75
98.9124
137.077
61.8277
289.039
611.403
436.404
940.458
222.868
771.089
144.379
399.849
494.786
202.764
101.067
123.099
151.126
431.402
2045.67
1151.46
1858.13
900.459
1060.5
388.868
461.114
254.465
4151.34
379.382
54.4079
108.052
516.308
155.845
2229.27
430.818
76.9588
62.8283
123.997
512.268
1227.74
816.838
1044.51
1272.39
1450.98
1018.42
778.232
3078.13
1101.7
2819.71
1609.16
380.024
98.0202
169.299
1976.59
2283.61
748.667
276.827
2597.76
1907.23
1730.23
1480.7
1666.46
2065.59
76.5153
1211.17
104.822
1376.76
146.76
728.088
78.7195
258.283
1601.37
387.056
788.476
301.4
749.843
2076.27
67.5152
527.457
541.667
1150.48
516.291
401.307
510.421
3219.98
1049.01
2852.82
317.251
1835.84
1841.26
311.739
457.401
1472.51
515.757
398.729
126.962
10.2587
2521.2
426.34
235.362
849.351
496.338
427.677
273.833
6230.12
413.292
148.964
3034.07
129.481
1316.94
575.088
381.343
251.71
759.826
1865.16
1012.62
1427.81
1960.41
204.647
602.567
498.093
941.211
233.022
415.129
301.327
72.3146
78.5594
213.638
206.81
798.073
271.489
283.605
693.505
4490.25
1260.08
808.17
873.058
362.9
63.8569
12.2864
759.807
1406.48
1505.82
1844.5
181.421
967.566
687.726
230.317
389.577
2173.11
1070.13
1551.4
1024.36
1177.98
988.233
506.682
1280.03
294.892
168.463
46.8439
552.558
2031.33
374.185
16.9415
600.942
768.577
672.873
195.131
2433
1778.19
395.196
277.629
161.411
342.601
360.003
1190.14
538.088
112.692
967.601
1126.29
58.1577
466.64
280.917
2456.69
986.111
1182.78
85.9588
663.731
1310.86
1520.24
387.332
3925.81
492.486
461.564
131.481
1694.99
803.309
270.169
2428.38
1097.32
1398.22
1307.79
485.948
1879.86
134.909
1662.03
1922.2
649.699
443.812
247.374
245.322
767.467
187.894
351.569
173.514
647.969
1222.63
557.424
110.851
1170.38
961.046
516.655
792.851
499.236
1610.07
335.756
37.8671
38.845
145.293
288.381
2396.43
338.116
137.598
252.913
564.253
753.858
468.595
342.673
632.301
1746.25
615.814
60.5067
32.8596
1173.45
548.651
703.472
625.843
662.66
65.1624
230.929
15.8232
1469.77
67.9456
87.0979
253.587
943.851
3390.95
41.6917
79.421
1212.7
942.505
349.14
96.2499
325.748
112.711
1178.93
91.7719
807.425
2008.18
181.854
2312.4
135.535
426.296
438.302
1448.88
39.2461
2907.85
1695.21
289.087
39.4739
934.305
69.2727
455.665
753.259
1438.76
151.921
31.838
493.712
995.564
869.626
118.319
1296.33
471.379
1460.28
50.0077
1060.74
15.4699
1346.83
28.4531
292.79
353.005
541.159
470.384
1265.89
862.479
3364.22
1789.82
441.246
1229.94
134.24
358.59
90.4291
271.637
2044.73
96.209
1005.56
313.827
2600.86
951.897
21.577
63.8002
2314.78
237.099
152.417
1655.16
2886.22
362.44
185.041
984.498
547.92
1617.02
1163.23
72.2002
1804.99
107.504
559.197
736.268
2944.23
517.859
489.564
503.07
1448.39
659.584
74.4037
2342.63
173.836
1694.79
1013.78
371.391
180.701
425.337
2081.56
528.089
960.716
1165.25
1459.81
190.22
176.104
1389.28
682.965
25.8814
432.82
1221.2
117.336
278.019
697.387
270.869
929.507
60.4319
273.72
1173.58
1498.66
927.705
459.801
682.824
1758.99
216.854
719.687
258.411
264.935
139.02
1084.26
158.984
314.255
677.613
1831.51
1495.57
1288.79
1251.34
1089.68
559.996
2611.4
1008.87
110.35
40.9037
259.241
232.117
1495.65
1342.75
780.02
85.9415
1540.74
1879.36
1137.64
51.4919
3007.74
872.561
559.271
607.861
404.388
92.7157
618.705
625.99
1327.34
100.072
522.52
368.882
33.7327
506.32
2751.19
53.4404
3571.95
2612.12
285.242
3627.59
92.5551
1953.95
1632.97
7385.13
714.785
95.6207
1041.38
706.814
450.924
1845.08
90.0089
92.6154
530.496
1541.6
322.448
180.318
139.395
1514.7
444.047
968.796
619.859
4007.38
1865.05
333.147
852.27
189.605
134.499
1257.58
274.683
2092.59
750.863
1819.45
136.306
913.973
93.3798
234.773
3387.53
858.345
3557.62
1382.86
126.689
418.531
511.526
373.28
318.098
897.107
1278.22
240.787
58.2707
145.374
26.1793
759.572
647.764
477.281
289.183
556.135
438.762
705.764
433.467
599.006
184.729
797.064
1080.59
51.0066
2968.6
2360.76
629.827
481.253
1168.93
257.128
285.937
559.551
492.487
46.365
1307.09
115.498
3026.4
875.942
325.408
172.621
330.287
829.815
593.726
341.578
350.143
2228.41
997.191
314.677
517.674
143.298
336.964
1522.01
288.032
104.994
2556.47
193.704
719.299
1291.68
183.186
523.221
658.216
2371.6
153.001
554.802
800.38
1431.83
37.4243
678.553
806.79
754.616
1811.13
622.377
575.945
2219.06
117.293
441.114
454.427
1141.52
248.73
2143.52
15.2986
771.839
178.627
147.755
998.58
846.199
1714.83
536.03
165.406
924.639
1967.67
293.806
579.814
227.486
414.893
1622.99
82.5463
609.404
441.918
21.846
15.1069
1188.74
2338.64
266.67
725.287
257.673
364.278
2036.59
496.531
75.556
41.6777
260.914
1350.2
82.8992
1313.63
342.914
17.7939
840.313
115.069
29.3975
74.9043
486.47
974.139
12.1811
3350.95
827.553
958.95
248.651
470.136
1964.74
207.17
639.517
651.849
1078.01
314.754
2910.79
219.42
129.163
132.714
290.409
1408.9
77.5267
44.5364
401.992
92.7661
721.762
343.458
1079.55
3337.08
219.531
518.917
1283.23
456.908
160.735
253.965
74.4222
383.876
118.757
426.899
1131.02
200.825
755.381
363.002
485.587
475.87
1014.52
329.12
767.096
671.195
1182.71
2431.5
796.73
140.953
34.2594
245.257
2028.9
50.0116
792.362
283.972
851.622
1862.23
404.614
291.447
996.487
474.825
4022.2
1832.17
366.019
639.931
1244.13
766.292
1027.61
115.506
612.098
1823.52
3867.54
98.1615
797.26
86.942
527.475
25.8426
40.3615
1869.11
168.837
2315.04
406.767
1315.59
4757.02
1808.06
998.922
608.594
574.216
2450.54
951.99
4361.62
492.292
570.612
191.488
273.21
1934.48
1774.88
181.015
3010.15
586.355
1309.58
756.774
218.999
91.8982
813.402
184.453
16.8588
328.502
109.133
1471.07
427.584
549.902
376.598
1832.92
987.262
311.571
2610.12
1054.06
594.194
469.208
76.5672
113.015
395.896
586.987
3210.66
941.558
167.948
1766.04
742.844
1404
234.364
875.844
884.061
655.227
2301.25
1218.57
291.159
401.469
123.591
360.439
1398.23
315.229
213.628
231.163
688.073
76.6223
402.65
290.532
315.938
1071.24
168.702
888.353
1945.84
3243.24
209.715
807.129
1054.01
1793.46
1322.21
1373.88
552.685
690.074
185.22
1375.56
209.797
236.33
1997.86
230.968
89.0306
3022.21
1243.77
1841.39
23.7202
817.968
36.4721
367.159
304.513
435.923
606.594
78.7321
21.5434
176.445
418.438
547.753
823.185
519.431
2174.66
299.937
101.573
334.65
478.337
494.284
119.875
108.992
304.465
60.9481
209.402
737.2
2062.83
639.88
430.322
47.2377
855.774
1060.52
97.6809
559.888
355.992
276.636
901.951
1778.97
630.23
988.831
2251.19
1829.94
1591.57
548.029
4898.27
534.066
1178.07
641.062
1035.25
584.897
1002.71
177.679
1804.53
91.8383
582.08
1086.49
1275.12
246.873
84.0853
2438.85
913.109
94.3302
699.314
1226.53
659.618
576.972
386.527
1828.03
134.403
53.9732
299.921
454.08
629.69
142.007
389.41
1069.81
501.804
249.24
2183.66
41.2191
882.922
50.0907
1036.18
301.628
1255.28
2828.33
82.0144
1182.65
23.4883
1295.37
37.9608
2208.02
58.0424
254.075
510.887
1825.95
1470.26
423.7
1342.64
100.242
1249.74
2144.75
1184.38
99.5262
537.035
1120.7
412.356
323.358
88.3749
1281.98
2061.61
584.497
664.402
110.305
18.2687
335.894
216.293
992.861
782.222
45.0478
258.21
389.484
1158.89
3039.65
5789.69
881.19
1329.77
1728.86
415.608
968.237
870.471
1190.88
2517.77
268.256
119.156
253.158
238.796
1461.84
444.774
812.328
325.05
2207.06
199.891
141.831
72.3377
1063.74
135.143
70.1529
86.1003
827.049
22.2599
310.009
915.869
562.808
2043.63
1102.65
1163.54
466.089
17.0037
798.273
4221.13
56.1626
168.769
561.129
48.6725
213.736
149.328
776.308
150.668
40.0876
2538.16
435.882
117.06
80.8519
344.942
877.024
493.901
760.786
561.156
654.287
1114.27
912.588
219.465
877.717
345.363
55.1866
1079.6
431.3
163.063
266.383
271.066
1397.25
295.445
1153.96
1447.18
656.656
253.38
1135.87
587.896
97.719
549.015
193.617
97.2918
409.199
690.727
62.8223
764.064
813.705
2677.84
477.78
13.8741
754.006
358.275
2483.63
267.258
172.964
94.0653
634.035
2936.5
2340.4
1091.26
772.842
2366.06
1085.66
53.3571
471.787
644.717
913.546
1515.78
387.688
1251.35
590.087
1043.32
1547.42
1512.08
61.7409
35.493
718.868
303.817
1315.77
239.787
235.389
521.692
61.2657
2677.01
77.6227
471.55
817.881
1501.23
783.947
2554.35
257.092
157.611
119.088
1453.81
215.778
444.468
586.44
639.639
45.187
670.964
459.689
381.391
16.1293
415.138
212.607
694.163
1521.39
373.452
957.149
186.923
46.609
705.646
530.903
931.946
490.483
285.339
45.5026
121.535
539.822
5515.09
132.036
62.0778
1895.66
314.712
236.35
362.019
1530.65
118.77
169.121
91.0109
842.832
114.921
174.504
602.857
9.88409
1221.2
714.431
1393.88
22.4185
166.439
939.785
150.356
2432.76
942.183
1297.48
85.5948
1344.97
1681.18
1560.24
521.128
487.226
242.769
928.44
15.5062
63.2456
122.031
1160.41
698.432
116.24
4359.46
703.143
1152.69
928.77
1157.72
625.676
189.136
547.321
257.719
1226.14
469.244
1369.87
703.727
1360.11
140.25
2444.75
470.048
482.294
562.166
370.575
436.812
164.947
920.476
217.881
292.605
941.882
99.3495
557.758
642.701
731.545
1654.77
290.07
1285.27
125.172
273.007
1567.76
53.2679
52.0499
243.584
794.669
62.1384
1683.97
507.289
1288.01
1309.27
9.53726
88.1154
1823.63
3088.99
278.057
1412.5
322.537
179.725
968.992
909.831
319.817
493.242
2424.14
728.21
258.355
1910.96
485.622
414.851
496.858
1415.19
198.188
202.687
1740.48
306.508
57.0861
689.023
514.001
36.023
2036.3
360.08
195.618
2159.04
453.477
206.387
639.137
658.529
270.424
1878.73
578.825
711.83
177.809
257.3
126.623
426.46
231.738
1079.21
1110.88
851.222
829.631
554.54
185.734
508.785
797.194
503.233
6840.79
432.516
157.511
2755.74
1698.82
81.416
852.691
2314.62
17.3109
476.853
1198.46
1181.67
495.132
1182.32
962.809
3879.02
236.332
1308.69
573.604
1145.83
1538.31
503.907
459.242
1644.68
940.618
166.07
191.589
896.883
174.669
1565.97
438.792
1447.63
729.959
631.064
1229.14
780.587
236.231
1674.67
1553.1
482.548
3855.06
206.487
389.977
342.133
133.87
1147.11
514.019
2106.78
701.926
414.626
2417.13
267.781
1239.65
587.583
1136.9
1107.98
111.203
521.681
611.898
761.893
65.5205
522.232
1031.31
768.784
119.399
134.943
1150.25
664.346
917.366
89.9263
125.007
1011.65
310.559
1268.77
1423.75
1784.23
470.831
577.466
1751.42
107.534
968.737
1709.32
940.138
457.084
283.914
864.164
2740.71
578.463
762.46
310.042
3778.33
565.319
435.844
75.0437
687.538
1490.87
75.1967
2052.23
550.212
1253.95
2725.15
545.094
1343.76
766.838
181.241
151.005
26.1552
184.236
1083.74
217.98
26.1157
1282.26
327.873
2494.18
334.363
1737.33
225.147
1181.79
1925.91
1535.63
54.6185
304.242
1020.67
437.051
583.842
1082.09
54.4003
169.824
920.581
2493.99
575.792
677.383
449.2
348.998
744.554
81.6682
348.372
1576.23
527.592
2142.64
1942
1292.64
53.8167
587.148
59.7182
658.785
932.821
880.181
2308.87
490.549
1074.39
69.7301
1971.28
40.3406
2063.87
219.435
597.638
157.511
903.24
708.629
699.519
1424.92
2674.13
147.013
166.888
817.699
300.717
1643.62
131.845
1604.94
496.149
112.637
1956.82
135.583
118.196
336.232
624.332
167.741
1300.65
511.859
194.231
976.257
2124.53
296.549
1786.97
158.205
32.9707
677.218
524.871
939.461
2419.47
228.402
1451.52
215.278
618.681
1735.07
648.309
134.326
667.047
822.647
720.367
866.277
3370.79
81.0523
28.288
927.285
346.262
126.742
543.876
1028.92
802.966
129.037
811.071
917.875
355.481
233.806
788.747
134.448
48.7606
300.759
262.854
319.42
571.26
310.524
281.225
979.133
1816.07
80.3132
2033.9
1355.33
218.238
249.277
774.618
615.023
1305.11
126.981
533.422
64.3679
1486.39
902.738
3676.27
864.844
528.361
245.21
1611.48
2290.65
1893.25
87.5084
80.2143
2270.95
1433.9
1356.89
512.003
53.9612
550.375
399.601
2088.47
67.0609
676.775
217.983
864.99
579.449
612.058
899.821
908.825
116.993
425.602
1237.53
207.442
108.366
961.369
933.996
110.463
285.067
304.473
1388.76
895.523
1469.42
682.064
2272.42
83.3829
534.551
226.445
298.189
779.524
689.967
1493.81
1144.84
636.792
99.4876
438.715
746.61
81.5032
358.501
752.468
1767.03
2082.17
94.6237
133.799
278.62
36.7378
2874.23
1710.68
334.104
2073.18
1662.55
434.306
5162.47
1244.18
348.773
1907.91
535.529
236.833
1091.66
15.7615
39.416
1097.9
304.479
3695.97
1703.19
1054.1
1053.41
473.587
729.189
151.466
946.176
240.082
1007.83
657.042
517.73
22.2654
290.722
2530.27
3482.48
634.885
654.282
632.089
746.933
792.704
234.334
644.368
689.584
381.091
541.377
346.768
136.656
1214.93
654.01
1842.49
3529.01
255.114
38.524
747.356
856.627
1062.65
557.725
103.585
1036.81
2556.32
337.598
1441.47
1275.18
325.984
535.706
2694.96
259.2
509.476
322.396
1407.17
121.786
658.096
1531.16
101.357
909.605
961.216
593.766
1701.32
1502.08
605.403
2793.44
67.6075
2014.51
246.307
91.8056
950.99
537.411
1041.96
610.5
260.665
297.102
39.4077
881.333
528.485
1145.75
392.133
1075.18
1491.52
211.398
1299.77
700.213
1781.53
846.054
598.662
717.497
573.003
1661.04
1813.58
430.557
418.541
25.4657
670.135
482.576
1280.9
293.228
80.8524
989.046
80.0166
475.269
564.614
1747.83
569.658
116.159
2299.22
4003.77
1000.66
602.061
1561.37
1281.41
473.734
1161.02
845.249
606.696
273.662
1056.32
1014.28
191.163
150.54
446.984
1322.08
282.672
1123.98
623.809
509.033
1544.05
986.31
722.607
92.639
466.707
1480.32
2023.43
797.24
17.4825
826.345
423.682
439.25
406.033
188.196
147.594
1847.71
1630.65
470.353
41.2799
466.885
222.149
2606.24
494.279
1546.05
204.978
138.964
605.394
15.3508
2789.91
506.874
587.032
1081.84
2458.12
1439.25
2470.2
1399.84
1808.99
46.4885
2321.06
1453.59
1002.72
264.722
771.815
224.632
590.72
80.9309
1116.01
1340.38
434.96
729.452
140.629
62.2409
396.596
262.727
299.91
641.675
1043.95
252.491
202.715
69.0274
766.664
92.8057
84.2508
65.8501
394.225
1704.95
12.0546
3021.96
1594.66
998.518
915.822
1792.04
618.498
3177.43
701.181
428.16
1276.1
397.366
281.25
1142.46
631.655
551.595
2260.86
226.722
1465.1
529.551
549.566
179.187
2232.41
138.884
183.052
1972.19
96.5999
1108.72
612.74
328.909
714.487
1684.03
495.747
46.4688
739.044
19.6668
1832.15
1789.53
242.261
1474.25
162.574
417.09
1090.34
316.938
768.123
131.559
139.931
105.808
239.241
1715.65
44.608
1310.61
3818.06
223.594
2438.43
229.724
829.172
31.802
2857.92
983.458
343.011
723.758
1213.96
1255.71
2298.78
1046.02
176.911
77.5642
696.626
1673.11
703.266
704.394
155.568
642.725
22.3655
549.958
347.099
281.151
2134.74
893.654
807.106
162.671
234.857
609.772
158.156
618.144
13.9578
593.216
930.727
954.669
1485.41
226.642
382.502
207.032
65.3099
458.08
1867.67
230.065
432.851
562.337
62.4578
1564.21
527.691
695.815
155.663
392.691
196.384
355.893
708.025
316.496
520.047
3506.98
1485.77
437.422
677.35
981.794
902.213
697.43
447.924
3247.29
249.367
1429.59
2360.9
161.013
509.995
546.328
374.714
960.31
254.29
856.514
346.894
34.3317
54.7061
859.059
42.1603
1228.04
1504.74
169.707
857.307
450.677
298.373
3943.52
1200.82
212.733
1084.54
146.276
884.155
408.328
1915.03
67.9133
1317.46
748.124
378.302
1427.2
1116.71
352.194
1122.88
373.431
3425.06
629.027
8.37459
427.613
105.097
407.111
23.1264
195.754
614.838
193.034
147.338
691.674
724.993
488.536
2153.06
110.209
863.257
601.574
123.001
305.071
999.556
418.513
1736.54
1270.21
47.1416
2628
468.147
956.433
332.009
687.658
1139.79
217.738
89.8654
231.37
37.7633
264.496
255.633
804.819
1304.72
258.991
807.009
1072.82
1666.11
429.352
1033.88
271.561
490.368
256.791
1215.38
2756.08
107.004
134.511
3516.45
1591.23
2516.99
1556.71
384.279
453.83
1758.67
1216.08
444.479
415.929
36.7732
557.461
290.909
234.888
297.768
108.539
1167.27
2884.77
2063.83
955.978
170.086
885.008
35.778
158.731
1266.89
244.526
675.688
274.229
78.6307
13.2403
1646.54
251.554
1007.81
654.841
447.171
172.116
197.522
398.899
1117.14
681.643
172.272
1524.77
3513.12
2806.51
570.136
326.431
1200.03
696.476
649.396
2982.38
666.379
1090.67
285.795
348.174
1167.7
58.0479
1015.7
1093.24
335.268
2197.53
89.4274
553.283
508.815
186.708
218.381
498.691
134.126
107.227
2780.31
470.111
438.773
2398.78
1635.34
1393.09
2107.04
977.209
577.559
1612.64
2207.71
794.367
772.323
506.846
31.8565
306.946
783.828
304.022
118.378
1196.98
1340.39
345.452
749.336
240.92
1755.96
365.874
952.622
108.583
526.816
623.482
179.371
971.23
482.67
640.58
499.512
2071.64
202.61
918.798
93.6327
363.83
1224.53
316.74
961.534
499.954
102.284
449.748
48.0207
79.1163
660.827
88.5816
53.4835
735.014
382.76
39.0997
365.303
96.0537
113.338
2646.52
364.174
932.921
1341.59
165.144
1141.57
698.128
29.8636
1343.62
299.898
499.677
226.076
168.557
239.086
202.86
3047.68
103.915
1070.66
42.2994
2240.23
432.236
144.511
895.332
81.5234
2769.42
327.855
654.393
52.8983
176.096
170.975
195.055
270.232
1381.61
318.796
1152.97
178.884
56.2648
239.301
105.279
81.6703
277.721
276.493
2595.98
205.461
1010.27
1156.37
1696.93
2214.75
364.427
640.3
19.0561
569.303
688.286
729.726
2821.95
973.62
3264.09
124.039
365.164
531.611
539.457
437.574
1158.15
229.263
5078.68
805.67
460.388
1766.52
933.784
129.798
614.359
1010.93
488.295
1072.02
136.537
381.547
303.834
587.698
862.695
79.0814
307.709
360.235
97.3858
503.912