80.7257
8.10424
17.9943
84.1151
14.5394
27.6542
16.7281
20.1545
15.1556
51.4826
18.6232
15.8945
15.1341
60.1827
11.7386
15.043
29.886
61.3082
30.7942
27.7584
8.58398
30.0851
16.2995
72.8386
39.2071
22.8281
24.4083
9.4318
59.7142
17.7268
17.6576
24.6937
27.6457
52.7037
17.6572
27.0548
26.2401
56.3208
30.6793
9.1816
23.0611
42.0629
53.9368
17.1775
24.2832
8.00784
21.5134
27.6227
83.4681
40.5909
7.16962
36.9428
44.3427
28.0467
15.2839
14.7859
86.5728
25.4138
65.3808
59.6161
57.1568
41.3594
50.5894
28.9036
7.42204
20.7052
16.9545
103.975
63.2275
41.3193
21.5532
91.1784
37.3043
17.9983
11.7276
14.4843
18.9651
38.9465
16.0268
23.587
45.7838
55.4616
15.9539
26.1988
15.8099
15.3144
47.3646
32.0873
20.1707
15.2886
31.3293
21.9573
33.9991
33.3097
45.8937
10.7035
25.3143
15.9353
21.4017
13.1227
128.745
13.3366
10.2855
95.5132
23.0833
16.6938
36.8525
40.6174
30.4151
17.2674
39.5738
35.0313
17.0269
23.2827
10.5829
18.0022
35.5676
31.8953
22.3628
37.8599
23.6949
21.3163
11.2364
20.5826
38.6733
47.4084
53.7367
27.8017
14.6003
23.6984
41.1552
20.9197
25.392
21.7918
22.4012
15.4569
20.8283
19.5579
46.2835
13.2339
18.3661
43.4856
14.0314
9.20517
34.0577
35.9165
16.6892
16.7369
24.4349
34.5067
73.6666
10.2522
21.9681
11.6753
33.6979
18.9494
49.2843
62.9252
32.9422
27.6661
21.326
19.0441
19.042
35.5684
56.3827
26.3522
23.2872
32.696
20.7409
12.7421
14.0356
27.217
36.6901
32.8789
35.1613
17.769
61.4219
32.4565
14.2386
30.2948
38.459
25.2479
15.8016
25.9661
11.2537
18.5657
19.5898
51.978
27.7373
18.9535
54.8872
12.1001
34.5531
19.6467
15.1574
38.4392
26.6725
26.3891
8.06017
39.4048
24.7542
25.3785
62.7768
24.4184
31.1513
17.8993
18.9374
16.7387
38.9234
15.4352
28.0067
13.7845
20.5432
54.3113
43.3174
26.8277
16.0843
10.7131
32.9707
12.6359
58.3056
27.4466
30.4514
20.5787
19.2068
22.8715
48.6907
15.2864
21.1121
39.8257
22.8812
28.8022
13.6011
32.2107
17.8976
26.5261
14.5326
24.2533
72.8001
17.8862
12.882
20.914
21.1184
42.412
33.4975
42.6095
18.8962
61.219
18.7051
34.7287
22.6961
32.3593
13.5271
33.4919
36.6773
31.7872
12.4368
36.2937
21.7029
34.4736
33.6829
18.0164
29.6317
37.4042
12.0245
29.2886
72.2166
21.2891
21.1938
28.0496
18.4018
44.0198
52.1437
23.9477
20.8104
20.2037
42.307
16.9971
17.2105
48.0494
30.0645
41.2086
9.61649
31.0091
23.3162
27.2661
20.4774
43.0983
33.3067
13.3103
15.1581
53.1091
17.484
9.10576
31.2272
22.6761
15.2777
35.6369
20.3249
17.0515
24.4156
30.9361
17.5285
34.7807
17.2786
29.8261
54.293
31.512
21.0896
144.821
7.78134
9.76542
19.1954
28.2774
17.6753
38.9789
27.4572
24.3514
49.1326
17.1455
9.00244
23.3145
25.3713
58.0263
26.573
27.5447
13.0574
23.7716
24.7191
24.086
72.1895
25.2004
18.9266
22.6694
90.026
19.562
70.547
23.2549
12.7981
48.7518
17.7213
25.8297
46.1137
7.0703
5.78667
9.8349
28.2649
15.3795
88.6932
15.1723
31.8466
49.4173
17.1665
30.1615
18.4077
24.8336
27.3837
43.0546
26.82
28.1697
15.4434
32.5396
98.3448
18.7325
33.933
35.8341
19.9401
32.2321
18.7417
39.3291
17.2134
13.5442
26.7094
28.7238
19.566
23.3163
51.651
15.7004
31.5905
31.8788
39.7003
134.951
41.9475
17.8405
39.351
11.3618
37.4082
18.9897
17.2098
65.3383
18.0786
11.2008
58.0707
86.9674
26.1483
17.6798
37.4984
29.8705
92.0554
51.4675
53.1854
22.2103
44.2311
54.1473
39.2922
61.6435
19.1102
28.7393
36.4961
16.8482
21.4915
65.3278
11.3564
19.5195
34.4943
20.9258
61.0483
76.9708
13.8647
37.9747
26.7956
25.0636
27.9782
29.8112
48.1495
16.5182
12.3783
41.3318
56.4772
12.3342
36.442
19.3348
19.7309
50.6826
11.8877
72.7279
14.7756
20.2363
16.7061
14.1791
35.1546
26.7597
9.14693
63.4319
39.8308
38.288
19.9013
42.6035
33.0416
15.6901
11.154
23.9455
13.2787
22.4602
12.3591
27.8505
16.3086
22.4262
47.7647
61.3172
22.1934
16.7232
24.404
33.1271
30.9017
31.2802
28.0231
33.8221
13.5842
74.461
34.206
18.8868
70.4887
28.5116
33.8873
35.2234
42.5219
46.2496
37.2644
46.9354
8.36565
27.7047
21.888
8.75579
20.079
26.7154
34.9538
12.9473
23.237
92.4529
17.8279
35.2573
30.8273
11.9592
18.0483
8.63824
87.0714
52.7815
21.2196
57.2697
58.5887
18.5876
18.3323
26.2438
55.8713
28.4915
30.2929
33.7469
58.9931
45.0785
10.0001
52.321
20.2457
13.147
37.902
53.277
15.6564
19.2538
14.8304
17.137
45.1834
13.9773
20.905
42.3678
36.5964
37.4099
54.1534
32.853
21.2809
31.0257
17.3735
17.2533
40.6197
97.7073
42.6943
11.3762
166.698
16.6041
79.9745
25.8511
67.0238
25.483
12.5547
20.364
24.0357
13.8241
37.6552
29.3235
10.1884
11.2763
8.20253
10.6676
34.6584
43.0419
45.8528
14.4991
36.5301
22.5439
39.3902
30.4119
15.9155
12.3972
22.4419
14.6893
13.5887
50.7065
24.7834
31.8388
41.3646
30.9536
30.3086
51.6185
38.0352
40.8649
51.4591
36.02
17.0438
24.5736
23.0113
75.9411
21.4754
35.7573
22.3596
17.4751
17.0265
49.9042
35.1208
28.2863
67.0205
15.8606
35.3299
62.81
21.1626
16.305
40.9617
14.6179
29.4035
38.1539
17.058
55.4328
31.7147
75.0181
25.3245
24.9659
64.423
31.3652
21.6475
10.6651
18.436
39.3582
53.8678
97.1206
57.3279
41.2708
12.1452
24.5901
19.2268
26.4802
53.5339
35.3568
27.4423
54.5855
10.4343
31.3337
40.7288
30.2897
33.4765
79.863
17.752
72.3955
37.9926
43.0137
25.17
33.7482
38.5131
46.7344
36.1941
12.5116
30.9055
22.6436
28.727
15.3751
40.6707
30.9325
29.6903
16.1383
40.8688
18.7484
12.8322
30.1433
10.5372
18.7023
40.0934
9.30289
13.6986
22.2373
19.1347
12.6649
17.4763
45.5766
27.4065
16.6122
15.5016
31.3772
42.1653
26.5173
13.5453
24.8813
19.7211
23.9892
27.8787
82.0961
20.3669
13.745
35.3215
35.5971
18.5128
30.4642
15.1307
38.3498
45.7346
17.8004
45.9898
190.965
51.0962
21.4208
9.79839
17.8756
9.40476
17.5729
30.6059
12.3212
37.4954
30.8177
21.297
24.9982
21.0986
9.37361
14.6809
22.7472
41.1235
38.0861
17.41
20.2087
29.7237
10.9092
33.4084
10.2458
14.1253
26.7492
38.033
13.0794
50.3546
62.1141
38.0359
10.6222
73.539
9.16003
13.2499
24.0814
17.3108
10.0509
65.9746
33.5144
17.5074
29.7736
28.2645
33.1389
47.725
26.0041
45.9835
49.1776
24.8368
79.0794
9.75104
52.1937
34.8013
43.1931
80.0378
27.4803
23.5373
32.2311
55.486
14.1389
27.7777
34.3324
9.21467
16.2724
14.0364
18.8869
45.1671
25.1882
30.2907
18.864
15.7965
14.6699
11.6956
15.3933
17.1963
15.6588
70.5944
30.2212
34.9631
52.859
64.1747
31.3336
38.5482
25.5368
34.5224
26.0874
44.4387
63.2722
30.0596
24.6683
58.3761
33.3337
15.4836
62.593
12.0436
43.1832
53.261
25.4012
15.1625
21.0285
8.94135
14.7649
57.4495
83.7177
70.7725
32.4231
39.7792
76.2317
50.9525
24.6969
16.7668
29.0893
62.7294
60.167
29.3513
36.6624
24.8013
61.3394
25.0614
23.5439
25.9285
17.5505
14.2422
31.7742
22.0587
27.8061
20.0014
11.2183
19.7313
31.2371
91.1797
17.1486
19.1514
11.1076
49.7428
42.5061
27.1109
37.6426
15.8182
13.478
39.1197
15.2298
33.9198
10.0422
12.2967
21.31
48.3903
13.4247
40.3729
89.8544
26.0667
11.4888
19.7056
45.0916
10.5625
25.1067
26.0172
24.3762
8.74217
10.9458
10.2058
25.6695
29.4896
17.3437
30.2109
47.4847
28.1327
13.7392
60.8053
34.7637
14.3231
57.723
15.7654
16.2666
55.1472
15.2314
39.452
14.1625
37.6603
27.358
11.9363
11.605
10.2941
36.5107
20.3727
12.0418
40.293
22.1573
31.2632
24.3615
36.2386
12.8743
26.1778
23.6096
59.1432
11.4774
11.0999
19.7059
80.2551
51.262
24.6701
30.0491
11.0663
20.5443
32.3776
34.2549
18.3021
38.1453
16.4823
29.0147
23.7809
16.9816
13.8193
27.5172
18.3157
66.8149
24.9552
57.5948
24.6467
22.8207
27.0772
23.6592
17.1429
44.1914
12.2665
40.7507
53.5787
21.5102
24.5062
38.8043
26.3464
36.8702
27.2634
14.3276
32.0764
69.5829
14.4548
78.1018
6.57374
30.2932
18.6601
24.7696
30.3583
37.7014
26.8877
23.1431
56.0731
57.8954
17.2087
50.2136
20.6239
27.8619
45.8863
23.0588
61.9157
41.4705
23.5264
53.0799
35.0673
45.3648
41.8293
17.4251
35.2373
19.0705
39.1818
41.5876
25.8672
12.3766
17.3388
28.9854
15.803
15.0594
58.2294
28.7358
19.8953
61.1608
47.7718
16.0679
40.7567
50.4388
18.6826
21.8324
44.3649
18.1903
57.4545
21.9516
14.7788
36.9636
9.25192
30.6225
16.3169
20.51
36.6667
30.0551
16.2529
14.7387
37.9855
63.3138
11.3584
40.8675
16.3371
40.2177
14.2301
51.7412
12.3513
28.3299
10.5891
13.6929
41.0039
14.3421
17.4969
25.2976
17.5392
77.2569
6.07494
25.5928
30.9985
34.854
30.5169
40.1129
107.112
29.9014
51.6131
17.9798
16.0793
47.5485
26.4851
21.0866
40.6802
44.3596
41.183
22.4562
23.8478
69.4284
47.119
24.4431
23.4774
59.4177
18.8822
23.9017
68.0707
89.6267
24.8333
44.3079
76.4245
57.2127
44.3681
41.0071
22.5812
18.4237
12.6339
34.1684
23.0743
17.6176
39.4076
61.5678
28.2491
20.9976
55.3728
18.9974
22.7741
19.0938
30.9333
17.3212
7.93576
49.8373
12.8658
19.8427
79.676
40.303
27.4885
43.6678
31.0433
118.753
62.8537
87.7097
50.3331
16.7312
83.0911
49.3074
15.0386
34.3802
13.6823
19.8502
25.5715
40.2533
31.4188
23.4776
49.5101
64.7669
28.1343
14.2853
104.897
49.778
27.6474
22.4928
41.2862
49.4396
35.169
12.977
11.8491
37.6783
74.4298
24.9155
56.0132
28.8912
84.397
25.321
16.4378
14.6287
55.903
6.39893
34.8932
39.8758
33.8364
18.8609
45.2308
21.0314
41.6398
16.0987
48.7791
84.774
95.6136
19.7341
26.1864
50.9164
14.8697
10.7142
28.6019
63.1278
44.0373
32.0382
13.9826
39.1174
18.5056
17.7784
99.7789
43.1795
39.4484
33.3036
35.4426
62.7165
35.6568
19.4883
26.631
29.3098
45.776
36.8708
10.3511
28.6753
85.2809
60.672
34.5388
35.5014
38.0944
65.0708
25.3169
27.6908
31.9855
39.2183
12.9481
19.26
23.1327
31.4399
14.3435
56.7455
25.8789
18.6792
13.0118
29.3354
43.9644
22.9004
13.5682
15.1374
34.1558
44.5475
28.636
18.3529
34.7701
20.8609
34.0854
23.502
32.0813
12.8716
11.5296
34.3726
8.92388
17.1883
10.1009
33.8615
41.0414
30.7839
27.2412
28.6559
8.57463
18.0515
43.4729
22.7764
54.6318
43.8904
43.7423
28.9913
46.685
29.8683
25.1263
51.1692
87.6433
32.7475
17.3277
33.521
22.8455
46.3994
33.361
23.9259
26.1915
31.7399
30.4583
50.9872
22.6697
19.5316
16.6865
16.6676
31.574
26.2276
15.4098
37.3407
27.1828
33.5364
41.0062
32.1612
33.5341
27.1658
63.9899
22.1439
48.9519
13.0234
18.3684
28.9776
24.3924
26.1939
18.6341
29.6715
35.0877
40.5058
55.5928
14.9992
19.9803
65.0859
32.2968
22.0138
45.0241
37.9385
28.8339
8.38251
53.4134
20.986
82.809
28.2597
31.7277
28.4467
20.7476
42.684
67.5342
47.3635
12.4745
19.6703
22.3493
17.4851
68.823
15.1508
23.4873
111.481
25.925
61.7485
38.5129
8.46779
56.5649
47.3898
11.9246
48.3202
20.9667
31.7274
10.475
54.5528
33.6317
48.217
37.8766
14.4432
90.526
30.8614
42.2898
26.7137
26.6921
40.7707
19.925
78.9637
38.7208
74.6892
20.3104
38.4801
34.5168
60.0552
39.9454
13.0061
20.7952
35.6847
15.9686
33.059
31.6027
17.9994
32.0805
21.1767
9.62881
19.9544
23.093
8.02111
60.7349
15.0842
50.9092
26.8308
17.611
40.8588
35.9325
20.8254
27.0135
54.3145
35.767
59.0914
21.3859
46.116
54.9269
19.0072
25.8784
19.449
21.0574
17.2129
9.22908
9.30038
20.3792
63.1291
34.2528
23.6305
40.2958
33.428
20.0468
8.13201
20.937
10.0447
14.43
44.9731
82.608
19.6236
11.8066
26.6188
19.2308
27.4688
44.1773
16.2712
62.5404
42.5176
42.4257
25.9278
32.4947
8.74766
22.5423
27.4155
27.5491
30.114
86.0475
59.3131
22.3854
51.3563
49.8331
24.9989
39.2246
11.5079
27.6233
19.7349
32.1455
43.0632
32.0031
33.2762
29.2116
60.0829
58.2263
23.1072
35.0577
29.9923
43.0099
13.9366
8.99777
23.4884
8.94463
40.5693
24.4184
47.8747
16.2851
24.0466
19.7423
48.6733
36.0577
10.9597
29.7853
25.1084
24.7111
40.724
13.2263
11.1645
59.5962
72.0221
93.0072
78.3594
70.6746
18.7554
30.6921
70.9125
42.4115
63.589
35.6622
25.7153
10.4487
84.9181
24.1925
33.0335
14.6139
30.1474
13.847
12.8087
29.8591
15.1432
12.4059
38.5307
42.6382
31.8607
19.5806
24.6467
36.3776
49.0959
73.0032
56.9036
38.4569
17.0816
44.0926
50.3415
120.143
21.2182
16.8194
42.1409
49.9086
38.8371
9.96134
23.3793
24.0899
51.9486
33.9901
14.1248
38.3257
68.7112
23.2321
77.5529
20.8742
20.3364
25.0356
39.5488
17.905
23.3116
15.1796
90.3122
49.7927
19.1684
22.119
12.6987
36.8735
19.9088
29.9955
89.862
46.7138
15.6831
16.6903
30.9085
83.9833
50.4837
47.6764
32.9952
15.763
15.5376
88.0849
25.0949
19.0267
27.5787
17.2797
31.3077
21.4893
62.8355
39.023
44.9139
77.7683
37.3701
27.3196
52.2038
14.1873
33.9711
16.7054
40.42
22.0093
77.4377
58.8648
26.6736
10.7685
17.9867
56.8214
5.53696
23.0707
4.15543
70.8435
46.1042
13.4469
9.06311
7.82676
34.2993
15.8037
10.6511
34.2048
15.1796
50.3865
43.5422
26.0173
13.2592
35.6876
24.3858
28.739
17.6316
11.6728
24.3275
34.6213
28.5977
20.9357
18.5052
23.2963
24.1274
29.8846
36.1918
20.0652
33.2146
38.299
34.479
28.4597
10.4056
27.4742
31.9555
18.4111
28.4145
17.2292
27.5834
24.9708
21.2018
38.8108
18.0107
31.202
44.1391
39.5727
20.1999
12.5731
18.1438
48.2811
40.7711
18.925
13.3803
51.275
14.1518
37.4854
26.0944
13.7784
8.06432
19.8526
15.9428
14.4044
44.4112
22.686
20.0604
57.5011
29.5466
36.8807
37.07
72.3407
98.1923
6.03393
48.5501
65.8984
20.3793
35.5538
25.2552
48.9701
54.288
21.7138
44.202
17.2673
31.4209
36.1161
34.3597
35.717
10.9592
33.3203
17.19
56.3166
64.1171
16.8719
48.8921
56.9421
27.2944
19.9203
33.0332
64.2617
39.4693
45.3216
52.2937
36.393
36.0403
52.7787
7.5292
22.2922
34.2874
31.9573
16.1117
31.2476
24.9564
40.9468
13.8185
27.1867
62.0879
17.0493
30.339
36.1175
24.7754
101.092
17.0159
44.1213
36.5587
25.1988
29.6646
36.5588
17.3583
14.7151
31.4239
30.7511
24.1678
29.7383
16.8755
21.7997
19.0243
39.8443
7.93624
10.5669
17.2232
26.8756
24.9598
27.9162
8.83321
30.9263
40.3099
55.5591
47.8629
11.684
54.2825
31.1795
39.8251
19.2641
24.6745
15.6972
13.2936
9.366
42.0276
66.2455
45.3758
58.8052
28.6167
32.3679
40.6099
7.7322
27.2708
55.1547
24.76
8.8308
112.232
23.8106
19.2457
50.6745
45.5457
10.903
12.6516
43.2261
42.6046
59.769
31.5802
61.8835
43.1175
22.6823
61.6494
31.9351
90.0623
36.5313
16.2309
18.3432
23.3135
39.0634
37.8159
31.6853
40.676
17.8635
27.991
61.4269
71.9455
25.6664
74.0105
41.7502
9.35832
15.9903
30.1781
67.2038
88.1795
14.8646
24.7887
24.0956
31.2356
12.1892
24.7273
39.1021
14.3557
18.1429
32.7828
17.0586
18.5974
91.6601
9.78131
33.6789
20.7533
17.2451
40.587
27.0843
28.5224
65.0742
13.8654
12.6136
11.1828
20.4738
68.2348
54.5533
18.1491
47.0248
41.4147
45.5941
29.0175
41.5365
13.6845
48.2215
23.2437
27.575
35.8098
10.9399
15.1322
58.2151
50.902
31.5339
24.7296
30.0869
28.5982
13.9608
33.2671
14.4157
33.6871
47.7731
15.9113
63.1498
41.7033
25.9282
46.5876
45.2743
21.5257
15.4941
40.3755
10.3839
32.796
25.8789
57.4808
27.4033
17.702
21.6669
18.1482
37.3949
28.7774
38.4173
29.379
14.8276
22.7952
17.8878
16.3257
37.4788
24.8636
18.988
9.73987
37.4147
26.2862
29.2213
17.0016
17.7156
14.4539
71.1282
32.1674
16.3304
11.0587
21.5496
21.9385
30.1446
56.2647
69.034
21.3584
21.1137
27.7279
24.984
24.5867
29.2334
60.7575
48.3517
17.6823
38.9754
16.5357
26.2132
26.6039
28.3018
40.8953
19.1167
22.8928
30.4984
27.0156
12.5387
33.1508
44.3995
14.8192
26.4014
80.9763
24.7677
29.738
24.367
42.5381
102.464
67.5457
59.805
70.1806
26.2445
15.9121
33.0978
34.6371
37.6257
88.6835
7.90083
15.2381
31.7079
14.6295
72.0693
9.58496
12.4729
35.7574
22.4094
20.5513
30.6639
64.8264
44.8836
20.4586
151.798
13.6548
44.8633
33.1339
12.2915
24.0827
33.2639
27.9264
21.4621
110.221
54.0512
66.8919
28.8845
17.1319
29.0056
20.7697
46.5337
15.5488
21.1916
56.8107
34.0275
15.8656
42.1675
19.27
30.9632
51.1095
37.9892
11.3125
18.949
36.6291
31.2886
10.2164
20.2046
14.5675
58.6147
52.6982
147.32
19.0606
20.4304
16.5816
35.9372
67.4975
32.0775
87.6907
20.6783
20.4995
23.0346
37.6628
34.9864
35.1088
70.2297
13.84
8.24325
22.7234
23.3674
15.1788
10.7513
22.6776
16.4871
24.3482
32.1222
24.1073
57.0299
47.9398
33.77
74.7556
38.9464
65.0516
22.5947
12.9227
28.2461
77.4173
15.9668
19.9688
19.6779
17.3215
36.5754
24.7364
29.8654
19.9349
40.8348
15.387
16.2862
55.2949
39.8427
19.5331
19.1009
19.0847
58.7366
37.2316
21.2916
48.7498
25.7869
29.4911
11.5539
81.1317
25.1119
17.0712
20.2865
65.8813
56.8818
51.0129
33.4682
68.0486
17.6167
13.1825
11.8729
41.5523
25.0898
75.5469
33.4732
22.799
110.086
23.1056
20.9774
14.5553
30.9267
19.9687
106.743
18.0146
26.6736
29.8184
13.1362
9.00377
13.4239
43.8501
13.3418
33.4714
24.244
30.1679
53.0124
27.139
46.8
46.4031
11.2976
58.1719
39.6046
39.654
34.3933
47.8862
24.3988
26.9816
36.0539
14.8749
47.2781
19.265
13.3977
28.4237
9.0753
42.4624
12.1005
43.9391
131.39
47.5707
53.8559
43.3013
17.0266
45.1808
39.1734
17.5644
67.635
30.8073
36.804
10.7034
49.9343
15.4447
30.1578
22.3359
27.4811
29.5658
26.9577
23.0067
69.3421
26.3523
63.7547
44.1519
26.2392
36.1004
14.4965
32.1311
28.6167
13.1247
56.5038
37.365
18.7578
65.4782
19.4039
59.4761
26.5638
47.893
73.3317
43.7288
18.7629
21.958
13.0151
40.1081
26.1523
19.8369
16.0424
21.6687
28.5128
27.6117
25.0037
19.5687
32.5612
42.2448
23.0842
41.877
61.5747
23.6252
38.0704
52.3599
25.132
38.2922
37.0608
59.5561
22.1621
68.9123
11.7217
16.5892
38.1729
48.1953
9.20285
35.3577
29.9227
33.2358
79.4379
29.2133
33.8319
8.82439
45.1631
33.2677
20.1924
13.6837
32.8017
36.1113
63.1642
118.868
39.0536
6.21494
29.1342
36.6616
20.3583
38.9253
42.2025
25.0806
23.5791
7.50319
45.4556
20.1952
16.2607
42.4927
28.2031
15.4587
14.3145
18.3644
36.7063
18.7355
39.6768
12.2003
38.1431
20.6377
16.5403
28.9663
25.3325
8.26858
44.3119
23.0389
16.4636
29.5513
24.0613
17.7795
25.1131
10.9584
11.1858
22.2247
22.6567
31.1177
32.4907
24.0636
43.0778
39.0366
24.7329
23.3811
24.9847
39.4525
35.4912
16.4096
13.0235
57.3432
51.225
9.33734
67.4834
45.6971
18.3275
28.1055
43.5642
76.5228
22.2326
16.5116
24.33
19.9686
31.7415
18.3966
8.99154
26.8282
23.9115
20.3137
16.3568
18.1958
31.812
46.4609
32.8399
17.5384
27.1181
49.4515
12.6419
16.8026
36.4075
54.4412
44.1782
28.8779
15.2233
21.0633
37.8203
41.0024
46.7274
8.72451
30.9141
18.3968
30.5637
23.7816
15.1998
20.7564
34.722
29.3456
8.39074
37.3732
8.2865
7.94639
12.9709
20.2504
8.23512
36.3853
31.1317
22.7784
24.2297
15.3419
60.9315
42.4799
17.9638
13.6853
42.8014
19.4892
17.958
15.0975
29.9954
68.9061
32.4433
58.0623
27.0619
36.2014
11.1506
61.5404
23.6167
30.8635
26.3866
17.9405
67.2594
26.4854
23.0975
19.9323
22.2976
43.8273
20.1599
46.5094
12.6671
9.14445
55.2964
19.4847
36.6012
35.6885
17.5764
13.6686
29.4866
14.5144
46.4574
47.0687
53.6419
15.1176
20.1739
20.4688
30.0961
47.8366
51.631
23.7381
14.5491
29.8808
14.0691
22.1544
22.4105
24.3682
22.66
103.576
64.9009
17.59
50.1897
32.8747
29.9885
20.9067
22.514
9.36587
46.212
59.5804
59.0256
61.9225
36.6615
13.4986
16.9931
31.4014
7.80418
18.2182
20.0166
31.1144
58.1206
37.5796
9.99934
73.3895
16.0778
40.2229
38.5957
25.5006
33.2934
42.0586
24.922
28.1989
25.785
43.1073
18.7489
66.3998
77.4561
31.0431
22.2468
14.6604
50.9556
14.6798
17.5213
33.8766
23.5941
23.1834
14.3774
11.1586
15.6427
10.0512
19.3075
14.8118
16.1159
27.581
92.2367
45.7959
24.4724
19.3758
12.2145
32.3592
31.0773
25.2343
46.4795
26.985
17.841
23.5081
37.0165
16.2711
11.9017
36.7097
12.2758
10.0128
24.1794
26.452
63.8563
11.339
17.1431
40.8074
28.4654
44.3788
19.3428
46.1617
16.4037
23.9409
18.1548
18.1085
12.3644
37.7763
27.4844
24.0755
43.1969
98.0566
27.7155
23.9276
13.77
57.2104
28.4445
51.6322
69.0142
13.3982
30.0466
18.2201
26.6974
29.716
58.707
57.498
40.2728
62.0333
8.26035
16.831
80.6992
38.2628
32.4667
54.5703
30.5066
42.1068
32.6748
17.7023
71.3796
68.4398
20.2498
14.0593
48.27
14.0276
43.353
48.6091
18.9709
22.5712
77.0317
32.9183
11.3723
30.7084
28.0427
26.6664
33.4703
19.0367
47.926
32.7847
19.1299
27.2177
27.8768
42.1673
59.2437
31.1003
26.0175
26.7696
24.1838
11.7144
52.6371
25.515
12.7781
23.6822
76.6101
33.8448
6.08186
68.4832
40.7146
46.4195
25.8724
25.4019
56.2277
17.1531
62.1098
15.3544
77.5354
21.9784
14.3251
43.5355
8.0793
48.3403
22.5351
47.4749
12.4641
27.8273
54.4935
49.0593
40.2592
22.1661
19.405
20.8579
36.9213
34.213
8.39888
36.324
64.0779
19.5727
30.709
69.5379
19.405
26.0222
28.3187
74.0717
29.9629
37.8109
25.7063
16.9417
11.7245
25.0158
55.6703
25.4436
32.7081
12.9396
18.5429
16.3764
34.9264
13.3788
26.2111
41.7719
13.9002
75.8882
32.2988
39.6212
19.723
40.503
14.7045
8.67229
18.3039
60.2896
109.227
41.4331
20.3931
23.8384
55.2527
12.7732
20.7711
37.432
12.8008
19.0379
41.6188
20.1842
39.8605
10.3486
22.4092
11.8131
14.7884
34.0945
19.4438
37.7805
7.01471
24.2025
58.0424
19.4937
18.4842
13.8404
10.1976
62.0437
46.5752
61.5608
26.4149
31.2187
33.2088
38.452
52.9665
47.4363
24.4282
35.9151
13.0593
40.174
28.5877
11.8775
70.6191
25.226
21.7356
32.5186
15.4013
13.911
26.052
15.2589
57.5741
12.9052
101.514
16.9485
17.9222
17.5432
52.6139
21.03
15.8187
9.91559
28.458
26.9714
51.3189
19.4295
37.0917
15.2855
7.41963
22.3388
27.0217
32.125
33.5366
38.8451
32.098
17.0701
29.6378
13.9859
47.213
13.0561
10.7122
70.3862
46.4709
13.4654
22.0849
19.8022
81.3556
27.3273
43.793
9.90265
23.139
12.39
36.9238
22.505
12.7282
15.9543
32.2773
74.7681
10.1372
31.9534
62.2917
24.692
27.901
17.8407
15.0764
45.0756
11.7632
24.2562
52.2752
24.137
46.6875
74.9054
11.4722
35.9106
17.5185
20.9814
21.0779
13.5872
42.6111
27.8383
21.4792
41.5851
32.1567
15.0351
75.3998
52.495
41.0974
18.0988
29.296
55.1155
16.2033
16.1255
24.1943
61.8901
11.4742
35.2875
8.56315
20.89
15.9866
17.8158
53.417
36.6995
31.9068
10.1132
22.4434
21.9415
22.7014
17.6691
25.2608
33.0867
50.442
25.1038
13.4836
13.3634
35.8018
19.4593
35.9952
14.0907
24.9239
40.4311
20.5428
15.3954
121.649
31.0322
62.903
20.8757
22.5183
44.0524
16.6411
33.725
33.2941
52.7761
12.9076
41.8938
20.6003
74.0368
28.4783
24.148
14.0099
38.7571
30.9878
24.6493
50.6639
17.7563
27.922
27.9425
23.83
67.3649
28.8141
47.392
60.1744
18.9604
14.4861
29.7293
37.0821
22.396
12.7772
18.6977
30.9003
36.8979
18.9916
60.2901
44.6131
34.9563
34.6227
23.9894
14.309
17.2392
24.3402
19.698
19.7281
70.5492
63.9621
12.8184
20.3201
17.3931
54.028
47.6348
23.2522
18.8082
32.6555
75.212
21.7678
23.7559
18.181
18.5777
41.6554
17.4112
18.741
63.2696
8.33917
39.6514
52.5379
33.4063
81.8462
14.7707
32.2516
29.7121
26.0174
32.4877
36.215
43.4624
35.8456
20.044
68.432
16.3666
19.8509
52.1633
19.562
39.3874
38.9214
43.1542
20.6861
15.9047
24.9241
19.9789
24.7069
90.3083
33.4583
15.5986
22.0655
12.7514
12.969
48.9019
19.2545
41.9761
28.7834
13.7501
35.4471
21.6282
18.7634
66.8979
50.8374
18.0702
20.6992
21.143
16.37
14.3536
10.4783
20.1168
30.5933
27.0794
52.7428
36.3164
24.6402
20.5021
57.8245
28.3043
63.3346
92.8154
30.8125
30.1868
14.1145
33.254
27.538
40.4221
11.6243
66.3681
31.8586
17.8845
77.7521
74.4798
13.5686
41.8102
18.1143
39.574
20.9046
47.0384
26.5275
25.5808
14.8604
15.7787
56.2563
35.5972
19.7121
83.7416
60.2965
27.4778
33.3589
54.4
21.6559
22.4052
33.115
7.12029
23.3214
15.5166
69.6861
59.8364
17.1095
23.9558
24.2073
42.0817
69.0114
33.4405
31.027
101.689
54.2115
47.5865
18.6844
13.8468
73.1334
38.2185
64.1731
65.3554
26.605
22.1336
21.3678
39.3294
23.1081
38.9865
54.9481
11.7056
25.5041
21.6835
33.3455
18.1607
35.4827
15.1882
12.5317
40.4791
13.8219
34.3593
21.0378
36.6187
26.1612
68.0551
25.8255
19.1408
6.30333
13.3527
15.6657
15.2081
17.0458
24.3823
29.0779
14.283
17.2805
16.1044
23.2299
93.3383
25.2215
23.8691
18.5713
45.9847
64.3238
14.7637
13.4344
31.4812
32.4205
29.1529
11.3424
31.9721
22.1977
15.3469
28.8193
57.7202
29.3778
23.5201
8.91614
82.1946
22.5992
13.6246
42.8799
83.3283
17.2514
32.9286
10.5797
23.1498
13.8365
10.404
23.0825
23.1296
65.8597
59.6652
57.2611
5.16599
19.6556
34.9718
29.9509
17.3957
83.445
28.5697
8.52433
61.7702
45.3602
31.7965
16.1321
50.4858
87.8711
41.1178
19.9309
38.317
36.1713
63.4252
38.7477
14.6016
40.521
15.5872
22.0553
32.3113
40.3923
18.1991
14.8018
13.8078
33.6161
36.4223
31.2455
82.6905
41.4763
63.7161
16.2738
21.9812
34.2988
19.964
36.6023
10.8952
38.015
38.1747
29.5331
15.0729
32.2093
9.21659
31.931
8.72519
18.015
41.4959
23.0245
20.2439
37.359
25.659
35.7627
16.6827
26.6703
30.6803
15.5765
16.6399
17.6313
22.0801
72.1048
14.1934
24.7999
29.7
16.0565
17.7228
84.5095
28.7915
29.3258
29.6992
16.3306
64.0598
29.6625
33.2466
77.1164
21.0609
41.4489
21.8441
11.624
32.8516
20.515
43.0724
24.3839
108.448
36.0361
12.044
113.338
34.2661
50.6816
53.0712
47.6002
14.1771
35.2105
30.7574
19.6726
25.5055
33.2611
20.0526
43.4152
19.9483
27.7894
17.3843
21.1233
9.05128
19.1169
26.4171
10.1084
28.4626
22.0677
18.4238
18.3892
27.9627
39.4408
10.1475
41.2031
19.9241
41.4782
16.9804
32.0347
21.696
13.3427
28.3859
38.3439
60.9488
26.1494
21.7071
12.4211
39.1845
29.7815
28.9378
61.5985
23.0459
19.7305
28.7979
52.4783
24.6228
40.0895
39.5362
66.0894
35.8853
7.9695
10.5337
8.81245
38.4139
33.6776
21.6198
9.10442
35.0613
43.2327
57.7045
13.0901
31.9496
30.3199
15.1004
25.7601
15.306
59.2731
26.6072
19.7613
33.0212
26.3746
30.1049
32.604
30.6191
18.2793
18.0964
29.6033
72.4238
15.7646
42.8153
13.3138
45.8577
50.5366
25.683
23.5279
27.2089
16.3053
29.8643
23.748
81.1916
15.5169
13.3275
31.3671
146.094
11.1867
22.9191
8.687
13.1068
42.2294
55.7307
14.0727
23.0353
33.6928
16.9383
19.2019
22.3726
28.4884
9.64613
20.5126
87.3575
9.21197
40.9857
11.0555
46.5036
22.7838
24.0461
27.8369
29.3579
53.8392
24.3246
37.4087
105.503
23.3381
16.6773
12.994
41.0408
44.5011
9.72022
41.8173
9.19766
12.3295
7.11113
26.8268
35.8145
19.0913
13.3601
32.4846
12.7473
11.3482
27.7107
32.7552
14.8887
6.1008
35.4742
24.7428
25.0208
35.6933
55.9659
25.0318
16.1151
29.1014
9.28538
36.6338
27.0639
14.856
34.4128
10.1054
15.3684
41.6317
39.8163
33.658
34.7963
85.3672
81.74
29.0246
56.5897
30.358
35.2234
25.26
20.2193
27.3583
30.3152
15.8827
37.2421
50.247
22.4098
20.7
16.497
18.6189
12.3408
14.3362
18.6897
34.7349
14.8528
65.8045
13.8808
38.035
33.4654
48.5801
64.8454
14.9334
70.4386
25.2457
27.3911
27.2514
20.9832
29.9222
44.9199
60.3346
34.8328
29.4966
65.9631
35.0606
44.3097
28.2335
56.2636
13.4223
61.216
34.1054
15.2102
48.4974
32.3452
41.5093
23.627
50.0214
23.5676
20.4563
42.0828
7.91149
30.5342
36.8632
27.1901
62.8316
11.7091
31.3324
16.0512
39.7828
37.904
25.7537
31.0353
17.4799
172.232
19.0887
28.9373
19.5751
26.7782
33.7425
40.4278
26.6237
53.4315
36.8113
31.9661
14.5064
52.9979
155.486
37.3738
34.2223
38.6243
34.8712
21.629
44.6596
31.6784
19.7719
19.5781
17.8259
21.4234
38.2016
25.1212
13.7944
20.5156
54.9041
37.4784
17.0043
10.5725
36.7744
18.542
52.4499
39.2116
20.7555
19.3139
22.1001
37.6092
30.155
37.0502
28.8198
19.8617
11.1373
20.3933
69.3255
28.7187
26.0038
34.8545
17.7879
45.2897
30.8358
20.8836
30.5011
26.9859
27.3049
39.7971
21.4643
45.2726
44.6213
25.2517
15.2778
26.6306
13.3072
31.8504
26.9934
13.5689
46.3007
47.4468
33.8121
54.9524
21.0601
17.652
29.7178
61.4738
23.2193
21.2845
41.4888
22.784
35.6438
36.4503
64.484
54.9165
42.8601
81.6448
28.6529
10.7551
17.4672
20.1031
50.5371
29.6771
63.2803
34.0984
40.56
35.1017
25.967
53.8679
25.6896
20.4365
85.9058
26.6669
101.927
26.7178
20.3719
27.6863
31.4219
54.2471
48.0407
29.4995
77.1146
35.348
17.8959
14.8819
18.1529
98.0458
34.828
11.1849
16.1013
29.1132
23.7575
13.8807
116.657
29.9144
26.8302
23.0238
143.645
55.8194
20.4892
12.0586
46.1174
12.5817
21.0586
30.9831
19.6064
28.0698
23.6683
35.4068
30.3966
15.597
60.5718
27.2368
7.81601
20.8158
33.3256
9.95291
28.5202
53.86
35.1001
71.6012
22.4386
19.0583
32.822
61.7277
8.60401
20.3324
18.8933
72.1212
21.3732
26.4066
27.6068
14.6881
28.4111
13.6211
27.7042
21.7713
26.0078
42.4586
39.8082
18.4341
20.9175
83.6977
17.2378
33.2804
33.0072
8.49205
49.2176
23.4742
15.8428
10.4381
14.5207
45.7573
48.6783
26.8931
14.5003
25.3795
32.6398
38.54
29.9144
34.2638
31.3062
52.8415
9.04096
23.6637
14.109
12.5579
25.6917
34.1251
35.8545
21.4166
10.6394
22.6452
54.8009
17.1735
20.2566
21.0447
8.62342
16.9081
34.6244
47.315
41.191
17.066
75.0643
48.0266
13.1023
17.0411
54.9359
40.6049
33.5969
26.0028
39.7959
61.1535
14.2393
18.7439
14.3121
14.7787
31.7542
52.6163
47.1864
18.7638
45.291
40.1808
41.9775
16.4981
12.5413
35.3546
13.0838
14.8886
39.1393
26.9094
50.9416
26.9458
23.881
40.8403
12.6621
18.488
16.52
38.2347
17.8635
11.2226
28.34
32.0945
61.0586
41.3384
35.6058
16.0728
36.2439
38.9565
8.19129
34.7472
19.6489
17.7261
16.9979
29.7242
44.0034
80.8714
15.4651
30.4951
26.6797
39.2186
27.5379
53.8526
14.3329
32.081
26.7149
17.2256
23.3631
49.2017
18.4979
42.1596
29.2449
27.4084
45.6151
25.1818
22.9023
24.5914
35.5849
39.1188
14.8761
24.6639
23.2142
14.3615
29.3888
48.0019
16.3695
16.5735
37.8526
29.7461
27.5093
27.9827
12.5449
31.9357
16.9383
32.5136
24.4002
21.9867
32.55
34.0833
52.6608
20.5033
38.4912
69.438
49.3167
40.9703
5.59595
64.9533
29.2353
76.2611
27.1367
47.3831
27.3038
40.3239
28.0897
20.3595
22.7826
24.0767
46.0493
41.4569
26.4017
39.8678
6.33974
29.8896
12.7378
82.0011
16.4235
40.9955
60.8389
32.7904
57.2321
13.5319
31.2241
46.1862
25.6291
14.1594
59.7606
25.7449
18.2236
24.9625
19.779
17.6258
58.3152
24.6138
9.51057
18.7051
25.4444
48.5046
24.9673
29.2939
40.928
45.6599
21.1037
11.2619
28.9473
52.6464
50.9075
26.8155
35.2851
14.996
11.9722
22.6754
36.7127
59.6914
28.5036
38.0481
15.2098
25.7675
48.4659
19.7173
25.472
28.0776
73.9012
19.3189
17.7669
105.487
21.689
17.3265
15.5177
40.7523
89.5036
22.2571
46.4099
47.3478
37.2732
17.4599
54.4945
24.6597
46.9768
34.4303
26.2088
10.6092
12.986
25.2772
75.0161
5.23234
18.1537
27.4371
29.9695
30.3403
99.6528
25.3795
22.6748
34.9393
11.1023
37.8755
53.661
16.4975
51.2347
61.8013
15.492
24.4112
23.3036
28.9313
24.4955
44.7821
46.3607
92.8352
74.5324
44.1902
28.1138
54.3484
52.831
52.6198
14.6588
17.5359
38.0095
14.9635
15.6748
36.6099
35.2121
28.1678
52.6398
91.2402
11.9889
29.0741
23.4271
19.7866
25.9278
93.4287
63.9652
31.8888
25.4716
61.7311
25.2109
35.5035
29.2222
22.1009
41.0471
15.0153
23.1537
38.02
20.8324
31.3266
15.8942
24.4495
27.2181
20.9985
18.7264
28.9828
33.6857
44.2162
46.1816
21.5969
23.8431
29.033
73.8254
43.552
20.7632
11.2671
29.7218
16.5642
40.5331
63.4623
35.0225
14.8742
61.9459
23.167
14.8172
13.0084
34.8967
24.2553
24.892
20.4076
14.5053
10.2262
17.6068
20.1013
34.8139
16.0057
23.0982
31.6751
13.1423
22.6513
56.2166
39.6552
49.7492
34.9491
16.2451
37.827
38.795
25.5963
39.2075
9.0214
46.9037
53.3337
29.795
13.5373
64.1831
50.9399
31.841
16.0846
39.5943
28.2471
9.81528
72.8228
36.8113
34.8439
23.8288
22.4988
30.568
22.752
15.9368
33.9901
9.79777
9.70711
32.7102
64.3371
18.6011
80.2887
31.0873
35.3414
21.9724
13.2071
36.6417
19.0912
34.0459
33.3391
7.82124
39.1915
54.634
34.7324
78.9707
50.166
23.2679
28.815
33.2784
23.201
18.6295
25.7279
37.3299
15.1663
12.8381
20.0641
29.2232
23.4812
48.2106
15.5597
34.5381
16.7054
23.3053
27.1434
55.0687
33.4162
121.121
30.24
17.224
8.0206
17.5831
51.3383
47.9234
20.0639
28.294
40.6704
12.4817
35.566
40.389
11.1157
50.9143
68.4587
45.1378
18.4661
39.2419
48.4111
12.1975
12.3955
23.9544
11.5265
20.4983
111.859
108.915
12.9292
32.9016
117.878
58.7368
68.9765
41.7138
15.9591
18.8995
12.4043
25.2863
11.9131
43.6315
49.3373
39.6589
22.3696
32.9593
19.3115
54.2215
11.4028
32.1194
19.4978
10.2869
12.8772
40.0685
22.5907
24.4717
38.0652
21.1948
23.709
22.6103
19.9538
12.3194
76.4183
22.7966
51.8103
39.7687
12.1795
21.7513
28.9177
92.4045
28.0554
25.5134
16.9406
45.5064
23.1555
23.7252
8.99512
18.9472
15.1697
53.731
36.8018
4.87244
14.9998
33.5339
16.157
13.4441
18.9867
37.6565
115.673
10.2887
55.5662
13.0643
27.4201
41.8834
24.6669
23.9694
27.5253
28.6307
40.057
26.9929
12.1626
41.7417
30.4908
18.0657
18.3424
10.6704
62.5054
32.1142
35.5808
54.5294
65.0087
10.0764
26.864
38.3879
115.232
20.9904
16.2968
12.4645
59.4417
17.9666
23.4371
18.9494
37.1279
7.41723
54.8626
16.7643
20.7724
6.54125
34.6404
46.9221
16.9881
7.60886
27.5169
16.5537
52.9329
11.5507
25.266
48.9068
52.415
23.1798
58.9983
42.9581
26.796
32.4805
51.5122
15.9827
26.2604
32.8365
16.9923
11.2204
24.8197
26.0698
65.2626
18.6969
22.9316
47.2747
51.1872
28.6209
29.0235
14.2753
23.9463
11.348
41.9623
59.6417
15.0434
15.4013
42.3174
49.7903
65.9686
72.2179
62.016
45.934
25.9921
56.871
14.4739
32.059
24.0441
9.34408
9.2253
50.7296
15.5099
43.0713
44.2722
28.8584
32.0028
44.0026
43.5853
22.8298
33.1991
15.235
7.10441
22.363
42.6164
23.8474
83.4084
28.4139
49.559
30.021
17.617
40.8082
47.0262
17.8637
24.7982
39.5764
42.6512
40.0098
31.3511
37.8577
24.3108
24.678
11.2141
21.4669
35.2769
77.4523
14.0792
56.813
36.4426
24.9169
14.8355
35.5749
16.7435
12.7793
25.6739
17.4264
23.8598
78.2391
8.6465
15.815
19.9778
19.0107
7.60498
9.77518
32.8191
19.4567
13.832
163.218
54.4009
19.3901
42.5422
16.4299
23.3451
85.8706
22.8227
25.946
27.2112
78.2684
28.9723
11.796
12.3817
20.4589
14.4207
37.8784
46.4389
16.6757
32.2702
52.82
39.6431
19.4502
51.0956
21.2033
54.9131
67.5857
21.0737
11.5908
44.217
19.8814
21.9375
19.4286
28.0773
12.8467
37.0789
31.1162
43.6369
13.6017
55.7658
40.2867
26.5858
26.7117
32.4727
36.1297
34.1112
17.8542
21.9205
61.8117
35.7683
27.8704
36.3834
22.9868
78.7434
60.6253
87.2055
51.2574
20.2722
29.2615
30.9419
33.3543
20.753
32.7505
9.90099
63.144
31.8551
23.6121
35.1819
31.8518
22.7897
82.5994
39.3143
41.3724
84.6067
27.388
12.4801
70.4675
43.8832
44.5995
40.5814
31.6688
36.9877
23.2295
20.3053
8.38926
53.3136
22.2044
31.5029
109.081
11.0461
52.4663
26.9206
25.3904
23.2026
43.0065
20.6789
16.3574
21.6234
8.18118
20.4117
21.3406
16.4377
37.5022
75.1391
20.3282
11.985
30.8547
43.9193
15.5778
46.7731
15.0272
13.8063
28.2
11.4038
26.0015
15.5026
23.618
68.2365
53.9662
41.3479
28.935
55.4164
31.9752
14.091
28.105
43.2302
21.9049
26.3675
20.7122
33.7543
58.3466
14.8005
27.5106
20.5218
27.4729
33.9688
21.7959
22.1114
14.6456
38.6949
41.3042
15.895
25.1506
39.696
41.4804
32.939
23.5485
38.5193
9.80362
17.6112
22.9705
17.7772
25.3308
56.0567
36.51
18.0526
7.21158
39.7796
39.2907
16.6211
12.4564
49.5607
11.7784
71.3147
37.8783
58.1842
35.7935
20.3993
91.5274
14.11
24.5856
30.4513
21.2075
10.2335
35.5944
36.8091
34.0392
19.2705
31.8564
49.7225
58.2218
15.0538
78.3037
26.5677
18.9579
33.9887
25.1306
34.8446
25.2643
26.777
49.4487
26.535
21.3676
16.8094
25.8583
50.087
9.50424
23.294
49.3031
39.2868
20.9926
35.258
63.3402
22.2184
22.9656
25.9495
16.9085
31.369
58.3734
18.1106
64.5181
21.0587
11.0614
36.6781
34.0331
22.5237
14.4947
14.0673
39.5765
13.8218
21.3522
30.0556
19.4556
20.1164
7.54467
82.7295
33.8866
33.1218
27.879
20.8853
23.9716
34.6549
14.9297
20.6882
9.7342
9.87691
23.3768
55.249
32.9688
31.9747
32.5245
21.9332
64.2384
46.5747
21.1058
52.594
21.8259
20.5902
30.9349
91.0016
19.1665
41.8172
24.9624
15.1065
26.9617
34.2052
27.8791
61.1037
10.3116
34.0217
33.6264
18.2847
33.6767
14.3456
17.9012
67.7692
25.7049
39.6031
15.1197
17.5587
17.9986
32.5614
36.4219
57.1892
18.7809
22.8372
17.9005
76.7642
26.2631
22.0281
20.5785
16.6565
29.8674
17.1145
23.8815
47.1882
28.135
45.9374
35.2282
17.0636
19.8339
38.9444
14.0817
21.4926
22.2581
34.9872
63.2237
24.4957
42.2556
31.3465
48.4937
65.7082
33.8463
11.5205
38.0796
14.1685
24.8575
54.2558
17.8546
25.9952
15.0929
30.2911
34.3659
14.8528
49.4527
45.6206
21.1951
44.1621
58.5748
50.1276
9.84455
20.1204
58.313
11.2344
16.4261
24.5301
41.5629
53.195
16.1658
30.2154
11.2025
26.2346
61.662
16.928
30.7237
16.1067
37.3445
45.3665
33.7183
90.5705
23.1886
20.0969
70.3539
33.7488
12.9145
20.5531
28.6003
46.5013
42.6588
16.9897
23.6722
20.2051
35.3552
48.7498
28.1102
42.8605
19.6635
24.738
56.436
25.4749
14.5736
24.6239
53.8457
49.2182
17.7676
42.9797
7.20238
49.0734
49.3563
34.1246
50.4417
14.224
36.7455
58.8227
35.3536
23.8926
29.5514
73.0172
20.5292
17.9591
27.0006
30.4085
31.4781
34.4658
110.032
58.6399
37.8918
18.4718
33.8439
42.3774
17.4423
28.0473
27.1696
21.1211
58.7366
12.5988
46.8019
24.5754
37.0408
14.1719
34.0699
50.2969
34.625
94.767
27.2255
44.8055
36.4422
19.758
25.1089
23.8801
30.8055
53.2334
32.622
12.1633
16.1067
72.6811
34.4586
41.5587
51.6826
34.5212
30.7042
77.0273
43.9115
60.5187
13.523
34.1848
22.4022
25.079
59.454
29.0741
19.0102
12.8052
68.2426
61.6087
17.4511
49.7347
22.0629
64.6297
33.3571
20.3989
17.8152
25.0913
23.4776
31.8303
19.3762
61.8842
28.1678
53.5965
25.9052
24.9553
21.0928
26.0433
19.026
54.6121
25.7764
24.7847
39.0185
31.3165
22.0501
45.8585
15.2896
33.5275
16.0437
22.2146
33.132
18.0944
33.6946
13.3366
13.5398
38.7238
123.767
44.7511
45.4886
25.365
29.3965
30.1193
34.4553
26.3128
13.5291
17.7099
10.4096
22.4471
37.8528
54.9377
36.4819
71.8571
30.7317
10.8253
12.9268
36.8052
10.9425
24.0639
49.7828
40.0115
84.7175
14.5549
18.0538
13.3863
33.7688
18.4279
12.804
29.0095
17.1252
24.1585
25.7405
27.8197
18.796
29.4184
24.6439
25.2266
23.0676
21.4025
28.7095
16.5134
77.9018
81.9001
29.0449
26.1406
25.6378
27.8572
32.2519
81.8918
44.7937
39.2437
42.2257
42.275
25.6794
41.4991
11.4678
56.8885
14.2471
37.7834
10.9115
30.1875
21.0192
23.6595
10.3645
48.7511
17.4767
31.6914
33.3688
36.8329
46.4588
48.3458
26.3765
77.6017
21.326
25.8129
20.9364
21.9871
79.3232
54.6939
39.1806
53.6942
14.5546
28.5565
27.0028
28.0482
78.1062
12.0831
84.797
70.0552
10.7765
54.52
19.6825
14.8929
38.8506
22.7682
63.2558
23.1359
81.9943
13.6536
27.0532
23.9398
24.3406
48.3033
39.1267
26.5794
31.1085
9.21348
55.6482
70.0944
23.6873
6.49231
27.2768
17.0616
56.5869
9.74778
7.05175
32.9007
17.5225
13.6908
15.5356
47.5926
51.5535
39.4617
36.4772
11.541
16.4888
34.7848
20.0049
52.5687
33.7227
30.3976
47.6199
22.5125
25.6254
20.0785
18.515
38.0442
27.3872
74.4658
20.9756
25.7327
61.8413
47.0662
23.3262
31.035
22.2103
29.4058
31.1439
31.9761
52.9977
20.2416
16.7309
18.81
60.4983
8.17728
37.628
31.0027
42.2086
22.6487
59.7958
31.6195
18.5421
11.3064
26.6213
33.8028
18.1104
23.9013
29.6759
43.7401
24.4753
20.1606
21.7486
34.0922
16.7758
14.7494
31.2621
38.4302
37.1635
40.1164
34.243
47.0802
18.8417
39.8266
28.9104
35.6222
48.8563
24.1298
9.08161
33.2533
29.9581
86.1391
53.78
17.7862
34.098
62.5323
15.6409
12.1008
39.0268
12.5175
66.7109
7.12569
7.02497
19.6613
49.7879
43.3486
31.0833
28.9687
34.0956
12.0988
26.7605
35.9798
53.0653
14.5831
31.5479
12.1752
10.1456
63.6422
12.6021
25.9983
49.2354
13.8157
16.0041
55.7411
39.8295
20.7923
25.17
55.0568
44.9239
21.6587
25.313
12.2174
19.2427
49.1034
36.2192
49.8539
89.9979
9.2792
24.0735
23.9975
18.2566
7.94453
17.4723
41.4297
25.1038
35.5265
56.4437
15.2205
7.86163
14.4341
54.6654
27.9009
29.3811
36.2342
16.2159
12.4188
37.4835
36.0314
33.1409
35.8266
31.4284
33.0481
53.4367
20.7028
24.4493
11.5926
36.377
12.1012
35.0412
80.4931
31.5396
31.1454
13.8033
45.5201
19.3718
23.8203
43.7634
20.909
22.4237
22.1854
15.0679
37.2615
24.5777
38.3904
68.2532
30.5675
60.3239
83.6166
41.0707
12.3598
24.7714
64.3116
60.3749
43.8372
58.6705
73.5227
28.4196
31.1669
33.2785
29.435
20.0886
20.8057
22.5887
72.1182
43.7445
46.7288
33.8054
66.8942
12.5239
51.4176
39.7377
22.0555
25.2975
33.9114
35.0714
38.6801
23.2312
65.6563
25.9582
31.6154
25.8024
10.1197
39.509
10.7066
19.2098
46.4969
12.1001
18.2433
38.779
26.3587
24.2098
41.5704
10.2035
51.7717
18.9566
35.8598
21.8873
27.8131
59.5443
17.1556
10.991
63.8586
74.1338
24.7261
31.6498
48.5767
26.5467
32.4233
61.0121
23.0127
9.39497
44.8323
32.5803
31.8223
38.4012
15.4119
58.271
35.055
22.9916
33.7765
23.7579
23.1602
12.0487
36.9393
70.0678
25.8718
23.4621
43.259
12.9512
34.5238
41.3754
83.9268
8.3903
8.79532
24.5137
14.8619
9.49075
24.9366
43.4377
21.7413
20.1286
37.1668
21.122
9.269
15.0574
9.83684
16.8772
46.1381
14.1452
22.7784
32.1292
39.4684
15.4197
12.4653
13.8925
40.3065
33.1961
41.5365
58.316
16.8032
12.2154
30.3741
33.3407
63.9274
38.8558
73.0153
42.4736
13.5359
31.1147
48.1937
67.6994
40.0505
29.9062
19.2434
15.1887
18.4046
49.5901
79.293
15.0872
19.8263
31.337
28.869
25.2526
42.2997
37.0728
58.3371
43.0374
34.6968
23.3121
80.3356
14.8784
36.6768
16.0416
31.4131
11.0554
34.069
39.785
61.8142
35.0974
49.8607
110.68
29.4249
22.3624
26.311
24.193
17.8419
11.2185
80.895
21.5214
31.0081
56.9868
33.1233
60.5582
87.4158
11.4574
62.4843
76.7728
45.6068
45.18
34.6716
56.9778
37.4856
61.7163
41.7659
50.1909
21.3326
9.75839
100.971
20.8382
22.9409
23.7873
14.1328
32.4485
18.3682
10.2412
32.5619
82.0167
28.0796
13.1134
45.3462
21.4596
28.2545
41.3117
32.5013
10.6014
36.9979
29.5378
31.2974
44.8934
30.6466
28.7696
7.40872
23.9321
73.9437
17.9742
48.6374
22.9336
8.29906
21.4582
43.7418
11.729
30.2135
40.4785
18.7
39.4936
41.8604
23.3567
22.7504
19.9464
71.5415
17.8232
10.0787
28.1808
18.9321
63.7077
50.9006
27.682
35.715
31.114
70.6097
41.1005
48.2628
30.691
49.7225
38.5943
33.3254
16.9348
38.1102
9.34376
17.7068
16.6642
28.0768
25.1189
14.4626
29.6515
49.3353
42.5265
33.9408
75.4532
19.3971
28.2133
36.5929
18.9421
8.45833
23.5692
18.9008
24.3534
66.8415
17.5265
37.323
16.7741
11.7615
15.5426
21.2601
19.222
12.9665
50.6974
41.9946
46.0227
19.4609
45.2268
32.5655
36.2253
15.3689
15.792
17.2295
39.324
20.0351
39.7738
36.3386
27.7925
17.398
23.7057
56.0822
19.4745
54.002
53.1738
40.9372
27.2515
30.3346
41.657
31.5888
44.1065
8.90354
26.898
15.5044
80.7562
33.5467
24.6539
16.7154
55.486
17.4765
26.1494
22.8072
94.2266
61.4481
23.3485
37.8853
67.8472
46.8522
18.8351
32.7551
29.8011
92.903
41.4724
23.2335
46.8995
16.1921
15.7554
41.4695
57.6728
23.7004
24.0392
22.6816
18.9236
13.5889
70.6252
7.62201
41.3915
27.4491
11.2855
19.5799
57.9544
31.5513
34.5067
43.4181
83.1755
37.4521
47.4232
18.0257
28.0082
38.3452
22.3614
11.299
32.8531
10.3917
23.6758
34.8311
22.4372
40.8519
39.1661
55.6675
57.2355
27.9596
28.044
26.2949
17.8229
37.0764
12.5444
57.3732
45.4815
16.1656
39.2044
27.9722
25.0824
49.3951
55.0734
27.1759
70.8407
11.1206
22.2136
38.6187
40.6875
13.6344
29.5477
28.3455
12.1374
56.4747
17.5593
25.4649
33.7106
29.4141
13.294
18.1768
20.6457
13.6467
28.4958
31.1886
18.5681
53.1837
12.1601
21.6845
22.8169
15.8158
16.2097
18.0596
22.5706
19.9449
26.0617
130.722
18.4134
7.04462
11.4491
60.7986
11.2646
19.4989
26.3883
16.3249
22.94
50.228
64.7418
6.65269
39.7334
22.1003
31.5788
18.3011
68.4015
44.0676
25.0361
8.08896
17.8113
18.9557
80.1067
34.2885
41.3211
19.1475
11.0963
40.3843
27.3653
17.4653
26.4719
46.5297
22.9474
28.655
15.3814
25.4181
30.8198
17.8869
49.5567
29.5461
22.9665
30.1922
11.047
30.0534
25.8296
82.4753
44.0503
16.1607
40.3137
25.6614
18.7201
29.3478
25.3546
18.2019
19.4994
25.0015
27.4974
30.3763
11.7328
45.4245
13.3243
45.6579
32.072
38.8239
20.7929
14.7555
36.3002
17.8079
29.2267
13.5992
40.4743
47.7491
19.6814
34.4178
79.048
35.2901
76.7172
30.8688
19.6107
10.8121
17.6319
23.6867
52.235
16.615
20.383
22.7045
25.3906
18.9135
20.1982
19.4347
13.7643
14.7721
13.5013
51.0418
66.1552
46.3485
35.8492
60.8989
44.4965
58.5058
72.2453
11.5117
38.0776
12.1464
21.3322
59.7673
13.933
26.1417
23.339
14.6798
34.4369
16.0142
19.6831
7.3721
17.6891
20.3688
36.0055
86.5643
56.2717
23.4038
12.6662
32.5968
30.1176
50.9188
75.8991
21.3517
27.836
27.8691
11.0181
14.7485
33.1518
38.8398
29.5057
28.9824
15.3642
47.7473
42.3646
14.803
50.5094
54.0311
40.4021
28.8538
17.2335
27.2356
13.1918
19.2305
20.2966
21.7158
14.885
14.4207
55.6399
37.4427
30.2045
60.0276
64.8228
22.4279
18.291
18.3484
71.6389
28.1613
25.5044
11.2805
40.229
55.4181
19.7114
32.3372
47.2303
16.0714
16.7402
43.4912
28.1474
34.5274
27.6672
27.522
38.0861
33.201
37.4022
89.2244
14.7672
12.367
16.1529
20.8062
44.927
34.7511
32.3566
28.9034
14.4038
30.8514
19.0403
23.4845
28.5951
21.3342
16.0469
32.0741
27.7374
29.1526
32.7221
15.7838
19.2253
55.9261
85.0537
19.7176
33.2126
28.8443
17.4549
15.6117
36.5755
49.3925
10.1063
26.2392
31.0417
44.0356
10.5963
21.0518
13.8284
10.406
18.8792
45.8272
48.3546
12.1643
25.865
47.702
10.8763
18.0283
23.094
25.6187
26.6213
57.8004
53.5232
28.4527
21.4494
61.5724
22.7688
31.2092
12.5679
74.0693
9.69298
11.7715
24.6181
13.1686
25.3918
23.291
30.9195
57.4753
30.9539
16.7055
17.4108
9.15852
43.3183
11.8047
27.5881
26.1334
21.5339
26.2718
18.6899
26.4682
21.9995
13.3198
12.0666
17.3843
35.8558
40.8002
74.9255
32.942
17.0767
9.73844
38.4626
35.9337
27.3288
24.683
16.6477
16.8587
30.3222
15.6803
11.2358
23.8196
28.0125
46.8205
22.0052
19.2318
20.7754
15.8689
65.5569
34.9657
31.7618
27.7192
66.9327
27.702
16.4268
58.6754
31.6641
89.7799
71.3194
44.9613
18.4404
30.2846
33.9242
28.0717
9.70732
29.9079
16.0272
23.169
50.0832
15.8683
26.3082
40.7348
59.8239
22.1876
23.1796
126.754
35.3258
16.7472
30.7194
17.0785
25.0728
28.3153
51.1785
46.3552
18.1993
11.4396
47.7143
7.26116
23.8268
37.287
21.0183
16.9161
56.0774
15.4958
41.4802
62.3071
10.6235
30.2313
27.0206
33.2872
49.9927
48.6691
25.2872
23.6693
26.7459
66.0271
26.1918
37.4588
22.1338
55.1972
18.3546
17.7903
30.9864
9.63331
43.5269
14.8962
16.3186
63.2108
43.2947
27.3363
34.5664
75.1261
50.6183
23.2091
20.4652
57.3364
15.3617
9.87825
10.6753
19.3786
18.8619
20.2187
28.134
23.8001
31.4669
26.1874
16.7854
15.5351
24.342
29.0202
20.3838
36.1268
30.8854
56.7239
42.4674
21.1992
15.4887
43.0577
26.988
30.3654
32.9677
30.8896
69.3252
54.6018
36.382
48.9926
52.2272
7.39875
44.0795
21.6504
17.812
14.0361
28.2387
14.3942
15.5118
35.7206
27.1153
23.5147
17.003
13.5676
31.5742
76.968
6.72099
17.947
62.2775
40.2914
31.3556
23.527
21.8454
49.9579
55.6385
14.0581
28.3868
36.3126
27.1495
18.2001
17.208
41.1953
24.1372
55.5666
11.5497
38.1469
47.2063
15.5224
12.5534
19.51
16.4918
10.7117
68.2095
9.66371
11.482
58.3126
18.1008
15.4333
26.7557
9.56207
28.1231
70.8486
18.6213
33.1611
33.7596
52.5528
67.436
31.2057
58.0738
39.8845
44.1897
27.5083
58.183
40.7166
8.31012
64.9225
51.6464
27.863
17.3487
13.8984
12.1277
41.4329
14.9141
18.8501
23.7367
26.6128
17.5254
11.0241
40.8836
15.9404
36.2191
46.1529
16.7091
24.8284
11.0742
34.8144
22.2641
28.7889
48.949
21.7822
12.1361
21.3587
17.0223
43.9592
18.5681
4.02532
21.7365
62.6067
17.9186
32.5747
28.1923
13.3057
18.9505
22.0954
23.0802
33.348
21.435
26.5653
23.4169
12.7053
35.0765
26.9598
37.7414
41.3976
12.4186
23.461
8.33863
30.0397
11.3015
22.0662
52.3257
54.3207
37.4167
42.1834
51.9674
45.8731
44.9192
57.2323
38.159
53.9861
25.1404
25.1024
47.3211
25.942
55.1571
14.0931
38.872
11.7209
22.6153
27.5304
12.8032
24.2283
24.2931
16.7297
29.3804
34.5627
50.0558
29.0898
34.0311
65.0897
33.0204
19.3785
27.0946
36.6652
31.1791
46.7551
34.7273
30.8292
15.4836
87.555
28.6747
63.7806
47.492
34.9577
51.5011
56.9585
21.2027
24.1175
26.3591
19.6654
25.5855
30.8463
38.5453
26.5506
32.8186
25.0303
26.5691
23.0239
39.158
18.9755
83.9972
39.1407
60.8354
14.5249
30.1669
33.4007
27.7977
9.59216
9.83877
58.1849
7.02535
13.0917
18.698
50.6809
33.218
38.9921
62.3854
44.4141
44.5234
12.1195
16.5574
52.81
33.7772
43.9078
42.8607
19.8679
32.5071
46.7812
26.8182
24.5488
20.4872
30.2581
68.5673
40.8514
74.7132
36.2301
10.4497
21.7223
17.6252
16.9799
41.3298
13.2527
19.6743
14.023
18.6915
52.7636
34.4746
21.5193
20.3993
23.4092
34.8115
14.5154
5.27911
25.5611
23.1981
38.7146
17.0609
14.0559
35.0762
17.7296
52.0314
88.4385
14.1403
38.2691
66.8009
44.1831
8.24101
27.197
19.803
14.2471
91.3736
27.2938
23.0216
59.4624
21.3709
14.8156
34.5809
53.8781
40.3101
50.0488
18.2243
36.2176
62.8789
24.085
18.2589
36.4226
40.5675
19.2369
73.1883
23.4652
46.7672
33.9877
23.8555
11.1842
39.0024
18.477
30.5683
55.7139
17.873
73.7722
43.9353
53.1886
21.5635
29.8745
22.7163
30.3259
30.3047
19.1521
63.3556
16.5595
48.3101
24.675
61.223
10.8011
17.6711
26.6196
40.0893
9.82705
15.682
32.4391
17.5807
17.7326
33.9861
28.266
26.7566
17.6762
28.8985
20.6229
13.8667
8.87295
26.2927
45.3499
36.5255
29.6605
56.1501
19.2367
70.5715
61.3975
29.4793
33.1024
12.3506
17.1665
18.7312
38.2303
39.5851
11.2985
51.6221
46.0692
41.8673
15.9741
9.68321
15.3942
29.5689
48.3477
16.2366
16.658
15.5906
25.0542
15.4109
69.2602
36.7454
46.6604
32.9971
59.3349
16.4716
40.1723
33.8485
53.6834
29.5031
66.913
18.5959
56.8838
13.6771
30.3264
71.142
86.7854
22.7569
39.6511
49.3795
46.2646
10.5931
28.2744
31.4792
23.9545
12.8297
36.8715
22.8473
22.3814
11.986
31.5541
18.4859
12.4003
39.8078
10.8074
52.9344
25.0954
30.0709
43.9773
8.32623
39.627
21.7809
19.2927
75.4077
66.8962
39.3102
28.1112
24.6775
30.8391
17.2389
28.4365
28.6882
15.2204
15.2491
12.1922
35.9338
26.8975
17.8939
22.093
45.9553
11.2508
11.2644
15.344
45.2229
25.8807
10.6102
60.3196
40.3615
17.6886
17.1768
34.9282
139.781
14.8741
9.56251
36.2218
40.6706
31.2728
27.6484
53.207
22
21.7224
20.5724
25.7237
11.4757
18.3047
13.7037
19.7881
58.0636
42.6504
19.6034
74.3964
60.0246
23.5201
21.3699
14.4328
55.866
27.8548
13.1099
22.3861
21.5867
22.1344
27.8141
23.2531
40.8542
38.8583
31.6087
37.4026
10.7379
41.8748
10.0892
38.8151
30.5561
54.5214
34.3204
17.6294
42.086
60.6338
36.724
47.2317
16.8753
37.8856
16.5004
15.2479
25.5073
18.0531
57.272
33.1782
19.1245
16.5656
16.7257
19.9953
17.3442
33.0201
31.4921
36.1572
22.2166
35.5161
31.5756
45.1472
10.2326
36.9638
22.4276
51.3735
32.8401
18.2277
58.3955
43.1917
55.2823
47.4195
9.15092
37.8848
67.1212
58.543
17.4608
18.6043
23.4874
12.2208
40.9342
10.0435
13.8224
10.3503
24.1185
39.6137
42.3513
71.8941
15.1413
29.2379
31.5614
12.398
38.3718
25.2097
14.5715
27.8808
31.3891
23.1432
41.6576
14.398
48.1744
22.2948
41.6386
25.765
20.7251
125.252
46.9552
17.7053
39.9531
11.8348
29.5343
23.8877
24.9666
13.6239
26.9872
58.5426
15.9974
17.8188
37.7426
30.8999
57.0708
68.2659
33.7772
54.0022
10.6685
40.3291
32.4188
32.7353
32.1362
40.7528
86.7425
51.8095
40.4613
11.9922
27.7578
36.6333
20.9208
134.615
15.2241
69.7494
12.2106
37.97
27.4892
32.9038
86.3331
39.2575
29.0151
68.1466
51.0366
11.5256
42.8981
4.37662
11.5014
13.1305
22.4791
18.0669
54.0229
18.267
22.2012
15.7459
46.4408
22.8896
46.3427
62.6849
23.7062
15.0408
9.09882
15.2562
16.6407
59.5261
26.207
9.12548
15.5739
28.6993
18.6618
30.0889
17.6056
24.1974
34.8702
11.886
19.5768
10.7429
31.2398
62.6204
21.9525
25.2337
30.811
46.6287
79.6751
9.41045
33.4648
6.52982
20.1621
14.0134
34.8336
16.9132
22.276
21.5173
15.1416
23.5244
16.4537
40.1379
24.5704
70.5891
26.8503
33.183
39.4911
36.8912
56.1704
44.4756
23.3749
60.3782
22.4748
21.3291
17.7394
27.5593
17.3296
20.1378
32.6763
19.9893
15.7481
19.0514
41.2533
24.8466
12.0609
18.3082
56.129
27.9576
43.7827
31.8594
35.8469
27.76
40.8566
27.643
19.3941
49.3737
18.6845
41.2497
26.9465
14.8287
15.3609
22.4524
25.8585
14.1541
13.3483
33.1785
31.5283
10.093
21.9597
13.0711
10.2127
30.8999
30.109
21.2652
20.2984
9.46946
45.5481
22.2544
11.0641
46.5131
23.0063
23.7914
28.6225
8.72424
23.0382
51.0325
48.6526
11.0675
34.473
8.78414
15.3004
23.0005
25.3366
13.8605
25.5179
45.43
47.6659
57.7985
26.0902
26.0093
18.4507
17.6969
15.819
8.03878
15.3891
28.9709
40.0741
41.8967
36.2423
28.8669
12.7893
17.9778
16.8876
9.99743
14.9773
15.8402
32.9463
43.6118
22.3222
32.3019
49.6309
10.1217
23.4343
27.2676
22.2702
60.2979
38.8427
13.1435
27.1662
34.272
32.6235
26.9984
30.0901
67.4986
20.6865
34.0662
29.4159
27.8571
33.2845
62.0449
27.6044
17.8014
11.793
11.1794
23.6912
46.665
17.2571
32.1273
11.6355
18.5934
18.6544
16.5394
34.5892
28.7879
40.6571
49.1496
14.2353
21.14
9.07281
22.9656
18.0276
34.7964
29.6846
28.5761
101.427
30.2667
36.8642
16.4831
30.8968
101.747
37.6973
28.5257
17.3604
8.56294
35.6243
24.0341
33.9026
35.9579
19.75
31.1389
112.435
26.639
23.1415
21.6816
25.9862
40.8745
10.1696
10.7877
30.8395
6.93228
63.1763
69.3529
28.4476
22.2371
12.038
15.8843
18.8299
84.9195
19.7035
31.3945
30.6846
17.0624
46.2365
11.7195
38.0235
18.8174
15.898
20.3682
25.0474
32.0676
32.5461
42.6561
67.8272
30.9099
8.88537
20.6571
20.984
32.58
24.0386
32.4171
55.2539
13.5475
25.68
17.8952
32.4648
54.3943
36.9951
31.5935
61.8117
39.2394
20.6857
57.9594
36.3495
28.2636
33.8179
28.0132
29.0097
54.867
18.5675
25.3603
12.3291
19.6729
32.7414
31.5449
30.4802
20.9203
9.66886
44.5267
36.4197
17.3038
18.0325
38.3966
33.0318
47.529
17.5052
67.7596
11.3332
26.6529
44.6572
17.1571
34.8458
39.9417
20.8006
44.8138
30.8382
31.7802
83.3457
19.2812
48.0774
20.6843
61.3603
32.2248
35.7909
11.0328
38.7342
68.6249
24.6445
9.83543
18.0982
44.9139
31.9427
29.5226
59.7815
52.6948
31.2893
77.5205
12.5137
14.2048
25.1464
86.9124
24.9208
28.7125
20.0639
16.5017
61.5791
25.6079
14.7581
14.6176
52.0222
22.9628
29.2403
20.3544
21.0774
42.3628
22.7004
36.1031
16.9372
37.5047
33.6678
31.8235
19.5985
9.89577
72.5851
22.5715
62.5374
18.0457
9.30631
34.8186
12.5342
26.1887
27.5574
23.8544
21.0464
33.3089
33.6874
12.3078
38.9778
26.999
13.8433
39.2943
33.3027
31.8486
45.0148
41.427
63.9288
33.287
15.479
10.021
6.29623
6.98187
16.704
27.0215
30.6193
57.0809
41.2166
61.3559
5.67424
35.1219
27.9733
24.4505
9.21798
11.1223
43.1515
28.1026
33.5659
65.7042
18.2124
18.5032
23.6142
86.5399
25.9621
22.442
36.9623
60.7589
20.6838
20.1276
30.1491
28.9242
35.3768
38.1965
18.6692
16.9598
50.1095
47.5677
19.2484
17.5082
32.0575
91.802
41.4308
37.3063
68.1279
32.8882
17.5734
21.5192
19.502
48.985
30.1167
57.0722
12.0042
15.8515
37.6113
70.0133
95.0902
11.0407
68.9307
35.5942
16.0526
48.005
24.3508
41.437
50.704
17.599
20.8385
10.263
16.7231
12.6231
46.384
41.7038
20.5555
14.6739
16.8142
72.6009
63.0127
22.2697
44.2588
58.0073
56.1768
21.1917
12.5725
53.5133
14.8115
23.1148
35.9807
16.8226
20.2507
12.355
11.8928
24.3253
30.5604
17.3482
49.8233
17.2835
18.9033
22.5278
20.4359
26.6111
28.5925
17.1339
18.5503
21.3219
28.3333
40.7461
29.1593
21.2701
21.9291
14.6432
47.4624
22.7022
22.8865
72.0082
13.172
18.4357
21.479
121.474
54.4782
30.5447
72.2878
25.7243
14.4171
28.8526
18.9965
26.8905
11.7658
17.3451
8.42293
25.7079
30.576
26.5577
13.0152
61.2155
19.7156
15.0391
22.6996
10.7719
19.9705
53.3755
44.064
54.732
46.0213
60.1666
18.7297
19.586
31.5826
65.5268
30.6214
88.7153
36.2356
32.0722
27.8156
22.6991
43.266
35.7773
14.3403
71.5553
39.0017
16.8274
80.1472
16.6532
53.3546
69.1261
37.4735
15.2352
51.3375
29.9379
15.4584
35.9883
29.059
15.1844
48.6414
9.4787
41.2213
41.3212
24.0997
28.7594
19.929
21.8618
12.1254
19.5361
14.2878
9.59463
23.02
26.2275
48.5933
16.413
46.1998
53.2246
42.8052
33.5435
40.8143
38.2389
24.6794
19.0436
23.2541
29.0972
24.8751
41.345
18.7241
49.4813
28.3327
44.0226
56.8491
32.9371
15.7203
20.9064
66.3711
28.7135
23.9716
24.6259
20.3124
33.6521
15.7219
44.4545
18.9736
20.2367
18.7468
57.3746
15.2531
29.4917
33.6395
36.6144
27.0961
29.3387
20.2789
38.2728
18.4536
28.6806
30.1194
34.7075
22.8121
19.1592
52.6373
24.8975
32.2478
19.6563
18.0782
11.1588
58.9723
46.5012
34.1267
22.7698
49.4243
23.6201
32.6485
20.327
29.7039
40.8853
16.3883
19.0785
24.1484
7.98313
36.3199
21.8591
22.1145
28.8774
9.63051
63.5017
15.9073
27.2629
23.9369
17.5309
39.9281
28.6501
34.8832
42.0049
16.5459
27.6915
14.9629
51.1137
20.4621
28.0473
9.27948
76.8908
31.1041
15.3485
25.1559
34.0633
31.5921
44.9951
34.0258
29.9109
28.5479
31.7108
19.8629
7.45053
50.2249
13.4893
21.425
36.3411
24.4809
14.5491
37.8237
16.9969
44.4936
21.0891
32.246
21.56
22.5358
24.1197
16.5602
17.3329
44.5309
20.0248
18.4223
20.5641
12.0454
15.5939
4.88093
17.8864
18.1119
14.116
52.8855
57.0666
33.2576
22.1172
44.8858
28.8628
42.7461
55.6901
49.338
13.9822
24.544
13.0829
29.4281
13.4894
41.0635
19.1872
43.2504
30.3409
40.7631
41.6904
46.8374
35.0913
23.3344
24.5127
16.4542
20.6617
19.1814
69.0843
27.9109
25.053
21.569
64.6633
41.4063
41.9256
20.1801
104.1
8.67934
27.8871
24.5528
56.2254
10.9576
17.3986
19.9584
13.4067
24.614
18.0838
24.5892
17.0831
23.1266
11.9141
31.152
18.3442
50.3043
110.526
36.8507
11.408
17.6951
77.0119
23.8666
29.5806
17.8982
20.4703
79.7499
18.0672
39.7109
27.1679
47.5044
54.4875
7.47361
24.213
9.96677
24.231
14.9605
31.3392
21.3068
22.8066
24.7496
57.0353
47.8986
53.5364
30.037
12.2282
18.3214
35.0965
22.8634
109.613
126.714
16.5417
23.1041
18.3387
41.1845
79.514
16.5847
52.5452
87.9752
26.219
44.1517
17.4988
43.1745
19.0578
84.4486
30.8087
36.5861
26.3647
65.6805
15.9592
35.6087
17.8618
18.6546
27.5407
65.1075
40.3199
34.112
20.2252
34.8251
49.4239
94.0128
22.3623
37.7928
28.0951
27.5852
42.0001
25.816
20.9114
22.3858
25.8911
36.0184
13.4769
62.7195
15.8206
33.6705
34.9603
11.5852
81.6962
37.7307
18.747
39.425
8.28587
28.3113
27.2515
74.2011
26.6835
33.6347
30.2247
69.6959
92.556
24.1517
49.6393
32.474
22.0036
36.3531
38.9456
34.9764
31.7091
21.5858
10.6767
25.9314
11.1757
33.7741
100.772
18.6469
23.453
45.6476
29.7308
56.947
18.0818
20.5338
41.2265
46.5431
20.6731
18.6026
10.4778
28.4445
43.6915
24.5705
35.7362
10.9246
52.0305
57.7718
37.2955
14.7838
51.7916
28.8325
16.7342
11.3971
12.5858
28.5834
24.9512
31.5791
30.0041
51.6095
13.6483
31.8438
12.5947
75.7419
27.5455
29.9334
126.369
28.4755
19.8052
28.3928
63.2811
11.7994
25.2524
27.0435
21.9101
38.1333
14.5769
54.5068
11.6123
33.0668
14.1139
13.8241
20.4247
19.1262
16.3244
28.262
26.1519
27.7432
13.9098
23.6314
26.7935
20.3903
13.7048
45.9456
15.3727
16.2199
12.9628
32.6059
73.5923
22.471
12.7934
43.1483
59.7134
34.3097
9.0658
16.6005
24.87
87.4147
31.4049
22.7703
38.9461
33.4777
13.7266
17.2055
37.2586
9.80315
19.6875
17.2076
14.9512
51.7209
15.025
17.5778
40.831
115.383
40.6919
76.2526
37.8615
22.4338
12.7524
29.1648
14.2004
33.1924
23.0423
7.92751
22.3317
16.0496
10.4588
35.01
27.7525
25.6559
71.8537
54.2807
36.7969
29.9962
52.1495
20.9487
19.9043
35.9949
33.837
71.5719
78.4629
80.3461
14.7015
31.9408
30.2197
23.7917
38.2526
32.0729
14.5084
41.5211
9.13014
73.4581
96.2946
24.5113
12.3625
18.1176
26.4356
55.927
36.5589
70.2694
24.1647
19.7622
16.4363
19.2377
16.4465
28.5142
62.9679
23.7371
29.9368
93.9281
28.6225
21.7647
40.7938
41.3577
11.3513
10.0976
37.2359
16.9436
39.8778
50.774
56.7887
44.8291
19.2602
58.8091
72.3273
20.6226
86.3248
44.5205
7.57327
12.7902
24.4656
21.7841
19.4518
14.4202
15.5488
90.1151
46.4695
23.0677
35.3716
13.215
10.5245
31.3522
32.1574
22.6688
12.9148
17.7301
59.5369
6.23231
13.9241
53.788
16.0725
19.2745
43.646
69.5999
13.0483
16.6252
12.3941
43.4681
7.09114
75.9133
23.2005
21.2052
94.8082
70.0027
78.0275
36.8447
5.73501
44.627
15.1602
12.8194
28.797
62.3808
13.3788
19.0796
38.8583
128.054
76.9884
34.4605
34.3489
32.2331
15.9662
63.0034
139.109
13.9425
30.0544
50.6257
31.6027
31.3843
12.6108
28.4009
6.63782
11.2377
75.393
15.0712
25.3048
14.7566
10.9453
10.5733
17.2496
9.83319
13.345
34.092
41.2666
17.4056
11.7931
50.1843
15.4181
12.9149
8.64038
12.6561
22.6912
37.8259
18.4073
37.4534
32.1007
30.6403
16.448
24.8223
40.549
14.9169
16.3041
20.1315
65.0449
29.6878
21.2951
23.4795
19.7192
40.5798
16.0688
14.9323
40.4968
10.9235
4.44518
29.9174
18.8692
13.8966
33.1863
16.7
43.786
15.5979
38.6542
46.0285
21.7938
8.39345
10.8288
19.7978
51.2944
21.044
21.0551
37.8135
34.574
18.9149
65.662
9.42581
32.7055
20.4129
12.526
26.0984
18.9177
42.5028
24.2748
74.0914
24.28
19.8132
18.5419
78.2783
10.1084
23.242
20.1849
15.7849
46.3609
34.515
14.7174
64.4299
24.9135
15.7217
26.5464
32.7173
57.8421
36.07
78.6428
81.2447
16.4731
36.729
36.9555
66.6577
14.1957
40.8458
57.9617
72.9485
11.3337
15.4519
12.6516
63.7218
21.9448
60.1096
21.7546
21.4672
53.8078
77.9475
20.258
28.7748
40.6394
25.1016
38.1274
33.008
50.8799
68.1858
30.3778
8.57679
34.5905
32.9363
21.1847
11.2605
35.3096
19.6639
18.6092
30.593
10.7075
60.0211
44.9863
14.7211
23.1207
20.2744
15.3323
64.0538
35.9482
13.8775
35.311
72.0334
36.4761
36.8775
26.2031
29.6243
56.976
36.6568
9.44679
12.3712
33.0438
27.5153
59.9325
18.6924
16.55
24.6816
26.7511
32.4816
9.80832
16.3761
20.6394
49.6809
12.3992
25.0848
28.809
40.0441
60.8061
44.437
22.9159
36.824
23.9418
21.4891
22.6818
19.7624
78.8772
32.8735
18.8113
15.3206
11.9359
47.7388
34.4786
16.93
43.3533
23.1724
29.0249
18.4018
32.5378
64.4024
17.4477
13.7589
66.357
47.6735
42.8535
40.8385
55.7801
44.4779
20.5014
28.6108
22.8727
43.1848
36.5796
14.5255
31.034
29.5265
70.8577
36.5825
34.8387
33.8086
59.3609
30.5216
21.1267
46.8464
18.3873
20.9457
22.8626
33.1976
16.2565
17.0878
13.654
17.0858
55.2671
27.0342
19.3959
32.998
20.792
25.0571
39.7146
20.7612
13.3128
42.0424
19.7045
27.1793
45.8511
10.4627
32.5699
36.1813
16.5768
50.168
30.4498
28.6601
83.8581
28.7679
17.1459
57.7527
26.0783
52.0205
23.614
28.1437
8.64968
66.7171
25.3465
12.3789
15.218
15.8706
5.08745
15.7301
26.7099
18.0921
28.1661
21.438
28.682
31.4081
22.4216
43.4345
22.7615
26.5592
45.3561
87.3384
40.7189
44.2286
30.5126
32.3064
27.9572
37.3896
36.1173
19.3888
11.6724
41.7696
18.1077
32.9067
10.145
24.9055
100.008
28.6205
19.3854
17.9415
33.9485
16.2571
28.4779
27.6755
30.6221
29.9905
51.6695
38.7347
65.9744
19.3221
16.6043
76.7099
36.5978
40.7372
36.6802
13.2016
17.4712
34.0342
26.3921
32.7374
32.4139
8.31048
25.6904
26.9755
49.8667
32.8475
30.9106
30.0234
31.2997
14.6582
15.9633
31.15
37.8257
27.8951
37.7809
39.6754
15.4249
24.9011
29.4985
35.6045
9.39209
40.4694
63.1738
62.4665
56.3076
17.2633
38.858
31.1077
58.9011
21.7077
23.6595
18.0877
43.9752
28.527
63.7486
31.5633
28.1055
33.1507
21.2078
37.7097
30.0414
13.5482
14.3338
69.1079
43.3657
36.9769
27.8282
48.3886
14.3863
18.5565
33.4281
10.6601
37.9314
38.7584
17.2104
88.0499
25.8589
24.8731
11.6058
84.3131
66.0445
15.7483
52.466
90.9291
17.8465
15.8265
17.0283
27.0125
36.4005
21.7281
32.3564
59.8027
19.2552
12.0341
16.8932
35.4022
17.9302
18.8541
50.7847
29.0593
11.5882
21.542
25.8312
8.84847
43.954
14.9368
28.9526
17.0914
48.8719
12.7834
17.0611
21.6042
23.0975
58.5502
9.17868
12.6953
42.5254
25.8199
32.7242
17.0736
15.9987
56.8294
35.8211
52.8078
134.518
36.511
102.202
16.587
47.5925
27.6586
27.9964
18.277
66.1997
50.8269
17.4123
117.122
18.9612
10.3365
42.7422
39.433
75.6132
29.6698
22.9449
28.785
18.5141
39.1854
22.7524
18.6923
14.6319
23.2153
14.5063
22.3308
34.5531
54.077
29.4958
10.3656
36.4963
21.1373
32.134
17.6385
28.0668
18.1443
20.2283
82.7565
12.7294
32.5009
26.767
50.4185
40.4202
54.1311
35.9777
14.7226
34.9874
44.3234
28.9719
33.8845
7.88348
19.2384
46.3907
19.4479
21.7647
24.4318
27.9874
31.9816
27.0697
12.1512
14.8807
18.3743
19.498
12.0329
13.5995
57.2091
39.1734
9.98323
14.5379
16.7088
30.6594
20.9498
40.7209
87.8151
69.9341
60.4917
14.0554
24.1101
7.62959
44.678
44.4593
21.9601
36.3956
52.9601
28.2385
19.7074
20.3269
13.6287
14.6361
17.2938
4.01725
19.8536
75.2768
34.0414
27.9317
17.1037
28.3572
23.8979
21.4003
58.0425
17.0311
21.095
25.2131
26.8724
13.3018
41.9637
59.231
47.9476
20.0079
45.5294
31.6863
22.6414
31.4352
41.1056
76.8916
16.906
36.23
100.924
21.2159
17.2126
35.2269
32.3251
32.9457
46.5967
17.0117
61.4105
23.8993
45.4113
27.4833
119.755
25.8411
10.0608
12.5828
40.743
54.1822
21.7574
28.0236
37.2246
15.35
71.7436
35.8672
23.8693
37.0352
28.4212
22.6248
14.7509
36.9168
14.7725
25.7195
12.7138
26.803
13.8373
15.6637
22.3413
88.7233
24.2081
56.5617
58.0594
47.4011
69.2646
62.0542
13.789
46.6017
81.3669
21.4691
20.8016
31.5831
29.631
41.041
27.6565
17.4988
13.1734
78.1699
20.1463
112.401
26.2457
11.0579
41.5568
14.4266
13.3016
65.1652
27.1426
112.549
51.2196
37.1307
14.2657
15.595
42.3736
40.6363
20.7323
17.5201
18.9049
35.7233
51.1303
28.9554
26.3745
7.54806
21.7746
55.7043
123.469
16.2492
37.7847
33.7244
13.5694
31.5022
39.3794
33.8824
8.30653
25.9025
22.6885
26.0071
41.7478
17.9888
13.8045
17.3456
35.3895
71.8664
34.0068
14.7536
26.2909
18.8532
8.40542
26.3693
34.7355
11.2711
35.5179
24.5095
23.4669
28.3996
14.5226
23.4763
17.3581
13.9339
67.831
11.6379
50.8396
18.1228
59.0783
52.6243
46.438
73.2646
32.2897
20.2014
27.2826
86.9006
36.9404
21.7285
42.5541
49.1544
56.9128
12.8783
21.6571
14.1943
39.6024
20.4828
15.9677
12.0355
37.6877
30.0086
55.1746
24.9578
49.9478
16.1771
56.4214
42.5384
35.1659
74.2969
48.4795
53.7183
21.9348
11.4888
121.231
14.9324
66.7943
73.7774
94.6096
66.2155
55.1307
16.0038
31.0374
69.6394
31.5497
49.3429
46.2316
24.1162
36.7987
24.1268
24.9623
45.0891
83.4423
43.332
44.7832
23.158
27.8719
26.3485
49.1596
31.5765
26.3773
21.9058
33.0897
39.0178
34.5819
26.9488
54.0767
13.8056
9.75221
7.31556
26.6893
88.002
16.4855
43.1667
31.2192
16.4656
23.7017
43.9416
21.0075
31.6546
30.1703
40.9408
18.3628
17.8088
43.6596
71.0533
39.7172
23.7895
51.7246
20.4155
25.0225
26.5169
17.8891
29.902
28.2255
27.7506
36.781
52.038
17.2451
13.5414
37.592
67.5206
28.997
10.2422
5.9762
73.251
39.2429
29.5419
30.9643
79.3713
13.9562
18.582
19.5397
14.1351
25.3762
26.7577
135.817
11.7565
20.6176
63.8412
66.1693
32.0774
36.5584
21.6466
57.4613
72.2062
54.2829
33.5938
21.5984
31.4397
38.905
25.6016
31.6004
32.91
13.599
58.5547
69.764
59.9495
21.477
41.2174
59.6739
25.2392
18.5316
22.5726
16.5013
83.4876
14.1107
25.2558
74.882
10.4155
48.5347
27.6436
19.3595
13.3369
57.9007
18.1761
18.0975
25.368
21.9198
38.988
32.4541
38.9619
25.1267
40.9443
72.5142
16.8901
35.9094
8.58346
69.6642
20.9538
19.6916
35.5247
16.8753
56.8892
36.909
19.5302
29.999
14.1904
18.0275
42.4638
16.7038
18.76
23.3572
13.1772
35.0762
20.2933
51.0239
32.3706
15.1753
26.0662
27.3993
22.0637
22.9354
32.9969
20.7375
12.1984
21.1556
25.6908
12.7043
30.9674
62.0492
44.5452
55.6898
37.3701
34.4713
59.3872
27.6824
76.9648
21.7835
19.8203
63.3029
34.3324
24.8107
29.7672
13.7453
21.3245
24.0235
47.5746
38.4447
74.3963
28.181
49.9078
55.1633
20.5741
10.7192
36.2278
10.2028
50.6127
31.7964
22.9331
30.7639
77.2586
12.6257
16.7672
80.1942
73.6553
42.2838
34.9351
27.2887
21.3275
45.8667
17.8439
18.1145
29.3659
54.8516
21.0809
42.5258
17.8399
11.198
22.5878
67.1661
13.8729
43.9022
18.8773
28.7474
70.0937
25.1347
23.2941
35.2049
13.6541
34.3791
37.9136
68.4314
10.6915
32.0803
47.0816
23.939
49.1966
18.2086
40.8958
18.1934
16.7493
62.1471
75.1624
66.4617
41.8504
16.9644
34.6736
30.5362
35.1805
58.7503
17.3724
45.8183
36.2776
36.4407
43.4885
26.7787
44.1181
25.5786
36.051
41.1644
11.1269
15.9228
43.9414
40.2868
25.0783
12.9326
12.5374
36.1261
17.0372
10.3885
32.5275
44.2627
13.5413
34.4866
16.9794
18.864
32.5293
37.6262
14.5319
14.5871
32.6256
9.99495
15.3677
21.398
53.9062
17.6354
39.677
4.93908
29.9855
18.1336
50.0086
19.0134
21.4235
57.9839
24.7669
18.2382
22.1093
25.749
46.87
40.9058
91.9801
19.5951
20.77
27.5249
39.2353
54.9737
11.1582
55.563
31.2744
8.01716
22.4567
16.0013
38.5229
16.9524
20.8974
11.7242
31.1902
17.8416
48.7136
22.5383
48.1691
28.8714
22.1971
27.5246
46.3468
47.6146
36.5714
20.4975
23.7833
51.2102
41.7534
23.3865
41.8438
37.6547
13.6468
36.6436
22.2404
20.3566
43.328
27.8765
19.9269
31.4327
77.5841
16.0748
21.0459
15.7325
26.5734
36.7021
23.4723
38.0966
60.663
30.2711
35.2301
37.1183
25.0075
31.9791
9.63059
69.2399
39.5525
23.7079
8.17145
40.7921
61.0453
18.3093
40.4445
29.0362
31.3392
34.3231
29.4027
40.5659
24.6225
32.5744
21.3755
71.5123
28.0058
8.58353
18.6128
15.9147
6.87035
19.2812
74.397
50.634
20.7054
50.1992
24.3133
21.664
32.2482
13.5884
33.4636
26.7119
40.7101
11.0451
10.3016
28.0351
33.664
68.53
29.1191
15.8364
39.6916
45.5989
52.5008
14.2475
57.5438
22.6674
57.779
19.4413
34.9883
17.887
16.7304
15.1978
30.9919
10.7062
38.492
32.9634
59.2875
35.3804
10.4541
48.8064
23.4441
23.6446
63.5294
32.7454
106.264
25.91
23.0975
39.4182
26.8478
35.6309
128.118
4.12484
32.5901
24.0784
16.8693
65.4119
44.2228
16.3519
27.0141
6.36737
33.102
25.278
13.5459
30.0719
66.2755
43.1105
23.8718
60.6594
37.4145
26.5004
82.5099
79.6377
26.6416
21.2174
9.44723
25.2331
23.3414
26.9887
18.4775
11.6322
21.9157
13.4133
35.6403
30.959
84.8958
26.9716
43.9396
23.8468
52.815
41.5924
33.1799
19.5688
26.518
20.3321
23.0408
21.9122
11.5146
34.8385
36.5222
9.65034
20.9375
56.3165
23.7986
54.574
25.0376
12.8799
15.9192
40.7236
30.1278
17.1751
5.18521
23.0069
30.5237
43.863
37.434
11.7524
38.7574
24.8703
46.2647
16.0975
38.7969
60.0407
5.7869
21.4967
30.7441
9.92463
21.0083
11.8419
24.6541
39.6796
27.6916
29.0304
30.0338
15.1156
15.4097
90.731
28.8447
18.2321
12.8725
41.9508
12.108
48.6722
24.4326
36.1098
55.5441
47.0631
14.8759
58.1557
9.43436
19.4291
33.0378
40.0091
24.1383
47.4493
54.3022
65.2428
24.5979
15.0653
34.9004
38.4537
30.4465
56.8336
14.6894
27.2456
34.3888
60.2398
43.2444
39.3498
34.3722
47.3382
73.0297
22.3989
41.2684
51.4911
181.828
49.1088
14.8794
26.912
31.6307
78.7895
36.5021
38.7516
11.6285
25.7959
11.4264
29.5768
103.377
14.6975
74.6361
22.6785
27.7147
38.9004
14.2036
16.7633
23.8232
65.6416
37.745
14.4621
35.7823
29.2124
18.832
18.4224
28.4763
26.9498
14.6413
62.5459
75.3616
75.947
30.9681
39.7965
13.3919
25.3563
35.0071
42.3372
48.475
40.2002
33.723
32.2354
10.0766
14.3878
28.2022
23.637
23.2896
26.6663
17.8717
21.9333
42.608
19.1972
43.2094
5.3121
20.873
24.3334
13.1438
8.71036
31.5674
32.7823
17.6564
45.2401
15.4191
29.5723
38.7242
28.4042
33.1496
27.4045
16.5527
14.133
20.8324
19.7718
32.9317
42.8567
44.8142
17.2902
11.2518
13.4798
20.1435
18.0478
9.30853
15.2735
40.7044
21.1821
74.8815
83.456
15.2544
63.373
50.7041
18.4027
23.4415
10.9103
39.6165
28.2307
50.7422
18.5505
17.2605
18.0038
22.3624
37.0501
21.5292
16.4489
26.8398
25.2856
43.4845
20.6023
24.2353
28.3815
13.3761
27.0194
34.848
16.6802
10.8507
30.0562
33.0557
50.28
81.0046
60.1054
15.5926
32.89
10.7344
23.306
20.0088
56.3236
50.7631
18.9374
27.822
37.6511
6.93959
20.4959
29.91
18.7567
50.7111
32.3536
28.8501
46.2897
14.7172
27.8262
31.5154
44.2806
55.4518
109.95
35.1283
17.464
64.2228
34.8603
36.9991
36.2119
28.1145
31.6834
26.4017
45.9238
16.6977
49.8223
21.7288
20.8222
48.2291
31.363
25.0008
25.2455
15.9271
19.8829
44.7681
19.9027
13.6619
7.67131
29.7478
21.9579
61.7918
46.5965
12.6066
32.9422
27.4219
23.5173
5.74169
7.79283
28.916
33.024
30.2745
16.0189
34.1193
45.6476
21.5833
48.1598
20.0023
23.3295
41.9764
32.8116
26.1487
18.8831
78.0381
7.53266
36.1848
37.6044
34.7922
25.5126
27.5554
32.2785
23.9342
9.64214
28.9568
20.6054
15.7516
24.949
13.9377
22.7996
18.599
47.3905
20.319
20.6392
11.4172
8.68317
17.3196
16.4956
30.9007
12.333
19.2378
76.7649
26.9223
72.5649
27.3084
51.1934
19.6969
18.8008
28.3763
44.5517
47.7132
29.817
16.3051
17.0376
13.6224
36.4308
41.5874
73.4141
15.2251
19.2077
44.6366
13.296
20.5884
13.0402
42.356
44.2704
18.5912
55.4616
24.3766
46.2424
53.7056
36.3917
10.3249
92.0716
46.7779
13.4777
20.4247
19.1378
18.2283
17.3581
31.6642
8.79459
21.7642
28.3858
19.5085
52.6955
26.6657
15.7312
53.7724
22.518
34.6905
15.0826
21.6331
26.3648
84.8361
10.6038
56.5809
35.2957
32.1446
31.4577
50.5808
52.1516
78.1478
25.9218
54.1885
10.7938
23.4515
31.1777
62.7666
34.1281
20.4336
53.4435
25.5117
20.8764
47.0084
21.6201
25.0151
32.6143
25.7347
7.52151
16.6978
27.0931
11.5888
20.7558
42.2012
18.8485
24.5718
92.9947
15.7825
19.2585
41.3636
17.8866
19.1012
32.0455
76.5631
15.8392
77.0413
73.5871
30.3259
15.8068
14.4375
29.963
16.192
32.0602
20.1316
31.1376
17.5194
60.867
37.678
46.8067
26.0061
72.6915
14.6873
18.3422
18.0365
15.0656
40.428
16.5313
21.9887
27.1371
38.0051
5.68735
34.3726
42.4917
26.1346
14.9214
13.4444
35.6352
32.9717
16.2822
46.007
64.7175
35.8686
53.9614
47.6997
44.6423
15.5729
15.3743
51.5664
13.0471
16.6331
53.8991
37.6899
8.02372
41.5076
55.7918
20.4988
23.7578
32.2448
27.8332
15.7989
61.2832
32.6099
49.0778
19.35
38.812
37.1527
16.7995
21.5806
26.7592
43.4822
56.3221
100.498
28.9265
21.45
22.1668
104.309
33.3905
26.9909
41.344
31.1133
25.5316
23.0713
52.554
45.4883
8.44501
31.4532
58.4561
21.5286
67.9961
23.5502
83.6121
16.6353
13.9382
51.2877
29.4405
27.4831
32.5353
19.072
19.2874
71.2098
49.2541
27.4709
36.4458
23.666
21.7028
30.4771
14.5559
19.3318
46.7007
29.2154
48.2771
8.48912
32.8528
40.7403
114.463
46.1852
34.8673
105.927
71.0109
27.9939
50.0728
16.7408
29.9827
26.6008
54.6839
19.4333
67.0391
11.0895
21.5761
69.1585
8.45328
26.4044
23.9185
30.8986
48.3336
14.9713
41.9762
33.3084
63.2962
16.9414
17.9
29.1164
47.7482
22.2291
16.8177
32.5238
26.8697
35.6432
23.8889
16.1449
14.7967
27.6242
21.2588
28.5554
29.1266
73.0152
12.616
19.686
20.7555
19.0357
34.9418
33.2865
44.8663
13.4842
28.2521
18.0287
20.4604
16.4574
14.8044
10.4086
18.1598
41.2021
26.256
17.2494
43.0614
29.1173
38.506
24.4356
54.0486
18.6381
21.4853
31.8132
22.2594
33.4774
20.1751
11.9262
17.3731
20.8228
25.5471
20.6492
49.1168
20.7102
31.553
15.6665
42.0684
44.6073
18.7915
40.9114
23.6963
31.357
39.6496
15.1217
37.3718
26.3006
30.614
28.3408
16.3557
80.7624
48.4574
130.921
18.989
23.2351
38.635
15.9159
35.6505
30.8626
46.8488
17.422
30.5918
28.9443
31.2123
32.6808
51.5641
7.1806
24.5664
40.0725
24.0251
25.0209
37.3365
17.2076
22.0518
4.59986
13.5417
8.16715
29.4741
14.2421
14.9191
21.6992
30.1211
24.3983
13.7353
54.8649
28.7439
23.2302
18.8653
82.3426
25.285
22.5666
44.1197
12.8253
26.904
16.5827
50.9891
30.3099
8.39042
16.5927
17.732
69.8185
37.1996
11.8241
9.98649
17.6368
20.6034
47.0792
34.5033
26.0914
46.2826
14.1449
15.7911
40.6127
8.68073
25.8553
41.1081
29.9728
49.4659
58.9858
22.2568
40.819
12.0921
18.4299
15.5939
67.4823
15.8943
22.8197
16.1772
55.5608
42.0396
19.5097
32.5926
24.838
13.5108
30.1922
24.526
27.1117
9.69713
77.5893
34.1895
20.8067
61.6586
12.8867
58.5851
32.8276
50.7855
21.4055
43.4601
36.8604
19.7909
15.303
36.9568
17.8897
13.7509
17.472
59.5911
29.5963
20.8443
13.1368
10.5022
18.8444
68.4582
41.8036
40.9314
32.8152
31.2669
33.3704
43.1536
38.9023
36.6976
29.7837
51.0938
16.967
34.0736
53.8261
17.4104
80.4407
31.8282
13.8313
11.0232
36.0645
34.5814
25.8694
14.7375
54.9098
19.3819
32.862
17.2698
63.1068
14.516
45.5215
10.7279
35.7394
66.8896
70.881
15.3506
55.3114
19.9797
19.0663
18.8801
57.5137
17.8488
15.5556
39.2681
84.4084
42.956
11.6166
39.1815
32.7207
19.5217
6.94326
64.7815
13.7589
22.3517
30.7781
18.8463
100.195
34.629
73.2139
43.2759
33.0607
68.6523
55.6957
12.4416
7.02086
43.7679
25.5948
32.7036
11.9668
14.7816
9.37685
6.03475
59.5109
137.483
30.3618
12.2936
18.7195
22.7242
10.8168
21.8041
41.8198
25.8089
14.1406
26.6738
15.1318
15.194
9.07688
52.3268
27.1334
38.2873
40.384
23.7706
23.7275
29.8784
12.0698
10.5322
32.4419
46.3514
19.3364
24.3475
26.7605
19.713
21.2587
49.4809
35.1102
9.76131
27.9227
21.3833
48.2935
41.9024
31.6912
22.2328
26.785
23.429
12.0019
23.0569
37.4393
21.6248
51.7188
32.6874
33.3509
22.5127
28.882
50.1743
31.9258
38.3962
43.7807
26.5735
43.9418
68.1943
66.1407
23.7288
62.6979
32.4196
26.8739
13.7451
23.2641
22.5197
21.9424
83.4141
36.1908
40.0476
29.1739
36.7674
37.9625
18.294
27.0975
12.3334
14.7042
17.4917
31.2976
39.9119
36.4574
20.125
9.3348
47.0684
26.0439
44.4475
14.4361
57.0311
11.6886
14.3073
20.9754
47.0036
31.7399
44.5796
18.0562
23.6726
31.6381
27.4408
14.5017
17.4278
38.7302
25.4336
32.2075
28.3214
19.6372
22.4141
19.3433
52.5515
22.9671
20.9606
21.2674
11.254
56.4266
24.2772
14.9923
55.9367
26.722
29.067
18.9555
31.4011
10.3234
32.3792
30.7804
7.89562
50.8768
10.426
20.0677
72.9308
62.8846
98.4538
19.3429
39.1947
7.48701
13.9875
58.8317
52.5868
20.5304
27.3991
34.4878
19.8672
45.8484
19.4357
57.1563
15.9877
13.9172
46.2023
60.9796
33.0496
37.2951
31.1271
24.2982
35.1209
18.5141
15.9632
19.4437
46.7707
38.1547
45.7796
33.3007
19.6853
33.0074
19.3275
33.0554
13.5464
28.5534
35.5679
19.7843
21.3668
32.425
38.1816
22.3792
29.6431
36.1058
28.7132
70.196
41.2971
20.9163
105.534
40.1335
16.7107
55.5167
22.0435
23.0626
48.2561
36.3083
83.5449
34.265
30.2049
25.8726
38.547
14.7365
23.9157
28.3161
10.5227
47.4116
22.957
145.337
17.3842
15.7807
24.7329
14.4976
37.5043
24.594
31.4466
52.1547
17.7452
22.6911
30.0372
29.0164
13.3944
26.6991
56.7665
29.785
24.2569
130.707
70.9595
32.1178
21.7026
19.3232
11.2775
76.3419
11.8486
39.5887
14.429
39.1225
35.721
45.1937
66.8679
29.3353
10.2053
35.2334
17.4925
27.5106
18.7257
38.0844
12.4787
44.2581
26.364
34.5677
19.5403
37.534
28.4811
75.275
17.085
34.1195
49.6822
15.5322
10.6885
12.8838
14.0763
21.1274
12.415
59.0368
18.724
10.7402
39.9125
87.9869
26.5213
27.4716
33.2578
12.7905
23.3438
12.7326
71.7773
39.7972
15.6529
43.174
22.563
32.7009
30.2216
29.4008
18.4952
71.0414
122.448
24.9233
83.7386
32.7958
24.9055
15.6695
56.3529
42.1973
29.7505
39.3402
60.2705
17.8245
10.8169
31.2576
12.9567
18.4867
21.197
15.8879
22.1415
19.4377
10.6838
30.5604
20.3336
42.1714
29.631
26.5269
24.3713
36.6107
21.4174
37.1271
15.8481
26.5368
12.7704
21.8056
17.0906
22.7378
49.2466
10.3387
84.4951
29.3896
34.271
23.4316
8.59414
15.8014
64.0853
10.5001
16.5906
31.8386
59.4511
21.5603
18.5804
18.3827
42.0722
46.1119
15.5444
21.5099
15.4348
11.3468
35.856
64.1388
36.9858
30.5025
46.3704
25.5933
58.5507
31.0165
29.4609
39.2204
30.0711
61.8377
16.5239
104.312
13.3227
26.3984
13.6524
39.0244
23.3269
51.6435
45.7526
9.62147
34.312
27.4051
32.4951
20.2753
27.1632
30.8812
31.5229
29.2723
27.5165
52.5376
19.5814
58.0527
13.0865
28.1927
19.795
50.8713
16.1089
43.8075
14.901
13.8018
7.49773
30.8968
31.5019
58.6805
33.7458
24.5523
46.8125
20.2152
31.6764
21.7229
8.68127
19.5351
40.6289
36.2957
39.492
43.2351
13.8471
44.2539
21.5835
45.5818
23.4603
5.7649
15.0022
25.9106
10.4109
9.9145
37.7873
18.897
14.2752
35.9591
18.5322
46.5173
68.3568
13.1016
20.8144
24.4413
9.58393
52.9665
55.5498
26.4519
27.7355
21.7856
23.2888
26.5369
57.8647
22.0513
30.9498
22.2565
18.878
33.0171
10.7872
32.3508
19.7181
91.1792
32.5189
19.852
22.7303
22.373
83.5894
25.9341
29.2917
16.8338
35.9102
29.3449
27.7027
26.7169
15.8217
48.5387
27.644
18.565
24.7261
45.9765
28.1981
13.5754
42.2425
34.6901
30.4247
24.2194
23.3929
48.5811
17.0026
10.2124
60.1556
82.9173
65.214
15.1036
22.4766
39.0302
34.1016
10.5244
19.5208
41.1766
44.7737
16.6432
18.0608
10.9615
19.4822
12.1954
16.1285
29.7952
32.1531
35.1622
25.421
24.4684
21.8781
44.9866
38.9973
29.8888
34.8142
40.7654
19.4089
24.3836
21.7335
21.4557
34.132
36.4932
12.4205
73.8125
26.1437
20.0572
30.2169
27.6082
20.1978
32.603
35.188
25.2481
34.0512
85.8895
33.856
10.3201
17.8415
45.5894
44.4488
17.4085
68.0849
54.2501
26.5711
21.6611
19.1974
30.7867
34.8867
17.2679
23.1582
49.9892
47.3874
31.4511
35.8693
47.279
49.9148
33.4809
24.8906
24.2356
140.628
13.2332
11.1883
35.4376
30.5416
40.0247
44.8545
24.289
21.1052
101.687
15.7855
50.0573
22.5482
50.261
35.6044
36.0656
48.2034
46.0469
46.47
21.7443
19.1464
49.2331
15.4709
82.7183
47.2222
36.098
31.6836
26.5511
32.0409
67.5332
20.6375
69.2291
48.1806
28.2511
33.0726
31.3648
28.266
24.2841
16.8206
32.3661
34.3735
57.4864
33.798
16.601
33.1551
78.0484
43.8481
29.0659
17.9941
43.4222
31.052
17.4703
11.2155
19.2374
27.9616
33.0177
21.5807
17.3663
13.3682
33.8827
31.9033
23.9887
36.1591
15.5097
19.1744
24.1285
18.3158
28.8977
55.2661
24.6867
37.0833
17.4079
34.7212
54.0953
75.7109
37.3175
28.6805
39.3182
48.3156
19.1752
20.9678
39.9031
15.5953
48.6479
49.3139
20.6901
76.322
23.6604
22.4149
65.0889
16.5549
59.4148
55.1295
24.8288
35.1297
15.8668
45.976
13.221
9.81709
32.771
35.9924
26.5004
27.2584
32.7144
15.6294
35.7795
14.2707
16.5096
21.0811
33.0257
24.0133
66.8086
29.2968
31.1522
25.1197
18.206
23.7584
19.5234
40.0705
17.7954
15.2196
17.0132
37.7039
23.4247
40.4201
13.6697
17.0192
32.786
11.7761
42.9701
38.5243
23.4668
12.0653
12.4693
12.9044
18.2559
9.49494
29.3654
91.7074
62.2907
16.9294
35.6107
13.8574
83.666
32.8899
14.5828
39.8947
15.6138
36.0643
22.1831
19.2548
34.2021
6.78513
20.4919
40.2222
31.4728
12.951
8.3381
27.8303
61.4088
30.2978
66.6167
45.1549
44.8333
37.1014
41.5228
29.816
24.9941
23.8705
5.58729
14.9502
21.0633
84.0598
11.5879
32.694
6.43826
52.2225
82.0722
29.2718
35.0795
37.4745
70.6833
56.9523
10.1621
39.0105
33.271
15.7419
21.0322
36.2131
10.9677
22.0255
38.321
14.4608
60.5613
46.5297
13.7507
14.2063
6.66715
23.5192
19.5753
10.7614
39.1646
15.0877
51.1611
17.5753
49.9382
121.13
17.1081
24.7908
58.5206
18.7832
14.2076
39.4637
19.1048
45.638
19.9927
20.5384
23.7392
49.2899
47.6376
11.0812
23.1244
59.4348
13.3643
53.6872
30.6961
12.8038
40.4073
24.258
29.144
34.3051
34.2014
17.6653
24.1386
15.1993
18.7014
49.868
20.8103
34.7887
43.3397
49.6135
27.9503
25.187
11.2447
38.1985
55.3625
14.5223
34.2464
17.8799
32.7444
42.0316
21.6913
33.4299
49.228
16.4291
23.6502
21.0801
30.4246
72.4269
17.7484
47.533
22.7345
19.6171
25.8162
25.7021
30.4671
17.1853
91.5345
45.1233
38.8378
22.3152
42.2807
49.9748
36.0003
32.0298
62.4745
16.8455
34.4364
36.7666
18.1934
40.847
19.9819
34.0539
33.8062
43.6351
36.4
27.1703
13.272
20.1617
10.4949
16.624
40.3238
25.1892
21.4498
19.1202
55.5939
21.4802
15.4722
13.4012
7.00716
10.321
17.7235
15.8871
37.126
16.3171
16.7432
21.6014
29.1854
31.3431
42.2069
44.953
35.5856
25.1335
57.6558
35.5003
23.6028
31.1664
13.5448
20.6461
56.0084
29.2569
32.0659
29.9312
13.8035
21.4259
25.4989
49.976
24.3579
15.3354
67.3462
20.8286
22.4341
28.4065
16.7582
40.5125
40.5307
22.832
24.1295
19.0456
19.0056
16.6328
13.1877