2583.46
19731.8
9890.71
1101.21
35796.9
12400.9
976.701
323.259
8170.3
13345.7
22013.1
4474.95
10360.8
2696.78
3376.08
18636.1
27407.1
8499.03
10868.6
11743.3
6021.67
2650.96
1719.04
1951.72
12102.3
4616.38
18611.9
5998.62
15359
10061
19793.6
9105.59
13961.9
2041.76
29662.2
37424.8
25098.7
1430.41
8779.24
15377.2
25174.7
2335.06
16661
13809.9
7347.32
9976.85
16155.8
473.104
9290.6
12647.5
3475.49
2856.33
1349.03
21028.9
4677.57
216.297
231.378
9761.1
4919.87
17815.1
10063.8
2332.92
6102.22
4683.85
1066.76
27489.6
482.827
928.297
8492.98
995.751
2569.73
1291.27
949.175
10900.7
291.341
6447.99
3687.85
2726.42
2707.86
9621.29
11381.9
3353.25
10860
8447.6
6266.57
41153.4
19174.1
1527.67
19239.1
7663.38
3592.44
9569.97
4121.39
6582.52
3265.27
494.694
2302.47
9992.39
4490.27
20319.4
21321.4
15373.9
2700.88
20510.6
53606.4
2192.51
17428.3
3670.84
24849.3
4853.17
1075.62
7241.33
11467.6
7624.3
12195.7
5254.49
1156.4
597.966
9933.58
100.122
16719.3
26761.9
5747.44
1903.86
6921.63
2043.45
2342.55
5092.04
19490.3
21992.8
2125.6
819.112
1954.8
2043.15
3406
1721.77
23443.1
22811.5
2956.88
15459.8
9267.28
25802.2
27621.4
15184.3
2232.24
11198.1
5489.71
2024.02
17603.4
20133.9
1811.18
7859.75
17308
33829
1862.75
1667.54
31144.7
3187.05
2161.65
727.042
3660.57
12691.5
30147.5
13448.4
3813.5
16282.2
23420.3
12415.4
9688.44
941.389
7473.27
14363.9
4773.97
4535.72
3511.56
8079
5086.29
5872.19
18335.4
17312.8
2460.28
3215.01
3347.28
151.612
1474.95
6017.68
7488.2
478.219
6506.9
15113.1
7593.78
4039.13
773.783
1516.64
8544.38
1252.27
1231.54
8721.11
18838
5412.09
10284.2
408.845
60062.4
5327.29
11799.6
3391.38
3173.32
8313.43
1740.55
20835.3
7933.65
5730.2
783.624
9031.98
5487.72
6836.99
11871.8
10290.6
35129.3
9126.58
18761.7
16389.5
13506.3
9408.28
12704.1
7923.02
12375.3
3597.07
12060
2648.52
11460.1
30357.2
50876.3
12068.3
8284.95
10486.1
21083.8
4626.85
4871.73
4653.43
4988.92
11488.5
9003.47
9225.64
3191.51
16508.1
41699
9883.34
9382.5
936.259
4949.09
10077.4
6377.43
11711.3
900.222
3853.14
18841.6
1337.58
11551.4
10441.3
3304.9
38283.3
12964.5
5704.44
4668.84
11276.3
4084.1
16936.5
30059.9
32439.2
4299.33
31452.2
7405.82
6318.29
1361.08
4492.08
19273.9
5165
21996.1
5419.8
9752.7
27323.1
9675.15
5202.38
14162
42567.4
4596.22
6743.03
2019.26
6417.26
6142.49
24155.7
14220.9
11884.7
8647.1
4257.9
1521.52
10321.5
14156.1
65961.3
31472.8
33697.9
9936.21
1235.51
549.617
7326.07
17789.8
1190.61
833.328
3365.63
6009.25
7171.02
5602.37
1207.55
4785
490.122
24452.4
6336.84
10186.6
5469.94
25221.2
7768.17
5490.33
36372.6
8020.43
6787.31
4061.27
12737.9
12791.6
11858.3
9389.07
11323.1
6544.98
1153.57
15124.3
5724.44
10239.7
25522.3
10412.9
5214.93
19558.1
9173.4
3275.2
18742.3
16977.8
8407.59
844.608
43280.6
3473.42
10035.2
20742.1
26772.8
3006.2
474.346
22482.8
1335.7
24215.6
4143.9
4118.49
3897.32
8803.93
2770.3
11515.6
3915.33
7070.66
23461
52289.7
4028.2
4208.26
15993.5
10417.5
44974.8
2016.41
4456.07
20939
6374.82
8903.8
17142.1
1265.01
5331.55
13068.8
14960.5
21648
4809.75
7126.79
5933.82
1000.97
12230.5
4982.97
153.319
43224
8775.28
2196.66
4413.84
1880.79
9318.56
3335.17
120.856
13462.7
12136.3
342.198
2465.87
2113.83
726.434
35340.2
619.781
6487.47
10324.9
9728.75
8241.4
458.181
12186.1
3404.7
43688.9
14063.3
821.872
14471
25101.6
16175.1
11018.6
3739.85
19948.5
4812.79
4826.62
15883.9
416.744
9562.54
7772.7
738.642
23473.2
5206.19
17711.3
10172.1
16018.9
20536.5
22980.2
9174.01
22169.4
34993.4
8313.65
4684.73
12828.4
13435.3
8786.11
1622.61
6103.2
4106.38
2911.53
41181.9
20922.6
28315.6
16375.4
7649.96
668.811
19.7576
1368.1
21427.8
34989.2
9649.97
3849.48
506.976
24286.1
37947.7
653.624
9265.21
23173.9
8130.47
2439.09
16268.6
5210.78
23715.3
5431.93
19025.6
2852.07
8057.39
9602.55
3541.6
239.616
10400.5
1724.07
5837.7
2970.97
12805.3
5742.03
1695.14
9777.13
13003.2
6601.29
54362.4
4950.4
2263.84
9701.94
6418.63
86.4585
9511.43
4578.72
9020.22
1423.52
10366.6
18785.8
6184.66
9369.47
1618.04
745.881
530.872
2287.31
628.688
4009.96
11240.3
1691.69
6330.85
3794.98
9542.03
6846.07
8289.3
3232.21
3884.83
11136.6
806.493
29033.9
3437.42
845.63
941.688
3123.21
1930.97
4878.57
2094.43
5954.51
42662.5
14595.9
21638
13634.6
21677.8
7522.32
13959.6
10126.1
4422.71
3328.55
12049.8
8708.71
2200.72
5151.24
5171.11
5522.72
1534.32
94.2284
16567.9
1515.18
1016.21
6446.21
1461.99
23956.5
3785.62
9147.59
2618.54
2976.87
5070.83
5653.55
840.008
24400.7
6448.66
4955.65
4981.34
1592.12
13145
22960.1
9438.77
37297.3
7789.49
10859
9668.46
22412.3
12059.5
6492.2
6172.01
11467.5
2328.41
9789.54
6020.23
3648.43
4933.92
6477.27
7426
15809.7
20834.9
8003.55
336.49
6809.96
3417.99
23414.8
3256.06
14880
3347.54
11370
5304.41
5917.44
7639.75
15789.9
4663.86
654.551
4200.27
22225
2868.08
152.274
55264.7
18148.6
4552.65
6455.29
2249.96
370.937
28124.1
33203.4
4862.23
20439
31835.1
4960.27
417.634
1646.06
595.919
3554.34
787.323
9591.79
25591.8
16570.6
18805.6
6748.26
2313.94
16308.3
6406.51
17620.7
1426.43
404
8261.82
76176.6
22399.2
15033.5
30914.9
1522.51
34327.5
9615.96
27495.6
6393.69
295.463
1937.43
56323.7
11785.1
8116.98
2915.46
17353.7
136.178
1750.71
755.742
410.348
14108.5
7442.61
13045.1
33021.5
14485.6
1899.61
363.219
2440.81
23178.4
18303.9
1801.94
11891.9
14462.8
9440.91
6073.54
16136.6
12347.2
260.293
1742.63
3398.64
13893.2
15824.1
10858.3
3485.96
2784.59
10811.1
5217.38
558.406
177.871
7589.71
33086.4
16792.3
3082.26
2654.42
24289.5
5655.56
1468.93
14500.1
9135.3
17689.1
1997.6
1529.4
8044.67
3235.25
2713.02
4228.45
32586.2
30776.5
8186.53
6395.19
3655.01
19073.9
9341.27
4894.69
8462
2512.47
19840.1
6123.62
27178.8
4575.11
6256.43
33084.3
25085.5
13443.7
2051.76
7937.11
9243.51
7083.66
1313.52
515.085
18205.8
687.593
19002.3
2455.14
20367.5
11046.4
210.617
1436.52
1369.2
1989.09
6112.73
13844.4
16819.3
6156.76
6974.2
27662.8
19702.3
22898.4
34677.3
15358.6
5888.78
7271.74
19055.3
5389.37
19497.7
28578.3
2712.97
18377
20737
20911.5
1216.41
13109.1
2698.88
823.031
4855.51
14296.6
5134.23
2588.06
41337.9
15608.1
4387.9
3809.78
4065.11
5493.4
36670.5
748.022
11866.3
24672.3
4777.37
7259.89
5951.49
10578.5
7883.26
3450.12
25073
12707.7
14312.5
20226
8315.33
28544
5216.8
800.133
2713.12
8723.64
17738.8
19271
7811.5
7196.81
1476.92
8565.89
7422.36
19899
100.816
3445.48
16301
4166.57
4211.91
6862.99
667.343
353.212
3328.15
7507.11
20414.9
3729.32
11644.7
13765.6
1358.1
4342.13
37722.1
10334
8034.23
11009.4
6621.88
9996.01
13901.1
303.366
3337.9
14062.6
5823.8
7497.96
390.094
12509.7
19562.2
7687.08
61251.5
330.672
26981.9
8274.83
25112.3
28608.2
2436.04
35203
1114.37
19876.1
14485.8
4340.2
16731.1
7522.4
1133.21
8762.11
722.769
19896
16815.1
1082.46
10959
29201.3
19293.7
5380.57
2901.11
5711.47
13118.9
7111.82
3270.51
8462.14
20373.2
2261.4
8694.05
23151.8
16346.3
17192.1
28399.2
14035.7
7804.82
14485.3
22687.3
19375.7
4074.12
33766.5
3380.78
2194.66
31718.6
16710.9
12125.6
1473.08
3967.31
6649.36
4694.2
475.785
14147.5
1486.04
2466.17
17350.4
19177
210.769
18875.5
26745.6
10649.2
8385.49
10865.1
16176.9
17546.3
6612.7
12437
19411.9
4461.08
23901.5
5220.36
8966.54
10650.8
615.124
27267.7
11998
11745.2
8136.8
23186.6
18474.1
1924.26
8726.97
9465.38
4138.15
4212.29
13827.1
12370.4
5394.12
9776.34
8808.1
13445.1
2690.27
11990.7
13919.4
10441.8
22333.5
10668.4
10395.7
5064.76
10196.7
1073.35
30168.9
7507.01
7734.74
1199.48
1507.72
13400.3
4756.41
14420.6
9921.33
33702.2
8466.08
13011
13214.9
3707.66
786.455
3507.39
2814.09
26172
3087.78
6005.5
4022.32
6056.25
31798.3
19606.6
4013.51
12881.4
12603.1
11683
2299.87
15729.1
53.2573
10508.4
2816.04
25198.3
9291.51
28802.1
5518.42
8395.39
25780.5
9924.2
6069.12
9865.67
3044.2
12126.7
3164.89
620.449
4026.59
1562.28
1288.7
13367.2
4771.35
3797.11
15178.9
6731.35
23314.3
32.0235
3168.13
8188.52
8663.05
4379.09
17604.8
9763.64
8269.33
7301.29
14614.8
2270.95
4597.4
3932.76
26555.6
9335.33
19316.3
382.322
6501.26
5100.08
2176.82
3106.76
4007.72
2463.38
28724.6
1760.32
8082.61
12197.6
1076.06
426.91
41383.2
3503.22
1154.64
4529.81
4021.01
809.229
12996.1
1263.77
15651.6
31321.4
2871.47
2959.68
10375.6
5603.61
6046.58
3311.45
5664.34
28890.7
2036.04
1716.15
1696.48
8527.83
518.69
12201.4
3015.42
193.484
9904.75
4427.14
3427.36
8269.65
27655.1
7948.84
26759.7
666.846
9744.69
40408.3
3953.75
40658.1
11018.3
20803.1
10035.1
23418.7
3080.01
22764.2
979.603
8127.02
2867.86
25464.3
2206.03
14373.2
41814.2
4056.91
3832.71
3229.93
11124.1
991.984
62.0154
10034.4
14974.4
9563.93
29955.8
264.215
5838.86
9205.39
1456.54
14686.7
1327.45
5154
1691.18
3222.63
8885.51
4120.12
15475
4127.72
30021.5
14101.5
9205.2
18945.2
12801
8916.43
4373.32
1366.01
1871.92
6525.61
4221.01
8985.08
14113.1
14128.5
3297.73
1955.74
5131.9
5141.45
11780.8
34192.7
6295.79
4242.41
29077.2
21413.9
17454.3
19570
43540.2
5257.35
20596
29814.1
6244.51
33226.4
2209.28
9201.35
3630.11
18491.8
5248.04
2822.95
23698
13363.1
30457.5
3704.48
5998.37
3140.24
13949.9
15473.4
4102.11
3157.79
1535.59
3246.66
10502.2
4847.56
5239.32
3824.77
6606.69
22876.9
2848.37
31314.4
3953.35
1251.43
13708.4
46392.3
19482.9
4204.85
3588.24
1955.52
915.901
3433.16
5247.59
3637.21
14796.4
6787.82
199.662
14451.6
9024.23
14664.6
267.392
9920.09
5775.25
16370.5
1338.89
10508.8
2472.14
37180.2
10036.4
23645.6
1090.14
22988.3
7048.58
1272.39
989.577
12265.8
10187.5
9224.8
9804.9
14016.6
21954.2
12701.6
35502.5
11191.4
3370.73
4576.14
7790.24
13773.5
30981.8
925.001
8178.59
6184.43
4813.14
14136.5
2663.3
4058.84
9594.28
2794.11
3930.34
8532.76
12532.6
8461.99
14932.7
8389.32
28162.9
4484.42
1540.25
608.301
649.937
3045.32
2497.62
849.227
6454.18
25253.9
5152.89
3690.49
10292.3
4141.74
12302.6
16585.2
3635.34
7686.49
16197.3
4411.96
4562.38
467.623
16658.4
12429.8
26356.8
4780.22
21541.6
1034.96
8099.78
121.598
6008.84
35942.7
1272.28
33014.9
854.104
4776.15
20608.3
778.192
1819.34
11584.7
4541.82
6754.68
9976.34
10415.8
16651.2
1781.61
9340.13
327.1
24183.5
4177.22
13268.8
3453.39
8652.7
5921.18
773.36
3860.76
8915.35
2748.04
150.158
2185.38
11889.9
2597.15
20585.5
8051.01
8086.83
263.712
4088.65
20150.9
32591.5
794.662
2061.98
7304.67
480.36
120.242
6757.06
3101.56
16000.2
3774.93
2367.86
15479.8
3381.59
21479.7
1956.62
2897.58
2497.51
64.0065
3478.88
21817.3
19465.7
8889.33
1838.68
8790.82
19160.3
4407.94
9170.07
9784.4
6336.36
1463.17
16855.6
6064.8
4180.6
2861.99
37739.1
12212.7
41883.5
21717.3
9384.47
2427.31
1973.59
1036.84
821.706
1243.47
1760.7
4005.25
1272.71
18853.8
44148.5
13179.2
3503.05
11799.2
666.174
9131.83
17555.4
3862.51
13168.9
43554.8
3298.37
986.751
1091.58
24694.5
579.658
14145.9
308.771
5123.51
5871.76
4243.86
7765.26
7181.08
525.163
3084.79
3653.37
83715.5
11252.6
5465.13
3546.16
16703.5
4016.11
1720.71
2978.95
6342.6
15778.1
5012.57
11229.7
27944.1
9642.55
5632.61
13668
4302.82
53234.3
25625.7
10364
8227.61
35931.6
947.366
1237.62
6301.82
4163.74
8970.36
5724.84
1798.56
11225.8
429.739
1494.92
26551.9
2353.02
4412.9
6575.04
5469.35
336.798
677.505
83.8533
6365.17
36774.8
2162.54
725.98
806.615
512.792
341.704
13525.2
10169.9
149.597
17557.4
40730.5
1129.69
11298.2
24891
2503.03
2178.05
3818.37
26421.2
7185.35
5873.1
1919.56
2166.75
17943.7
159.108
5236.39
7441.4
4048.22
4312.98
20308.8
446.161
360.659
5780.66
37282.7
24346.6
449.637
25322.8
6730.01
5492.88
1471.67
11851.9
2926.68
1003.97
130.684
12013.4
28560.6
10737.9
12382.6
18564.1
31131.3
4545.82
16153.9
1271.77
1739.56
17108.7
16678.6
4020.44
29322.9
19428.7
10206.3
29877.9
9141.53
79082.8
3773.76
8683.3
29111.4
2830.74
8523.02
3453.1
4479.81
1626.55
52744.1
2863.97
14106.4
1215.4
26898.5
18417.5
29022.2
20159.5
17509.5
707.847
2491.03
1280.77
9653.44
362.58
5976.87
8129.56
22767.4
72.1192
4002.35
4087.91
21226.5
8656.86
36595.7
43172.6
5236.43
5263.59
15512.8
1764.26
4241.18
5715.42
10823.7
20514.2
10636.7
27321
22755
2971.05
1315.14
5852.24
13686
701.783
1162.84
3972.31
1312.78
3991.48
104.768
18667.1
3053.36
1169.11
8011.83
32917.7
9101.66
2317.86
1093.82
25208.7
17465.5
610.779
17710.9
855.521
4856.02
22180.1
1848.08
235.182
901.541
40334.2
23238.5
20144.6
4098.41
30381.6
24261.4
5379.06
4212.86
17419.6
24331
16250.2
1346.87
28724.6
814.311
19046.7
4078.18
3182.8
35400.4
356.79
7445.18
5589.94
3872.97
3256.51
13290.3
21074
3980.35
10446.8
1667.51
10393
1149.21
16335.9
7305.37
25850.9
1928.83
1690.25
6944.2
5662.09
3196.48
44310.6
21457
16642.3
2709
16934.3
8586.87
583.057
28317.7
22305.5
20470.4
3797.63
27144.2
5682.01
2745.77
690.637
1436.78
24735.1
1066.28
5151.59
3956.92
6444.99
6506.77
2212.41
50227.7
10248.6
1371.06
6299.77
234.755
11102.6
23501.6
46482.9
5482.26
260.175
2943.03
50352
9422.14
33303.2
9985.47
13957.9
9879.59
18138.7
2535.53
47668.5
21928.1
4443.45
7359.37
2909.67
7355.11
2721.95
4913.07
2473.3
2324.66
7805.65
3005.56
7426.04
14083.6
31178.6
5201.47
5379.54
2610.4
1668.98
43658.5
12424.8
14856
334.385
2765.16
21527.9
6722.5
7646.54
21368.4
1877.82
11116.5
13792.5
800.273
3935.09
9603.97
7266.71
876.725
3216.68
16606.7
23514.4
89.975
10402.6
11259
5435.08
29219.3
12778.7
2065.32
127.68
975.981
11285.5
114.489
3285.39
890.689
7756.79
1503.54
971.168
16555.5
22.5769
25397.7
12508.7
15388.3
9047.12
19398.3
22620.8
3494.72
3436.53
31067.9
8974.52
7221.86
1927.18
3386.48
10443.1
3950.3
619.063
1697.72
7220.15
7679.57
4332.89
5943.11
25854.8
3805.29
16826.2
5509.64
32882.9
640.426
1383.82
3487.9
559.62
351.859
1434.72
8138.03
18746.3
9393.34
824.601
1734.3
7178.8
3171.7
12619.9
31518
3256.47
5400.07
8528.63
2032.91
5501.06
10478.3
33988.9
7689.72
17529.4
23305.9
8415.23
9588.21
6140.51
9568.96
7583.92
18998
864.833
9875.66
2612.26
21571.2
4851.65
20704
9098.64
4260.16
21782
27712.2
7575.43
65.6645
31318.7
1197.75
19024.6
5944.34
2251.95
10280.7
5930.82
21830.4
2807.06
4568.83
18835.5
22178.2
593.199
9870.45
6597.87
16498.7
53172.4
4949.48
27746.3
8284.92
32360.9
8901.36
1665.47
22723
5294.67
35403.6
23790.6
11746.9
3804.54
2844.81
6335.87
2732.79
37745.4
1255.69
15735.4
33111.8
16727
13888
9950.8
17440.1
26872.8
9519.73
6161.56
9467.47
26076.8
12930.2
10092.6
47603.9
13156.8
17190
2617.11
2936.61
7742.35
19115
120.053
3001.47
8247.97
1057.46
1655.65
2011.57
13198.5
33055.4
376.384
10926.4
1000.15
9948.76
3599.52
5553.26
4367.81
2653.5
9011.23
37648
28593.8
15360.4
19.5844
1468.48
6632.9
689.47
11863.4
2926.47
32410.6
10071.4
15170.5
1210.7
7429.99
23964
2839.61
636.519
8318.03
2053.92
5839.6
39.328
6091.16
4280.51
22665.4
1290.4
18734.3
4553.84
8949.91
14930.5
19835.1
5525.11
9544.53
3464.42
22225
8163.94
18932.3
12504.2
19163.3
1466.52
5241.44
5302.95
1266.72
10140.5
3368.19
15559.5
13.7216
12324.3
6511.15
159.557
51.0629
11416.7
5619.41
310.435
2630.76
14752.9
17006.3
736.63
6234.93
4632.48
18308.5
2103.01
11582
5253.47
14177.6
4962.16
16716.4
7519.38
729.734
3861.54
24737
15316.1
9505.39
3507.13
22721.1
16461.5
40189
16104
4837.16
803.738
34251.8
5546.49
31377.6
30825
4261.82
47497.5
824.218
12390.8
41342.5
2073.47
7344.7
23994.3
29185.6
5605.53
2432.52
7377.12
744.178
4334.32
16164.6
23628
7613.25
2111.67
7407.85
8200.2
14923
18270.3
8608.32
12195.3
848.851
5373.64
6424.83
9616.32
12115.3
62204
27024.1
1613.46
17890.4
5559.07
6766.46
2205.92
13254
5365.52
7445.74
5238.03
48305
21166.9
7688.74
5847.13
16575.2
33216.2
5141.86
1527
6390.63
2402.61
8139.79
54.2644
288.695
3489.45
1532.73
1322.81
3525.29
10407.6
705.082
1483.05
147.705
18993.9
1964.21
19785.2
13622.7
4594.23
8962.78
374.628
4317.46
5465.34
2590.35
3245.97
23364
11872.7
737.804
833.6
33674.9
114.815
33131.1
15839.3
857.784
38421.6
31862.7
4853.87
12467.7
9006.26
18444
38138.7
1259.47
6312.12
3731.23
14034.6
11407.9
17783.1
13457.5
15763.9
1294.11
32470.4
3903.58
41989.9
2538.2
5184.41
7263.91
10081.6
10541.6
6816.44
4131.86
15166.9
17136.2
2762.04
872.238
275.721
6285.16
19090.6
611.246
8646.4
3242.95
51747.9
6419.55
7033.71
117.719
4975.43
12082.3
5922.55
5904.02
4714.18
15224.8
3809.42
2864.55
1560.29
16709.3
20503.9
17315.9
4134.01
11549.9
14072.2
18334.2
749.58
14851.1
7664.43
2629.07
2318.06
12812.1
3364.57
17870.1
62.111
16033.7
8527.22
9044.48
4879.8
1650.61
15923.1
13503.1
22406.7
2085.65
15619.3
32779
5211.31
6314.23
5992.02
1730.3
18286.8
13150.6
7875.77
11329.3
14283.7
13467.8
42092
1518.7
12740.4
4260.16
2933.73
19407.1
2506.74
13977.7
3577.74
9493.48
2504.77
418.438
196.17
36160.8
28201.1
6125.86
3188.23
26141.1
15377.1
1054.63
818.951
11654.7
4383.72
3324.45
7787.58
1842.64
3095.93
6356.46
8587.03
21543.1
1456.6
424.821
831.116
23676.8
3839.87
9747.22
7209.2
2685.37
17976.5
4432.76
25273.4
828.047
12611.2
1769.06
21049.1
17528.8
11345.3
19244.1
6849.72
13781.3
4384.81
19101.4
6559.83
16211.9
8127.3
7247.43
42033.2
9674.9
2604.47
4642.23
6037.93
3102.34
4583.5
9698.81
176.399
4210.17
13265.4
7256.62
25523.3
7469.61
13100.7
3805.73
25828.2
1349.57
722.601
1902.79
3167.89
3373.98
13166.3
4835.79
1968.17
22851.8
6986.57
11074.2
2700.9
1211.68
37418.5
5772.82
28157.3
13750.8
45281.9
757.146
6428.84
14214.5
698.12
2998.03
629.563
7106.41
3582.41
1212.34
9576.59
10426.7
599.126
28312.6
12114
990.297
4360.39
9001.51
5218.55
6378.49
21304.8
2842.65
3239.38
6341.38
13133.4
33479.8
811.164
3861.57
1589.4
24272.3
12614.4
17750
25161.6
83.969
9424
9820.95
10116.6
4380.03
14435.5
27359.4
22205.2
53495.4
2290.7
6775.23
1547.25
6155.78
634.573
3276.27
6509.44
4819.43
821.541
316.837
43204.5
13826.8
2165.23
3958.04
5968.48
4495.67
9021.46
13008.4
35398.1
11351.7
6524.8
9726.88
2737.8
7247.8
8676.37
22.8832
12525.1
16619.6
4646.42
10008
3206.28
13178.1
1627.39
517.874
12569.2
18289.5
20974.1
36519
16275.7
24.0034
12517.4
11926.7
4760.47
1031.87
4434.91
9410.58
25692.8
12961.8
8147.74
4741.13
3745.89
25090.5
45122.1
14987
10004.6
21507
2632.99
7924.74
1543.61
14287.6
391.626
7364.56
12700.3
12707.4
4284.44
916.628
8854.49
15269.5
12205.1
27185.9
10597.4
2978.82
2806.75
10353.9
12755.4
8309.12
3968.03
18616.5
14550.2
23542.7
1183.89
32535.4
849.02
9669.45
14823.8
4540.99
934.944
10054.5
12535.1
3403.2
14751.4
7190.94
2853.07
15207.1
1585.75
4441.25
2756.38
4290.07
3516.8
15979.1
3412.29
5174.01
1954.38
1021.08
23942.3
9211.41
4776.74
15023.3
5913.47
15775.2
5410.23
49209.2
13001.6
4414.99
2598.66
1412.14
1637.28
16508.3
231.769
1178.03
20689
1262.7
3920.48
29356.3
21262.6
3303.95
13247.2
26498.4
6797.74
14995.9
9349.51
21403.7
1359.72
17099.3
11981
36566.3
4868.04
11893.1
18079.5
3945.72
9544.11
3553.01
830.859
1506.99
889.089
4876.98
5631.41
11533.5
14497.3
3758
9436.8
19273.1
6082.43
2945.48
10492.3
79.5153
11538.1
1544.63
5343.1
7433.42
25465.6
15642.1
1572.09
10079.4
9409.4
1305.31
7317.68
4014.76
9729.33
3460.92
18684.5
9394.14
18538
7959.24
6413.96
2514.89
5226
7765.95
27315.9
31478.6
7052.61
57231.6
10238.6
12726.2
9655.94
1802.4
20599.4
2167.57
1560.88
11479.4
6355.13
4120.4
7758.28
10084
9231.16
44457.9
6080.9
1728.45
3598.75
3383.49
23218
12347.7
11868.9
7013.54
8.87896
1145.11
4709.52
3074.86
13491.6
9043.18
1829.32
27574.9
15336.7
10094.3
3038.95
1563.66
26118.9
4460.27
29761.1
12848.7
2327.37
23664.1
2928.13
7865.19
3514.91
8216.49
30909.9
20707.5
5421.34
12422.6
2788.87
9864.88
2536.24
7699.45
2187.6
3673.94
2757.5
10536.6
13649
243.133
8806.91
526.632
6212.84
1498.85
3541.28
11343.7
52939.1
8192.73
54.3779
42409.1
8852.12
6197.2
4205.54
3382.85
17286.5
16235.6
20537.8
2948.39
13725.4
4361.36
10643.9
1803.51
29751.7
4487.69
1080.55
30809
5724.99
1956.57
24808.7
673.768
11325.3
3150.27
810.066
7050.36
20044.9
14483.5
12486.9
1205.13
1996.85
85.7371
1024.33
7024.07
1779.23
15379
74.2742
8938.07
8586.84
5772.77
11521.6
3812.83
38687.2
442.717
582.682
223.724
21126.7
9909.11
4901.81
12505.2
9517.5
6973.38
1173.77
30071.8
18500.8
4561.14
366.084
611.33
13400.4
29149.1
9337.37
394.343
748.715
22290.4
20918.1
1372.09
19054.9
1389.47
10025.3
19870.9
3140.59
8359
13559.7
26297
6222.87
16488.3
2690.16
25456.3
6030.72
8245.62
17000.1
8679.4
3833.16
20142.7
497.54
8051.76
1080.61
31893.3
2522.8
5345.7
4700.05
24077.7
5598.71
7053.2
479.114
3960.29
4729.78
20755.4
5835.59
15446.1
8190.21
17520.4
3646.47
274.01
8051.65
10762.5
40825.4
15706.4
25955.2
3130.26
26319.8
17423.7
6475.3
11360.6
3237.8
8835.48
1825.57
6289.26
13223.7
2797.47
7892.15
16539.6
266.89
26790.8
19032.5
10355.4
4124.91
33127
2901.83
3076.65
3049.56
6432.98
15035.1
2263.82
1379.89
7428.67
10284.6
20826.8
8424.55
8454.67
14126.3
3028.57
11269.6
28019.9
819.999
2600.24
11668.8
2332.5
5764.94
11572.6
6829.52
1117.91
4855.18
5330.54
2260.57
2162.63
4078.96
3405.08
16423.9
8222.06
1723.17
15163
16991.1
5357.65
25857.1
28420.4
6316.33
2046.03
2979.52
274.96
1030.16
5227.43
6623.72
19121.3
1440.21
1112.8
7772.71
2046.24
6460.05
2699.59
4745.81
804.759
9697.81
4280.81
752.612
4220.55
10666.2
17625.2
27517.6
9278.94
21169.6
113.47
57052.6
3267.99
8938.97
25117.4
543.945
3006.65
1661.08
8804.34
2168.88
15331.8
610.556
11044.4
166.337
6829.6
23435.9
819.421
5127.98
10434
9828.53
2643.77
765.398
23635.9
5608.19
14800.2
23171.2
15549.4
18205.5
19326.8
13236
1116.41
8697.02
19362.6
2065.97
6296.38
11401.1
14647.3
1524.02
4897.5
6843.86
3531.45
17018.1
939.29
912.548
5223.43
17865.7
48315.5
906.012
10711
5234.58
841.944
20402.1
91.6406
16616.7
12992.3
647.728
16931.7
33929.9
10986.2
5209.08
6629.87
5855.63
2342.95
7713.56
3754.15
4010.62
8690.79
12987.5
13700.2
841.701
5284.52
4994.38
10269.4
2799.94
3205.13
21813.7
784.894
1823.64
3884.84
1757.13
24068.5
2474.78
1990.22
23735.9
16268.1
64.9
8781.65
6994.4
10641.4
8605.92
2339.74
20604.7
5231.22
24008.7
12517.6
111.812
5299.6
19303
29655.2
4357.28
3216.41
9271.87
2688.59
34957.1
30179.6
15812.9
1873.54
1655.94
4755.39
34995.6
1338.33
12970.3
2574.05
9234.49
5929.21
521.515
22001.6
13550.3
6068.23
8853.94
4928.46
627.714
617.692
139.897
15274.3
16600.5
16507.9
9915.95
409.92
6583.48
1487.57
8878.75
2037.09
9032.96
17015.9
23226.8
4417.5
6977.24
38273.3
2372.67
7830.9
430.808
4225.84
2851.7
67586.7
15161.6
2501.62
10844.8
19720.2
5497.46
2786.57
16169.8
1289.05
28176.8
6687.73
15534.9
1303.86
5886.68
277.844
14894.6
12760
8408.12
3185.08
857.422
3641.26
16696.9
15617.7
1772.86
7646.78
7141.96
21215.1
10891.6
6576.88
13926.2
6597.82
16022.9
20343
8397.98
12305.2
7085.64
16482.6
16906.1
29190.8
8704.21
2676.38
15091.4
16297.5
23389.7
17721.1
13437.1
2069.34
3248.1
13425.2
13821.3
276.57
25585.5
1705.31
3147.4
80511.2
2500.01
15052.8
9070.82
2542.17
6176.24
3939.32
10585.2
6455.34
3770.48
14039.2
3841.3
21771.2
5557.56
826.524
7922.79
1815.82
21000
6499.01
14230.6
1986.61
1080.31
7758.34
1801.43
6052.2
26340.6
3028.03
18923.4
1331.85
258.062
124.555
4922.06
3239.22
506.596
12371.9
13985.9
1649.98
638.629
2487.2
409.769
19872.4
11322.3
7838.08
16615
11233.3
20389.3
49625.2
2280.07
2803.04
19473.7
2297.65
11377.3
10893.9
5210.65
2881.94
10908.8
15063.2
1478.44
6636.62
14566.9
4146.61
3667.51
868.835
1333.56
12697.1
9681.99
2442.77
11779.3
9502.32
25450.6
12773.7
24843.1
19302.6
24133.7
10785.3
17538.8
407.927
15045.3
22305.3
19117.9
5138.62
49388.7
3724.59
8377.81
5395.95
585.453
18807.7
3082.8
16973.4
16438.5
1534.39
8078.24
557.394
1201.15
3817.48
5482.03
10610.4
24461
7225.74
6212.9
5228.68
2129.98
15890.2
11259.5
3526.35
11341.1
1737.09
17079
1457
349.75
3111.04
608.002
4786.16
6463.85
33135.5
108.736
14250.6
7057.98
25425
8403.64
6585.46
23455.8
13919.1
5041.26
6162.04
551.578
3736.75
7741.59
1667.87
3345.62
7309.81
861.778
708.533
18731.1
8469.63
10324.8
11174.3
19898.6
17720
4010.21
3330.94
5428.37
6882.42
814.356
7030.78
1084.83
23.2954
11828.1
12500.9
10342.9
20669.6
15499.6
16910.6
20973.3
3521.96
35105.2
1685.67
3310.56
10522.7
15154.2
4852.76
23200.5
4499.97
16656.6
5361.09
7334.8
7793.93
5096.59
18612.6
1260.42
4544.64
3942.6
41662.2
3031.41
25818.7
18222.2
902.88
526.632
13061.5
2307.25
1555.02
7200.44
6076.51
12051.9
758.911
1563.91
23824.5
2701.24
16826.1
247.242
1214.14
16962.5
17788.6
9166.51
1656.95
6901.51
489.659
12313.8
9367.69
759.004
12370.1
38420.4
9947.9
4571.66
31.3603
1360.76
4759.68
3320.99
526.995
869.091
2596.88
6588.41
5140.61
727.179
1822.08
12259.5
4078.97
865.622
19315.4
10904.7
41688.4
10772
1106.03
9761.05
6193.09
7206.08
4207.78
2785.97
9328.98
12329.9
6983.81
3132
10081
9449.09
6855.66
9979.61
1224.42
11007.8
13150.1
7015.78
6465.69
9732.17
4131.94
10735.3
9387.3
47233.6
12805.7
4307.42
13643.5
15678.7
3010.64
5972.8
2578.68
5091.8
4240.77
30273.1
3041.33
3668.55
20971.2
468.099
3023.3
5469.84
163.105
9381.78
3862.46
1732.27
4577.2
22489.7
7603.69
8219.86
2576.91
4490.82
25224.8
23.6561
3381.23
17489.2
97.58
363.013
11428.2
8252.41
1004.4
6143.32
19476.6
3853.05
9435.64
7974.91
3294.43
11883.1
22676.1
16007.2
8976.94
3475.42
6574.63
3728.86
1312.06
2200.64
18237.9
15323.7
7273.97
3799.26
17567
6931.35
6737.9
625.419
735.144
17488.5
13493.4
575.744
1649.52
15289.1
3354.69
34256.3
34564.8
904.34
1227.09
10744
4487.68
26212.5
1038.68
4191.66
14324
44559.7
7717.71
17536.7
17955.6
1773.89
1293.74
19183.8
11610.1
4281.4
7538.21
5236.15
6346.75
38712.8
10257.7
13196.9
12726.9
720.889
5737.82
3184.27
5595.2
2821.97
9446.1
14833.6
13282.2
19726.9
29670.8
5420.74
4596.28
34151.9
27488.7
9245.79
7553.76
6881.81
32924.7
23672.4
2724.46
75853.6
3087.24
17701.7
37835
2142.67
11425.9
6482.24
2119.93
1635.58
7744.12
8770.7
9270
13335.2
18716
31049.9
3825.38
2500.78
8186.64
3940.24
38577.5
10935.4
15643.5
8577.24
14797.4
6576.73
2125.71
16927.9
1887.61
4276.43
309.625
2533.87
27249.4
2098.62
2137.26
7719.87
12749.7
11152.7
6567.29
23318.4
9313.39
16513.3
844.91
3380.31
2894.05
12635.2
15469.1
18433.4
11187.7
3597.73
5048.23
9403.76
26935.5
26451.1
10539.2
3502.36
8832.02
12328.2
414.619
17091.1
3597.65
2016.58
4912.23
6989.27
5584.94
7780.64
32183.5
2369.8
4847.82
7659.26
22387.9
3096.61
8461.44
11590.2
5885.1
18182
4077.13
6910.96
1597.42
11266.9
4643.03
27313.1
1875.58
3484.63
635.991
10908.1
60896.4
66.6221
1307.88
13147.4
22448.8
11720.2
6746.2
12291.8
2500.38
4460.25
21575.8
7079.93
1375.38
8228.82
20563.5
23294
12118.9
7972.02
1634.62
775.231
21035.2
316.125
2115.95
3342.42
2070.57
11988.6
32152.3
30184
2947.62
7836.68
5390.84
13756.6
6087.12
15867.5
105.221
2583.16
5259.94
3164.3
740.766
14639.7
539.488
8068.29
14660.1
47.7962
8075.83
6693.33
5456.07
8637.65
6981.93
2245.24
9174.79
14906.1
24440
213.983
23988.3
21419.6
15866.6
16622.3
2626.04
4401.14
9428.25
3805.78
5151.32
3735.1
10646.7
1890.73
2142.05
14086.5
1075.33
16696.6
1224.75
8654.81
6527.25
1693.05
4048.84
3800.67
7963.88
27428.1
4505.02
16043.8
221.992
20575.3
30719.9
15776.7
3112.42
2576.94
10135
5362.43
15122.2
5691.14
16455.7
6890.06
4733.16
2639.42
1174.9
789.035
9433.8
509.121
20549.4
16308.7
8297.3
455.219
5249.48
7096.76
21888.8
8883.75
1286.6
5017.17
7330.82
19079.4
3536.91
5062.47
7037.61
1975.28
6511.19
35050.2
3443.53
16005.5
5776.01
14573.6
2391.17
36768.1
3427.24
17279.9
29729.9
3257.12
3574.16
142.429
1876.27
2266.45
13270.3
2805.31
33433.6
28995.8
2195.48
10627.3
12347.5
20377.2
6035.3
16461.8
4415.48
2672.43
2217.65
6820.12
36.7665
637.272
7988.3
9309.49
8935.31
28301.1
7974.86
2194.17
20626.4
16209.9
14278.2
9156.6
8675.14
7202.6
20113.9
35718.5
4709.25
8961.93
5518.32
1350.56
4368.23
1611.61
21953
18627.1
7120.48
14914.5
3313.84
951.612
5182.55
16694.2
16167.7
5099.6
2620.58
8078.43
25382.1
25373.7
4710.4
1389.91
14009.5
25743.4
7673.82
4697.35
7808.59
2699.21
27319.6
6419.19
21886.8
6144.29
27298.2
11409.6
1345.95
7996.53
29570.5
23622.8
8019.12
1956.02
27594.9
35.4527
4233.89
3395.02
28192.6
2642.68
3619.44
8870.47
6917.76
7059.07
6735.07
1758.78
11998
551.804
8308.41
4609.24
16304
2140.08
8554.44
3615.92
26370.3
4631.08
1876.02
11661.3
12421.8
10955.5
2184.02
432.661
19468.8
547.148
6487.21
4911.69
11361.7
16153.4
26464.6
2538.93
23066.9
1181.17
10588.7
4986.59
4059.67
154.164
7396.07
2856.59
13647.2
49085.2
2014.26
9936.38
8745.23
7138.28
9478.89
2039.6
3881.89
12560.9
7018.24
8776.54
6734.92
56737.2
3735.75
15737.4
11566
1225.73
45277.1
11988.6
26841.3
5381.01
20702
25837
1814.45
18209.8
2486.29
4028.89
65.535
28378.7
3091.55
1040.71
2268.35
10224
7501.44
1175.34
6936.64
10610
21038.6
22483.4
5664.24
11651.1
6484.61
5410.26
1556.52
31106.4
4182.91
3513.59
16133.5
10598.4
5695.29
16635.3
846.787
12554
32753.1
2301.89
20561.5
16938.8
18728
21098.6
5852.14
11652.3
14627
1140.59
21776.1
19132.8
6627.35
9215.96
1285.12
50763
7353.92
2763.55
45682.6
10848.2
18693.4
6556.07
357.16
26331.5
10115.3
3511.24
6588.69
5073.64
56770.7
1879.65
13840.6
2365.14
1564.57
5567.66
27215.8
2412.25
2805.33
14538.6
13314
26609.3
15289.7
173.8
4215.29
2872.51
6339.59
50802.7
37582
11280.4
10783.4
504.761
249.633
3901.39
6311.33
8498.76
8116.33
1690.76
11634.1
16367.9
111.425
2479.17
3395.48
24249
4083.39
11286.7
6950
7662.32
5414.89
26523.7
2022.59
5933.35
3301.6
1206.68
2927.46
26812.3
27358.3
4273.88
4498.09
5939.76
12468.1
3807.11
21664.5
22475.4
29442.7
12866.1
10192.9
4563.93
5771.14
91.7877
651.755
16835.8
10846.9
1981.71
6457.96
630.833
1362.32
5854.3
13952.8
5364.44
9854.44
788.733
4094.09
13024.7
4860.24
10388.9
7555.89
8177.57
27757.8
18695.5
1683.23
18109
2531.15
24150.2
4939.3
1428.6
25204.4
14582.2
3946.68
31816.1
309.946
28081.5
4575.01
5555.68
2593.17
16305.8
13348.3
5988.51
31730.4
9765.23
33971.7
3656.34
3908.58
24029.9
14569
17605.1
15436.8
4877.1
7139.72
32588.2
2854.7
4327.49
10715.9
14249
5836.4
18082.5
8193.75
2687.02
24897.9
10913.6
9925.89
48.0057
12794.1
13373.1
15686
6085.92
553.166
6328.83
42339.4
1040
2724.72
28987.1
34406.1
725.268
15224.3
3514.06
3117.05
8802.8
1469.63
11946
16007.7
4986.56
5035.29
19149.3
32878.6
11933.9
1565.44
13048.4
7048.51
3140.41
2587.25
14142.2
7189.73
11717.1
11148.4
7916.31
2950.85
7496.98
12515.7
5139.08
22373.2
3794.92
5379.58
4791.53
10788.3
12711.3
5600.37
6250.53
12977.4
4184.37
11956
16284.8
10683.9
2185.79
2687.21
20496.7
4727.37
27371.3
5148.85
5872.28
4026.15
4222.04
25581.9
955.855
11023.1
10166.2
1016.36
757.102
6727.21
3022.68
58.44
7435.74
21926.6
5360.74
943.091
4074.45
5527.78
19687.1
2668.4
6110.25
58332.6
16053.4
8009.81
11115.4
3122.4
56179.1
9020.9
21294.3
5786.84
1868.53
3483.15
17610.9
5123.23
10939.7
4664.73
2688.93
4583.91
8781.84
3423.4
2400.26
17152.3
2643.88
7964.76
4808.95
6089.94
3720.41
217.327
17355.8
1353.71
23607.8
641.608
9862.05
1781.93
1258.13
26988.8
18483.6
1341.13
13988.7
2043.6
2648.12
4169.84
2612.88
4398.39
6154.03
335.291
2314.43
24398.4
3229.43
13462.7
1690.05
30913.2
11712.2
11392.8
1936.93
9128.29
9861.91
36010.8
11730.7
4741.17
15055.1
1978.61
579.902
1241.29
10707.1
5658.21
617.22
1096.3
15526.9
2216.51
52660.7
16821.5
11037.5
2814.79
11097.3
129.573
41798
12310.5
1202.61
6715.69
37671.9
9128.37
8090.44
48379.9
8370.69
4208.33
13090.3
1374.79
17183.5
32004.7
22694.3
937.265
4535.69
17552.9
8464.72
8149.81
9493.41
1867.18
22288.1
20608
14879
39690.9
23621.2
7778.11
3886.08
19044.8
21213.6
7511.15
4853.31
122.593
3112.06
1548.49
175.344
3043.79
998.109
15651.5
2918.4
4346.11
17174.9
7516.29
42664.2
2789.68
11401.8
4698.63
14167.7
26928.3
5229.65
273.377
5149.56
6902.08
2525.74
2862.84
8280.38
28972.2
5529.96
9184.72
1178.66
1662.63
2169.58
4317.65
15947.8
1307.21
7647.71
30467.5
7850.22
41447.8
1144.25
1294.02
8571.21
823.638
14616.2
44865.8
11093
1163.89
12536.1
1448.06
8102.54
2543.2
9211.11
7289.65
8812.97
158.155
6738.78
4097.9
6112.59
5969.11
5888.55
7902.46
16245.2
7667.79
3481.93
2431.78
759.842
9.292
4914.03
379.951
388.479
3558.11
1219.84
10814.3
9527.68
2987.12
1417.54
13645.3
19033.5
15419
11928.1
2185.3
2956.84
16989.5
7297.9
14616.3
586.902
13321.2
10427.6
6687.99
7719.94
2728.33
11464.8
7395.43
12393.5
20739.4
3068.6
19195.7
16186.2
12714.2
1074.87
7429.21
1589.51
4774.5
19329.8
9292.32
12508.9
43109.9
673.884
706.377
8865.72
14541.9
1089.27
2602.59
3869.97
6477.68
9849.15
2749.71
7811.23
1450.15
371.265
4146.01
7223.51
32857.6
4337.39
32955.9
5852.69
1413.74
381.947
16981.9
6907.82
11221.3
9179.37
7715.78
2745.79
1837.16
740.443
16392
8008.84
676.667
5799.98
31781.1
1108.31
362.265
915.252
24827.8
33595.7
3522.07
3104.76
35484.2
2659.93
16345.6
5368.84
6561.23
1452.34
1708.31
31991.9
3269.06
10438.5
1950.12
33815.1
1098.06
20700.7
19284.7
22838.4
1054.8
26124.5
151.754
21155.3
7663.22
3011.35
25105.8
10980.1
2750.79
6113.52
6703.36
7755.59
24041
40928
13228.2
1496
4140.33
1632.64
2033.34
132.173
29004.6
4443.12
5827.94
36385.6
11565.2
320.875
1040.71
11318.2
9796.74
15377.4
13220.3
6286.02
13492.4
7150.54
1231
8436.69
11558.9
6499.14
13496.7
11958.9
2962.63
18314.6
1039.8
5985.32
1676.39
2872.97
732.564
1725.09
35867.7
2028.42
13118.9
9093.18
23898.1
4577.53
462.495
21479
1330.4
6613.09
9940.42
11197.3
8945.29
1903.92
1558.32
4926.44
3363.19
15047.1
7461.24
559.221
2901.95
12988.3
1415.16
16294.5
3930.58
18534.9
2716.64
17899.5
2673.92
7361.22
5111.11
2067.97
3764.54
2289.83
15673.2
7273.96
21029.7
24117.2
13840.6
3950.02
308.479
30761.7
25447.4
4953.72
34115.7
16628.7
6082.15
20371.6
15284.8
5765.54
1196.05
7816.49
3541.56
18644.5
497.71
9355.37
4583.82
2494.73
5932.4
6241.25
10836
1050.05
15350.2
4081.16
11758.2
49139
9473.18
27970.8
19701.1
3574.07
7926.16
802.879
2738.07
4301.6
12216.6
63969.3
16722.6
1325.21
34746
861.6
3256.38
31275.2
20784.5
10479.7
10100.3
4817.42
7972.07
9843.04
50354.1
14392
28788.4
17742.3
27438
22668.2
1082.11
6468.8
19344
4325.68
523.881
6578.88
11126.9
798.809
35728.4
3125.74
367.669
24679.7
1190.19
2045.93
7179.18
5156.99
437.38
24701.5
3669.18
25042.4
467.188
11234.3
18913.7
10594.9
11344.1
4178.52
534.709
18436
18059.1
10952.7
32586.2
15185.5
9247.78
11249.4
1202.96
5209.95
7407.18
14863.2
661.879
15459.1
27398.4
8161.91
3446.4
1780.66
2675.65
331.757
13494.7
36303.8
1717.62
32511.5
608.346
9637.15
3552.19
1183.76
1942.84
489.986
781.702
30874.4
14727.4
16156.3
14554.5
2933.16
7621.02
6899.84
8611.64
21753.5
19089.5
5340.51
28119.8
14303.9
28304.8
4889.02
2444.76
8377.58
25284
12469.8
19497.2
5168.81
12925.7
8436.01
4586.2
1344.71
1795.11
3614.27
12405.5
9871.06
386.087
2435.47
5090.23
10033.4
2240.61
12764.1
3732.32
668.796
51742.2
22305.8
4967.64
1564.07
3239.76
10818.5
11823.9
5300.36
1352.51
4533.97
21215.8
11510.7
15221.9
17745.6
10263.1
6695.5
15761.2
19479
1518.92
13029.2
666.164
3989.09
7095.65
2905.72
3631.04
416.769
717.306
12876.6
6233.25
2288.1
93.5887
5687.45
11547.3
3012.78
17101.4
2628.37
17028.4
9957.37
15058.1
2524.73
569.832
319.359
2022.33
7786.84
23113.9
8063.81
13148.4
8920.96
3637.42
5869.66
21876.6
20971.6
2919.76
30634.8
3623.12
4363.59
13605.2
811.466
8621.19
12347
1955.51
3202.65
1387.7
5207.17
25293.5
15127.6
14691.6
7603.9
9108.13
11593
17363.2
9721.09
1002.02
11424.3
13018.5
6884.28
17023.1
30343.7
1667.01
22601.4
1404.57
7583.45
4432.05
908.342
4716.59
469.028
20078.6
2894.08
15422.9
4426.41
3727.74
205.931
30065.5
7910.63
11305.8
3204.56
1659.85
7089.94
13286.2
9170.96
2577.33
24995.7
2011.66
10675.3
2749.63
3776.44
5051.62
9704.19
554.59
8569.55
6383.05
12736.8
5680.77
4318.78
8504.42
18355.2
8814.68
442.233
58808.9
300.613
1593.96
14453.4
6709.42
5515.77
4633.75
10288.2
91.8682
630.019
8664.08
10481.9
28654.8
11779.3
11974
9237.19
28274.7
19912.5
3871.58
9256.17
19528.2
37470.2
30699.9
12480.5
16605.4
3745.75
4113.44
19894.8
3492.25
32847.6
21971.1
20673.6
39618.8
1781.8
2423.01
7285.41
674.752
8464.92
32528.9
17989.8
1829
6399.99
25164.3
5925.96
8895.1
15831.4
16963
29069.3
11634.9
52252.8
3337.88
18698.6
39485.1
5936.74
20526.9
8868.19
2362.23
2397.67
3076.03
8784.78
3957.17
9391.79
1299.27
9410.7
4361.84
1213.99
22704.8
29831.7
74608.9
14752.3
4965.94
8377.54
35.6777
3750.63
3586.14
1545.37
3042.63
1384.42
8504.31
134.244
726.157
46400.7
5018.33
1741.23
3681.35
17151.9
2391.74
2096.35
12090.4
21391
24095.3
1641.43
26272.9
9979.37
43632.4
14551.8
5727.89
24209.6
16642.8
712.24
6884.09
15315.4
7281.25
8441.83
4191.32
22017.8
11030.6
1597.11
8021.82
7365.9
20945.2
12272.1
2522.7
7989.98
3538.3
18321.5
690.682
2193.06
13267
2497.38
3216.13
29142.5
23419.6
9762.68
5943.97
24309.2
16821.6
13531
10721.8
5606.43
455.401
5816.07
560.436
15744.5
3594.77
7966.33
40160.5
5120.52
1625.65
4275.42
21351.5
8470.84
19613.8
6142.95
17436.7
575.33
644.454
2560.35
39087.9
228.258
2138.56
11208.9
9145.86
2759.74
693.875
20461.2
15014.1
3449.42
9020.2
10324.6
28673
9582.11
1245.52
14749.5
6127.76
1366.36
5509.51
685.178
18502.1
139.993
60842.4
6630.98
10025
4562.91
28933.7
1640.86
1718.32
53574.3
5965.32
17847.9
27807.6
2514.02
32777.3
6074.64
44061.1
16677.7
27807.1
418.707
5393.39
15191.1
7360.48
5876.93
27562.3
1649.64
1012.54
8303.35
9382.44
29851.6
6044.8
6976.56
8277.11
2431.4
346.122
9139.78
8633.75
937.476
14585.2
1893.11
19710.4
3389.96
4166.45
699.524
1585.82
1406.82
11977.9
1001.85
32056.1
17360.7
2039.72
4790.66
21576.2
2108.48
5542.17
710.018
3992.66
513.438
4086.31
14393.4
2406.99
8979.6
733.958
34264.1
12921.4
6071.31
512.606
1576.23
1942.84
2410.63
729.327
19201.7
1751.21
1550.6
1011.79
1478.13
133.552
1174.03
4172.73
6379.67
2189.3
1649.69
17723.1
8404.61
4052.92
13591.1
5759.7
2784.19
85341.2
15545.4
4478.7
18038.6
9714.85
5266.3
1844.97
12406.3
16276.2
9229.34
10554.7
4630.68
3204.88
850.666
3807.17
7850.53
5862.69
10509.3
19378.5
8054.02
4035.53
353.25
12322.6
25054.4
851.876
12113.3
11242.8
12920.8
11374
300.099
5114.27
16469.9
43197
6713.54
4626.36
13938.1
15626.3
22155.2
15621.4
9404.39
5731.14
5389.51
328.885
3883.9
6454.31
930.204
2997.05
5713.6
2897.72
16611.3
7650.84
3371.8
3066.01
416.211
14665.1
4853.81
6000.04
13134.8
7987.72
7907.33
8791.09
3068.53
4955.81
14465.1
2738.93
14992.3
4453.28
6809.18
7870.8
7939.78
14449.6
1724.77
6994.45
6785.44
2835.53
4691.36
20888.8
13115
1591.67
7802.97
19116.7
2448.33
4743.32
19968
3592.02
167.823
2079.71
19491
2014.25
1871.89
7078.94
535.743
9370.34
6836.08
17404.7
24454.1
5699.29
17423.5
4173.14
9512.69
28146.4
8485.08
26824.5
2512.08
1918.81
1104.15
9750.2
6014.06
69.3483
16278
3461.85
3360.69
1225.22
715.97
4548.96
15521.9
5573.79
44171.9
8361.82
7285.05
11151.4
2788.77
13165.8
11518.8
14072
5233.04
28855.1
23807.1
9160.23
13666.7
1681.23
1269.6
16705.5
22734.2
1630.5
29694.7
408.24
8512.59
1951.48
8341.72
11257.3
6663.13
24112.8
21424.9
13168.7
3973.22
3888.84
24956.2
7570.09
12808.6
2310.54
17123.3
15694.4
10715.9
902.863
5694.48
14071.3
33151.1
19469.9
19797.5
64935
10678.6
46496.1
12119.4
2212.88
11248.9
784.863
327.736
1820.28
10448.3
8405.4
6903.35
24.6919
9164.7
2169.27
25084.7
17791.2
20418
12552.1
8230.02
3562.08
12401.4
714.187
3300.48
11632.8
2502.02
11246.8
7574.12
3897.03
4857.69
1393.79
2231.25
2988.08
832.686
1427.8
13271.7
2299.17
31975.8
331.266
903.597
1714.75
32636.2
612.953
24256.2
7980.4
8735.89
9676.12
11178
1632.12
2359.67
212.246
17520.7
16546.5
6141.33
13791.8
20240.1
32604.6
18949
6101.41
15704.5
18184.9
23142.1
5127.21
41641.7
20266
3974.1
5103.61
6713.3
23410.8
4809.25
7616.58
1115.93
12383.4
4795.67
14337.7
5653.78
5170.85
479.404
5617.78
17339.6
8732.37
8233.33
25172.4
18534.9
37812.6
3162.67
5481.36
6436.12
17571.6
4272.61
5173.93
27286.9
19807.5
1962.18
23374.7
40366.3
21468.6
58911
30689.7
7191.34
16538.6
11011.6
10964.4
33393.3
606.008
5475.09
11496.7
1467.02
10012.1
22059.4
3765.36
21940.7
6716.63
23529.2
19303.5
10007.9
3149.2
3767.9
637.785
7484.19
35869.2
652.597
1734.16
625.31
11654.3
6056.64
855.994
6070.75
620.434
7152.82
15680.3
6572.99
23697.4
3175.74
6712.07
30619.9
19306.6
787.287
6351.97
7236.13
12056.2
14230.4
6634.89
189.986
32952.3
29576.3
35298.6
8893.56
4195.71
3003.13
16240.4
6262.69
971.075
33012.2
4657.75
32690.6
6671.69
10870.1
24171.6
9029.88
15666.8
58801.7
18168.9
306.592
671.47
454.132
29068.2
366.663
5063
8306.01
228.341
12157.1
3951.85
26964.1
5584
10981.8
14066.8
9736.97
5188.47
16817.7
5324.54
13821.4
6599.93
24347.3
15036.3
14294.1
11465.1
18639.4
11255.8
2087.13
5199.27
12235.6
4947.22
23444.3
14568.5
15863.1
9155.95
3056.93
1261.29
216.871
33108.4
3552.01
15860.8
19071.7
4569.86
17766.8
77.5119
11426.9
12385.1
18933.1
13767.8
10154.4
7993.77
6294.16
8392.76
6756.93
12553.9
415.861
2987.71
797.072
11783.2
15360
3964.07
4225.09
14963.8
12303.7
1074.29
46928.8
10766.4
9873.44
2357.84
4477.02
1990.25
12030.8
616.318
343.728
30635.3
6252.87
2190.51
213.138
1741.38
739.217
15004.5
6912.28
67315.2
2008.68
23025.5
6429.68
16075.5
9655.94
15759.5
6631.87
33280.8
17861.9
16501.2
2396.65
2649.45
14785.1
4030.17
5746.39
4679.42
5145.12
17282.4
5353.06
9586.27
777.2
1569.37
32169.3
10616.9
5883.08
7489.64
3353.33
56416.9
11704.7
3329.99
35658.4
7196.69
14868.3
6256.21
10710.3
7657.32
33054.3
7873.61
20255.6
522.957
1555.96
25725.8
30451
529.705
2401.8
25630.3
9607.99
11670.3
9959.19
4763.31
24398.7
6888.49
3124.04
3029.78
35043.4
2658.25
9868.63
7531.38
2048.33
6940.81
4194.69
9674.16
1515.11
3710.15
7978.24
3689.16
7294.18
4540.16
18794.1
6.58167
1674.14
22143.5
2675.02
7261.5
3357.06
4584.55
23639.3
694.564
773.332
26136.9
7952.66
11499.6
1243.78
1109.67
6917.52
4745.38
1541.31
10621.6
3765.65
1625.5
2215.44
30257.6
25123.8
33894
127.539
9808.39
8962.26
740.17
2317.94
39042.9
13300.6
6281.78
114.296
23366.8
5872.43
1612.67
21543.2
13423.9
13303.1
2611.46
23882.9
44066.9
304.678
2821.36
882.175
423.828
4009.01
39692.1
55.4037
461.623
8240.01
11836.4
14220.5
587.957
403.338
4866.76
3731.72
3668.36
11024.1
17198.6
4498.7
3110.24
14945
5295
717.073
18452.1
16730.6
6663.24
15196.3
17229.4
20000.7
7207.98
24828.6
5917.76
5151.98
2949.13
8176.68
2717.66
221.391
9433.99
26590.3
11206
53059.7
3842.01
2771.89
3094.04
24446.1
3456.27
4315.19
1369.91
21580.3
5860.98
4877.79
3764.16
17607.4
19423.5
11365.2
11724.3
2606.8
1937.02
20167.4
40212
3824.74
1561.82
5246.95
9079.32
13303.5
29586
13710.6
2051.31
6108.67
2414.08
2594.62
4979.09
8113.13
6505.6
19973.5
43777.6
1094.7
15002.9
7002.5
5134.62
2672.29
1630.52
15061.7
6394.29
7501.6
5465.77
4094.01
5055.14
3513.26
9954.58
24137.1
11336.9
2540.26
20002.6
22399.7
6882.16
22723.3
18006.8
28562.9
4814.73
7686.14
1933.66
1686.37
1915.44
3236.67
44918.4
408.77
37.2371
114.166
2942.38
476.377
10713
15945.7
866.785
17687.5
3360.46
7096
4853.21
10194.1
4448.12
486.45
384.983
7306.86
70568
21755.8
11204.7
5314.95
7736.65
8630.51
41078.7
136.364
25589.9
9290.64
16023.8
21688.8
484.095
11758.6
470.15
13209.9
1363.94
2877.22
8460.51
4587.24
2625.61
9002.38
430.667
415.575
32311.3
18167.4
4042.61
8303.31
5132.04
11197.4
1618.85
10283.4
6625.68
5130.87
6349.11
2812.69
7811.33
8516.9
23417.6
14801.8
2489.49
5752.67
7636.07
19785.2
1960.06
11786.5
11116.8
7802.37
20107
3628.27
14384.8
2567.02
3265.28
15029.4
11499.5
17799.6
56027.9
1111.64
23142.4
354.447
11232
6937.58
16430.2
32657.7
9340.03
11919.2
3808.58
23598.9
7534.87
6067.77
5205.66
7182.67
17579.8
14912.8
8476.02
708.245
1171.93
36372
17680.9
2544.97
3526.22
3983.22
4931.65
22507
5376.65
14328.9
11251.9
2042.46
10897.8
2000.39
2457.22
2674.75
2371.02
21405.6
7421.46
5773.45
13353.9
11091.7
1785.75
17500.6
5100.06
7021.34
743.233
5967.86
21028.7
35742.9
7005.35
10855.4
25516
7241.09
17286.9
14203.2
3013.45
11506.8
24234.5
57757.5
4066.02
9186.69
3674.56
8885.78
33294.6
36130.8
1301.12
14682
73.0625
8606.95
1624.28
20282.6
342.571
9209.03
5271.85
7363.8
424.368
1931.59
1755.42
4691.23
16586.6
40979.4
1291
11461.8
6066.6
5837.16
6328.63
5615.73
24161.6
19327.5
36838
6235.53
3885.94
2560.4
10239.9
10344.5
5923.24
4198.67
16851.2
14286.6
8819.87
2552.29
1360.07
3239.5
3132.08
28954.2
6297
12578.2
20716
2760.29
2138.98
3762.6
7829.39
5234.76
40779.9
8798.17
32819
7511.2
9791.8
18836.4
1252.63
755.345
668.63
9221.99
3998.53
6382.37
1907.18
5008.5
1441.43
9690.46
3429.88
12931.4
10668.3
7969.82
14565.3
5659.24
5602.44
2758.97
12176.7
4558.78
10846.8
5172.18
316.534
19208.6
8737.76
7192.34
4938.46
5315.86
1003.85
24700.4
9402.36
3873.75
57111.5
2726.56
1983.05
700.592
3004.24
108.437
244.629
8350.72
11419.3
20870.3
4605.97
3643.38
3972.26
13720
7634.12
3830.96
8745.83
927.657
12774.7
24582.2
624.583
2888.64
51815.8
21770.8
4238.48
1082.65
10166.3
20176.2
9342.99
37791.9
2195.18
9369.34
2080.88
1880.32
11197.1
498.757
4696.78
7912.8
5163.94
9263.37
21660.1
15658.3
1282.38
2573.19
4052.9
29331.5
19486.1
11776.5
5814.3
4897.37
11495.4
11415.1
2931.39
8690.73
18028.1
6057.74
4783.41
15838.7
6404.06
12015.5
2126.82
55210.3
30.08
3112.11
2655.58
311.849
3482.29
48265.5
645.924
3492.98
12479.5
5687.13
45978.9
10859.6
1760.85
37616.4
1119.85
14139.4
209.085
7725.29
4985.09
7997.9
1355.63
2489.91
2052.52
2300.28
6391.33
1950.92
4711.96
19140
25760.8
21449.1
14565
3586.68
17158.5
10637.5
16651.1
8015.25
10803.9
13143.2
27130.2
34278
43937.4
6852.53
7379.98
4056.12
2113.73
19132
6325.51
563.845
19196.6
4169.4
15768.7
14204.2
14537.6
27794
18149.4
10818.7
9739.18
13900.3
4813.76
35652.3
16886.6
6994.06
4490.54
3338.97
3252.81
10525.1
8427.79
8281.64
12098
1595.79
12813.2
35851.3
11474.2
23458.8
23524.6
13418.2
22937.3
5597.48
17281.3
1043.26
2732.91
20312.1
7787.46
2464.38
13718.6
2117.04
5214.96
20383.5
3431.06
60.1877
15770.5
20924.4
3331.39
17973.7
25654.7
9431.86
11239
309.695
12755.9
13835.4
22554.4
5564.5
22926.1
6736.56
14225.6
6284.31
12407.7
71.5299
33656.7
20861.5
201.768
5200.7
1497.39
282.294
9253.99
629.218
7127.9
445.853
33069.1
5402.36
12152.8
2614.71
3841.66
8138.09
3454.68
2216.28
8209.08
18391.5
12460.2
14043.5
4677.43
18713.3
10362.3
21646
8047.26
29543.6
4108.8
2656.79
10099.8
6580.24
27488.3
5834.35
2819.55
1548.22
3572.94
7104.79
3947.56
464.655
6960.99
539.335
5630.53
2299.97
8819.49
7013.11
740.491
786.856
7507.81
1937.34
9703.49
14616.4
6296.49
7260.37
10463.6
6016.42
4544.7
10286.5
24566.6
22528.6
3326.41
2667.91
9752.52
1171.31
1943.85
20208.2
22982.5
29514.5
16915.8
3160.33
7991.65
145.647
6096.95
9055.79
2778.07
4221.37
8062.56
2089.86
12732.3
17496
8029.1
127.274
27726.7
7661.21
4425.8
14809.5
2858.16
6504.29
829.45
8540.12
3991.92
16431.2
4126.75
18797
4176.49
12820.9
4302.63
19849.2
1881.54
1196.01
5340.13
6531.72
571.608
6957.89
15882.8
17753.3
1041.29
2355.49
1102.12
7600.96
18897.1
1180.76
18836.4
2944.5
12194.3
18805.4
555.568
13427.2
30766.5
947.856
18105.3
3304.13
10581.9
500.579
11266.6
51944.3
6576.69
7287.64
3903.17
4238.07
24516
26659.6
18293.4
2724.45
979.238
5488.37
681.489
6529.25
10650.9
3931.62
822.659
17176.7
30784.8
30723.7
3897.98
8418.58
7520.16
5428.67
1264.72
14095.8
3459.29
3599.89
2867.6
6680.41
23931.3
20363.3
17889.8
62.0538
35380.2
6309.44
25757.1
8691.62
3308.99
30318.6
1754.65
1171.46
8603.81
12530.3
2275.6
12112.4
3712.82
2577.68
6147.14
5633.96
11869.7
42203.5
12287.2
2319.14
9632.07
7055.03
2097.87
19389.8
14920.7
2674.37
3734.3
16294.4
22773.1
37120.3
997.065
11914.2
20862.4
1441.5
3197.98
649.326
19563.8
1975.23
3872.23
4950.59
50929.2
4497.48
6727.97
7113.86
21751.9
12602.6
7381.6
3511.59
8934.57
6803.28
17013.7
3596.36
21185.1
1029.45
6575.51
5364.57
16203.7
2941.02
3811.29
6519.64
5856
4359.31
387.744
3567.21
37602.4
7359.32
4141.26
14296.2
1178.09
5463.51
418.917
20087.8
5381.46
21743.5
9882.41
21574.9
3873.84
5065.43
13939.4
75458.6
11043.4
3118.14
6180.98
11887.6
3726.78
24775.6
1011.52
1527.94
21495.9
2782.23
738.508
20493.7
44090.5
3157.46
9269.16
2950.22
20405.7
19848.5
15792.4
6024.02
53886.6
3003.66
1144.85
37624.5
272.148
10115.8
6835.3
3234.47
7524.83
15631.2
2948.74
5822.36
12110.7
2962.52
43189.2
6137.41
44394.3
9251.17
7314.07
3352.11
11862.3
4529.81
8278.28
41874.1
16683.1
17199
3402.88
5282.89
2705.4
6991.82
36646.8
2139.87
477.582
1174.16
11662.6
8122.61
14818.6
4198.37
2977.58
3653.67
10016.7
8850.85
1212.16
4243.62
6539.98
6171.69
3136.25
54447.9
11012.3
18844.5
18458.2
48995.2
19496.6
5256.79
7336.42
2379.79
4732.28
119.743
9286.87
13024.5
22986.2
2939.81
20016.8
32231.8
12282.2
2438.37
41995.8
15740.1
13601.1
15943.1
18896.4
1460.62
4570.03
3575.5
8563.47
3344.85
469.661
1823.67
19903.4
5201.26
4505.85
29853.7
9201.3
6085.84
10376
9510.4
6160.52
1522.44
2419.45
8790.5
5301.25
6099.56
2142.6
14006.1
21687.1
4804.9
7155.41
3422.93
2165.73
13267.2
31502.9
1376.97
13265.6
4867.4
1553.35
1095.8
7981.12
28787.6
5294.81
3926.21
1316.95
27730.6
11167.4
7779.86
6077.55
5624.45
9424.53
3588.99
32307
8502.4
3328.72
23055.2
3597.99
1289.82
8846.17
5337.06
4947.98
16391.5
24274.1
12096.2
4011.91
775.483
10693.5
5056.78
1060.89
1066.52
19993.6
9159.3
5369.28
4171.96
2304.65
5970.39
20972.7
16193.4
12411.9
10223.7
8385.33
23907.8
18072.5
768.755
6650.4
7831.04
455.097
22300.9
13188.4
20125.8
3914.1
58108.3
14460.4
11864.7
1759.18
29871.1
45719.5
19590.4
34309.4
25291.3
23195.2
7867.14
3589.88
7584.64
12510.2
720.736
5602.16
9863.8
1367.52
19075.9
306.213
5138.12
3763.38
18499.6
11659.6
26971
6466.82
43671.3
1843.71
9160.43
7159.35
1057.94
23971.3
4602.89
984.87
296.321
4908.71
6224.54
1918.14
646.105
13095.7
26823.7
4832.09
7434.16
5913.11
6953.16
5063.44
1359.39
11444.5
34136.2
3839.27
519.323
1362.31
17138
780.085
4906.85
1472.42
768.501
3177.94
21364.6
9677.48
5418.94
589.964
53547.4
2504.82
24374.3
22574.5
2648.99
42790.2
2303.25
5260.97
37460.7
12362.7
14681.6
40999.3
820.057
9250.34
12424.1
864.074
6212.69
31098.1
21898.6
18758.3
10096.9
5907.29
9881.45
1472.25
711.803
7366.88
756.087
1617.05
3283.64
543.415
15983.7
5017.93
4873.04
5436.31
8657.12
7900.13
10524.2
6660.49
8971.3
4986.62
15769.6
12740.9
14024.7
443.588
2940.12
41577.4
891.2
5685.31
39522.1
5954.23
14741.2
22817.1
7028.86
584.355
3776.57
15114.8
9637.45
8287.22
4076.46
2087.98
8468.19
19964.3
439.61
45121.8
47575.6
11074.7
12150
6339.51
6836.78
6842.19
4504.07
9030.93
14.8828
5380.71
420.889
23247.5
13882.9
3311.74
4613.85
12908.5
17672.6
40171
30604.2
26469.8
6939.73
834.139
3603.41
6345.9
33785.3
10164.4
1732.12
12620.7
2701.53
1224.33
2066.19
24490
21279.3
3101.14
6659.76
554.131
13025.7
2574.18
21902.7
52227.3
17143
17765.9
18733.5
9894.56
5523.31
22025.7
10576.6
9867.03
541.812
3934.12
5533.84
14494
18152.1
11682.3
20049.6
21355.4
13122.4
10748.1
1247.61
5034.35
2318.88
3085.63
13981.6
978.106
4009.19
8680.69
1870.35
2692.17
20186.3
45567.1
1760.23
12196
6424.91
9172.1
1176
9715.02
9011.86
9412.43
37716.5
2389.19
1571.52
1258.36
10791.9
24308
4878.33
1296.57
8427.01
4699.42
13411.2
10970.7
12676.5
11043.6
9871.9
2990.88
14121.6
1230.24
15369.4
20342
3667.43
1522.84
2503.43
2131.07
39099.3
3205.76
2531
5870.05
66669
2969.59
727.509
25127.9
4306.85
11706.5
2110.33
5804.69
24566.4
4146.53
5805.01
12291.6
1448.66
8111.55
36122.3
35153.5
6269.68
9850.27
3315.02
11183.2
11738.5
18997.2
10247.1
11957.8
17433
2379.81
6282.93
1276.63
22541.2
23407.9
1136.48
23230.9
22325.5
14354.4
37589.5
7002.23
16647.6
3899
12134.4
23968.1
5466.31
28457.3
349.377
3846.87
2789.87
3829.13
32227.9
24951.2
5338.84
7516.92
21461
15709.2
1960.75
2061.48
5335.29
410.124
34391
1234.39
1127.62
852.582
17716.8
7193
12825.5
9562.38
1892.03
10876.8
675.601
1991.28
5921.17
3290.93
874.814
8321.46
2731.56
3744.04
23502.2
5422.61
8828.87
1989.83
10219.2
18020.7
10491.2
8615.03
29260.8
29132.6
9640.65
26013.5
7994.12
1213.23
1526.16
4041.14
14416.3
12541.4
5688.99
5842.39
7338.53
8852.42
3148.78
7580.85
17823.5
12160.3
7571
1131.46
28718.5
467.637
15067.9
17092.5
4350.76
814.259
12277.1
16935.7
5806.03
14889
2792.6
18121.7
14995
4189.74
7472.48
8408.5
5252.66
25395.5
18446.5
7513.88
22292.3
3200.33
4148.2
4753.82
1729.26
3518.01
5680.7
2150.45
11418.8
12406.2
1029.46
3403.16
18073.6
23989.9
1597.77
1453.28
3795.99
1471.61
23215.1
33937.3
6325.27
2047.05
2323.3
6020.04
11886
9754.33
21807.5
1533.53
2596.7
13600.8
13221.3
2141.19
10036.4
15854.6
11252.6
18003.2
21037.3
12862.5
6173.35
680.488
21014.4
1724.43
4986.35
8179.53
496.53
7049.49
11897.4
10196.5
27424.8
389.281
23017.4
6859.66
7598.13
26623
1131.04
5943
1821.31
4861.69
10312.5
9285.59
1753.73
27760.8
7238.19
2825.76
7686.47
2937.49
18262.7
3459.65
1054.23
12088.7
26303.7
9587.73
25643.4
1021.65
6101.02
6186.05
574.563
22851.5
1476.12
6118.82
224.753
5173.18
7591.66
13099.4
4397.56
31672
28032.8
1693.39
7985.92
6389.5
11344.4
9856.59
13506.2
12398.9
13295
10132.2
2439.87
4491.12
563.659
12327.3
33151.6
9175.05
8061.9
63.8351
30316.3
426.338
3768.94
21137.6
18736.8
3963.3
3707.06
39262.5
5853.87
28311
11068
3605.09
26275.9
3886.15
3653.73
10613
18227.4
6989.34
8743.63
2970.93
2322.8
22823.5
33008.8
6980.31
18822.1
646.598
8550.99
38967.3
3858.42
10912.5
597.511
239.1
14496.6
7889.77
13652.1
3875.38
7750.06
474.813
26257.3
11546.8
13473.4
6494.12
6909.17
7820.38
13072
29153.6
19339.7
2442.77
46820.3
2012.88
16441.4
856.588
1179.08
1168.52
18327.3
13274.1
5743.55
17945.8
881.717
2864.56
16310.4
732.61
4295.43
3997.17
1825.7
36321.4
6330.64
5579.78
1983.51
2863.91
4862.86
10049.8
13071.8
19694.5
10428.5
26564.4
9163.82
218.469
182.888
5565.94
8163.07
11943.9
3480.74
3858.18
2932.17
22910.8
21331.1
1840.17
16527.4
7199.96
11600.7
4308.07
7821.47
16990.7
6107.81
4352.96
7133.98
915.045
5222.45
8771.25
30970.4
959.576
2629.54
3836.84
17665.8
27269.9
2984.98
12211.6
3078.75
8919.4
8101.38
9425.64
3429.62
242.344
36371.2
10412.7
7138.61
880.317
18590.4
1440.78
19920.2
11302.1
19350.5
24864.6
10210.1
9158.97
4394.34
31900.5
4953.82
1832.47
2662.12
2858.66
13947.4
9765.74
66346.2
14890.2
4880.07
12814
10080.7
15894.8
592.417
10480.1
15282.7
10024.3
14581.1
6766.19
5070.22
15667.9
5505.83
37258.8
4794.01
8842.02
5606.82
10660.7
19089.3
3388.67
29139
5573.6
2815.87
32695.4
2815.25
18294.9
8450.11
26287.8
13451
5462.56
13888.2
7493.57
29390.4
7541.36
1994.05
9399.08
11204.4
14869.2
10995.6
3387.58
981.741
349.855
38896.8
6550.36
7823.01
8991.79
6949.08
7698.82
1983.45
19024.1
9372.92
6498.85
13838.2
6778.93
5269.63
483.483
8801.6
20633
12300.7
26856.1
9063.55
14146.6
1980.65
6959.94
3058.94
10893
22127.8
11713.1
5972.97
5921.79
2625.78
3634.93
9261.01
5316.46
10041.2
23180.3
1664.18
4509.67
4235.11
7985.33
7454.21
3489.3
10398
9423.71
12384.2
22841.3
12020
4166.8
2759.93
180.548
7220.95
8549.61
21570.1
6513.13
3341.26
10555.3
32589.2
14534.4
9037.58
8640.03
1557.67
245.137
7510.04
11518.2
4976.22
1793.87
4254.6
10633.7
2831.46
12075.6
28282.4
17122.4
16726.5
6955.07
9846.53
14425.7
22963
583.652
1457.05
8201.09
63242.9
3003.38
1179.7
4322.7
9688.49
8117.14
15435
2782.75
23782.3
3014.08
7994.7
33018.6
8679.32
3321.74
5027.67
30693
2397.55
4068.92
2837.67
5894.29
10637.7
5809.28
2250.38
1808.91
12679.9
36582.3
3409.67
11673.9
10170.1
5719.13
22960.9
9641.13
8436.89
5653.93
8357.27
21982.7
10278.8
1392.76
21014.2
18181.2
3026.93
448.201
12933.1
1194.38
18221.4
12851.4
3245.61
4275.36
10743.3
8415.34
3380.4
11937.1
16262.1
15243.7
5467.29
10695
14522.9
7131.06
8389.69
3646.11
488.314
3856.54
2295.9
30958.5
4957.55
615.504
10270.1
25824.4
22.355
12985.8
25507.8
17190.7
168.383
2085.29
12035.1
203.744
10996.1
29004.3
853.906
1379.1
21470.7
4858.96
6516.02
1675.56
5502.08
2997.96
2344.36
15815.6
30445.9
7562.54
8767.89
12915.8
34008.1
10502.2
12002.8
8763.91
13252.4
8534.08
5201.83
17585.9
10738.4
38702
14003.5
4193.53
750.705
8113.5
6620.14
2778.28
2280.3
12393.9
4966.17
21704
5947.33
27053.3
2816.09
8097.16
8051.05
10189.8
21255.5
7363.45
12051.2
13535.5
10136.1
11536.2
36412.5
2987.98
7904.42
3794.17
3127.81
12218.5
165.921
2592.96
4113.43
5387.29
682.836
27462.8
4125.39
496.651
6207.92
5630.24
23908.8
4341.28
6811.94
2672.8
13032.7
18586.3
1401.08
30361.6
43464.4
4566.82
4357.92
3983.76
28767.3
19377.3
21968.7
5543.32
711.487
532.614
34685.4
6005.98
3689.47
3624.29
1452.96
19342.7
823.413
10999.2
10710.4
3651.47
8138.64
6351.34
1869.51
12404
14404.4
8673.87
1317.8
47.6678
16513.6
48523.4
2982.73
11022.9
22766.4
5821.55
10637.8
3971.42
2877.64
10767.9
913.31
9307.98
1835.64
8760.35
6487.5
11243.6
5259.35
16690.9
34702.6
6559.36
9839.15
1660.27
32473.9
1159.94
1647.02
2331.22
5614.27
5019.38
27294.2
29465.1
11579.9
94.5944
7786.09
8902.86
27529.8
16977.9
3321.2
14176
4813.22
23921.4
14135.4
6178.54
1683.59
43.3722
3594.91
3432.9
4683.79
34823.6
17618.9
4386.36
4709.28
19268.1
10633.3
2238.34
12422.2
19711.5
648.653
23570.5
8922.57
2037.67
23364.1
306.483
10252.3
10909.9
1196.89
3520.65
20465
1310.39
1017.46
28277.3
17635.4
1601.73
11888
2168.55
1015.68
4944.64
9334.19
13737.3
23294.9
7953.9
6774.46
18120
2617.35
53208.7
17140.2
5455.06
1517.5
10687.8
13983.4
40.3089
5576.25
2112.9
3762.48
12157.8
410.182
15550.5
13298.2
19129.5
4599.56
4937.56
6304.8
1662.45
688.843
9788.26
1951.61
12049.2
3158.69
33457.7
3164.07
14601.5
2472.87
23040.8
42171.6
6739.99
18296.1
31032.4
9446.97
5059.59
11723.4
3295.06
553.644
5683.71
779.555
9304.5
17541.2
23253.9
3639.74
3209.77
21574.3
2523.44
3104.86
1585.37
2201.62
364.114
20503.2
16653.8
3574.86
3132.46
22696.1
5890.47
7455.8
8422.61
1329.01
19205.2
2379.29
11162.2
9881.79
1108.87
16539.6
4031.61
15518.2
7807.46
17217.1
29267
11682.4
8036.67
8432.67
647.899
8040.7
11889
13236.3
1054.99
3708.54
2663.27
2924.99
767.257
11963.7
2256.18
7683.43
6258.52
23640.4
11508.9
1202.66
3989.14
9625.62
4933.17
10426.5
14823.1
14316.7
1731.16
30439.6
9739.84
13489.9
24976.1
6125.11
10555.6
3730.92
9050.97
12315.6
7399.04
2583.86
37775.5
4926.48
1337.92
2478.5
480.113
10298.8
3565.45
10190
1832.08
3454.39
9740.61
5013.38
2327.19
2312.23
14014
12113.7
6348.85
2055.6
2484.82
397.478
11723.2
2066.91
5785.41
14873.3
14602.3
1620.65
1918.4
18357.6
20356.8
155.406
3510.06
26759.2
2882.31
10290.1
31885.2
2550.16
1927.96
3914.61
11138.2
1658.86
324.285
1482.64
6218.02
9152.52
15906
31979.7
8424.08
11724.6
19895.2
35492.6
8869.71
4883.49
12535.8
11155.2
2844.75
1790.6
6000.39
7707.33
6418.37
3969.63
8643.91
18637.9
1337.76
4956.39
2097.8
3337.38
14593.3
832.726
6365.93
4490.79
3070.37
18839.7
50174.5
14782.4
29897
1492.27
6057.29
3849.31
332.715
2827.6
299.688
16485.9
2905.03
8519.23
2087.9
1633.62
9882.75
3402.38
3669.78
15423.2
31103.1
207.77
878.14
1877.67
11940.7
15452.7
6993.38
3981.75
571.027
14330.4
3727.46
25677.9
2451.36
28948
7751.99
3232.9
10549.2
4846.71
582.151
2843.33
18072.2
33591
2633.91
3598.05
2321.56
6250.48
12481.3
1876.69
82301.3
24686.3
8811.05
2775.65
2115.5
13459.4
2506.06
5962.59
6331.56
5018.75
5014.64
18270.6
23275.8
6665.91
12255.5
14901
33633.6
15633.9
7557.26
10296.5
3825.71
5364.87
27958.9
18300.2
459.225
5550.12
8642.57
697.269
26763.7
17714.9
29737.2
23533
299.696
6240.16
14175.9
1212.96
11358
21176.5
17957.6
25212.3
12738.3
148.953
478.195
66594.5
11322.4
25754.9
4878.96
46022.8
76.8457
5460.23
1157.15
888.053
15458.6
18623.7
13358.3
1595.32
5565.45
16853.2
8243.41
12259.4
10199.4
2872.57
17120.1
16645.1
18410.6
29241.7
24401.4
1071.3
6939.88
1388.48
2063.34
42996
32936.4
7698.79
10492.9
22688.7
26481.4
1001.39
2980.13
29115.8
6102.11
36852.1
3493.38
4503.11
12801.1
12.7368
27817.4
2617.8
10076.9
7806.15
13467.5
9714.2
17496.1
5514.88
5789.71
5120.47
5289.68
8191.46
5607.26
822.494
28711.6
12441.2
1003.68
7691.64
33042.1
22164.7
5683.41
12763.3
39953.5
5501.1
13600.4
5069.01
1057.62
28221.6
2757.97
8796.04
7599.07
44006.8
2764.38
623.39
717.735
11359.4
8588.82
31238.7
52607.9
23468.1
4529.27
3866.64
4363.1
11921.6
17459.9
17857.1
12696.8
1986.5
3989.81
16394
12344.1
10771.1
9643.19
197.17
6616.78
9714.02
9163.37
7099.68
4599
28228.7
18500.3
51165
4834.62
17115.5
22491.3
3551.34
2527.2
12319.7
821.138
5407.9
19336.6
4140.74
16528.4
5093.17
26082.6
12209.9
3752.15
2633.51
619.112
1058.76
37314.5
5080.1
7336.07
2040.12
7659.9
1757.9
7472.33
20815.2
12838.5
3488.07
7959.44
4067.3
13024
1562.47
8189.6
22126.5
467.529
11011.5
5581.05
18703.4
125.937
2239.71
2994.95
22184.9
743.972
5252.49
16458.8
2248.17
406.823
3028.36
22236.7
845.186
78479.5
5281.65
13383.8
3336.5
15272.8
16999.1
12191.6
8356.34
1283.73
11765.4
9146.75
6912.95
9299.47
13524.3
4291.55
182.378
6389.93
17636.1
3942.39
2549.66
14823.7
16420.2
22084.2
14789.7
13685.3
8657.67
12196.8
18584.9
21562.8
17547.6
3958.13
308.223
3847.66
10510.1
17813.8
3946.79
1387.38
24251.8
454.222
10744.3
6028.83
20952.3
33746.9
3180.54
9070.84
12831
34796.2
105.348
5854.42
13642.2
12759.3
5399.24
2527.1
30451.3
15202.5
2510.54
56267.9
7405.89
290.557
2506.24
8670.02
12289.1
45829.2
30482.1
10713.4
5652.74
6239.16
13499.8
39017.6
46435.4
12967.8
46488.5
27040.6
1868.48
30625.1
10107.1
9048.63
15525.8
60071.9
43820.9
23923.5
8299.55
31105
5110.05
3800.17
1532.49
4061.13
8908.54
897.846
4196.11
6118.8
3283.68
5729.52
6095.53
2972.43
10596.6
17702.6
457.087
4095.99
5455.65
9013.41
10789.3
51.0477
1503.85
6604.88
272.954
1654.69
1791.42
5672.62
4816.4
5009.61
8344.85
2152.65
18354.9
2030
24041.4
8062.53
19528.2
14785.7
11064.5
33888.4
3551.93
3918.05
28030.3
2270.19
35194
1044.31
1494.03
4719.38
3934.23
5896.84
32843.8
7666.26
11960.2
22185.7
3130.39
857.618
14048.9
18250.6
6526.78
28666.6
32153.1
56385.6
3364.75
1442.93
6482.57
9834.68
11373.9
11089
3328.51
1854.14
3002.03
9308.95
4845.49
12356.3
24403.3
29780.6
35869.3
664.324
3912.41
1775.11
8540.2
18989.7
428.297
5578.02
25748.1
5255.3
13581
28528
18805.8
2412.22
21836.3
26730.3
25531.6
4471.52
125.273
207.467
3401.39
5696.25
15435.2
151.963
1401.57
16250.1
8614.15
7698.83
4394.34
6989.38
3888.67
8367.72
2859.36
32592.3
2083.37
22048.7
3070.11
5006.74
11197.6
15364.9
1344.44
8527
18202.5
698.629
20445.9
18802.8
4187.62
3709.57
6565.17
6394.91
13115.1
6008.36
6295.52
1318.09
13256.6
12106.7
4254.6
19194.7
17665.6
6692.88
3969.32
3271.51
12499.6
10587.3
673.278
1328.8
14902
488.221
8947.87
2455.79
9248.32
17191.8
6361.15
21591.3
1546.77
18860.7
8063.3
9788.02
915.983
7374.31
13708.8
23126.9
3006.93
5988.41
16025.1
763.495
14834
15197.7
10625.7
1591.07
10487.7
9597.04
11339.7
1088.66
6164.78
12285
2586.44
7527.45
2319.47
38015.5
6198.26
2141.42
6361.33
21638.2
6850.88
3449.1
3762.83
9084.67
1308.25
5135.77
6378.29
5906.88
19924.2
20700.7
3305.94
11826.7
2125.33
1968.69
11166.1
1467.85
14903.2
762.149
11267.1
12352.9
6360.53
5269.54
2559.75
3302.64
33514.4
23418.1
5058.72
8214.96
2594.56
979.831
1672.36
3206.59
12584.6
106.854
3449.49
1468.56
497.835
5288.27
22504.9
12423.8
5376.1
26132.7
2334.52
26018.3
1871.69
9437.76
9250.95
3443.21
5882.1
473.24
4234.51
23609.2
729.286
40501
1245.38
10488.8
31451.6
228.881
4219.43
19926.3
6861.3
7328.26
20952.9
12919.7
2091.47
1550.46
10770
8463.92
314.414
4177.33
7573.19
22792.4
1454.62
1094.1
6298.08
20793.4
2404.01
20866.8
8773.71
3043.44
19137.7
8734.19
14137.8
561.643
6164.81
2854.33
1923.21
2406.65
12336.5
6963.79
2399.3
12148.9
30935.3
4238.24
8996.1
2386.75
11274.3
5120.66
2402.31
437.41
928.026
7222.88
2917.83
14276.7
3044.89
69.5749
15269.4
2987.03
1557.1
12974.4
12657.2
5186.87
4.83725
73.5197
22834.2
4021.21
21898
11512.7
4365.2
13001.5
2711.97
2942.95
243.477
5924.57
17328.1
19376.5
9906.56
46038.3
7289.8
7855.08
762.008
8372.25
1489.35
29137.5
8305.05
27938.1
5895.82
18482.4
23303.4
3530.78
10767.9
15169.7
8184.52
1645.62
11059.5
3702.76
2348.07
5502.42
4038.37
28410.8
3140.13
1577.71
15241.9
9840.95
53003.3
5434.01
2728.77
48712.4
2874.32
1528.44
12731.2
1287.27
7031.86
18946.8
11879
4869.29
10523.5
9598.71
8927.93
11549
15061.3
22643.1
21569.5
34293.9
42.7412
6031.62
4172.6
16416.6
8055.6
8280.19
2123.47
37.6415
9285.52
16663.6
9086.99
13530
5938.59
650.613
1253.1
788.011
4220.57
43389.3
7355.16
762.496
46.9067
3411.94
9823.14
19100.5
17166.3
17657.5
913.381
12594.9
2662.65
63.0904
10737.4
17974.1
11960.7
12335.1
8157.57
1941.7
10985
22276.3
5279.21
21128.7
20405.7
8460.3
19441.3
3823.64
138.58
15635.4
2773.42
19865.1
20560.8
10688.3
137.901
41138.5
4136.11
7189.74
856.575
40474.6
6686.74
14088.6
26732.9
10800.9
31750.5
10993.8
23383.5
3933.45
4941.83
19016
1772.79
6475.21
1740.29
951.769
905.684
10389.6
6800.05
12180.8
2336.44
7846
9621.55
14820.6
2157.67
2052.36
2381.76
5639.47
702.265
73.869
9865.16
28591.3
14406.1
1652.69
6367.64
13088.8
16650.8
27349.9
6459.74
18171.7
37041.9
35544.9
3272.07
17714.3
7776.48
10373.6
881.126
12556.3
9571.63
24310.1
13635.3
10856.3
8701.59
13278.8
7959.28
16762.5
13624
16116
766.722
13639.2
29653.5
10943.8
4758.47
2950.49
78186.6
12476.7
17176.5
26472.1
40953.6
9066.4
18218.3
5008.97
13949.1
41006.6
18861.1
7859.72
6139.39
24733.2
4060.81
10325
10043.9
30519.6
4715.53
26330.4
14997.2
551.076
14455.8
2353.71
2510.58
12221.9
11339.7
17799
1967.36
8190.46
266.835
21879.9
12041.1
29419.8
13905.8
9919.62
6937.05
4529.73
3221.93
11562
19036.1
6842.36
23678
1493.1
1577.98
20362.5
4568.15
7168.18
16043.4
3921.23
12544.1
1063.81
27684.7
5468.37
3592.29
32767.6
5746.98
2474.54
15505.3
1902.54
11721.9
6246.28
13044.9
26679.4
2948.14
196.144
17488.7
7292.05
6349.03
24255.3
757.896
7381.41
7630.11
4268.52
11730.2
1243.83
10605.7
3496.8
32572.5
5100.28
6893.58
425.223
20955.7
13711.4
3482.98
15220.4
2999.69
18861.9
406.373
3174.5
8488.96
22821.2
16462.8
20956.3
29634.3
11678.2
903.752
4860.1
2382.11
2839.02
13563.6
23628.9
34902.6
7609.27
10107.3
9200.75
283.455
11417.2
13433.9
1884.01
5431.88
31168.2
3336
5634.73
36845.4
145.361
10726.5
16107.9
9340.57
4860.76
3165.6
2435.71
30675.5
1430.44
21792.3
13005.4
28.6284
3356.09
1844.25
2831.1
34108.9
15209
3312.23
7393.64
346.796
19691.7
34172.1
25365.4
23503.4
11033
2536.91
2776.89
40.1469
18742.9
302.571
20008.3
21292.2
5042.79
4004.11
7335.45
19120.8
877.56
10703.1
15927.7
9952.44
2422.46
1770.68
3364.02
14266.2
3437.63
26257.8
443.473
8541.08
11096.2
3127.82
17852.9
7020.12
41461.1
16078
6053.89
20839.9
3742.64
2593.71
31212.1
2363.22
1621.94
10174.6
14464.8
5168.81
7563.75
7928.26
50185.7
7499.1
5372.48
2006.98
1344.13
44390.2
15666.2
4731.66
11645.9
1631.79
7876.79
11781.2
7830.12
40085.8
8514.97
14566.2
20253.1
5544.46
14615.2
5245.56
3672.89
14785.1
85.3282
16093.2
50216.8
25498.6
10718.1
6901.26
5612.68
10343.1
19300.7
143.892
22512.9
1190.74
1107.53
5720.29
5158.67
15728
1181.59
8104.73
3457.01
6.82078
13661.9
2972.01
5523.72
5928.47
16984
6885.84
2004.69
20009.3
23257
7112.83
2755.45
8661.34
27311
1841.74
15575.9
49172.7
8540.31
1942.15
6185.66
2993.73
4861.77
131.9
16039.7
6209.61
216.1
37547.9
11819.3
2919.17
4632.01
2723.18
17119.4
4438.6
7958.02
32335.3
26898.5
36160.4
3714.12
3329.05
1750.28
3778.68
425.217
25358.5
3364.51
7073.56
1311.71
5795.43
2187.48
24243.8
7814.96
11550.3
15405.1
15739.4
7832.46
1381.79
8966.42
1863.98
7262.88
37954.8
8579.37
6185.36
4524.05
11553.8
16579.7
3047.85
17650.3
7257.65
7845.68
12287.2
51782.3
22470.6
17728.8
1914.93
21802.8
4515.01
4907.38
4609.8
16999.7
13359.5
3771.88
9765.53
2648.82
18454.3
405.53
13679.6
7581.82
25479
12295.8
18919.5
8526.76
13000.3
13459.7
6566.35
9232.36
15302.9
2467.87
1651.96
4665.27
469.758
284.936
4518.62
11101.9
7493.76
2567.46
22896.2
18094.4
11591.5
13627.4
2557.47
6101.23
18446.6
846.979
2619.04
132.003
1710.69
161.88
9052.16
12155.2
19008.7
2776.94
843.252
3736.78
28228
6044.46
10400.1
35999.4
20994
7655.9
10642.9
13389.4
2100.18
465.411
4055.1
2173.1
27538.9
39318.6
6590.22
18371.9
409.45
10163.2
4227.35
1793.57
4142.58
7079.69
16416.6
3682.3
13719.7
14072.7
65453.7
2471.09
9403.67
9130.56
7319.19
14239.3
2842.86
9602.9
6469.49
4115.13
23069.5
15584
8936.08
19944.4
14657.7
6919.97
9795.43
204.846
4539.22
7247.6
12936.3
537.063
20497.8
13705.9
13016.1
4924.66
51717.1
4121.2
29319.6
3206.45
12401.1
1049.85
8064.54
13406.5
39380.3
14846.6
21536
638.544
7251.16
2640.37
10817.1
2768.78
10813
102.924
11262.2
40907.3
24323.6
988.8
1211.79
6905.54
28569.9
29466.5
13019.2
23990.7
12083.6
1715.95
13593.7
7349.6
19674.2
28410.7
1260.63
22244.7
651.25
1577.69
451.571
26199.2
15610.5
14067.8
15381.6
20801.6
5725.78
17271.5
228.837
5562.15
7182.19
9228.8
2277.2
9956.7
2824.49
10063.5
29387.6
7980.75
3230.13
7188.8
33291.4
1317.59
21163.2
1542.9
9259.82
2726.51
4764.89
700.85
15664.8
3715.33
24256.5
1703.93
9865.08
2224.12
9679.87
22374.8
20244.6
3373.97
19936.8
1630.34
2708.13
885.068
10226.4
9943.29
8546.41
4333.35
712.807
966.538
18214.5
8914.69
30994.4
217.393
4603.34
1405.52
29102
2907.74
26310.1
8575.06
11181.4
4564.91
5261.45
526.532
3531.4
6913.42
6747.47
25336.7
5013.03
12212.6
7249.51
14821.5
14528.3
15681.9
8771.3
25803.5
6499.07
1189.8
11777.4
4104.51
16752.8
12618.9
9182.16
21742.8
3141.75
3275.99
248.855
5757.83
1303.57
24293.8
453.492
9875.53
27304.8
17420
6601.52
1192.23
10316.7
3732.25
27779
13153
6790.79
4687.84
28534.6
5332.95
4825.25
2483.81
4486.18
2645.75
4307.01
10305.9
6952.92
8560.71
9440.11
31937.5
13945.1
2922
7916.79
14520.7
23228.6
10017.9
21349.3
6754.63
45212.4
38946
2352.67
6197.46
1447.09
19572.7
6233.3
20004.5
14696.2
11386.3
6712.69
7043.58
9643.2
2191.69
42589.4
10883.1
10964
38296
9714.83
10628.2
6055.47
8327.8
39147.1
999.832
10150.9
6017.45
16041
546.853
8856.94
9159.88
6217.94
5349.72
20802.2
212.365
13941.2
9882.32
12514.9
3742.77
21393.8
6.83678
17852.8
4315.6
2447.61
1356.19
4610
24546.6
606.229
3078.67
45651.8
5377.14
7705.19
7697.66
5354.13
1361.9
5744.81
10166.3
5136.42
33459.7
2564.79
12068.8
2369.28
14543.7
78886.7
3003.71
6889.06
1959.81
8662.67
29332.6
5011.39
2476.67
6610.27
9503.1
11202.8
2271.79
6079.62
24319.2
248.641
28365.2
2560.17
636.146
8178.49
1839.62
14472.6
1379.05
1397.64
10464.4
10889
9629.19
17983.6
3222.63
1147.71
12475
39699.7
8369.9
22042.8
3009.5
14857.1
5490.77
13960.2
11860.4
21443
6079.54
21728.7
18863.6
51.2522
11408.8
2508.07
14864.2
2361.09
61966.6
7190.28
37059.5
61059.2
716.898
2940.64
6740.89
2658.49
13261.2
7218.19
3892.84
8548.95
44248.2
7928.78
2883.95
20311.8
17710.2
24111.8
1221.59
1164.07
22554.2
9864.42
19913.9
1055.23
2830.85
35587
1872.06
15071.7
5252.78
19426.2
4611.37
7800.27
12490.4
4981.34
5631.89
7870.88
769.146
1069.81
3427.72
18987.3
25071.5
160
5009.88
2275.26
579.876
422.113
484.837
3261.85
20166.3
28722.3
31985.4
1281.81
4251.12
12628.5
8098.36
38564.4
585.898
283.226
11233.3
5932.28
29161.4
17127.5
11029.4
768.8
1781.38
25145.8
27780.6
7972.88
11817.4
3822.87
3203.25
9775.02
61907.7
14909.8
10474.7
17381.4
10480.4
8850.96
2685.1
9641.24
9113.75
30185.1
3557.92
46165.8
20424.1
20603.7
14243.9
1654.25
2042.35
5695.76
5785.15
7673.95
5247.64
18602.7
1687.34
7823.7
4002.55
20878.5
24484.1
23189.2
1369.26
33495.7
67247.4
3914.5
24934.3
6292.7
20429.7
10882.9
16285.1
1154.02
9823.22
1941.42
16534.4
5737.6
14174.1
3092.79
2712.25
26941.7
10968.6
813.531
450.666
4520.5
8645.49
7764.97
9229.59
35293.3
4555.2
905.674
7976.11
3732.02
2713.84
1226.64
45315
11900.7
2804.81
17843
25248.6
4263.62
8521.38
3353.04
405.649
4621.21
10167.8
16213.3
10367.9
11946.7
4535.3
12841.1
2926.91
1776.23
25388.6
3292.6
16880.2
1220.91
19784.3
22909.5
4014.23
27073.9
2396.18
4458.04
10405.3
3988.35
13973.8
20279.1
5761.57
15347.9
7638.48
4324.74
3489.61
63702.9
22793.1
15718.7
16836
17463.6
46530.7
5927.52
288.757
23919.3
20648.7
3062.89
7975.32
2238.41
927.341
9226.59
8030.1
8579.25
12466.6
25375.5
622.589
16336.2
36058.8
3801.34
500.403
23945
1850.56
43417.6
42.5153
8760.57
23111.1
5413.51
212.701
59578.2
7192.38
1761.48
20857.3
9202.26
769.107
6826.55
6483.75
7464.17
10396.1
24304.3
18022.9
3423.38
167.256
4377.75
28208.6
993.954
812.587
13100.6
3683.65
3105.41
10185
20672.2
25078.1
16298.1
3044.25
2200.5
23043.3
7259.73
3618.42
834.845
7972.92
32186.8
2631.59
8422.02
3635.32
10083.9
3926.52
7332.5
21164.9
6826.52
5012.8
13137.3
942.922
1248.31
404.219
75.6097
34855.7
11974.2
8853.04
172.13
9970.49
20765.1
8691.28
17359
982.892
10719.9
19266.7
439.922
1141.86
7445.66
12717.8
4986.64
2909.27
1820.72
1845.34
3724.53
703.019
5246.25
43.8249
17184.4
5113.38
28096.5
17738.7
7416.33
5114.46
8098.08
6522.21
1750.65
11796.5
1176.01
1984.46
5627.2
650.325
13471.1
5391.17
68459.5
5571.42
36556.4
12060.9
19615.5
3182.89
29137.6
2563.89
24121.3
1927.63
10157.4
17366.8
8993.06
7197.15
10920.4
18165.6
11732
4607.6
17308
1663.26
8802.72
22636.2
3537.22
13852.3
11062.2
35259.7
20187.8
279.972
11358.1
15195.8
1753.93
11951.4
11050.8
24874.6
26065.7
8781.69
1620.1
31757.9
4983
14977.6
13062.5
14000.7
30873.4
21408.9
9789.88
5880.15
3572.08
5879.11
8378.6
9110.04
5700.49
22486.3
19912.1
6329.42
6633.5
9692.27
12242.6
4463.43
5455.01
4809.51
19938.3
6210.4
2279.09
15479.1
13441.1
21953.9
17001.5
16295.9
1167.9
15432.8
2033.85
16559.6
12918.3
25687.4
10412
17761.8
4636.54
1013
10084.7
5406.33
16925.1
7379.25
5446.15
4676.35
3627.86
824.327
4695.15
2978.06
12455.7
5201.3
23509
1087.61
31392.1
11325.9
30655.6
2241.1
5388.38
19246.5
7622.07
14952.3
5170.73
4205.06
25126.2
5384.6
1815.98
33466.1
12572
13170.7
21183.5
22718.1
765.07
8904.32
15476.3
4770.09
7019.21
9701.39
21453.1
15492.2
525.4
4993.19
2002.22
13087.2
8899.41
5051.55
6402.53
24828.3
1207.75
445.39
13920.8
80.6587
1701.73
6234.38
12243.2
42242.2
7623.05
31938.1
10927.2
8500.55
19655
585.699
369.41
27084.3
21208
21398.1
13238.2
8276.38
18644.3
4554.53
775.648
5384.93
10577.7
2278.58
25339.3
17823.8
3183.19
6078.64
13938.7
29719.4
13554.3
2937.99
9799.03
22946.7
20941.2
2030.86
20143.2
23962.8
16417.7
1729.51
3520.7
2245.55
4973.84
2163.71
1602.77
1196.6
13167.7
7183.99
4410.49
4795.6
10477.1
35067.1
5651.9
33235.6
5669.53
4803.77
11370.4
15697.7
15457.6
10669.3
50.7862
22188.9
9449.35
10882.2
5960.77
9240.23
10658.1
3259.94
10026.8
849.554
2873.87
27459.9
1282.18
875.323
5170.97
2970.39
6083.17
2195.17
6302.43
28131.2
4017.11
27567.6
3704.1
332.061
1032.32
9054.74
14678.3
5974.61
540.033
6504.64
57590.7
8400.52
1515.16
37.0056
417.173
8504.76
2163.35
3217.76
10035.7
5971.86
1713
33142.4
2247.63
6902.03
8549.06
25176
3327.74
30285.8
7314.85
48671.5
4971.37
10611
17047.4
575.557
5301.32
3882.09
19612.1
16696.7
12502.6
9892.32
1938.94
6110.73
4003.82
39621.7
5702.86
11186
10538.2
209.718
3680.73
2110.46
9398.74
6152.5
6768.36
213.395
1788.71
31169.1
13327.1
1504.9
2250.97
643.947
9423.02
5275.39
6318.5
23681
3409.39
19625.7
25443.8
7971.82
8398.93
9581.57
8656.33
17795.1
16154.5
6643.79
9606.59
85.0631
16648.4
2398.69
31913.2
9524.19
6316.33
292.153
5715.05
45125.3
24388.5
1951.87
3104.4
5205.84
15517.5
10288.6
19879.5
3141.6
11201.9
7788.14
4413.56
7951.45
18259.7
3844
887.068
12085
8020.41
1481.29
7440.51
6035.95
43741.8
12762.1
375.275
24211.2
13338.2
5538.86
10161.7
5379.96
12080.4
13494.8
10521.7
3189.78
5321.71
7783.63
1815.55
2541.23
4170.74
21280.4
96.3511
33553.5
3868.72
2000.46
4168.98
16864.3
21186.8
27765.7
6238.99
9368.8
1759.08
2636.28
36146.7
3258.08
17144.6
16980.4
6473.85
4241.39
24293.6
14732.6
92.8305
6992.97
52367.3
15381.7
685.442
8933.41
4998.03
10110.9
8334.57
9365.88
1444.83
7915.51
26487.3
2429.62
2348.47
3432.19
2501.63
791.073
12288.6
15127.6
72.8508
16830.3
2739.28
14457.7
21117
1224.01
21246.1
8246.34
20319.4
1641.16
39.5555
5442.7
28899.3
8472.6
4054.73
2023.41
27512.7
12754.6
11745.9
557.449
5247.13
67555.8
1312.19
20935.7
248.965
1022.1
10476.2
2553.68
486.529
21911.3
481.537
354.376
25292.2
1850.77
6563.94
4011.55
30094.6
19637.6
2698.69
3639.97
2524.59
7726.73
382.899
13492.4
13324.1
12491.1
26534.7
22264.4
18499.7
12227.4
287.676
323.552
2363.17
4895.72
13181.1
13639.6
1201.48
10866.1
1164.66
18809.3
11195.9
4190.36
3418.32
4911.02
3013.27
236.989
896.92
5198.73
8922.05
1157.86
19408.8
29074.7
5516.06
7592.91
5299.44
29035
857.176
451.448
3724.94
11171.1
10005
310.695
854.442
2221.4
8264.39
1078.21
34845.8
7578.27
28139.6
41816.4
13598.7
3183.44
9292.39
60825.4
7524.8
9168.89
455.47
4253.62
1460.22
3889.83
12043.5
3908.4
955.991
4040.26
16729.7
15978.7
13186.2
41029
1330.8
27281.7
23664.3
6223.26
20568.3
1069.62
1856.54
5722.59
23649.7
1960.13
7717.32
47648.1
3973.47
3614.62
764.705
44931.6
6702.37
14832.2
11855.1
12625.7
2779.13
76413
4940.13
5890.53
496.292
6340.52
201.722
8773.68
2133.87
14562.6
98.9133
3912.52
2859.92
3198.62
15568.1
2096.64
2832.47
34398.5
11673.3
7331.58
6465.68
5418.7
28819.1
8663.86
588.989
1881.31
1926.68
194.849
17150.2
8842.53
4555.16
1462.73
5370.97
6078.59
6444.76
4849.28
23119.1
23018.2
16948.6
17282.8
284.311
4825.98
598.395
12660.3
11265
2447.47
5525.85
11603.5
5714.71
9965.75
12922.9
1545.26
1236.68
7707.83
10385.4
4941.01
10016.5
47414.1
11510.3
7271.92
5630.21
11328.7
15929.8
21664.8
79.5354
1612.15
7202.49
23187.1
12183.8
290.171
7226.06
5487.33
2287.28
49571.3
14266.3
23336.7
3698.31
8888.44
7494.44
6567.36
5755.1
7593.94
4891.83
11577.4
11189.3
1328.45
2334.58
9113.01
12490.3
15652.4
5806.1
30139.7
2939.93
1143.57
37119.8
12735.4
12292.9
14060.3
2891.11
16111.9
26276.1
1032.36
4060.49
13686
9460.06
6458.79
21147.9
153.15
19977
10415.9
11881
15567.7
2892.27
14903.4
2427.39
13630.7
17061.8
8976.16
7551.21
4361.46
3568.45
5683.01
20414
4256.13
1984.36
20318
7245.63
4320.42
32350.3
189.489
16344.3
26625.5
28681.1
5519.11
5900.47
24595.6
2361.22
32165.4
3479.7
18666.6
15848.1
18150.7
11504.6
963.866
21680.9
3571.87
1433.65
5235.95
578.631
13495
6570.82
489.557
28770.5
3418.53
7745.91
18727.4
982.965
31811.8
32666.7
2926.06
22430.5
5923.85
40018.7
561.681
7073.37
15246.1
205.314
9847.68
10749.4
3752.07
17114.5
10077.2
18694.8
4711.1
37290.1
4041.63
9771.55
198.421
22465.4
10726.2
12048.4
18361.3
7493.78
16023.2
1387.89
19354.6
27438.8
9698.36
27572.3
3234.66
5115.51
936.132
7729.91
5089.82
4997.33
7211.39
2072.77
6029.28
13309.3
22756.2
3857.41
1553.21
944.757
469.458
6796.99
8581.15
6024.47
20426
20878.1
5716.12
4592.41
836.422
9321.66
25224.6
1438.85
2267.52
5031.12
12924.9
40080.3
26958.1
26251.6
9584.32
19982.9
15009.1
10285.8
20655
15819.7
19235.4
13997.2
7163.5
66817.3
2721.26
6381.06
768.283
45225.6
176.31
25859.3
20130.7
749.015
15141.6
21602.6
2090.54
17115.4
4906.76
5880.81
19008.4
10003.5
2355.25
17797
4988.95
3285.61
4664.12
9030.9
43198.2
22157.6
4281.35
31776.2
2794.6
5021.9
7733.17
28712.5
11507.6
4383.67
36104.8
607.239
3200.15
4940.57
1496.93
13603.9
5118.95
29431
34566.4
4032.76
7792.23
697.702
22306.4
2754.79
11370
4122.37
4986.98
19267.2
8899.09
486.492
24084.9
11107.5
12068.6
4031.86
18564
3348.55
20286.1
4372.43
4289.63
1078.79
6183.41
31228.2
4629.93
45821
6432.22
4391.84
8997.96
6381.76
352.15
18469.2
8944.9
11673.7
6693.37
35014.6
1883.83
1219.93
27631.3
4792.8
8429.01
30158
266.288
9678.13
22230.8
569.474
18072.3
8969.12
1608.78
4397.26
15346.7
4261.15
32692.8
9397.57
3361.16
32976
4585.8
1322.4
14814.4
6273.13
5959.28
33746.3
30627.3
3382.02
8215.26
31296.7
4203.23
11694.2
5790.01
8519.4
33562.8
25910.4
4719.18
7380
16889.4
10174.4
688.258
2054.88
9048.44
4592.11
16397.7
17812.3
17753.9
5288.51
28050.9
10153.9
10912.5
11911.1
2891.64
23984.5
14651.7
9804.3
31882.6
5534.04
5943.92
8208.73
3270.53
15370.5
5778.57
6567.91
27457.8
20329.5
15928.8
11618.9
2606.61
8969.66
29339.1
32059.8
16434.2
18403.9
7328.68
10997.5
15391
30553.6
1477.22
10887.7
57872.4
25629.8
3511.73
4300.61
5463.33
5775.92
3908.89
272.457
13149.8
217.849
3907.87
3180.62
1433.7
6081.54
5492.68
9212.12
2871.33
4556.07
69924.7
19638.5
684.678
8337.13
859.378
2001.49
8353.64
3423.92
16531.9
10619.9
13117.6
2956.2
10576.8
33125.2
2575.52
2219.37
24255.9
1580.34
1155.56
8792.37
11203.5
3328.56
613.608
2505.04
4976.75
15723.8
22276.8
1631.65
4209.34
1802.26
572.428
1186.75
5825.09
16586.4
2553.84
254.097
24111.9
12254.2
3964.2
78.1739
33761.1
906.743
8806.93
475.958
3115.87
1370.41
1078.41
2208.55
2077.22
9967.49
20718.4
18479.9
1454.05
2497.86
16391.9
12590.1
2972.14
679.172
37444.3
3365.37
11123.8
9052.58
18459.2
3268.47
10948.8
854.627
374.355
6572.39
18548.1
2866.1
11891.3
1683.3
2089.51
15302.4
2915.23
10689.3
61.743
10975.5
19419.7
1076.83
4324.44
686.258
149.32
11572
3265.69
6457.49
13388.4
28897.7
2500.84
15708.7
7553.77
3352.14
24897
4487.75
32283.3
4008.47
33651.3