38.5068
50.6278
27.2648
27.6825
23.0917
21.5599
50.9957
33.3328
29.9485
52.6888
71.5633
32.0311
10.7989
12.6601
28.4363
103.291
102.815
5.23449
90.2401
25.096
19.2395
28.578
35.4827
51.1958
6.91298
23.5039
20.597
15.2928
9.02324
37.2169
25.2308
15.1022
70.9232
41.8585
38.4039
30.9649
9.38075
30.4795
64.8012
18.7244
18.8651
3.25927
32.361
17.2116
4.94812
51.6694
23.3227
36.6582
11.3764
14.8069
46.557
34.9294
26.2726
50.4596
22.647
4.42413
14.7814
14.2212
8.49131
15.5754
14.609
31.6238
68.0369
14.5657
65.4502
6.13274
82.3792
111.629
12.8894
33.9567
28.6301
53.9487
55.484
14.0625
83.5371
8.8805
48.4763
68.6672
11.7541
31.6359
10.7622
51.6499
26.3234
19.8379
24.7523
19.7684
11.2758
32.8373
34.8189
24.7462
10.2955
30.1451
11.2888
31.3481
32.0898
33.5637
139.834
39.2799
43.2372
5.73874
86.9565
22.2779
32.5663
71.0982
25.1811
20.8059
44.5776
48.4313
6.71882
56.9751
47.5995
43.1702
32.5181
29.5987
32.8046
18.7162
47.7245
86.5124
9.24988
15.189
28.5028
6.03095
160.45
22.1555
10.1273
15.1682
45.1718
21.5029
41.2177
46.8953
54.9183
9.71752
51.0139
60.3318
30.2536
29.3008
26.6759
63.4399
22.1364
83.228
23.9177
79.5552
24.764
27.5116
25.2376
37.6681
26.0051
26.1421
37.7298
27.0374
44.3164
16.7355
37.7849
28.4791
62.4498
34.7499
31.9475
19.1317
39.7969
38.9917
5.36888
52.7189
13.02
28.0652
23.0157
35.7313
78.3228
21.3121
63.6357
24.9944
3.80645
53.5604
20.4196
73.2729
57.9966
56.9352
44.3546
16.106
18.2644
21.7494
11.8426
34.5004
98.8041
40.9163
27.56
46.2799
21.0377
12.0023
19.6165
10.6229
35.2191
24.8312
127.194
57.1512
27.4728
61.5343
15.6913
15.0056
56.2203
24.7989
8.09964
6.52847
24.3029
91.7937
25.1003
4.34551
15.9971
40.0447
35.1215
21.9717
45.5889
77.4771
37.4108
10.8288
12.4168
20.9868
9.89138
43.165
39.3078
8.02468
12.2459
8.76613
94.282
12.0129
15.4283
31.0719
19.4818
33.601
12.7195
33.2846
29.3319
22.1175
18.5486
58.0293
28.7034
44.1084
28.9068
77.0925
7.51023
28.7278
35.6392
16.8183
8.73912
16.0502
29.3106
8.86286
49.8504
23.0783
31.0477
14.0237
7.15357
131.373
11.6229
29.5982
66.6192
20.4774
51.8201
54.7315
9.33981
112.013
15.0442
93.6
40.3002
60.5528
12.6225
13.3012
57.7554
11.9908
6.88487
93.296
6.47497
11.2051
8.99428
10.1455
22.6206
14.2861
36.453
22.1458
10.5257
21.7353
13.0804
28.1787
115.887
19.2983
63.9096
30.8444
8.80918
21.3322
12.3523
12.0711
17.1188
10.7455
18.027
28.5094
35.2753
16.0368
25.0847
47.7139
21.5258
18.2214
12.3957
18.9176
36.3618
31.3769
38.6251
81.5669
27.5428
78.7079
23.4498
50.1036
27.4411
16.1816
37.747
23.031
11.0969
79.9253
15.6466
14.1344
21.9471
13.0041
135.671
41.2215
71.2467
33.9397
22.1796
56.5
11.9118
23.4792
23.6874
10.0312
34.0639
18.7753
17.631
33.5654
22.2773
40.9431
65.7128
12.4046
52.8902
49.2055
7.64912
13.6712
12.6165
10.2432
18.3971
9.52054
21.9266
15.8072
43.2731
22.0807
35.3955
32.7901
19.8481
18.0017
104.546
13.7307
16.1831
17.8507
72.7416
112.361
45.3971
20.436
17.4246
24.1223
26.6932
22.8452
10.9851
19.0087
19.5527
32.6054
34.4607
9.43787
26.4785
192.143
12.2581
110.369
6.39828
68.5337
65.0601
12.3064
9.7832
124.841
8.9498
21.3146
18.9706
40.5267
24.85
74.9667
15.438
48.3085
30.5126
14.8011
29.9111
13.391
26.0052
13.9742
47.8319
45.8394
29.009
64.426
16.5793
88.4312
22.7212
17.9815
26.7127
29.1919
23.7363
24.7899
23.5348
21.6632
60.5713
60.0591
28.7795
6.95191
12.3438
82.5805
19.3832
35.8824
20.7214
13.3795
4.69059
16.8733
19.621
10.6461
7.21899
7.36701
24.0159
26.5956
21.7056
23.3984
85.4719
50.4236
12.3973
23.332
9.76538
21.05
46.5579
40.1357
9.63164
82.3527
8.19896
11.2117
38.2545
89.2345
52.4742
40.0827
21.339
49.3117
11.2057
32.3682
26.6742
32.44
17.8699
39.9814
109.986
22.6101
29.5915
10.5567
10.8266
10.9204
92.0314
10.2723
93.0916
32.6116
6.67028
43.7693
16.361
45.2775
48.2495
17.8561
21.296
25.6625
27.1388
27.4191
13.1431
13.8124
64.1167
80.2161
9.51453
19.6047
26.055
45.813
84.0552
21.893
19.3452
31.9346
12.8158
12.7407
9.17025
13.3484
105.261
20.0484
55.879
57.5554
102.804
30.3115
102.026
28.2378
19.7926
20.0622
25.355
38.9248
60.2717
33.682
40.6734
11.9132
31.733
35.2361
35.9542
22.907
34.0188
24.3411
27.2962
28.2353
56.3702
31.3377
27.2142
17.1638
39.7867
33.0926
132.586
68.2757
16.6045
60.5091
41.6845
129.865
107.073
84.8354
37.5237
41.4035
20.8637
96.059
14.7363
20.1453
28.5362
42.0324
23.3789
20.8431
45.9771
50.2315
27.5446
25.7871
12.7918
57.785
124.523
119.174
44.6214
37.913
23.2965
38.0346
55.8112
98.9928
16.6237
12.4793
15.0627
45.0501
6.03891
58.4699
34.8208
19.9669
9.01261
9.70857
33.7317
20.9237
74.5518
5.63186
14.2486
14.9233
23.5209
24.0901
18.9924
38.2021
12.0252
75.6452
41.4137
10.7587
21.3053
23.7116
29.2071
13.1007
57.3715
54.1639
153.173
84.3264
26.0247
73.0191
10.8129
29.8282
28.6147
12.8189
17.7514
104.002
78.7741
27.6962
17.6809
11.4784
46.2634
37.8992
25.5664
4.1468
109.002
51.6889
94.0591
32.0295
43.411
44.5467
94.4642
21.4721
7.4221
16.5882
20.36
14.0303
74.7003
11.2511
21.401
84.8408
13.7753
23.4195
12.9517
33.6111
56.0897
22.6875
12.361
82.3765
10.1987
3.36114
61.0937
13.3772
11.1109
29.1567
10.698
12.5144
30.6837
4.8161
31.8731
15.9939
15.1677
45.2519
67.115
53.1424
48.0637
7.71393
55.5537
62.0155
20.1123
11.8087
62.1874
18.1112
5.7173
23.1703
33.6211
73.3878
12.138
19.873
58.4429
23.6713
9.53497
29.349
32.404
38.4215
102.994
7.85223
49.7608
44.9529
18.0957
44.5866
15.8751
69.6123
25.101
37.4927
53.441
8.146
8.03842
26.614
13.9098
23.4273
72.5528
10.425
16.4525
21.4143
14.956
14.4884
18.8865
29.6873
46.5048
46.5259
93.7917
46.5863
62.019
22.0922
15.7582
60.3986
17.6759
85.7319
24.6185
8.40081
82.4087
29.1403
86.1735
66.7667
13.0779
24.6966
13.9978
23.7871
38.1755
74.0683
16.1075
43.4247
21.216
22.3662
23.6098
31.4387
8.75247
7.02521
23.943
44.5434
22.6013
6.6294
30.5134
10.2214
18.4087
18.5711
23.9044
19.0136
11.7707
14.9061
12.6892
41.1043
7.80055
14.4477
34.3967
70.1035
90.8381
11.9881
57.0684
19.3791
12.3765
6.40941
53.5826
8.80253
21.7355
70.506
25.3003
10.2376
37.0774
44.765
20.0706
15.8224
63.4678
45.3979
16.0458
12.1465
100.952
5.21128
35.4406
47.5565
6.47127
11.9981
14.4545
18.7304
28.1365
11.4631
5.25358
28.5534
48.7811
75.0675
42.6069
46.8328
75.1407
26.7296
4.41837
34.3534
8.55781
158.86
57.0303
34.8826
113.182
134.007
32.7082
66.0926
25.0122
24.7176
10.1295
67.0609
19.7398
9.5355
31.7639
83.2661
41.0925
33.6007
24.6756
20.6952
7.82861
38.0706
9.75755
39.9685
10.926
17.4241
70.239
38.096
28.1571
78.8588
10.7432
109.283
6.51751
38.4955
21.2779
22.4053
18.1268
27.6895
8.90269
48.2209
21.3544
17.0298
9.86509
7.90701
39.6134
55.343
3.77473
38.2175
19.7772
12.3425
29.8911
11.0206
19.9023
10.2936
34.9902
8.5832
76.4248
28.442
55.0979
6.55986
20.9454
46.035
12.6735
32.9662
22.0217
70.1824
26.311
11.9422
23.0052
92.073
64.9111
25.6788
15.8351
95.1097
5.09033
37.0467
10.0326
21.6756
12.894
105.854
27.7884
11.3117
70.6258
16.7404
5.77858
81.6049
12.669
45.2948
16.5956
36.4735
22.3349
16.1611
12.7858
63.2387
8.16152
18.9729
70.4263
20.2858
62.4595
8.76705
55.4687
29.7375
84.9713
18.8079
17.0865
48.5935
21.668
18.9489
51.4399
49.5442
25.9036
18.132
24.4609
9.43228
85.3625
35.0455
5.97193
31.8446
41.2071
27.3957
64.1184
36.9636
95.9666
23.7512
53.2816
48.0865
32.2592
10.5205
17.4323
10.0673
19.5742
13.8482
82.5703
56.236
11.188
18.3684
15.0806
31.983
17.2105
19.8268
31.867
49.1443
37.3865
8.56413
11.7345
53.8525
15.6462
30.1218
8.0252
53.4917
26.4405
65.2039
60.5115
27.5399
25.3376
18.0553
11.6933
23.5589
21.1727
14.4483
11.926
12.8069
10.6159
31.9863
24.1212
64.0213
16.7294
43.883
13.8444
35.3846
22.1313
84.8386
59.5222
14.552
25.452
28.6734
15.6534
57.93
53.7354
29.3232
18.9063
18.8111
17.5445
35.6673
68.1874
11.7704
12.9574
10.0043
18.3097
112.532
9.63818
68.0276
19.0599
47.5873
58.6394
26.0598
26.8408
35.5159
6.1412
50.6187
23.8423
20.624
18.8208
13.9928
69.7389
36.7969
8.99533
21.4603
10.0542
32.9935
67.9623
62.3386
20.9866
56.0336
31.9547
45.5491
62.0244
49.4306
18.5456
56.695
19.7706
34.9333
21.0584
62.1742
31.8927
54.9978
45.7476
13.9678
10.7261
63.9055
40.1241
43.7282
26.8289
90.2003
6.62715
29.217
39.7903
19.8002
24.2908
72.7985
93.7092
46.5276
25.0081
67.2593
124.385
25.6198
33.4824
18.3581
77.5418
12.933
4.73219
69.5662
10.7095
28.6936
40.4446
17.2521
34.1943
61.3179
7.32824
81.3748
14.9744
54.3553
15.345
8.85542
5.36848
6.18532
42.1975
15.1672
23.2857
111.899
16.7754
24.7488
24.0235
39.6236
46.5069
123.304
35.7108
31.4351
23.4808
20.6598
27.5783
22.9142
42.5237
44.4311
73.2233
5.23103
16.6442
83.8946
7.95124
25.2697
13.3698
54.6988
47.9818
10.7114
17.0249
6.6216
11.9758
11.0313
42.9892
71.5331
49.7575
49.3992
17.7244
20.5926
10.4332
17.3683
22.4497
17.5721
22.6939
29.9785
22.2882
11.6057
104.066
10.251
4.39032
40.3178
41.602
25.3185
30.5711
32.573
12.669
16.9062
5.75216
43.4652
44.6965
13.5871
17.9477
110.098
89.8772
22.8088
21.5489
25.8557
52.9374
36.0024
77.8713
21.0205
50.0942
20.9873
11.1597
26.9024
34.7833
13.1365
20.5272
9.34021
33.2771
32.235
38.6426
21.6397
13.9226
21.1721
10.7607
68.7477
26.5556
21.7969
40.9929
25.814
14.1899
10.9182
11.8172
30.0996
8.71557
33.7142
78.4774
24.6599
120.172
21.1673
40.63
29.2782
18.7002
28.5199
17.3647
36.4171
17.8214
10.318
57.7281
29.7809
17.1436
12.2284
28.7483
21.7189
28.044
15.7641
14.244
67.0534
23.9839
27.1878
29.8272
27.6442
34.1979
22.0197
58.0363
11.4191
9.15539
13.8794
11.0615
77.9878
8.59784
63.3186
28.48
119.856
27.7279
34.4037
39.467
28.6337
25.0123
16.2783
12.9006
5.94321
9.35574
105.514
6.99058
50.4596
10.6388
46.6781
34.9531
48.6678
40.7111
28.6122
27.8989
54.6882
34.0694
19.6279
42.6904
23.5618
18.7363
40.6939
29.842
16.8292
10.7814
25.7087
30.6991
30.57
49.2774
21.3573
26.7205
14.9519
45.2748
22.753
24.8936
15.9417
30.6561
28.1675
78.0024
28.3894
43.8808
14.5914
20.4558
110.218
13.1827
50.4052
16.824
36.0393
9.64755
13.4978
8.08149
13.9486
15.8229
35.6815
24.3404
47.6446
50.0981
16.2791
13.051
123.951
16.8417
10.6461
35.3355
9.72283
6.44275
152.354
16.2056
42.0659
7.68686
22.1847
68.5485
17.1067
56.8131
19.9285
12.7146
116.021
10.9465
20.2972
65.0263
48.1596
31.5327
12.2585
76.1944
20.5928
21.0681
47.4034
21.8409
68.9429
39.5379
33.9729
84.1315
35.1515
13.917
54.1437
23.3448
25.1611
33.1848
52.9516
12.8325
79.716
19.9153
30.9042
65.9446
7.65365
55.2698
26.7037
62.7955
10.7534
13.7529
27.1283
122.49
34.297
18.5708
38.6658
15.3947
47.1674
18.133
12.6797
9.04804
46.6115
14.0778
8.67209
72.0631
64.9964
64.9906
13.5702
22.4503
42.4444
26.8386
14.4465
83.6029
33.7572
45.2445
17.97
8.16261
12.7849
16.7147
13.5849
13.8535
14.207
17.0962
24.4207
21.3696
5.48353
27.8349
64.9332
31.5139
122.566
22.2618
18.814
17.1586
17.8093
32.9039
13.6914
82.8549
65.6348
133.459
17.9154
8.4885
44.7215
32.5982
35.5926
7.52836
24.5376
25.6471
28.2339
42.2595
66.1296
56.3255
48.2186
29.2018
49.5761
32.7408
48.1536
112.915
16.3374
24.4736
40.195
26.026
47.9397
13.8788
30.52
37.7732
100.086
8.45159
47.8605
9.53205
11.976
13.3872
35.0902
34.6655
34.2774
31.0581
26.6294
8.24204
19.245
58.5834
47.0517
5.20242
30.2713
15.689
74.1597
59.6656
13.7093
61.1982
22.53
65.3411
15.746
22.7409
4.53246
32.8153
34.5614
32.68
18.3509
9.68697
21.7004
39.2697
56.5729
8.70962
34.2691
75.5869
36.3633
21.6487
34.5727
22.8878
11.0446
30.3066
17.0349
32.4484
18.0777
27.1347
62.3616
15.8288
10.4233
47.951
11.5483
51.5413
67.0618
9.4764
5.08045
78.5499
55.0063
189.73
49.0558
30.1112
15.983
20.1078
22.0431
26.3881
24.9686
10.8853
23.6986
32.3892
13.9115
10.5752
81.2322
155.708
32.3003
84.3228
13.2599
30.7845
27.7989
18.7837
32.2897
31.4523
29.2991
9.94664
36.7416
61.5033
42.4983
14.0859
59.0329
26.1497
80.9213
23.3037
51.7183
27.1966
10.5325
29.2159
7.79582
10.2733
3.58879
21.6165
11.3851
8.61189
25.2166
108.95
36.3007
10.3071
9.56149
20.8264
48.2739
24.5975
35.8771
13.7305
13.7325
50.0138
17.7169
45.0008
63.6508
93.3613
17.9343
18.321
112.41
12.7394
4.74238
15.5723
15.048
47.7648
19.0837
15.8837
34.6734
18.9918
7.2167
21.3213
24.0781
5.90009
9.61501
15.9045
65.6757
53.1701
14.3631
14.8123
72.1342
59.6194
32.2494
36.4211
45.9025
11.9705
28.6738
24.004
49.6365
5.02634
23.6101
11.2105
66.5726
23.1557
54.8851
23.8039
5.42979
21.8953
10.5164
73.9512
55.7324
36.792
34.4627
18.4759
28.758
33.3255
31.8032
91.3495
47.3593
68.6626
66.1875
47.1754
7.34584
41.0858
18.1551
47.1572
46.3277
12.0523
37.6584
10.0096
53.5431
41.1579
42.3283
140.273
26.4783
11.661
61.3096
16.7255
60.8692
31.4825
12.8766
61.866
20.7376
13.2061
34.3423
37.7269
63.5398
25.9352
12.4247
46.2305
18.5127
76.3413
86.8199
11.9675
21.1242
80.7544
5.06042
14.9941
26.4985
19.8159
22.6151
60.9691
33.2842
15.9217
10.3385
55.6986
13.6625
10.7408
50.8888
31.2664
13.0326
27.9894
22.021
19.1042
35.7958
57.2863
11.1136
31.3593
27.0882
13.9468
51.3743
9.00021
69.0533
6.83931
41.3658
104.82
34.6232
84.7863
23.8092
19.649
13.0264
34.3765
41.3439
20.6438
63.1813
14.4012
58.4889
15.9604
27.9609
10.1777
48.5589
51.6549
60.0123
65.9088
35.7499
5.76831
66.7717
29.6545
39.5655
10.0665
6.57194
24.8575
11.0105
30.2694
8.74635
17.6923
23.0648
37.559
44.9869
48.1801
4.84108
37.4856
37.9333
47.455
50.4618
74.8788
9.36842
46.0101
50.1434
40.3389
7.10782
5.37165
21.9497
14.117
25.951
40.3717
16.2523
12.4447
46.8455
44.8886
23.6814
30.4097
9.91959
13.6873
11.5992
37.8473
25.9631
24.703
11.4067
19.7582
18.9104
39.6153
53.7554
19.4188
14.9572
25.2694
33.1436
81.7935
13.7038
19.7017
14.7447
15.7118
25.0459
45.8596
38.874
54.5177
34.7946
55.2716
39.16
23.4803
7.51875
22.8597
32.4752
111.221
31.5627
35.0108
13.6511
26.4909
50.5506
61.8065
28.6451
26.0445
53.0307
28.9597
36.6531
9.41121
93.3387
31.851
13.2005
10.6037
18.4657
31.8404
43.1936
10.3973
79.7637
45.6924
38.8013
12.6176
59.3285
59.4816
42.2032
51.557
25.0772
56.9984
18.4755
42.9665
70.4254
7.77788
19.4508
19.0227
11.0046
32.089
31.4691
20.0963
39.4244
85.6979
36.4018
8.8921
18.3905
27.8682
43.229
18.8068
12.7992
64.5481
53.2534
39.9792
30.5931
41.4986
15.0823
20.7621
37.0338
3.80035
20
18.4031
25.9567
108.619
53.6631
55.3888
39.8524
106.504
4.03423
11.1499
4.63261
15.8507
93.2904
24.8014
26.0401
39.8402
8.32106
30.4615
13.4843
18.8484
52.8
66.1624
14.2624
9.44848
21.3317
8.73273
27.7385
20.7534
9.68167
13.4221
43.7797
11.4943
20.6477
15.4192
5.82504
31.5846
11.6126
38.7284
17.5615
31.3533
61.8995
62.128
26.1271
62.1599
30.6317
15.8198
9.91244
48.5938
64.2549
133.737
43.7795
13.089
15.6271
124.719
22.8672
63.2558
11.3376
32.7619
38.4197
56.0409
13.7424
52.294
44.5391
51.7036
65.5863
87.0336
98.0422
11.5476
61.0165
43.3545
16.3644
45.6314
32.2101
29.0217
117.6
8.71063
33.3513
2.40057
61.4335
15.2462
87.3832
32.4423
17.8745
9.20702
118.992
22.0505
17.9153
5.30076
13.8433
26.759
35.2506
7.66137
46.9126
9.11818
88.4173
16.5893
92.3471
30.0674
84.6442
31.2214
12.691
26.2667
50.0231
32.9792
29.2709
8.3857
32.8687
10.7307
31.5611
64.4746
25.8557
9.78316
19.4295
24.7249
69.937
28.2646
16.452
25.5574
88.1743
18.6432
21.58
20.7223
18.2219
5.21368
5.32898
16.7926
38.8802
34.627
71.9029
7.51224
42.4114
24.6948
43.6908
8.77171
15.9653
19.4462
190.414
33.9547
30.6872
44.528
35.784
25.8196
49.5283
9.24055
63.9712
33.968
19.3622
56.3882
40.0032
24.4912
23.7992
17.2363
14.6287
7.42089
65.4903
27.6695
67.2415
99.3497
10.4128
13.5162
45.9188
55.1461
6.35465
12.333
27.9346
34.4165
17.7208
14.3688
34.5792
22.79
29.7047
26.4294
33.3959
21.3992
20.8839
37.2185
51.647
31.4167
58.1722
77.4722
87.2433
28.482
98.983
41.1923
18.7184
7.24484
40.0503
8.36561
34.9293
31.825
27.4182
37.7726
19.3142
79.7221
38.6467
38.2978
36.4785
9.18844
16.6956
72.2336
123.971
38.0387
43.5362
18.8279
24.2626
38.6415
15.9382
112.734
19.6917
25.7167
12.4215
14.6172
32.72
56.7752
39.0009
13.457
13.5834
52.5082
26.2319
22.2548
50.1277
27.7788
9.17257
22.4244
87.0849
17.8525
48.5284
46.5425
29.3149
3.34351
114.148
10.0425
52.1222
23.7839
73.8146
15.2848
57.015
16.2251
84.5707
20.5173
46.0573
27.2255
10.183
29.5544
8.57884
28.5084
62.9752
35.7297
10.0159
38.679
25.5881
22.8492
19.7902
74.595
39.2291
65.2595
25.3651
45.5411
67.769
113.018
35.2123
5.48141
29.0375
24.7458
3.95958
107.175
28.3537
11.9884
96.806
16.232
10.2783
36.2074
76.9461
25.8617
12.6015
6.56421
45.2258
38.1555
5.99875
129.08
28.0767
16.0723
52.8051
44.8331
41.4038
17.9493
18.1425
73.2135
35.2243
22.9265
36.8223
27.7416
23.1847
13.7688
16.7347
48.8537
25.8296
50.1978
6.40604
20.1499
166.41
25.3228
37.1886
35.1181
18.6419
22.7315
43.4918
50.029
55.4115
14.8184
53.2045
32.3729
14.0555
16.7656
21.2193
9.97221
5.76223
13.028
29.6927
104.072
25.0138
34.0616
69.785
25.4575
43.7438
27.6909
5.87431
48.7074
20.2109
25.5151
45.4979
17.8355
25.2291
34.1736
75.9646
56.4962
58.3116
9.30797
32.7217
36.6706
24.087
53.2359
6.63262
11.4382
5.06357
33.305
38.8513
62.085
17.1012
14.6806
37.6069
85.023
49.0871
8.39036
10.4677
17.3458
40.6348
31.0134
18.0215
13.0843
13.0061
33.2514
19.9895
16.11
40.7742
111.859
42.6116
8.034
16.4414
59.1755
29.2797
32.3092
15.3729
22.4296
60.9442
43.2557
22.4105
46.4175
56.7556
20.7058
22.4979
78.4698
15.3577
3.48958
98.1356
12.9415
46.3078
57.6229
96.0347
14.1925
22.3718
37.1358
25.7096
20.025
26.1415
37.0822
7.28183
8.93048
19.0832
106.527
27.2527
17.1331
22.4751
40.9959
37.7513
17.6685
21.8873
15.5531
15.2699
100.584
23.4474
26.73
14.5542
56.6326
41.9951
8.37774
67.5335
18.2878
69.055
22.5315
15.0617
72.0418
29.6492
105.448
15.554
49.4569
30.2291
25.8392
26.7613
23.4542
19.8338
64.6242
71.1394
10.9313
46.4948
87.2804
115.789
12.438
52.4064
45.6814
12.5543
33.1794
20.7323
9.8441
18.143
139.045
16.9552
11.6773
37.6822
17.0637
80.7091
27.8793
51.88
42.8232
22.8415
58.3727
53.9458
34.3399
45.8135
53.4217
6.50623
34.1828
89.0366
10.0014
5.02719
6.912
19.8036
29.7346
25.9242
52.7408
15.9836
73.5562
34.4833
49.6835
42.6234
9.85659
17.7039
21.9929
91.1811
11.8974
17.3073
18.7162
15.0644
16.0149
26.0788
40.3317
13.5627
24.7726
41.6598
57.2616
13.7231
45.6534
39.8261
49.1504
21.299
39.5445
103.437
7.66644
23.6472
31.2439
40.3789
39.8373
15.462
77.8627
30.0883
27.4188
8.35359
13.6888
35.675
12.8056
28.3182
48.6732
27.1975
10.2246
7.73872
39.2711
77.9
16.1082
50.9354
13.4498
105.628
30.1067
12.0207
28.9824
24.6496
48.1337
39.4966
37.2644
6.69876
7.53952
10.5496
12.6952
18.4219
11.056
13.1234
17.003
34.2768
61.4484
22.5733
25.3995
31.663
24.3641
6.70894
27.5659
31.348
56.0959
86.9346
19.4024
15.1272
37.1052
48.6249
13.7068
14.358
13.0258
38.2203
74.0848
32.9651
24.7427
10.9485
84.4246
25.0012
55.2816
22.7495
11.1591
53.7047
7.61626
156.751
23.3102
53.559
47.2577
55.8686
87.1058
53.3055
11.122
6.5203
35.5811
15.5164
25.158
57.6554
25.8343
53.7434
35.2523
102.8
23.0638
18.7242
63.5781
26.2453
87.2232
43.2377
51.7406
20.4276
12.7446
35.1853
23.7777
65.5967
25.0849
39.4766
54.329
47.4106
6.68865
15.2728
38.1177
36.713
12.4133
42.8702
31.0967
43.2635
59.4865
21.3853
48.8475
42.3822
39.5966
20.2958
42.5305
39.5286
13.4031
9.14593
11.8676
8.57964
63.2653
19.7865
9.1959
25.9977
34.9202
9.67136
8.87493
25.2648
37.8568
44.1351
12.0098
12.2453
43.3004
32.8349
10.6259
72.217
23.3454
36.3579
37.5246
57.1075
50.7073
33.927
27.235
77.7368
150.355
8.61669
55.534
26.8019
33.4516
88.3618
70.903
110.591
8.76027
43.3009
17.6624
12.6175
51.9458
59.1175
38.7488
53.3222
8.72222
51.0314
7.6621
5.66542
17.96
16.1332
12.3475
36.231
7.50263
5.0461
23.2716
42.2052
19.4473
29.2836
22.1368
6.94898
2.88338
24.3318
51.1737
35.536
17.3515
58.2694
15.4336
17.5232
34.9073
23.9236
68.0986
40.794
4.47237
27.1685
11.8498
61.5263
13.5046
29.7684
12.6667
38.2387
30.583
7.71036
10.7755
10.3317
21.7818
4.93751
21.9283
24.5712
56.2722
48.1113
88.4673
18.8783
55.2864
27.369
32.0981
11.6537
52.0927
13.2359
12.0293
3.06978
96.8065
11.24
29.9116
34.131
58.5781
13.452
22.4132
18.9266
55.6133
13.0137
22.4468
44.6147
7.43911
61.9948
21.4926
131.589
58.8999
47.8552
8.66963
60.5307
18.2073
5.80398
48.1199
64.2126
21.6137
61.4066
11.3919
16.646
12.9458
39.8577
39.2955
45.0196
20.0257
18.6415
19.5632
15.0648
49.9754
93.228
38.3166
9.30539
18.7128
18.706
47.5438
29.6926
32.1521
36.1236
48.8069
51.6158
22.1942
26.8371
12.679
29.0679
17.2198
22.0594
51.2113
24.2764
22.0092
75.6449
16.1256
19.0685
48.2726
23.9116
38.8913
15.4952
20.4018
66.151
28.4186
28.9845
54.2456
31.3778
36.1395
16.3865
12.5374
8.35823
33.8791
17.8646
25.8373
17.3686
12.0084
108.373
60.6087
7.80983
55.494
23.5304
23.6961
48.9935
48.5284
57.4824
11.5904
31.1355
76.6972
23.1335
43.681
34.9456
24.0427
13.6706
32.1393
13.2661
47.8643
32.621
12.3015
70.815
15.5039
4.07058
39.4538
5.2489
53.9499
7.76122
9.34691
10.652
35.8305
15.1738
10.5073
35.334
41.3594
54.2362
17.7892
116.717
68.151
13.8922
22.0511
21.6571
7.32986
4.82159
14.7785
97.3777
10.9133
32.5406
21.8287
19.7434
61.5423
66.2001
14.0202
42.0269
20.5871
6.28598
21.56
23.2051
18.8219
17.4738
53.5463
8.0365
11.7504
9.59779
30.039
27.1411
54.7263
13.6955
44.0877
55.496
32.4998
18.5853
27.8143
45.8904
65.3385
46.2937
57.2972
38.6995
45.1486
36.5215
13.9264
16.4995
29.0948
22.7311
81.6813
10.8005
5.46546
30.0572
17.0978
11.7065
87.872
11.208
22.4834
28.3321
15.2104
56.5703
53.3124
35.4824
104.987
11.193
56.1447
35.9307
47.2184
36.5066
43.0977
26.179
96.0568
37.4127
17.8009
8.00721
70.9806
8.76631
73.3136
13.6788
11.0383
14.5775
17.6721
217.074
81.1391
25.9807
23.1447
35.7375
14.918
67.1279
64.3707
19.0352
80.3225
23.7031
26.9083
19.5659
80.7095
26.1928
62.7786
32.9879
30.8918
60.6044
16.372
36.7858
38.8345
27.8969
21.3792
11.0013
36.0187
121.409
20.1347
64.4342
64.2689
18.4215
32.4826
24.3015
27.0193
18.6939
37.0342
20.7599
31.2818
70.5078
67.3968
45.7065
31.127
73.6805
38.0639
10.129
38.3261
16.9054
22.8031
49.0234
29.9959
13.9091
34.6033
34.6364
20.0387
39.0187
7.85375
31.9068
35.8725
11.2557
69.8283
11.6578
14.7295
14.895
69.2608
85.458
20.9709
15.9791
27.2424
10.0131
17.426
7.1883
16.3553
27.4159
27.0829
6.90941
18.3654
49.5272
26.7747
20.2785
23.6562
29.5315
11.0122
40.9153
14.7434
7.32096
39.8368
8.07433
35.3053
25.9161
8.74146
49.9762
19.5044
50.8839
39.2388
70.6057
26.4687
56.7867
93.0442
11.9125
19.1713
7.78146
49.7194
6.25451
85.2657
15.2163
11.8011
27.6293
16.179
29.6036
10.9333
25.8748
29.6594
25.3295
67.9789
30.8819
46.9166
17.0055
49.3579
13.6136
22.2613
15.098
29.528
9.38894
10.6636
32.7727
12.4803
50.28
25.9653
21.5182
41.7873
29.3134
40.1354
4.39604
13.8859
56.2116
40.59
49.3121
11.1456
15.0753
14.7989
40.6465
52.9381
57.7913
112.791
9.086
5.99492
12.2094
44.9368
17.2233
41.3477
37.4879
7.74388
26.8723
22.6229
40.114
17.8337
46.983
10.1147
20.5562
19.0595
18.0453
27.8118
31.6181
42.014
19.3005
11.1057
10.8948
23.6171
39.4443
11.8432
11.9901
4.78611
43.7385
69.1099
15.2142
17.8048
8.78635
80.9313
36.014
15.3321
27.1501
9.6946
22.1739
34.5475
20.5135
48.5513
31.7108
33.6252
4.3803
16.5922
10.8008
12.5166
34.9627
11.5091
39.8005
22.7075
32.3496
49.6149
48.7924
41.6915
62.8174
83.4221
22.4778
11.2239
42.0712
12.7602
111.354
73.3213
19.2695
34.7875
10.5645
19.5257
53.3775
59.2135
61.4375
37.4336
48.0285
13.8494
116.347
16.1249
21.5176
8.80421
32.7374
92.5001
47.0128
35.4897
26.8028
31.1768
29.7501
21.7627
105.9
28.3214
30.2215
43.8511
26.0336
22.2054
19.7442
10.6445
29.2387
5.55667
10.431
29.6516
35.9275
41.7531
9.54815
51.128
160.892
13.1366
30.4274
76.423
129.265
78.4215
22.4089
46.1054
26.3427
110.049
25.0333
8.2181
25.8512
10.8464
17.8487
16.4498
15.3638
41.462
17.7963
17.6614
45.6057
21.9883
78.4859
17.6014
24.3585
24.4483
24.3369
7.72991
5.28816
16.9162
27.4446
45.46
56.1777
89.9342
20.6042
139.528
21.0471
59.3231
28.0036
27.5405
28.56
42.7537
16.7922
7.23054
71.4153
40.6421
30.2288
23.4705
35.4682
6.63202
5.8988
29.3347
19.4812
22.0667
13.0533
29.439
28.8865
6.12629
12.2465
54.4794
35.1629
48.2221
24.865
50.536
6.79055
21.5551
34.1701
15.6755
35.9141
39.8962
17.364
8.41948
32.8054
19.2824
175.57
29.5376
14.1945
20.9026
192.773
35.9104
40.7911
41.2368
56.6885
30.1937
78.9331
14.1503
74.1724
48.2148
47.0901
20.5618
7.87939
21.3967
70.1474
77.3972
28.2772
27.051
35.1172
32.3624
33.0854
55.288
24.5098
24.4766
47.3447
26.722
33.52
62.1626
2.85664
8.36374
47.3007
17.6324
11.0257
17.4029
15.0188
14.9172
7.36832
21.1302
10.0949
64.0419
55.8583
6.6165
7.90708
10.8027
11.5739
76.7402
77.5129
22.4084
21.0736
110.732
14.9182
19.4789
42.9066
18.5647
35.449
99.277
17.822
35.738
124.003
29.3406
21.8966
58.6069
18.1855
17.7674
7.58707
36.3564
41.287
54.5394
9.74893
12.8914
12.0985
30.3691
15.4431
27.5037
25.9878
23.14
96.3021
101.707
45.9854
14.1645
21.5876
90.0121
8.76527
35.6497
5.42002
12.9743
15.6806
14.5782
9.9966
12.808
21.2251
69.8121
8.60134
57.1503
28.4701
24.4321
3.05604
10.0702
15.763
24.8853
13.2658
47.9302
20.257
24.2723
11.551
15.8202
9.9605
28.6181
92.2996
13.0262
42.7407
39.3272
16.8042
8.58371
39.6437
83.9762
20.4892
22.0028
7.26113
20.7759
52.2184
11.4773
29.0881
35.6518
23.6105
51.8343
15.2078
16.0545
11.2004
22.8924
11.3683
14.0573
162.412
33.2802
63.8297
59.4177
16.4783
24.4628
157.356
73.7581
21.6227
30.0162
6.00585
25.279
54.3023
5.29466
23.3357
24.5325
45.513
27.2498
67.8903
50.2401
39.5269
67.622
18.7483
38.1864
23.045
12.018
99.448
31.7228
72.2846
10.4978
12.592
30.947
15.219
13.7906
64.3408
32.5589
52.6742
37.1306
18.6202
51.1966
46.099
15.3948
43.986
9.48846
27.2275
42.5026
41.5442
55.3549
10.9541
100.914
29.7715
17.3391
86.4624
81.8755
60.7858
47.8028
77.1732
34.2198
145.361
6.53079
18.4182
45.8093
18.2163
8.81999
7.83586
24.0241
14.3404
34.2167
28.9046
41.4997
23.2526
16.7541
58.1369
24.9425
8.56937
61.2578
23.5903
22.6611
119.374
8.32124
22.0469
11.1029
55.8495
44.9038
15.2302
17.9055
33.2046
101.171
32.3376
39.4629
12.0856
61.4815
51.8769
41.5918
56.1781
42.7211
17.1449
18.4198
17.0073
67.6873
13.9531
51.5859
30.2758
20.3759
11.645
29.3583
18.2986
15.2749
22.1801
36.9701
43.7156
18.3821
13.2054
9.87768
71.738
22.2165
10.244
15.4954
10.1668
36.1155
80.3478
40.6909
6.34333
18.1472
26.4794
20.1922
18.0194
12.0041
36.608
31.4151
25.0511
24.1066
14.9825
60.9874
12.4715
39.9526
30.0721
29.4229
49.4681
10.559
13.02
63.4389
34.3293
14.0998
24.5048
32.5001
31.0416
40.3637
80.9828
21.959
32.0083
9.1611
13.4226
21.5945
6.42457
30.7748
37.958
15.1122
26.6742
61.1464
34.4207
7.32695
36.3947
44.688
42.8005
33.021
7.13603
36.1745
38.3203
34.211
19.5739
44.8163
55.997
20.3526
59.0108
6.90241
42.1379
17.66
58.4616
11.1866
50.3913
82.9057
7.70191
37.5686
28.9646
17.4952
75.468
52.3219
41.9149
19.7505
196.777
26.6897
19.4857
24.9174
104.543
37.1057
17.973
34.7708
9.13494
98.1306
66.9977
20.6809
22.1741
14.7543
9.14284
63.276
13.3857
18.2366
26.2557
10.0243
8.53029
39.0752
7.66062
47.2225
35.6314
89.3469
10.7938
16.9038
76.4425
21.0483
39.2656
43.298
89.2876
58.3351
19.2935
14.0514
11.8792
36.7995
19.7391
40.5399
37.738
20.2582
22.6519
3.42831
65.8212
14.4898
49.1278
30.6624
10.3299
27.6499
61.624
9.1935
33.7069
14.6463
18.2332
10.9003
67.2453
86.5994
38.6852
21.2112
23.7957
14.252
23.2764
45.0057
13.1909
10.1963
18.3365
24.9791
6.52768
55.2148
20.417
18.9133
126.402
40.2556
45.7333
92.8541
10.596
25.3103
58.4985
60.8469
31.6645
6.79613
28.9923
51.4121
36.9798
4.70931
43.042
35.9175
15.4945
23.7617
11.4522
9.46749
38.0273
21.9105
33.7301
16.3406
16.346
100.607
13.2998
77.3926
34.0434
32.0956
90.8842
11.4266
58.5765
49.5495
54.9561
5.83867
23.7208
31.7886
24.9475
38.5343
44.2312
15.0488
14.6299
16.0828
17.3898
14.0779
28.5467
60.9169
85.1351
31.9323
24.4907
20.4883
45.7919
56.2368
55.8805
12.3342
43.5951
13.1816
29.0077
50.2179
66.0174
19.8952
14.7105
14.0841
18.579
45.9165
24.5272
37.5313
24.3898
27.6836
14.8439
47.027
18.5372
30.6887
14.3818
89.89
23.1652
39.0303
94.6017
126.583
14.8848
10.1033
18.1815
14.696
7.86059
25.4171
6.53131
13.2346
10.0468
35.4039
14.166
43.8167
15.7359
8.05623
32.8931
35.9901
36.5895
21.4286
14.1988
18.8418
35.9447
18.9307
100.625
20.099
104.094
47.4294
12.9224
11.3229
14.4529
47.0044
13.7692
16.4545
84.2935
27.3047
18.1653
51.1072
19.5555
16.5151
56.9818
72.5761
24.9431
24.8926
44.0043
6.28238
31.5338
55.1624
74.9021
56.7806
14.8009
23.3706
42.6498
14.3197
13.2591
55.7042
80.2273
42.2056
40.4764
16.3519
9.95617
51.4039
115.98
60.2003
21.4832
25.5709
31.8661
24.5936
22.7091
17.8421
83.2365
78.3979
110.456
48.9869
22.0346
9.99477
53.4631
21.8615
24.3537
20.4136
7.98951
15.273
18.8545
20.4396
41.0118
26.6286
14.8829
13.4761
45.6892
66.9225
57.5448
14.781
24.3923
37.8347
47.66
38.716
9.86525
8.07297
19.2398
37.1872
48.4731
11.0997
43.7804
19.3483
16.9887
41.3681
7.96722
116.055
15.192
61.6596
9.89321
25.8036
22.0977
33.0661
12.8612
84.1018
82.3748
43.6765
5.79789
45.2044
250.531
55.0318
6.96679
10.0173
54.8195
61.3841
79.4644
22.3829
58.4897
40.2534
16.5957
34.1344
57.046
13.2407
32.3067
3.33202
33.5524
49.4945
54.2486
54.1481
35.1601
30.9765
25.7355
12.2023
21.4734
17.3456
9.46252
49.8799
15.8423
21.9717
19.6711
41.7108
87.0988
112.701
61.0772
58.6128
9.89223
23.3272
12.8712
53.423
70.4029
20.9192
19.6677
53.2064
54.71
54.7367
64.8023
27.239
30.4354
50.7264
33.5904
12.9062
17.8228
10.874
48.4769
51.2924
31.4666
65.7305
38.2092
24.0237
31.4362
20.2748
16.5009
64.6674
9.00297
33.4011
11.7199
10.8887
7.90042
41.2206
107.083
41.2665
10.9268
34.2619
36.6203
54.8576
15.915
4.18891
19.4733
62.0217
20.5902
20.9609
56.7806
17.2589
36.6678
19.6865
28.4168
17.5332
103.068
27.5589
25.1691
36.85
31.9522
95.1743
13.2641
85.9832
50.2138
40.1434
25.7362
18.1467
28.5933
11.1858
83.8066
10.186
33.258
26.4391
82.8397
13.194
10.6296
14.8226
74.8482
11.6391
4.27367
20.5349
13.7099
12.0037
15.0359
37.5662
129.723
14.5939
49.5764
27.5108
16.6797
15.3561
77.4332
41.6382
12.4613
34.1489
15.9558
156.87
22.2699
45.6888
49.3824
24.4998
32.0767
6.73233
12.7347
41.1165
56.6569
38.7173
149.005
30.4474
17.2212
25.9632
43.7713
26.3561
36.4206
17.3114
68.2466
27.0618
43.5189
105.382
11.0811
12.9976
7.23924
76.0306
11.7061
7.2998
20.3129
38.1107
9.83309
12.5008
20.7373
33.8381
52.8287
31.8654
59.4988
37.2175
48.5426
11.4556
95.4863
15.8594
21.5443
27.6301
42.2044
17.7632
10.3874
11.0922
22.0079
76.4945
23.9113
31.8038
25.2115
8.35162
19.9443
37.6065
12.9448
56.5379
19.7867
58.3735
59.7953
120.295
8.88668
8.0194
36.8259
73.3104
146.085
8.25554
48.376
56.1617
59.0653
109.795
23.6078
95.2755
36.839
35.8992
73.8506
113.609
34.5782
74.0476
64.4718
28.4756
46.7071
70.2298
110.018
5.78258
40.7367
44.956
39.3872
23.1224
24.2732
41.9567
20.0154
23.7629
71.4726
53.0138
41.3797
16.9107
33.5072
16.5049
52.5669
26.258
9.93745
19.4178
7.38531
34.944
55.8049
32.6731
26.1935
10.6442
81.0315
15.7488
23.5875
17.2724
119.786
18.8668
35.8533
10.0662
46.8776
31.3116
21.2411
70.9419
20.1296
49.139
39.6219
80.9266
17.1636
87.564
19.5976
37.7343
12.654
17.4764
12.6894
51.408
11.0324
18.0404
22.4015
5.38894
44.4325
24.7368
24.1751
54.3523
12.3683
15.9796
37.6947
12.879
19.4557
21.6959
47.3605
27.1438
24.6651
49.3844
12.1101
26.9848
18.4455
15.2036
56.1019
23.4935
73.4962
21.5448
38.5437
24.22
12.1191
29.0376
32.9148
71.4191
27.4532
29.5721
45.853
5.59218
20.6611
17.8875
63.7807
128.633
50.294
17.5473
22.2353
12.0145
63.9884
42.8338
16.4619
9.79518
32.4017
26.6471
43.0346
18.1347
56.7662
166.43
28.5084
38.5172
16.1379
17.252
7.33031
15.4786
37.3896
22.113
7.0156
13.8691
33.8125
78.9623
25.8258
82.5214
29.3857
29.7604
94.8203
52.7433
8.7643
8.46793
101.67
13.3054
24.5167
58.6077
9.82912
16.5667
121.197
24.3226
19.6824
51.0465
11.2237
13.686
21.3485
27.6859
20.6629
21.5322
9.75714
8.95393
85.5773
8.85216
47.7507
95.5489
7.74388
33.8294
4.54967
24.3948
21.8375
99.7713
10.1458
24.4643
5.46857
28.8977
29.365
8.42426
6.14842
33.9135
16.1264
41.4393
50.1663
112.672
17.8773
40.8478
38.8825
51.1892
8.87203
12.4921
8.11427
38.2036
34.2307
9.23223
58.4393
26.3204
15.8052
43.9381
35.9683
18.0018
10.6262
166.324
11.3754
24.0995
72.6544
16.2998
105.47
13.4904
14.1397
41.4629
14.5186
63.0486
19.0978
84.5273
17.0846
59.1276
29.6112
56.7928
37.1013
14.5214
97.3101
33.4242
27.4872
24.567
12.3233
26.6554
5.51633
25.0656
92.5991
17.882
8.72942
51.0187
15.8855
110.082
32.0746
44.3803
15.8598
32.591
27.2556
25.2409
18.7766
6.41518
31.601
19.8306
9.37943
58.6447
53.0371
35.1204
27.8422
9.97869
24.3083
45.3359
28.0367
28.1616
48.3452
8.29415
6.26867
82.5604
17.633
72.9853
19.3171
74.1932
21.7888
11.2764
91.9582
15.0216
67.1063
27.4757
4.78497
69.2425
83.9837
30.4511
30.377
55.5464
12.5261
114.02
4.60969
13.1061
33.2216
19.4759
29.7119
10.8516
15.2705
56.0981
17.7586
40.9555
51.3573
11.668
14.4211
34.8481
24.9558
30.2983
27.9336
19.5387
4.78857
17.7183
48.6852
29.9881
40.0971
29.9715
79.637
46.2922
28.1689
16.5829
38.6125
25.496
43.0099
37.6028
19.0731
39.7319
31.8416
11.3549
9.10072
66.8016
10.8517
21.9011
89.0322
12.2933
8.19802
12.0118
21.7353
8.28682
36.4141
33.2809
35.7662
2.25712
27.4791
12.9913
34.2881
153.499
32.8101
21.4967
10.6811
71.7577
36.2712
58.6534
16.7325
46.4907
23.5388
23.512
9.76923
14.4763
40.3137
20.3253
25.3421
5.8456
43.3938
27.8361
16.7164
17.5118
13.0155
36.3301
40.2792
26.0821
9.34926
22.6834
11.8606
77.2592
36.5569
10.3578
78.2786
20.0503
22.9152
43.9375
51.7006
20.9106
14.0819
86.7343
35.071
19.3139
38.7069
19.5937
15.4034
21.9802
37.8039
46.3828
92.3991
10.4102
8.02546
31.5302
18.5125
30.1465
10.3568
23.6444
27.7587
80.7947
11.8989
42.0366
12.1657
83.6296
14.104
26.0004
16.0943
37.3618
58.552
23.5428
39.5786
220.949
43.7166
14.1452
25.8983
58.6452
47.186
15.1257
23.9123
28.1308
42.8996
33.0382
30.4357
10.7872
13.7356
42.7228
22.0373
59.2078
53.8307
27.1298
22.378
131.805
10.0902
23.129
31.9161
14.2711
16.6308
14.5651
23.5029
58.2622
111.093
14.4509
32.676
26.3529
31.541
33.6855
46.188
35.5327
41.6095
16.8188
14.041
49.0241
78.7866
33.5005
46.6107
24.2705
45.5968
12.266
78.2572
13.0667
29.8181
13.19
7.88872
16.9928
4.51416
48.4383
107.902
21.2756
14.6688
194.937
28.0722
55.1712
34.6975
22.3092
18.1765
21.4062
7.47672
31.9306
27.4471
54.1667
10.8363
17.1997
68.5694
8.72055
6.56504
54.6597
9.93101
38.7359
23.7075
31.1428
21.38
31.5534
29.4645
10.5935
51.131
40.1695
55.5818
11.0443
9.20706
36.5682
16.6994
18.5572
56.5382
29.1255
11.4391
44.842
16.0567
31.4616
12.5085
52.8095
11.9494
13.4142
23.4692
30.9874
48.5509
83.6128
28.0249
9.40125
5.74637
6.89491
43.5362
13.4394
26.2586
7.1837
76.7162
25.369
41.1567
13.8409
19.133
66.0858
56.4205
12.8533
63.4339
51.9882
38.0992
12.9249
26.2494
38.0912
26.6246
17.6609
8.03304
16.3881
19.8383
63.7867
29.8797
32.0225
15.4962
53.6024
31.6202
76.3238
13.8209
33.1076
30.2204
62.928
10.1837
16.9313
57.7037
73.5597
68.9483
54.9637
18.5174
34.5375
58.392
25.4088
109.882
14.0997
19.3875
17.2467
8.22034
30.9987
19.8864
40.7896
12.392
32.5229
32.3054
13.9952
88.6055
11.809
7.68115
28.6856
30.2607
34.2161
13.2793
15.1983
39.3082
6.48231
26.7659
47.3461
18.4314
9.33639
46.3424
39.2034
35.087
15.0479
28.8573
11.8983
23.2868
33.1306
17.3373
10.3319
19.3521
48.7705
9.94694
48.175
41.0119
20.5038
51.4924
53.6635
36.7431
11.9701
8.50116
39.1553
21.9815
32.3005
52.878
104.124
18.9245
20.0393
5.47492
13.0066
80.602
26.7024
51.0849
25.7094
16.7838
32.4621
58.141
6.7131
47.1327
28.9066
5.96938
18.0597
24.2508
45.1514
27.2185
10.8465
9.51615
82.9387
18.1097
79.7196
23.8941
35.0461
26.8188
43.7667
13.0402
13.4763
54.8456
51.5444
10.9579
77.3932
53.7726
46.2745
63.904
57.4838
24.1238
8.85847
22.3794
40.6598
62.5413
11.3929
77.4187
11.3565
52.0788
42.4819
17.3876
25.7396
63.0247
7.68344
37.2533
10.5381
30.6363
30.0955
84.9926
32.1251
51.102
41.1061
18.0232
66.3109
11.0882
14.7457
13.3562
55.8082
8.51282
14.4764
9.51107
15.7614
35.4174
34.4706
16.8085
13.5589
17.4062
8.93251
8.76573
21.3987
73.0119
17.5636
30.1934
19.379
28.6436
21.2628
45.01
17.1632
9.28594
26.4695
13.8334
19.6848
26.9422
38.5887
11.7954
11.4388
10.1093
50.3728
16.6782
19.0518
45.4576
86.2107
11.106
30.5802
16.8637
32.9305
8.02224
21.0124
120.848
6.25419
20.9677
30.6644
20.7971
103.069
128.712
18.5904
50.2573
44.7461
48.7341
20.3764
67.9313
11.146
35.6394
20.9907
14.3632
30.9095
31.4208
12.7574
17.3149
75.7801
50.5808
23.7006
38.0633
33.6897
56.3473
37.2498
99.1597
51.2046
18.5542
65.5
54.5232
31.5465
41.3228
9.81709
12.0928
4.89528
33.9628
68.3097
72.9219
9.27548
14.5779
16.7235
42.7317
49.4874
38.0707
38.9349
17.9429
8.90212
16.167
26.1613
147.262
24.1426
96.6475
9.73346
34.9757
30.499
27.7394
40.6285
72.704
15.2037
16.2867
36.8296
55.8508
153.382
10.3438
46.214
53.689
8.79062
19.1604
38.4661
34.7736
56.9021
105.78
79.8757
25.3507
12.084
59.4032
44.2532
53.359
25.2051
15.5062
28.6224
38.2955
73.6764
27.2264
24.7994
11.7741
7.316
28.1114
56.9019
42.499
45.9015
39.5631
22.015
69.524
34.228
72.7407
71.8605
11.116
34.7221
63.5924
9.24525
28.0665
4.97826
12.5401
29.8039
25.7104
108.3
52.6833
38.9114
55.4951
7.98001
16.57
15.3518
42.9399
52.775
25.2042
18.183
67.5761
14.8991
29.7422
12.9752
28.8571
65.7208
26.4399
53.2411
10.376
26.9664
77.6647
85.2823
9.24773
36.7753
4.00115
18.2611
5.71707
33.5188
48.9261
17.8504
28.8603
78.7457
17.9325
18.815
10.4967
18.8313
79.4188
33.64
30.6504
74.433
21.9376
29.6816
11.1495
35.9669
50.9362
19.6933
51.2201
50.7234
15.8004
82.0998
96.424
29.9008
15.2845
33.8498
37.0285
29.8305
18.3586
60.8591
27.487
16.5577
22.8721
30.0515
32.058
50.4353
100.171
84.1645
8.01811
12.6897
47.3844
17.7562
12.0864
22.4818
35.3798
28.6039
22.664
61.5886
9.1758
53.7017
62.1408
21.8694
64.4046
9.34735
10.3646
17.755
32.3411
12.3016
58.8755
23.7847
49.4186
88.8287
39.0135
28.8171
11.7925
65.6461
35.3398
70.2905
8.75259
86.5797
14.5901
54.9283
50.1881
5.42938
26.1885
76.6714
34.1354
9.7404
16.2078
104.153
88.1319
43.2677
26.6618
72.157
30.9673
6.7552
14.1356
9.49867
128.362
66.8444
69.319
35.1941
67.32
39.4093
103.43
17.157
31.0158
17.9808
47.0529
45.3576
21.9446
63.0205
53.063
18.6935
16.399
15.7123
20.6587
64.9579
13.4457
12.5031
18.509
22.9328
21.1622
10.9661
9.68046
22.1527
34.678
11.2341
86.6146
29.2901
13.1226
19.7937
18.1126
49.3302
15.7972
121.716
57.43
28.3676
52.5862
43.3221
12.2326
12.3672
96.7957
26.997
31.6351
17.4679
21.4319
13.2664
53.4905
21.5368
19.1411
16.1763
66.2938
60.6112
44.3971
36.5037
14.5964
10.1387
46.5645
29.4127
56.1663
20.1553
26.1978
19.5887
8.63861
33.0925
36.8973
27.5239
16.8211
7.68489
13.7923
19.0164
61.5111
56.4316
19.7325
39.5322
11.1983
45.9007
23.7918
25.5403
14.9339
17.3687
29.7539
21.0101
25.4585
22.5447
11.8009
49.1208
16.5218
52.2378
11.4944
12.6443
109.119
21.7135
10.0805
11.2494
8.72416
7.55937
29.3925
30.6968
10.8662
18.3552
7.29569
11.2642
24.0373
74.2702
12.6902
17.3179
51.6851
12.1225
23.5875
7.43779
48.1922
74.178
55.5345
71.0244
17.4038
27.275
48.4433
51.9354
73.3975
29.7533
93.6149
34.4345
55.9651
30.8597
29.3925
56.7854
53.288
17.638
32.0154
9.38907
18.0482
20.1378
30.7995
29.9237
6.46536
18.3333
30.6607
77.1009
39.5128
47.8685
46.56
25.9451
23.4621
40.7633
18.6792
14.5812
52.2746
30.7481
53.5095
63.4155
19.8683
40.0674
82.2132
38.4903
24.311
28.7489
91.3193
20.8278
40.1252
34.0715
48.3429
126.648
41.5759
104.877
124.999
47.4492
52.1798
57.8907
63.0893
31.0495
26.5107
17.8317
43.2696
82.9271
16.5485
10.3949
49.4413
7.61028
88.9645
22.8763
14.3817
46.8776
59.253
37.4674
11.2765
61.6774
16.3828
14.88
37.9809
52.7617
18.5864
39.6208
42.7675
83.9339
26.0091
4.64198
36.3689
17.6131
10.1382
69.846
53.0878
23.753
57.1059
23.7217
22.0133
28.8897
33.7275
13.8082
22.3577
11.4606
22.2724
7.73
67.4861
23.0397
9.60295
29.4797
29.0359
5.87666
25.8203
32.0879
44.8637
14.5953
19.4058
32.4869
12.5826
30.7453
39.7118
92.3877
15.306
37.6988
16.5125
39.5129
42.8093
46.3847
15.0957
18.5535
50.0563
25.967
115.9
11.5085
34.2774
8.36969
27.2864
66.352
14.4951
40.6547
63.5579
30.5225
48.9555
19.6158
9.74931
64.1834
17.0942
12.1521
18.932
53.0969
35.0496
40.6461
92.8541
13.2252
51.9017
17.3887
7.63985
23.3564
21.5614
27.3635
12.0624
25.6531
62.5214
38.1472
31.1383
15.0915
17.4779
20.1738
7.97775
66.7905
17.0458
11.907
20.2053
6.38786
57.7893
8.46755
14.2694
39.8298
34.1051
42.7433
22.722
32.9649
42.7792
33.26
22.4492
50.242
24.07
42.2008
23.69
89.2709
34.8118
36.9331
16.6599
53.2253
14.7332
5.88466
12.981
45.976
34.3488
20.5685
59.1124
37.0665
13.9808
12.5475
65.4961
32.3689
57.5957
42.6615
9.34114
52.6852
32.6394
39.5754
37.1408
36.4316
16.0504
48.9187
55.1645
35.9587
74.3964
50.584
42.9797
18.4855
7.50523
21.1211
35.6291
26.2387
13.8862
6.17571
30.7423
46.1514
10.3304
20.7663
37.2866
10.2075
27.0237
24.3866
22.8861
4.51376
39.7202
22.9775
44.3063
47.5972
20.8136
22.9367
58.0858
61.079
10.7356
12.9999
16.4105
40.4112
29.9303
33.0455
7.4144
71.4926
41.7762
35.5793
24.9025
9.66594
6.37129
36.3889
10.0795
58.1339
22.4573
29.7039
45.5556
6.52086
47.0975
64.9714
27.3823
87.6558
15.2087
12.406
22.3582
39.7917
26.3926
24.4014
58.576
14.216
17.3574
69.5613
93.0732
11.126
23.4331
8.35615
30.8079
22.0831
29.799
10.2383
34.7961
15.5317
13.2978
16.1313
20.8346
60.2048
46.0937
38.6068
42.3603
21.0319
38.4778
21.8704
14.4719
24.3781
50.7506
37.1466
10.0183
47.7786
74.2948
3.21293
53.9458
25.8957
3.93862
52.6627
17.301
19.4928
15.2697
14.3053
17.1031
19.8051
10.5173
49.0111
57.5401
54.8517
44.1925
15.905
14.6955
14.3831
9.92589
10.6286
37.283
51.7929
59.6844
29.1746
52.1557
17.0611
68.7061
18.1248
17.3059
15.2204
69.9059
17.4022
26.1977
58.4813
11.4575
11.6164
22.7199
47.524
78.8266
5.7102
27.0621
22.8076
10.9546
27.8534
20.7252
39.6739
18.7734
41.468
56.645
13.6736
49.6586
59.6686
15.8332
25.6443
12.6021
24.2401
14.2616
57.0916
14.1101
26.8959
18.1787
9.33794
39.049
79.7974
16.0517
10.0659
48.7099
51.7183
20.963
11.4764
9.69833
38.9849
23.7338
13.6585
23.559
50.8542
27.8716
19.8534
25.5231
9.14495
91.3259
32.9281
35.4497
14.6288
45.2668
57.7254
31.8778
33.7095
32.6815
19.4843
11.1815
23.9818
45.4253
78.2744
48.0978
34.1877
38.5919
79.8841
46.039
33.2816
60.3105
33.6176
13.1463
13.3483
125.096
70.1258
102.095
54.984
40.6554
26.6072
68.9149
30.4822
43.1092
41.2771
100.344
10.1201
26.8072
81.1531
42.2999
23.0977
11.7589
120.035
15.1231
73.0801
10.2698
48.4916
14.2536
66.5621
29.9248
11.251
25.9286
11.9774
28.0609
49.5761
10.4095
21.0006
16.0033
37.0012
88.2717
7.7466
62.7497
8.44802
54.5477
18.4381
139.763
41.2916
9.51582
37.7414
14.578
41.0365
9.7812
57.4727
17.4855
27.9719
150.819
36.4161
38.3828
29.9893
11.2378
29.7739
37.6474
50.2864
38.9334
10.3532
13.6862
16.731
26.0426
43.9874
10.6693
8.85451
29.6598
61.9657
20.8661
13.7721
10.7579
33.6728
36.2911
38.2229
47.915
24.3558
14.6749
35.3231
17.0435
28.246
15.1648
66.4495
11.6013
57.2624
47.2377
96.4573
60.1822
56.4996
13.8112
16.6474
9.87955
67.9081
14.1157
23.6291
55.1733
29.7194
10.283
24.4806
16.0982
78.7599
19.0113
60.3375
23.545
26.8862
40.7785
14.2726
32.8845
19.0924
23.2925
24.8908
26.9292
50.7622
13.1458
49.5961
13.5027
73.2984
17.3613
66.4823
22.2269
32.2142
45.7557
23.1918
67.0991
55.3965
40.5516
34.2335
49.1008
82.3927
19.7272
53.9929
59.3934
23.752
52.4615
14.4712
27.8499
36.7907
9.09451
127.841
29.7859
3.40756
41.9784
8.72233
22.7155
141.258
87.5379
22.4225
31.3776
19.3636
24.9502
61.8133
27.1392
59.6206
114.632
44.3658
29.9712
21.0332
41.2908
10.5941
84.3444
11.456
26.9359
9.53173
14.9799
27.0054
16.9778
27.078
23.0534
69.8062
16.8176
68.1356
57.9585
30.6492
12.5886
36.0601
17.5104
15.6517
10.2763
57.2234
40.9991
42.5656
147.331
9.69202
35.1172
26.8649
8.71061
40.1542
60.7856
91.8714
35.2882
12.5317
13.4329
29.8299
12.7603
13.6695
13.1791
12.6378
30.3518
15.5132
19.7525
19.3944
29.6003
72.1811
53.8571
40.5416
39.2246
57.8075
36.5883
15.5173
50.0023
9.2667
34.8175
26.1744
82.1284
12.6575
46.6965
102.961
48.3072
14.9306
35.1398
57.5531
8.46655
22.9044
9.04306
12.9801
5.47206
52.9372
57.3106
32.6211
25.6474
16.5954
43.8659
56.5365
15.7944
16.0025
28.7131
82.8206
42.6761
19.994
31.5334
35.2503
47.0055
9.06332
7.694
34.1894
74.3733
21.3332
7.43205
30.2911
53.9269
11.9383
15.1199
59.8947
5.99449
21.5233
23.6802
18.178
32.525
50.2719
8.08513
19.6897
25.7571
27.5995
38.7099
38.4807
32.5164
13.8741
22.9199
4.13244
43.4332
11.5549
34.868
50.4878
31.6887
53.6172
59.0262
16.8076
81.2126
15.2793
10.1545
23.4258
18.6464
25.1748
21.2995
80.3592
34.8845
63.7246
30.5172
42.5268
10.4534
12.3763
42.3787
10.9985
56.8767
18.5887
29.0883
33.4576
12.9424
23.0727
28.8635
27.7218
11.8797
110.293
30.3485
40.7854
16.3171
33.142
24.7274
101.426
68.9532
14.5064
57.2819
90.6379
80.3684
15.2594
33.5564
45.692
51.5168
51.47
40.3146
10.4771
16.5518
17.7187
21.512
10.52
11.4133
46.7907
35.4947
17.9363
53.9112
20.4923
36.3679
39.0804
20.6943
40.8272
109.899
62.3475
34.2846
33.3199
24.1318
22.4802
24.8532
36.421
18.364
53.2569
12.4539
77.8872
59.8176
18.01
16.9911
19.5915
112.629
36.8426
49.4336
27.5755
32.5686
25.3519
53.3844
59.0608
15.1821
15.6853
8.11706
56.5519
12.5216
10.033
28.2506
33.339
11.0324
29.6634
146.659
20.4323
26.568
15.0793
66.5082
13.0676
85.2038
17.8491
25.0899
55.4631
32.2371
9.79473
20.9312
22.7075
29.6409
24.4237
7.73363
17.6314
15.086
25.3833
17.3658
31.1316
62.5971
48.3788
17.4306
12.0045
33.5454
85.3943
18.3601
13.093
16.5252
33.0804
19.3699
25.2742
18.4289
44.2434
45.6101
40.3926
24.5047
56.7987
45.001
43.0279
31.4903
59.9586
27.1146
21.055
25.3325
14.0699
35.7704
59.9809
6.49769
68.9004
11.1049
32.4713
48.83
16.5831
5.93171
19.1868
81.6006
9.71964
30.2344
26.5829
27.4481
10.0614
12.7357
25.0183
32.788
15.7521
23.9289
6.50889
28.634
18.3861
33.0484
18.2198
13.5533
19.5783
7.45849
8.66952
21.8452
104.686
100.229
27.8899
36.5314
42.6567
70.864
5.7701
11.2296
41.6296
19.2778
18.3521
48.8922
29.835
35.8758
13.0987
7.21218
19.8261
18.9053
3.99836
34.3804
34.4315
35.3302
23.9224
41.4341
24.3821
7.49182
12.1361
12.3488
18.9738
21.2236
11.4003
16.178
8.73058
53.8376
8.16894
13.5914
26.2832
136.769
25.9899
44.7651
57.8968
41.2242
26.396
11.0608
35.6461
10.168
67.7435
23.8046
58.0654
28.5563
76.8802
30.548
39.3927
10.3775
42.5785
71.4935
30.3934
12.7759
21.1495
6.26924
73.3465
36.889
13.4836
26.7851
19.1615
28.5407
23.2622
106.185
24.4434
77.5978
25.3536
25.6007
4.20887
8.69023
58.2924
46.4812
17.3133
33.2605
42.3292
32.1541
36.3152
39.1839
17.3541
22.903
4.74976
8.13441
12.3919
9.9926
30.0288
21.1133
15.2996
20.6614
13.5597
22.3035
5.36747
7.87082
34.4551
87.4224
75.3221
21.0151
25.243
24.3808
28.8441
96.1443
16.164
4.05908
23.744
33.959
9.76196
9.42628
180.829
43.2098
41.3684
115.945
16.0111
11.3473
20.9786
47.5231
9.2394
29.9563
22.2427
62.011
129.91
20.4776
10.9659
19.2894
28.3735
10.7628
38.2096
41.8466
35.4502
88.6307
42.5797
17.847
16.0935
26.6397
45.0216
29.4952
16.3952
16.1794
18.6815
18.2827
8.16822
27.2904
107.689
20.6081
23.3867
11.0326
9.30277
15.7373
125.221
28.4931
44.4892
17.148
30.9488
12.1266
33.1291
54.4699
13.3548
46.8601
22.7194
20.5666
10.1477
50.7689
37.462
40.0472
54.071
10.8623
13.7049
22.8811
44.2248
34.215
36.8195
28.0483
11.6364
14.0417
45.9709
13.7874
9.42754
29.8195
12.1307
71.3462
47.7575
38.4424
18.1401
57.6524
59.7046
24.9212
48.4277
27.9838
74.0635
28.1625
39.0139
43.6941
44.3075
78.5222
20.2999
15.1306
30.0475
18.2283
21.3703
36.231
59.5795
43.3453
61.2604
24.614
24.8984
15.3689
108.608
26.2225
11.3106
46.5655
75.8143
26.7953
30.0351
25.7153
49.8639
22.5325
45.3344
22.9801
44.3578
26.4514
12.5825
36.7407
29.9457
37.011
33.8119
66.4201
19.4556
23.1227
39.4968
50.5109
44.3192
190.314
13.1966
16.0871
14.4209
11.532
10.1975
40.4218
35.191
16.3453
69.5281
14.3501
78.3151
27.3194
25.3919
24.8739
73.4295
37.903
28.6806
53.0439
24.0958
6.84846
59.598
9.98769
23.2937
19.2543
54.0438
17.8657
31.914
57.15
21.0051
16.2388
15.3451
36.0701
30.7364
58.9267
20.0037
67.8266
16.0179
10.9479
64.6338
40.2173
59.8499
171.397
18.5844
6.88431
66.2471
11.7184
26.6034
29.2947
44.9201
58.5014
110.116
41.4579
12.675
11.8602
12.9326
12.6709
13.2959
18.0937
15.0079
33.4306
12.2438
15.0532
68.2658
21.1454
4.45289
24.194
16.0119
12.0382
21.5338
57.12
42.4892
123.86
43.5632
104.103
16.3915
83.564
32.9244
138.852
33.7135
44.0313
77.3657
19.6764
23.7047
32.0766
64.4057
26.5656
31.3783
27.1583
12.3829
45.8349
30.0913
33.475
16.9784
55.564
98.1327
18.6485
21.6448
6.32121
21.9225
30.7675
36.23
33.2379
35.8688
32.5365
15.2509
30.8119
48.8864
34.4497
6.88579
107.513
20.1331
13.9615
92.6908
88.3768
56.4818
5.86209
36.6383
21.8302
16.5726
12.2049
53.7267
6.29324
39.01
5.45115
11.1529
13.5768
16.4153
11.5424
22.2134
76.2915
143.638
11.4025
15.0195
34.7877
10.7701
27.8868
20.5857
62.2544
53.82
32.8885
8.22941
15.6806
53.5289
102.921
59.2749
6.32332
82.0357
30.4142
107.169
12.188
12.0459
25.9723
34.1949
25.0962
35.9122
93.4641
8.80133
10.672
72.4235
58.4689
12.0432
44.1499
49.8145
49.1126
38.6113
81.6877
28.4452
25.3347
33.2379
85.011
51.5681
23.6807
24.4599
38.6131
8.63641
15.5128
6.36722
53.1364
39.4006
10.902
20.0217
21.625
25.3463
26.4644
13.6479
70.9859
32.3673
37.9404
27.7092
14.2396
35.6661
10.9167
42.3316
17.9255
19.8746
42.629
25.548
21.9257
51.545
7.86958
24.0036
15.4392
20.0589
46.4181
19.4168
6.70531
14.0755
33.3343
30.924
22.4363
40.8099
110.004
10.6957
20.0591
57.8551
45.9138
10.6543
6.71785
15.9455
41.3909
6.64704
23.1225
65.7549
72.3607
42.1519
19.1372
27.2937
24.5921
10.0393
34.2826
23.245
57.8945
14.1363
23.7123
19.6442
40.4906
18.7065
20.3856
40.4414
11.8616
13.3306
15.64
10.4154
20.0617
41.1371
11.1162
43.7337
20.3579
13.8759
89.9684
65.6093
11.9531
33.7609
31.3786
14.4311
52.129
8.20396
29.1472
24.8661
38.1805
79.5991
30.8305
13.4661
68.89
23.9688
29.8992
9.11232
5.72055
39.9772
7.01188
63.5409
18.883
78.5566
58.8625
15.9396
49.219
8.80715
123.384
5.81529
49.5338
72.0771
8.81082
11.9339
44.1577
65.5521
17.0418
38.315
28.0817
10
23.3204
95.6628
14.6855
140.379
96.0293
53.592
8.33764
17.6165
37.6987
45.1886
14.5161
7.97638
50.9231
10.0944
53.5853
7.29306
57.4826
55.6049
86.6545
69.2559
27.357
16.4394
28.1349
13.4447
21.3876
27.1901
22.4008
99.7065
21.3814
27.8178
45.127
52.8695
84.1233
47.6582
23.0477
13.0927
30.6613
50.6479
57.4533
7.93918
51.9742
28.735
31.858
40.8189
71.574
53.6451
21.5565
27.5532
30.5885
18.7045
21.3497
25.8891
7.53106
55.2462
5.47155
21.4653
24.5907
7.11064
33.5099
24.5534
18.0907
58.7093
5.59456
66.4575
54.7617
24.9236
11.4653
66.6203
18.572
32.1029
86.6641
39.9481
42.54
48.0469
18.9823
77.818
25.1195
4.9484
13.4585
48.5283
26.8884
10.6076
10.866
81.3673
17.0848
52.8254
38.3846
8.8107
24.2798
75.9752
30.5976
44.5337
42.6269
40.0788
67.7363
16.3085
42.3307
21.1868
20.1305
26.0631
38.7913
29.962
54.6403
52.8522
128.425
30.0023
13.4715
44.5974
16.9039
23.6884
73.8555
8.35143
30.8083
25.5515
13.8164
192.303
7.53658
67.4795
19.4522
19.9337
73.0414
26.3354
20.868
82.7672
53.4128
33.6349
37.9382
14.596
64.5508
19.8923
39.5606
27.6967
25.514
11.072
9.85914
35.8494
35.4853
7.79516
66.5001
6.48029
16.234
34.3024
58.3675
17.8691
13.3886
20.7752
36.5624
41.1637
15.0627
27.8431
57.1126
20.5425
22.9792
16.3493
17.8834
33.8063
55.0367
14.2075
33.5496
12.6191
15.7243
24.667
73.2987
36.4169
59.6705
21.6125
59.0769
20.5446
13.6201
8.25687
57.026
98.1724
28.6301
25.316
14.9368
26.38
17.4287
8.85512
10.7102
7.40465
8.66403
9.49687
7.28946
10.2112
21.5315
16.1727
28.1265
26.9151
29.636
21.7647
41.7816
39.4019
56.89
53.8987
25.4798
10.8625
63.0432
16.5674
30.165
68.5935
23.7962
47.667
36.9008
14.3382
15.5547
17.8282
54.1264
13.4054
20.287
4.46067
63.1126
42.4609
18.6888
29.7932
6.98219
3.96726
177.447
32.3226
7.93825
40.023
37.563
10.2008
88.6163
14.0093
38.8407
18.2963
27.7283
105.664
34.7502
44.6951
9.30951
25.3674
45.0422
63.1313
29.5867
48.1179
93.6093
24.3612
12.3498
16.3328
6.65935
33.9677
18.8967
54.4387
13.2894
56.0396
43.946
36.3434
13.3978
24.814
20.4627
62.0578
28.8923
34.0481
7.02639
70.5154
29.6027
122.451
8.33255
26.3593
6.38366
31.4342
23.8557
22.0804
116.416
30.4838
21.8943
92.8737
38.6557
29.6584
87.2879
15.7102
18.3623
70.1068
16.178
19.7503
70.452
8.47137
37.8601
81.8502
16.3801
43.3516
60.3264
38.2065
23.6565
45.4085
10.7677
21.3688
75.5411
12.952
10.4454
38.3304
31.8971
49.2979
55.8119
25.4056
14.876
9.25662
12.8862
36.9443
48.2952
4.98312
27.2728
91.8338
16.9209
15.0122
20.5405
10.3666
33.2237
12.5509
11.7455
5.81311
18.9972
27.9457
15.3305
79.7814
41.7295
15.3819
169.578
69.347
19.9461
28.4397
17.7902
76.4217
21.5027
48.6973
28.0511
22.0077
19.8191
34.9662
17.7928
65.8758
37.4096
84.2289
19.5243
9.07015
5.09177
8.14378
67.4177
75.0813
71.1421
24.8913
6.27894
21.3534
55.8631
11.3176
86.274
20.5266
81.8162
64.0867
14.7342
30.9709
9.67712
7.5787
13.1239
16.5079
33.7459
14.946
10.8477
81.9701
18.978
13.1886
11.2933
20.9822
50.6801
55.4475
25.401
28.0425
20.9937
10.7996
70.9059
72.4456
7.22919
44.664
25.4983
47.4931
13.6857
18.7695
67.7211
60.5023
161.249
49.5235
39.8748
17.8965
20.2478
9.59842
27.3243
15.4614
40.5798
14.0857
75.4872
7.68628
39.346
57.4766
63.4798
12.9062
10.351
16.4392
51.8461
14.2786
63.6672
13.7356
13.8402
17.0196
14.4412
13.9204
71.0037
20.4728
15.6465
88.8974
42.9929
54.0248
222.621
18.1633
22.4147
17.2192
30.3104
40.0279
12.5836
144.63
26.5616
7.51131
51.4032
49.3444
21.4877
18.3092
17.661
31.158
12.5474
11.8098
10.6631
119.332
30.1754
14.2392
28.5619
50.881
49.8416
40.6021
46.9548
22.9561
23.6014
48.1471
78.8707
28.462
28.0437
10.5048
43.734
30.9338
19.9966
20.6011
42.2567
82.1521
22.2966
55.7988
55.2003
39.1749
10.821
24.3074
55.8194
52.6647
25.2557
140.996
34.1107
18.3746
42.2163
78.8568
32.1536
14.3706
10.263
64.4177
28.7361
96.4314
17.6601
8.1326
88.7599
7.33951
27.5579
10.3292
9.83328
15.1567
46.4095
12.3905
73.4999
87.4622
10.3478
159.187
45.6529
24.8716
44.7827
12.0366
73.2088
31.4634
42.2737
29.7328
21.2391
19.2005
40.0307
21.8516
20.41
38.4987
11.425
26.7415
30.1205
80.4106
37.7368
14.6128
88.2898
44.6393
69.8771
29.712
69.1574
27.0127
12.8524
51.3037
42.8905
16.0897
53.2514
54.6836
19.2475
8.72418
12.3252
38.4319
31.2425
20.3855
109.368
51.7395
28.7546
52.5625
48.1847
53.1299
29.0985
13.0065
57.813
13.1045
7.80513
100.889
52.5464
13.1261
19.7714
22.3692
38.6825
10.4692
38.6117
54.4303
47.4617
32.8613
31.61
31.6403
14.8326
44.8898
36.9081
106.646
42.0246
54.431
23.0668
28.6491
44.674
14.3024
7.97516
29.3565
35.5692
40.0668
93.4276
16.7861
6.54538
18.692
38.2131
6.16676
37.9184
15.0758
13.2366
53.1848
19.4141
20.1485
25.846
16.0174
23.2072
80.3287
68.9591
17.5205
44.5768
30.5721
44.4256
11.1968
27.4125
85.4981
11.6292
16.8152
8.20637
85.842
21.5792
62.8683
75.3957
16.7132
15.5889
77.7539
10.6299
59.3954
7.05242
85.3344
15.8408
19.7638
96.0054
21.8838
85.7204
29.1588
42.5922
45.0681
22.4548
42.02
16.2555
34.8886
7.75206
38.7257
40.0056
9.89348
24.9914
7.01585
24.5531
15.5627
13.2062
47.9354
55.1086
17.7732
18.9962
13.5217
23.3553
9.50487
74.3136
17.4413
59.4542
28.9328
95.9186
9.42835
14.8929
71.6021
36.2385
34.5565
30.6058
120.405
16.796
15.2998
21.1515
27.9358
25.2055
11.4337
14.273
19.2011
8.44362
46.7189
42.6988
8.54149
12.455
7.6185
20.1504
9.07401
54.4992
15.8049
20.8363
11.7363
5.9808
69.7624
20.0524
5.64348
40.4198
25.2927
11.2596
73.832
60.5156
33.3845
18.2324
25.3018
18.504
31.5347
77.0565
35.7148
17.71
4.4767
6.59187
21.6843
13.8312
17.8772
12.2748
27.5426
29.7878
61.9016
32.273
19.202
5.61147
21.1123
76.6514
17.0965
36.2857
126.501
32.7772
55.4956
63.4304
51.9989
30.8509
32.1958
39.2605
4.15834
40.992
8.38744
32.3612
21.1838
19.6652
28.8794
14.2169
15.6026
39.2396
36.1175
58.833
30.1951
39.7177
28.8375
27.2665
84.5149
21.6746
16.7173
48.9211
17.3651
57.5239
22.6399
22.9133
17.1937
43.6478
5.34275
97.2611
14.0232
56.7936
11.2613
33.4738
10.2874
65.5
26.551
27.4724
21.129
9.36008
40.9118
8.21547
70.6081
5.66789
78.6907
8.06983
66.2257
50.3029
19.3923
21.965
16.2946
48.426
24.2158
17.9675
20.571
25.8497
26.8329
35.2557
45.0368
15.8589
138.691
31.9094
64.0413
6.4033
32.7979
16.2517
35.0645
29.9765
50.3033
48.4002
9.94925
60.9366
13.5307
19.501
15.0062
39.172
55.607
22.6218
43.9228
17.4103
47.5836
39.3221
19.8565
23.3966
34.5989
95.309
53.4203
4.9587
25.2176
8.97969
65.0974
6.21586
12.9989
13.5927
21.9567
11.3293
63.8452
23.5879
13.9928
8.8949
71.8888
46.3007
12.5992
28.9239
21.5697
153.345
70.8272
55.4056
9.40765
10.9141
16.4291
15.6329
8.5393
14.8285
23.4906
41.9674
17.2168
46.2159
18.5813
21.4332
18.9428
14.0218
26.647
30.582
9.38924
62.5277
18.5957
13.6191
21.7583
50.7339
9.31064
33.4148
159.886
97.8012
16.1144
32.4639
17.9178
14.4366
18.0057
29.1037
3.75434
14.1249
30.1889
23.2186
19.4185
7.56948
25.3205
19.6136
77.0565
67.3827
33.9945
34.7752
5.78366
109.723
31.6532
13.6232
9.62708
11.1001
77.5122
18.3068
14.2914
18.2513
44.5816
13.2978
29.3789
37.1146
124.549
31.0259
149.013
19.0011
60.5804
62.5877
44.199
20.7784
51.236
10.7759
36.3082
35.3653
47.8016
23.5098
8.19593
62.9859
35.411
27.1214
10.8423
54.3093
11.667
26.2202
80.2603
48.7287
26.1932
39.7607
54.0034
22.0771
17.5554
45.7104
49.6763
23.4861
52.6764
6.06703
47.1194
21.631
20.9313
9.84104
25.5246
12.9825
35.634
39.1922
13.6876
19.8266
15.7984
144.474
43.5803
23.9207
10.0851
12.4257
27.5452
27.7571
23.253
15.572
20.2971
38.8806
102.349
34.9087
12.4245
10.6705
10.5616
51.7181
7.24299
9.47153
35.1479
39.0809
9.75588
70.0487
29.073
46.3596
50.1659
47.0588
14.7719
123.551
22.3854
16.5653
20.6333
20.1352
22.9059
58.2671
44.9466
35.5812
29.9841
38.6071
42.631
42.3671
40.7862
12.1558
42.978
14.8016
28.2903
87.0121
10.1283
6.6049
42.9133
67.5217
46.9334
37.4393
40.4216
15.7318
48.4661
41.0797
21.258
8.18394
17.1527
40.4398
78.4491
3.30003
18.0412
10.8733
16.7318
8.83838
24.5331
33.4263
18.6575
34.2583
15.0595
11.2625
48.6468
32.5404
12.0266
82.4034
29.0181
9.11029
9.26051
47.4463
13.1206
49.4161
34.9263
39.2835
19.344
23.035
25.7755
73.7366
29.373
18.3696
47.6093
51.2649
38.6518
28.552
13.7594
160.5
27.0811
19.2639
10.7833
36.541
105.964
36.5123
12.4656
13.9668
11.9626
43.0454
109.719
34.8349
73.5507
10.2169
7.13858
35.3739
67.4546
19.8729
9.71068
64.4663
51.254
16.4661
8.25777
13.9964
22.1516
79.3891
9.07433
10.301
9.04696
28.9245
20.5459
17.7162
36.7541
56.8181
9.05515
41.4478
26.0282
24.648
77.1961
43.66
13.7576
18.0442
52.3373
41.6157
50.6416
22.4288
18.8967
26.2056
16.4918
32.9946
14.2817
17.9174
46.8268
27.4468
36.6257
11.5732
54.9276
34.6903
64.8954
16.6539
17.02
13.2118
52.1031
5.21841
28.6592
30.4061
9.52122
17.0727
68.3042
16.9876
34.2294
47.9059
21.7132
41.1411
17.0697
11.7392
28.5673
119.982
7.7755
4.27222
17.2797
18.26
19.2743
26.4439
29.2246
55.4459
25.5816
10.5721
93.1249
52.0272
50.1482
50.8533
78.4946
13.5667
66.6846
12.2794
46.7724
116.879
51.8046
55.6209
34.2911
19.3141
37.963
21.3204
16.6222
17.4
34.8168
17.8224
46.0503
38.7548
28.2682
15.9897
23.0566
56.0606
20.5211
65.3992
26.9303
53.1247
13.2663
18.5756
6.43472
8.09748
5.05123
98.7688
29.6589
32.6179
35.7967
36.8947
28.5461
26.3258
57.4431
24.9162
18.3975
77.3339
66.9521
77.9415
29.1358
200.19
44.4532
44.5672
10.4031
6.84855
7.75152
27.4292
53.8458
11.2667
37.2899
11.3945
45.1898
26.7902
16.3591
38.9591
7.50906
82.5684
62.1781
90.7979
34.0821
76.6796
17.891
28.013
17.4642
41.3506
20.8557
32.6595
18.3889
8.94836
54.7893
17.2093
14.7176
55.0314
50.8838
10.6322
63.0117
9.50042
23.5274
30.9897
12.4712
24.7811
33.7153
7.84896
17.182
123.171
15.7905
37.6455
18.5951
6.98916
5.30646
15.7868
58.8212
7.23197
11.2619
6.63991
15.2946
36.2316
18.6391
46.2385
47.2367
26.8665
15.6605
26.817
26.6541
52.9731
39.6054
30.3018
18.4728
72.499
33.5417
16.5986
36.6181
101.421
98.628
33.6692
37.8607
41.5625
42.9969
33.5492
28.9185
11.0314
10.6776
52.0889
13.7899
75.831
27.6213
33.5536
19.8211
30.886
44.3921
24.4546
33.2705
8.58235
16.3257
14.5701
18.7743
25.0427
30.2586
6.55324
87.6547
12.834
19.9026
41.5135
22.5166
12.356
94.4792
68.9056
17.0402
22.6988
20.3056
99.019
28.5193
37.7464
42.5878
6.68004
13.7227
92.1518
31.686
33.7978
25.6089
13.9681
5.8793
60.1434
38.8923
18.2787
24.2979
19.9634
14.2719
19.2707
58.7027
17.8116
28.0626
80.2156
6.75265
40.8774
10.0032
118.817
67.7286
40.2296
47.7595
101.995
40.9227
21.6582
48.7025
59.9251
54.8827
26.6185
47.8577
87.9339
7.94274
24.5536
12.7193
62.5524
43.5991
27.1491
14.9954
30.4702
20.4235
37.2473
31.8829
33.549
10.3232
60.8739
84.6129
28.7466
31.8506
131.043
45.8063
21.1853
49.8399
23.786
38.0175
17.9271
13.6011
21.2267
85.6272
95.2972
19.7654
30.1583
18.8849
37.6611
29.2366
51.5666
25.3617
28.2043
18.4065
18.8716
71.0156
10.8415
31.6768
12.2833
21.0207
14.229
32.8417
79.6892
54.8626
10.1648
48.2138
40.7806
9.4621
8.45136
25.8871
10.9169
10.0205
66.5658
43.9988
121.417
22.4331
70.8264
20.422
33.6513
27.927
12.6029
30.2723
57.0212
35.0585
6.19439
12.3786
45.5292
99.4734
29.7625
22.7698
46.0037
91.5971
38.8232
16.0336
37.877
32.3062
22.812
26.2863
43.1099
30.2252
24.267
27.3606
52.3387
45.4861
38.0149
24.0554
20.4966
158.546
17.6461
11.8744
37.5008
9.13841
65.2311
13.605
93.017
25.4101
18.4719
17.9388
15.7061
12.9087
19.8122
25.0112
25.2059
25.7096
24.8812
14.4153
45.1825
65.228
32.8171
53.3943
20.3071
20.7537
10.7731
16.2002
10.3659
36.3302
6.04025
17.914
31.6363
75.0456
42.1
9.26712
59.9941
36.2931
4.73745
27.9072
124.71
19.7893
19.0407
57.9072
8.58238
25.9205
18.257
84.5336
37.6757
136.584
68.665
12.3779
12.711
11.5207
52.0704
34.1169
23.0651
60.45
29.0734
11.825
18.6813
23.3465
80.3111
18.3771
27.5831
9.70663
12.7351
30.687
39.4714
48.3668
66.4542
40.1526
60.2754
23.5707
59.8098
19.4834
85.9642
40.9307
14.2519
85.5431
29.6511
56.3948
34.0844
22.0863
34.0855
15.2076
21.5474
37.1862
17.7278
38.0829
129.876
12.8832
74.31
40.9911
70.66
58.2275
37.974
27.0798
72.4158
55.0466
39.4851
12.2759
47.0955
9.78326
79.9143
71.5699
10.1448
13.9806
12.6518
26.0747
10.5257
17.779
97.2521
29.3274
129.452
61.1091
75.488
41.971
121.2
24.6137
25.251
10.1573
21.6417
7.89063
7.76955
31.9547
69.7506
39.4041
14.1824
97.5138
33.4426
34.8996
11.9241
50.7187
48.7444
18.7735
57.4895
23.4502
71.5494
47.908
19.4437
24.9691
11.1748
12.7909
8.24155
14.5803
11.4121
17.4786
59.4767
43.3031
24.2751
18.5249
17.2146
18.6182
17.9384
80.4577
5.89262
75.845
79.3755
74.1346
12.0498
70.2041
14.4098
33.7844
37.6786
16.2701
157.545
93.8617
30.9533
28.1268
16.389
18.8476
22.4645
39.7051
4.60217
33.6334
19.6714
5.28989
40.0336
5.83138
17.9141
10.4515
20.6769
7.52842
52.4645
41.5948
74.6295
20.4191
39.1749
37.75
39.4428
4.29164
8.88255
14.3542
102.658
31.8201
72.3669
31.0743
7.64743
19.7464
16.3657
20.9585
16.5753
17.1631
12.8278
30.6767
28.1164
7.80634
18.5571
35.9839
13.5349
11.516
10.1814
61.5436
6.53779
15.0041
19.6101
9.22102
18.3974
13.5866
63.8726
10.5134
37.8894
15.7596
18.9017
47.673
13.0109
43.2519
33.1127
50.8584
25.3831
18.2296
42.7193
37.428
94.568
52.1624
34.2739
39.9233
35.6829
59.1407
19.7512
50.9758
43.0576
7.63287
42.3285
42.177
67.6074
28.0154
34.6045
11.0407
67.8776
59.1965
14.0607
82.491
86.7831
15.1149
28.2361
16.0332
63.8937
23.62
48.4702
37.4246
56.5753
73.1295
31.346
43.0708
19.9416
26.5957
6.57119
79.4173
9.31361
4.68196
240.497
99.1501
69.3828
17.717
69.3348
28.8615
20.0105
50.9272
15.5306
13.1619
23.3746
23.5142
13.6134
20.0672
21.578
32.3973
19.0225
30.9057
31.6171
51.95
30.4462
22.6193
14.3681
62.0364
16.5832
30.8037
61.1347
59.3077
20.8714
48.413
13.2799
90.5239
13.4757
73.709
7.8963
25.8113
30.7247
28.1592
8.96455
23.2877
12.9023
12.4978
9.69826
28.604
21.9762
8.89419
24.9223
31.9711
17.2901
44.6371
14.9725
24.8408
14.9777
4.59842
43.8215
23.1305
44.2245
16.2973
8.31326
19.6649
12.6044
9.77652
17.5748
22.4142
34.5857
74.1532
14.6205
68.7035
48.3979
73.0659
73.7325
30.2208
11.0765
33.2114
9.92812
30.9774
15.9782
18.6984
18.6161
133.035
90.606
74.3325
18.6526
17.9714
9.48554
28.4486
20.7965
33.6296
76.131
22.4298
28.8953
12.866
125.399
29.9057
26.8474
49.301
30.8261
7.47765
23.1446
49.0898
16.3221
16.4434
50.9929
4.06256
15.6023
20.6948
27.1954
55.8759
82.1421
14.8946
56.1863
8.36267
78.2958
25.1053
46.816
10.2775
22.6686
60.5331
15.1872
16.1779
12.4955
5.99182
26.0563
21.0151
104.087
15.2393
66.2337
14.5125
41.6943
25.7134
64.0981
14.7265
47.825
50.8233
32.4976
24.915
88.549
46.5217
10.8938
7.82271
41.4656
6.58552
23.3233
25.6898
6.44168
51.3402
32.1971
32.5972
21.2718
23.7669
33.3971
14.6594
49.9251
36.7575
28.0731
6.84905
25.1869
11.9424
111.9
39.126
11.5965
68.0959
61.1267
118.027
12.9768
21.1442
17.2635
13.0418
19.7985
29.3582
19.2454
46.5185
17.9593
59.2441
25.7618
15.2519
31.508
98.8376
19.5519
10.2471
10.179
49.4776
24.9994
49.1698
34.9763
19.6748
87.9083
24.775
62.8677
10.2691
32.0226
4.3579
11.522
13.0112
22.6517
11.0554
37.606
13.392
32.6593
39.1263
42.7545
54.6379
92.9676
23.2797
11.1956
15.1646
21.2568
23.9808
53.8917
21.6004
27.554
45.5674
10.0701
6.58238
24.6368
25.2756
17.0034
20.7254
7.60863
11.0504
60.0216
91.4984
22.7515
70.3469
34.2334
46.8998
10.6845
130.836
16.179
57.2821
27.1229
15.3371
18.4469
19.2037
20.2265
106.427
15.0552
31.4566
37.3034
8.71674
91.6019
8.05686
183.721
47.7299
16.7073
22.6903
17.8513
149.033
31.5905
18.0541
16.7043
67.2807
62.1057
38.3426
59.4577
48.4421
12.3431
20.1554
25.3713
39.7275
14.9236
20.6211
58.02
14.5038
20.5339
122.897
17.1778
115.541
2.017
56.3845
36.9245
18.4536
94.8515
97.416
16.9893
6.1057
26.3962
36.0987
71.8507
33.4701
67.7997
23.6491
11.3507
20.8293
49.1134
26.2586
8.87737
34.2053
37.5075
58.856
27.6717
20.4458
4.78992
21.2586
27.782
40.9602
34.7052
56.2764
50.8425
50.5811
35.0862
63.0386
105.954
46.3371
52.5103
65.5868
35.4399
14.6003
87.672
106.795
52.2997
38.7311
30.6952
82.4009
36.9703
29.3056
10.8985
35.7408
13.1846
23.5397
14.5497
8.3167
104.923
14.9058
25.2484
60.5429
66.0679
22.0151
7.01951
34.1012
46.0018
11.2533
76.1704
40.6337
24.9872
64.0982
20.2904
79.702
9.64929
20.6644
18.7641
16.935
22.4362
52.953
59.5028
31.7036
13.6586
24.4423
14.7249
13.7244
113.297
16.536
28.6392
23.5608
102.684
19.705
31.0052
19.8007
20.3205
23.1124
21.0526
21.558
14.3907
4.8198
6.06898
42.1431
29.8706
45.2921
121.414
24.1009
106.71
43.1364
32.5288
32.1877
14.0969
36.3555
17.6623
59.5867
18.1213
23.9696
29.5396
15.7873
45.5932
7.33563
29.9044
35.4533
6.16172
23.2579
35.1178
41.3711
32.6928
32.6808
18.3217
15.2498
9.58995
25.2974
14.0305
23.8072
22.5925
34.735
6.38654
22.2301
59.233
27.4433
39.5926
113.369
48.3937
17.1253
12.3924
32.6983
97.173
15.8417
13.8252
40.5951
43.5828
23.6522
13.2005
49.8382
30.5158
17.8915
101.513
44.7075
15.4493
104.652
13.9948
20.5661
31.0899
56.5438
60.591
77.9581
15.0228
58.5588
15.9203
47.8108
28.1345
49.1433
14.5625
37.125
68.2136
65.6618
43.3198
15.6414
11.4791
8.26271
47.7821
4.71828
27.821
7.83151
17.7725
15.2668
109.833
17.0442
44.5512
29.6616
238.582
98.78
41.3228
22.1018
12.0175
31.5731
93.3436
11.0867
4.05371
55.0562
10.623
66.0327
10.1754
16.5102
50.7422
6.43251
13.6926
24.1233
14.2497
12.1248
17.3319
18.3531
42.8686
16.0064
69.9651
22.9973
4.78792
68.0657
14.0185
80.5412
5.83105
13.3962
3.91098
24.6525
37.3055
37.486
13.3757
144.444
43.0306
23.3515
17.8235
6.81003
27.2729
46.0406
53.5307
58.5865
7.21515
8.32143
60.0662
23.6698
24.6602
23.9448
93.2138
57.4485
77.4836
21.0672
21.4039
5.89928
33.5263
12.7636
39.9317
32.9982
16.2356
14.1485
29.2441
22.1543
62.034
17.7025
59.3597
10.6001
12.7141
25.6755
17.102
44.1203
19.6368
16.2891
10.9316
37.0298
27.9831
9.74752
3.58832
9.15781
34.3058
21.2493
25.3677
26.26
8.15699
20.0069
55.4183
45.4154
32.9111
13.0867
36.724
32.7949
63.9067
24.1186
16.4922
55.3767
13.9684
14.9694
60.4695
12.2043
23.952
20.559
24.0904
7.22934
28.0906
27.7258
40.0406
23.1832
12.5151
110.799
24.5284
17.6131
38.2239
10.291
83.8013
9.32863
18.1851
92.9745
27.3813
23.6433
25.7785
26.8566
18.3385
18.8716
18.0847
38.8767
14.5766
9.36104
107.407
24.0012
103.301
17.3598
9.96336
14.2842
15.4844
62.215
17.0511
49.8697
51.8775
18.0107
104.059
19.7753
77.0019
34.4276
42.7275
18.047
37.4266
7.14885
21.2827
21.1538
23.4521
15.6271
10.5892
7.29
32.7416
125.652
22.5823
16.6444
56.9991
35.0485
13.9655
25.4921
24.7156
10.3374
12.7494
18.2488
17.6745
59.8272
66.5466
21.617
45.3669
22.8887
48.7905
25.6213
13.6824
48.445
40.1082
10.8214
53.4848
11.3711
128.789
10.034
3.38876
121.657
26.0256
28.4306
16.3211
37.963
31.8106
19.3364
86.1447
48.9749
35.0115
19.0059
22.7206
28.23
11.0629
18.0676
11.2852
10.8824
18.5071
25.0296
11.7373
6.0259
36.7471
18.1671
7.69438
37.5527
50.8674
14.1249
25.7325
12.2406
9.95482
9.23468
18.8748
11.0737
59.6492
18.5725
25.0279
26.8509
47.5689
31.1046
85.811
20.138
22.8762
43.4506
5.55237
14.254
24.8008
20.5412
32.7002
73.4698
19.0125
13.5358
31.2261
66.8444
41.2432
50.3025
38.3442
68.7738
4.28119
19.0921
12.1691
50.0146
29.4226
61.3147
30.0782
26.7428
39.5326
108.515
35.692
21.1587
13.8051
24.9296
19.7368
25.5942
102.818
27.0471
25.7488
30.3692
24.1538
24.6549
11.2077
35.9104
9.81266
35.6587
27.498
22.2645
16.5367
48.7546
118.737
57.0257
56.0184
74.1467
103.631
54.619
68.0103
60.8885
14.0454
41.4664
39.5596
30.8649
49.4943
19.6351
73.7125
19.623
20.1833
27.7166
16.0526
33.1183
11.0403
85.0997
123.847
33.7325
32.5947
65.7122
41.364
83.6532
5.7269
42.9348
20.2417
15.0314
24.5601
47.6613
15.8023
8.75021
10.1613
88.4505
20.4743
35.5614
27.2604
7.73164
156.341
26.5123
12.8813
36.6858
15.7099
12.1063
16.1544
19.0917
45.9623
13.0621
85.3521
24.2743
44.0332
71.7994
11.9097
82.6991
16.8244
43.1756
38.3487
34.8668
34.8068
16.1324
15.1883
23.3573
23.0678
30.8146
18.9201
14.6148
24.2643
32.7421
4.55379
8.32037
65.6687
19.6932
18.7981
67.7158
10.0002
16.1915
21.4142
10.7434
12.0884
57.257
26.612
39.5893
83.0004
36.6063
7.84902
81.4413
15.0535
66.1844
15.3025
6.16166
42.2382
35.9301
25.385
20.4653
29.4645
9.73743
56.2976
31.1244
16.1331
16.0729
36.0907
11.7916
30.6976
19.0416
20.7388
338.67
39.5945
10.3251
33.4992
9.36993
29.1421
10.7695
75.6206
27.6094
57.5508
26.9292
7.90825
42.3281
68.8876
81.494
35.8269
11.1396
23.9539
134.532
9.52001
82.5644
28.1526
123.603
18.0453
19.9068
45.8083
46.8742
53.4967
53.48
18.7895
56.4728
13.0034
21.4142
7.62317
33.3514
23.6803
89.6231
18.0548
75.5736
60.1286
77.3793
19.8653
15.0008
13.9587
26.4116
42.9709
7.24191
25.7517
67.5453
25.3312
31.0007
12.5299
6.28504
13.6224
43.0838
21.6025
30.4988
41.1364
30.7448
16.1218
11.4774
85.1398
9.39703
19.5592
20.4251
6.71494
26.6864
57.8554
19.1474
8.16026
30.7894
176.681
14.138
28.8843
5.88974
22.6364
22.9728
26.5332
26.3403
11.4846
10.6233
25.1195
9.25434
23.3424
27.4023
19.1852
26.1449
37.7088
30.2067
72.2503
35.3783
7.60994
22.4318
45.3754
11.4725
74.794
12.8413
70.6875
11.6151
22.8211
35.3961
62.2173
68.1629
28.3149
210.89
29.9643
19.5944
14.9316
3.98725
31.8475
24.8744
58.6067
29.0586
24.4283
44.1159
10.8147
27.6826
27.3845
35.7013
16.0099
38.8812
37.1494
24.9882
40.9175
38.3314
65.6596
91.1156
33.7468
36.6095
15.7986
29.9368
15.926
20.5938
11.2483
19.0533
69.1592
21.5914
77.2409
16.6774
18.0398
33.7336
106.577
5.79959
31.2235
100.78
9.21618
10.9481
27.3865
18.3028
54.4375
22.6006
84.8211
89.3442
17.701
43.6767
7.94157
11.0069
31.2627
37.856
7.50826
13.9365
63.4449
31.8263
46.1957
36.3469
26.8534
49.0485
10.1231
33.9708
54.5195
85.448
44.3024
27.1164
20.5139
50.7215
27.1823
17.5666
30.2019
16.6791
34.8282
25.589
23.2825
71.8791
44.5073
46.1566
107.432
53.276
17.7801
16.1902
44.9522
79.3605
52.3264
27.4309
14.5226
119.101
24.1
28.9968
12.0068
46.1953
17.5345
18.3499
18.9592
19.1195
26.7022
39.4499
42.8425
79.8063
20.236
109.187
65.5421
18.415
13.8104
22.7281
72.4766
24.3133
12.1364
49.8149
15.0424
81.116
12.3512
5.99892
12.3498
9.0551
87.8827
23.1233
19.0963
10.9632
44.998
27.7312
29.9944
42.117
7.26953
26.9074
59.668
17.492
28.1693
31.6784
13.9071
24.7381
37.2548
16.2036
14.0401
51.712
55.3596
39.1049
16.3591
6.0133
38.3635
24.6756
9.40778
36.9232
24.6049
28.7314
8.0757
55.1924
50.4363
32.6414
41.0961
11.7028
36.9033
25.3855
88.2778
10.8518
19.9356
15.6242
57.9752
16.9132
8.95455
7.05761
35.0205
26.3728
37.491
27.9743
13.0728
25.0549
49.8841
40.929
34.0114
12.7966
41.1017
71.4444
11.7907
50.6893
27.3873
7.86141
43.6607
28.56
26.1781
38.5815
20.4464
46.6506
8.18602
56.9657
40.6111
24.5893
6.73006
72.2054
69.1899
45.1547
6.84195
8.9212
27.5376
29.4763
12.9097
59.3451
7.7573
31.4018
13.6366
6.42724
37.9584
51.6622
37.6959
9.25224
18.8004
14.4345
39.1138
60.8678
53.8275
62.3548
42.1604
20.4754
27.483
33.1743
32.153
10.4145
9.34475
13.0865
3.85422
22.8844
18.3705
23.0764
5.98664
57.6253
37.172
22.0918
21.7027
44.3764
42.4232
21.1404
99.9682
13.5004
52.0397
97.2875
28.8138
45.9454
44.0032
15.7744
19.6275
28.9922
26.0935
57.2621
17.835
104.012
28.7598
65.25
9.0659
42.627
39.1607
46.5703
7.66204
18.9134
147.579
18.2558
9.4963
40.1805
66.8614
35.582
12.6605
12.3255
22.5275
31.611
36.047
44.6226
27.6258
93.8133
51.2204
38.5568
47.0363
5.09058
9.22774
6.83784
8.3656
35.9673
53.6679
74.4346
31.5171
42.6302
33.1603
23.5365
40.1377
98.4537
104.16
4.07812
15.7542
11.3261
6.74885
20.2744
5.13735
14.3547
27.2434
32.8391
9.85155
25.8432
7.90489
45.9597
12.9635
7.84205
55.8875
134.039
64.0888
50.6592
45.2177
11.6464
60.3351
16.5062
11.5881
29.2074
16.4471
14.3039
13.866
18.767
64.6772
12.3303
12.152
15.7917
35.3167
37.773
19.8641
11.1437
40.5158
13.7871
39.607
14.855
33.3694
22.6598
42.1087
6.76702
8.19577
19.6946
57.4977
21.624
80.6769
50.0264
20.1534
35.0342
6.04983
27.0437
63.8091
15.5299
65.0522
41.3181
19.3343
10.0394
22.2548
30.0092
33.9777
26.3091
46.524
20.3116
24.1449
24.8389
89.9524
20.6671
19.8006
18.6947
20.5406
12.4768
130.997
20.2054
60.6216
8.04049
82.2907
9.43727
16.4049
24.5398
10.8837
101.404
29.2772
12.7303
21.1531
46.9685
9.26516
4.68949
58.0966
38.2115
39.2417
12.5867
45.2228
30.2984
39.0343
65.3723
11.5919
9.62537
28.96
32.7109
59.9854
14.6463
29.3403
19.9982
15.7574
40.0227
9.45339
80.0733
106.105
155.743
20.8663
18.9628
21.751
14.1312
14.138
31.5309
41.3975
38.0509
48.029
6.81203
42.3528
14.1901
18.154
88.2851
49.1769
33.0103
8.59606
24.9913
65.1711
21.1286
42.5073
15.5596
40.6597
33.6853
6.74546
83.8221
136.445
23.1046
28.5164
43.548
5.86536
78.0928
36.3572
22.6801
7.09902
6.07885
98.1309
49.566
25.7102
59.5828
16.6794
38.6889
45.6123
9.99351
16.6756
37.0286
33.2209
22.0944
63.8122
47.8488
15.3273
29.0253
11.498
12.7563
17.899
32.5283
8.839
12.5047
21.9098
19.5851
10.3564
52.5322
67.0363
15.7842
35.4194
40.297
12.3391
30.0998
76.6109
36.6914
17.9477
20.5914
45.8205
20.5588
63.343
18.7912
81.6156
55.5294
41.3582
34.38
20.1858
23.4988
67.9372
24.5294
31.9407
6.22166
36.3948
26.8456
52.3951
78.9387
8.14973
14.9208
8.90092
74.664
38.5097
46.0816
20.2481
153.738
45.9333
18.6811
17.6156
18.9973
33.8272
14.2187
9.15101
36.4056
14.4466
42.8763
32.5955
36.6554
27.4577
8.72033
22.5883
19.4042
13.2696
16.0915
18.9546
20.5352
11.0735
22.1301
12.8919
8.64739
21.5518
14.4799
15.4176
16.309
34.6452
15.1412
16.0824
14.9625
41.9312
8.80455
9.92895
18.5135
106.232
40.4476
26.0437
9.7136
59.9226
43.8337
11.4107
18.4882
23.7219
69.2912
9.92074
63.3615
23.0304
17.8282
9.61071
61.2405
32.2598
11.5397
29.1464
31.3338
26.0399
4.01153
24.1564
44.0062
41.8395
35.3504
28.5591
12.8249
55.4864
101.289
43.6553
76.1949
96.5482
21.3536
17.0821
17.0829
8.97876
127.681
12.3227
10.2622
16.748
86.33
19.9502
35.9899
53.5312
11.0304
10.3764
72.822
43.0734
71.4005
44.212
20.4133
7.71705
8.69399
53.6423
12.3563
39.2876
28.949
28.6567
19.9085
30.5936
27.4414
37.9124
11.8718
12.0179
15.9499
11.92
26.8764
42.9281
91.1468
37.6282
57.0178
38.7992
19.3578
15.6141
33.4023
19.0676
150.259
25.714
21.4106
24.4618
21.9721
23.3048
14.592
30.7553
4.55132
26.3866
60.7632
28.5658
33.612
16.0216
25.5361
35.533
49.4676
17.2377
30.007
28.8559
27.918
10.8185
20.5027
21.917
13.4175
61.9246
28.2762
21.0024
30.529
25.7347
6.66777
59.6475
25.2599
64.4021
46.1134
27.8575
17.359
17.1067
17.21
9.32407
27.1497
55.2829
8.78475
65.963
29.874
13.211
7.06892
9.77402
34.9517
94.0257
42.2268
57.6603
49.5722
39.1616
20.1329
27.8874
12.8623
30.0135
41.9619
35.0744
20.7311
44.54
17.7463
52.9098
91.1251
7.21432
16.9694
16.6859
16.5582
26.7487
16.5861
56.2203
108.58
36.7149
16.9322
5.18957
39.5604
14.9147
11.9815
15.2305
55.4929
12.4798
24.6654
23.6404
54.3223
61.4802
31.5165
128.863
6.99263
76.9246
20.3796
44.8956
90.9024
51.7379
39.4125
75.5434
35.7263
114.785
5.39055
35.11
32.7834
4.88178
48.8744
28.8192
21.318
26.1883
25.8783
35.835
45.9654
12.4749
12.1144
55.6176
10.7531
148.34
56.5562
123.134
11.5801
65.0563
18.6652
9.95087
15.597
52.6846
61.9349
30.4422
78.7862
37.8362
83.1612
62.6642
9.0981
43.9273
18.2459
86.1321
45.9918
39.2529
40.5894
23.4739
42.2304
9.59331
81.2819
59.1158
54.4511
33.7124
46.3662
19.9056
35.9385
32.5701
37.048
35.875
21.3806
32.343
14.9997
28.9306
13.0953
17.3302
10.1484
84.6546
19.6576
9.61573
37.0758
11.9954
27.7461
20.9007
8.35453
35.2141
13.6763
28.5409
49.8359
4.29294
93.5175
68.0886
43.7597
14.683
47.9496
15.614
27.1803
39.5283
23.063
3.83374
33.9045
28.0045
18.512
23.4017
16.7544
13.9551
23.1727
19.4366
50.8349
19.5127
67.059
53.6128
6.97783
23.4537
35.3123
21.1376
29.8624
29.1521
20.0744
11.8838
9.21041
19.8134
52.3035
46.8981
24.7924
28.9863
7.13732
26.859
15.7778
10.7574
22.8253
69.3909
12.286
44.5064
36.4265
30.079
23.8802
105.532
6.04214
43.3528
19.3325
35.0345
5.82678
57.0858
27.3464
69.8424
48.9259
34.5069
24.0855
11.2019
11.1436
12.2636
13.4579
26.5622
57.5938
52.9697
15.5317
35.3029
6.09985
52.0065
6.06453
10.826
77.2675
13.8907
31.8234
6.44556
10.1805
57.584
24.5921
41.2508
19.1702
63.5561
22.4324
20.8497
50.7098
3.38265
59.1565
9.661
69.6483
26.6153
18.5902
19.3132
43.7193
72.6751
21.8336
13.7516
28.6128
17.3601
12.9661
5.95234
6.9459
37.0843
80.2098
17.9416
22.0533
11.4427
9.33798
14.7143
24.9456
19.4965
25.8209
21.1107
99.4658
44.1184
6.50259
9.52563
13.8648
39.5716
26.7514
33.537
16.4339
17.195
38.0371
25.1198
67.5799
30.478
11.9493
17.3526
42.2323
14.7859
48.3907
38.5459
13.4031
41.8082
18.7764
37.3854
10.7563
170.359
35.4364
24.4977
13.3541
18.1115
8.10416
24.0458
89.277
11.2364
52.1777
45.8388
47.8787
49.3543
25.6182
43.9845
19.6145
17.4267
11.611
43.8302
32.1225
65.5516
12.4535
20.5755
113.567
24.1713
31.6669
22.4454
7.20934
19.6681
43.3994
73.1094
21.9244
61.138
28.3458
21.3805
104.485
59.7019
49.5531
14.9233
82.2328
122.104
54.6417
41.4249
32.2484
14.0305
50.8188
11.0534
22.1234
31.5766
9.54702
55.5133
34.4364
9.9079
10.8662
29.4608
16.9854
5.5657
4.85745
44.9378
22.1771
64.8202
103.779
5.34218
36.3779
9.80323
28.4925
17.8464
13.8146
32.6147
97.2926
21.5111
21.8127
7.85515
63.0553
21.5553
45.9251
45.1414
30.847
20.7854
69.2236
12.0463
18.3353
11.1073
34.5807
16.5734
4.99843
46.23
151.386
114.158
29.827
26.4934
30.3048
18.0466
15.525
37.7135
82.216
63.4538
11.8531
9.89252
61.0918
39.9639
11.4424
14.7322
24.9959
32.1077
33.1488
24.4487
33.4817
34.8143
44.7557
21.3764
19.7242
14.8245
83.6515
58.4411
29.659
31.3906
108.529
24.2749
31.0789
58.5547
43.4055
65.1985
36.4322
62.2208
37.5713
42.5395
6.80871
34.0341
72.2023
13.7638
61.0381
29.1573
71.858
31.5804
29.2412
34.202
19.7766
47.4222
12.7615
22.3463
20.8329
9.55896
35.072
115.714
34.2169
28.0806
48.5381
115.182
37.1654
30.9008
111.468
8.87465
12.0603
68.4715
32.7444
68.9502
46.8668
32.5661
60.9464
183.416
37.4542
15.6681
51.2624
44.7773
28.7037
12.9587
53.2508
14.4926
34.5868
48.7125
17.039
19.1941
50.8518
29.0434
26.2076
10.8797
103.756
9.5628
34.9683
16.0465
23.403
33.7116
16.7618
50.3578
72.0862
19.4127
5.44224
16.3725
13.8797
36.2845
12.634
62.7143
65.4083
37.7065
15.3425
9.08204
74.2744
69.7459
38.6892
33.4214
63.009
17.4924
13.6899
55.9268
72.3523
12.524
66.6621
4.47433
47.7198
29.1643
9.9731
4.22516
23.4604
164.542
42.7079
33.2389
24.5381
41.8323
10.0184
10.3626
24.8353
27.3613
19.7561
25.8418
32.9498
9.5756
10.4546
8.61422
41.307
23.1502
32.408
131.9
27.6399
22.9953
18.426
24.6432
10.8672
39.0961
22.6681
44.058
9.39583
38.6889
10.887
28.912
43.968
8.62349
11.6059
66.5701
23.6053
107.363
16.9491
24.7982
17.6849
5.89308
111.223
20.6345
23.1936
108.016
31.27
28.9412
18.8379
16.6804
28.8553
36.2874
33.7091
70.7762
22.6204
56.2189
86.473
43.71
25.6212
20.5543
12.3268
46.2212
11.2547
27.758
9.90288
20.865
89.9072
22.7098
66.8657
4.79483
25.6957
36.6977
8.67437
40.865
16.5723
46.7583
25.4527
57.9195
17.8629
40.2131
13.4652
13.63
164.364
25.6181
21.492
7.05904
49.4046
18.0284