151.211
99.0442
50.7609
84.255
71.9671
20.2227
99.9506
14.7269
18.3501
24.8607
21.1261
237.613
43.6662
16.056
16.892
23.9732
291.625
31.2933
26.3844
123.13
83.6149
35.9121
54.9382
5.91001
117.663
345.056
132.046
54.649
75.661
19.4194
112.715
15.1241
198.002
197.877
11.5916
33.9926
103.921
60.8832
190.959
75.7531
111.547
51.6887
42.6383
54.6487
40.8062
22.548
31.6009
9.382
40.5862
6.08638
30.117
208.698
15.6488
148.011
321.27
107.867
49.8491
23.8485
32.02
73.707
98.9104
30.1523
140.267
64.2369
7.78294
14.7982
258.603
9.07214
15.574
41.6787
34.0807
82.7978
195.476
1.93047
47.4558
95.6994
63.7107
260.063
229.78
43.3744
302.688
96.2911
31.5687
140.8
35.1839
157.882
100.771
284.552
23.2301
138.163
123.52
80.877
23.5091
8.43591
116.877
20.8409
54.8656
34.0121
49.5709
87.8177
85.9555
155.18
102.827
78.6266
95.5879
178.694
102.282
13.6771
15.7585
13.1996
167.842
64.5188
4.69529
64.4372
64.6494
240.755
32.4735
25.5526
146.691
74.6743
46.1874
51.0021
27.4672
32.9188
24.8037
139.178
22.2097
142.731
155.612
96.3831
112.269
36.5424
168.397
25.1124
108.715
44.3376
129.528
71.5876
64.3526
119.429
183.434
58.4864
88.9474
16.0586
147.151
74.9273
9.45635
65.1861
109.261
44.2386
320.248
118.611
117.832
38.367
64.3588
98.1607
116.975
18.3279
74.8527
30.3909
40.5869
33.0256
48.1332
93.6932
39.155
170.554
90.6606
70.7125
64.9046
26.7714
60.3763
81.207
66.8278
105.657
8.52857
181.895
76.7766
21.7501
131.674
17.767
29.117
488.867
219.902
273.892
74.9763
39.152
150
134.37
241.005
83.2045
80.446
11.8322
93.3783
207.376
305.587
122.139
43.2209
131.523
36.5575
135.148
108.446
83.4926
106.378
49.784
4.05391
88.0182
103.046
70.1594
70.5205
14.4618
136.443
307.993
81.2803
101.146
173.306
11.7184
22.6361
68.4674
93.7055
26.4609
11.6359
38.2156
28.3026
77.2828
18.8956
48.0247
33.1632
336.177
32.2825
22.5264
85.9015
20.5953
49.5536
109.118
43.7672
22.4744
23.7365
21.9696
186.997
58.4571
96.5923
104.658
60.9862
201.839
143.883
59.176
41.605
85.5071
92.3779
47.3543
147.936
51.7867
68.8941
37.0524
37.0446
31.1888
51.2216
40.3791
108.333
147.564
161.964
110.452
53.8252
123.958
133.539
173.515
25.8069
44.3548
149.69
135.774
4.77119
129.652
35.9397
113.002
15.6699
92.0932
76.3859
398.08
28.6805
72.6195
233.107
54.6067
23.5791
56.3439
104.629
11.2233
37.5165
64.6697
30.8407
310.179
70.4527
76.5874
76.4049
55.8274
158.987
130.815
19.8107
14.9445
5.19038
83.0727
82.3778
56.6528
13.2932
55.7485
84.6193
40.5492
302.384
42.4055
210.488
194.797
63.3446
13.3467
142.177
36.6021
32.1171
203.923
90.7932
9.67254
201.218
54.0831
14.7598
58.5712
37.084
44.807
27.5174
30.6699
38.3495
110.786
38.4109
120.12
78.1391
68.6092
16.1169
33.8945
74.9611
85.14
80.6833
48.5954
60.2535
29.5899
18.1526
314.254
36.1322
43.3331
79.9899
100.546
22.1705
15.1254
354.189
45.9602
231.292
103.105
124.038
27.6069
91.2597
10.9761
92.9033
23.4588
41.4903
52.0929
43.4482
134.779
73.7019
6.20569
61.845
252.354
104.967
81.0034
13.8316
228.957
62.4051
179.583
73.4728
68.6781
47.9487
207.486
32.6954
27.8912
19.1702
94.7713
52.8115
70.0932
86.6099
145.002
64.7567
132.278
56.4441
10.73
13.7984
283.647
32.3153
60.6734
23.8957
155.717
14.8682
44.789
124.325
28.4257
32.2779
37.928
162.084
53.4543
24.4844
30.101
36.5785
31.9
45.9324
51.3285
38.3645
157.858
45.1456
222.937
59.8121
131.969
13.0406
388.06
12.1102
263.843
81.6144
40.413
17.6328
69.5622
37.0092
13.6836
88.2846
80.0143
8.73449
81.7148
96.7212
61.8595
243.661
233.125
86.9131
9.5354
15.3246
115.819
84.029
26.5426
158.182
137.902
185.254
20.6056
207.361
66.3746
18.5155
40.7816
54.9855
105.336
25.1088
46.8606
288.058
160.866
36.6408
120.151
35.9702
64.477
22.3478
42.7497
17.4577
60.8317
209.453
381.897
56.7548
39.1961
198.44
5.70228
78.9722
103.429
12.2712
15.9007
44.0985
28.515
16.016
69.02
77.0532
282.871
69.3334
64.8883
301.799
315.295
57.4695
39.4463
164.531
75.7212
139.668
21.3497
261.042
124.253
153.842
74.1987
80.4101
281.217
48.4383
18.8391
156.175
48.2986
44.4838
10.7441
5.69134
86.1628
191.492
59.0893
73.2556
22.0034
35.1209
27.4009
68.5966
202.891
59.9969
63.5789
95.9391
22.2549
67.6733
13.1964
29.802
87.7946
24.4086
91.623
31.7605
26.2076
70.8365
122.69
108.005
40.4631
16.8864
232.587
23.9968
37.7402
122.347
34.9409
76.8711
187.45
59.6855
30.5797
129.54
107.393
89.1459
87.9896
61.9499
13.798
92.8301
216.922
119.408
92.717
41.3226
17.4958
119.923
42.3839
20.6068
190.958
80.5212
84.6444
137.348
44.8342
12.4483
13.6933
140.669
30.7545
44.1297
54.1109
104.555
47.9355
147.405
53.2707
268.342
21.8358
18.3317
218.591
81.0752
31.3036
44.5536
91.8562
76.8906
61.0731
128.643
64.4786
122.242
77.8187
61.1808
360.386
447.884
16.7182
102.491
109.435
24.2055
26.1593
175.966
77.5435
80.1436
36.9409
38.805
17.8917
25.8247
171.365
65.5912
71.6679
21.2814
105.234
19.2179
32.0294
294.924
11.8012
78.2113
146.566
78.2946
37.3791
97.1231
76.0764
48.1404
39.5264
73.2601
80.97
45.0984
56.643
87.1741
57.1728
33.7587
41.797
160.042
12.0645
94.1183
100.721
65.0075
50.2308
52.7685
21.5284
66.3682
147.782
122.47
35.7096
128.596
77.6741
92.2024
15.4345
83.4946
5.78847
78.4154
162.691
22.1038
196.915
105.186
34.0428
13.5314
116.622
79.9798
50.151
125.419
52.1598
42.538
31.4104
13.734
74.7693
135.051
64.969
41.8398
27.3873
48.9474
12.8385
152.454
426.179
119.255
22.2804
150.582
72.9222
78.4363
117.88
122.699
33.5049
12.5482
45.8372
23.582
26.8098
15.1022
39.5004
19.427
147.385
74.436
52.7785
25.3153
11.5156
196.239
399.431
30.8472
75.0179
35.099
128.626
19.2451
346.236
119.408
255.999
96.96
108.125
82.3182
309.126
122.839
195.39
226.445
24.8194
97.8333
99.6475
47.3465
8.40839
82.1794
94.9955
127.733
13.5794
16.888
107.996
49.3612
48.5508
212.529
16.9618
51.9126
34.5549
49.072
213.081
104.87
123.636
27.122
31.3075
100.856
376.798
58.004
260.929
91.8629
129.637
70.6474
194.771
89.7819
19.4431
115.512
109.763
26.4843
123.641
20.7098
74.5644
115.176
299.906
66.2327
11.965
228.599
102.139
96.2538
48.3677
23.2951
23.1794
38.7983
194.196
87.9333
49.8062
18.4602
305.837
28.3117
6.37625
155.161
298.195
147.254
187.106
109.481
47.5369
37.8599
57.29
291.152
22.1991
222.034
22.3783
23.4641
25.8107
14.8298
29.7983
157.733
38.628
16.6268
14.1263
18.1858
156.777
54.4801
49.8424
7.89771
19.0237
72.7752
45.6312
87.8389
126.144
10.9827
55.3575
8.76982
135.662
144.82
48.5985
49.8269
70.0685
112.558
72.8166
49.5888
26.6747
54.7948
36.3063
245.752
58.4569
162.321
76.7578
188.426
31.0823
116.426
388.246
161.696
50.0924
20.9822
207.854
138.166
197.206
60.6277
46.9914
15.6669
25.6104
42.2347
58.7781
50.7183
42.6977
407.585
227.253
24.7283
126.446
49.9117
49.4302
58.0935
156.142
81.657
60.4576
48.1917
158.168
193.951
69.1879
26.4594
45.4981
179.17
39.0018
131.909
31.245
95.9568
261.144
169.536
10.2539
33.6487
21.4554
275.42
209.229
57.4625
227.02
48.2916
34.7475
49.7155
130.746
67.8199
95.9836
61.1311
46.1374
174.906
59.1359
116.769
54.7174
45.3029
34.2148
23.944
96.2349
84.6703
111.284
44.4643
100.339
80.0849
83.0714
36.8425
51.4533
16.292
60.3644
57.2253
65.1875
17.4859
132.573
118.874
23.308
62.8121
37.8595
35.7158
24.6372
13.6456
79.9172
80.5985
386.664
144.933
185.883
158.07
81.2127
47.7308
32.0745
31.643
6.26371
59.1695
25.5223
49.1052
27.7159
52.7944
16.002
8.30405
102.673
369.123
231.714
10.983
74.2761
131.432
55.1063
172.159
210.121
11.9055
50.4987
105.131
97.1408
37.5894
92.5308
192.894
121.402
34.661
42.6573
217.971
15.7269
66.7069
120.404
162.763
70.5442
90.1212
109.559
69.8283
78.5184
15.8398
93.2344
59.5103
63.2711
104.026
584.233
4.92463
68.3151
181.839
50.9407
38.9082
90.6239
43.3769
158.684
31.3711
511.386
196.683
35.6351
57.2619
52.4804
90.1798
97.576
30.525
54.0877
149.792
31.268
74.14
110.709
79.4172
58.6166
66.732
10.3877
96.9351
133.609
37.3006
27.7261
65.9607
86.2095
11.1416
27.4063
108.243
15.2623
8.97941
52.1884
31.8543
89.1772
147.628
50.2218
17.3917
136.892
50.7435
81.6362
70.1745
100.643
140.691
83.6766
53.9434
144.311
31.5596
167.144
3.83114
100.387
71.1151
6.39021
30.2076
64.8035
119.615
29.0567
23.4729
63.4073
188.589
64.7616
25.2039
102.196
63.5229
19.9996
7.66985
48.1664
33.942
119.678
23.8929
17.8745
157.344
99.8516
66.3737
143.586
42.9107
170.447
36.9289
181.235
98.3689
19.1446
115.202
224.051
121.205
65.3462
20.1295
79.3398
11.5784
528.353
60.9974
210.924
54.6788
20.648
44.593
63.2176
31.9215
35.6185
99.0499
92.1003
46.7348
154.708
73.525
196.341
57.9571
17.8417
34.5908
94.1917
46.6049
144.625
31.2555
126.473
3.90916
26.0782
70.2131
71.5836
35.7885
15.7109
136.156
17.0609
208.18
33.465
144.991
30.3407
169.117
85.3554
27.868
57.3653
323.277
6.8636
85.3329
404.664
269.312
48.7023
8.02236
24.1805
116.8
60.6503
240.59
22.3168
133.116
116.259
30.725
112.468
71.2573
41.3732
51.599
69.8377
37.3881
138.217
172.021
107.73
38.9691
27.2191
16.8857
65.0883
146.911
170.183
166.548
127.329
153.234
194.363
37.6314
95.5229
132.579
14.2745
143.552
154.441
215.195
81.3728
8.27055
57.8998
147.95
211.219
16.3693
50.3407
71.9703
152.998
49.7009
92.4573
240.033
19.2854
56.1848
95.3265
20.6602
15.7273
23.7285
96.523
40.8113
50.0154
158.586
136.954
134.881
85.3134
56.1494
148.614
95.8619
32.2784
40.7057
57.1962
106.631
122.173
135.98
120.454
118.255
70.1121
163.639
53.7523
196.989
59.7725
15.9348
8.30813
24.5177
135.762
73.0093
116.875
15.0807
50.3113
120.053
15.8627
65.6528
21.9974
43.9539
29.5203
234.217
86.1382
38.932
108.402
143.699
86.4594
22.8429
13.4858
29.3303
54.116
50.0588
10.1035
9.38788
47.2204
170.766
46.7755
105.08
70.0043
23.338
41.1074
49.4188
60.7677
179.154
239.646
127.171
21.6306
212.427
78.1272
19.6758
119.206
365.503
59.1004
202.341
339.721
148.042
56.9464
19.9993
36.4005
62.3254
330.086
159.846
148.014
42.451
93.1333
256.07
384.83
58.9515
64.1907
123.377
36.496
198.22
72.9089
117.817
37.232
244.285
42.6995
33.3525
51.0404
91.3738
60.447
36.8728
34.6919
307.447
96.4884
116.157
125.873
140.914
68.4412
38.974
34.3079
88.095
7.7301
52.7166
94.291
10.4971
21.5085
16.1674
125.614
42.8169
91.1855
47.1089
243.629
158.167
31.4286
306.141
92.3937
44.5271
382.496
86.9758
143.332
138.707
135.403
77.1143
31.1693
28.5039
42.1384
212.824
34.0301
52.4126
308.751
23.338
24.6592
148.033
238.892
19.0522
56.2989
46.4844
12.6165
15.666
129.619
127.055
52.7895
58.9013
63.2867
160.066
44.4136
59.9153
81.4112
95.5235
63.8436
34.6178
66.3337
30.5084
82.2139
132.925
160
27.0211
21.0753
64.9144
94.2581
287.291
271.088
98.261
50.8452
356.079
70.3549
60.7467
46.4824
25.1798
111.33
80.8365
21.4355
21.2679
189.236
26.4398
181.178
40.4664
197.566
72.8113
7.7678
236.423
242.005
85.7057
39.7267
20.9976
163.052
52.8421
143.192
30.1708
330.628
47.1869
80.2179
84.4839
77.4957
90.2978
18.598
180.732
69.0718
297.44
68.4475
209.441
4.03136
96.7293
126.831
12.8614
76.6769
24.2809
221.946
46.7197
20.9912
182.508
13.0746
81.7805
79.1
179.314
2.89307
23.0496
39.5088
69.3647
114.078
170.599
221.696
121.349
25.4674
133.83
186.352
39.6823
61.1884
184.902
54.0473
40.9749
51.7529
98.8381
108.609
76.2741
27.8328
32.0968
8.64033
256.12
33.5407
42.7914
63.2172
133.12
140.787
8.47929
186.488
62.221
46.5962
32.8946
89.5174
7.69706
382.139
84.9539
57.7369
40.2647
239.761
32.028
52.5595
360.241
48.4092
155.531
262.019
132.601
17.8483
31.2753
51.284
14.8601
13.3945
8.79641
41.4558
116.234
423.461
35.251
6.50975
56.5497
147.168
134.466
102.833
62.3749
9.95103
19.9581
26.7397
19.6721
25.0795
32.7851
86.8181
8.27129
450.754
158.482
132.309
38.5964
166.901
117.359
93.9898
15.5395
255.664
204.578
117.213
135.748
39.2118
190.253
8.4626
369.958
185.027
85.0214
10.19
154.944
45.6847
30.3944
405.851
150.055
174.906
56.2468
171.926
185.736
12.9749
64.5443
177.248
119.098
224.772
100.42
78.7156
111.639
103.884
20.3365
38.1065
222.036
28.0312
114.556
19.3945
117.354
82.9014
48.4717
69.5106
44.8876
27.8449
264.896
156.158
188.944
147.553
112.417
47.6231
263.441
214.861
49.121
34.6947
121.172
75.8131
49.3417
52.9879
122.103
196.013
82.5866
109.772
88.5751
34.6951
32.3276
56.1304
22.7926
13.8561
99.8831
144.781
56.5356
124.93
136.492
36.4692
77.3129
26.1119
45.7827
65.7828
69.8863
92.1949
386.736
20.2904
296.013
28.1257
166.463
28.2514
110.081
17.5597
103.342
37.4083
55.022
70.6363
69.2104
121.412
382.454
46.2026
159.538
36.1535
57.533
33.3471
124.173
120.748
112.733
32.551
122.787
12.6628
29.0641
74.8447
208.41
106.093
129.737
60.066
43.9994
8.94077
27.1012
23.2148
111.167
13.5458
10.5022
139.119
136.222
39.0347
51.0326
17.7082
87.8796
26.6664
279.693
22.2599
26.0864
58.2445
9.60096
28.1034
14.0054
4.79775
190.148
22.7973
146.223
47.6262
46.6832
33.045
71.6312
102.317
44.3986
34.7756
19.0121
90.8264
40.3027
43.7986
38.4453
209.371
49.4967
180.413
179.011
168.745
226.803
59.8479
179.783
83.1799
24.7151
159.542
82.5429
137.242
93.1293
20.112
132.676
28.3299
19.474
105.073
105.455
399.788
57.1799
98.6239
31.741
17.2669
23.9406
12.7696
62.0757
112.641
143.352
58.2556
67.993
99.5546
19.0889
42.281
20.5456
63.1151
164.855
16.0686
123.426
33.6678
93.4155
20.0973
42.6255
36.8662
69.5951
108.409
28.6272
94.0181
36.9861
146.239
58.6704
91.9151
75.9802
336.623
57.2593
92.1989
33.5771
47.6215
10.2359
39.7889
32.0148
44.7125
63.1029
89.6998
69.4142
8.4354
35.6853
17.3511
15.9045
176.494
106.67
68.7382
134.899
5.42081
73.4372
182.36
204.338
56.7446
125.349
32.8158
22.2198
95.271
69.1057
42.7009
37.1931
59.7166
48.4183
33.0079
77.4992
254.192
171.913
141.656
226.696
97.3892
38.693
35.3635
172.037
504.335
112.38
21.2233
77.3533
160.826
182.88
193.12
155.106
19.6366
20.3551
118.853
90.0081
76.0691
41.8808
77.8498
115.047
65.4991
30.3308
66.2661
36.8757
118.645
90.5761
132.555
109.407
142.879
161.904
28.2584
35.9595
78.8997
131.894
138.65
37.003
222.558
109.311
63.9631
72.6498
59.8805
53.1099
17.7946
155.611
66.7797
34.1115
29.9325
23.9596
231.855
85.828
26.3895
142.336
203.973
198.681
118.134
29.2525
24.5647
13.0086
41.251
22.4064
39.6471
29.582
118.797
69.8946
10.9873
273.631
31.8237
52.7771
105.886
161.507
200.984
164.156
107.528
59.8134
201.445
17.0029
59.8045
325.3
80.4058
90.0208
48.9369
22.584
46.4144
12.9438
197.967
13.4515
101.813
42.0107
122.517
33.9962
184.916
142.563
133.591
42.3586
104.637
37.1716
76.7726
30.0377
24.7141
17.5828
361.653
143.158
41.373
102.778
29.9874
22.3652
75.8697
45.8891
16.7101
5.26197
68.9637
33.1854
86.9346
27.0893
242.199
123.878
22.4115
80.8929
100.498
36.0553
18.3871
223.77
194.367
71.0283
203.699
130.804
195.155
84.6682
185.784
104.707
143.34
29.5904
50.8978
20.0462
66.6966
106.872
28.0785
29.2196
58.2747
13.8491
91.1773
44.7276
65.0105
16.8117
167.01
6.62889
70.3606
84.4752
29.4023
23.2796
21.9205
7.86462
103.506
85.7988
386.008
36.5863
216.933
119.739
107.519
99.108
238.761
64.5949
61.6578
106.574
48.4825
50.7035
6.2707
63.6138
195.366
20.0725
28.3601
76.9998
54.2842
73.5041
15.7148
87.8104
15.9689
26.5185
44.5724
195.326
75.9893
175.461
70.8328
111.958
64.8952
495.398
64.3551
58.9283
54.8346
45.6367
67.8081
70.0012
428.495
45.747
60.4503
75.0474
53.7505
21.516
8.98522
78.8404
69.2745
8.96398
27.4767
52.8471
21.7166
25.1841
143.328
16.9349
72.6445
130.291
115.161
189.19
121.263
28.6997
122.878
40.0921
144.052
59.9129
127.272
45.7691
204.489
170.353
148.291
57.845
50.0428
204.305
56.751
42.299
36.9904
115.83
21.405
47.5694
118.338
35.3494
40.3826
207.964
41.0819
14.1831
23.0331
27.8066
282.461
182.677
84.1448
148.788
25.1513
12.7602
7.51696
88.7673
36.4606
84.8329
22.046
28.8292
191.793
30.4672
96.1127
22.4197
65.9656
32.915
88.6947
108.596
107.149
28.0776
98.7351
117.435
93.7437
23.6068
63.7125
56.9454
21.7136
96.7676
33.9782
37.3117
24.8921
68.4307
11.8682
53.2508
161.308
14.721
8.27722
18.7662
220.824
38.067
46.8761
246.366
32.7734
41.9083
34.1659
38.6408
112.864
87.1687
9.1679
19.8455
33.9151
75.4856
260.153
148.692
41.9095
20.0487
36.1056
21.3614
178.212
100.988
47.3707
11.6556
43.9263
288.022
33.362
248.473
19.5985
113.986
33.5735
10.4065
52.2915
143.011
18.5135
84.9391
54.7012
210.467
27.203
120.891
22.3398
237.157
60.0473
293.799
186.631
140.745
42.2082
23.3
190.097
10.0501
44.6701
135.317
132.433
29.8302
25.7011
107.026
96.7313
63.6611
81.3643
211.767
57.0637
31.4847
52.1095
151.051
108.048
334.382
55.8894
84.3282
38.1533
137.785
209.878
14.9764
43.3322
55.185
162.89
109.212
134.442
8.78208
10.938
29.1314
48.0673
199.219
43.5863
10.5409
60.3171
205.192
92.9188
47.3471
310.08
49.5534
567.958
35.3937
159.352
131.812
54.6252
140.119
196.46
35.5212
6.55343
10.4779
74.7937
111.335
201.534
377.715
22.4178
79.0191
24.065
88.332
161.704
28.8688
38.7801
35.335
50.4688
105.144
48.921
93.851
138.583
123.644
140.289
58.1911
13.4822
66.7905
170.668
30.0172
191.385
30.597
77.1546
20.4172
158.759
70.7292
135.68
243.179
39.7935
95.7552
36.9914
50.0078
138.914
23.4157
276.635
84.329
86.0354
25.4727
21.6796
41.9926
20.3169
20.7103
13.1942
7.83457
6.55129
6.88492
323.314
113.588
43.6577
33.7469
87.6414
247.431
32.3498
43.2597
13.8173
96.7197
19.3735
55.2702
31.0982
63.063
78.5836
84.4553
14.0319
214.215
89.2873
36.7929
144.737
25.4386
33.4893
29.8936
18.1236
136.1
249.236
43.0636
137.086
29.8591
43.8751
13.3362
16.3947
136.705
50.0768
105.015
82.2566
217.588
141.919
62.2654
106.836
57.8755
15.2997
54.35
113.759
98.2891
72.193
22.5002
52.6152
28.5365
257.832
35.4536
35.8219
194.045
118.706
8.55669
118.163
204.078
69.1572
20.3989
96.399
140.034
21.2598
60.0822
34.3908
13.3571
116.24
193.683
14.7012
177.609
79.2608
244.813
94.3389
18.556
325.809
344.699
22.2267
77.0074
56.9291
40.8141
17.7387
211.207
54.4136
77.0896
21.6776
30.9124
45.8736
174.409
54.5748
253.359
63.766
154.637
35.9493
30.4253
105.505
164.108
178.897
63.2506
85.2682
223.469
157.178
53.11
82.6143
44.0074
23.7607
55.9672
97.2958
56.1575
95.4497
115.783
194.002
172.993
30.527
66.0108
11.3592
15.1022
197.884
188.921
43.4734
112.6
17.7919
12.702
21.8345
179.374
15.5499
118.877
109.817
12.5159
65.5156
92.8359
102.658
455.431
18.6177
171.664
37.5052
28.2806
21.8189
71.905
27.3003
192.799
286.435
66.361
62.6087
203.12
110.642
133.083
43.6819
159.755
20.1402
80.6039
171.147
92.9553
356.705
45.1691
33.4813
283.628
39.5905
76.0298
24.205
116.183
78.9778
62.7092
251.411
528.621
39.3609
64.275
94.7442
159.16
119.872
398.851
15.6339
56.9575
66.1288
117.814
57.872
56.748
72.0667
103.574
41.428
45.9432
33.9793
42.8037
289.947
25.8884
133.05
44.1154
139.408
278.764
38.5376
87.8067
19.0956
25.5454
51.2001
157.733
38.8065
47.3314
122.945
147.901
41.0787
25.2382
69.8541
27.8167
63.5313
290.832
28.8312
61.1088
27.077
393.947
166.796
49.9726
10.0514
34.6243
297.059
44.1496
83.4627
636.754
12.7847
36.868
146.378
25.2798
28.2149
117.434
182.239
19.3089
80.4161
313.882
25.8425
132.887
100.755
18.8694
11.7632
6.58547
87.0183
61.4779
46.4803
27.8006
113.586
46.6172
37.9698
54.0231
8.84912
115.783
68.8733
212.311
46.3676
59.9494
40.8719
89.1471
3.24119
78.2108
99.7393
62.8931
24.9338
22.1923
130.456
116.426
58.5822
66.9404
59.6311
61.382
6.44862
124.825
115.209
85.8322
114.367
8.75098
23.5985
99.6483
216.299
8.67519
24.404
5.95027
44.743
103.849
81.0944
264.674
134.068
86.2608
37.6785
166.962
30.2469
30.0586
50.3863
32.8821
5.495
137.227
75.2342
72.9932
48.3238
52.2699
111.89
82.9815
265.485
207.53
49.1087
148.744
44.4237
102.878
26.3491
123.741
94.9726
327.408
93.0314
33.146
94.8751
72.0841
45.321
124.291
13.4473
25.3019
182.676
29.9399
35.0544
63.2851
117.155
168.908
112.151
120.266
4.64312
299.859
37.8048
225.317
20.6579
254.009
112.496
21.1311
5.84792
55.2894
150.587
59.8249
33.5693
200.789
15.8602
46.4198
320.665
70.5329
55.9203
68.4111
22.1563
129.76
207.931
45.3521
330.608
146.101
50.0733
68.7582
256.875
279.173
122.931
88.682
212.084
62.8387
24.5957
81.3988
441.534
106.515
139.324
107.648
55.5569
112.122
56.7505
19.2818
61.1395
25.8023
74.4293
26.9559
18.1825
19.4726
384.173
17.6862
13.1809
140.184
97.2029
75.5339
13.4958
15.5135
246.284
120.03
209.712
39.1228
84.1188
139.771
31.565
7.61221
20.185
29.8948
27.0925
102.512
10.7545
66.07
23.5831
28.1302
15.596
75.0578
66.0235
58.3786
126.792
62.8731
19.5179
18.6582
158.198
146.339
22.2378
21.0588
70.2312
104.096
206.131
144.083
9.6626
12.6454
61.9838
9.68629
65.9876
19.4402
8.79798
66.4545
121.368
37.2041
59.7631
78.6979
142.524
169.861
257.416
13.0331
493.621
48.6985
56.6285
68.3441
53.9021
210.139
30.3814
23.0243
118.876
57.0874
94.0573
28.6234
238.465
20.8435
57.7005
40.0437
179.894
135.828
87.9027
5.66628
98.459
129.214
67.173
46.8979
19.2082
4.79457
358.92
250.732
66.5378
27.4895
118.536
82.5978
10.7232
29.871
93.6411
23.9498
112.926
145.764
422.279
27.7716
35.0201
22.2108
23.4581
185.375
109.744
37.0765
242.37
31.356
119.874
35.4755
22.1119
81.4535
156.926
96.1209
6.58887
115.123
25.2568
38.7612
60.7186
103.801
241.094
43.9496
85.2229
54.9108
10.8277
257.63
104.847
53.6524
60.5283
18.5495
115.769
131.765
101.46
107.907
159.605
28.5652
149.907
71.0482
66.4287
63.1625
51.415
27.3278
27.1731
25.8362
85.2521
5.36444
55.2347
115.192
285.355
46.9448
70.1939
185.684
13.8143
316.019
114.863
22.9782
49.3982
29.0381
112.506
48.1748
144.966
354.161
4.93382
407.104
60.5106
14.4561
171.634
49.4364
45.4218
61.3326
84.6609
13.7152
153.891
133.591
15.2121
124.753
168.523
84.7544
6.65168
88.9917
20.6915
315.619
177.081
130.261
32.2791
253.501
228.738
53.9916
142.904
86.3957
25.1619
28.3182
67.2436
146.336
183.907
166.499
57.04
26.4419
245.702
43.8593
85.906
125.352
29.876
86.6942
49.5791
168.79
62.5637
98.6025
103.154
84.0279
117.759
36.8366
15.5852
213.874
22.054
89.7044
73.883
28.5048
179.795
21.3792
108.041
49.5459
6.92489
76.0234
67.4821
165.789
23.5989
75.6819
181.056
62.3911
83.9109
73.6195
30.6532
130.907
137.487
95.7625
158.543
66.4719
84.7658
92.2216
7.56809
34.5266
16.9804
11.6274
56.207
61.0361
159.439
13.4639
151.63
29.2196
182.298
98.9933
309.112
28.3993
173.48
30.4997
145.022
36.0403
24.79
29.9147
45.0939
130.56
7.94089
9.16558
11.2216
190.038
83.7872
111.66
77.1032
229.512
26.7883
44.5347
97.4966
32.5616
25.1109
64.0376
125.917
120.668
85.3655
77.2706
22.9368
49.1454
224.14
23.392
22.1001
292.332
115.611
115.327
8.38737
154.438
188.041
84.5024
22.9891
44.125
209.062
281.749
13.285
207.207
91.4973
184.526
138.764
21.2906
54.4549
60.6237
299.326
188.776
19.4059
17.0898
234.183
55.7479
63.7743
101.339
54.4771
178.533
402.718
316.839
32.0475
118.707
22.663
72.0347
104.117
50.1824
249.631
99.9743
83.706
7.19433
39.2021
236.193
125.297
93.9662
73.9081
102.956
53.9571
118.281
128.212
249.786
260.177
142.84
114.5
599.413
182.121
78.9378
16.032
264.286
166.713
165.26
11.5863
104.844
82.7087
11.5944
96.009
12.3009
87.7801
40.8701
102.478
69.0544
137.762
109.459
52.5093
98.3006
19.2832
390.749
4.90016
236.078
64.8451
97.1128
172.984
70.1549
32.7849
145.709
66.7807
21.1022
8.64057
79.7067
142.618
26.9815
123.174
39.6385
38.1484
94.6298
9.43472
55.3999
48.0033
62.2093
58.6497
54.0885
30.2236
180.841
226.032
198.37
448.77
15.3792
79.668
117.284
124.419
110.808
48.2824
47.2961
64.9927
97.3919
93.9575
94.1772
77.5234
128.644
56.1842
175.842
184.858
48.0497
84.779
216.391
131.77
83.8965
19.4652
53.0153
77.9021
34.7252
54.0601
261.198
21.8996
186.97
23.9032
13.6691
53.5837
106.453
381.584
191.999
121.148
6.18533
54.0658
52.1131
22.7633
49.5318
30.2557
65.7405
130.138
109.574
14.3345
41.6892
13.5121
30.3138
76.084
38.5699
5.16529
101.392
64.458
13.2921
172.962
43.7518
245.993
79.481
68.1292
189.716
30.4387
13.9207
46.2596
56.8183
122.16
134.8
154.925
322.127
48.9106
38.7008
56.3827
75.8982
76.2531
204.773
109.546
226.781
137.702
38.945
10.8908
71.99
272.259
55.4781
206.974
121.623
150.545
190.811
164.021
190.849
59.7294
264.312
82.2569
62.9017
22.8742
99.6894
201.991
40.4051
98.3772
51.3467
190.977
114.274
132.869
115.825
72.3905
18.6782
171.648
55.1449
16.6403
40.0835
17.8023
88.7703
80.6881
138.419
51.3325
36.9198
19.7811
8.53339
83.0014
14.0464
25.5195
99.9831
95.739
118.211
67.3713
61.1124
15.4021
196.883
60.0001
67.6233
81.1601
33.3298
7.42498
114.235
55.9779
220.734
122.874
37.3567
107.1
44.3521
48.8528
110.156
64.5052
20.0341
38.8559
42.7105
36.6913
157.956
53.4953
42.8729
160.901
171.684
111.766
7.32004
334.033
4.03816
48.0364
63.2808
181.634
71.5279
36.5673
11.1177
58.4725
113.428
65.472
240.289
94.6293
58.4785
42.0178
21.7829
128.39
37.1846
43.6289
16.9558
26.5626
94.2592
129.808
69.0231
50.9945
116.039
205.402
301.097
75.6502
13.433
23.8629
16.1795
242.984
30.7139
29.2486
183.532
207.68
132.877
93.4979
60.0751
34.2312
60.8217
135.95
123.656
107.115
20.9119
70.1835
179.678
208.782
99.426
48.8386
73.0499
104.696
176.647
354.917
535.835
266.461
28.4331
39.3718
66.3858
35.7638
45.4515
152.037
14.5511
169.896
82.4785
142.004
208.221
51.2454
157.22
97.6185
28.3399
62.1678
206.398
89.4939
21.741
46.9184
47.4752
34.4633
31.4637
8.99771
42.2553
379.932
13.7292
544.835
23.2162
55.6621
131.003
117.882
126.087
106.535
95.6895
65.5199
66.2411
24.2011
22.67
19.0735
35.3471
54.9862
186.579
104.601
91.928
195.817
182.457
28.6398
109.756
43.7617
83.0667
15.8413
35.4075
79.9809
31.1421
14.3607
18.4443
50.6329
111.126
259.391
16.58
216.735
75.503
52.2995
138.651
22.0425
29.9583
63.6757
220.696
51.6986
228.133
26.146
131.169
77.9913
42.0961
21.1159
93.2503
105.44
210.51
299.215
82.9134
66.3565
181.725
87.912
77.8898
130.728
23.9715
39.2784
36.5624
57.4689
48.6028
25.7803
8.14108
98.0362
32.0125
303.517
60.6969
39.6572
146.545
13.3814
108.934
217.595
50.2759
157.306
41.1766
170.699
104.246
16.3147
60.0383
190.147
117.936
30.8761
4.84062
19.0096
12.3943
35.5692
186.967
13.7289
107.039
165.64
280.504
36.4529
300.653
51.2563
19.3119
27.2978
25.8807
27.5887
15.0729
47.5926
17.0969
86.1406
5.56896
80.5267
78.5646
43.0305
14.9448
52.7807
68.201
356.499
82.9604
90.3954
70.0716
46.4881
26.369
21.2987
11.3306
107.304
16.6441
108.991
56.1612
25.1617
36.0437
82.0403
21.2478
12.4472
5.85261
69.0671
62.9564
86.9862
44.4132
134.637
49.515
55.7221
32.8104
129.149
128.439
177.64
42.7967
53.1825
93.976
244.486
19.1745
729.579
166.629
138.061
11.1131
116.6
64.452
94.9986
85.4124
48.7956
88.4472
46.3264
273.009
32.1617
220.528
72.5125
82.3413
129.984
101.847
97.0838
41.4374
15.5226
89.2291
47.0725
73.7513
111.995
81.9282
33.2685
9.9445
32.2737
30.5549
17.8423
53.0294
95.2249
66.3445
11.2127
34.2399
4.07808
60.6481
27.7829
18.6933
39.3125
77.0578
69.2271
212.198
56.5293
53.5046
97.0575
167.915
64.5869
119.232
175.198
166.071
143.193
247.882
49.6674
128.835
47.7659
29.0946
307.914
91.9236
75.6963
47.812
90.3281
61.2306
38.2731
28.8258
92.5568
206.607
21.4345
114.269
299.86
21.5496
43.4617
33.9505
58.495
9.98168
7.54825
148.683
17.0678
27.5455
81.5483
90.1912
281.329
121.856
38.8408
150.666
96.9398
13.5926
193.47
50.4541
28.9557
116.399
28.3756
186.993
90.9236
142.659
30.9972
301.854
103.736
71.2483
43.0668
28.7234
164.457
96.2319
65.1672
225.481
130.042
27.5595
139.356
98.3974
39.8283
85.318
378.767
70.5522
238.956
74.5852
77.2786
105.345
41.7362
66.8869
149.351
7.88254
108.027
65.7163
40.8377
14.9894
225.242
91.8734
39.065
214.639
363.108
17.9544
73.2509
44.4956
33.9245
55.4782
83.994
141.78
99.823
32.6604
113.596
10.0047
26.2756
140.636
69.4352
190.391
39.9548
159.932
59.1793
35.9915
51.6267
211.587
141.034
88.5157
84.3415
28.3426
23.5678
21.6283
9.70527
19.2302
13.7236
18.1715
76.4488
122.421
43.2147
51.437
35.2314
108.575
219.462
60.7612
50.167
146.569
319.493
99.617
18.9688
305.641
134.507
67.736
167.995
112.577
20.7316
110.782
43.702
31.9403
4.07738
92.7318
10.7429
66.2679
27.1218
77.0003
76.9609
70.8291
103.682
57.1829
63.7153
105.428
17.4465
17.3263
196.757
23.9885
13.5134
7.20561
123.962
159.276
272.551
8.20224
10.452
83.0491
38.9102
59.1342
76.8919
16.8846
32.8896
74.2864
190.366
3.74871
108.697
130.811
90.799
13.8154
163.806
66.974
149.839
107.217
52.5714
54.5585
83.1933
171.546
174.363
63.4868
129.067
95.6929
123.659
119.87
87.5437
79.3345
43.387
2.65896
37.0018
147.131
170.873
67.5652
247.454
229.204
88.4965
234.251
72.0106
46.5792
6.57735
137.056
85.5621
156.66
364.088
36.2061
64.3976
73.3175
58.0065
188.289
18.0284
112.835
43.5816
69.7822
122.608
26.4197
45.2229
114.959
230.306
41.0842
78.0151
266.721
22.4014
77.7142
77.1731
250.278
128.089
72.9887
49.5181
97.8836
33.0797
45.8706
97.4049
43.4498
12.9991
65.9083
24.7372
33.1495
41.001
22.7806
72.21
108.321
96.6051
91.0712
32.3623
367.509
31.8688
148.348
22.782
50.8425
49.9879
13.9946
87.5859
10.0253
287.371
304.781
215.321
221.317
10.5449
67.5789
70.4159
27.8723
5.08133
112.569
296.828
125.437
7.92418
76.3892
36.9291
23.6445
19.5549
10.9778
7.98827
21.0707
99.7659
94.933
17.5641
59.7871
27.4419
9.50068
56.4604
20.8063
41.4513
85.7632
516.272
36.8474
181.96
51.3134
182.953
75.4483
96.7281
142.096
107.012
16.0265
116.434
307.192
254.479
49.201
58.2886
52.7683
99.871
142.982
91.5719
221.163
19.4772
97.0517
62.1127
95.7072
28.046
104.077
133.869
83.3667
298.287
40.2629
30.7076
168.504
99.4182
50.3576
111.154
112.698
49.91
12.5417
89.1549
39.1342
27.8212
98.9548
200.515
41.1442
134.665
43.4938
71.6905
54.0028
204.799
36.7434
41.7354
266.386
12.5116
24.2363
161.241
169.352
40.9772
94.6065
8.19364
249.405
22.5761
14.3428
223.885
132.696
148.989
169.75
140.007
108.408
58.1286
67.5711
94.927
471.706
290.121
21.8523
79.7821
84.9185
19.198
74.0738
137.085
18.9237
230.174
30.8329
279.336
105.431
101.205
31.6741
131.385
56.7221
250.418
24.5209
8.93353
43.9984
228.871
37.0886
65.2833
16.6518
23.1416
93.6357
27.5742
31.8398
90.0329
109.639
10.9415
45.0268
84.0994
354.23
70.0738
222.927
13.7175
6.30615
53.1051
17.8031
25.8033
97.155
81.5423
59.0549
77.8012
156.222
283.721
240.611
9.6226
19.494
241.371
38.7976
30.7125
31.459
89.36
86.5583
130.221
74.6543
23.0944
10.0164
201.557
299.845
179.627
143.682
88.2517
53.8248
45.7141
9.71498
5.37443
152.941
220.878
176.689
139.182
72.1052
23.3591
238.019
61.2358
136.034
16.5367
66.4043
84.2413
36.9651
134.566
5.88306
24.1779
32.8774
41.5373
35.7288
72.0122
48.6299
10.5135
106.694
221.232
158.708
59.2365
433.75
49.2256
133.159
26.2003
74.2326
27.2171
260.846
199.005
329.728
31.2128
26.1032
92.9112
30.2815
46.0798
111.31
468.029
14.7373
25.262
99.7931
45.483
128.223
279.808
79.7386
44.7506
161.462
17.5706
117.046
153.372
5.99891
241.722
156.784
33.0125
107.212
170.204
612.707
12.641
55.1063
45.2624
109.067
189.584
19.5127
314.585
274.057
301.58
82.2799
44.4334
10.8012
10.8284
95.3221
143.782
90.8249
9.73026
74.4407
180.533
34.2995
20.8927
119.159
203.96
6.71496
44.1761
87.4447
39.7414
86.7713
184.986
9.52706
205.448
24.8683
86.5317
8.89011
75.3194
142.485
73.367
296.178
34.1165
131.994
129.77
66.6949
95.8716
103.427
23.9098
31.1457
369.135
156.738
243.723
204.968
40.7308
45.2597
105.039
106.833
93.414
217.229
71.5384
52.3512
50.8155
25.8328
37.6291
191.783
20.4985
202.217
62.5913
54.2613
153.539
113.31
41.7862
9.58386
20.8755
54.2505
47.9459
155.66
153.697
52.2794
99.6034
385.231
126.222
96.438
348.737
94.3864
29.71
335.633
445.696
128.871
58.5853
26.953
148.411
13.574
69.9161
44.6218
81.7692
35.6932
267.808
40.4202
34.9498
115.86
85.7197
88.689
48.0971
100.697
61.3679
76.6825
99.6316
126.053
56.9643
120.714
187.354
55.7654
20.8005
60.9468
74.1575
11.876
23.1835
166.129
78.7935
7.1326
4.7492
44.4532
57.4347
14.6893
63.7393
116.322
272.662
167.405
72.1749
99.1194
162.001
13.1902
38.5473
32.2956
8.77179
41.711
41.0451
99.9923
149.174
38.3414
44.6858
7.89938
1.87111
27.4149
16.136
20.7938
211.235
219.519
324.259
43.4573
36.2763
50.4967
43.3123
65.297
69.3532
298.624
351.995
46.1692
21.1658
30.371
12.6863
40.793
82.4358
44.2714
13.4137
101.687
49.4341
33.7353
74.355
66.7868
103.536
11.8128
38.9605
15.1296
72.6272
48.9933
157.71
51.5978
307.023
76.9345
134.268
184.383
27.3014
266.751
46.0867
85.909
53.4405
233.055
27.7297
39.2372
126.055
48.2885
127.001
30.8556
114.2
14.6069
76.5549
166.441
28.0932
92.4052
34.5729
26.7116
76.6996
188.487
21.8558
200.282
28.073
69.3008
40.8743
9.16111
201.381
22.8387
80.4757
35.1774
60.7272
45.2037
84.9249
70.7582
98.8604
14.2754
38.9331
238.512
27.4449
38.9052
171.431
39.8847
134.725
31.501
122.94
53.4299
82.2327
156.033
53.0967
238.593
252.882
49.106
133.005
67.8257
7.33207
372.486
34.1347
106.781
16.3192
56.0824
309.77
78.2837
28.0431
169.924
168.397
52.9502
46.5928
54.7477
6.21413
123.827
109.616
50.7293
8.73665
100.096
38.3691
11.677
141.96
77.5323
43.6948
110.955
109.396
334.608
242.575
26.6311
277.397
47.1615
108.428
416.14
36.3062
204.247
104.257
49.418
36.8391
160.132
20.7816
96.3886
66.9856
85.127
9.39155
102.375
67.7287
81.8327
180.955
48.06
234.219
115.596
176.456
25.1888
42.762
77.9897
12.6877
179.501
92.175
81.7725
51.9385
72.2125
33.8749
47.1791
112.82
39.4141
128.849
202.089
138.008
419.657
75.5516
222.491
31.2066
143.968
59.8275
53.2962
212.772
37.4691
287.305
113.298
13.617
127.348
83.8689
197.747
109.67
19.036
124.758
283.444
60.9328
71.0302
10.9149
65.4253
80.6009
352.294
14.0747
98.124
26.4141
115.697
261.186
53.0007
91.3337
75.8258
41.8788
120.514
176.757
112.482
36.8039
65.0752
131.789
70.5474
117.335
37.1312
70.259
24.6117
121
29.9807
22.9116
158.646
75.3641
30.4036
40.1258
34.5233
128.851
15.8702
47.086
87.8642
12.6779
66.9249
51.5013
33.2615
27.6113
141.632
17.2489
67.8027
68.4151
27.2504
49.9083
15.2798
25.411
116.359
141.073
70.184
67.8355
67.3421
22.92
15.5824
214.405
80.1748
58.2019
88.3336
89.0211
61.7109
50.3079
119.72
27.0018
138.741
139.447
122.078
73.4293
128.485
81.9367
357.645
10.2
47.8723
283.447
160.792
109.249
114.937
183.334
63.9278
33.6737
45.3781
428.924
40.0702
44.0523
90.2211
90.0122
6.96182
31.9058
120.234
85.8306
177.186
38.2796
77.6122
111.937
58.5853
231.607
143.383
41.9996
66.5048
62.1248
18.6175
10.9492
41.568
41.4296
24.6912
21.4458
112.369
7.19869
93.1894
50.9941
115.398
76.3134
244.09
67.9492
20.1091
230.423
103.772
19.0305
30.0836
57.5331
18.9898
91.1902
248.542
126.633
64.9811
31.3082
70.3292
160.869
6.51562
48.2961
39.1939
8.41757
127.489
7.4956
86.6647
66.225
87.5713
155.323
155.901
98.4659
93.599
37.6399
68.7458
89.618
31.6168
31.2217
39.488
75.1154
52.6818
22.8592
214.045
62.0137
24.2948
143.648
23.726
172.65
34.3362
50.9908
14.0548
62.1004
11.6642
75.6529
52.8366
59.1744
86.4815
48.0659
102.16
31.9095
323.499
149.658
55.7421
53.6136
23.7689
126.678
105.193
85.9058
9.6339
112.161
120.455
87.5475
105.856
40.0671
44.7443
22.3994
52.971
147.445
46.4762
208.733
66.7581
292.514
18.3494
41.3422
21.2131
206.848
201.088
43.4425
96.0856
75.6912
5.42986
25.9188
24.9217
108.761
118.836
29.9789
38.875
77.9079
83.6259
85.0151
88.3815
76.628
23.7256
116.302
72.0637
26.3331
37.0083
55.3276
22.3225
38.8589
29.7441
95.0959
16.5549
7.50571
17.2147
77.6051
19.9698
160.528
63.7166
94.5218
66.7193
347.986
65.3283
35.3359
63.4491
243.935
157.613
30.3231
48.919
93.681
16.5745
97.8592
11.7234
22.0038
44.3721
13.2292
26.7758
156.482
22.1602
117.614
192.19
83.0263
17.6111
125.568
247.008
31.9438
6.61008
78.2058
7.80523
199.244
23.3144
85.5165
70.1897
45.0822
10.9511
69.6405
18.9764
19.4829
64.2104
23.7469
15.5121
47.9243
38.9499
50.5808
100.988
147.649
49.0645
21.8429
74.7683
81.6342
85.5566
10.0641
5.55914
125.768
18.3625
28.155
22.018
72.4786
67.7936
212.009
14.9851
22.4759
56.4703
49.8006
14.3292
16.2766
9.4637
68.313
30.8697
72.7942
181.48
14.4397
79.0308
148.753
30.3712
54.7775
26.644
49.8516
104.849
43.8653
136.863
11.0878
28.4016
130.726
104.206
51.73
79.5713
9.09972
16.4946
74.7086
30.9352
30.2505
226.725
360.435
12.8808
84.8456
83.8584
259.433
215.338
41.7863
181.028
50.171
213.115
142.546
72.9012
140.051
24.346
159.264
91.4072
271.947
33.0119
19.8066
96.202
101.379
37.0473
21.7855
30.6008
103.831
107.417
31.3229
69.9473
47.4053
13.642
45.1523
50.705
222.23
80.086
110.279
17.3412
293.711
19.432
108.976
71.1949
68.6031
83.6776
27.0403
45.0931
26.816
17.3645
144.943
116.59
10.6222
96.5012
19.7811
32.6042
709.305
110.91
62.9282
424.025
99.3571
15.8696
75.762
14.1569
91.5478
202.268
315.293
23.3401
387.474
52.308
109.415
116.611
31.8604
35.1191
3.91893
39.296
20.2336
168.874
68.1396
95.2371
19.6872
167.012
47.1597
299.692
235.432
54.8274
9.82718
94.4127
154.727
62.3262
100.919
151.937
122.795
102.328
97.5812
38.55
73.5193
85.4246
64.2637
86.9162
4.26572
78.6378
78.2754
55.7614
303.744
85.1946
11.8424
83.9642
49.5516
443.915
27.911
86.6992
25.2546
75.0752
31.8327
38.8481
34.139
23.04
17.1419
26.4872
110.932
42.2611
230.84
25.2943
43.2857
211.416
119.136
99.402
12.2037
89.6072
13.7552
87.9104
135.124
45.8574
188.653
153.313
13.9432
57.7927
25.1217
30.6459
133.817
12.191
76.0582
20.8472
57.9517
241.714
26.6385
44.9576
228.829
31.2264
18.7972
72.6146
103.281
232.011
194.716
52.259
169.737
19.9473
230.702
26.4929
17.407
133.196
264.569
94.3337
43.3848
108.197
31.339
105.701
122.656
60.7147
50.2784
56.6049
20.4326
11.1295
48.2942
50.2598
45.4833
64.2264
202.682
9.72667
62.0915
83.6644
88.279
441.033
19.5879
143.116
183.911
103.603
46.3093
26.4982
115.964
39.4482
108.444
37.7494
9.46964
50.6104
32.891
154.444
55.2895
14.1937
13.6935
209.354
33.6442
25.1003
80.7735
247.113
120.272
145.551
223.242
66.6811
8.82486
14.304
41.035
445.945
64.2817
162.319
55.4073
19.8614
183.189
8.99639
22.0327
36.4631
51.8643
76.8636
84.4767
60.9165
116.422
15.2489
142.846
31.1625
198.828
71.8039
85.3731
75.9801
61.0408
64.6724
45.6127
47.444
4.80137
22.8032
123.71
76.2099
16.7643
37.7292
124.382
21.035
73.3662
63.1629
14.2506
375.705
55.944
38.4291
24.8852
17.8626
118.308
214.38
118.38
38.8893
39.2729
75.3498
77.829
113.533
44.5783
88.3084
61.5838
72.7571
52.2621
65.0853
124.157
10.6606
43.3143
288.876
103.898
93.7855
52.6321
16.1436
125.795
82.3908
33.2186
25.1299
75.325
11.3472
248.965
66.4968
61.1982
194.005
68.2272
11.6765
26.4458
280.767
80.522
72.4441
26.385
28.1374
73.6104
349.269
68.8578
98.3643
34.9186
28.7332
89.955
209.94
28.5536
53.9411
32.4855
17.2145
288.874
98.3161
192.908
22.1216
127.517
15.037
130.003
193.65
29.8961
67.9383
15.4172
35.8564
21.823
32.4738
259.298
26.1114
50.3147
42.1265
46.2493
9.74015
153.008
212.751
13.8428
189.049
9.65909
39.5613
121.599
10.0036
109.466
44.2816
22.0869
288.914
118.942
89.5873
68.1447
30.7
29.6613
103.966
114.176
60.6831
199.19
23.6451
55.2899
232.459
197.037
58.4407
40.0264
47.9633
167.245
48.7329
44.0604
10.1053
72.5968
258.209
43.7663
81.7093
366.292
134.951
36.9616
147.351
163.543
57.7035
303.42
99.4199
28.3805
32.8301
289.498
134.312
38.4392
22.0575
27.2931
238.736
85.3054
120.666
72.0589
51.1316
13.8244
63.0789
274.557
185.675
9.1025
52.6926
12.7128
178.08
44.3679
34.9156
54.9879
148.234
81.025
26.0034
30.1726
152.428
43.5452
78.1384
222.107
91.693
58.6891
59.5183
57.1563
9.02289
130.154
42.7554
35.031
111.344
71.9152
72.4522
59.1475
207.05
88.7462
211.456
46.2945
63.4988
335.39
13.5905
190.084
76.8252
30.2812
76.9915
379.26
20.5477
20.6017
321.375
34.7379
62.0249
94.8753
101.166
99.3957
17.1388
81.9241
20.8883
52.0246
16.5511
49.7482
140.516
10.6308
36.1114
37.6791
80.0672
62.0209
219.164
13.7037
107.849
147.594
17.1423
18.7631
19.6847
33.4833
55.1329
43.0489
141.144
51.7699
190.611
98.886
99.1076
264.59
151.43
24.9654
59.0558
363.571
218.702
335.006
13.0286
28.5486
320.588
91.1478
78.9354
10.5309
98.1455
133.16
92.7579
211.65
5.31485
98.5883
151.424
36.9676
172.243
46.4406
41.6125
42.0967
137.58
190.045
122.54
35.0491
6.72064
178.281
96.0814
79.0027
10.1478
78.3641
78.1696
42.3966
126.988
32.0686
7.42218
100.249
99.5143
154.312
81.0071
98.3811
39.2559
46.1329
179.061
127.849
16.5975
122.765
57.801
78.6512
11.9958
32.8099
178.181
132.11
95.2716
147.523
63.6878
168.825
70.5108
243.582
112.358
74.4839
181.485
7.80687
74.7651
38.6064
42.4246
105.286
24.6254
103.369
34.8381
81.4553
140.781
458.075
90.6308
144.233
247.356
168.158
72.2553
9.74822
18.2211
15.5353
46.3236
15.0174
43.4687
121.927
118.354
106.694
21.5603
97.7234
261.886
61.6711
61.8409
77.463
62.6415
91.2626
23.0108
79.9035
33.5015
18.7452
20.4127
83.371
54.528
66.6725
170.489
60.871
236.445
267.445
19.6559
24.8279
106.426
78.2055
10.4718
186.388
55.7564
37.0891
95.6068
134.244
439.574
23.0055
44.0962
112.784
37.444
340.338
53.9676
203.312
256.272
53.3784
116.4
44.4296
163.329
314.837
74.0595
65.6333
132.096
87.4327
15.2081
84.7976
336.914
58.9232
124.414
135.957
85.6076
114.161
65.465
216.531
232.594
238.443
87.817
33.6361
10.7666
77.9901
56.7922
119.148
33.6376
10.7671
98.3666
145.139
151.639
24.2883
96.5282
100.509
49.4726
54.3694
47.5672
160.962
84.3313
17.211
45.4444
39.8734
18.9784
45.7119
113.157
221.562
113.022
57.8669
86.422
93.9099
51.6003
185.57
102.008
35.7966
19.378
169.741
57.8463
82.8888
99.7631
84.5593
6.46816
15.0668
49.3567
139.611
618.797
51.5796
140.713
19.759
241.342
44.3306
81.0753
113.203
106.825
12.2581
13.9538
251.86
47.1505
23.161
8.50141
137.351
55.0619
60.6926
118.19
62.3104
125.868
165.807
167.951
33.9846
22.4388
13.4597
18.5633
162.995
20.7351
185.685
39.1676
10.3014
92.5907
305.73
8.1536
270.515
50.8489
48.7971
132.228
75.106
56.7627
56.3406
88.4069
88.4693
24.9315
20.7354
63.8373
45.7871
256.554
43.0797
7.84537
90.1508
14.8652
41.807
94.5224
40.9901
25.7012
25.4877
135.322
66.9327
152.468
297.181
244.13
113.212
100.357
79.8051
21.2905
5.50269
169.289
20.9038
86.4804
45.7624
122.639
60.3859
80.3019
75.9102
39.1105
31.662
31.3572
25.3429
133.265
90.4739
117.352
47.1529
75.572
60.7812
60.5677
39.9165
42.2271
163.238
67.6356
79.3283
16.8376
30.2675
66.1361
7.5001
59.6561
37.1065
291.738
90.3197
60.4352
166.964
23.115
28.0452
15.7045
56.839
262.215
86.2241
87.108
32.7029
15.8707
71.5578
73.9383
36.5316
142.909
32.9991
8.55105
108.454
48.5231
135.127
52.1883
94.8826
16.856
305.793
69.1105
18.0125
194.856
97.3485
124.15
25.9675
178.365
43.7348
175.94
233.778
9.0322
48.0529
30.849
10.0649
205.89
27.2269
60.5345
61.954
8.54823
93.1734
86.2063
58.4139
115.931
18.7516
89.3107
36.8544
325.062
134.263
82.8406
9.49058
31.8783
18.5385
112.759
33.4476
129.745
114.446
169.006
13.2234
13.8021
80.7995
135.289
83.666
274.368
423.19
51.5667
83.9027
124.901
80.9392
30.7731
28.2424
129.135
100.169
43.2218
50.8465
103.801
87.1683
60.6596
203.194
299.365
4.17436
17.1584
56.9752
10.7886
76.3323
76.5673
79.0399
75.6
16.7828
11.2618
94.0792
297.652
53.6678
342.41
45.1866
63.9965
209.627
5.78641
279.863
96.1498
378.805
7.10821
12.0452
32.8925
42.9857
24.1115
242.096
74.1772
93.3742
89.5828
15.7332
37.9195
21.4137
208.303
56.933
43.3107
51.649
12.9237
17.3367
209.135
158.043
66.3172
92.5154
83.3535
18.5988
160.461
119.08
63.8347
67.6919
12.7789
20.5884
18.8922
63.7845
30.0822
25.0033
81.7541
4.94914
113.416
207.133
241.709
68.2359
112.991
12.882
59.4326
61.8939
55.6936
71.0657
23.2814
167.758
32.7492
38.3504
35.4396
48.3237
224.908
175.551
11.5355
51.9383
75.2297
21.2617
46.9256
35.262
399.097
260.485
68.6083
13.9275
191.437
103.507
166.062
4.39026
125.995
49.3915
124.328
76.1363
9.36322
88.3856
40.6451
16.133
61.898
169.357
56.836
66.6027
20.1091
356.099
89.7119
21.1938
120.929
89.4875
180.499
84.1655
171.745
45.1764
45.8012
81.849
51.5523
39.8998
79.7183
124.611
66.7409
120.415
11.2515
83.4653
70.9959
10.993
207.72
19.0593
88.0536
128.814
46.186
85.3818
104.344
102.46
25.184
26.541
24.9667
149.728
172.955
14.1158
9.94858
16.8383
28.3115
187.131
170.852
14.822
83.57
38.0735
11.472
236.028
77.5943
40.4001
12.9067
58.9427
209.025
40.3416
104.587
13.4949
89.9892
218.717
153.643
90.9127
213.132
132.356
108.236
114.944
200.829
53.787
190.759
79.5027
227.881
129.78
783.96
106.747
122.195
29.261
56.0207
59.9786
45.8261
190.543
5.95467
26.4772
225.242
36.4761
21.7791
146.861
103.554
163.296
47.1822
37.8773
144.73
184.059
199.875
69.7643
80.6619
116.935
7.96617
66.2098
18.4422
34.2014
30.4049
247.224
12.4354
159.66
81.558
17.8473
48.318
53.6299
122.279
33.8928
9.7189
10.145
62.2397
143.224
103.985
21.3933
28.2234
246.355
73.8036
71.5529
8.08151
19.1177
10.0573
12.15
100.949
179.643
76.753
134.573
52.408
50.0837
41.9406
52.6882
10.2239
34.722
99.5289
125.59
83.9169
26.4354
108.209
95.84
98.6408
14.2298
99.5972
211.694
168.683
36.5357
104.76
167.706
22.801
49.3211
80.0958
9.32691
7.87083
64.4314
186.681
99.6391
174.38
98.6057
90.915
158.722
52.0969
22.826
103.87
44.9801
89.8558
47.5646
166.408
108.203
175.963
163.044
42.0652
22.9522
182.315
22.5318
169.5
109.791
27.6823
78.5205
26.2593
125.153
15.4695
206.578
93.4086
19.4027
35.0143
21.009
22.4609
239.757
17.9818
136.596
109.095
129.825
45.2447
114.978
172.447
20.5248
8.24829
41.0742
43.1986
82.512
135.326
12.8001
98.3827
23.9607
253.83
120.511
33.8462
260.128
126.584
56.5886
202.05
82.0658
151.948
31.8026
285.365
192.052
134.93
127.683
105.53
59.3769
106.577
23.1127
42.6805
117.128
133.199
250.699
244.054
167.109
247.043
61.2624
122.584
99.1302
51.5641
21.2605
286.137
34.788
14.7521
212.859
238.81
542.214
18.8122
5.56591
50.3972
165.216
106.544
4.56355
165.347
82.9612
66.5675
39.2354
16.3672
47.5637
83.597
197.694
115.053
53.3226
14.9727
300.553
181.734
114.656
36.4278
27.2029
186.985
111.458
125.268
37.5958
113.733
166.893
210.39
79.7972
96.7383
33.0642
89.4716
79.2208
253.085
201.548
40.1633
30.2059
40.1025
35.085
64.2362
65.0779
62.5613
211.333
45.4422
304.123
13.6324
13.3048
60.7917
14.2341
20.8882
226.621
29.5698
168.393
39.8126
56.0541
113.116
25.5364
334.957
88.5971
14.3924
8.87561
227.514
76.2715
13.0117
73.7043
103.788
31.9755
69.243
142.658
146.676
217.844
117.567
35.504
7.21157
19.1433
46.6573
96.28
133.147
81.0838
55.6937
138.144
31.6209
192.293
102.492
54.0004
86.9961
51.884
245.199
98.7101
164.869
125.67
43.4988
142.69
27.9142
34.0542
23.6067
179.691
80.8599
31.8586
18.7515
22.324
42.0318
54.2444
167.18
17.521
20.3265
27.2024
143.367
115.993
19.1743
74.4353
202.116
80.3871
265.302
253.845
39.7269
97.433
331.244
88.0685
33.8336
80.0192
22.222
145.228
253.152
23.5569
157.431
18.5507
21.5779
152.474
20.0314
39.0001
109.4
70.0614
118.257
264.646
102.299
10.7326
119.337
26.924
24.3974
144.709
101.2
130.887
9.36138
164.777
335.104
161.548
63.0456
36.9701
30.8131
147.689
71.5145
161.428
208.59
81.1227
77.9362
102.997
440.71
39.8236
130.207
38.4843
18.4682
60.76
464.488
121.959
131.361
87.2357
96.749
25.4543
23.393
65.4452
76.1683
100.79
42.4421
107.508
151.751
75.5127
21.4246
23.4695
78.2511
74.1545
346.943
106.726
131.895
96.0212
22.6492
76.3053
19.5017
38.0573
22.9177
42.9231
28.922
140.385
83.3747
227.83
222.136
46.379
22.0302
88.5812
24.6474
86.0681
44.1229
45.834
63.8925
50.2194
54.0577
121.569
14.984
20.4365
178.307
314.256
255.926
84.6059
57.3329
122.955
15.649
110.856
27.2365
18.1144
39.6136
53.9626
223.211
52.1243
211.573
15.8222
106.413
60.9217
33.2846
28.6796
53.5274
41.518
63.2048
99.8731
109.748
13.0517
262.076
306.111
103.051
158.233
19.4663
51.7127
189.236
44.4942
80.1105
179.389
75.5043
144.795
251.748
57.0217
35.1925
299.253
91.1299
55.517
68.2444
42.9112
249.185
194.529
30.5166
39.2169
304.932
209.01
390.807
193.09
59.9124
200.543
234.859
62.2151
41.9524
290.585
60.8804
38.237
96.3593
108.353
75.0397
39.3982
42.6049
72.4282
49.7958
22.094
10.8784
87.1155
23.4096
51.5929
41.567
137.944
150.988
20.5331
131.882
15.9733
150.174
48.2832
292.243
11.9537
72.0514
26.6735
39.3649
45.8565
35.0344
69.1325
51.619
105.459
289.513
174.639
157.32
101.514
50.1764
73.064
33.7761
9.59555
157.01
38.7861
41.4313
44.3467
43.0605
95.3917
13.1783
41.9639
60.9699
75.4329
18.9564
52.1736
171.812
24.3298
134.072
213.944
34.615
28.3277
52.9122
102.728
76.5296
55.9635
94.6521
183.554
52.9557
8.45632
7.41089
23.9535
56.2429
96.9659
52.9734
117.483
149.146
95.8949
179.702
68.871
11.3659
280.176
85.9712
96.1105
98.1733
43.3864
83.6624
30.3607
68.6595
59.0596
89.9295
66.6859
78.8397
66.9314
77.1236
22.3531
23.6733
194.77
25.0696
8.75075
14.4261
33.1791
80.7481
122.386
93.2681
50.5789
149.697
106.762
135.127
67.7282
16.7432
150.979
59.158
157.356
87.5433
70.7982
16.6712
147.396
80.4092
229.774
125.075
94.6668
62.9417
7.88212
125.6
7.03312
175.742
28.9236
234.189
157.211
165.024
133.16
37.9866
52.5141
23.8304
49.8427
226.921
13.592
44.6185
75.1669
44.1799
190.125
160.347
62.4596
36.048
143.191
31.3169
176.612
79.1144
35.7428
48.3883
67.0693
158.365
113.001
114.96
67.1227
105.122
66.773
10.0173
24.0572
147.331
13.0612
131.147
87.5292
159.532
38.4381
24.8283
190.155
95.2353
133.844
17.439
153.395
136.065
24.2884
18.4794
122.289
7.45444
58.4411
243.032
31.5448
40.4174
69.5341
23.5688
47.8707
138.836
35.9688
58.6495
149.127
33.9741
41.3367
45.0661
224.558
24.1871
72.1447
40.5286
143.932
99.9769
36.6449
59.7803
27.2174
6.9168
233.377
22.4244
61.1072
54.9186
103.746
86.3096
136.885
22.3434
50.1058
20.6055
19.2519
158.402
107.052
45.4861
116.506
271.377
7.71886
328.781
7.44662
223.617
18.8778
25.0502
22.4899
231.418
23.0976
27.8622
153.051
48.4504
161.727
34.0634
48.8694
122.357
126.342
59.5227
120.589
98.6605
151.758
522.365
179.258
16.205
103.012
96.5125
115.344
8.97591
5.60108
44.6058
99.8239
35.8601
129.15
176.32
30.9797
412.555
153.852
76.3027
32.134
125.99
358.869
38.6218
16.4074
63.4555
14.6267
110.653
50.9633
110.823
47.9765
324.571
75.7045
13.0719
245.864
111.505
22.8564
83.1938
83.5884
16.4204
134.646
24.3044
239.091
61.8358
204.598
84.3284
21.0708
133.187
270.954
90.6938
26.1611
98.8983
133.944
18.229
42.3148
33.5757
35.1348
87.7894
59.2665
12.6756
241.836
23.8091
30.1702
60.2082
23.0971
8.68482
51.3387
53.3259
84.6048
73.7268
58.4067
116.181
30.5931
140.789
12.2623
223.213
35.1367
69.9276
161.736
185.037
69.949
30.3294
132.32
165.945
25.9649
107.006
46.4842
187.783
18.3584
41.2469
30.4495
36.5491
126.024
48.2109
46.1096
49.1629
483.364
80.9232
142.913
45.8636
72.6699
36.8279
44.5986
19.8929
83.5273
106.627
141.799
24.0367
194.336
270.452
136.087
119.265
32.0897
42.6579
107.377
15.7414
65.8827
105.785
12.1891
94.2027
43.7207
16.9243
55.5797
15.2952
9.20099
22.6325
25.4716
45.4943
67.464
89.3639
25.8376
20.5755
144.082
85.1888
132.383
16.3547
120.09
131.545
8.4146
207.273
83.8724
200.717
57.6425
37.9533
85.3953
46.4652
138.168
80.016
59.921
38.1084
68.8712
32.6953
19.7193
29.6052
38.6822
25.8421
97.6978
21.4753
26.7522
11.3345
18.4229
26.3118
427.285
80.2117
162.951
61.6012
18.9457
51.7024
68.9813
175.481
295.728
35.1308
403.887
128.41
14.9864
11.8082
72.4628
124.247
101.926
40.5985
60.334
134.49
101.541
9.91641
39.6995
73.937
19.0379
18.7696
187.64
177.833
123.33
52.7652
285.58
112.62
70.1942
25.9146
127.44
78.2422
81.5016
27.9522
280.928
24.4184
99.0652
227.981
214.295
29.5855
45.6129
130.334
56.1826
40.3252
85.9095
75.6939
37.3038
213.8
150.982
154.827
151.915
173.746
103.495
7.71671
167.022
111.74
104.464
21.5631
54.5787
75.7891
211.838
24.5795
7.71904
21.7633
7.63209
45.0891
69.7664
126.67
13.8784
47.132
32.893
106.437
34.1177
122.574
49.0954
95.2212
257.547
56.1885
11.8784
21.2589
220.45
84.9833
71.9365
242.619
64.663
71.7742
416.425
35.6294
7.89023
30.1305
17.7717
68.0056
83.0675
131.435
273.501
36.7446
35.8228
121.814
275.417
89.1687
65.2951
77.9834
53.6518
98.4392
78.1425
56.0717
10.6424
77.6559
35.5245
309.776
15.2222
189.061
76.5926
12.4752
131.808
29.4658
8.22536
132.648
51.4301
35.9876
23.8627
34.7706
12.663
12.7582
142.68
32.3896
11.0616
92.8282
19.145
48.5223
27.3039
80.5417
49.2506
12.2967
99.4452
39.6757
288.718
52.8856
42.6932
14.8807
44.0076
40.6914
48.5169
97.3126
36.3932
42.3881
179.107
74.4625
143.586
99.1135
48.4988
12.2988
11.5507
60.952
59.6463
23.0596
132.96
27.6517
6.26928
31.9507
125.704
39.005
346.825
31.652
31.5906
154.752
21.8157
43.6478
247.703
133.255
22.2911
91.6027
30.0216
49.1469
125.235
26.8346
41.9293
76.0513
265.417
11.7947
35.6663
21.6309
21.0395
93.1801
280.949
32.0088
23.2938
250.436
66.9861
22.144
170.448
82.3575
100.129
141.89
29.7425
156.925
15.0669
78.365
36.6006
272.69
20.8846
8.37827
32.7258
18.593
83.8216
170.423
8.9002
198.404
289.437
19.1643
175.393
225.853
79.8287
32.5058
128.167
66.0087
264.174
16.1032
23.0272
82.0441
310.848
72.8098
56.6252
79.1819
36.0629
9.97324
63.3373
156.589
57.0826
22.8033
11.1592
72.7303
188.529
103.057
83.3796
79.721
101.921
62.3531
188.741
103.477
10.387
250.517
55.4016
71.7536
109.41
81.9599
51.5001
90.304
120.217
44.4542
110.81
88.4945
80.1974
113.244
377.179
18.8093
13.6299
28.7579
83.1314
162.901
27.1937
79.0672
148.79
34.4374
144.836
42.9079
241.239
59.2003
39.0643
21.6437
136.921
105.479
127.664
114.266
60.4233
306.9
73.1013
20.8139
5.21965
18.3422
548.226
236.162
15.198
386.457
78.1855
7.91388
72.2764
23.6226
117.303
119.538
132.437
6.77253
12.0677
56.7712
144.371
91.0162
163.22
95.5943
123.304
169.332
19.2529
147.9
45.4835
47.9111
27.9681
84.8891
38.7241
41.6871
36.1882
260.278
8.7024
25.3797
12.3261
189.134
159.589
81.9021
101.905
164.564
54.545
172.233
29.5825
84.1534
236.758
131.243
156.675
15.9876
56.5581
140.345
21.7647
19.5236
34.4968
133.67
106.722
36.1853
14.1328
105.651
149.672
141.733
25.7755
39.5339
55.9105
637.769
40.6242
316.745
187.643
94.6464
65.6471
88.2381
167.989
33.3144
15.2457
100.84
139.884
158.42
54.8343
12.498
174.647
10.9054
77.3879
21.1486
100.519
215.967
326.671
130.817
189.974
32.3182
44.0408
4.44458
109.1
138.639
84.5161
75.1153
52.4233
8.21781
19.6715
24.5328
4.84041
7.64988
323.453
29.2559
74.1826
64.3788
128.522
155.309
12.8816
187.464
46.069
254.427
32.5642
52.5443
54.4249
84.7878
13.4269
65.9954
20.5381
41.3967
136.649
31.9511
22.0814
29.057
96.631
65.1492
106.458
301.808
22.7471
38.7274
183.133
34.4492
57.3568
148.355
37.213
200.021
91.8532
141.457
14.1844
50.1929
222.692
145.086
43.0675
122.133
22.4533
45.1334
11.1555
56.2977
111.095
109.999
46.5797
18.4271
26.9561
124.943
66.956
23.9889
43.3951
58.6167
59.6171
26.9288
5.08489
192.318
78.813
85.5046
118.976
72.8415
188.675
482.573
42.5999
93.8664
140.502
49.2138
101.464
106.977
92.6394
22.0892
123.759
38.5788
36.2291
24.3171
56.2882
93.3477
12.7355
95.737
110.358
29.7776
211.314
221.644
14.6332
23.2999
22.3305
72.4362
20.8435
186.093
7.46282
39.2301
88.52
153.915
35.8751
149.191
114.076
101.454
17.4764
78.6266
233.522
115.653
17.9558
144.402
15.7188
52.3033
45.5176
63.3601
135.597
136.761
93.5101
68.3413
88.2
114.881
200.683
302.207
12.0866
42.7546
122.024
104.637
188.103
81.2726
100.166
134.219
51.5543
25.3927
133.772
83.5122
59.5139
56.934
5.37922
11.1056
36.3242
9.92508
165.274
125.606
30.153
150.107
82.0519
65.3972
13.2787
96.8158
41.2437
20.0853
27.4239
69.213
54.521
52.764
17.9325
43.747
23.226
27.3189
41.0879
70.2613
12.4038
183.241
29.5975
29.6728
98.3076
209.548
45.5871
234.781
167.243
36.0233
116.562
95.4002
107.629
93.2379
99.3982
176.842
95.0426
65.1765
47.1296
103.066
141.827
63.4838
129.157
44.9859
213.157
74.7859
125.393
32.0807
55.7414
168.082
79.9128
151.969
13.7403
174.088
131.663
10.6491
137.896
53.607
10.5485
46.8825
9.54768
30.7645
70.9594
373.705
224.314
91.4643
144.073
156.206
103.273
42.3592
92.461
198.158
255.764
98.5026
5.77051
88.039
71.3789
30.9775
262.57
65.7252
78.489
19.4666
62.9975
21.7573
17.7337
38.765
29.2158
350.062
42.2651
160.076
32.1541
138.826
21.7978
71.0861
11.6596
23.0672
39.0195
33.2587
13.7761
22.6476
136.48
21.3601
13.528
247.268
35.6667
55.5413
153.734
79.4159
17.4737
35.3387
33.4872
50.328
103.243
62.0252
231.418
15.8602
36.1742
21.0242
54.2259
41.0505
102.226
75.4808
56.3678
26.8721
104.252
22.354
57.5194
41.7818
13.3538
68.6949
39.1328
88.7865
24.6914
151.074
34.0961
52.0205
20.7938
32.4634
80.1007
10.7187
92.3641
17.014
104.8
37.1655
237.199
171.862
40.1697
93.817
147.553
75.452
102.671
36.9028
398.953
45.1359
130.888
140.879
150.266
18.0473
49.9466
27.0252
148.749
13.4381
77.2808
42.961
32.7479
120.671
120.518
29.1021
49.5769
374.308
45.2604
25.3857
127.883
154.85
372.236
63.5921
211.742
18.7232
24.3328
6.69187
223.803
513.164
29.3698
39.4641
116.274
66.3846
55.5851
12.9221
426.699
78.3568
154.187
151.635
41.3588
21.1284
185.113
244.967
43.3851
31.5357
73.9755
66.4155
50.0042
31.8842
18.5877
26.8988
31.9401
209.388
426.245
73.9031
177.06
39.8127
124.729
20.223
23.4731
130.854
98.9418
258.461
42.6585
29.4038
141.583
71.3777
37.2379
261.637
74.9574
13.6181
58.1212
430.439
195.222
8.86475
238.64
199.9
58.364
100.474
320.837
62.0565
19.3942
147.026
11.0151
47.6686
115.164
36.6123
21.7435
110.339
83.411
222.512
20.4909
232.777
89.059
109.248
163.577
27.9681
8.01687
61.9985
104.913
34.697
57.167
53.9832
61.5204
358.035
59.6047
101.692
35.0617
63.9278
16.4562
85.1925
33.2297
120.346
63.3976
58.9698
89.4071
63.8965
43.9249
56.2777
76.1674
48.1742
129.255
214.087
29.884
19.4466
129.731
34.1305
58.3391
89.7478
35.1938
136.466
129.611
94.2127
191.594
92.4784
29.1418
11.6202
101.34
8.4485
64.3249
174.896
97.8908
82.1051
77.2085
233.106
227.37
51.1906
212.89
125.197
75.1384
28.9965
97.4842
194.802
22.4368
78.6984
151.05
7.62596
265.064
103.566
18.141
61.213
66.8669
34.0634
124.334
81.6119
47.7636
239.898
260.488
50.9507
67.1084
139.888
84.5304
127.994
215.87
110.462
21.7084
81.0086
139.583
57.6684
102.63
193.927
18.2371
110.966
60.6031
29.0519
155.939
60.6032
52.7882
5.56992
66.0537
32.2728
26.9473
117.677
62.1118
296.86
70.5822
63.5223
60.7325
234.783
159.675
45.1979
261.635
52.6416
141.221
197.367
16.518
29.1568
141.98
156.264
111.346
63.9253
38.7486
254.767
11.5159
51.4258
62.8421
169.861
213.313
91.8721
52.6865
5.54306
188.189
49.5759
84.1435
140.015
31.0237
18.7864
121.916
153.287
131.294
117.098
29.5288
32.7676
70.7633
130.344
12.8763
43.7388
138.312
17.8586
55.0801
86.4929
9.71855
57.2836
16.8733
163.217
86.1629
28.1829
13.4307
156.113
91.6159
11.0517
120.368
159.216
107.856
25.9758
101.082
42.3324
45.9275
69.6104
86.4668
87.3594
93.0766
69.8195
45.8716
241.746
294.921
8.41499
47.8231
74.4324
33.3927
24.865
92.5594
13.0426
19.409
5.88036
228.195
179.257
65.2465
73.3359
52.9071
49.4605
58.7401
218.274
18.3253
213.315
15.1682
97.0002
266.434
193.369
34.0331
113.752
45.3658
28.2901
142.119
15.1005
223.987
149.743
50.887
20.5353
15.9635
43.1524
27.7953
130.233
287.729
145.441
111.274
239.917
117.158
74.6218
14.1397
27.0322
65.4995
84.9526
244.827
82.4217
35.5348
23.7681
17.4338
110.975
17.3134
48.6661
401.161
72.6217
59.1776
281.077
163.172
84.5651
56.5947
213.446
141.651
18.1931
74.1534
85.9382
108.162
59.7911
276.977
25.7956
35.0387
14.7348
42.4031
91.9999
260.049
39.037
37.8636
72.4533
280.935
191.429
39.4625
111.513
161.834
59.0206
158.331
55.9736
19.0896
81.1234
626.411
58.5272
95.974
49.922
232.601
91.8685
109.627
238.675
105.799
166.474
89.1669
170.351
20.2983
70.0102
204.905
15.7412
32.6444
15.6978
46.42
16.5439
60.6878
48.5499
29.6893
309.286
214.719
108.433
23.3278
35.6362
87.3929
45.452
216.122
180.371
34.0915
25.5456
117.995
135.146
100.391
19.5403
48.0355
15.1573
264.179
22.0464
24.3368
23.9843
30.7
63.385
286.836
90.6099
116.938
151.631
74.0467
102.121
92.0066
28.3337
92.4084
52.2266
273.917
271.243
41.5301
107.61
120.037
91.4068
57.2128
149.122
60.0874
27.593
212.336
41.7174
21.7228
87.2089
148.04
166.73
174.3
285.897
52.9325
227.195
104.602
153.746
171.331
39.3796
82.0085
5.5235
200.682
29.3107
78.1604
14.1477
78.3348
212.68
60.7777
103.772
32.5492
14.6416
83.3561
56.9871
76.9803
109.721
10.034
77.5865
21.7973
34.0947
20.7251
46.3344
81.1531
66.235
49.9863
248.27
28.9398
115.343
51.4717
190.237
169.322
37.4642
173.76
152.568
77.6303
25.6061
40.7259
67.9465
19.3545
103.785
64.7394
189.876
87.6002
66.9088
149.734
97.159
336.347
254.949
149.878
207.108
212.606
348.977
27.2801
4.70645
143.37
323.242
47.7392
14.109
12.2921
172.931
268.249
94.5446
41.6937
81.5308
84.699
69.1584
97.7011
135.343
14.4981
124.778
64.0948
166.093
83.3212
32.0756
7.25501
137.648
33.6119
155.518
19.954
17.4748
179.72
208.921
102.12
142.419
298.13
99.938
21.1614
81.9915
22.8237
60.1902
66.3276
208.831
59.244
47.2451
12.9353
57.1387
199.554
3.55009
97.3258
502.906
273.424
12.0328
11.5896
11.3854
85.1376
35.9471
28.7735
6.2244
96.789
78.8925
117.045
163.759
41.625
206.263
72.3094
57.7091
240.109
782.165
56.1808
145.506
66.3625
31.4077
138.443
30.3972
165.553
21.5526
129.335
187.043
12.4815
79.9498
158.514
45.4368
23.9143
178.472
28.9331
31.7629
47.0047
77.0997
19.6413
105.458
11.1044
19.8661
29.7714
41.0642
67.2851
51.33
27.1829
142.616
86.604
42.2098
26.9394
60.5998
44.8574
74.7926
253.271
25.0046
107.078
62.4628
308.886
361.541
180.393
89.624
84.7602
167.106
232.147
11.5014
224.047
106.374
229.783
314.638
172.105
25.5266
28.8874
19.6935
38.0571
111.013
9.29456
56.5621
23.4688
43.0411
203.589
52.6719
58.3017
74.6606
132.488
37.5994
37.7577
213.239
50.9818
118.127
80.3898
53.9713
22.325
35.3649
119.41
37.679
136.211
177.574
98.2769
18.7028
64.8515
249.08
254.745
34.2858
8.62483
126.164
36.7686
64.0416
64.4471
15.4886
31.347
78.4236
32.9898
61.1097
36.48
47.5598
124.509
88.2342
63.9126
51.3046
418.539
122.984
52.1132
74.3744
138.352
37.5989
24.3073
93.8069
125.456
355.091
43.3046
59.0892
113.578
146.045
30.9909
88.2666
17.288
167.077
84.866
77.3086
121.029
36.459
87.0719
237.1
328.86
145.607
27.4345
19.8406
44.7801
49.9578
16.1508
148.9
28.4393
29.167
45.8944
40.7644
76.4212
28.503
105.925
6.47826
37.1315
65.9041
17.4513
69.195
35.751
6.71748
86.2163
31.9178
290.372
38.3635
181.71
59.6349
38.6461
35.8363
109.38
123.989
70.7958
118.621
42.0186
86.3192
153.02
20.1975
63.7278
37.6209
114.164
29.5283
58.0529
31.9447
54.6025
61.3381
8.65615
188.15
71.8215
9.10918
13.75
172.835
27.183
180.641
287.99
126.669
10.1056
57.261
116.828
202.217
253.535
79.2496
77.437
61.1693
192.28
30.2932
29.4607
105.64
62.8931
8.26695
61.4716
42.4939
34.8592
258.551
10.5399
61.4734
160.831
195.379
88.4559
67.0778
166.126
78.2894
25.6745
85.4024
123.639
82.442
279.829
53.8074
107.414
34.5306
23.5036
43.9519
160.218
194.422
169.744
62.1133
197.454
43.129
39.4597
41.8441
126.988
121.656
158.209
76.6727
210.026
42.8242
13.9529
111.656
92.0926
34.8969
137.696
103.926
263.848
166.816
136.508
77.3657
10.2009
86.0474
72.7619
106.483
161.942
56.0407
6.31809
64.9113
99.1013
96.5789
86.2569
64.0207
8.32343
109.538
100.988
7.38678
231.606
148.799
103.184
70.885
7.87044
21.8932
149.968
51.9295
87.4568
19.1719
106.669
54.1042
47.7837
51.3836
70.0379
44.7776
53.8362
218.9
124.453
81.5145
39.7933
14.6381
104.158
31.0604
117.468
70.6842
106.091
32.5668
284.491
147.102
30.6081
20.8049
21.172
24.3883
114.675
40.5667
124.055
135.971
86.1037
244.657
15.3581
68.2045
23.1208
192.166
56.6569
334.183
30.215
169.069
86.8395
8.20645
202.715
94.4851
191.253
44.3852
10.9578
182.931
55.8018
120.769
6.34658
227.664
21.0391
249.197
125.38
14.5536
92.642
76.4786
221.797
204.849
27.9176
136.007
24.9647
85.0294
237.238
190.697
34.8598
21.2277
14.1407
8.81107
22.202
113.695
24.1681
66.3496
115.186
223.854
33.2487
46.105
347.756
16.3588
124.223
15.079
164.265
46.5835
78.3058
160.469
102.224
52.4839
24.1247
23.4187
204.903
149.923
58.3978
105.737
51.2199
75.4366
88.2112
20.6421
265.369
18.8294
27.9024
194.124
7.68407
93.6366
29.5509
50.6606
19.6089
97.0262
115.344
102.242
239.1
169.933
31.7872
43.459
13.7118
383.437
20.1451
34.9417
113.844
6.30432
73.4466
42.736
31.416
267.703
17.5881
196.975
20.4277
67.0185
26.2022
19.2468
22.3906
37.2598
12.2669
56.8409
18.3566
116.613
40.1928
21.9661
50.6639
65.8745
70.6803
77.6995
309.125
20.5954
21.9284
25.4296
61.6722
31.8134
122.264
53.0976
91.7582
40.4319
61.3521
60.4148
80.8129
134.945
98.4281
10.1622
35.8428
127.908
28.7105
102.042
50.4906
70.9074
233.875
291.63
106.175
14.3219
77.4671
36.6406
455.514
49.0136
49.7769
22.1625
24.2715
90.4676
104.869
44.2646
70.931
56.1019
91.8352
8.42325
27.5782
44.0707
16.3069
88.7723
78.159
342.704
53.791
23.1088
51.4677
14.7913
69.4686
74.5769
67.588
24.5837
66.6013
5.55133
18.8602
26.8749
112
51.494
6.29689
74.118
90.1949
86.1306
121.289
11.3771
164.084
225.933
60.8649
70.1503
17.8825
55.6762
119.389
117.588
65.0488
72.2366
95.937
33.2431
106.39
280.395
89.2113
65.218
195.433
119.497
34.9416
72.5675
114.438
40.9523
178.543
163.33
32.8114
10.72
102.922
43.0974
58.3046
89.0356
76.863
30.4516
105.355
22.5055
20.6767
141.389
84.9474
17.3583
14.3913
46.8712
12.14
37.2759
48.9356
151.559
59.1203
29.8551
48.8645
295.781
247.826
189.189
82.0978
90.9618
7.33619
94.6088
186.249
136.511
119.4
12.4891
61.279
83.1318
7.39316
49.3234
31.1033
44.5482
10.7169
111.571
136.757
81.487
34.6889
123.408
50.8837
25.7908
59.931
45.8305
11.0645
16.2575
6.2028
68.0155
150.509
85.445
46.4509
24.2216
59.9405
4.50414
41.5111
33.1495
16.0384
110.112
11.9971
13.9947
61.1352
27.6239
19.414
137.864
82.7224
60.7921
143.554
49.914
70.8102
85.7851
246.275
33.8191
179.504
168.164
195.668
25.3537
128.24
26.2662
103.803
65.3032
17.7655
33.3893
90.2809
54.7341
30.1559
170.031
26.5994
118.133
191.017
206.357
151.667
74.5325
9.64556
167.828
86.6594
9.61429
38.7003
28.0874
57.6812
88.349
81.3081
211.666
59.333
49.7279
12.1241
8.61306
59.2266
128.548
84.6754
40.812
200.035
56.3105
162.078
35.4365
160.208
13.9684
57.4298
66.6108
55.1081
40.6392
62.2353
279.699
22.1036
207.848
33.2685
77.3535
125.38
107.026
272.829
78.9303
7.45286
152.716
15.864
91.2044
18.8286
65.6092
71.9023
8.35193
15.5605
85.468
268.589
188.073
58.5153
64.2025
32.3717
118.854
69.9898
114.479
113.859
205.415
19.7423
32.2938
36.4587
12.9577
22.9518
31.4824
62.4093
178.731
111.544
60.9931
89.476
85.4976
141.871
260.182
58.8658
96.3408
502.735
270.401
97.3288
155.431
74.189
144.77
60.1249
81.0701
17.3551
33.9786
11.1979
52.4372
59.7709
40.6175
46.6436
25.2212
206.376
12.5609
219.885
78.5437
45.2281
16.5984
74.9584
145.779
121.605
24.1072
332.694
12.6614
12.1625
37.1635
82.222
451.463
127.945
42.8677
89.9079
5.36383
25.7057
171.297
123.647
110.25
196.859
151.453
41.2103
127.032
18.1308
52.0151
225.801
83.606
38.0413
13.3036
70.9999
222.269
101.806
42.8263
17.7973
76.6264
45.883
143.401
82.0902
169.5
158.536
47.4717
3.3587
203.196
55.0661
38.7951
90.5849
53.9943
273.942
121.611
305.409
18.0541
16.9462
149.88
29.074
60.4914
99.0527
72.4457
153.284
270.369
38.2509
59.0477
56.8923
46.8797
31.3825
132.165
68.5551
84.7324
144.994
94.5891
254.549
64.6626
68.435
41.9197
9.81057
212.378
287.67
47.1865
135.186
88.7644
18.9336
27.5252
32.1935
19.7703
54.501
298.061
96.484
13.4315
123.555
75.0767
106.139
141.883
92.5887
247.304
86.1354
178.381
58.1069
129.313
556.275
186.458
115.214
21.764
42.2201
322.867
16.576
78.6256
75.809
375.111
97.0289
77.1276
107.957
58.9228
50.2023
52.9636
36.8364
43.4526
72.7596
195.505
87.9629
318.627
15.4473
17.3028
37.211
83.1486
55.424
43.6057
69.5968
157.863
128.492
31.702
31.8333
70.908
32.6723
39.5292
33.6235
126.724
180.761
100.601
41.4495
25.3979
256.775
50.389
136.464
51.4154
130.187
84.2469
74.3494
251.492
51.3938
71.3052
85.2057
59.0816
28.6463
115.393
343.766
315.269
133.086
126.565
117.038
459.031
87.2266
133.991
26.9676
31.6869
24.9825
141.976
93.1085
89.8114
33.533
57.4223
35.39
41.0969
40.0468
275.072
350.964
12.7788
143.835
18.115
47.0846
10.6029
22.2441
75.4011
123.431
27.4577
102.143
178.6
16.7311
32.7181
32.4916
25.3433
90.7024
63.5773
19.832
205.669
37.1247
108.296
236.329
27.0397
126.459
156.225
165.054
124.278
119.808
266.729
209.691
342.439
40.9207
60.0999
12.3698
8.25747
64.3352
140.27
147.237
101.576
30.9447
51.6664
21.6353
167.964
70.2769
88.9387
155.381
35.4093
62.0499
35.8233
421.102
38.3294
163.685
120.059
61.0651
212.836
33.3249
45.3435
164.888
174.025
117.425
46.5367
38.4175
51.0759
39.6658
34.4824
51.1549
11.8968
53.0838
22.2955
33.1697
13.109
76.0277
116.373
11.0823
201.376
22.6609
130.917
18.4711
23.3404
91.1263
105.754
51.292
62.7437
242.39
93.2141
19.4404
21.1054
267.797
21.5215
115.137
61.7321
18.1001
43.2824
13.4683
152.551
30.8415
54.5777
50.3312
58.919
35.1237
21.0179
198.802
116.758
86.984
325.464
331.229
30.0197
13.1271
16.1699
158.821
25.3519
30.9034
158.682
111.535
68.085
48.7842
14.8929
53.2054
290.531
23.0193
39.5899
115.418
30.4581
42.7227
10.8859
77.0779
25.3363
169.52
48.3703
38.7412
90.9166
112.954
80.8958
31.6236
165.725
33.9025
38.7317
65.2707
140.536
60.3743
71.6329
156.86
94.9854
129.142
166.256
78.1521
43.2229
65.6564
111.619
30.9425
102.504
77.6545
33.2151
65.9144
148.733
17.1011
86.9957
12.983
125.966
16.5296
68.5283
138.663
9.51167
34.4555
104.037
45.4502
116.35
314.808
60.3884
16.2397
132.538
71.453
81.1317
17.9334
38.9707
173.029
9.68301
33.8288
80.7555
40.5231
26.6266
322.777
40.8607
42.1942
72.996
64.4528
4.63108
112.527
182.288
70.2888
34.238
42.4728
71.4583
150.229
186.131
155.29
104.991
84.1939
19.4541
50.411
13.8978
118.483
234.865
228.968
47.6386
11.8593
156.564
114.324
62.513
39.2872
21.4851
232.53
23.0111
16.552
166.322
15.6414
99.5788
78.533
22.6588
25.6538
180.232
32.0621
9.93288
164.306
26.7094
27.3939
33.9982
100.134
87.6095
203.452
17.5892
277.738
83.8663
100.864
15.015
10.1069
13.041
9.408
7.43319
19.2281
60.1712
47.6405
136.802
144.315
106.711
235.918
209.734
61.2509
91.2872
81.363
69.465
62.4655
41.303
86.8037
111.258
346.365
19.9535
90.6212
149.779
27.4943
42.1791
81.4461
55.1452
51.2702
58.7867
151.727
15.3409
212.414
66.4383
49.9755
160.507
71.9599
79.93
107.567
23.1212
78.6162
44.5337
96.1588
11.4814
35.4527
267.15
91.5271
22.7839
144.014
35.9791
32.3477
325.522
157.401
88.1857
106.571
16.4647
83.005
137.508
133.206
163.015
14.7735
75.2509
137.745
139.181
20.1713
119.11
430.155
114.117
7.15314
64.8178
143.603
99.4996
41.7422
62.2384
321.046
23.3859
10.1935
58.4108
26.5731
7.64879
114.019
116.511
36.9064
24.2569
41.5801
36.2807
78.9467
34.5636
35.9104
146.641
60.6944
36.8751
10.6715
47.0288
97.8584
69.832
35.4952
152.484
118.107
61.8119
39.5509
40.083
294.794
293.002
9.26066
156.112
30.3771
6.34108
101.795
99.3863
59.5248
73.4836
51.5255
58.5076
123.876
37.8173
16.9319
75.5833
47.0321
108.764
31.4132
50.7485
13.0724
19.1414
24.9495
89.1759
128.694
97.1325
13.3809
166.35
55.1445
119.647
50.0389
57.2946
141.673
211.887
31.0044
27.34
256.258
79.9919
74.7583
72.2462
183.647
78.8017
354.369
30.0823
32.5872
9.72892
266.063
38.576
44.9792
104.615
8.64
176.183
201.579
73.1953
74.3736
6.31163
155.862
73.4623
45.2076
131.849
195.107
10.2996
182.058
63.8459
75.1244
301.699
87.0951
123.636
75.995
81.25
99.9907
33.142
69.0156
231.97
369.228
119.147
17.8656
42.927
188.952
13.7542
79.5676
264.654
153.156
228.409
210.818
323.642
93.9561
25.6317
319.238
72.6903
196.848
81.7841
115.62
48.9241
54.4623
49.2141
88.3608
47.4014
27.8247
131.681
29.3334
29.6065
70.0477
23.0961
9.86349
89.3753
49.1572
34.0104
288.108
51.1284
67.2842
66.7504
25.0738
74.6761
7.82129
53.7463
107.798
38.8477
98.7799
33.8896
76.6148
211.227
14.6445
103.99
151.856
174.087
23.5075
19.7654
160.438
229.629
15.253
122.826
65.4063
95.7494
163.785
142.783
8.27574
37.857
53.813
308.21
72.508
64.5097
20.0554
20.9383
29.3298
17.7293
53.4584
88.6035
193.22
115.032
70.0796
30.011
163.591
31.64
18.9046
2.56504
39.7712
63.0443
59.195
217.626
77.1575
41.8008
213.967
47.9919
61.9329
50.1178
214.416
69.2072
46.5273
244.009
38.4464
28.5201
24.767
88.8361
10.8193
24.1441
161.826
77.6552
95.016
61.3775
65.478
167.253
57.0597
49.2352
37.1247
64.8993
6.47426
159.872
10.9675
24.4676
12.4632
89.6277
44.3238
64.0664
9.60269
31.9205
31.8222
83.5557
39.6005
47.2652
137.316
127.341
72.4464
129.517
26.1408
75.3198
8.65251
9.68014
68.1714
33.099
105.108
14.8545
84.7193
29.3205
186.191
57.1524
100.592
59.2792
35.7821
10.7271
47.3752
34.6742
192.513
206.574
46.7906
186.054
33.8002
205.13
141.035
38.361
32.4751
58.4102
224.81
57.2403
154.617
41.7235
27.2054
126.075
87.3772
34.6413
14.1279
97.5605
117.115
19.9725
14.0488
8.20639
90.2516
36.2767
157.542
26.5882
109.01
48.8044
95.8325
172.332
25.9707
134.213
72.1789
19.1607
19.3042
228.475
238.762
55.4897
31.6988
87.2203
29.8683
24.5202
69.1485
311.766
151.466
31.6852
30.9552
22.8153
20.4451
8.24942
42.7228
257.509
119.23
198.682
32.4631
90.4813
169.404
15.3188
54.505
103.326
10.9886
229.708
13.0919
181.238
139.698
72.6759
9.92069
265.065
202.841
27.181
91.0838
180.993
35.4332
36.1927
277.289
100.493
95.7296
157.45
191.285
204.929
28.8155
9.20331
108.928
47.6608
134.533
14.9018
34.5786
38.461
52.8151
59.3069
62.274
37.2781
5.1626
128.363
25.3402
50.1584
37.8894
32.1269
233.402
20.7428
18.2015
52.2294
12.6949
15.5542
37.6792
63.4684
6.65162
288.38
55.1058
26.3308
13.5213
482.344
16.7939
63.1881
35.8987
92.0582
246.244
37.3019
53.3024
32.9427
38.9772
46.4728
115.756
72.4505
42.8743
48.5425
66.0959
92.6349
34.3908
13.7256
42.2146
20.7543
231.653
63.3817
97.2704
60.9
12.7449
223.034
45.6635
49.6316
60.2892
28.6842
15.0352
21.1892
99.2494
12.5614
101.479
60.7869
53.7214
73.8324
59.3533
25.0594
147.034
31.184
192.263
51.6425
247.796
37.41
38.0112
277.521
58.7056
130.771
40.6252
35.8146
41.2862
24.26
38.9459
27.4145
93.7547
70.9625
43.5509
217.792
191.067
200.863
89.1998
69.1924
11.6253
42.7759
17.627
233.402
21.0611
227.606
84.6693
6.68902
56.1793
120.004
101.561
114.551
72.5545
31.486
86.5804
113.909
139.266
136.728
26.208
234.289
9.17378
8.12118
7.56909
109.104
41.5625
101.809
28.3061
41.6117
131.443
8.34604
35.7246
80.1165
10.6579
9.14584
8.6046
10.3208
200.189
66.5801
197.688
18.4324
11.4928
31.2523
48.4446
59.1441
76.4363
115.436
170.461
167.183
209.739
356.996
9.02295
135.539
76.8423
38.5211
134.782
59.0255
6.04618
117.471
63.5203
38.1386
92.0106
41.4739
100.645
52.1545
27.0972
250.582
160.382
37.1092
159.617
134.329
99.9491
64.6285
17.7926
128.082
14.6212
44.1335
38.377
174.287
23.0364
43.7744
79.9319
211.419
128.259
24.4914
24.5277
21.9109
32.7192
152.91
36.9452
14.1579
35.957
55.0347
66.4168
14.676
47.9221
72.8226
136.256
88.4558
32.9858
159.907
54.6476
39.8091
32.1658
144.349
20.2265
192.946
348.471
83.9676
148.161
64.4797
208.052
167.902
80.6037
8.99696
101.031
91.1383
53.2212
104.041
7.39882
21.8821
230.255
34.6534
167.938
31.1039
52.8859
67.4998
22.8012
32.4148
20.6901
27.6937
232.809
33.5084
63.957
26.5259
30.5048
45.1675
99.3642
98.7698
23.634
377.551
42.4148
99.5753
20.0406
111.177
68.4954
31.1372
17.8948
24.0293
324.227
86.4831
31.6275
13.7784
138.512
17.4824
43.1794
36.0836
85.3415
82.2063
37.0709
99.0511
9.77733
215.621
265.552
152.194
51.9733
9.93175
88.8261
31.4126
20.2428
133.638
24.8318
20.5932
54.7415
96.2605
220.944
34.165
115.154
181.829
98.7133
84.7411
77.8944
286.288
53.4095
37.8843
11.6578
17.6304
50.2409
10.3824
41.4335
274.708
130.141
34.1267
7.09031
42.3611
19.9402
130.14
50.9231
85.3365
26.764
27.6566
17.8584
114.462
139.625
198.371
25.2678
60.7807
85.2229
124.332
67.0721
161.489
42.3654
21.9981
201.581
59.5336
164.231
44.5888
39.0849
114.522
23.4936
46.2717
36.4779
76.8396
48.9743
83.1539
177.015
97.8099
140.656
31.3109
233.484
64.9906
33.7735
369.55
220.148
238.938
116.825
29.8194
12.3407
178.818
216.524
15.7792
94.537
87.1332
133.219
62.6544
12.8211
51.9141
15.7569
70.9917
122.3
88.2193
105.401
150.645
79.6373
81.4736
74.4149
65.9115
151.075
27.2435
294.51
41.2879
112.975
86.5488
21.9852
94.2978
123.873
111.35
148.425
61.7883
45.3044
63.3249
111.642
86.8854
247.427
160.232
78.1159
229.316
19.4516
96.5185
118.22
22.406
79.8919
18.8928
32.1948
134.006
31.4974
225.947
51.2583
118.491
54.2996
43.2829
45.6948
12.8763
71.2434
211.876
54.2963
25.7923
41.8189
381.563
141.501
38.1136
134.425
118.644
98.1912
183.538
319.535
145.237
68.8997
26.3528
262.609
122.813
58.156
75.8525
38.5269
60.4985
201.911
158.932
17.0882
285.665
109.271
56.5509
107.037
11.0645
151.45
27.7071
129.356
51.9106
42.5382
163.357
33.7132
77.9268
19.2561
209.157
142.823
47.3761
47.7618
12.5736
188.229
105.925
43.3247
48.0962
33.8413
18.4785
33.9181
18.3993
21.8961
24.7518
169.685
172.103
49.8866
93.0808
32.6201
106.419
58.6618
79.809
170.814
60.8928
30.1364
50.0359
137.626
27.6861
95.1611
56.2298
58.5713
326.127
32.1725
46.9883
122.241
110.136
12.405
172.363
85.363
43.2163
23.157
53.0597
39.8073
64.9854
52.2393
81.4424
35.1342
132.157
6.20573
32.4653
170.355
56.6965
40.8862
283.89
42.5624
17.2227
89.1285
71.0505
102.926
104.497
57.7099
12.8002
5.02475
97.9369
31.2797
165.407
11.3552
294.163
112.973
21.1065
136.754
177.841
18.6381
79.9421
300.626
48.3172
268.5
45.9441
26.6894
52.5903
83.4703
24.392
22.948
49.4899
33.7593
20.7369
51.7116
23.7889
136.891
129.522
37.9746
42.7595
10.2256
45.6781
133.676
449.722
33.4131
73.8586
313.14
19.8859
98.4264
47.7378
45.1006
136.628
54.2131
27.7393
103.917
138.787
17.8236
11.8375
125.855
107.683
66.783
78.7316
64.4939
10.228
204.58
39.0023
17.3481
12.2187
198.945
42.8245
239.834
61.6932
185.88
89.0387
41.4645
47.2289
28.83
81.2175
28.0386
8.38502
35.3133
3.86019
117.767
334.858
152.067
122.711
25.9737
72.0228
63.8783
22.1865
156.364
28.6664
170.545
101.755
22.1951
139.142
16.7525
52.2808
81.7329
103.725
154.252
63.4755
10.1485
61.246
278.886
28.9824
46.8093
35.2331
334.719
152.628
109.652
123.403
59.8987
106.268
59.1046
7.95513
16.669
7.65625
117.655
74.821
13.8885
254.134
227.518
40.7818
86.5644
97.7083
49.8379
100.942
34.4334
49.4279
70.8463
38.9081
78.0206
117.96
65.9931
39.8766
227.554
38.5065
154.617
48.6127
143.863
129.344
89.8002
5.23729
83.7864
177.803
124.562
6.42782
73.2584
287.998
112.004
97.8432
24.4261
11.4961
360.127
139.728
199.824
28.3264
134.681
40.3332
5.89843
39.7352
21.797
39.2146
100.776
98.7705
49.3916
35.6513
100.099
36.8148
80.3409
67.8118
10.567
169.46
148.067
90.0294
60.945
134.884
314.156
39.1513
111.942
29.6793
118.982
42.5031
22.0888
37.8972
11.2204
45.5212
237.209
99.3811
188.245
66.7642
3.89954
137.658
88.2592
190.979
55.7072
65.2855
53.7525
68.5775
88.3294
46.4347
89.9282
64.5726
223.678
82.7027
76.0814
31.582
52.8783
72.0695
30.3514
185.039
38.5806
232.772
26.6349
81.1765
64.4514
131.238
181.815
173.568
105.788
107.521
126.921
58.337
186.373
375.364
88.9788
15.9344
84.4927
75.4291
41.2764
410.464
46.3804
249.281
68.8645
186.043
46.4859
28.4946
50.4571
34.448
8.58786
34.0313
36.3685
283.032
276.223
122.083
142.156
14.0267
129.692
79.3259
75.0275
92.2657
114.31
14.5604
95.8239
72.6998
21.61
121.999
17.299
13.7522
45.5211
104.482
59.5808
75.0903
26.5765
67.1389
263.887
26.9046
90.3815
27.8443
26.0339
78.0759
50.592
61.0597
84.5396
70.2574
247.381
8.8801
171.465
87.771
61.2895
15.783
45.45
214.654
10.8494
136.928
93.7593
14.4641
94.1914
65.4467
30.0548
19.9971
354.851
70.5622
49.0914
79.4393
16.7599
52.8694
30.6485
35.7217
181.009
16.3244
116.045
9.90789
29.9711
41.7202
182.655
201.752
203.035
21.6292
181.544
185.247
45.1215
91.5553
44.1007
190.906
120.431
52.9572
14.2629
69.1039
171.983
177.502
230.778
329.963
28.7371
105.773
29.3554
115.688
281.837
54.5463
53.4612
157.944
457.542
15.6853
41.9061
97.447
76.2008
140.569
77.5494
73.5303
209.343
58.9429
20.7575
44.9877
202.857
27.4655
135.891
21.3139
45.4271
37.6606
109.984
54.414
114.344
40.5033
83.7565
77.2889
289.84
43.2512
48.6378
53.0866
64.9083
24.6562
111.921
84.3805
388.661
113.196
30.0644
82.0529
11.3577
148.415
47.2972
30.1042
14.5972
82.9482
245.226
124.423
87.4227
87.1886
63.8999
14.8621
87.8266
363.653
87.5348
165.76
16.8026
30.1126
27.5315
63.7912
124.302
66.9361
127.883
86.1881
16.6047
17.7229
10.5734
279.849
17.3059
146.266
37.2166
436.061
123.335
68.263
64.811
126.212
137.139
24.5936
199.537
68.1474
142.394
45.6088
239.704
57.3874
29.7517
383.888
5.83852
31.8704
76.6632
117.258
153.539
53.2656
5.61881
14.633
66.1605
55.5139
110.958
70.6784
244.494
90.943
212.152
25.4305
32.4292
29.0867
52.0652
101.106
121.103
60.6229
41.2513
36.2337
63.7555
71.5375
58.2758
300.914
177.859
36.4834
24.8528
113.398
98.8887
62.1556
67.2668
43.5343
65.5143
13.8027
19.3216
67.5643
35.2626
65.0572
117.486
94.7555
45.4457
116.082
142.93
41.9332
56.6289
78.8719
188.794
12.3557
28.401
87.4505
140.368
21.594
11.5772
150.478
28.5046
10.8851
166.976
59.5689
215.129
21.6779
67.7298
47.7195
63.3007
127.411
87.8021
78.6129
62.6428
128.717
141.463
105.036
55.1557
54.5165
79.7645
53.3515
146.883
137.84
133.245
11.1939
13.9188
173.117
87.0238
28.1514
29.9184
85.4717
31.4666
85.5861
13.2316
111.114
250.295
27.0894
201.083
43.8256
26.7091
167.117
26.3503
478.51
184.323
110.737
233.523
128.731
84.9101
128.606
34.5154
155.626
71.6912
73.2578
27.401
15.5865
78.9824
21.5344
67.2069
54.7282
16.2383
22.143
22.6361