7019.76
7088.15
11727
6746.26
1204.58
782.022
5831.13
11162.4
6461.06
10570.8
1217.07
2152.88
340.203
10476.3
47138.8
31776.8
3844.45
194.83
3375.26
1443.68
5439.26
42002.2
10822.3
16027.5
7581.85
37599.7
23171.9
15608
40582.1
97.6801
2854.58
22626.3
3357.14
24252.7
6289.83
29474.1
6747.19
4637.37
29374.6
3886.08
14201.4
29640.5
11712.1
344.254
18678.7
10198.7
6020.91
551.633
5610.09
14884
44260.4
10846.1
7743.31
10352.9
4984.64
29546.8
5253.48
66112.4
36503.5
13352.6
14471
2644.06
37580
5128.79
8988.13
17741.8
6496.38
16960.2
12307.1
24938.1
3575.76
29563.5
2491.36
26990.4
701.857
40688.9
24729.8
33797.2
4593.96
8195.74
14397
723.376
14907.4
15691.9
22640.8
1439.47
40201.2
3167.92
11352.2
7071.01
8658.8
2010.27
13199.6
5756.57
1070.77
46662.4
33712.7
24545
23996.8
45065.3
19007.5
30882.4
12946.8
4240.92
3724.13
6851.51
6405.41
1630.66
11253
11502
6480.34
14223.1
28380.9
9810.51
21331.1
3664.22
12613.9
16717.7
22828.3
5477.62
487.186
5471.82
3431.41
19125.1
25955.5
455.61
23457.8
20793.7
3161.26
3482.78
8925.52
7539.64
22178.7
33071.4
1802.47
4009.22
15381.1
41632.3
35989.7
8229.04
20989.2
16088.4
837.993
5440.09
24368.3
19641.4
28861.7
8334.25
511.31
2549.54
28921.3
4633.96
32935
14424.5
49904.9
2488.42
15028.2
13320
4176.24
3614.48
9411.97
13183.6
3454.47
2057.25
3465.73
14825.5
4123.11
13302.5
9523.43
43797.1
13858.7
24263.5
6897.94
26279.2
18740.5
14815.2
7434.63
13517.2
4861.74
53626.7
1144.38
39817.3
23959.8
264.993
17550.8
17181.7
412.831
7071.36
11989.4
7539.43
13429.8
16043.2
17192
7323.05
21066.5
2212.42
34699.2
8169.43
6309.85
189.892
60806.2
528.263
67054.7
63219.8
2510.18
3742.75
1129.52
3514.32
8652.18
3961.14
10101.1
2977.48
18040.8
19826.2
6160.09
7492.76
9050.25
2640.67
7127.1
4005.56
21491.2
8925.75
6559.08
2099.87
2800.29
14737.2
3171.86
19858.7
8405.13
41133.8
17557.5
4094.19
52033.9
4596.02
9001.02
36533.7
6286.12
3066.55
8565.66
3063.37
1116.33
1059.73
7570.12
221.616
4686.61
16919
10834.4
12493.3
29030.2
52124.9
4308.19
407.013
24650.5
7916.14
57590.6
17723.5
2439.19
1017.06
32251.8
2037.6
18578.1
6567.21
32201.4
3548.98
30270.3
35599.7
2195.5
10086.9
95226
12558.5
55440.2
12336
6454.62
29722.4
2594.65
1641.18
23913.2
30632.3
8060.82
11147.5
7026.05
16394.5
5732.32
23702.4
1063.45
12874.3
5328.5
19503.5
12308.2
21818.8
1098.29
10966
3273.16
10050.3
12867.9
42179.1
997.872
10208.6
17741.8
17874.3
14782.4
16038.4
40908.3
11127.4
14064.7
24013.6
24328.1
6688.66
4270.13
20491
6572.4
17052.1
40231.3
4742.8
6259
5639.79
15011.2
10413.5
7337.7
5222.39
40414.3
31345.8
7914.76
43021.3
2192.72
20236.5
6679.89
15891.5
8763.04
56449.3
2850.41
27521.3
13755.3
194.623
12207.7
39402.8
166.165
11489.2
284.974
52902.8
5642.99
2923.19
9500.96
51630.2
5523.1
344.549
17518.6
5776.93
258.263
5950.14
4867.28
25090.7
15992.9
3565.44
26980.7
9161.98
3365.33
17442
45348.1
1984.23
2557.65
2620.08
6074.51
6749.75
28058.6
5280.32
15811.6
10308.1
19534.3
1512.07
44812.5
13413.9
14407.4
6614.12
24098.7
26667.2
355.33
10774.7
24785.5
3962
4663.08
9520.41
194.528
37406.7
21575.9
1245.67
6099.49
20145.9
16352.9
10281.9
4856.46
3168.26
467.502
6363.59
3811.82
680.527
26959.1
12299.4
12345.6
2958.51
19377.4
11278.7
47193.3
7818.43
17387.4
3943.35
785.98
3751.82
34408.2
2116.34
4202.42
35477.8
2349.44
5268.52
3584.09
7159.9
6687.33
15515.7
33238.9
11868.9
4044.59
32202.6
9800.43
22946.8
4895.05
33067.8
64448.9
10871.4
8742.27
5235.94
6337.87
350.608
2835.36
13989
2609.3
3470.5
59141.4
1982.02
18328.7
1871.43
22081
2393.99
10025.7
8917.61
26773.2
506.982
8445.43
28438.3
5778.9
36477.4
17865.7
26478.3
28443.1
2063.29
11204.8
4790.48
7094.91
11392.3
759.561
4035.96
1965.21
12442.3
3262.61
1613.98
16387.3
10101.6
5268.14
3299.25
1244.74
40574.1
21914.2
12540.4
2151.41
5913.48
9684.15
2321.75
21573.8
17174
10203.2
18693.5
24145.1
50657.1
2680.29
2416.04
327.053
5875.67
6102.61
1588.62
6635.76
26221.4
5656.63
14067
1226.08
4515.29
12294.2
1927.8
10784.2
15855
1428.62
23821.5
16484.8
29700.4
28466.1
26960.3
1127.97
10543.9
13250.5
12159.4
4821.32
53113.6
7116.61
4764.46
26288.2
19534.7
10532.7
225.703
4998.65
7364.1
6028.43
4103.55
14774.2
72421.3
34337.7
3199.37
15894.1
1886.04
5729.19
22108.1
11669.6
16174.8
4036.52
1232.79
9083.16
8949.39
8358.74
5676.38
8975.42
6978.87
2602.41
30252.5
21199.5
29361.5
3650.63
7098.85
23381.6
5859.1
24782
14216.5
8338.78
5091.18
12931
679.723
15961
1729.67
27692
58374.5
21366.1
16531.1
1753.23
12420.6
4708.24
3638.37
1005.86
33148.9
11708.6
22227.4
22312.4
287.948
7321.59
4893.52
39592.7
19615
9259.65
16087.6
7247.02
7531.13
17488.8
6346.11
5717.61
13305.5
17386.4
9818.28
1672.18
1452.1
2818.66
13308.2
2202.07
10192.7
17598.6
5783.69
6765.79
12878.5
816.906
9586.61
366.169
39466.2
14303.5
289.508
51626.4
29404.3
5628.07
25997.8
28518.9
4484.62
53972.8
6348.41
16750.7
5638.32
26949.1
55562.8
4846.08
41348.7
21187.7
35894
11522.3
5159.02
41834.1
8636.44
16569
4385.69
2076.44
3371.31
5953.24
40847.4
9204.53
11360.6
15014.6
902.148
2451.4
3041.59
54018
454.111
28892.5
11073.5
39242.6
5814.54
24742.4
49378.1
38989.8
2348.2
21995.5
3130.89
10552.5
4106.54
5116.16
47707.3
3039.11
384.613
2614.26
5317.08
22807.8
10255
281.595
14536.8
73.0043
11100.1
34730.6
972.064
8643.11
9925.15
5339.7
2974.56
25012.4
8691.79
3969.71
38606.9
5297.83
14509.1
1102.34
3199.3
5581.5
7258.08
9514.49
1883
54122.8
19347.8
1064.13
1387.77
683.689
37174
22962.5
23081.7
20183.5
25639.1
25783.4
6528.37
479.996
17903.7
18116.1
5544.99
9595.97
38379.6
57693.7
9579.03
2947.79
11490.1
4506.85
4501.26
66492.4
4588.62
8439.55
12229.8
4459.99
20683.4
124.473
13407
43243.4
457.398
7929.14
26397.6
3242.55
29898.8
2729.9
32268.8
20251.1
4995.01
9381.35
9259.59
11093.9
33289.2
33840.3
24884.6
24336.9
15441.4
4116.69
6448.34
6543.25
8991.88
6704.09
18886
24192.8
2514.57
5947.95
21990.6
3432.15
18676.5
13471.8
6589.26
30003.7
14014.9
16997.5
14733.6
2014.35
44529.3
13863.3
5824.81
49955.7
28530.4
14703.9
3097.38
8432.78
13479.4
8306.52
1140.46
27622.8
8858.41
21875
887.78
2451.58
37762
3095.15
25813.4
14076.6
17206
16744.8
1295.7
23554.8
16964.7
30420.3
27543
461.718
77451.6
13256.7
14925.2
44851.6
4286.25
2902.46
22118.6
500.635
28456.5
2891.67
8801.88
1548.5
59570.8
23107.5
11203.2
13880.8
5533.07
5261.46
465.59
5750.92
17174.5
17821.5
8627.96
4838.13
16279
21789.5
22974.4
5859.31
30567.7
44771.7
27416.5
34074.9
17940.7
63645.1
23712.9
5264.82
1611.87
12808.3
7208.61
5486.25
30817.5
1885.64
5166.17
573.82
6474.15
25101.5
7506.39
2789.19
6499.47
3582.85
16263.8
12447.1
25466.6
767.423
20376.4
522.065
19096.5
1818.77
10915.8
48740.4
4653.12
7952.04
5145.95
36288.8
4102.03
19355.9
42291.7
5884.33
44679.6
11787.1
29570.6
5261.17
8495.16
27630.4
17325.1
16106.6
238.292
6884.08
2699.16
5608.51
15876.1
6490.87
37999.8
17281.7
20023.3
28037.1
10731.3
12269.8
4346.89
34783.1
6238.74
48263
30799.6
25438.2
16414.6
27442.1
48283.7
17520.1
933.124
11913.6
14494.2
5370.68
11702.5
12434.5
4410.14
6200.01
15611.1
16375.9
36637.1
20116.9
19247.5
8097.3
16391.6
11192.6
7645.76
7249.83
2814.74
30831
12841.9
608.867
6369.19
52904.7
16969.2
16209.5
10463.8
138.585
6337.52
10551.9
908.623
34919.3
1411.4
6292.79
7871.79
7320.53
2974.87
22055.2
11678.6
4942.38
3110.78
6213.72
14141
11356.6
29385.9
24563.5
20581.7
22187
14937.5
50398.6
55256.4
24730.8
50448.8
3458.24
8351.08
22937
10538.1
129.408
13518.3
12344.7
19763.5
6772.41
10725.1
42812.1
21488.3
10354.8
6116.01
4083.4
4760.28
6604.57
2113.08
23320.7
15581.4
7614.84
10671.7
8515.63
17897.7
45829.3
20360.3
6793.15
16677.9
12173.3
50278.9
6778.61
3579.59
26638.5
7154.5
8219.33
8672.46
4693.9
153.018
6763.51
5627.38
5444.59
25134.3
14418.8
11905.4
7393.53
6254.77
58520.6
991.183
3878.33
26890.1
29009.7
3463.81
3408.08
15167.2
9043.12
15820.8
3778.96
12971.2
68930.5
4634.41
1137.07
1599.57
10398.8
19612.3
6986.39
9667.45
17173
118.907
19898.3
7085.02
10568.4
12434.1
5664.48
683.416
35919.3
3255.45
11831.1
13350.3
27934
2559.68
995.775
36098
1483.12
11470.3
27368.5
8093.61
8584.38
12016.2
4181.8
3980.81
1691.36
8312.3
8137.44
47163.2
12040.3
23161.5
2750.17
13416.9
11138.2
31345.5
6542.44
73355.2
4931.49
677.852
4055.76
86194.7
11693.8
4186.11
28833
846.433
2703.66
20771.5
6452.13
9258.41
23777.8
2280.32
2534.02
47838.2
2426.51
11383
3786.48
10952.6
35815.6
4411.48
10246.4
8294.22
1791.43
11484.7
4718.75
7938.83
591.552
5026.71
7888.1
5475.31
24075.1
9069.92
26681.6
1447.66
2055
22256.6
23709.1
8437.84
17019.9
7205.09
2064.68
2273.6
8035.12
517.178
8695.68
5766.2
46770.7
6669.65
30992.1
8389.49
9228.78
4145.64
12811.3
21097.4
8136.13
11937.9
713.147
1844.98
18733.5
2061.61
13032.1
11471.2
2287.66
6079.97
3514.55
10111.7
1352
22258.3
7731.67
5365.59
506.801
3878.61
4265.44
32359.9
25181
1792.42
3114.96
2456.5
14489.3
16773
3187.08
17788.3
428.012
11822.8
20364.5
13617.7
51691
36281
5001.91
49609
35769.4
9316.05
19387.9
34647.7
6680.61
26827.6
10056.2
7519.33
29071.4
2270.93
598.673
8232.32
4059.89
3399.57
26922.7
1743.34
9320.24
1817.59
18878.9
26053.8
55086.3
23275.5
484.405
20898.9
23455.8
13524
11295.4
44050.9
7473.94
15666.9
39363.8
5969.56
731.609
583.049
8870.76
17993.1
10250.5
23196
21643.7
8866.26
8445.23
11763.4
14692.4
10826.6
19504.1
4123.58
15127.6
4128.73
14225.8
1680.49
434.267
1493.42
5038.25
17898.8
12673.6
5825.48
19640.3
22456.8
2798.66
6545.17
6036.66
9627.75
20348.1
32318.5
20427.6
2644.49
2856.67
28647.4
22152.9
6055.08
28310.6
4337.15
40392.6
38158.2
39251.4
12599.1
14616.2
24285.2
39611.1
47220.7
10195.6
16572.5
7853.31
31272.9
1321.18
45548.4
21424
16918.6
18454.5
1531.56
10267.5
46274.8
18975.5
5551.74
24917.2
5632.11
35253.4
26549.2
9967.32
881.192
31908.2
1996.69
11545.6
814.493
25411.9
41554.2
15687
13153.8
9399.76
5767.72
10840.1
17059.7
22436.9
31146.4
28956.5
13011.7
13119.8
27587.7
29103.2
1997.58
19129.8
150.311
20666.5
12437.4
22274.6
7019.13
3546.95
1294.87
25500.6
8092.95
25341.3
24353.3
166.36
21248.8
1845.13
3194.28
652.123
51989.8
14146.3
15573.6
5424.76
10698.4
15163.4
568.952
16034.9
1073.67
9122.77
18160.6
21524.3
8717.45
19964.4
49130.2
1748.58
4984.75
12609.6
7128.72
9687.04
1918.38
36304.3
14642
19016.1
103249
10582.9
27268.2
2875.39
175.183
31904.7
10790.1
5233.91
6633.25
31999.2
70295.9
9339.98
3552.3
11256.3
2135.61
38931.5
32968
6031.77
1119.92
1649.34
60242.7
2829.09
50923.4
18056
12837.4
6571.34
12747.4
12648.6
20228.9
13444.7
2700.56
11426.8
18030
21616.1
2335.11
4290.57
44246.8
50849.3
172.469
19505.5
2259.38
19521.2
7789.52
34770.9
5139.91
22426.3
20019.4
18859.3
8001.19
2963.95
7043.55
4165.66
18297.8
5851.91
16208.1
14947.1
1394.28
20832.7
19206.9
34373.3
12114.2
13304
921.098
47943.1
23848.4
8692.23
6706.8
39402.3
5536.4
7225.41
9476.44
119.097
56453.4
12799.5
20894.2
29570.5
11139
5021.4
8357.96
7251.71
7716.89
12573.6
8721.55
33754.2
4150.47
14266.7
11291.3
31591.7
28155.1
17965.3
9786.98
25699.6
20005.1
6590.01
16958.8
7396.9
66957.8
52475.8
30348.8
1402.9
33849.4
1106.68
16089.5
38675
9327.27
25945.9
12587.8
105559
8476.81
10750.9
12994.3
8368.55
2444.41
20913.1
8784.28
13535.3
322.888
24990.8
882.774
29091.1
19162
8674.24
5032.74
16575.3
3088.58
7453.54
35393.3
12598.9
3074.31
14009.7
2439.48
612.441
41251.3
18661
16266.5
14394
195.539
2067.76
35804.4
56521.4
1252.15
9647.5
7007.37
31210.6
6573.12
15751.7
2739.47
3739.25
17347.5
39374
50151.7
4865.52
33737
3385.52
5469.82
22273
43495.5
22527.6
15860.2
18163.4
5732.37
8986.36
14080.1
9160.92
54075.1
6966.65
2251.16
8588.44
20342.3
12635.1
8474.77
59556.5
5846.65
76240.6
12968.4
8827.28
3902.31
7686.14
38183.2
10451.4
10952.1
12828.7
13434.2
30186.4
1618.44
5792.08
21153.5
23239.1
8112.84
1251.99
26888.2
6591.25
21461.5
7517.93
26525.7
45120
1039.23
6378.83
21541
11207.9
3293.12
13743.4
31018.6
25078.1
34021.9
32520.8
14455.6
9204.22
18275.9
24185
11644.9
1660.28
20081.5
11253.2
7926.88
1782.44
28748.2
8927.58
10203.6
6385.98
8885.67
1184.29
2053.76
21518.7
44739.6
24645.1
14948.1
19987.5
1201.95
50688.7
3311.16
13738
30566.8
5143.45
96258.4
1131.66
9917.38
1074.84
3832.93
699.38
15423.9
1617.41
19710.2
1287.73
22010.3
26332
5664.12
7134.44
3499.77
4260.55
9802
14911.5
2576.36
26152.3
10682.6
17114.9
11126.6
28307.2
20720.9
4698.01
22284.7
4836.65
1941.57
13590
22604.7
18910.2
13819.8
31924.5
13131.1
32043.1
3460.73
2978.42
35017.5
2683.85
17241.5
588.003
37524.5
1025.47
26359.6
2246.83
4723.8
742.861
15621.9
16382.4
922.098
8982.63
3524.44
6280.25
12438.6
2385.57
24633.1
30413.1
5501.92
1912.64
11738.5
365.903
1078.54
4327.48
23372.5
3186.17
11863.2
17903
8391
2748.75
14620.7
5428.81
4826.62
12832.8
7293.57
6339.94
15551.2
10127.1
5683.7
699.062
33170.6
3890.41
28669.6
4657.22
6711.32
2118.4
2542.84
1332.53
9376.4
3829.28
10243.3
21954
27271.4
20242.4
6890.86
3684.07
13130.4
2272.04
17693
6941.91
2417.59
1773.08
10993.3
4595.22
31704.8
182.495
2418.24
59766.4
16328.7
3132.76
555.501
20790.4
9770.96
7527.2
11395.7
17563.5
1923.71
9335.96
20367.9
2138.08
20939.5
40511.3
6076.48
1914
4641.3
3929.53
1586.45
71399.3
7713.4
17549.3
17615.7
17627.7
18325.6
1091.57
48839.4
3433.52
14038.1
10162.1
4315.5
48663.9
12735.8
41352.2
33769.2
4464.09
12529.7
24332.7
16512.5
3413.1
22687.3
5623.11
14597.8
33176
12716.1
67031.6
27613.1
8408.54
2932.19
3257.18
2260.77
21384.5
5561.28
5745.91
1726.37
32284.9
3916.43
15039.6
28436.8
4426.11
20223.6
21420.4
3926.11
61845.8
5327.33
5261.43
3193.11
4383.26
24445.9
3992.07
16487.1
5775.51
8749.89
5397.12
15522.4
2944.21
89.5706
3180.66
4234.54
1142.52
3875.87
1439.14
18848.6
6532.95
37310.8
17806
19287.7
942.784
52390.1
9105.23
87634.5
5383.33
4144.74
4973.8
3487.58
32035.6
11678.6
8967.56
13860
30981.1
7148.94
12075.2
6558.76
12424.2
3487.59
21625.3
12999.5
31170.4
9856.45
10891.3
10951
18802.7
24718.2
1590.77
4296.47
54107.3
44137.5
16064.2
1843.68
1259.68
1299.53
778.907
24986.5
11022.3
24145.1
2455.2
2053.3
5099.81
2295.76
15959.8
16447.6
42948.3
21046.3
19224.1
3650.76
17523.2
3025.08
8772.07
752.059
3813.09
19310
31213.7
5324.35
11285.4
14485.6
9616.74
7879.26
2638.43
251.007
11277.5
13402.4
12358.5
17350.1
15230.2
14210.7
7201.91
6979.94
420.75
23264.7
8312.03
1782.39
10087.1
6003.1
21818.1
10340.1
19820.1
32427.2
6723.96
15033.7
1491.96
58002.4
71823.1
18811
23868.6
4185.78
7080.71
47978.7
4860.85
3323.81
10817.9
3068.59
1521.41
18890.1
14172
16275.6
3259.08
10599.3
3016.09
6283.97
1282.83
25800.3
1740.09
1657.19
53377.5
10565.5
4404.12
5192.6
11488.9
10580.5
15892.9
19601.3
44714.1
17388.8
4250.85
2106.79
883.691
3397.56
9760.42
1358.68
25378.8
254.337
46438.9
7485.21
10960.7
29332.4
14878.9
9314.62
3850.07
608.692
7048.27
13805.7
8482.01
12761.2
201.669
3856.91
1694.86
28188.3
27782.8
2508.74
6781.12
3805.99
73925.7
10403.4
38269.4
15232.9
979.793
16951.5
11045.8
30795.8
9156.29
28961.4
26260
7078.64
1221.75
19402.7
3685.98
5232.84
42870.3
13491.5
34582
7362.24
42385
9283.12
33758.6
5508.36
17820.3
5271.43
38012.7
416.955
3991.07
8398.73
8444.06
6910.61
2843.35
6376.4
269.162
9278.04
1561.2
107891
40039.4
50361.2
11867.1
13608.9
2890.29
10619.2
18293.7
1102.34
1663.07
12263.4
10890
22739.4
16457.9
2061.35
17756.1
10833.3
7589.08
596.743
20550.5
29590.9
15639.9
1942.99
3345.01
2401.21
14057.7
4095.73
400.328
46915.4
57.4893
16539.4
2854
34202.4
25346.7
25287.7
10651.9
3309.83
4153.29
36702.4
8190.24
20187.4
3653.02
1556.9
4281.57
6013.94
8281.09
14684.2
9782.4
15561.3
15945.5
5188.27
3380.21
7226.56
16167.9
21614.5
6737.79
46416.9
7918.37
13017.5
9694.37
8712.34
335.16
67668.6
6745.75
20912.9
15179.9
34635.3
7504.56
10288.2
1456.59
29866.1
4865.69
2078.11
18034.1
24948
10131.6
14002.1
2168.71
12847.1
19776
1667.12
28002.8
6505.9
5937.62
5862.82
15879.7
13103.4
11285.5
21443.2
38296
8683.7
1120.2
3166.09
2799.6
16656.2
4188.43
924.986
5941.47
27576.8
4930.87
15107.5
13920.9
2735.29
10076.7
10270.2
5290.45
15723.4
15497.2
5425.02
13121.7
13811.8
4713.02
5867.12
7178.5
841.943
2223.1
7567.45
63525.8
1597.53
3423.45
1660.23
24291.9
350.632
9398.59
22641.3
4056.77
9036.77
10791.8
944.174
11500.1
5532.12
14882.1
13354.2
69787.4
5755.61
2220.25
50659.1
25205.6
27591.8
189.709
69380
12984.6
22987.9
13833.6
47590.8
8638.83
12223.3
376.875
173.037
15346.5
38424.2
12929.4
1112.8
476.342
5996.39
1617.48
1147.57
2086.68
22885.7
8085.36
24083.6
24228.3
16992.5
6294.82
19921.3
6830.65
1767.52
2139.52
1782.9
2803.28
29536.9
8934.12
2728.89
7822.51
26567.4
11493.4
37677.9
19183.5
8896.23
10139.2
1454.2
13531
3330.5
19636
7978.2
11672.2
8108.49
25904.4
648.677
19875.8
19387.7
2186.91
1058.98
1534.97
19374.4
20331.5
740.601
13410.8
2251.87
5003.42
155.163
15245.3
4652.32
2107.28
2701.92
19346.1
38235.6
11580.2
4071.48
1003.73
8004.99
22005.6
7236.79
37017.6
791.865
8466.72
13283.5
2392.2
59717.1
6414.03
1510.46
6806.73
5905.2
5803.45
2531.39
7765.21
17065.5
10780
8493.77
67541.4
1342.88
1740.64
26807.5
3865.23
11865.4
9759.75
38377
146.933
5286.4
5501.72
2920.13
5099.95
12354.4
18024.7
6635.34
13239.9
48874.7
5808.04
8763.09
21452.6
1876.72
4190.62
3826.31
19504.2
5628.2
3322.49
2594.98
1176.17
11292.2
446.346
7622.36
1963.45
375.248
738.653
5824.85
6169.7
18399.5
18403.2
21258.1
267.732
7388.4
3225.46
23177.2
594.969
14059
7664.74
3392.37
17662.9
4253.7
87275.8
20350.6
3338.25
13691.2
20349.1
25991
10428.4
12823.3
16905.4
21304.5
5342.91
7615.32
15835.7
42839
8619.12
11845.9
8573.65
3329.74
4129.26
4985.02
1098.09
4424.33
12843.2
329.346
4736.21
5223.14
14215
18784.6
2119.93
23821.7
11433.6
545.365
34885.2
1501.51
2244.71
4369.5
690.704
9520.26
29522.7
39192.6
3422.1
10337.7
4623.75
41679
9870
4422.52
36109.4
9864.29
27668.7
3021.22
26518.5
10942.8
6631.56
14878.6
3606.18
2241.83
4006.27
505.372
20987.5
8937.19
13075.9
2185.29
18632.8
4690.06
5773.42
742.152
395.391
3403.13
14318.1
1288.45
1476.22
25960.8
2422.59
22854.1
6021.81
10824.4
4556.61
16669.4
15292.2
4986.37
11900.1
1366.04
9281.45
5593.05
23019.9
21828.5
13373.5
2019.8
13429.2
58025.8
2532.68
19518.1
1671.8
526.346
9585.61
6690.08
10687.1
21469.5
20534.6
716.896
27737.2
6291.37
14652.9
44695.4
15043
1798.11
48496.9
6442.6
5058.89
1172.78
7128.19
4920.11
16101.2
1493.47
12237.4
311.545
22733.4
25841
16591.4
10666.7
11736.9
7049.29
24779.6
3583.78
9861.42
8837.62
22995.2
7441.51
2863.26
912.773
14670.6
3745.9
21883.6
1779.15
13117.9
7787.02
33431.1
41835
8158.82
9061.81
1857.16
4623.1
24320.5
6867.03
6287.66
14392.1
14795
630.013
4780.27
1794.81
42007.9
7460.04
12219.4
1812.83
17217.3
3160.35
15388.2
197.804
5227.84
495.465
1661.93
37692.6
1424.4
34249.1
7722.72
12240.6
13132.5
37738.1
18147.2
2759.67
15296.5
6896.52
18538.7
11186.5
4427.87
11232.5
2038.21
7355.1
1794
6670.88
6516.2
10583.8
21437.2
15132.7
33894.8
29318.6
2074.59
8378.49
11264
9248.45
23474.1
10058.6
4404.98
8394.24
11031.1
36927.5
2356.47
8112.05
8201
8962.54
22122.3
4840.56
25391.9
2850.59
698.908
31416.7
9221.16
2840.28
8439.2
17933.6
4773.96
16143.7
7207.94
1863.28
1314.21
1976.88
42050.2
19380.8
15381.3
44496.7
915.563
7213.71
2214.28
20153.3
13619.7
2893.45
170.921
22368
4299.93
5535.43
12290.1
12577.8
5008.06
28122.5
1753.01
19810.4
1591.17
18526.7
3616.55
11754.2
21277.9
3352.05
14438.2
3551.07
20818
1536.96
3181.91
8187.51
28991.7
467.391
6841.92
5827.65
71615.1
4506.21
7861.14
6413.7
2464.47
3228.1
15120.9
488.793
29218.6
7981.31
17408.4
24811.3
11405.5
1174.26
7704.56
25601.9
13466.4
17901.7
35083.8
2820.87
23994.1
25195
7923.32
11199
6128.38
24917.1
8477.2
11304.6
57698.4
25644.9
11649.3
4279.47
4863.51
56090.3
8748.8
2052.65
2994.8
26637.1
5747.06
11560
27315.1
34316.9
6493.7
24989.2
957.918
29079.1
24205.6
1153.54
25431.7
11177.1
45990.5
6605.5
6790.05
3864.72
37680.4
24191.5
1205.02
14941.5
12300.3
6128.23
3463.73
10927.6
6884.23
4071.14
9558.35
3277.51
22903.7
11743.2
25540.6
6814.02
887.806
19547
10660.8
34776.5
9626.43
2079.53
4185.83
15383.7
4389.64
1208.69
24465.7
12288.8
20300.5
5917.58
17966.6
8330.92
12369.4
21934.4
4725.24
6156.75
6439.34
10624.6
13120.5
3244.45
47654.1
27366.1
6086.03
14050.2
9184.46
12107.9
1221.39
14021.3
8835.4
12987.3
5531.29
2684.61
18880.1
52180.2
4676.66
29274.9
7841.29
10934.7
1626.2
2951.23
16049.8
9554.09
805.322
27023.3
6683.23
5340.93
10510.7
14133.2
25045.3
35873.7
3335.8
7378.02
36130.2
7061.76
3479.5
19722.4
2825.26
18855.9
26041.7
1077.17
19040.4
14717.9
11417.5
11276.9
27146.9
12121
2726.48
2805.01
11946
499.034
1499.7
15011.6
6520.46
24474.4
38154.4
14692.9
21381.2
24115.7
630.72
10252.4
1670.47
25469.4
54463.5
1045.5
6687.49
7531.27
32010.5
23448.5
4954.48
7429.04
40019.7
10800.4
11027.3
4041.52
6875.99
1960.53
20316.1
17462
4101.47
9148.61
17338.6
17635
17810.1
8368.11
25408.2
10788.8
15765.5
6226.48
25930
3176.27
1165.03
390.842
14230.3
3329.08
4528.39
32007
4246.57
6333.47
3707.4
734.799
2061.43
25720.4
9730.85
21588.2
3770.5
48598.3
14633.1
15079.9
22771.2
418.316
42159.1
1572.82
10080.7
19121.2
8498.04
7597.14
4683.04
18674.9
2932.45
7038.85
3222.1
4575.86
5471.06
13129.5
524.703
412.616
1396.59
55716.8
50777.1
29658.7
1995.03
3478.28
19252.2
37600.8
25673
9621.16
1290.04
3001.6
16536.6
4086.2
11929.6
64.8952
3822.74
458.538
43366
30354.8
7883.79
7551.42
22644.7
30671.3
9254.86
12431.8
1385.95
5475.94
253.935
12274.9
1835.67
43276.4
9152.05
29814.8
1290.5
20327.2
7032.47
44754.7
54681.2
6855.46
3532.91
10024
34372
38396.2
14284.8
6404.31
1545.24
26932
5669.36
16756
4965.14
1916.66
1891.52
13857.4
18641.9
8183.16
4637.31
174.389
17411.7
443.509
20048.6
8494.23
15335.5
675.942
16224.6
8321.11
5333.88
17611.4
3120.38
1215.12
28986
7946.76
15767.3
22095.5
36274.8
11635.9
28799.7
31988.3
26750.3
1213.62
32177.3
3808.75
18211.1
5474.43
1345.07
2239
37476.6
5153.95
42447.3
6402.28
11484.6
28129.8
6539.39
5138.54
67.2824
24125.7
20727.8
12606.5
993.755
26968.2
11631.9
29516.4
3933.16
22104.2
38829.5
18903.8
2421.72
2747.97
5750.59
811.487
13567.2
10139.6
24616
302.198
2113.5
13265
2279.95
17179.1
407.865
9393.31
19459.5
3866.14
2658.6
117.634
5217.43
4053.93
22095.1
2583.74
7071.13
986.592
5923.11
3022.19
8138.51
25482.8
17252.1
1508.55
11964.2
13002.7
4743.95
9406.12
177.171
1612.91
10671
13576.8
11797.9
5189.23
11806.1
55554.3
6770.48
3391.37
5592.14
8679.16
44263.3
17554.5
16508.2
2863.52
113.031
4295.99
10658.9
315.976
16492.3
8704.6
18744.8
14031.5
44847.6
36169.3
548.895
1011.82
7975.96
2633.05
6803.12
694.27
20182.7
11439.3
28503.5
56645.3
14051.6
4527.13
3248.33
13717
11785.1
23957.2
17021.7
12719.5
43053.3
10043.6
3347.31
7483.66
5562.27
2261.17
17269.5
915.357
13619.3
17561.2
11229.6
5968.79
8645.66
11752.4
8708.93
10186
23321.7
5669.91
15790.8
384.891
11781.1
15184.7
8286.16
6989.33
37649.7
16083.4
24102.7
13400.7
17058.4
18960.5
21930.6
1124.49
14078
5157.44
7666.03
10354.2
14057.7
966.005
41306.6
5379.99
39152.6
8249.05
1759.8
19474.8
72664.7
1044.92
14089.2
8091.63
3226.12
17179
20755
11737.4
2238.43
5483.64
6384.76
2721.1
12649.2
33766.5
14785.1
29238.1
10242.3
24180.2
25750.1
12061.3
11261.9
17612.3
8073.34
6250.39
21930.7
8279.15
12886.3
2302.49
22223.7
27035.1
11760.8
5182.15
45607.1
21644.1
2136.63
6502.81
4763.96
4899.68
10839
28748
21615.4
7704.49
5777.47
10131.6
1617.32
32030.2
7645.4
15486.2
17539.7
6788.37
3190.27
8168.02
16859.6
45453.2
15962.6
727.694
5326.87
3077.5
447.973
44871.6
423.651
3543.3
3291.65
18277.3
1436.95
12873.3
2880.66
26418.2
603.049
16986.3
31633.1
23455.4
475.288
9527.02
2685.39
11684.9
41709.2
20008.7
13970
15811.1
1126.26
155.81
34932.3
4444.13
8101.9
10762.9
202.994
6009.05
1172.53
15154
7022.55
27154.5
14742.3
4454.89
33678.7
6135.41
136.984
8958.28
1735.02
2294.17
16053.3
4681.42
10506.9
19525.8
25245
16215.3
1744.78
16923.5
28391
8637.96
37147.6
2094.43
6988.01
9098.21
18620.8
30110.9
9415.01
220.594
3843.46
17263.2
5832.95
770.337
15794.2
19840.3
34810.9
8081.34
44827.3
5440.72
9121.83
712.66
3255.61
24849.4
22214.7
31885.4
8809.59
8264.41
3401.05
11141.1
3881
9535.57
32068.8
3494.68
8585.57
77884.1
18502.6
30172.7
9760.01
11805.7
7372.52
15721.5
21800.7
10171
38356.8
8004.45
3281.38
18395.4
3614.03
4100.96
14844.7
6500.17
17614.9
14353.2
1644.67
8166.83
30234.9
27803.1
26402.3
2282.91
5911.11
4643.31
14803
77592.7
6815.27
1223.63
7815.26
6191.55
14387.9
18296.5
15341.2
57834.7
14694
8807.64
927.254
19495.4
15299
34555.3
6395.53
11477.8
4554.76
21498.7
9683.21
27484.6
24386.9
8877.83
14276.7
11523.7
9770.12
3214.08
12976
5163.46
1187.11
20476.3
7294.28
3569.09
10878.7
19026.3
7249.97
9277.82
17150.9
26127.7
8782.16
4026.98
7462.99
37524.1
10570
1538.47
22436.2
16051.1
27637.5
7263
28344.5
14203.5
8763.88
3910.79
31668.6
9889.96
16165
32107.1
5148.71
15225.4
9295.21
643.71
9282.14
8277.93
4404.59
1954.32
4661.48
601.755
10596.3
26633.4
21015.5
24753.1
7881.95
11749.2
21477.4
21557.9
9634.4
24877
2645.39
8584.26
870.091
14970.7
3728.14
32201.3
2135.38
10668.1
22831.1
6973.23
38092.8
13606.7
15112
9130.34
923.942
24892.3
26054.4
6093.31
6667.59
1970.06
13498.7
4663.11
20154.5
14973.2
689.049
7611.3
2576.73
9639.85
1664.85
32112.2
14249.2
347.821
3555.03
18931.4
25851.4
414.047
18363.1
16085.6
1466.62
8080.69
14224.8
30898.5
22269
19050.5
30461.1
53916.4
1695.72
10192.9
2391.32
1762.5
14341.6
12175.1
3908.54
18866.3
29314.8
1094.78
3416.71
1963.48
11324.5
4748.48
9804.5
4703.58
18470.4
49077.1
3756.05
10229.1
2677.07
1757.25
9836.81
21908.1
10308.5
45741
41807.7
84262.5
11706.1
11205.4
26291.3
4811.35
30638.9
647.086
10134.6
3622.46
8492.44
37012.6
5348.95
3390.7
384.81
18306.4
11656.8
150.819
32541.4
23468
25328.2
9296.45
19736.3
6825.19
9601.55
4832.92
8095.5
3453.63
14841.2
1144.37
29120.8
724.988
12201.1
12801.6
7847.66
2409.87
27685.5
681.933
2148.07
36082
6249.93
26765.7
7525.18
35849.5
22359.1
29307.7
8573.3
6822.32
1877.43
968.669
8632.69
26704.2
17805.3
4337.12
14490.9
5602.83
2347.91
668.794
10996.6
9415.51
46707.1
28348.6
3658
2637.77
32326.9
9990.18
54112.7
1811.19
57500
12726.9
635.401
13113.8
221.034
5388.6
13241.4
33323
232.32
11710.7
4206.65
8217.66
2800.21
8870.11
3224.91
17610.6
30293.8
3018.45
20609.5
6662.05
5916.23
44986
16131.4
8095.02
30206.7
11320.1
1888.63
58347.4
3596.75
2995.12
202.169
12027.6
9789.35
15846.7
17191.9
36760.5
2352.37
1952.15
15526.5
863.716
10946.6
30277.5
48367.8
2801.77
33444.4
15600.6
9568.78
17795.9
13871.4
1005.82
7274.73
6275.35
20149.7
14042.4
12578.5
9710.55
9411.34
13997.4
3293.58
15793.6
1887.75
4685.65
14744.3
326.739
3702.61
10582.5
10325.1
7107.43
12322.9
7020.75
15754.8
12884.3
373.731
16391.2
17379.6
2847.75
10519
4352.86
50371.3
3678.42
4875.98
4865.03
49354.3
1064.92
7969.33
21955.9
17465.3
392.159
20763.3
9441.25
13127.2
12507.4
6299.39
14126.8
17944.8
14721.4
18133.8
3309.83
23939.3
13174.2
10305.7
4677.99
24587.3
5115.52
2885.78
57319.6
596.607
31671
13762.1
15744.7
2726.13
5004.09
20084.9
13257.3
46956.8
2238.64
66985.4
9855.21
5637.63
16333.5
2164.84
41799.4
3240.25
6763.02
4824.65
18402.2
732.014
25189.2
1955.66
5723.74
13012.8
37163.6
41734.1
13629.3
3349.51
12382.3
2189.64
7619.42
19698.8
10057.5
15075.4
14254.1
20028.2
1988.45
9120.09
854.227
10034
32738.8
64093.5
3519.31
16972.5
2666.46
13291.1
26465.2
36697.6
7886.85
36520
2738.31
12295.6
4524.5
919.534
378.206
27381.3
13186.3
17409.2
5184.03
2405.63
30694.5
5133.82
8418.61
24918.9
23692.9
45402.6
8374.57
23954.6
31103.8
21144.1
20700.9
19010.3
4756.9
17042.9
17520
6120.88
24527.3
7521.49
540.2
2668
1722.99
4329.1
9180.69
28909.6
4978.89
679.727
6762.48
26328.6
10945.8
21463.8
21775.8
2698.43
11278.2
4089.71
605.728
10848.4
1605.08
69227
11859.7
7818.24
1424.73
2774.65
5830.67
10896.6
20465.4
6714.17
7012.32
949.102
65175.7
6927.13
8663.5
1237.02
22390.7
4731.81
11253.6
36039.1
15840.6
1873.16
23348.8
2008.01
2352.45
39591.6
48383.1
1348.8
5090.23
11103.7
1622.43
15784.3
65356.5
28251.7
41598.7
13328.6
376.839
502.551
68028.1
40656.7
6743.91
367.44
384.377
24088.6
11910.3
18602.8
60237.5
5534.93
5050.7
12439.7
40183.9
13502.5
343.185
16956.7
12601
28598.7
7236.66
20733.1
4976.48
4406.51
23893.3
12631.1
36414.9
7736.89
4180.56
2565.65
34079.1
1589.33
4317.86
5375.94
134.714
24951.1
6053.93
2244.85
7679.61
13219.1
2178.79
30875.9
9934.31
7266.43
2870.57
29788.3
30490.6
6762.57
5011.88
245.108
178.169
3731.99
3420.54
2302.77
302.576
59872
16705.7
8365.65
4955.34
2958.49
38765.9
182.907
31171
1575.62
3057.38
9894.98
3443.7
17408.3
14597.3
9878.79
5064.93
5521.18
33706.4
6688.61
7364.64
3461.77
3762.61
27970.5
71186.9
10370.5
32971
6518.34
53783.9
201.844
8518.87
5719.47
5495.89
12351.3
15796.1
10787.2
6581.07
8974.48
25811.2
4429.61
47134.9
6086.21
5349.99
2070.74
6257.34
1094.37
9084.79
13591.6
6120
457.368
42606.9
13755.1
25256.4
6511.66
3418.19
108264
32957.5
28359.5
1998.72
7630.3
12014.4
22596.8
22612.1
6090.21
3457.45
12751.5
31197.2
847.573
2506
2951.03
1698.54
6890.03
105.869
11821.1
4417.01
58273
19677.3
9091.21
2264.88
418.482
11313.4
42100.5
11316.8
19683.6
56503.1
19083.6
15439.7
2892.04
3916.22
3043.67
33365.1
19275
20568.3
46177.8
10325.1
5465.11
22716.1
10161.5
50370.4
10066.3
6203.84
14231.4
4649.72
1640.7
25861.7
22950.5
7794.49
7972.17
19481.7
10431
1282.22
12690.5
2281.9
18788.1
22973.3
9427.01
4434.45
4277.3
8582.87
10437.7
11982.4
9624.48
20043.2
3767.26
31402.8
2268.76
9594.52
1122.04
21470.6
11621.2
21395.5
37896.1
11829.2
3642.68
20257.5
25153.9
14887.7
7534.41
12850.8
367.955
34380.3
2964.96
3812.96
13178.3
7605.49
26420.2
2618.54
5190.15
18923.9
5830.48
3024.14
3471.85
20597.5
5599.75
8804.68
17323.6
3412.75
5042.9
2062.26
22072
2768.29
1523.65
6229.88
22579.3
18539.7
60761.7
37155.6
16012.3
23187.8
1425.76
5755.54
5141.41
12141.3
11925.8
23807.6
7063.3
11603.3
12358.1
14457.6
12726.9
17034.6
28706.8
13366
19807.1
8445.52
31832.8
12643
31110
28274.3
4662.14
3866.54
28371.7
12541.9
17446.3
53626.7
13658.8
27147.9
4529.58
29703.1
87543.3
4745.62
13654.8
2134.01
19376.9
9819.23
3046.92
16488.9
12775.1
17089
4763
4849.2
4131.38
27455.9
27909.3
21888.5
10470.3
26847.2
8463.16
10805.8
8359.44
13944.9
17478.7
19462.8
5586.75
12013.2
23114.9
3015.73
1877.52
2495.3
11048.5
45527.9
32667.9
5413.43
1778.92
6239.45
15262.4
11755.5
3535.21
4838.13
19887.5
3145.63
7902.77
8217.03
8695.74
4574.65
371.725
1590.16
12339.9
9565.62
22951.2
13725
17850.3
21481.3
5739.42
17359.5
1563.85
1746.41
8419.43
749.486
12449.4
7240.32
4791.93
25767.3
7188.1
3696.04
2757.2
7250.93
5778.6
10295.5
506.089
16366.9
14037.5
23646.8
18936.1
6902.39
24023.8
6466.9
30270.6
37823.2
24348.6
1015.41
6262.84
48450.7
5961.35
15999.1
4162.79
16568.8
8590.95
9424.85
1878.47
2046.08
27099.5
9887.53
27148.1
1765.78
4900.42
6763.28
14191.4
1807.16
19038
14790.5
3049.92
7890.34
5166.91
7893.48
13946.3
11528.3
107997
5321.93
572.733
11872.7
2321.82
8578.11
21768.6
2249.87
22112.4
22732.4
30490.3
17675.5
10222.7
2736.06
1917.15
24584.7
42800.3
3082.53
1168.86
5987.94
27398.5
25226.1
13342.6
3324.51
6487.81
20418.7
8916.3
3363.19
24025.1
10792.9
13549.8
14060.1
7235.02
37886.3
2781.58
516.456
39611.6
11783.7
12201.8
2458.06
8909.5
2013.86
16330.3
7553.89
285.512
12641.6
12316.9
1588.87
117765
12937.5
5621.4
982.098
28509.6
29055
19880.8
926.823
1181.3
6166.38
17124.2
17880.1
10654.4
3327.53
6849.75
18280.8
5741.01
367.101
10179
8962.48
32137
7442.63
19537.8
4611.78
55836
6375.75
2096.91
13771.6
3052.59
101.886
38442.8
25097.6
35963
73042.8
643.799
5580.36
1797.73
12459.5
13964.7
51666.8
47190.2
682.785
2871.57
20526.6
18091.8
5245.55
18764.3
2199.11
19697.1
20609.1
2421.11
5074.57
5810.76
7294.75
10104.3
4684.48
2520
27912.2
8855.66
27564.8
2335.21
33522.1
4871.33
14351.1
2488.93
39082
9432.58
4963.75
14033.3
4380.22
12454.6
26752.1
4254.31
4226.18
1530.52
6204.62
2234.58
3170.7
1442.1
16214.1
52192.3
37002.4
5282.7
10409.1
30515.7
7591.05
2965.18
6053.19
16216.7
6444.47
3504.74
5596.25
4931.99
22949.5
22431.6
839.201
16202.6
5468.31
4226.93
15992
15645.6
274.846
8511.46
33946.1
9928.64
23840.9
28450.2
952.072
15857.2
42535.1
3098.36
17741.5
311.2
9635.77
16584.8
37381
1629.44
15977.6
18487.2
21203.2
13680.5
958.964
3437.18
10541.1
3618.88
13841.9
8927.12
19294.5
9484.86
99823.6
4480.95
5229.57
16004.7
11009.6
22137.4
10323.4
38700.5
35361.4
7762.96
438.287
16321
39656.7
29999.3
14508.4
7161.51
8607.15
5922.29
2815.29
23004.9
10411.5
5825.89
13820.4
525.121
4721.52
18630.1
1147.06
4064.83
1928.68
4005.58
25664.2
19592.1
5445.77
12208.4
14121
4142.89
28380.7
4854.39
7294.53
741.105
43865.4
2915.27
23552.3
16482.9
5555.69
467.956
7809.54
3411.26
15444.5
3687.34
17646.3
28470.1
24139.5
2261.28
14848.1
13094
10568.2
45633.4
19757.9
31670.7
12033.2
27353.7
21801
4840.05
10821.6
56409
15457.7
5251.58
5157.07
30515.5
19568.7
58901.1
9400.87
19284.2
21384.5
3038.71
30519
41150.1
48642.4
5882.73
27726.4
9546.45
25356.8
8646.55
5025.11
9712.91
13006.7
12038.6
1033.72
7877.92
17699
5036.5
15568.9
493.887
17059.1
21863.7
12625.5
21267.3
1855.8
35253.4
15377.3
38637.8
40282.5
1738.85
318.104
6452.28
36671.8
218.584
2071.21
7187.71
5261.58
3530.07
9480.93
26691.2
31267.7
45802.8
36110.7
9854.67
81.5987
796.389
3874.37
5357.53
19212
2816.56
8863.57
47556.8
9934.33
3891.93
19077.3
5963.33
47225
21794.8
8012.25
18428.9
6809.3
3002.36
4731
17419.5
4071.72
9970.76
3371.92
3340.48
346.363
24422.3
4159.33
3793.85
6550.57
15156.4
8282.09
26950.3
9144.32
7505.14
4274.1
9882.21
3682.05
5700.78
17317.8
4831.6
10679.6
11115.2
26517.9
22420
14309.2
12454.4
23367.6
6741.37
4871.94
719.281
38687.1
61264.1
12460
30775.9
4355.57
6743.15
2895.62
22658.5
29032.5
911.591
12862.8
39005.5
5878.69
53502.5
23919.8
41810.8
632.527
28734.5
12392.7
7581.12
3367.42
22732.7
5133.24
1714.48
6320.86
15490.5
23471.3
1045.82
4659.15
2955.3
173.113
21121.9
7597.95
7087.62
8912.46
12742.7
55040
25522.6
4891.92
4060.95
1955.81
3987.05
13430.5
19490.1
7285.25
10097.6
12173.8
2274.21
8557.49
13553.3
16606.4
6568.3
9526.79
2107.86
21294.3
15888.1
3321.33
34287.6
16023.7
38126.9
54901.2
12637.2
4277.54
14943.5
3380.35
26770.6
17195.9
3692.31
14400
10100.2
13629.7
14110
27596
22795.2
9477.19
10603.6
17481.3
6370.08
27110.3
18613.9
4014.79
6927.14
5475.25
3103.94
65936.4
29159.6
32316.4
3122.44
12404.2
2111.19
975.371
12402.9
27511.8
6584.33
31961.8
3382.27
13059.1
6067.95
14086.8
10941.6
16710.5
27333.9
258.855
1758.83
18956.2
3652.53
48864
4394.96
20063.7
2297.3
3851.65
3557.22
30348.6
35494.9
16322.4
2927.72
3127.43
326.37
41707.9
7624.35
20445.2
36987
34112.2
3184.02
4814.08
5522.83
1326.42
6506.05
8164.41
5218.26
6267.59
3929.53
25889.5
5299.08
37853.2
10843.7
910.693
9205.74
7105.2
20283.9
10494
3998.1
11257.7
27592.4
16282.2
34678.2
5822.84
8010.9
6143.89
1020.16
2497.32
3573.16
671.502
25273.4
43247.7
2082.58
17388
14838.5
6143.51
2894.73
8240.38
16645.6
16604.9
1728.73
40231
21251.6
4861.54
2434.81
7961.69
11956.5
15065.5
9087.1
12447
20346.8
13289.4
12881.7
567.797
36932.8
1016.46
9220.92
12349.1
4090.57
16907.8
523.998
34417.6
20355.1
8383.78
7776.03
25866.8
701.94
2327.81
2618.32
9536.7
1052.79
682.574
220.145
36206.9
14191.1
29205.2
2647.06
2347.32
40535.5
30449.1
44121.4
17023.8
11947.3
3390.36
21441.7
9205.38
4380.91
2048.19
13941.3
18935.1
4536.58
979.872
22239.4
2283.8
6089.37
593.63
8782.04
18610.6
22822.4
19967.6
18864.8
6918.09
17783.7
16948
11181.4
2847.93
24079
4312.61
3042.59
3040.78
2401.86
241.332
11740.7
2174.74
11252.2
21235.2
12362.2
1871.04
10857.2
67035.4
7516.96
2177.82
1455.07
15601.6
14800.2
16826.8
16260.1
6971.3
1569.41
39490.9
5252.95
3502.23
18552.8
5742.57
1301.81
5741.07
7065.1
1085.15
5260.33
17334.3
2186.5
2611.61
28864.7
3591.19
2753.95
17249.6
1929.86
16420.6
25776.4
24713.4
34093.4
3087.47
920.83
7971.37
24676.3
51672.8
19556.7
21488.6
17666.9
9664.8
8729.7
22006
12576.4
16263.6
10208.4
3310.94
2432.54
33978
6586.82
13798.3
23695.8
26450.1
9672.1
5935.76
12641.6
21061.4
6648.42
8287.07
12020
9148.2
29276.6
5924.07
37880.7
16431.4
5241.61
7701.68
20032.7
9148.48
16609.4
9774.57
1058.6
750.31
3154.71
36786.5
13125.5
5700.97
862.184
26792.6
13784.6
16672.7
16458
11177.5
14183.2
89671.9
5098.76
6866.2
5384.01
13340
3580.08
3741.61
13304.4
2839.25
12161.9
2281.52
8667.56
11450.2
815.703
27512.7
17352.7
2075.01
4908.19
1822.57
3269.33
3769.46
3096.92
7263.34
8791.05
13832.7
179.142
2548
26735.9
1838.61
8385.62
63751.3
15438
7529.46
4328.44
9643.37
4076.7
167.215
16330.6
16836.8
20339.4
3354.88
17958.6
14199.7
12108.1
10898.6
1432.09
27574.8
2519.58
8440
13846.7
35120
11804.5
43382.6
2278.93
27382.1
1728.89
9801.3
27333.7
26417.6
8187.99
30853.1
13951.8
1025.34
25040.4
16533.4
13357.1
6094.47
4434.35
24585.9
78517.7
12197.2
11399.9
15853.7
30333.6
48942.5
1147.38
9760.24
3669.37
13051.1
7440.85
12164
36301.2
8067.27
3207.14
4385.33
46641.1
6461.41
15175.2
22086.7
34752.8
16775.6
3464.08
32391.4
1261.28
1142.04
6664.9
1687.98
9625.64
777.788
7799.62
12079.4
13819.9
39102.6
9029.79
1601.16
6982.59
6620.18
52675.3
12459.2
19762.2
25487.4
22003.1
1957.37
1324.63
2287.5
2555.39
28606
17117
14699.5
13557.9
4984.06
5265.47
8058.01
15829.5
6497.9
1861.65
5352.87
20787.9
25995.2
3992.59
13295.1
5134.85
2682.78
23513.2
4884.5
30266.1
8390.67
5235.92
7259.52
11802.2
13084.3
35245
430.755
3510.54
11479.1
5191.61
660.876
1550.74
1214.66
24353.6
23564.2
10890.5
44799.5
2871.94
2578.21
4309.1
57086
39190.4
14097.7
8593.54
12930.9
16178
15903.1
13308.8
13596.5
23566.2
16767.4
394.439
5200.01
21355
15254.7
4066.84
1864.54
11871.9
26003.8
17364.1
28664.4
3447.81
29722.9
2200.86
4589.32
37335.6
296.405
1472.75
1192.05
18250
1247.32
3575.03
258.248
7125.83
3429.11
8166.52
5026.33
8072.3
19160.2
11698.7
3425.89
11897.4
10487.2
963.245
3787.29
5761.86
39600.3
12230.4
54012
4238.88
1247.62
4528.41
5662.31
5654.71
11513.9
2937
8892.36
20291.8
12808.6
24344.8
1053.18
1212.61
6218.81
9298.78
10023.3
1797.12
315.141
5358.66
18740.4
8356.8
40157.8
5724.24
14271.4
8959.47
4949.77
18715.5
56361.1
2994.74
7216.03
23910.3
2503.15
1055.53
4508.64
23808.2
19387.1
10314.4
2615.73
8061.81
6001.6
21043.9
5884.5
9025.61
13891.5
807.612
1021.58
3962.69
42216.7
20808.3
15634.2
40366.9
5275.49
24077.1
26015.1
2221.3
2003.1
845.164
1007.05
528.744
1540.03
205.924
9266.61
11005.5
41256.6
7376.28
4626.49
3935.22
6960.1
24503.5
16226
48546.4
6872.1
34207.6
2295.42
6495.18
22368.9
10780.2
11538.4
5149.61
14648.5
38056.7
7245.7
17049.9
5657.78
10749.8
459.1
3268.06
15208.4
43509.6
17544.9
6807.12
5593.92
19103.1
13430.2
4616.48
17589.3
930.935
576.401
2817.76
9149.82
40408.6
505.411
19386.6
10594.9
7771
31771.2
888.649
3348.32
3557.05
5165.62
25580.6
49475.1
835.988
24560.8
12499.8
15239.1
4343.4
7624.58
3539.58
28107.3
9672.15
2128.55
36232.4
2278.04
31408.6
5350.19
19956.6
735.381
2039.9
38062.3
7220.48
10056.6
24486.3
16437.8
2312.96
20616.4
15685.2
185.316
9622.47
359.579
342.118
20944.7
7574.79
600.037
42318.9
10313.9
9833.66
319.708
25186.4
63595.5
25133.2
10491.4
6186.07
742.916
3722.88
6811.82
43716.3
9268.43
45477
13973.3
11699.5
496.889
12671.4
24304.8
37120.6
17876.5
6768.11
2064.27
15044.2
5731.55
3077.06
521.619
3154.13
11310.4
2856.04
19568.8
88026.5
2095.8
3532.67
23378.5
13153.2
656.311
7347.66
8872.49
18687.6
33960
1321.71
39645.3
18032.2
2698.19
6246.22
1332.1
18296.7
4314.51
4168.41
6260.64
13107.1
36522.2
7245.29
14940.9
3180.92
36282.1
2881.16
24591.3
36895.2
4156.78
40992.5
20560.3
27774.9
3372.08
3232.4
17559.2
8468.37
4219.25
26355.4
991.196
11760.5
8295.95
3604.08
4633.73
31258.7
3857.8
16275.8
1527.64
61271.3
9977.13
20042.8
4662.92
9103.44
13999.6
155.085
22210.3
2034.2
2979.02
32975.9
36736
1187.61
12832.2
59381.3
7808.18
2912.94
11303.1
14752.7
29444.6
5689.38
8681.9
8103.21
5878.28
5355.72
17604.3
8695.99
13672.3
5163.23
3459.53
7937.95
33787.7
11517.2
8576.43
4048.04
17353.6
8154.27
10788.6
1382.38
13729.7
21244.2
1147
19230.2
1577.59
413.476
10289.3
6214.82
17237
841.811
12304.9
39190.6
14104.9
1556.64
5533.29
2034.64
353.635
891.26
7673.43
8974.81
1556.79
2730.85
4223.08
27892.5
12403.8
717.509
16790.4
730.145
11918.2
2668.84
13369.5
37515.4
35778.6
11030
12631.2
36204.5
3163.64
22857.3
2968.55
5390.31
29153.1
28610.2
41751.8
4300.26
14658.8
25913.8
13256.2
31492.9
6808.83
17742.5
11292.7
7276.48
11620.7
11778.5
4218.02
11515.6
10401.2
16297.3
2469.08
6813.33
483.574
2244.12
6720.62
5285.23
103.939
287.809
21734.1
11091.8
1449.18
22041.6
26372.5
3692.45
10642.4
17683
9619.21
30975.5
44990.1
11954.6
2632.07
7195.17
15027.2
1662.35
5910.2
2191.22
51329.6
3852.87
4231.38
5292.44
1669.63
19757.5
1678.99
17783
8293.26
34515.6
48240.5
1982.36
2704.84
2410.68
9351.83
8305.24
7182.87
20318.7
7755.67
8175.56
4028.99
19395.3
10556.2
17230.2
3297.87
7112.25
14586.8
268.491
4051.52
13219.1
10259.7
3498.22
10347.1
542.95
16378.6
10765.8
45168.1
1428.15
21480.8
4994.78
338.056
11976.7
24167.1
33698.9
16008.6
2405.2
27965.3
4151.13
15683
18775.5
7120.1
50145.7
1021.23
9639.84
10455.7
101396
7445.29
10167.6
4436.2
36665.4
4616.37
28554.6
41472.5
6747.67
25525.3
5841.38
18321.1
5184.58
2034.13
2610.37
21446.9
5624.37
10988
11585.3
648.977
41332.4
5276.4
8216.11
2839.13
28673.5
5076.14
5810.86
5513.45
3822.01
808.843
17671.5
15808.3
25382.8
32337.8
6735.43
4698.68
52548.7
19555.4
7216.72
11424
24680.1
10002.1
5283.63
6678.78
17872.7
9035.66
3869.55
13855.8
10948.3
21179.4
9511.84
23227.6
34649.5
14545.6
7627.91
10789.4
4193.09
14091.5
17963.8
23771.4
4845.54
12921.8
6018.33
3912.26
4142.95
4553.31
14148.4
20160.8
15239.3
28540.5
36469
7046.38
1035.52
879.777
6964.8
34742.8
26794.4
6595.54
13009.5
7303.9
48560.6
5084.12
20704.1
46113.3
6197.51
1374.59
9565.96
7579.87
27537.5
16804.3
24386.5
43366.7
14230.7
8608.43
3989.45
12067.6
2926.11
3314.59
35800.9
1233.99
27668.8
6123.57
3193.72
6786.55
20075.7
2049.67
59978.4
16086.8
40120.4
4723.69
4276.67
32331.8
795.549
34390.9
7882.8
12326
2963.45
12003.2
5774.32
17536.5
8330.18
13301.7
10726.4
2963.06
15965.3
33865.3
6315.16
1762
15714.8
5804.23
10627.2
6390.33
51899
284.862
35448
28771.3
10775.7
6427.13
108.938
30216
34781.6
20951
632.417
2450.13
2483.76
18414.1
3436.84
20450
4018.13
28792.8
4521.36
635.018
895.043
17406.3
4946.71
29214.1
5536.89
36436
7014.73
6293.59
3119.3
61014.8
6093.74
735.247
30174.1
2805.75
11443.3
2622.01
8088.29
2719.34
24566.7
6160.28
1635.99
14109
11306.4
10572.6
35975.3
4956.95
3590.98
12786
9440.31
18161.2
2516.25
7458.66
2371.98
1182.74
20753.7
34282.2
1716.07
30352.7
6288.4
19753.7
22814.3
19829.2
15666.5
8891.42
8646.12
18204.3
21914.7
111.45
5286.04
13623.8
10553.4
9809.59
7800.54
3700.66
37983.5
4656.91
10165.8
12219.5
25894
9527.03
15706.4
4169.41
12061.4
7972.82
5064.46
2872.75
2926.56
37781.2
27661.8
26903.2
560.111
840.628
49538.9
13538.4
12971.1
31627
19410.1
10972.3
1491.67
3449.49
5772.44
9794.91
1536.07
9232.46
544.729
23915.9
9314.61
6852.05
9920.1
7579.08
3811.1
8496.51
17499.3
14836.6
3805.29
10426.1
23325.8
4297.44
15498.1
8878.84
57700.4
20767.9
1514.12
18937.6
17033.3
15626.1
6391.43
24195.7
12069.5
19755
21814.1
37102.6
7403.08
2262.39
3709.93
5442.31
609.719
9007.38
7355.34
37911.1
5746.82
2582.19
10529.5
15777.8
25876
20817.3
8170.1
20711.9
35459.3
30788.1
14877.6
12040.6
4319.33
2536.06
14244.6
4659.01
17898.4
4363.34
10441.2
10470.6
6592.84
13238.2
22468.9
2622.5
5710.59
11349.2
17664.7
163.414
17089.8
23159.6
9562.93
14939.6
17347.4
1109.72
23596.1
4885.21
15629.4
20737.6
29064.9
13254.5
3708.52
3634.39
14705.6
971.221
14574.3
7681.86
21418.8
11427.3
7325.14
1458.69
2011.49
5520.02
10799
6042.47
33056.2
5682.9
10959.8
7100.15
41115.7
3420.68
9971.68
9695.83
3535.29
3658.28
20331.7
4474.14
15880.1
11892.8
6232.59
13558.9
1888.09
25889.5
27323.1
5936.58
25399.5
14282.5
18556.9
34671
22333
11235.1
17852
7627.39
1808.89
16864
2187.32
4558.05
32459.5
1650.69
29363.6
8906.2
14831
21064.5
5168.05
6335.16
8327.42
13378.2
14773.2
5917.59
25276.1
11066.7
2919.84
14165.3
4574.39
78749.7
10703.8
3624.86
21335.3
19704.9
11563.5
7765.67
19794.6
6270.58
5937.11
105.43
15969.7
7331.93
11900.9
16333.4
3803.24
21461.6
12900.4
19521.5
39972.6
30314.8
6148.04
9890.52
415.689
16864.7
15915.4
29686
15357.6
16929.8
8627.46
15944.8
13632.7
25273.7
25934.4
2763.78
1844.32
13911.8
44514.3
1085.3
21973.3
23388.7
8887.31
25751.2
24973.5
9455.52
3363.79
19285.6
6424.42
47198.4
4954.08
5179.94
9299.24
2620.6
1724.76
26955.4
12887.4
11944.4
52825
4366.15
21613.9
2826.2
6487.08
23954.3
3216.02
31720.1
4366.14
7168.62
1934.18
5118.94
15070.5
8201.73
2000.59
533.658
1278.51
5057.89
29773.9
3186.66
7642.9
1747.44
32784.4
2382.75
9204.41
4887.15
1478.56
32143.9
3791.78
43525.7
8345.4
5459.05
21743
5272.34
5411.88
12944.3
13798
427.48
9822.09
6889.14
304.363
11808
31212.8
63963.6
36238.4
1605.35
8464.31
2677.95
12501.5
30019
17346.1
9604.64
9803.98
45004.6
92459.9
3390.12
2769.61
50838.2
39456.7
5084.68
13894.3
1509.35
8269.32
9176.67
29872.8
1224.3
13959
1639.72
10776.1
1147.2
35963.1
3768.52
3399.32
24436.4
8415.28
44142.4
35187.7
21818.9
23910
2541.92
13013.7
12483.5
11576.9
1024.31
1650.02
1344.95
5210.3
10515.8
11324.8
34954.6
11722.8
5126.12
30822.8
909.696
3973.62
4336.59
4680.26
200.982
499.614
7197
8135.9
25593.5
25834.4
6213.84
19055.4
31940.6
28313.6
2697.12
7108.41
60581.9
21583.1
45471.6
19370.3
5044.24
39026.1
33479.5
9464.46
16076.5
30024.2
32207.9
14162.4
4813.58
5395.45
11145.8
11175.5
7779.33
6792.22
1328.53
31285.5
3630.88
1546.51
6970.27
10490.6
710.417
1451.68
15406.4
360.509
7682.35
11155.1
37725.5
19004.6
4575.49
14769
15241.9
5816.85
21676.1
5903.55
3444.95
14964.3
37933.7
1355.02
12898
33937
16552.9
2648.31
432.234
5986.16
8939.5
15684.2
42936.3
22972.1
1158.47
9392.26
21064.9
47965.7
2429.07
29933.1
3891.49
10290.8
13353.7
11731.7
22818.8
1253.05
2297.85
19077.4
32184.7
6318.25
13862
2303.59
2477.15
5172.66
36150.5
16584.9
9720.16
8695.93
1945.08
6679.51
4924.5
1910.55
7392.36
9879
1478.43
11710.2
5371.14
2779.04
1334.43
8521.28
31885.2
51414.1
5494.34
8712.91
3495.53
7520.62
11017.2
1392.32
7790.31
2949.6
3227.67
29452.6
10990.4
11970
9659.84
9118.32
14611.5
25512.4
7544.4
2449.23
3776.59
1034.56
2838.19
5925.8
41532.6
11157
15486.7
23237.5
11384.7
4400.18
467.333
47102.5
8812.41
2870.11
21211.3
5849.45
34262.2
24302.2
9356.17
3797.54
3681.81
4775.82
12278
18581.2
66644.1
3972.86
1255.12
28464.9
44561.3
16738.4
35506.2
35103
36494.9
6680.33
60957
53298.6
27947
14738
4350.11
9280.64
1419.33
22826.6
2627.19
83654
2135.31
28658
29157.2
9435.76
63598.6
10772
9329.01
1067.62
2434.79
25520.4
28572.8
15548.5
53354
6709.61
1274.28
29361.7
1600.68
1131.55
6214.85
10277
1147.26
788.44
4785.8
1163.19
19992.3
26587.1
1085.28
3677.02
24690.8
36046.5
2034.07
25691
15384.3
22074.8
40034
438.663
13633.8
4663.73
17843.8
6532.22
14193.2
830.109
22622.1
2824.7
821.944
10856.9
13467.7
19513.8
7239.9
8045.37
15333.8
28504.7
10782.4
20475.8
6758.89
5632.17
6778.44
1977.62
6114.37
17874.8
6311.06
14659.9
11440.7
3220.57
12295.1
7637.68
3792.08
15045.7
20899.3
5675.85
24906.6
7519.56
14008.2
14764.2
4123.5
13960.5
7320.99
2679.06
29838.7
703.157
7122.89
65312.4
14831.9
4312.99
5313.66
37376.4
4573.98
4232.46
7292.23
1073.96
722.647
1855.91
6166.2
61737.9
6354.78
2801.3
693.408
5657.67
10453.7
701.619
1936.85
34621.7
10019.4
10675.1
11943.8
2721.85
10006
3705.27
5184.85
4442.12
1902.95
12329.5
48048.9
25240.7
2934.28
12096
6803.74
41334.1
11387.5
10535.7
470.122
380.384
5583.83
4304.96
6243.8
19082.4
79982
7642.85
29735.9
15366.2
33961.6
6476.25
42553.8
2683
4939.05
12110
4811.33
9128.55
1871.8
7655.62
15278.3
7707.32
1186.65
14925.7
40594.7
21402.1
13175.8
8174.51
37319.9
3925.39
1221.89
1118.35
40837.6
4952.18
6987.71
11888.5
5596.05
19603.2
5690.47
2246.16
3366.23
12819
30677.7
4250.47
12139.2
11779.8
4155.87
14165.1
12316.9
25759.4
52176.7
7925.25
16270.5
961.084
56973.3
26617.1
4065.22
37343.9
5734.53
10286.6
6502.33
1312.3
14573.3
9916.84
2774.04
12114.7
2734.21
4573.72
23854.2
4842.93
3468.99
17023.4
28090.7
9907.96
30336.9
36912.6
4960.43
961.929
4422.53
17259.7
5371.92
4398.78
10654.1
2194.14
22841.8
28081.6
2440.79
19255
5473.74
32054.9
15389.7
30040.4
1180.11
181.916
945.195
11550.5
7806.37
11953.3
20180.1
37774.8
7494.46
54530.7
13923.4
1346.44
6587.27
35662.9
12717.5
21289.9
19643.7
24833.3
10671.3
6442.97
2961.84
5524
13661.2
23740.9
1246.6
15933.3
11430
2059.99
7269.38
1339.01
1887.01
13028.5
9123.5
36526.1
3395.55
708.322
30245.9
24014.7
18227.3
3092.82
60651
29695.6
7707.59
63400
33475.3
27801
5165.32
9127.95
7328.82
4431.14
19423.4
7588.72
32723
6077.97
14481.7
32461.1
9543.9
4249.97
1410.06
8027
3348.12
13317.6
655.554
5171.15
18263.3
8445.46
6033.77
1121.29
16340.2
2042.6
21499.1
12576.9
4232.56
3322.65
12532.5
5959.87
7518.76
959.883
3469.59
1643.21
1174.09
93.296
12311.4
17415.8
22844.5
10473.1
6399.45
12005.9
7270.4
17210.9
22697
4583.06
1380.14
5503.51
15899.9
62181.4
7123.97
8411.32
36206.4
9582.97
14664.7
10509.5
2996.18
35662.9
89229.5
1465.05
5816.09
19496.7
31456.5
20720
67037.5
5428.37
905.686
15340.1
1779.56
17929.8
1900.83
5224.6
642.004
1522.84
3012.01
6826.27
33028.8
15341.3
15523.5
18905.8
19448.2
4639.94
42057.3
10699.1
7836.69
5735.51
21653
43717.7
157.956
1032.53
9787.63
39409.1
5799
9053.88
1564.35
23513.6
1739.67
30553.4
23243.5
2876.17
1943.56
16128
1192.87
7975.79
15453.4
26797.7
11896.6
3299.81
23550.9
33295.9
13638
28950.8
2080.06
13772.3
14498.3
46070.8
6585.89
10485.4
6175.86
6006.62
35035
6051.36
14009.7
1826.26
6179.91
14065.2
7022.54
1564.63
31278.9
12079.7
7363.99
6441.01
2708.64
11285.3
432.394
5013.13
12066.4
15042.1
869.667
23842.7
7129.97
9249.48
17925.5
66377.7
26991.1
3132.95
8607.76
14369
8736.74
38942.8
35702.5
2386.85
27922.8
9041.74
23816.3
19728.1
2123.28
4037.37
3827.37
16738.9
22451.2
10273
25591.6
538.253
15392.5
17721
29476.5
2926.35
503.49
413.263
6700.26
28216.8
3805.51
21842.9
54512.7
4688.55
3966.05
4688.42
7328.96
4535.27
22164
32009.1
36226.5
1736.98
1246.33
21408
6592.34
1370.13
4089.95
11119.6
13401.2
4624.17
11203.3
2043.29
40960.2
7655.1
3075.86
58076.6
11154.5
6914.9
4640.64
17134.5
459.025
19138.5
3280.87
43726.8
13949.9
11415
1120.68
4150.11
23608.5
1402.22
20088.9
14204.5
22396.1
3808.89
3017.23
21569.3
16200.4
22843.1
4841.44
697.322
1853.31
3612.17
3942.48
13602.8
9064.54
1244.98
9592.48
9411.49
2467.9
8922.07
8749.21
661.708
10353.1
44144
14937
1849.68
30271.6
22055.5
2622.36
22288.1
36170.9
37915.4
4387.8
19716.1
28383
2303.1
1885.64
13692
2302.06
1534.28
14388.6
5808.65
6265.11
14743.5
16355.3
546.694
4818.66
6148.08
1024.51
6485.26
2175.81
5897.4
6738.9
10001
3214.67
46127.6
3451.28
2730.39
17556
26345.1
35875.2
610.22
29086.6
7465.38
14006.8
21709.7
351.27
381.161
21947.9
18631.7
6294.61
25874.6
13535.4
14833.9
94.574
4706.13
2017.13
3904.31
5527.29
13040.6
21618.1
5670.85
6332.82
16182.5
12252.6
8274.32
5574.16
5423.06
3351.6
16319.8
4288.99
3003.83
746.478
508.835
26117.7
4641.11
5131.29
7800.77
101537
13028
8858.42
18980.1
12500.8
5321.54
23364.7
10437.7
20607.6
34557.7
18588.9
15269.9
2746.62
14901.2
3825.94
7474.96
6782.69
24455.2
3458.98
1446.09
4226.61
15434.7
226.11
2972.31
7900.52
2429.2
36818.5
1508.98
3156.16
20230.2
8198.03
2791.59
135.194
18523.7
7694.62
9725.07
9289.4
32272.2
13151.4
1893.56
28614.8
7627.8
6152.02
3903.7
1616.9
49068.9
7212.55
6664.64
12411.5
41709.1
28390.3
39770.3
9090.97
31416.8
1392.25
10002.1
17568.3
7233.9
2036.77
8296.9
2292.88
39048.4
14970.9
11512
4915.78
28399.9
10783.1
7927.76
10366.8
9062.65
983.002
2287.52
35214.6
988.513
1335.1
17081.5
14126.6
20092.1
3905.16
38424.2
7813.87
19448.6
2958.47
11617
12441.9
25451.9
14379.2
631.164
8538.16
8119.62
8382.63
6276.81
15326.1
17807.4
1664.2
16263.2
30697.8
2974.42
14649.1
26250.1
14116.9
4336.19
2894.57
60710.5
278.84
47487.6
9934.69
12913.3
24410
7680.58
11606.8
5669.17
15571.5
5795.4
6207.19
16927.9
9106.43
2148.38
19395.8
14807.1
17466.1
11728
3274.89
8429.63
7674.73
11843.1
19244.4
6128.92
83595.4
11739
1395.91
10337.2
4428.65
17298.3
763.037
3590.71
4239.56
14744.3
58596.6
23722.7
17149.8
10229.7
4631.94
1269.13
34970.7
13035.2
3221.04
173.036
5774.93
1955.36
4539.25
4980.58
6636.36
4603.75
73778.3
15789.3
3436.59
4391.64
11710.1
43822.2
27506.9
12957.2
17145.9
5670.37
37769.6
5338.68
9336.71
14673.2
13539.9
3712.3
29407.1
30980.3
5232.7
1815.24
4115.12
20020.5
3619.24
20360.5
3749.53
3846.53
3539.99
2956.68
15907.5
1442.85
4889.47
19110.5
9478.72
1117.49
3108.29
11919.6
7428.24
8813.79
14188.3
42891.6
16963.6
64278.6
31366.7
29713.8
19775.3
17793.7
4496.37
5696.37
32297.8
19345.4
25093.4
6591.61
20273.2
1418.43
18210.2
3088.72
64813.7
16731.4
32214.1
10782
182.061
2642.87
8053.84
33948.3
21802.7
24386.4
25686.1
10772.2
4132.5
3878.01
20672.4
4626.56
7540.13
2352.72
4120.02
4095.54
1217.11
3708.72
2498.3
7005.57
26102.8
9202.13
17995.1
3346.05
16478.7
44034
9787.2
5423.59
28024.2
1140.83
9376.14
10267.8
33383.8
20088.2
26138.2
1014.66
15902.4
9119.88
5778.45
2754.1
10254.1
957.546
669.429
12013.5
9651.67
39223.4
1402.54
21559.7
12565.4
8690.85
4432.53
40431
2990.83
13008.2
18620.8
9477.84
673.941
19541.8
7472.17
30800.4
12745.9
2465.04
2891.41
1246.09
12872.5
5770.85
3877.67
11711.9
8165.66
25061.2
18421.8
17890.8
23655
17508.4
15667.8
1158.81
18214
1696.13
2567.12
11186.6
5390.08
12524
5405.93
18811.9
4704.21
37198.7
19464.9
6667.78
4226.12
5991.39
1191.71
20470.4
3648.29
23550.5
11036.4
7758.42
24226
4328.27
33309.5
7422.66
14912.9
30842.1
25505.2
28717.8
34412.6
38168.3
36929.2
31246.6
44630.8
8198.89
1983.13
11345.6
42115.5
2818.63
7424.96
3748.89
9492.41
6990.65
10735.1
20353.7
22535
50274.1
12997.3
11472.1
26228.6
5622.11
41917.5
29265.9
16280.5
56267.1
59403.4
1516.07
41015.7
26621
5253.82
9439.44
9597.2
19703.3
3599.67
1214.11
8814.44
13646.7
12747.7
6243.06
35310.7
9608.94
6090.04
20748.5
12357.5
8734.58
1980.61
3802.1
1824.51
3981.36
8055.73
11294.5
862.32
3379.73
23462.6
21251.3
11431.3
11299.6
12040.9
5379.34
13862.1
250.631
18112
11019.2
46211
17068.5
25965.4
12963.6
15316.5
9231.23
15374.3
15778.1
13128.4
14177.2
18978.9
3758.3
24360.1
11774.7
5516.49
1245.77
30156
19105.9
22958.1
35487.7
10049.4
13884.6
6272.32
14031.1
11774.1
19152.5
32158.3
46001.9
6192.11
6374.19
14966.7
38186.4
21077.2
26551.1
18752.5
5658.53
21696.6
36719.1
32376.4
8238.99
5982.92
25120.3
6980.57
13461.7
9432.96
6532.91
64646.7
6798.92
16478.7
1432.28
10888
45555.9
8954.19
14231.4
2043.33
14586.1
10190.2
3899.83
19525.8
2973.45
6382.48
6222.88
2513.4
19715
24037.5
23222.3
23328.1
13897.2
1772.95
1593.44
6405.08
6369.43
473.294
1384.72
21401.4
1784.82
692.896
761.433
45694.4
7754.87
10871.8
11430.4
5575.76
7722.21
1347.98
10432.2
3451.85
20063.8
54635.5
47445.1
6144.59
11207.8
2705.52
35314.4
11574
18714.7
44066.7
27666.4
10989.6
8841.68
4849.26
3685.44
13079.6
3384.32
13012.3
4353.49
21514.6
23997.1
25439.5
2261.25
5000.05
5924.51
27008.5
3432.88
9757.02
27711.5
39547.9
48423.4
37433.8
21963.6
11744.4
19429
5966.79
19446.8
9740.8
6725.65
18553.2
20207.4
4004.94
4112.86
7125.67
10518.7
5313.41
6868.03
4910.33
27533.8
23107.6
259.037
1393.44
7194.95
56065.8
27869.8
7836.01
4951.38
22731.5
48728.9
7921.43
40786.5
1005.74
3699.68
9609.87
28934.8
43048.1
9625.63
1113.08
1591.81
12151.7
9990.53
3922.46
16337.5
42245.9
47936.9
5393.61
19727.7
2070.48
5864.23
26296.7
13475.1
2535.28
15415.6
4022.09
1973.64
7073.92
626.798
5478.9
12697.5
4579.48
549.15
11310
2362.88
26651.7
8425.12
2720.83
8619.64
1531.41
4200.41
7207.61
36388
6040.23
30079
30045.7
14707.7
8663.88
6041.85
2403.94
466.281
11339.3
23091.1
4078.59
45897.5
9711.35
4989.25
21963.9
2045.52
12868.1
3172.23
53867.6
2049.27
6370.31
28684
4835.97
20311.5
2546.37
15753.7
4921.4
874.708
14181
2082.65
9439.67
6799.04
9074.78
543.385
7571.54
21129.9
118.665
31377.5
4280.28
1761.97
8666.1
25534.4
15008.9
18808.9
9170.73
8622.16
37912.7
18600.8
72123.1
15262.3
1814.09
9914.46
10154.9
2810.18
21715.8
20048.8
485.044
20673.8
26974.5
20302.6
65523.4
6836.84
710.866
32403.9
34790.9
1162.27
418.464
34764.3
7722.34
23095.8
15343.7
19262.7
10827.4
3263.68
6230.42
1177.65
2430.56
2215.34
4497.29
59589.5
1878.28
11661
5610.75
59136.8
8626.93
4115.2
3849.54
21895.8
11398.9
2000.29
25243.3
10340.1
25764
7309.62
2845.53
4757.85
346.863
5476.66
18077.2
1304.7
20094
20669.5
3786.5
17273
20011.1
168.563
786.119
8626.22
7546.79
828.873
38393.5
9313.21
11698.8
23230.2
3070.18
6613.33
3665.33
3669.92
4642.35
21336.8
2440.12
258.764
25570.2
1152.86
9544.9
8481.45
27434.7
348.579
6245.43
8550.39
9139.15
26044.1
11993.4
39858
13090.5
1858.49
1362.66
2910.31
7043.94
7820.06
27891.7
7112.96
32304.9
666.007
8425.16
7028.15
598.833
1682
10284.5
5039.63
2027.31
2825.14
7379.41
3344.37
453.295
10769.5
14634.6
9578.71
2588.44
3115.4
4391.18
12411.4
834.674
8834.02
765.83
11295.1
3451.86
43269
5374.38
32456.7
1663.93
1207.71
9279.87
21059.4
1724.57
32639.9
17532.1
23860.4
28456.2
15724.8
24751.6
20234
10356.5
12127.9
15115.1
5258.2
1830.32
10638.7
5913.47
35554.7
32964.8
12344.6
9207.49
10967
15990
4970.87
55998
23650.3
58659.2
802.818
1921.79
273.098
18383.5
10858.5
958.551
20305.1
3100.29
10169.2
6085.15
1739.38
538.935
15900.5
7990.13
4375.43
442.153
6961.41
5694.21
43377
22648
55378.7
8576.12
6400
28776.8
2828.78
8566.89
13470.8
2764.59
3596.79
12047.5
2476.48
10372.4
15707.1
19597
49867.3
2815.76
20039.2
522.323
3628.81
38175
16834.9
4715.67
19675
12435.2
2111.55
25203.9
13441.2
15107.5
5320.83
16314.1
6716.5
12664.2
1326.89
5515.9
11511.4
103.719
23674.8
9677.82
28305
12645.6
3521.66
3608.68
4613.23
14705.6
10902
13588.2
12139.4
6882.17
6649.25
20289.1
81505.8
14153.4
3265.35
15559
29682.9
8856.72
7742.99
33845.1
24784.7
3316.16
5688.71
37112.2
339.49
6482.25
27637.8
17267.6
708.532
31074.2
7670.12
1644.19
3260.04
13504.6
4510.89
15141.8
8040.62
10543.1
28574.2
36969.9
67071.8
11188.9
9082.34
16173
25686
2022.54
19578.4
18542.3
13867.9
37765.1
4360.08
26735
568.411
77.1734
25777.7
12797.8
11034.7
30139.5
35732.8
10567.7
2129.67
2598
16561
1913.48
2650.16
347.248
6522.87
23598.4
3304.53
13746
18326.6
1959.96
7032.27
5146
15088.4
2903.75
27049.5
22314.4
11359
19830.5
34698.3
19717.9
13111.3
23127.4
13519.5
10771.2
1617.13
2497.03
13597
16085.1
335.066
7902.36
43076.3
1052.07
37878.9
36340.3
5560.03
1880.97
8356.98
15860.3
12100.1
11080.5
8411.3
7749.79
12243.5
57770.2
9306.29
1745.34
1795.51
38124.1
41678.3
3773.74
2467.15
14015
21543.5
342.024
15184.9
1781.14
619.177
12862.2
7351.67
17217.9
8977.51
3324.35
1296
15924.6
11048
6183.18
5096.24
2209.72
6293.04
946.17
23236.5
41838.7
15666.6
20367.1
12452.6
1516.94
5181.3
18458.9
11291.5
21193.3
4867.28
23784
463.773
67325.2
10192
22803.5
2192.26
25359.7
7243.1
1915.4
9160.66
11295.5
2570.82
5232.32
16212.2
1753.55
745
819.467
13365.1
43635.8
41346.6
4593.82
1610.59
6338.01
2080.41
2119.8
57516.6
2270.19
26043.1
855.12
32883.1
14591.4
13587.5
24598.4
5371.95
18635.9
6828.21
6672.6
11739
5797.76
21618.3
5257.82
37576.9
2415.78
7765.58
16095.7
3205.34
4189.41
4682.22
11562.2
14633.2
4614.89
9483.74
5900.7
31823.2
345.934
3101.21
2682.79
3979.27
2860.23
2006.33
41730.4
6598.33
30114.4
14471.7
38120.6
442.874
6679.16
16673.9
2929.66
8851.86
7648.87
43246.4
13470.8
1641.06
14229.2
4874.79
556.053
17076.4
1601.28
4312.53
12779
9239.04
18525.1
15493.6
16693.5
55501.6
1704.3
397.341
2672.91
3774.37
29175
8048.93
3129.4
1368.76
11317.7
23596.9
7369.15
40658.4
4990.59
51083
16788.2
7484.74
85.1227
8503.37
3640.21
345.151
4514.19
12842.1
17773.8
1033.24
9284.84
25555.2
6739.72
36067.8
2575.3
29629.2
5517.33
785.888
3268.86
82234.3
3716.45
14641.3
21874.9
36429.7
7148.59
21105.9
2950.43
7059.74
19671.8
3841.37
11625.5
17894.3
7637.58
7905.82
17827.4
5245.55
11076.4
14848.1
83626.1
9380.15
336.892
13913.2
1234.01
7230.32
2527.81
2994.18
1240.35
13685.4
21966.6
13915.2
865.974
7151.51
1211.67
13829.9
18879.4
7805.33
10934
605.371
3667.59
10209.1
2693.93
28899.9
20800.5
8320.72
48514.9
9201.41
6927.52
3344.48
5702.02
1920.56
15226.6
15158.8
2743.63
12345.4
20323.3
18686.5
20504.2
45280.6
51217
4818.19
7262.62
25354.3
4442.05
32088.3
18717.1
3802.46
22468.1
5714.04
48496.6
22854
4396.59
4373.07
7527.29
13051.9
56479.2
32262.1
16398.6
13191
9011.97
14911.7
10972.1
21380
17128.8
4958.4
24253.6
20906.4
5199.55
60565
25787.1
7458.35
24200.4
17703.2
3806.56
12030
3928.86
7394.35
206.832
5370.74
15644.1
190.082
3760.65
25325.9
2967.58
11645.8
52599.2
9439.1
4426.33
37364.4
4688.91
83659.1
51264.4
13149.8
6259
28226.9
7641.24
2494.33
10213.9
17303
15616.1
6469.05
32979
10423.9
1009.34
20453.4
2593.87
8024.97
34606.9
3681.99
1392.96
7830.69
617.341
12358
1544.01
1057.33
8757.28
25158.5
10382
45407.1
1930.31
5246.49
1397.94
4377.11
2241.22
224.189
1463.31
8394.99
31537.1
16222.2
22512.1
2499.01
2802.26
5667.41
41702.7
3003.19
1003.1
36829.7
9309.78
5505.8
21983
30204.4
4043.79
3431.07
3305.43
81054.4
7309.53
48675.8
48953.4
19225
3455.91
70857.4
4627.7
22127.8
35749.3
16544.4
8169.09
11425
3853.16
1208.17
23486.6
3948.54
17708
1864.72
16771.7
4806.5
11015.7
28906.9
23243.7
9918.47
19995.4
4732.46
14470
14062.2
46014.8
20155.9
563.333
17337.8
45429.1
5364.32
9593.23
503.104
2079.95
14906.2
252.269
24300.2
14618.1
13591.1
4308.27
4446.79
25372.6
21689.4
55545.1
17110.1
2710.98
11539
42603.9
6839.45
33991.5
5457.57
2909.86
15408.5
12096.6
3251.03
5616.62
4319.5
6381.77
14946
4588.59
6868.38
4826.43
4433.05
38741.4
3674.78
8401.37
23905.6
20185.3
24515.3
11830.7
4833.63
5730.9
16911.7
8621.04
3340.09
12883.3
23469.2
29511.3
3948.36
2489.48
12681.9
36368.1
18080.8
99134.1
22147.9
15816.2
5651.21
177.09
5143.95
442.888
36279.6
20947.3
18726.1
2239.35
2015.4
4399.87
6406.77
47570.7
6637.09
1873.87
3289.92
5369.8
2690.26
14073.4
2833.7
34760.7
27055.5
18375.5
15376
2098.79
6047.05
516.829
12990.8
5254.77
22328.1
275.719
10207.5
4697.54
6267.55
5050.61
30829.3
3225.42
1660.03
11050.5
9074.36
11883.9
844.594
33386.2
34802.7
7450.86
31824.6
31164.6
3962.51
14412.9
1632.44
29816.7
230.352
18218.5
5442.22
11825.4
35457.5
16052.8
6225.28
114.271
6309.4
2821.3
68862.6
20654.4
41118.7
104464
3028.78
4023.35
4911.3
6996.5
24413.1
8191.24
4415.58
320.722
6305.46
2857.37
13260.5
3154.67
8734.39
53735.5
32448.2
19365.5
3835.92
2856.47
14202.1
22692.5
5861.63
3892.71
1197.46
2853.17
3347.03
16140.8
32392.1
15629.1
2930.07
44154.8
9673.09
2226.91
12406.2
260.018
20554.3
14849.7
18033.5
28252.8
21017.4
4859.83
171.747
9034.13
53311.7
34065
27034.5
15498.1
39768.7
13155.3
1345.41
1630.88
894.854
4445.63
17297.2
28948.7
33187.9
6910.54
12048.2
103576
3727.24
2215.82
26300
29643.1
7296.26
19454
4571.23
1338.18
16750.1
975.742
17361.9
30304.7
20701.3
23797.2
13991.8
13769.4
27822.7
7047.45
30786.5
990.629
5610.31
29983.2
8157.99
25101
20635.5
8341.98
3949.79
15429.8
2081.59
20462.9
1981.8
6400.68
13975.2
4224.02
30713.7
3005.83
25532.6
10256.6
15958.7
4871.32
2644.72
9817.23
18746.4
24218.6
22433.1
343.425
11899.7
4370.32
9773.78
16092
18022
19675.3
3277.9
319.734
18279.7
1465.88
10267.2
10269.7
6257.45
8862.24
18003.4
28585.2
33437
12686.4
10042.3
19897.5
13601.5
8944.98
11101.7
21774
41169
6772.62
96.2041
11459.5
7785.26
3587.14
24245.6
10694.3
1707
5064.75
20006.3
197.788
12580.4
20077.6
12735.9
18637
8038.21
37424.9
16682.1
21067.6
7271.29
3798.46
22469
569.615
1573.6
37313.5
6858.45
2032.4
1298
1867.88
8833.14
24794.6
7337.46
2153.98
7078.88
18960.7
2183.82
14154.2
9917.03
19690.4
3698.55
25296.1
16313.1
4642.3
1181.9
6339.17
5354.53
416.215
9939.68
5398.94
5828.41
5516.16
38443.5
21468.7
14579.7
33881.4
10720.9
110.035
19299.1
31513
23498.8
4177.35
8448.61
988.763
7760.74
8318.14
7238.06
21156.1
4094.85
11793.1
352.626
15486.9
19645.8
3153.29
7415.52
400.588
7536.86
11987.1
7197.06
3157.95
12590.5
19346.5
15690.2
2817.66
450.543
26021.7
2586.86
3327.04
2602.89
363.161
14242.5
15782.9
16323.7
10894.9
8350.77
36617.9
41203.3
21327.8
22556.3
14837.7
8011
29612.9
1679.06
472.894
1525.76
13356.7
2219.51
10030.7
765.746
20690.1
267.316
1335.44
49067.6
12215.7
27499.7
5076.04
31237.6
25034.7
3485.66
4797.36
2566.23
3929
7790.87
5130.6
1373.51
5176.09
674.607
4663.07
2789.82
13794.6
18135.6
131.603
3832.97
1149.83
4927.41
18680.7
13265
15225.8
2199.22
9418.5
257.277
68.387
12725.4
7809.2
3500.6
2079.77
2388.47
24607.7
8091.29
5287.56
1627.64
11926
915.852
28523.9
4149.21
4862.12
2865.04
23008.4
1597.89
20661.5
7522.83
1956.81
13294.6
48203.6
15827
5724.25
17705.9
17167
30210.9
32302.3
11292.4
30231.4
5897.95
7258.96
17776
4737.76
12218.9
2408.32
17066.2
969.251
75626.5
16245.2
17954
384.443
11656.1
7215.65
6193.14
9181.7
1785.21
8903.61
3644.74
5446.94
7029.52
12118.9
34262
23750.5
1322.07
15088.1
26060
1738.37
1382.11
10137.3
5633.77
15136.7
4309.54
8409.02
24392
2655.33
6013.12
9052.87
16676.1
13082.3
143.177
11619.4
7368.74
39314.6
10896.7
10081.2
7306.32
31079.8
40957.1
39003.9
10194.6
8677.46
7629.59
53727.5
36813.6
11258.6
8581.63
1937.93
14944.7
36093.1
1228.05
1577.45
15932.6
41746.3
30872.5
43430.5
41035.7
9402.36
20393.9
18933
17403.1
4665.77
1681
1415.9
16179.6
1163.25
21985
12975.1
21176.1
9967.81
6596.93
5654.12
655.29
7916.17
6362.92
42429.8
26654.2
1053.2
5115.56
29285.5
9570.44
1879.08
10452.3
4187.87
22143.5
4570.48
968.698
22796.2
4976.8
1843.88
1922.1
7366.45
23458.2
6624.03
5307.48
19995.5
32301.4
12305.4
34457.8
22638
20731.3
24399.1
848.253
2827.44
6219.6
4688.41
44363
5209.41
22877.7
11577.3
13208.1
3165.76
52201.3
17209
2325.63
12815.9
762.234
64838.9
4768.23
7171.01
22725.9
11781.9
10881.4
16090.7
1951.4
7411.91
32163.7
32530.4
25981.5
18387.5
2394.7
26006
14123.7
11100.7
16835.4
48809.7
5428.07
11717.5
6961.09
6081.05
6827.29
35406.2
12711.2
1521.94
28951
2410.22
3643.75
24604.8
6749.58
17462.7
41557.7
2021.32
38048.4
4826.46
13649.9
2795.99
11904.8
816.322
7606.11
3029.51
49739.5
69103.3
3396.77
4120.97
49280.5
8756.29
1580.34
37408.4
897.163
20306.7
11154.5
7598.2
20545.3
3444.99
25949.5
4757.71
2092.21
4515.3
2463.77
5472.72
4744.26
33342.9
22405
7133.55
344.648
9891.73
7971.9
1889.87
4688
10119.8
7666.25
4171.14
4844.85
51364.9
10957.8
6113.18
2008.59
12476.8
24476.2
29303
7510.79
3205.98
5060.62
23469.7
1070.13
8618.17
660.505
8469.98
10805.8
9881.43
1895.48
16799
18957.8
326.571
11027.9
19073.5
2144.26
343.567
36691.4
3032.91
5045.54
6111.1
5627.55
3124.99
17618.2
5042.82
5844.1
54986.2
62750.2
14649.1
6062.69
23132.8
3189.47
8193.26
52097
22072.2
15649.8
23754.8
19151.4
17102.7
24708.3
44306.3
1809.2
22347.7
9799.45
14218.3
17513.4
4568.74
9777.47
24275.3
48568.2
21050.7
18352.9
38005.5
5693.53
15420.2
28702.7
11215
9561.22
7305.77
23851.8
13514.7
2873.47
1773.64
1842.18
24872.5
320.965
5059.68
23271.7
33956
2466.78
20522.2
18358.6
63155.1
530.128
4209.38
4516.83
3975.04
1724.39
25629.4
3179.21
2264.59
5672.65
40326.9
34200.6
24836.8
4347.23
3933.96
5694.72
5727.75
11440.9
33441
4225.46
35370.5
43793.5
4339
25252.7
22142.6
1050.46
7023.57
35877.9
14361.7
26488.7
19899.5
50993.4
13311.4
61839
28348.7
44400.9
26626.6
15952.9
10684.1
24579.5
4091.36
4936.39
4108.67
370.082
11360.8
25346.4
8974.23
54421.7
1908.14
12181.2
32401.7
11760.6
20101.6
8774.76
34115.6
10342.6
11678.7
27451.4
13175.5
9247.16
3088.48
7155.39
6063.21
19630.2
9609.8
5437.74
5487.1
7054.85
1666.08
10524.6
7075.79
25247.9
33143.5
14851.4
3423.66
21683.2
6088.3
28096.9
35982.7
7526.15
19518.7
49540.5
2015.03
1519.07
803.587
20588.2
76270.8
32975.4
11975.5
4720.44
15993.1
21014.5
60837.6
147.295
4723.16
13209.3
8304.8
212.755
36028.4
1584.46
6445.24
99613.3
3678.55
6121.93
5813.07
1039.21
8494.35
10338.2
22725.6
34630.6
7368.2
4948.2
21449.2
560.244
17954.4
49490.6
197.739
6795.39
17307.5
10164.6
6305.54
14223.2
8364.02
17024.2
17862.8
4468.67
7640.47
57167.3
4161.96
4536.02
20307.3
14611.1
3317.51
26361.5
2462.49
4768.18
7015.19
4614.83
16694.2
14660.9
18348.8
9498.87
11312
8804.47
2936.58
3538.3
73108.2
351.463
79560.9
8150.61
18988.4
1318.51
46623.8
11388.2
17959.8
18417.9
6056.82
6940.4
10521.8
302.279
9584.44
127.428
14518.3
164.783
10626
15365.6
827.786
392.904
36873.8
4264.86
6070.73
67440.9
13936.3
5567.99
2470.08
26123.6
7734.64
6014.57
17963.9
1979.48
2051.26
2295.78
12866
26193
20445.6
223.736
12435.4
622.044
6876.8
11307.2
27893.5
4907.97
3278.4
9002.35
28165.5
17009.9
33843.8
7668.8
10888.3
3956.14
3107.52
24647
35952.8
32742
15819.6
4904.16
12057.9
25635.7
39743.9
22761.2
43536.7
2568.89
369.92
1938.86
10559.5
7121.98
4571.61
13354
8017.27
8466.85
9418.82
10938.7
16340.7
10850
23213.1
14434.4
20048.1
40239.1
7002.71
12685.3
21408.8
10786.1
16457.5
24687.5
12733.4
6017.28
30223.6
1833.84
353.853
17213.5
11608.3
50518.6
11647.4
8134.54
12995.6
6245.03
4795.2
18877.1
2992.3
16637.5
5259.21
14894
318.492
5338.55
5637.06
20118.8
24705.8
2578.51
11274.1
21848.2
4451.41
2307.17
3181
33152.5
7110.8
7369.4
13878.9
9085.44
22102.6
3186.65
35700.9
4910.36
2160.8
7816.16
631.342
2737.84
2923.06
6342.68
20716.4
3290.86
8138.86
3650.97
189.094
20100.9
13376.1
17488.6
6748.7
5600.19
5432.24
4019.43
63948.5
10374.1
4765.25
426.231
48230.7
405.392
32922.8
8568.63
25839.8
23355.8
5666.64
4805.53
51934.7
15843.3
32594.7
2014.69
8169.5
26830.9
5076.23
3645.45
29851.5
32985.8
70391
21771.1
20959.6
7259.82
17672.7
6851.74
58930.7
22164.5
3447.66
394.218
36369.3
3860.97
17785.1
6436.47
9641.57
18864.9
10857.7
3222.72
1850.84
1199.75
8237.64
2661.22
3379.75
34858
3804.68
10666.1
8988.54
3112.8
23349.1
9959.81
1373.36
14782.1
6092.03
7912.64
7045.16
19410.6
10643.9
2010.12
34227
14735.1
38432
3959.16
15567.8
6222.87
35479.2
39494.5
21181.6
6479.41
1315.34
27211.7
18452.1
3430.49
31269.5
71402.1
7393.81
11029.8
10702.3
25524
1899.56
42557.2
9926.98
2592.74
5217.04
9681.71
14237
2331.67
4317.52
24614.2
4166.1
22613.5
27729.1
6633.4
1606.16
4874.03
4640.24
39074.1
5345.86
4490.6
32578.8
11795.5
2092.71
31990.6
10786.6
24530.1
10977.2
9113.18
7943.86
17019.6
12819.8
42760.3
10794.7
9583.38
4370.66
15277.9
34799
54430
58967.8
798.912
1220.36
44816.8
14771.2
20114.7
51101.2
17182.8
38938.4
9258.96
283.73
5729.85
1791.97
35318.3
1020.83
10776.1
2290.04
19404.9
33838
15996.2
2188.01
4488.12
1618.93
1221.1
33980
32458.8
1531.83
25864.7
458.002
8880.49
4565.8
20919.9
27753.2
8840.36
15527.2
3224.51
74214.1
52950.5
8077.75
2350.81
1720.5
23761.4
17040.8
7951.95
14310.3
2689.56
18725.7
1145.46
5769.55
4939.11
2757.25
42069.5
19687.5
8581.43
3352.77
6000.36
1038.44
6236.97
17020.2
14046
28184.3
14301.4
18432.7
17489.3
44911.5
32573.1
20958.6
70803.3
61014.1
22573.4
613.878
12915.5
1463.85
33409.7
58314.2
4074.23
37594.9
14970.6
17823.2
10743.6
43848.6
6016.6
8086.1
14077.3
18814.7
14794.8
595.268
43120.4
1542.09
19554.6
20656.5
3447.37
3115.92
11958.1
3252.37
45047.6
1715.24
16633.5
609.93
15749.1
27515.1
11908.1
2066.57
1224.8
430.046
14146.6
767.561
1237.1
7320.58
22201.3
38705.1
9984.67
16952.7
1577.55
1679.32
11824.1
29945.3
19751.8
11327.5
17968.3
13629.9
11254.5
2981.21
2867.55
10580.8
8500.63
45279.3
19695.3
384.888
913.442
8805.29
12045.1
2406.04
929.275
493.888
15327.3
8552.19
23509.7
13271.7
37931
14619.6
375.408
5510.04
12682.5
2638.72
12192.2
1539.15
30240.8
6514.05
41178.1
19072.9
8119.79
2794.31
16042
6918.35
9188.94
6710.97
5679.33
26806.8
16431.9
2678.56
83932.1
30221.1
23379.2
15296.5
935.702
6991.16
9619.4
31879.1
1042.56
8223.08
8412.46
6925.72
3717.8
15508.4
20454.6
16297
7258.18
28222.8
8877.65
9304.34
22013.3
7297.96
17047.2
4439.96
17445.7
13135.8
12366.9
1287.69
5431.8
8783.36
15490.2
15359.8
3394.91
12471.8
5415.98
6660.8
13020.1
12938
9898.72
1215.09
24409.5
11580.3
27246.3
21120.9
341.414
1215.59
4537.51
2610.42
1746.09
3444.31
10624.4
15716.9
3601.58
23485.9
1934.32
24943.5
36820.1
32475.5
7084.93
1975.17
14331.5
2503.48
21046.7
53220.8
19388.2
6041.26
14376.4
11949.9
37240.9
1952.51
17893.4
23807.9
26880.2
24969.1
49345.2
812.109
5881.87
10355.9
13238.2
7926.23
31009.2
8589.25
10035.5
9101.51
6400.13
1983.8
9791.32
419.75
3501.9
30369.5
22008.4
1570.81
51561
2031.81
15981.5
3751.07
24441.3
3586.13
7849.43
6971.22
2817.62
11201
4671.2
11163.3
8660.83
16568.2
2922.85
7999.23
8789.61
3962.41
7648.57
15753
7653.87
4101.48
5534.06
51146.6
492.718
1717.28
36785.9
981.323
9705.63
12292.2
26502.9
4938.53
6479.8
24849.4
10105.4
1068.24
22312.8
8153.48
14633.2
1819.69
17575.6
3466.93
1415.34
16302.4
4058.7
90.8038
7510.15
27687.3
5224.81
10296.2
41656
4022.15
969.849
35622.7
35090.1
5013.94
17948.8
14083.7
31586.8
13624
49846.2
35142.3
18382.4
16491.9
7815.86
6627.77
14313.9
14437.7
10342.2
33033.6
8806.76
3871.63
33306.1
23764.7
60510.5
62763.5
30142.9
24344.4
22872.3
29802.2
308.155
14181
4630.68
711.963
19539
11117.9
10460.5
411.302
483.166
2487.62
29563.6
37293.7
907.892
23430.2
9696.46
59610.6
5335.98
21867.7
828.498
3419.66
1034.31
17485.9
9071.49
12568.7
18453
30324.4
30095.8
267.701
18271.3
14986.4
1893.51
36158.4
32663.4
1452.14
8463.72
2209.43
1561.19
9637.39
865.386
4472.54
18934.9
10305.1
6610.8
17681.3
31361
12443.5
2720.84
6023.65
14787.4
14546.6
10837.4
7790.66
39417.6
4314.24
20893.5
19507.8
9272.66
23420.6
1401.49
14331.7
4126.61
31044.9
19643.4
4344.78
23434.1
5209.13
10367.5
34926
172.825
5303.77
45971.1
6588.88
17578.9
3566.71
5312.26
15063.7
19089.5
8603.35
3760.09
8849.84
16658.1
2405.58
18606.4
272.571
11710.1
2813.73
17600.6
47389
5528.75
17198.2
825.599
5673.03
16605.8
33882.8
3658.6
5275.38
16482.5
6993.59
10707.2
6690.09
33284.1
9481.59
4464.82
11832.3
6298.24
4171.39
32541.5
1254.61
35755.9
70569.5
11957
7027.77
24071.2
1790.95
914.698
35366.3
1447.62
10303.5
24913.2
28776.4
20450.9
19647.2
8105.81
5847.49
2274.24
21129.3
6176.77
7625.31
4358.66
1574.82
9169.1
674.959
393.777
50034.3
57269.5
1227.61
13566.8
2621.24
1650.97
21676.2
9607.45
18213.9
4895.71
30287.2
10015.7
2631.12
23015.9
1557.73
20631.6
23286.3
2146.3
23873.6
6614.29
247.782
3703.85
28582.9
1693.29
4430.67
7288.84
13172
25489.6
18613.9
966.36
7338.3
3385.69
15262
6373.77
907.729
57037.5
4037.41
24820.2
6075.05
353.016
16809
3736.25
2543.29
5821.94
1143.92
38276.4
8109.73
41500.2
31627.8
11908.2
9503.82
25076.5
528.34
8689.46
11197
38976.8
11507.6
17461.2
66928.8
4330.71
12760.9
1195.17
14223.7
4325.95
37301
13332.9
2901.73
30830
8820.76
8340.49
5204.98
13028.6
39872.3
1852.02
13368
14096.5
3432.94
5695.25
10739.7
12483.1
17119.4
18409.8
18782.2
22415.2
61187.9
4970.25
27877.2
10505.4
7330.88
22143.4
26989
1054.74
2593.25
2508.66
3436.11
5509.76
8832.11
709.218
15057.9
25758.6
13856.1
19521.6
6339.15
21611.8
30238.4
2444.53
13507
3516.26
5456.16
48583.6
1675.73
11782.1
9991.17
2571.49
2792.52
1404.03
58288
11079.9
22125.5
10577.3
2911.32
14593.1
9868.68
6943.61
20990.9
5354.19
8858.93
27465
23174.8
1600.99
13291.2
20802.8
1941.53
21646
2367.91
10326.9
22287.3
2307.62
13449.1
13893.4
932.207
8669.96
6304.96
6275.62
5855.95
4515.85
38391
8253.31
558.569
3114.38
6279.25
13813.7
555.174
11872.5
4849.45
5369.36
9073.55
14272
29629.7
92.3196
35753.9
26215.8
1686.47
12232.8
688.809
15829.2
2264.31
1686.05
16436.1
7969.55
3258.91
7134.36
19076.2
3811.29
163.43
19340.9
2880.32
4729.72
3773.5
138.996
1290.29
915.269
4972.91
1077.24
22481.5
8445.48
9938.72
6864.4
10494.9
23218
2022.44
13032.3
6536.36
774.256
21804.7
7116.39
5756.35
40335.9
8627.2
25051.7
31666
13120.1
11997.6
9595.58
3459.92
1334.18
13853.8
1021
4766.22
33713.1
28031
283.913
39449
6795.72
15370.8
29980.8
8209.22
5393.03
28339.1
13527.1
24276.3
16022.9
4845.46
8681.68
4502.49
18257.4
6234.5
5236.64
21226.7
6199.63
17466.8
1628.31
13128.5
7020.58
6809
12873.7
10272.3
95.9267
2664.63
2233.06
4145.51
4544.34
17714.2
54768.5
8725.22
61113.7
2762.44
1295.63
20946
17095.6
6422.95
26846
14559.5
577.124
6129.92
4694.8
19506
29583.9
8025.77
6591.23
14681.3
49251
28977.8
1812.56
12903.1
34286.6
9684.81
9872.33
9176.25
4062.63
847.38
4228.13
14379.5
4512.86
23736.8
24376.5
6426
2481.62
7169.25
7566.53
1077.63
15734.4
13554.2
63586.3
17474
17049.1
354.453
692.23
3101.73
28486.5
14876.2
4864.06
6065.53
24237.5
7429.41
20253.7
1753.69
6921.06
12304.4
6470.13
9122.5
10095.5
36327.1
7190.29
8081.3
3198.28
2526.29
10283.5
10672.6
11980.7
4634.23
14978.7
28061.3
53866.2
9312.12
13155.8
7690.23
19316
468.07
2286.66
2310.09
22748.3
54275.9
44287.1
15768.8
7449.7
33563.9
9819.68
7217.01
779.24
2169.95
23038.3
8956.79
11000.3
95127.1
10790.9
32780.2
33792
6493.7
26414.1
12578
41755.4
14684.6
1897.39
17886.7
65595.4
5457.77
7192.27
14531.5
10359.8
30469
4554.57
20069.1
8375.69
24636.3
24819.9
6788.32
947.066
8619.95
9670.81
1842.05
1476.81
5536.69
13082
16836.3
8762.58
7532.82
55.794
3000.02
45605.7
2959.97
2090.93
14680.2
1236.08
1227.94
36552.3
8791.12
29962.8
1775.25
2149.61
20080.2
13289.9
45960.7
30108.2
2118.06
4995.15
16878.1
3175.5
4004.83
1505.57
49686.8
4880.09
2858
16289.7
24696.5
2018.6
11152.9
4603.52
14840.1
11283.6
11268.4
13491.7
13332.2
8170.36
1016.53
350.849
10423.1
6423.23
13322.4
510.962
6709.98
898.326
11147.2
7536.75
12135.7
5230.64
64663.6
43047.2
2157.95
1846.77
9823.83
36162.7
10193.4
2360.28
11818.6
3248.74
1851.27
28601.3
16798.8
20630.6
19108.8
1665.92
46509.5
14299.6
29958.6
27378.8
9306.85
9458.13
21215.9
26200.5
1623.34
25440.3
13325.9
61223.4
10475
25173.8
15715.3
4220.65
30017.8
14698.6
5066.91
31904.4
18323.5
26278.8
20673.9
16072.6
2513.15
2665.31
9919.74
27816.1
6061.23
23636.8
3791.88
18189.1
7017.79
27270.7
3763.48
11024.7
772.754
12567.8
26480.6
601.316
2650.15
1854.55
23894.7
11512.3
3437.04
4956.64
4450.68
17199.2
633.097
24264.6
18842.6
26513
5252.94
11017
16577.1
12317.2
10660.9
11447.5
18205.1
17378.3
13352.7
31585.3
31360.3
40932
9339.14
4386.16
2574.14
5541.42
160.241
2535.65
5820.55
2914.73
1637.77
9017.21
16707.8
17465.6
30978
39172.8
17516.1
7105.17
5976.8
1056.69
21085.4
5410.24
35638.3
20691.3
3731.4
4167.06
10794.8
1130.53
23972.1
6015.72
48158.5
30339.2
2069.44
20497.6
13202.9
2570.92
557.364
12807.5
559.911
3260.7
4251.31
16797.6
21900
1987.2
14441.3
7093.9
13947.5
14394
23096.7
9383.97
14394.8
1280.5
9764.49
9895.62
3089.43
3742.36
3792.62
1502.69
6985.7
3357.41
28931.4
5294.44
13686.1
5376.27
19223.5
122.823
22666.4
13370.3
5492.25
4540.17
898.068
8383.1
6474.18
11413.1
2135.93
8106.47
12156.8
16872.8
2709.09
12252.1
18883.9
21240.2
4622.89
2473.96
14595.8
21641.2
4720.34
8071.05
8202.08
18591.2
28711.7
2408
5752.58
9389.37
9161.75
13691
11776.7
3051.48
22246.4
476.248
38530.8
13422.4
1893.28
2528.96
2716.6
14201.3
5089.01
1795.48
2380.82
9804.33
5733.01
5466.23
7304.36
11386.4
1876.49
5132.91
6929.47
5106.9
3528.57
2286.31
946.849
14909.8
5693.02
14703.7
9269.54
1986.29
21851.1
522.882
2815.24
3778.11
4270.37
7217.55
57908.1
1079.85
4927.9
4759.57
55289.7
3861.64
3648.4
13768.7
26796.5
4836.68
8815.55
8638.55
25051
2642.33
10850.7
47066.9
5575.27
28278.4
5175.52
11037.7
406.075
222.14
34295.6
1236.03
11661
13562.1
5174.29
19724.1
16415.8
20341.7
24192.7
29545.9
14126.9
14909.7
7765.64
62910.9
30582.7
6345.83
10328.5
23618.4
41436.8
61377.2
1423
21512
4297.33
16936.5
42914.8
2351.82
148.346
3345.01
2522.34
7817.82
13885.4
5653.06
22323.5
6124.35
6291.38
9131.86
3003.87
3498.53
6355.14
151.297
6233.78
693.785
12539.5
8527.5
16200
6006.31
6568.57
715.757
3547.71
6458.12
11631.5
23070.2
6463.44
18299.2
9769.39
3901.06
3602.85
10396.2
15273
9191.19
16796.4
29375
5960.8
3589.62
29536.3
23341.9
8664.3
2665.88
3685.37
10239.1
2756.23
26861
29496.7
6625.71
37573.4
22587.2
4738.32
35818.9
7498.74
665.058
39237.1
23612
50790.3
37611.3
4587
8145.38
8078.2
2241.84
8306.19
8162.15
10159.9
24685.9
36363.5
15136.8
5276.15